test,test,GMynksvCcUI,00008,0,test,GSf6nijSSdA,00004,4.890266841201079,2.752
test,test,NA7krbsdXFA,00002,0,test,JSSc7hYKstI,00019,0.2301501597989013,2.24
test,test,x95nwilkaio,00002,0,test,E22icGCvGXk,00001,2.6587984664463598,3.776
test,test,VxESitIllxE,00002,0,test,OzA6jRYjVQs,00008,3.2805121948522586,2.176
test,test,ni4FV5zL6lM,00001,0,test,S2Dj9M71JAc,00003,5.525461953067589,2.048
test,test,psN1DORYYV0,00020,0,test,vhVWzkbAW4I,00005,-6.3856448758205575,2.752
test,test,iqEHuBST2qQ,00001,0,test,V4sSabKqyMU,00001,-2.4292775120052834,2.048
test,test,5P04stEjJ9E,00004,0,test,FcmSmAwPkxg,00005,-1.7388764561974757,2.176
test,test,V4sSabKqyMU,00002,0,test,F3OhcpKSUBc,00006,7.265597813627291,3.52
test,test,1PNX6MSdVsk,00009,0,test,7gkdzkVbuVA,00004,-0.5173793295325542,2.048
test,test,UAj1hsXp18c,00001,0,test,27lMmdmySb8,00002,1.3836950451649912,2.176
test,test,FxtSMZKMdes,00009,0,test,RlQ3CSVanaU,00001,-4.968292523367445,2.176
test,test,ZJNESMhIxQ0,00037,0,test,2UStOghblfE,00005,5.86781753185571,2.304
test,test,J8FyHI00ELY,00009,0,test,NL0uxDscjdo,00005,-2.968296477809873,2.368
test,test,VAJS5J21Rd0,00005,0,test,8vNIrPeRGlM,00003,-3.624933237322347,2.048
test,test,YzGjO5aHShQ,00012,0,test,OIlSXRCSBSI,00006,-0.9749903922172507,2.304
test,test,rP7nmdDA1Fg,00006,0,test,ZnCSUBmeRxw,00010,-1.376234263424184,3.968
test,test,xTkKSJSqUSI,00009,0,test,4ErEBkjS3PY,00001,4.298858414325647,2.496
test,test,UAj1hsXp18c,00025,0,test,UZmXwOgNq7c,00001,4.614700524207006,2.176
test,test,mgcjr1yz7ow,00006,0,test,cHRZ6OrSvvI,00002,-3.982671699673059,3.008
test,test,uJr4wGcLNsA,00009,0,test,TGZMSmcuiXM,00001,-7.528747897189527,2.112
test,test,xTkKSJSqUSI,00015,0,test,wzkFoetpSSM,00005,-7.667730451013835,3.008
test,test,RplnSVTzvnU,00002,0,test,48xS00Iy0ac,00002,-2.921903343703116,2.176
test,test,FxtSMZKMdes,00004,0,test,aoGJP02CtPA,00002,4.576950108242082,2.56
test,test,Li4S1yyrsTI,00011,0,test,Ip2SQa50uBI,00001,7.585195796968314,2.176
test,test,w1R4F9sSoow,00005,0,test,x95nwilkaio,00005,-9.715784830027482,2.56
test,test,JSSc7hYKstI,00015,0,test,6wNif5SlN08,00010,7.501941772716666,3.136
test,test,xTkKSJSqUSI,00009,0,test,OYfoGTIG7pY,00001,-9.861595064130373,3.84
test,test,3OgsRa7VDtI,00001,0,test,JSSc7hYKstI,00016,0.2561012392603992,2.944
test,test,8VwTZFYSfvw,00001,0,test,8Z24LCysq3A,00001,1.956019009076508,2.496
test,test,YyXRYgjQXX0,00008,0,test,0Fi83BHQsMA,00005,-6.445072663054643,2.944
test,test,bS6SiVz1R0o,00004,0,test,UAj1hsXp18c,00022,-5.2910853194409775,2.432
test,test,hiIcwt88o94,00020,0,test,mSHBma0Ithk,00006,8.883403805425946,2.048
test,test,O6Vayv9FCLM,00001,0,test,UAj1hsXp18c,00001,-3.2463294437984764,2.176
test,test,wG4RnDNWtJo,00001,0,test,xTkKSJSqUSI,00009,-2.70999889788375,2.752
test,test,psN1DORYYV0,00002,0,test,TUgBdSyK7S4,00001,6.809917887449718,2.688
test,test,TRajLqEaWhQ,00002,0,test,PSlBlZ3hqKc,00007,8.76234075943725,2.816
test,test,27lMmdmySb8,00008,0,test,RaSlxoAUP5c,00004,-0.3359937707284839,2.176
test,test,1bnzVjOJ6NM,00022,0,test,OYfoGTIG7pY,00001,7.857859402063415,2.368
test,test,9RMx31GnNXY,00003,0,test,BQZKs75RMqM,00001,6.635880201947174,3.008
test,test,SSzRfSJTNW4,00007,0,test,x95nwilkaio,00003,2.77800625435016,2.752
test,test,lmyZMtPVodo,00001,0,test,8vNIrPeRGlM,00011,-5.422844116210568,3.2
test,test,n3kNlFMXslo,00002,0,test,TRajLqEaWhQ,00002,-3.4051705008762028,2.816
test,test,ZJNESMhIxQ0,00004,0,test,RiM5aSvaNkg,00001,-1.538683670576992,2.624
test,test,8vNIrPeRGlM,00010,0,test,Jm2dWbNsnZI,00002,-6.693591652600784,2.688
test,test,psN1DORYYV0,00008,0,test,Us70DN2XSfM,00005,-6.569659333601585,2.048
test,test,dYNc3P4jSt4,00004,0,test,l5vZHuAtDZA,00001,-8.644477762373894,2.496
test,test,nCg2NcGYu34,00004,0,test,27lMmdmySb8,00008,-5.955209102301861,2.496
test,test,2SlBiFZ85d0,00002,0,test,UmvOgW6iV2s,00004,-7.4036873631615086,2.176
test,test,FD6CqD1kV8s,00003,0,test,Sew0bn8mGAA,00009,-0.47458116577995213,2.176
test,test,GqnJFm1CS3c,00002,0,test,OYfoGTIG7pY,00004,-2.932912760090975,2.112
test,test,U6FvJ6jMGHU,00003,0,test,NL0uxDscjdo,00001,9.42693894957068,2.944
test,test,UMhLBPPtlrY,00004,0,test,Hj9oB4zpHww,00003,-0.002605126215307507,2.944
test,test,EV3OmxrowWE,00003,0,test,iPE2SiCCo0w,00018,4.868937551152781,2.496
test,test,Sa27SUR0Mlo,00013,0,test,kEKzl6fub2w,00001,-1.926189977260627,2.688
test,test,3uSQlcGCHUU,00014,0,test,GGScU5ESei4,00004,-8.29385112772486,2.112
test,test,8VwTZFYSfvw,00001,0,test,ZJNESMhIxQ0,00025,-6.491082768525159,2.496
test,test,RiM5aSvaNkg,00001,0,test,18uDutylDa4,00002,-1.0891492273014354,2.624
test,test,UAj1hsXp18c,00014,0,test,RiM5aSvaNkg,00002,6.395793100877832,3.392
test,test,UAj1hsXp18c,00011,0,test,JFQLvbVJVMg,00003,0.04149702545347367,2.56
test,test,ZJNESMhIxQ0,00002,0,test,bArH8r8jJ4g,00001,-3.7306965604950237,3.776
test,test,psN1DORYYV0,00012,0,test,HSercnrqeN4,00001,-8.67846815254765,2.24
test,test,3OgsRa7VDtI,00001,0,test,n3kNlFMXslo,00003,-8.942098589511627,2.944
test,test,U6FvJ6jMGHU,00003,0,test,vXPJVwwEmiM,00006,0.03854300287245849,2.048
test,test,npNYP2vzaPo,00001,0,test,PbgB2TaYhio,00003,2.5312520889115326,3.84
test,test,GMynksvCcUI,00008,0,test,rSSanSYZDT4,00001,-0.6384259352713713,3.2
test,test,YzGjO5aHShQ,00012,0,test,uqS6T6TAu74,00001,-2.71679397340165,2.88
test,test,V1yW5IsnSjo,00005,0,test,xTkKSJSqUSI,00039,5.009053720899082,2.368
test,test,V1yW5IsnSjo,00005,0,test,hiIcwt88o94,00020,-6.609787088326245,2.048
test,test,xTkKSJSqUSI,00023,0,test,18uDutylDa4,00002,-3.1046243212279574,2.752
test,test,w1R4F9sSoow,00005,0,test,KPNn880KWfU,00003,7.434434030862938,2.368
test,test,UAj1hsXp18c,00027,0,test,nCg2NcGYu34,00004,5.81663430771262,2.432
test,test,aoGJP02CtPA,00004,0,test,8UhqkX2VAmo,00001,-2.718903362650398,2.752
test,test,UAj1hsXp18c,00011,0,test,9RMx31GnNXY,00003,3.0616801327650016,2.56
test,test,GMynksvCcUI,00008,0,test,Mt0PiXLvYlU,00007,-2.914302633924059,3.2
test,test,xTkKSJSqUSI,00025,0,test,SSzRfSJTNW4,00001,-9.592354134982823,2.688
test,test,hxsnKwmW0dk,00002,0,test,fxbCHn6gE3U,00005,-8.1257211085706,5.12
test,test,UAj1hsXp18c,00014,0,test,JSSc7hYKstI,00008,7.954213204853588,3.392
test,test,95ovIJ3dsNk,00002,0,test,uqS6T6TAu74,00001,-6.317544604881875,3.2
test,test,GGScU5ESei4,00004,0,test,1bnzVjOJ6NM,00020,-7.047049946956571,2.56
test,test,hiIcwt88o94,00002,0,test,tiSiSM3pk5M,00002,2.884051773647762,2.368
test,test,qYUmI5kGsYk,00001,0,test,VSLurJfOSiA,00001,-1.704856432645931,4.992
test,test,F3OhcpKSUBc,00006,0,test,mgcjr1yz7ow,00008,2.6260230236035493,3.456
test,test,8nt3edWLgIg,00005,0,test,n3kNlFMXslo,00002,-4.475885771128995,2.816
test,test,LYCKzpXEW6E,00002,0,test,VSLurJfOSiA,00001,-1.1553029055476038,2.368
test,test,aoGJP02CtPA,00004,0,test,1bnzVjOJ6NM,00005,0.6590858104380093,3.008
test,test,ni4FV5zL6lM,00001,0,test,vhVWzkbAW4I,00011,8.068375730505494,2.048
test,test,TVtgb153S6I,00002,0,test,LEx6K4P4GJc,00004,3.859272274696526,2.432
test,test,81Ub0SMxZQo,00002,0,test,JSSc7hYKstI,00019,9.073854764877265,2.624
test,test,UMhLBPPtlrY,00004,0,test,Us70DN2XSfM,00005,-0.41452350739267985,2.048
test,test,FxtSMZKMdes,00005,0,test,YzGjO5aHShQ,00002,-4.4778882324429015,2.048
test,test,Bo8YN3oB0Cw,00002,0,test,JSSc7hYKstI,00019,6.743247485232203,2.496
test,test,uqS6T6TAu74,00001,0,test,hiIcwt88o94,00019,3.1575291163223707,2.304
test,test,ddxHlkIuHqg,00002,0,test,psN1DORYYV0,00016,-4.246772686656872,2.688
test,test,fxbCHn6gE3U,00007,0,test,VIgzTLDyObo,00002,-7.272689876051606,4.544
test,test,uJr4wGcLNsA,00005,0,test,81Ub0SMxZQo,00002,8.033078030811332,2.624
test,test,Us70DN2XSfM,00005,0,test,Sa27SUR0Mlo,00004,-1.9613251052882994,2.048
test,test,FcmSmAwPkxg,00007,0,test,psN1DORYYV0,00016,9.353251439309947,2.688
test,test,NA7krbsdXFA,00002,0,test,ZJNESMhIxQ0,00005,1.9101566111032682,2.24
test,test,uzKBGtf0i0M,00004,0,test,mc0vhSseGk4,00001,-8.980454237734413,3.264
test,test,gVfgkFaswn4,00003,0,test,ZnCSUBmeRxw,00010,-0.9595549199263935,5.888
test,test,HSercnrqeN4,00001,0,test,87AEeLpodnE,00010,-2.102023016967143,2.24
test,test,PbgB2TaYhio,00001,0,test,UAj1hsXp18c,00001,-4.508305968711248,2.176
test,test,nCg2NcGYu34,00004,0,test,UAj1hsXp18c,00020,2.5547181439471895,2.048
test,test,wlR1ojoiue0,00005,0,test,iPE2SiCCo0w,00007,-9.106449976911517,2.688
test,test,LjAsM1vAhW0,00001,0,test,HSercnrqeN4,00001,-7.7808537633451795,2.24
test,test,RplnSVTzvnU,00003,0,test,4AYE3w5TWHs,00005,-8.349170457633159,2.24
test,test,8VwTZFYSfvw,00001,0,test,j7fRIGphgtk,00005,7.762593806056053,2.368
test,test,1bnzVjOJ6NM,00020,0,test,BImnT7lcLDE,00006,7.387687611333451,2.048
test,test,tiSiSM3pk5M,00005,0,test,0gks6ceq4eQ,00015,-4.475359432739734,2.688
test,test,ZJNESMhIxQ0,00003,0,test,qWNae7vYK6s,00002,-5.858509910310914,3.072
test,test,jPf0LjZAS14,00001,0,test,uJr4wGcLNsA,00003,-6.922921898250647,2.24
test,test,uL5XUwfkxZw,00015,0,test,Sv5QitqbxJw,00003,-9.436723791569662,2.944
test,test,V1yW5IsnSjo,00003,0,test,bArH8r8jJ4g,00002,-6.477957487813115,5.696
test,test,ddxHlkIuHqg,00002,0,test,psN1DORYYV0,00012,7.963745213044042,2.496
test,test,xukDIWFMU9Y,00003,0,test,XESFPEFpHt4,00010,-4.837782803707944,2.112
test,test,87AEeLpodnE,00010,0,test,Li4S1yyrsTI,00015,5.4924793908448315,2.24
test,test,IjbTiRbeNpM,00005,0,test,rP7nmdDA1Fg,00006,0.2374728206329877,2.496
test,test,FxtSMZKMdes,00007,0,test,jbHpF7EySck,00002,-1.1427693472871283,2.88
test,test,7qT3RpaBlJo,00002,0,test,n3kNlFMXslo,00012,9.66407209720818,3.968
test,test,FxtSMZKMdes,00017,0,test,Ok6LbV6bqaE,00003,9.368599571777477,2.24
test,test,Hj9oB4zpHww,00003,0,test,xTkKSJSqUSI,00039,9.42374926835867,2.944
test,test,IS4IK8CiLg8,00002,0,test,NCJTV5KaJJc,00001,3.733938498397995,3.648
test,test,k2hQL9Zrokk,00002,0,test,eNAHVnkll5M,00002,-5.985551541794482,2.816
test,test,mgcjr1yz7ow,00015,0,test,vXPJVwwEmiM,00005,-5.089683454234654,2.88
test,test,uJr4wGcLNsA,00005,0,test,7ZymFMmpOa0,00007,8.063706512280895,2.048
test,test,FxtSMZKMdes,00007,0,test,Ip2SQa50uBI,00001,-1.9668790346823215,2.88
test,test,ni4FV5zL6lM,00003,0,test,KuWXfjyGhk0,00007,4.483327260768808,2.56
test,test,jbHpF7EySck,00002,0,test,ddxHlkIuHqg,00002,-6.710936526841429,3.648
test,test,aSavBsX60Ss,00003,0,test,Li4S1yyrsTI,00013,8.253016388534245,2.368
test,test,OzA6jRYjVQs,00008,0,test,0gks6ceq4eQ,00007,-4.292938184501924,2.432
test,test,FcmSmAwPkxg,00005,0,test,ClfBxWPkBKU,00001,-2.511264389090366,2.176
test,test,xkFTZcUPjBg,00001,0,test,kEKzl6fub2w,00001,-5.460193243705003,2.368
test,test,t2gbcVaZ448,00004,0,test,NYKcOFQCeno,00003,-0.43541278722275223,2.624
test,test,Mt0PiXLvYlU,00006,0,test,95ovIJ3dsNk,00002,-4.5290221737417475,2.496
test,test,JSSc7hYKstI,00005,0,test,qWNae7vYK6s,00001,-5.065771410997217,2.688
test,test,gVfgkFaswn4,00003,0,test,uL5XUwfkxZw,00008,-9.369545372405968,2.176
test,test,YyXRYgjQXX0,00008,0,test,FxtSMZKMdes,00007,-0.6097549824438495,2.88
test,test,tzJYY2p0QIc,00001,0,test,LujWrkYsl64,00002,-6.59746245389492,2.112
test,test,nCg2NcGYu34,00011,0,test,VxESitIllxE,00001,4.946561447451508,2.56
test,test,FxtSMZKMdes,00010,0,test,t7Xr3AsBEK4,00008,-7.041610569245449,2.432
test,test,1bnzVjOJ6NM,00005,0,test,UmvOgW6iV2s,00003,9.795213530306722,2.048
test,test,6wNif5SlN08,00010,0,test,xkFTZcUPjBg,00001,-5.527508646467303,2.368
test,test,JSSc7hYKstI,00006,0,test,YzGjO5aHShQ,00002,-5.259336358250644,5.632
test,test,ClfBxWPkBKU,00005,0,test,jcp5vvxtEaU,00012,2.3149204089090993,2.944
test,test,wzkFoetpSSM,00005,0,test,1PNX6MSdVsk,00009,2.784650817268048,3.456
test,test,8iSpNVj5KMw,00002,0,test,Ok6LbV6bqaE,00002,0.6192039111263874,2.688
test,test,n3kNlFMXslo,00013,0,test,hiIcwt88o94,00018,-4.138831910080192,2.24
test,test,81Ub0SMxZQo,00002,0,test,ZJNESMhIxQ0,00001,6.879760265999664,2.624
test,test,hiIcwt88o94,00006,0,test,ni4FV5zL6lM,00001,-7.650874266641983,2.048
test,test,RaSlxoAUP5c,00004,0,test,PSlBlZ3hqKc,00006,3.626124761809038,2.176
test,test,LIy2oVJtJsA,00006,0,test,mgcjr1yz7ow,00008,-4.754084499351436,2.112
test,test,c64M1tZyWPM,00004,0,test,V1yW5IsnSjo,00005,2.262263573387404,2.048
test,test,npNYP2vzaPo,00004,0,test,UmvOgW6iV2s,00004,-1.5537985608077953,3.328
test,test,S2Dj9M71JAc,00003,0,test,psN1DORYYV0,00016,-6.368656563918886,2.368
test,test,27lMmdmySb8,00001,0,test,Li4S1yyrsTI,00021,4.156373681641403,3.456
test,test,ClfBxWPkBKU,00008,0,test,5b5BDoddOLA,00004,-1.9672886514530763,2.368
test,test,w1R4F9sSoow,00005,0,test,fZ8eyWBQmfU,00001,5.980894390834932,2.56
test,test,qafSjNLjedo,00001,0,test,ClfBxWPkBKU,00011,-6.893178629307499,2.304
test,test,KxLMjn4WPBY,00002,0,test,FFG2rilqT2g,00005,-3.9142470432993592,2.752
test,test,1bnzVjOJ6NM,00006,0,test,ZJNESMhIxQ0,00001,9.806799300103751,2.624
test,test,PrK0CifulU0,00003,0,test,ZJNESMhIxQ0,00030,0.6709389053618615,3.328
test,test,ROgFmb3oTLo,00005,0,test,bArH8r8jJ4g,00004,-5.104286308858034,2.24
test,test,jPf0LjZAS14,00010,0,test,YzGjO5aHShQ,00002,-8.08173595727421,2.432
test,test,t7Xr3AsBEK4,00002,0,test,YyXRYgjQXX0,00008,-9.733811497318747,2.368
test,test,UAj1hsXp18c,00024,0,test,ZnCSUBmeRxw,00010,8.021177308576746,2.496
test,test,NL0uxDscjdo,00001,0,test,jcp5vvxtEaU,00009,-2.1597514023362834,2.944
test,test,7qT3RpaBlJo,00001,0,test,JSSc7hYKstI,00016,5.6455966308212435,5.824
test,test,qWNae7vYK6s,00008,0,test,sVtIuDKFO1c,00003,7.723200639584082,2.24
test,test,GGScU5ESei4,00001,0,test,7ZymFMmpOa0,00011,-9.764523538206397,2.176
test,test,H14bBuluwB8,00002,0,test,fxbCHn6gE3U,00007,9.57089665507296,2.368
test,test,Mt0PiXLvYlU,00006,0,test,PrK0CifulU0,00005,2.6665684158706515,2.176
test,test,fscaRh2OtXk,00004,0,test,HI7zfpitZpo,00002,-6.014979721843591,2.048
test,test,QKHkSUiQboA,00005,0,test,mc0vhSseGk4,00001,6.7412967785908116,3.904
test,test,fxbCHn6gE3U,00007,0,test,SN7wO06Yz1E,00002,-3.3767966954796647,2.24
test,test,qsJYrwzfd6w,00004,0,test,OwgWkUIm9Gc,00008,7.847904839496504,3.072
test,test,n3kNlFMXslo,00012,0,test,7ZymFMmpOa0,00011,2.217125027496511,2.688
test,test,JSSc7hYKstI,00017,0,test,1bnzVjOJ6NM,00004,2.322494905507961,2.048
test,test,0Fi83BHQsMA,00005,0,test,SSzRfSJTNW4,00007,-3.822335412155926,2.752
test,test,n3kNlFMXslo,00012,0,test,PrK0CifulU0,00005,-6.550668590608739,2.176
test,test,81Ub0SMxZQo,00002,0,test,1bnzVjOJ6NM,00022,-6.647143470245949,2.368
test,test,Li4S1yyrsTI,00022,0,test,NoCOagL69Ss,00002,8.603024711005585,2.176
test,test,vXPJVwwEmiM,00006,0,test,psN1DORYYV0,00016,-6.939651117275105,2.048
test,test,PSlBlZ3hqKc,00007,0,test,kEKzl6fub2w,00001,-9.889302640965376,2.688
test,test,F3OhcpKSUBc,00006,0,test,vhVWzkbAW4I,00004,-7.848027972579095,2.816
test,test,dYNc3P4jSt4,00004,0,test,LEx6K4P4GJc,00004,9.50692652219574,2.432
test,test,ClfBxWPkBKU,00011,0,test,mgcjr1yz7ow,00006,-6.7137853105631695,2.304
test,test,1bnzVjOJ6NM,00006,0,test,TDaFwnOiKVE,00004,1.0085028070536382,2.624
test,test,KxLMjn4WPBY,00002,0,test,SSzRfSJTNW4,00001,6.899126671493573,5.952
test,test,t7Xr3AsBEK4,00006,0,test,hxsnKwmW0dk,00003,-9.214649479128777,2.24
test,test,OwgWkUIm9Gc,00009,0,test,ROgFmb3oTLo,00010,2.6148887801331373,2.24
test,test,kEKzl6fub2w,00001,0,test,V4sSabKqyMU,00005,-0.64179455928954,2.688
test,test,nCg2NcGYu34,00006,0,test,Bo8YN3oB0Cw,00002,3.434308543291136,2.112
test,test,vXPJVwwEmiM,00005,0,test,9uOMectkCCs,00007,-4.92521836277263,2.496
test,test,NYKcOFQCeno,00003,0,test,mjDjbJJlqZ0,00001,-2.6687073637005243,2.816
test,test,55yGmKc6WfE,00001,0,test,LYCKzpXEW6E,00003,2.343407077099677,2.368
test,test,FqrLUtIFVjs,00001,0,test,7ZymFMmpOa0,00011,-7.948876660771964,2.176
test,test,0VJqrlH9cdI,00001,0,test,UmvOgW6iV2s,00007,9.82810859753399,2.368
test,test,CxEqV8WtfOo,00001,0,test,ZJNESMhIxQ0,00025,6.623367171866349,2.176
test,test,PrK0CifulU0,00003,0,test,0gks6ceq4eQ,00008,-5.343850694875427,2.496
test,test,c64M1tZyWPM,00004,0,test,BImnT7lcLDE,00001,1.4170368735845287,2.048
test,test,3uSQlcGCHUU,00008,0,test,tbSWdVA4Sbo,00001,-4.019106669932729,2.944
test,test,E22icGCvGXk,00001,0,test,GMynksvCcUI,00002,-7.454694344827908,2.176
test,test,uL5XUwfkxZw,00008,0,test,Us70DN2XSfM,00005,-6.6452759002119155,2.048
test,test,pFDoCLf96Kg,00001,0,test,YyXRYgjQXX0,00008,8.05610503634582,3.072
test,test,ni4FV5zL6lM,00003,0,test,NqOjj1FCcVY,00003,-2.685182260415333,2.048
test,test,QKHkSUiQboA,00003,0,test,LEx6K4P4GJc,00001,6.569448688232214,2.304
test,test,mgcjr1yz7ow,00013,0,test,t7Xr3AsBEK4,00002,-5.081699077879054,2.368
test,test,tzJYY2p0QIc,00001,0,test,WT7VMrxTPPA,00003,-8.841678179887406,3.456
test,test,sxnlvwprfSc,00002,0,test,xFSCX9mAHPo,00001,8.74085014878817,2.048
test,test,NqOjj1FCcVY,00001,0,test,JFQLvbVJVMg,00001,-4.698531085258004,2.112
test,test,jbHpF7EySck,00002,0,test,vXPJVwwEmiM,00006,-5.248118698207267,2.048
test,test,U6FvJ6jMGHU,00003,0,test,GSf6nijSSdA,00011,2.104473930535347,2.624
test,test,j7fRIGphgtk,00005,0,test,VfAiNX7jn9A,00011,8.961367592760357,2.176
test,test,RDSSLJG7oi8,00001,0,test,ULNPLFrTirQ,00001,-9.959401818168288,2.176
test,test,FxtSMZKMdes,00009,0,test,TScetimMBL8,00002,-9.494052522864958,2.944
test,test,TVtgb153S6I,00001,0,test,0gks6ceq4eQ,00015,-3.0686693586575213,5.568
test,test,xTkKSJSqUSI,00008,0,test,GMynksvCcUI,00008,4.280095894627106,3.2
test,test,FKxaL8Iau8Q,00002,0,test,RplnSVTzvnU,00001,-0.6965963495466188,2.112
test,test,SpTGUTSFvf4,00004,0,test,wG4RnDNWtJo,00001,3.104817509088008,2.24
test,test,FcmSmAwPkxg,00010,0,test,DDaldVHUedI,00004,-0.6466770720164661,2.368
test,test,aoGJP02CtPA,00002,0,test,j7fRIGphgtk,00002,9.791730420706212,3.52
test,test,HSercnrqeN4,00001,0,test,Li4S1yyrsTI,00007,-4.2798926712542436,2.24
test,test,OwgWkUIm9Gc,00008,0,test,uJr4wGcLNsA,00009,-3.5459208180541557,2.496
test,test,hiIcwt88o94,00018,0,test,VfAiNX7jn9A,00011,-8.953741203515932,2.176
test,test,t7Xr3AsBEK4,00006,0,test,ClfBxWPkBKU,00003,7.331070359762556,2.304
test,test,TGZMSmcuiXM,00001,0,test,jcp5vvxtEaU,00009,-2.2642531095392666,2.112
test,test,qWNae7vYK6s,00006,0,test,qYUmI5kGsYk,00001,-0.4682414637377761,2.176
test,test,hiIcwt88o94,00002,0,test,3uSQlcGCHUU,00016,4.711245144110956,2.56
test,test,2UStOghblfE,00005,0,test,QoT0S2vu9m4,00002,2.638269570621743,2.24
test,test,nCg2NcGYu34,00008,0,test,tbSWdVA4Sbo,00001,7.3857703459545405,2.496
test,test,9YekkGz1E2k,00002,0,test,fxbCHn6gE3U,00005,-4.436332668852492,2.624
test,test,xTkKSJSqUSI,00019,0,test,3uSQlcGCHUU,00001,-9.383597770850978,2.048
test,test,JSSc7hYKstI,00014,0,test,VxESitIllxE,00001,-0.1441462146660477,2.56
test,test,GSf6nijSSdA,00010,0,test,MsLuQM5V3FA,00001,7.921745545366786,2.176
test,test,rFpDK2KhAgw,00007,0,test,LEx6K4P4GJc,00001,-5.078286927356153,2.56
test,test,jggHw5PdQV0,00001,0,test,ZJNESMhIxQ0,00002,-7.871819830951521,2.048
test,test,6kHSuYwt0qs,00002,0,test,Sa27SUR0Mlo,00001,9.135111520114002,2.368
test,test,mgcjr1yz7ow,00006,0,test,jcp5vvxtEaU,00010,-9.901140651044445,2.368
test,test,nCg2NcGYu34,00001,0,test,LpROaNue9GM,00001,-9.143822836093488,3.456
test,test,87AEeLpodnE,00005,0,test,Li4S1yyrsTI,00015,-6.865961787226076,2.176
test,test,FcmSmAwPkxg,00008,0,test,Li4S1yyrsTI,00022,9.774091541312409,3.84
test,test,rP7nmdDA1Fg,00005,0,test,xTkKSJSqUSI,00034,6.9809180496675545,2.304
test,test,aoGJP02CtPA,00003,0,test,RplnSVTzvnU,00003,4.271227984130153,5.76
test,test,vXPJVwwEmiM,00005,0,test,UAj1hsXp18c,00022,2.912655574322889,3.712
test,test,eNAHVnkll5M,00002,0,test,18uDutylDa4,00002,-3.651388454436269,2.944
test,test,TGZMSmcuiXM,00013,0,test,uzKBGtf0i0M,00004,-8.57646342015684,3.264
test,test,uqS6T6TAu74,00001,0,test,8nt3edWLgIg,00004,6.431980016107701,3.136
test,test,95ovIJ3dsNk,00009,0,test,S2Dj9M71JAc,00003,-2.1144703785175327,2.368
test,test,MNuOmTQdFjA,00002,0,test,66koScWSHBU,00001,-2.9871166398080806,2.048
test,test,81Ub0SMxZQo,00002,0,test,UAj1hsXp18c,00022,-4.182100779750451,2.624
test,test,Us70DN2XSfM,00005,0,test,7qT3RpaBlJo,00001,3.5829411529104505,2.048
test,test,GMynksvCcUI,00001,0,test,TVtgb153S6I,00002,-0.33834837218903147,2.112
test,test,ZJNESMhIxQ0,00023,0,test,5P04stEjJ9E,00004,4.4646932268023924,2.368
test,test,Sa27SUR0Mlo,00004,0,test,48xS00Iy0ac,00003,-1.1784412051213167,2.496
test,test,uL5XUwfkxZw,00008,0,test,0gks6ceq4eQ,00005,-3.215358852540959,2.176
test,test,9RMx31GnNXY,00004,0,test,Sa27SUR0Mlo,00004,5.814458665185363,3.264
test,test,H14bBuluwB8,00001,0,test,ddxHlkIuHqg,00002,4.377077979066378,3.648
test,test,ZJNESMhIxQ0,00016,0,test,FxtSMZKMdes,00007,-7.952677120801141,2.88
test,test,qWNae7vYK6s,00001,0,test,OIlSXRCSBSI,00001,-8.141589472003169,2.432
test,test,Li4S1yyrsTI,00015,0,test,H14bBuluwB8,00001,-1.880067124783677,2.688
test,test,dYNc3P4jSt4,00008,0,test,t7Xr3AsBEK4,00001,-5.727623482252538,2.496
test,test,YzGjO5aHShQ,00017,0,test,qWNae7vYK6s,00008,0.6488233379271424,2.24
test,test,V4sSabKqyMU,00005,0,test,JSSc7hYKstI,00010,-4.117938879482401,2.816
test,test,NYKcOFQCeno,00003,0,test,UAj1hsXp18c,00025,-0.23656601809402744,2.176
test,test,55yGmKc6WfE,00001,0,test,sVtIuDKFO1c,00003,-5.429392984570718,2.368
test,test,8Z24LCysq3A,00001,0,test,Jm2dWbNsnZI,00002,-8.379926928707537,2.88
test,test,uL5XUwfkxZw,00011,0,test,dYNc3P4jSt4,00007,1.457837459697405,2.432
test,test,sxnlvwprfSc,00002,0,test,xlUPlxSpDRo,00001,9.951426100528352,2.752
test,test,Us70DN2XSfM,00005,0,test,fxbCHn6gE3U,00007,1.690982395287934,2.048
test,test,iPE2SiCCo0w,00013,0,test,hiIcwt88o94,00002,-8.702200615235798,2.048
test,test,H14bBuluwB8,00002,0,test,QoyBYYpal1Y,00001,-7.782606283982951,2.368
test,test,2UStOghblfE,00005,0,test,FFG2rilqT2g,00004,7.118466612963346,3.136
test,test,SN7wO06Yz1E,00002,0,test,mgcjr1yz7ow,00005,-4.788654194562492,2.112
test,test,8vNIrPeRGlM,00001,0,test,YzGjO5aHShQ,00007,-6.189236896793455,2.24
test,test,OzA6jRYjVQs,00008,0,test,ni4FV5zL6lM,00003,-0.2991878511697106,2.432
test,test,cHRZ6OrSvvI,00001,0,test,1bnzVjOJ6NM,00014,-9.28125588683086,2.368
test,test,aoGJP02CtPA,00004,0,test,ddxHlkIuHqg,00002,-4.360728223998363,3.776
test,test,fxbCHn6gE3U,00005,0,test,ZJNESMhIxQ0,00037,-0.03600800377603264,2.304
test,test,1bnzVjOJ6NM,00021,0,test,n3kNlFMXslo,00010,-0.4664913673309776,2.176
test,test,mgcjr1yz7ow,00016,0,test,GGScU5ESei4,00004,-2.8778350640911654,2.56
test,test,NYKcOFQCeno,00003,0,test,7ZymFMmpOa0,00002,0.2357340566863524,2.496
test,test,BhMKmovNjvc,00001,0,test,nCg2NcGYu34,00008,-9.365885324334808,2.496
test,test,1bnzVjOJ6NM,00013,0,test,YzGjO5aHShQ,00017,4.594525647757184,2.24
test,test,7OMLSs8t1ng,00010,0,test,UAj1hsXp18c,00024,3.682043002212618,2.496
test,test,BHY0FxzoKZE,00003,0,test,WT7VMrxTPPA,00004,-4.187312831674284,2.752
test,test,gVfgkFaswn4,00001,0,test,LiUClSItcy0,00007,-4.248334618843838,3.136
test,test,JSSc7hYKstI,00006,0,test,UAj1hsXp18c,00003,-5.650668893987072,2.688
test,test,vhVWzkbAW4I,00005,0,test,j7fRIGphgtk,00005,4.588319385482546,2.368
test,test,vhVWzkbAW4I,00011,0,test,akiQuyhXR8o,00010,-8.21051845714716,2.816
test,test,mgcjr1yz7ow,00005,0,test,RiM5aSvaNkg,00001,7.399324819897824,2.112
test,test,dYNc3P4jSt4,00008,0,test,UAj1hsXp18c,00011,-8.20444378198519,2.496
test,test,3OgsRa7VDtI,00001,0,test,TGZMSmcuiXM,00001,-3.833625095231894,2.112
test,test,LEx6K4P4GJc,00004,0,test,BvpmZktlBFs,00002,-5.387866479144483,2.048
test,test,ClfBxWPkBKU,00001,0,test,Sa27SUR0Mlo,00013,-3.3817697905608313,5.312
test,test,npNYP2vzaPo,00004,0,test,RAR4cz9wkUk,00001,8.612596594572267,2.112
test,test,95ovIJ3dsNk,00009,0,test,7gkdzkVbuVA,00005,-9.053672041116647,2.688
test,test,VsjTVGIw4z8,00005,0,test,Li4S1yyrsTI,00011,1.9580604695386032,2.176
test,test,0ZfSOArXbGQ,00003,0,test,FxtSMZKMdes,00009,-0.2558704679656074,5.888
test,test,ta2Wvy9FSgA,00003,0,test,V4sSabKqyMU,00005,-2.2067196737443666,2.816
test,test,dYNc3P4jSt4,00001,0,test,OIlSXRCSBSI,00002,6.862957802771987,2.624
test,test,1bnzVjOJ6NM,00005,0,test,sVtIuDKFO1c,00001,4.26140577865333,3.008
test,test,BQZKs75RMqM,00001,0,test,ni4FV5zL6lM,00001,-3.7170372785295536,2.048
test,test,uL5XUwfkxZw,00015,0,test,NqOjj1FCcVY,00007,7.755127186560916,2.944
test,test,0ZfSOArXbGQ,00003,0,test,H14bBuluwB8,00002,-0.9673935043526711,2.368
test,test,HiwJ0hNl1Fw,00002,0,test,ddxHlkIuHqg,00002,-9.378625874841726,3.776
test,test,NqOjj1FCcVY,00003,0,test,PSlBlZ3hqKc,00011,-6.220952408101878,2.048
test,test,aoGJP02CtPA,00004,0,test,nCg2NcGYu34,00008,2.7437433719654294,2.496
test,test,xlUPlxSpDRo,00001,0,test,mc0vhSseGk4,00001,-1.7138342311942178,3.904
test,test,dS8n24ZwZcQ,00002,0,test,Li4S1yyrsTI,00021,-8.547691289380321,3.456
test,test,OwgWkUIm9Gc,00009,0,test,m6X1i8khmt8,00002,6.080681032439202,2.24
test,test,BhMKmovNjvc,00001,0,test,0gks6ceq4eQ,00015,-6.15771579281283,5.568
test,test,RiM5aSvaNkg,00001,0,test,0gks6ceq4eQ,00009,6.614546622773368,2.048
test,test,SpTGUTSFvf4,00004,0,test,UAj1hsXp18c,00025,-2.8246013615077237,2.176
test,test,psN1DORYYV0,00016,0,test,7OMLSs8t1ng,00010,-3.4517068783571947,2.688
test,test,ZnCSUBmeRxw,00010,0,test,GSf6nijSSdA,00010,2.882091089115278,2.176
test,test,nCg2NcGYu34,00001,0,test,GIbz9ms9Z9k,00001,-1.8050508506583167,3.456
test,test,Ok6LbV6bqaE,00002,0,test,n3kNlFMXslo,00002,-7.928346184155588,2.816
test,test,aoGJP02CtPA,00004,0,test,qWNae7vYK6s,00008,5.938437483020039,2.24
test,test,3uSQlcGCHUU,00016,0,test,95ovIJ3dsNk,00006,-5.755476478076432,2.56
test,test,FxtSMZKMdes,00005,0,test,DOgsYATbVSs,00003,-9.230955183352496,2.048
test,test,4AYE3w5TWHs,00004,0,test,V1yW5IsnSjo,00009,-8.981679662790016,2.816
test,test,TVtgb153S6I,00002,0,test,MNuOmTQdFjA,00002,-9.048725650019216,2.048
test,test,ClfBxWPkBKU,00001,0,test,SpTGUTSFvf4,00004,-8.269286316760876,2.24
test,test,9uOMectkCCs,00002,0,test,QeIrdqU0o9s,00006,0.18184629423331167,2.496
test,test,psN1DORYYV0,00016,0,test,gVfgkFaswn4,00002,-2.5135899206479007,2.688
test,test,1bnzVjOJ6NM,00007,0,test,0gks6ceq4eQ,00015,-1.6924626682001271,2.496
test,test,OIlSXRCSBSI,00001,0,test,TVtgb153S6I,00002,-9.056888865847771,2.432
test,test,6kHSuYwt0qs,00002,0,test,ROgFmb3oTLo,00005,5.840230828717042,2.688
test,test,7ZymFMmpOa0,00005,0,test,vXPJVwwEmiM,00006,4.887055759611826,2.048
test,test,FxtSMZKMdes,00014,0,test,3uSQlcGCHUU,00008,6.278739104488295,4.288
test,test,95ovIJ3dsNk,00003,0,test,ZJNESMhIxQ0,00025,3.30537815512195,3.072
test,test,VfAiNX7jn9A,00010,0,test,mgcjr1yz7ow,00008,0.1310232170171215,3.008
test,test,UMhLBPPtlrY,00004,0,test,JSSc7hYKstI,00017,7.2371953859670946,2.048
test,test,XBJQENjZJaA,00003,0,test,0gks6ceq4eQ,00015,1.37287267991314,2.432
test,test,lmyZMtPVodo,00001,0,test,5P04stEjJ9E,00004,-3.295876833592657,2.368
test,test,1bnzVjOJ6NM,00020,0,test,OIlSXRCSBSI,00006,-2.5904637194490636,2.304
test,test,xFSCX9mAHPo,00003,0,test,eNAHVnkll5M,00004,-1.9198321581332607,2.176
test,test,LiUClSItcy0,00009,0,test,RAR4cz9wkUk,00002,5.380335896621622,2.56
test,test,7kkRkhAXZGg,00003,0,test,x95nwilkaio,00003,-9.452341639193056,3.52
test,test,0VJqrlH9cdI,00002,0,test,6kHSuYwt0qs,00002,2.7953543015269116,2.688
test,test,nCg2NcGYu34,00011,0,test,m6X1i8khmt8,00001,2.8882846252868273,2.176
test,test,mgcjr1yz7ow,00015,0,test,m6X1i8khmt8,00001,-6.712152313267552,2.176
test,test,Sa27SUR0Mlo,00013,0,test,TDaFwnOiKVE,00004,-0.13632453954737223,3.456
test,test,ZJNESMhIxQ0,00019,0,test,RDSSLJG7oi8,00001,6.937563437990008,2.048
test,test,VxESitIllxE,00004,0,test,95ovIJ3dsNk,00002,9.638846737283554,3.2
test,test,VxESitIllxE,00002,0,test,Hj9oB4zpHww,00003,0.6457995372281609,2.176
test,test,ZJNESMhIxQ0,00030,0,test,mc0vhSseGk4,00001,-3.8444207790212603,3.904
test,test,YyXRYgjQXX0,00007,0,test,FxtSMZKMdes,00014,-0.19295747327358548,2.304
test,test,V1yW5IsnSjo,00005,0,test,V4sSabKqyMU,00001,-6.980699846068945,2.048
test,test,TDaFwnOiKVE,00004,0,test,Sktdq5z1NS4,00001,-0.9374840366273425,3.392
test,test,EV3OmxrowWE,00003,0,test,Mt0PiXLvYlU,00011,-1.1517940729044298,2.56
test,test,AWPrOvzzqZk,00002,0,test,OM6XIICmSqo,00002,7.874000512468861,3.584
test,test,JSSc7hYKstI,00017,0,test,jbHpF7EySck,00002,-4.524741000995656,2.048
test,test,IjbTiRbeNpM,00005,0,test,JSSc7hYKstI,00014,7.673612601361302,2.496
test,test,GMynksvCcUI,00008,0,test,LEx6K4P4GJc,00003,-2.3690997516733026,2.304
test,test,YyXRYgjQXX0,00008,0,test,ZnCSUBmeRxw,00007,1.93037629537395,3.072
test,test,7ZymFMmpOa0,00005,0,test,1bnzVjOJ6NM,00022,4.332519865275852,2.368
test,test,0gks6ceq4eQ,00015,0,test,8vNIrPeRGlM,00011,-5.499328126636556,4.032
test,test,SFnMTHhKdkw,00008,0,test,gVfgkFaswn4,00003,-9.834028499026253,2.432
test,test,Ok6LbV6bqaE,00005,0,test,jcSSY9rDN2g,00002,0.6206268658943905,3.136
test,test,8nt3edWLgIg,00005,0,test,wzkFoetpSSM,00005,-1.1090411714565747,3.84
test,test,0ZfSOArXbGQ,00003,0,test,GGScU5ESei4,00004,-3.283525222828551,2.752
test,test,3OgsRa7VDtI,00001,0,test,BhMKmovNjvc,00001,6.615274486031648,2.944
test,test,SSzRfSJTNW4,00006,0,test,Li4S1yyrsTI,00011,-1.0624754823906475,2.176
test,test,Sa27SUR0Mlo,00002,0,test,1PNX6MSdVsk,00005,-6.78271974496446,3.584
test,test,NYKcOFQCeno,00003,0,test,0gks6ceq4eQ,00015,-3.719366376522819,2.816
test,test,FKxaL8Iau8Q,00002,0,test,TVtgb153S6I,00001,-6.394736915132222,2.368
test,test,0VJqrlH9cdI,00001,0,test,UMhLBPPtlrY,00004,-9.544223617816602,2.368
test,test,wlR1ojoiue0,00005,0,test,cHRZ6OrSvvI,00002,-4.447546297713156,3.008
test,test,SpTGUTSFvf4,00004,0,test,xukDIWFMU9Y,00003,-1.5613351517887928,2.112
test,test,psN1DORYYV0,00020,0,test,OM6XIICmSqo,00002,4.856436009888153,3.584
test,test,iPE2SiCCo0w,00018,0,test,UAj1hsXp18c,00030,-4.311246657715269,2.496
test,test,FxtSMZKMdes,00015,0,test,87AEeLpodnE,00010,-1.7201092955246402,2.24
test,test,ZJNESMhIxQ0,00023,0,test,S6ufvYWTqQ0,00001,-8.00842142287346,2.304
test,test,yeVz0rtXCmw,00001,0,test,YyXRYgjQXX0,00007,3.606407021637274,2.304
test,test,U6FvJ6jMGHU,00003,0,test,XESFPEFpHt4,00003,-7.921143214055075,2.88
test,test,PbgB2TaYhio,00003,0,test,GIbz9ms9Z9k,00001,2.9191566712733508,3.84
test,test,7kkRkhAXZGg,00003,0,test,PbgB2TaYhio,00003,-4.9689869484313025,3.52
test,test,bArH8r8jJ4g,00002,0,test,JSSc7hYKstI,00005,-1.9667510302922153,2.688
test,test,RiM5aSvaNkg,00002,0,test,LiUClSItcy0,00008,9.246611359426677,2.688
test,test,2SlBiFZ85d0,00002,0,test,ZJNESMhIxQ0,00037,-4.58579476214817,2.176
test,test,vhVWzkbAW4I,00012,0,test,psN1DORYYV0,00020,-9.191490052771448,3.648
test,test,pFDoCLf96Kg,00001,0,test,9uOMectkCCs,00007,-5.018982569280275,2.496
test,test,3uSQlcGCHUU,00017,0,test,UmvOgW6iV2s,00003,-1.1229455640381438,2.048
test,test,mSHBma0Ithk,00006,0,test,8vNIrPeRGlM,00009,9.760698399320066,2.496
test,test,KPNn880KWfU,00003,0,test,mgcjr1yz7ow,00005,-2.0753737919993887,2.112
test,test,JSSc7hYKstI,00017,0,test,ddxHlkIuHqg,00004,-4.247211529804849,2.048
test,test,27lMmdmySb8,00002,0,test,ClfBxWPkBKU,00008,-7.68204864421457,2.88
test,test,wG4RnDNWtJo,00001,0,test,VzyjDRSAWzE,00001,5.713059169893128,2.048
test,test,UAj1hsXp18c,00003,0,test,t2gbcVaZ448,00003,9.996028980662693,2.688
test,test,1PNX6MSdVsk,00011,0,test,uL5XUwfkxZw,00008,-2.410988665562339,2.176
test,test,S6ufvYWTqQ0,00001,0,test,uJr4wGcLNsA,00005,-1.1763173406261007,2.304
test,test,IjbTiRbeNpM,00005,0,test,SS8TSf2srSw,00002,2.564209502519317,2.496
test,test,mgcjr1yz7ow,00006,0,test,NA7krbsdXFA,00011,2.9590300738490942,2.176
test,test,YzGjO5aHShQ,00006,0,test,FxtSMZKMdes,00010,5.966330881116901,4.032
test,test,LujWrkYsl64,00002,0,test,fxbCHn6gE3U,00003,-1.599425865329625,2.112
test,test,7ZymFMmpOa0,00007,0,test,48xS00Iy0ac,00002,-6.382532254131464,2.048
test,test,SS8TSf2srSw,00006,0,test,NL0uxDscjdo,00005,-3.2485266598436358,2.048
test,test,27lMmdmySb8,00008,0,test,rP7nmdDA1Fg,00006,4.510819725830139,3.456
test,test,iPE2SiCCo0w,00018,0,test,jcp5vvxtEaU,00012,5.545756125855146,2.496
test,test,hiIcwt88o94,00003,0,test,1bnzVjOJ6NM,00005,-6.385938659380395,3.008
test,test,3uSQlcGCHUU,00011,0,test,8nt3edWLgIg,00004,-0.5459003573004644,2.688
test,test,ta2Wvy9FSgA,00003,0,test,NqOjj1FCcVY,00001,-0.590452375761723,4.608
test,test,VAJS5J21Rd0,00009,0,test,TScetimMBL8,00002,-1.0491264941428078,2.944
test,test,nCg2NcGYu34,00001,0,test,o1Z4F4e2Bw4,00004,-2.6463188577013526,2.688
test,test,Mt0PiXLvYlU,00009,0,test,OM6XIICmSqo,00002,7.701826955837387,3.584
test,test,t7Xr3AsBEK4,00001,0,test,gVfgkFaswn4,00003,3.7855858603362513,6.08
test,test,IS4IK8CiLg8,00002,0,test,jbHpF7EySck,00002,7.3143610902720795,3.648
test,test,Mt0PiXLvYlU,00009,0,test,UmvOgW6iV2s,00004,-9.754498362593697,3.584
test,test,ClfBxWPkBKU,00008,0,test,YzGjO5aHShQ,00006,-7.63005665228202,2.88
test,test,ni4FV5zL6lM,00003,0,test,FxtSMZKMdes,00005,5.912092172738216,2.048
test,test,FqrLUtIFVjs,00001,0,test,KxLMjn4WPBY,00001,4.283293674181355,2.176
test,test,RaSlxoAUP5c,00004,0,test,Sktdq5z1NS4,00001,5.193815584658193,2.176
test,test,dS8n24ZwZcQ,00002,0,test,Li4S1yyrsTI,00022,-0.947322537719554,3.648
test,test,GIbz9ms9Z9k,00001,0,test,Mt0PiXLvYlU,00011,2.6095732141209744,4.032
test,test,o1Z4F4e2Bw4,00004,0,test,SFnMTHhKdkw,00008,-2.1522981609478986,2.432
test,test,LiUClSItcy0,00008,0,test,aoGJP02CtPA,00004,-1.3957108037508625,2.688
test,test,KuWXfjyGhk0,00005,0,test,V4sSabKqyMU,00005,-9.992717268851274,2.048
test,test,8vNIrPeRGlM,00001,0,test,V1yW5IsnSjo,00001,5.779611585382495,2.24
test,test,eZj5n8ScTkI,00003,0,test,j7fRIGphgtk,00005,-6.460116162140428,2.368
test,test,vhVWzkbAW4I,00005,0,test,LEx6K4P4GJc,00004,2.784151306957231,2.432
test,test,Bs86giWcjLA,00004,0,test,ZJNESMhIxQ0,00004,7.182626516286895,4.096
test,test,8VwTZFYSfvw,00001,0,test,QoyBYYpal1Y,00001,-0.3216217080702233,2.496
test,test,dYNc3P4jSt4,00001,0,test,iPE2SiCCo0w,00013,1.59722749504631,2.048
test,test,8VwTZFYSfvw,00001,0,test,eNAHVnkll5M,00003,-3.789300859639453,2.496
test,test,ZJNESMhIxQ0,00025,0,test,LjAsM1vAhW0,00001,-6.087921434974872,2.496
test,test,cmpu58yv8Sg,00005,0,test,t7Xr3AsBEK4,00004,-9.126500415106342,2.24
test,test,LiUClSItcy0,00008,0,test,PSlBlZ3hqKc,00006,4.817088629538919,2.688
test,test,Mt0PiXLvYlU,00009,0,test,AWPrOvzzqZk,00002,-0.5763029761885079,4.416
test,test,xlUPlxSpDRo,00001,0,test,XESFPEFpHt4,00003,-8.43135241618582,2.88
test,test,9YekkGz1E2k,00002,0,test,FxtSMZKMdes,00004,0.6741761488855769,2.56
test,test,mgcjr1yz7ow,00016,0,test,ZJNESMhIxQ0,00037,4.780259286649443,2.304
test,test,bArH8r8jJ4g,00002,0,test,Ok6LbV6bqaE,00002,0.16112267457912566,5.568
test,test,fxbCHn6gE3U,00005,0,test,t7Xr3AsBEK4,00002,8.389541118998523,2.368
test,test,jPf0LjZAS14,00010,0,test,rSSanSYZDT4,00001,1.4798201897396375,2.432
test,test,FKxaL8Iau8Q,00007,0,test,ZJNESMhIxQ0,00033,-9.205458939384046,2.368
test,test,LjAsM1vAhW0,00001,0,test,UAj1hsXp18c,00014,-4.869695586294471,2.496
test,test,pFDoCLf96Kg,00001,0,test,qafSjNLjedo,00001,1.4848712322428135,2.88
test,test,FKxaL8Iau8Q,00007,0,test,OzA6jRYjVQs,00008,5.444527637791117,2.432
test,test,j7fRIGphgtk,00002,0,test,uJr4wGcLNsA,00003,0.8626234811085745,2.24
test,test,GSf6nijSSdA,00005,0,test,KxLMjn4WPBY,00002,5.692208230378915,2.112
test,test,ZJNESMhIxQ0,00030,0,test,t7Xr3AsBEK4,00004,-3.9218471515540525,2.24
test,test,nCg2NcGYu34,00001,0,test,2UStOghblfE,00001,-8.381207573301335,2.24
test,test,KuWXfjyGhk0,00007,0,test,SS8TSf2srSw,00006,-5.163421211024244,2.048
test,test,YD5PFdghryc,00001,0,test,87AEeLpodnE,00010,-7.980848740937749,2.24
test,test,aoGJP02CtPA,00004,0,test,NCJTV5KaJJc,00001,-7.773701119134325,4.16
test,test,FQEEMpzPZlY,00001,0,test,FcmSmAwPkxg,00006,9.8527004227035,2.176
test,test,KxLMjn4WPBY,00002,0,test,ZJNESMhIxQ0,00025,-6.447354146497666,5.952
test,test,wlR1ojoiue0,00005,0,test,uL5XUwfkxZw,00008,-6.712738479945899,2.176
test,test,t7Xr3AsBEK4,00006,0,test,OYfoGTIG7pY,00001,-0.16612168697955276,2.304
test,test,V4sSabKqyMU,00005,0,test,hiIcwt88o94,00019,-8.41555814858551,2.304
test,test,3uSQlcGCHUU,00014,0,test,YzGjO5aHShQ,00006,-7.957855689166687,2.112
test,test,7gkdzkVbuVA,00004,0,test,TScetimMBL8,00002,-0.4321397240838749,2.048
test,test,OIlSXRCSBSI,00002,0,test,w1R4F9sSoow,00001,0.3735398650961059,2.624
test,test,qafSjNLjedo,00001,0,test,FxtSMZKMdes,00004,-1.0139203394538931,2.56
test,test,n3kNlFMXslo,00002,0,test,SN7wO06Yz1E,00002,8.948465495766364,2.24
test,test,YzGjO5aHShQ,00007,0,test,nCg2NcGYu34,00006,3.889302074817106,2.112
test,test,0gks6ceq4eQ,00009,0,test,87AEeLpodnE,00005,0.770180858988013,2.048
test,test,UAj1hsXp18c,00025,0,test,eZj5n8ScTkI,00002,8.565230851419354,2.176
test,test,sVtIuDKFO1c,00001,0,test,GMynksvCcUI,00008,-9.786922476854901,3.2
test,test,SSzRfSJTNW4,00005,0,test,hQigUH0vZSE,00001,-7.194643171439683,4.736
test,test,0VJqrlH9cdI,00001,0,test,lmyZMtPVodo,00001,-3.6642312284425493,2.368
test,test,GAMR5RDSLJo,00020,0,test,fIICVeGW4RY,00004,8.531046777017547,2.112
test,test,GGScU5ESei4,00001,0,test,6wNif5SlN08,00014,-7.1689589605393556,2.176
test,test,Mt0PiXLvYlU,00006,0,test,Sew0bn8mGAA,00009,6.942059022963775,2.176
test,test,nCg2NcGYu34,00011,0,test,NL0uxDscjdo,00005,-5.628110390000119,2.816
test,test,c64M1tZyWPM,00004,0,test,7gkdzkVbuVA,00004,-4.76536774495254,2.048
test,test,tiSiSM3pk5M,00012,0,test,wG4RnDNWtJo,00001,7.3192166546727435,2.304
test,test,95ovIJ3dsNk,00002,0,test,OIlSXRCSBSI,00001,-1.9908967962526987,2.432
test,test,eZj5n8ScTkI,00003,0,test,SaouBn7IKIo,00001,7.857366378592403,3.008
test,test,0gks6ceq4eQ,00007,0,test,Sv5QitqbxJw,00004,2.810272615860274,2.048
test,test,VSLurJfOSiA,00001,0,test,NqOjj1FCcVY,00006,-8.694103325823505,2.368
test,test,iqEHuBST2qQ,00001,0,test,eZj5n8ScTkI,00003,-0.6678354554780412,2.88
test,test,Li4S1yyrsTI,00007,0,test,RplnSVTzvnU,00001,-7.8176095972426225,2.112
test,test,FFG2rilqT2g,00005,0,test,HI7zfpitZpo,00002,-3.600135110994458,2.752
test,test,OwgWkUIm9Gc,00008,0,test,iqEHuBST2qQ,00001,0.92671341049018,2.88
test,test,3uSQlcGCHUU,00006,0,test,TDaFwnOiKVE,00004,-1.2745795357085008,2.496
test,test,UAj1hsXp18c,00006,0,test,2SlBiFZ85d0,00006,3.9442765810561298,2.048
test,test,Sktdq5z1NS4,00001,0,test,U6FvJ6jMGHU,00003,5.744992517374518,3.392
test,test,0gks6ceq4eQ,00005,0,test,FQEEMpzPZlY,00001,-5.293530696728652,2.176
test,test,hQigUH0vZSE,00001,0,test,YzGjO5aHShQ,00007,6.518526404615727,2.496
test,test,2UStOghblfE,00001,0,test,VsjTVGIw4z8,00005,-4.360640632434545,2.176
test,test,8vNIrPeRGlM,00010,0,test,6Waurx8eS1o,00001,-5.796372904167965,2.432
test,test,Ok6LbV6bqaE,00005,0,test,3uSQlcGCHUU,00011,-3.6626688603950157,2.688
test,test,xFSCX9mAHPo,00001,0,test,UMhLBPPtlrY,00004,-5.920286464797777,2.048
test,test,1bnzVjOJ6NM,00013,0,test,95ovIJ3dsNk,00009,-5.154084297224917,2.24
test,test,eZj5n8ScTkI,00003,0,test,vXPJVwwEmiM,00005,6.5725020957602425,3.008
test,test,48xS00Iy0ac,00003,0,test,xTkKSJSqUSI,00023,-5.660370592663806,2.496
test,test,27lMmdmySb8,00002,0,test,2SlBiFZ85d0,00002,-0.9895302331382556,2.176
test,test,YyXRYgjQXX0,00001,0,test,x95nwilkaio,00003,-0.984866887959555,2.112
test,test,mSHBma0Ithk,00006,0,test,hiIcwt88o94,00019,7.4842803731354905,2.304
test,test,LIy2oVJtJsA,00006,0,test,n3kNlFMXslo,00003,-7.688387960341505,2.112
test,test,GvGAIGbnX7E,00004,0,test,tiSiSM3pk5M,00012,-3.7478375379207485,2.304
test,test,OwgWkUIm9Gc,00008,0,test,jcp5vvxtEaU,00002,9.747719185759113,2.688
test,test,wKlMcLTqRLs,00001,0,test,ZJNESMhIxQ0,00019,3.542043907333614,2.048
test,test,ZnCSUBmeRxw,00004,0,test,vhVWzkbAW4I,00007,-0.10498469219542628,3.776
test,test,JSSc7hYKstI,00015,0,test,TUgBdSyK7S4,00001,2.851980443980773,5.76
test,test,bArH8r8jJ4g,00004,0,test,j7fRIGphgtk,00005,-1.0260266202062738,2.24
test,test,SSzRfSJTNW4,00001,0,test,jcSSY9rDN2g,00002,6.9378949907775755,5.632
test,test,EV3OmxrowWE,00003,0,test,psN1DORYYV0,00016,7.70040018608729,2.56
test,test,ZJNESMhIxQ0,00047,0,test,Li4S1yyrsTI,00009,-5.830646636768082,5.568
test,test,QKHkSUiQboA,00005,0,test,rP7nmdDA1Fg,00006,-2.5927248706551387,3.968
test,test,RaSlxoAUP5c,00004,0,test,MvXZzKZ3JYQ,00001,-9.670726342112228,2.176
test,test,VSLurJfOSiA,00001,0,test,Ok6LbV6bqaE,00003,2.174882445523064,2.24
test,test,95ovIJ3dsNk,00009,0,test,xTkKSJSqUSI,00015,3.8883224268931578,3.008
test,test,wzkFoetpSSM,00005,0,test,8mPpe8AL21A,00001,-3.424561455625388,3.84
test,test,iPE2SiCCo0w,00013,0,test,wG4RnDNWtJo,00001,-9.241493882014602,2.048
test,test,eNAHVnkll5M,00002,0,test,UK8ccWSZkic,00001,-9.053644458038262,2.56
test,test,QoyBYYpal1Y,00001,0,test,SS8TSf2srSw,00002,1.8471638913726949,3.776
test,test,uzKBGtf0i0M,00007,0,test,PSlBlZ3hqKc,00007,0.8172997489976002,3.136
test,test,RAR4cz9wkUk,00001,0,test,ZJNESMhIxQ0,00002,4.1878950740788685,2.112
test,test,vhVWzkbAW4I,00004,0,test,ZJNESMhIxQ0,00025,5.83544588529568,2.816
test,test,SSzRfSJTNW4,00006,0,test,FqrLUtIFVjs,00002,-7.23695092472977,3.136
test,test,jcp5vvxtEaU,00012,0,test,0gks6ceq4eQ,00015,5.826143429398487,2.944
test,test,7qT3RpaBlJo,00002,0,test,9RMx31GnNXY,00004,-2.0713630038925457,3.264
test,test,NCJTV5KaJJc,00001,0,test,PrK0CifulU0,00005,-4.597251127254964,2.176
test,test,QeIrdqU0o9s,00002,0,test,GMynksvCcUI,00002,0.7470211976077223,2.176
test,test,TUgBdSyK7S4,00001,0,test,S2Dj9M71JAc,00007,8.950454191313593,3.456
test,test,KxLMjn4WPBY,00002,0,test,E22icGCvGXk,00004,5.771981977146492,2.496
test,test,Jm2dWbNsnZI,00001,0,test,SS8TSf2srSw,00002,-0.16132815378897547,2.368
test,test,0ZfSOArXbGQ,00003,0,test,SaouBn7IKIo,00001,-5.517676366862223,3.072
test,test,OzA6jRYjVQs,00006,0,test,SFnMTHhKdkw,00008,4.524317219311758,2.432
test,test,KuWXfjyGhk0,00005,0,test,Sktdq5z1NS4,00001,-6.45719670461599,2.048
test,test,xTkKSJSqUSI,00012,0,test,5b5BDoddOLA,00004,-9.524715880959869,2.368
test,test,TVtgb153S6I,00001,0,test,vhVWzkbAW4I,00005,-6.9814172220316895,2.752
test,test,LiUClSItcy0,00007,0,test,n3kNlFMXslo,00012,1.7378504570987765,3.136
test,test,ZJNESMhIxQ0,00035,0,test,GAMR5RDSLJo,00020,-6.2137678225253286,3.072
test,test,TGZMSmcuiXM,00001,0,test,JFQLvbVJVMg,00003,-2.0893972331778006,2.112
test,test,iPE2SiCCo0w,00007,0,test,npNYP2vzaPo,00001,6.654207845152229,2.688
test,test,H14bBuluwB8,00001,0,test,t2gbcVaZ448,00002,7.974826419228112,2.304
test,test,t7Xr3AsBEK4,00004,0,test,V4sSabKqyMU,00005,-2.750407910861094,2.24
test,test,7kkRkhAXZGg,00003,0,test,48xS00Iy0ac,00003,-1.5426802037978824,2.496
test,test,1bnzVjOJ6NM,00004,0,test,iPE2SiCCo0w,00013,-4.523904591132741,2.048
test,test,jiUKpX09zo4,00001,0,test,PSlBlZ3hqKc,00001,-3.912073346975995,2.368
test,test,UAj1hsXp18c,00013,0,test,bArH8r8jJ4g,00002,5.6177172472798365,3.776
test,test,0ZfSOArXbGQ,00003,0,test,Li4S1yyrsTI,00015,-2.913235743312635,2.688
test,test,VsjTVGIw4z8,00005,0,test,ULNPLFrTirQ,00001,8.64070260384467,2.176
test,test,RaSlxoAUP5c,00001,0,test,KxLMjn4WPBY,00002,-7.296361963041333,2.688
test,test,NL0uxDscjdo,00001,0,test,XESFPEFpHt4,00003,-4.085327207766481,2.88
test,test,jbHpF7EySck,00002,0,test,BQZKs75RMqM,00001,8.873831595130856,3.008
test,test,NqOjj1FCcVY,00006,0,test,0Fi83BHQsMA,00005,4.218237893781307,2.368
test,test,EV3OmxrowWE,00007,0,test,wzkFoetpSSM,00005,9.502348877238425,3.84
test,test,ZJNESMhIxQ0,00012,0,test,Jm2dWbNsnZI,00002,4.542887495073,3.264
test,test,8Z24LCysq3A,00001,0,test,FFG2rilqT2g,00004,5.3868221212802005,2.88
test,test,eZj5n8ScTkI,00001,0,test,SnSHsb5xKPo,00001,-4.867541778045683,2.752
test,test,3uSQlcGCHUU,00001,0,test,UAj1hsXp18c,00022,3.1842768371815424,3.776
test,test,8mPpe8AL21A,00001,0,test,TGZMSmcuiXM,00001,-6.228897792745547,2.112
test,test,qWNae7vYK6s,00002,0,test,OIlSXRCSBSI,00001,5.660565181964451,2.432
test,test,WFCvkkDSfIU,00003,0,test,7ZymFMmpOa0,00011,-7.721095934201725,2.688
test,test,UZmXwOgNq7c,00001,0,test,5P04stEjJ9E,00004,8.904758800813273,2.368
test,test,MvXZzKZ3JYQ,00001,0,test,6wNif5SlN08,00010,5.17410514527624,3.136
test,test,aoGJP02CtPA,00003,0,test,gVfgkFaswn4,00003,-5.74972505757705,6.08
test,test,hiIcwt88o94,00002,0,test,7ZymFMmpOa0,00005,-8.483902752417878,5.632
test,test,JSSc7hYKstI,00008,0,test,LIy2oVJtJsA,00006,4.457162616205604,2.112
test,test,ZJNESMhIxQ0,00024,0,test,stngBN4hp14,00001,-2.598975400274255,6.208
test,test,6kHSuYwt0qs,00002,0,test,dYNc3P4jSt4,00004,-7.486414891157072,2.688
test,test,SE97Kgi0sR4,00004,0,test,QeIrdqU0o9s,00006,-2.283634591821267,3.968
test,test,nCg2NcGYu34,00004,0,test,bArH8r8jJ4g,00002,-0.08280053092853734,2.496
test,test,BImnT7lcLDE,00001,0,test,MsLuQM5V3FA,00001,-7.8073160816431475,2.24
test,test,NL0uxDscjdo,00001,0,test,SSzRfSJTNW4,00005,5.950354324424135,2.944
test,test,xkFTZcUPjBg,00001,0,test,NYKcOFQCeno,00003,6.453824231482386,2.368
test,test,FxtSMZKMdes,00004,0,test,xTkKSJSqUSI,00025,-6.568417530783083,2.56
test,test,9uOMectkCCs,00001,0,test,8VwTZFYSfvw,00001,6.028361293897156,2.496
test,test,6wNif5SlN08,00014,0,test,x95nwilkaio,00001,8.451431836142945,2.432
test,test,jcp5vvxtEaU,00009,0,test,hiIcwt88o94,00003,6.056454589315997,3.52
test,test,jPf0LjZAS14,00001,0,test,66koScWSHBU,00001,-3.9527869195459697,2.944
test,test,WT7VMrxTPPA,00004,0,test,FxtSMZKMdes,00014,-8.122006404190913,2.752
test,test,ROgFmb3oTLo,00010,0,test,jPf0LjZAS14,00010,-1.677319204723272,2.24
test,test,xFSCX9mAHPo,00001,0,test,GMynksvCcUI,00008,4.385843135769964,2.048
test,test,1bnzVjOJ6NM,00022,0,test,mjDjbJJlqZ0,00001,7.3859542916425305,2.368
test,test,PSlBlZ3hqKc,00012,0,test,6wNif5SlN08,00014,3.29626382017792,2.432
test,test,LEx6K4P4GJc,00001,0,test,iPE2SiCCo0w,00018,-4.599245967827841,2.496
test,test,ta2Wvy9FSgA,00003,0,test,0ZfSOArXbGQ,00003,0.09242048360819588,4.608
test,test,psN1DORYYV0,00008,0,test,ZJNESMhIxQ0,00033,-0.857146098945929,2.176
test,test,ZJNESMhIxQ0,00013,0,test,hiIcwt88o94,00003,-2.8321848059204724,3.968
test,test,gVfgkFaswn4,00006,0,test,Sv5QitqbxJw,00003,7.694490272493621,3.584
test,test,XESFPEFpHt4,00011,0,test,RiM5aSvaNkg,00001,-2.6796271412671,2.624
test,test,PSlBlZ3hqKc,00001,0,test,GSf6nijSSdA,00004,2.172592498906594,2.752
test,test,ROgFmb3oTLo,00005,0,test,NqOjj1FCcVY,00007,6.0949139306065305,2.688
test,test,tiSiSM3pk5M,00005,0,test,RAR4cz9wkUk,00001,4.2693331130144045,2.112
test,test,BImnT7lcLDE,00003,0,test,UAq4yBdSYZs,00001,9.591222235666525,2.88
test,test,RplnSVTzvnU,00002,0,test,4AYE3w5TWHs,00004,-1.0530438505128341,2.816
test,test,0gks6ceq4eQ,00008,0,test,RlQ3CSVanaU,00001,-3.8219536736526933,2.176
test,test,GMynksvCcUI,00008,0,test,gVfgkFaswn4,00003,2.405271385399679,3.2
test,test,nCg2NcGYu34,00001,0,test,rFpDK2KhAgw,00007,-5.5832178783600295,2.56
test,test,Mt0PiXLvYlU,00011,0,test,WFCvkkDSfIU,00002,7.744204949943775,2.432
test,test,Sew0bn8mGAA,00009,0,test,1PNX6MSdVsk,00011,-0.9049112682852289,2.176
test,test,EGjxIS5MPUY,00001,0,test,ni4FV5zL6lM,00001,-1.7456751499209862,2.048
test,test,VxESitIllxE,00004,0,test,8vNIrPeRGlM,00001,7.022897653579623,2.24
test,test,4ErEBkjS3PY,00001,0,test,YzGjO5aHShQ,00006,-3.8049571546572896,2.496
test,test,gVfgkFaswn4,00002,0,test,SSzRfSJTNW4,00001,1.4511249892445797,3.776
test,test,1bnzVjOJ6NM,00020,0,test,RplnSVTzvnU,00001,-8.041466889823036,2.112
test,test,Ok6LbV6bqaE,00005,0,test,mgcjr1yz7ow,00006,-3.363667966316754,3.136
test,test,SFnMTHhKdkw,00004,0,test,RplnSVTzvnU,00002,1.5024471468753635,3.328
test,test,mgcjr1yz7ow,00016,0,test,KPNn880KWfU,00005,6.557932901580827,2.56
test,test,Mt0PiXLvYlU,00003,0,test,DCIL2nvU4x8,00001,7.522490748210629,2.624
test,test,RiM5aSvaNkg,00002,0,test,ta2Wvy9FSgA,00003,0.5926891128482215,4.608
test,test,8mPpe8AL21A,00001,0,test,V1yW5IsnSjo,00001,-8.553480203764877,4.096
test,test,8vNIrPeRGlM,00005,0,test,xTkKSJSqUSI,00015,-3.568114733008465,2.24
test,test,nCg2NcGYu34,00006,0,test,KNSRifMSSvM,00001,0.2321712667356568,2.112
test,test,VxESitIllxE,00004,0,test,7ZymFMmpOa0,00005,1.8278880230926262,3.712
test,test,fIICVeGW4RY,00004,0,test,uL5XUwfkxZw,00011,-3.719980820023478,2.112
test,test,fZ8eyWBQmfU,00001,0,test,NqOjj1FCcVY,00001,-2.373943796101714,3.52
test,test,ddxHlkIuHqg,00004,0,test,x95nwilkaio,00002,-9.58162388529379,2.304
test,test,dS8n24ZwZcQ,00002,0,test,F3OhcpKSUBc,00006,5.922849773243129,3.52
test,test,rFpDK2KhAgw,00002,0,test,SE97Kgi0sR4,00002,3.4378547276583866,2.112
test,test,mgcjr1yz7ow,00016,0,test,TVtgb153S6I,00001,-1.8929191620634604,2.56
test,test,SE97Kgi0sR4,00005,0,test,JFQLvbVJVMg,00003,5.314723110856271,3.264
test,test,Li4S1yyrsTI,00021,0,test,SpTGUTSFvf4,00004,3.3435532475327214,2.24
test,test,Sa27SUR0Mlo,00002,0,test,KxLMjn4WPBY,00001,-2.4471084709295194,3.584
test,test,jPf0LjZAS14,00010,0,test,t2gbcVaZ448,00003,8.335512422778649,2.432
test,test,fTSXvLzNd0o,00002,0,test,hxsnKwmW0dk,00003,-6.112441203472598,2.112
test,test,FqrLUtIFVjs,00001,0,test,WT7VMrxTPPA,00003,9.795720222549015,2.176
test,test,eNAHVnkll5M,00003,0,test,t2gbcVaZ448,00002,8.844284176523672,2.304
test,test,eZj5n8ScTkI,00003,0,test,n3kNlFMXslo,00002,4.070240120969199,2.816
test,test,n3kNlFMXslo,00010,0,test,V4sSabKqyMU,00005,-1.0500259835146188,2.176
test,test,PbgB2TaYhio,00004,0,test,wKlMcLTqRLs,00001,-4.176448186184842,2.432
test,test,GSf6nijSSdA,00005,0,test,ONM4JupBzSE,00003,3.498715167699583,2.112
test,test,iPE2SiCCo0w,00018,0,test,0gks6ceq4eQ,00005,6.172905210093003,2.496
test,test,qWNae7vYK6s,00001,0,test,dYNc3P4jSt4,00006,-0.8443850135002506,5.504
test,test,0gks6ceq4eQ,00008,0,test,JSSc7hYKstI,00005,2.5142938619535755,2.496
test,test,ClfBxWPkBKU,00008,0,test,V1yW5IsnSjo,00009,7.330429284369302,2.88
test,test,LjAsM1vAhW0,00001,0,test,m6X1i8khmt8,00002,8.706970510821243,2.24
test,test,1bnzVjOJ6NM,00005,0,test,YD5PFdghryc,00001,-1.5358659420161054,3.008
test,test,eNAHVnkll5M,00005,0,test,bArH8r8jJ4g,00001,1.2881991132508865,3.584
test,test,gVfgkFaswn4,00006,0,test,xTkKSJSqUSI,00039,7.757037799458974,6.08
test,test,JSSc7hYKstI,00005,0,test,jcp5vvxtEaU,00010,4.587942482367476,2.368
test,test,uJr4wGcLNsA,00003,0,test,AsSd2nmoKNA,00001,-1.2616552865734967,2.112
test,test,RiM5aSvaNkg,00003,0,test,ONM4JupBzSE,00003,9.943947686108231,2.176
test,test,psN1DORYYV0,00020,0,test,UMhLBPPtlrY,00004,9.708904632652256,3.52
test,test,ZJNESMhIxQ0,00003,0,test,Li4S1yyrsTI,00009,-3.4819485637151226,3.072
test,test,1L6lSFiV4xo,00002,0,test,xTkKSJSqUSI,00025,5.4463785725425335,2.688
test,test,3uSQlcGCHUU,00016,0,test,UAj1hsXp18c,00001,4.7632589192849455,2.176
test,test,Li4S1yyrsTI,00007,0,test,Sv5QitqbxJw,00004,-6.503651766615586,2.048
test,test,BQZKs75RMqM,00001,0,test,eNAHVnkll5M,00003,-2.332915324297624,2.752
test,test,kEKzl6fub2w,00001,0,test,SE97Kgi0sR4,00005,-5.620319382855796,2.688
test,test,UK8ccWSZkic,00001,0,test,gVfgkFaswn4,00003,3.803617344899857,2.56
test,test,ZJNESMhIxQ0,00024,0,test,tzJYY2p0QIc,00001,-4.793630822102086,3.776
test,test,2SlBiFZ85d0,00006,0,test,NA7krbsdXFA,00002,9.87819079416326,2.048
test,test,hiIcwt88o94,00020,0,test,FqrLUtIFVjs,00002,-3.584313432351241,2.048
test,test,LIy2oVJtJsA,00006,0,test,t7Xr3AsBEK4,00008,4.653680990798339,2.112
test,test,OzA6jRYjVQs,00003,0,test,JSSc7hYKstI,00005,0.4531332490914757,2.688
test,test,LiUClSItcy0,00007,0,test,SS8TSf2srSw,00006,8.306036275351374,2.048
test,test,PSlBlZ3hqKc,00007,0,test,jbHpF7EySck,00002,-4.698791983417518,3.392
test,test,0Fi83BHQsMA,00005,0,test,uJr4wGcLNsA,00009,9.59475291416624,2.496
test,test,xkFTZcUPjBg,00001,0,test,V4sSabKqyMU,00001,3.328227532807267,2.048
test,test,RplnSVTzvnU,00003,0,test,OIlSXRCSBSI,00002,-4.818019533153903,2.624
test,test,x95nwilkaio,00002,0,test,E22icGCvGXk,00001,7.586416846056096,3.776
test,test,ZJNESMhIxQ0,00012,0,test,psN1DORYYV0,00020,-9.808535187590198,3.328
test,test,PSlBlZ3hqKc,00012,0,test,KuWXfjyGhk0,00005,-6.861921661691264,2.048
test,test,hxsnKwmW0dk,00002,0,test,V1yW5IsnSjo,00009,-0.20400076889966812,5.376
test,test,PSlBlZ3hqKc,00012,0,test,FKxaL8Iau8Q,00002,-6.042634147566634,2.368
test,test,RDSSLJG7oi8,00001,0,test,48xS00Iy0ac,00003,-1.743111540806055,2.496
test,test,PSlBlZ3hqKc,00006,0,test,95ovIJ3dsNk,00009,7.671647793398247,3.264
test,test,Hj9oB4zpHww,00003,0,test,uL5XUwfkxZw,00011,-9.285643422227594,2.432
test,test,x95nwilkaio,00002,0,test,ZnCSUBmeRxw,00007,3.20034229690717,4.16
test,test,V4sSabKqyMU,00003,0,test,OzA6jRYjVQs,00003,2.927282509848606,3.008
test,test,UK8ccWSZkic,00001,0,test,ClfBxWPkBKU,00011,6.770348966631069,2.304
test,test,ZnCSUBmeRxw,00004,0,test,uJr4wGcLNsA,00005,4.207927926290914,3.776
test,test,Li4S1yyrsTI,00011,0,test,8UhqkX2VAmo,00001,9.794104177329231,2.176
test,test,dYNc3P4jSt4,00008,0,test,ClfBxWPkBKU,00003,4.891893484653128,2.496
test,test,9RMx31GnNXY,00003,0,test,66koScWSHBU,00001,-9.374284861411017,3.008
test,test,KxLMjn4WPBY,00002,0,test,95ovIJ3dsNk,00009,0.4596786768383403,3.264
test,test,5P04stEjJ9E,00004,0,test,RAR4cz9wkUk,00002,-1.277713170056014,2.368
test,test,Ip2SQa50uBI,00001,0,test,8nt3edWLgIg,00004,0.5652739192170344,3.136
test,test,ZJNESMhIxQ0,00016,0,test,t7Xr3AsBEK4,00001,-5.653181834534074,6.144
test,test,QeIrdqU0o9s,00002,0,test,eZj5n8ScTkI,00001,-0.2685081603419892,2.752
test,test,eNAHVnkll5M,00005,0,test,wlR1ojoiue0,00005,-5.620037967460208,3.584
test,test,UAq4yBdSYZs,00001,0,test,FxtSMZKMdes,00010,6.773566558189618,3.776
test,test,jggHw5PdQV0,00001,0,test,FcmSmAwPkxg,00006,5.470632965514689,2.048
test,test,E22icGCvGXk,00004,0,test,FxtSMZKMdes,00009,-5.535140858479155,2.496
test,test,mc0vhSseGk4,00001,0,test,S2Dj9M71JAc,00003,8.770479140185827,2.368
test,test,95ovIJ3dsNk,00006,0,test,GAMR5RDSLJo,00020,8.090525420778679,3.072
test,test,tiSiSM3pk5M,00005,0,test,XBJQENjZJaA,00003,8.424419616859087,2.432
test,test,VxESitIllxE,00004,0,test,FxtSMZKMdes,00004,-4.8697282147446135,2.56
test,test,RiM5aSvaNkg,00002,0,test,RplnSVTzvnU,00003,-3.488997932914881,5.632
test,test,PSlBlZ3hqKc,00007,0,test,7ZymFMmpOa0,00005,2.0058571519181534,3.392
test,test,GSf6nijSSdA,00007,0,test,ClfBxWPkBKU,00005,-0.39353588906331893,5.12
test,test,ROgFmb3oTLo,00005,0,test,Us70DN2XSfM,00005,-7.338369431942306,2.048
test,test,Mt0PiXLvYlU,00003,0,test,TVtgb153S6I,00002,3.265304334618664,3.008
test,test,0gks6ceq4eQ,00009,0,test,vXPJVwwEmiM,00005,-8.510777480475538,2.048
test,test,tzJYY2p0QIc,00001,0,test,NA7krbsdXFA,00011,-0.22596632831621122,2.176
test,test,AegIbt2j0sU,00001,0,test,gVfgkFaswn4,00002,-6.346695221140795,2.88
test,test,FxtSMZKMdes,00015,0,test,KxLMjn4WPBY,00002,-3.8944323446021922,4.096
test,test,npNYP2vzaPo,00004,0,test,81Ub0SMxZQo,00003,1.284272133060897,3.328
test,test,95ovIJ3dsNk,00006,0,test,Sa27SUR0Mlo,00004,8.201087888017625,3.648
test,test,0VJqrlH9cdI,00001,0,test,NL0uxDscjdo,00004,-3.46325736178712,2.368
test,test,hiIcwt88o94,00020,0,test,t2gbcVaZ448,00004,1.926659510224681,2.048
test,test,hiIcwt88o94,00020,0,test,NYKcOFQCeno,00003,8.695294171978205,2.048
test,test,xTkKSJSqUSI,00023,0,test,BImnT7lcLDE,00004,5.750499040980319,2.752
test,test,XESFPEFpHt4,00003,0,test,1bnzVjOJ6NM,00007,-9.894376589414174,2.496
test,test,QoT0S2vu9m4,00002,0,test,Li4S1yyrsTI,00014,-7.315179314491454,2.24
test,test,Li4S1yyrsTI,00022,0,test,bS6SiVz1R0o,00004,2.336815371198968,2.432
test,test,0gks6ceq4eQ,00005,0,test,BImnT7lcLDE,00006,-1.095519841097211,2.048
test,test,FQEEMpzPZlY,00001,0,test,t7Xr3AsBEK4,00001,4.805752950769257,2.176
test,test,BhMKmovNjvc,00001,0,test,LIy2oVJtJsA,00006,-3.2605826162144176,2.112
test,test,NCJTV5KaJJc,00001,0,test,vXPJVwwEmiM,00006,8.663936270156128,2.048
test,test,ta2Wvy9FSgA,00003,0,test,GIbz9ms9Z9k,00001,-9.779946947354217,4.608
test,test,gVfgkFaswn4,00006,0,test,UAj1hsXp18c,00013,3.5408100064421397,3.776
test,test,psN1DORYYV0,00016,0,test,NoCOagL69Ss,00002,-4.015824889047828,2.176
test,test,1bnzVjOJ6NM,00007,0,test,VAJS5J21Rd0,00005,0.9738627651281657,2.048
test,test,wlR1ojoiue0,00005,0,test,YzGjO5aHShQ,00007,-2.7710170829689122,2.496
test,test,UmvOgW6iV2s,00007,0,test,SaouBn7IKIo,00001,7.050330798881387,3.072
test,test,8mPpe8AL21A,00001,0,test,VAJS5J21Rd0,00005,-1.8846378709352436,2.048
test,test,ZJNESMhIxQ0,00003,0,test,x95nwilkaio,00005,-3.8963135734328276,3.072
test,test,ni4FV5zL6lM,00003,0,test,1bnzVjOJ6NM,00013,0.6751814957545363,2.24
test,test,XESFPEFpHt4,00010,0,test,GMynksvCcUI,00001,-6.514536441833858,2.112
test,test,SE97Kgi0sR4,00004,0,test,YyXRYgjQXX0,00008,-6.334636600196348,3.072
test,test,4n8qT0vQbWk,00001,0,test,F3OhcpKSUBc,00006,-0.9884850281971858,3.008
test,test,1L6lSFiV4xo,00002,0,test,GvGAIGbnX7E,00004,-3.859060634275721,2.56
test,test,jcp5vvxtEaU,00009,0,test,KPNn880KWfU,00005,-0.12579837590922338,3.52
test,test,V4sSabKqyMU,00003,0,test,n3kNlFMXslo,00013,-4.637720876018099,3.008
test,test,cHRZ6OrSvvI,00002,0,test,NqOjj1FCcVY,00007,2.61926211550443,3.008
test,test,QeIrdqU0o9s,00002,0,test,hiIcwt88o94,00002,-8.041392668051126,3.84
test,test,NCJTV5KaJJc,00001,0,test,E22icGCvGXk,00004,-5.900196063869552,2.496
test,test,81Ub0SMxZQo,00003,0,test,fZ8eyWBQmfU,00001,-9.661011426930614,3.52
test,test,DOgsYATbVSs,00003,0,test,jcp5vvxtEaU,00002,-1.7238426397369206,2.304
test,test,1bnzVjOJ6NM,00014,0,test,Li4S1yyrsTI,00010,2.6751310998210016,2.368
test,test,0gks6ceq4eQ,00008,0,test,GSf6nijSSdA,00007,-8.550468522747757,2.496
test,test,JFQLvbVJVMg,00003,0,test,FxtSMZKMdes,00015,-7.299686273729343,3.392
test,test,NqOjj1FCcVY,00007,0,test,ULNPLFrTirQ,00001,-6.668989126608147,2.176
test,test,7OMLSs8t1ng,00019,0,test,kEKzl6fub2w,00001,6.820875720575252,2.24
test,test,48xS00Iy0ac,00002,0,test,7ZymFMmpOa0,00002,0.7329491405699802,2.176
test,test,c64M1tZyWPM,00004,0,test,eZj5n8ScTkI,00003,-3.3123103905474878,2.048
test,test,hxsnKwmW0dk,00002,0,test,HSercnrqeN4,00001,-2.3113305050903694,2.24
test,test,TDaFwnOiKVE,00004,0,test,AsSd2nmoKNA,00001,5.331120604260599,2.112
test,test,TScetimMBL8,00002,0,test,UMhLBPPtlrY,00004,7.90335044925305,2.944
test,test,F3OhcpKSUBc,00006,0,test,x95nwilkaio,00003,7.048959962565608,3.52
test,test,ZJNESMhIxQ0,00047,0,test,WFCvkkDSfIU,00002,5.292835610342461,2.432
test,test,hiIcwt88o94,00003,0,test,LIy2oVJtJsA,00006,-5.2034569425753485,2.112
test,test,c9V6OKlY80k,00001,0,test,LpROaNue9GM,00001,-5.798438732339077,2.048
test,test,qWNae7vYK6s,00006,0,test,XESFPEFpHt4,00010,-3.3572120728083927,2.176
test,test,WFCvkkDSfIU,00003,0,test,SE97Kgi0sR4,00004,-8.788231379316453,2.688
test,test,P2AUat93a8Q,00002,0,test,GSf6nijSSdA,00005,3.926608015992951,2.112
test,test,t7Xr3AsBEK4,00006,0,test,Bo8YN3oB0Cw,00002,-4.721677344198117,2.304
test,test,FQEEMpzPZlY,00001,0,test,NL0uxDscjdo,00004,-8.971477515984427,2.176
test,test,8UhqkX2VAmo,00001,0,test,TGZMSmcuiXM,00001,-1.2770822954374665,2.112
test,test,QKHkSUiQboA,00005,0,test,GGScU5ESei4,00001,-3.9704632119533168,2.176
test,test,YzGjO5aHShQ,00007,0,test,Ip2SQa50uBI,00001,-0.6895674672690681,2.496
test,test,EV3OmxrowWE,00007,0,test,t2gbcVaZ448,00004,-6.53731237262305,2.624
test,test,bArH8r8jJ4g,00002,0,test,t2gbcVaZ448,00002,-5.011622890607836,2.304
test,test,xTkKSJSqUSI,00008,0,test,Sv5QitqbxJw,00003,-7.671972708185564,3.392
test,test,rSSanSYZDT4,00001,0,test,Jm2dWbNsnZI,00002,5.487419117690459,3.264
test,test,SSzRfSJTNW4,00006,0,test,l5vZHuAtDZA,00001,7.622002266665511,2.496
test,test,uqS6T6TAu74,00001,0,test,SaouBn7IKIo,00001,0.1969766210350148,3.072
test,test,GSf6nijSSdA,00010,0,test,fZ8eyWBQmfU,00001,-3.0754273928457065,2.176
test,test,BImnT7lcLDE,00001,0,test,81Ub0SMxZQo,00002,-3.90871899485175,2.24
test,test,ZJNESMhIxQ0,00004,0,test,Ok6LbV6bqaE,00002,-2.9726720372176203,4.096
test,test,48xS00Iy0ac,00002,0,test,mgcjr1yz7ow,00005,2.048956924888536,2.112
test,test,YyXRYgjQXX0,00007,0,test,nCg2NcGYu34,00006,2.8954897777043254,2.112
test,test,7ZymFMmpOa0,00011,0,test,LiUClSItcy0,00008,-7.944448630142233,2.688
test,test,rP7nmdDA1Fg,00006,0,test,Sew0bn8mGAA,00002,5.365750212636357,3.968
test,test,Jm2dWbNsnZI,00002,0,test,JSSc7hYKstI,00005,-7.8575058413122445,2.688
test,test,KxLMjn4WPBY,00001,0,test,o1Z4F4e2Bw4,00002,-3.614786831649379,2.56
test,test,JSSc7hYKstI,00017,0,test,Li4S1yyrsTI,00014,8.19108488603651,2.048
test,test,mgcjr1yz7ow,00008,0,test,48xS00Iy0ac,00003,-0.1687244572090929,2.496
test,test,UAj1hsXp18c,00023,0,test,ZJNESMhIxQ0,00012,-4.693282935059379,2.048
test,test,1bnzVjOJ6NM,00017,0,test,npNYP2vzaPo,00001,-1.0492760551739782,4.032
test,test,ROgFmb3oTLo,00005,0,test,ZJNESMhIxQ0,00030,8.910648401336797,2.688
test,test,27lMmdmySb8,00005,0,test,hiIcwt88o94,00019,-1.2521291017276432,2.176
test,test,WT7VMrxTPPA,00003,0,test,3uSQlcGCHUU,00017,2.5216648577770258,3.456
test,test,RAR4cz9wkUk,00002,0,test,HUM2rCIUdeI,00004,1.831882810651333,2.56
test,test,uL5XUwfkxZw,00008,0,test,DCIL2nvU4x8,00001,-2.264487055987856,2.176
test,test,LiUClSItcy0,00009,0,test,UmvOgW6iV2s,00003,4.6291048436220965,2.048
test,test,JSSc7hYKstI,00006,0,test,mgcjr1yz7ow,00005,5.539062799101668,2.112
test,test,LEx6K4P4GJc,00004,0,test,mgcjr1yz7ow,00008,-1.5325842295302152,2.432
test,test,YyXRYgjQXX0,00008,0,test,VxESitIllxE,00004,-6.809664221948308,3.072
test,test,xTkKSJSqUSI,00034,0,test,NqOjj1FCcVY,00006,-2.385094539138608,2.368
test,test,l5vZHuAtDZA,00001,0,test,fZ8eyWBQmfU,00001,-3.381594552856326,2.496
test,test,QKHkSUiQboA,00005,0,test,YyXRYgjQXX0,00001,-7.73508457766741,2.112
test,test,UAj1hsXp18c,00030,0,test,KxLMjn4WPBY,00001,-3.745822934776937,2.688
test,test,J8FyHI00ELY,00009,0,test,PSlBlZ3hqKc,00006,4.578309202041835,2.368
test,test,ddxHlkIuHqg,00002,0,test,JFQLvbVJVMg,00001,-7.875458567861879,2.112
test,test,ONM4JupBzSE,00005,0,test,V4sSabKqyMU,00003,6.424183303239445,2.112
test,test,jcp5vvxtEaU,00011,0,test,H14bBuluwB8,00002,8.808389893046392,2.368
test,test,eNAHVnkll5M,00003,0,test,c64M1tZyWPM,00002,2.7253575343892162,2.304
test,test,WFCvkkDSfIU,00003,0,test,Sa27SUR0Mlo,00004,-6.895548598963542,2.688
test,test,VAJS5J21Rd0,00005,0,test,vXPJVwwEmiM,00006,1.4400597206700443,2.048
test,test,fTSXvLzNd0o,00002,0,test,55yGmKc6WfE,00001,-7.455068889006771,2.112
test,test,NqOjj1FCcVY,00001,0,test,7OMLSs8t1ng,00019,-7.808441303553748,2.24
test,test,RiM5aSvaNkg,00003,0,test,psN1DORYYV0,00008,8.106405880977125,2.176
test,test,LjAsM1vAhW0,00001,0,test,qYUmI5kGsYk,00001,-1.1416651421070494,2.496
test,test,RiM5aSvaNkg,00001,0,test,27lMmdmySb8,00008,2.5626407509859543,2.624
test,test,ta2Wvy9FSgA,00003,0,test,VAJS5J21Rd0,00005,-5.87324213536228,2.048
test,test,ni4FV5zL6lM,00003,0,test,uJr4wGcLNsA,00005,0.4245020539599942,2.752
test,test,0gks6ceq4eQ,00009,0,test,UAj1hsXp18c,00014,9.600668982463251,2.048
test,test,mgcjr1yz7ow,00005,0,test,uL5XUwfkxZw,00015,3.631076382850358,2.112
test,test,Jm2dWbNsnZI,00001,0,test,FxtSMZKMdes,00015,-5.865126358361492,2.368
test,test,AsSd2nmoKNA,00002,0,test,0VJqrlH9cdI,00002,6.315359400840098,2.624
test,test,IjbTiRbeNpM,00005,0,test,t2gbcVaZ448,00003,3.3527762551160283,2.496
test,test,c64M1tZyWPM,00003,0,test,V4sSabKqyMU,00002,-3.5568979080217566,2.048
test,test,UAj1hsXp18c,00003,0,test,mgcjr1yz7ow,00015,4.99288289245875,2.688
test,test,fxbCHn6gE3U,00005,0,test,9RMx31GnNXY,00004,3.9627911684687174,3.264
test,test,V4sSabKqyMU,00005,0,test,6Waurx8eS1o,00001,9.69317467470271,2.432
test,test,66koScWSHBU,00001,0,test,GSf6nijSSdA,00007,-3.0085376312292533,3.2
test,test,SE97Kgi0sR4,00005,0,test,eNAHVnkll5M,00005,3.408370028241901,3.264
test,test,SSzRfSJTNW4,00007,0,test,VxESitIllxE,00004,-1.4255770906951817,2.752
test,test,LiUClSItcy0,00001,0,test,wG4RnDNWtJo,00001,-0.28125826427004696,2.752
test,test,LEx6K4P4GJc,00001,0,test,BQZKs75RMqM,00001,2.508343274967187,3.008
test,test,FxtSMZKMdes,00010,0,test,V4sSabKqyMU,00005,-7.301141005984919,2.816
test,test,xukDIWFMU9Y,00003,0,test,NoCOagL69Ss,00002,-0.4362716714397834,2.112
test,test,nCg2NcGYu34,00006,0,test,7ZymFMmpOa0,00005,-6.399632995792313,2.112
test,test,xkFTZcUPjBg,00001,0,test,uqS6T6TAu74,00001,-1.3564618824618098,2.368
test,test,rP7nmdDA1Fg,00005,0,test,6wNif5SlN08,00014,-4.685298181631117,2.304
test,test,Sa27SUR0Mlo,00012,0,test,vXPJVwwEmiM,00006,-4.759302258590099,2.048
test,test,95ovIJ3dsNk,00009,0,test,t2gbcVaZ448,00004,8.371527288298434,2.624
test,test,JSSc7hYKstI,00014,0,test,VAJS5J21Rd0,00009,-5.869518084231144,3.2
test,test,xTkKSJSqUSI,00025,0,test,iPE2SiCCo0w,00007,2.511714849294746,2.688
test,test,AsSd2nmoKNA,00001,0,test,3uSQlcGCHUU,00001,2.31964816192513,2.112
test,test,akiQuyhXR8o,00010,0,test,87AEeLpodnE,00005,-1.5028445586185484,2.176
test,test,Li4S1yyrsTI,00021,0,test,mSHBma0Ithk,00006,8.203339999993613,2.496
test,test,YyXRYgjQXX0,00013,0,test,P2AUat93a8Q,00002,2.580416371926461,2.688
test,test,ZnCSUBmeRxw,00010,0,test,ZJNESMhIxQ0,00021,-9.884048560742597,3.008
test,test,Ip2SQa50uBI,00001,0,test,hiIcwt88o94,00003,-4.0624958747270945,4.096
test,test,FxtSMZKMdes,00010,0,test,eZj5n8ScTkI,00003,8.752069677366677,3.008
test,test,Li4S1yyrsTI,00021,0,test,QeIrdqU0o9s,00006,4.747202607845242,3.456
test,test,HSercnrqeN4,00001,0,test,FcmSmAwPkxg,00010,7.911103204881492,2.24
test,test,V4sSabKqyMU,00005,0,test,VAJS5J21Rd0,00005,-5.638832924475157,2.048
test,test,BHY0FxzoKZE,00003,0,test,dYNc3P4jSt4,00001,6.6922320207169435,2.88
test,test,ZJNESMhIxQ0,00003,0,test,Li4S1yyrsTI,00009,4.002603420323151,3.072
test,test,0Fi83BHQsMA,00005,0,test,n3kNlFMXslo,00003,-8.626279578289708,2.944
test,test,fxbCHn6gE3U,00007,0,test,Sv5QitqbxJw,00004,5.391552919398068,2.048
test,test,jPf0LjZAS14,00010,0,test,55yGmKc6WfE,00001,-1.5235469220378874,2.432
test,test,Sktdq5z1NS4,00001,0,test,ni4FV5zL6lM,00001,0.2101684066475542,2.048
test,test,Li4S1yyrsTI,00015,0,test,BQZKs75RMqM,00001,-6.758907098689382,2.688
test,test,2UStOghblfE,00001,0,test,GSf6nijSSdA,00010,7.005745466127927,2.176
test,test,OwgWkUIm9Gc,00008,0,test,GSf6nijSSdA,00003,7.455876843049456,2.176
test,test,TGZMSmcuiXM,00013,0,test,dYNc3P4jSt4,00004,-8.876489880868894,3.456
test,test,LYCKzpXEW6E,00003,0,test,YyXRYgjQXX0,00013,-4.024293430986081,2.368
test,test,2UStOghblfE,00001,0,test,eNAHVnkll5M,00005,-0.96435601542745,2.24
test,test,FKxaL8Iau8Q,00002,0,test,NYKcOFQCeno,00003,9.701273086657068,2.368
test,test,eNAHVnkll5M,00003,0,test,RiM5aSvaNkg,00001,-5.647813221647445,2.624
test,test,ZnCSUBmeRxw,00010,0,test,95ovIJ3dsNk,00006,2.8834270719440056,5.568
test,test,rSSanSYZDT4,00001,0,test,jcp5vvxtEaU,00010,3.953608707535782,2.368
test,test,fTSXvLzNd0o,00002,0,test,NqOjj1FCcVY,00007,0.22660081697595302,2.112
test,test,VzyjDRSAWzE,00001,0,test,psN1DORYYV0,00020,3.1326076930978353,2.048
test,test,bArH8r8jJ4g,00002,0,test,2UStOghblfE,00005,-3.260842791979899,3.136
test,test,SSzRfSJTNW4,00006,0,test,mgcjr1yz7ow,00013,-3.0017749657662502,2.56
test,test,qWNae7vYK6s,00008,0,test,hiIcwt88o94,00006,0.6902236978934759,2.048
test,test,YyXRYgjQXX0,00008,0,test,stngBN4hp14,00001,-7.297389521969531,3.072
test,test,Li4S1yyrsTI,00014,0,test,V4sSabKqyMU,00005,3.470897896976613,2.496
test,test,rFpDK2KhAgw,00007,0,test,UAinLaT42xY,00001,3.8655813270088935,2.496
test,test,cmpu58yv8Sg,00005,0,test,WFCvkkDSfIU,00002,1.8052685759105707,2.432
test,test,mSHBma0Ithk,00006,0,test,7gkdzkVbuVA,00001,6.469617680123751,2.496
test,test,55yGmKc6WfE,00001,0,test,xTkKSJSqUSI,00008,-0.9784876207455753,2.752
test,test,FD6CqD1kV8s,00003,0,test,27lMmdmySb8,00001,9.640763866727223,2.752
test,test,VAJS5J21Rd0,00005,0,test,psN1DORYYV0,00020,-2.531952255646388,2.048
test,test,wzkFoetpSSM,00005,0,test,iPE2SiCCo0w,00007,7.222695014420037,2.688
test,test,KPNn880KWfU,00003,0,test,bArH8r8jJ4g,00001,5.842013685621662,2.368
test,test,0VJqrlH9cdI,00001,0,test,t2gbcVaZ448,00003,3.0866255796786906,2.368
test,test,LEx6K4P4GJc,00001,0,test,GMynksvCcUI,00009,-0.3024786819812668,3.456
test,test,c9V6OKlY80k,00001,0,test,LYCKzpXEW6E,00002,-6.717699018304626,2.048
test,test,pFDoCLf96Kg,00001,0,test,0gks6ceq4eQ,00008,6.0928081908816445,2.496
test,test,OzA6jRYjVQs,00008,0,test,n3kNlFMXslo,00002,-2.1557776740888883,2.432
test,test,qWNae7vYK6s,00008,0,test,SE97Kgi0sR4,00005,9.307585409148157,2.24
test,test,tbSWdVA4Sbo,00001,0,test,ROgFmb3oTLo,00004,-5.475974233828862,2.944
test,test,HSercnrqeN4,00001,0,test,AsSd2nmoKNA,00001,3.619427155861125,2.112
test,test,bArH8r8jJ4g,00004,0,test,YyXRYgjQXX0,00007,4.65889806409991,2.24
test,test,6wNif5SlN08,00014,0,test,gVfgkFaswn4,00003,-8.83892914651927,2.432
test,test,UAj1hsXp18c,00024,0,test,NL0uxDscjdo,00004,-0.7067508946769792,2.496
test,test,ZJNESMhIxQ0,00003,0,test,WFCvkkDSfIU,00002,9.701362005533134,2.432
test,test,VxESitIllxE,00001,0,test,xTkKSJSqUSI,00004,-1.2390969679206965,2.112
test,test,0VJqrlH9cdI,00001,0,test,XBJQENjZJaA,00003,8.295401886438455,2.368
test,test,mgcjr1yz7ow,00008,0,test,vhVWzkbAW4I,00007,-0.5301558724590745,3.456
test,test,JSSc7hYKstI,00005,0,test,EGjxIS5MPUY,00001,4.545952973064402,2.688
test,test,QeIrdqU0o9s,00006,0,test,OIlSXRCSBSI,00001,6.025814394783254,2.432
test,test,8vNIrPeRGlM,00011,0,test,Hj9oB4zpHww,00003,-2.113561703371696,2.944
test,test,8mPpe8AL21A,00001,0,test,qafSjNLjedo,00001,-8.129597280072092,2.88
test,test,cHRZ6OrSvvI,00002,0,test,87AEeLpodnE,00005,-7.1206177968415485,2.176
test,test,YyXRYgjQXX0,00008,0,test,TVtgb153S6I,00001,-3.4898805607615007,3.072
test,test,Sv5QitqbxJw,00003,0,test,7OMLSs8t1ng,00019,-5.460098685434193,2.24
test,test,tzJYY2p0QIc,00001,0,test,UmvOgW6iV2s,00001,6.344104044856195,2.496
test,test,JSSc7hYKstI,00006,0,test,AsSd2nmoKNA,00001,7.885636106784485,2.112
test,test,gVfgkFaswn4,00003,0,test,Li4S1yyrsTI,00015,-7.833677575577623,2.688
test,test,3uSQlcGCHUU,00001,0,test,l5vZHuAtDZA,00001,-8.292686913137448,2.496
test,test,PSlBlZ3hqKc,00006,0,test,ClfBxWPkBKU,00005,-0.3956343951683099,3.456
test,test,KxLMjn4WPBY,00002,0,test,GIbz9ms9Z9k,00001,-5.224698257131148,4.608
test,test,9uOMectkCCs,00001,0,test,0ZfSOArXbGQ,00003,-3.358302799762873,4.16
test,test,ZJNESMhIxQ0,00002,0,test,QeIrdqU0o9s,00002,9.463200879315878,3.84
test,test,81Ub0SMxZQo,00002,0,test,xukDIWFMU9Y,00003,-7.6112873629662285,2.112
test,test,ZJNESMhIxQ0,00037,0,test,9uOMectkCCs,00002,1.662871287100744,2.304
test,test,LiUClSItcy0,00001,0,test,UAinLaT42xY,00001,2.133875232107039,2.496
test,test,6kHSuYwt0qs,00002,0,test,GSf6nijSSdA,00011,9.933522070401594,2.624
test,test,xkFTZcUPjBg,00001,0,test,SSzRfSJTNW4,00006,8.039698770684584,2.368
test,test,UAj1hsXp18c,00011,0,test,3uSQlcGCHUU,00006,9.32899366598145,2.496
test,test,YD5PFdghryc,00001,0,test,Mt0PiXLvYlU,00006,-7.887837010216652,2.496
test,test,RiM5aSvaNkg,00002,0,test,x95nwilkaio,00002,0.4042425349428562,4.928
test,test,HUM2rCIUdeI,00004,0,test,V1yW5IsnSjo,00009,4.4922483778007845,2.752
test,test,pFDoCLf96Kg,00001,0,test,GAMR5RDSLJo,00020,-1.3462945027431612,3.072
test,test,PrK0CifulU0,00003,0,test,xTkKSJSqUSI,00023,-4.353927588933373,2.752
test,test,DOgsYATbVSs,00003,0,test,0gks6ceq4eQ,00009,8.047755740467412,2.048
test,test,eNAHVnkll5M,00002,0,test,LEx6K4P4GJc,00003,-7.02424822695262,2.304
test,test,VzyjDRSAWzE,00001,0,test,DCIL2nvU4x8,00001,9.694794907844553,2.048
test,test,UmvOgW6iV2s,00001,0,test,mgcjr1yz7ow,00013,2.93785891950135,2.496
test,test,VzyjDRSAWzE,00001,0,test,Us70DN2XSfM,00005,4.317463917347592,2.048
test,test,Sa27SUR0Mlo,00012,0,test,psN1DORYYV0,00016,5.699111715498129,2.688
test,test,x95nwilkaio,00001,0,test,dYNc3P4jSt4,00004,-4.940593777807121,3.392
test,test,QoT0S2vu9m4,00002,0,test,vhVWzkbAW4I,00007,8.168959714211642,2.24
test,test,ZnCSUBmeRxw,00007,0,test,SSzRfSJTNW4,00007,-9.965343923049216,2.752
test,test,VsjTVGIw4z8,00005,0,test,0ZfSOArXbGQ,00003,6.006402239592866,2.176
test,test,TUgBdSyK7S4,00001,0,test,EV3OmxrowWE,00007,-0.9444399559495658,5.76
test,test,8nt3edWLgIg,00005,0,test,Gmai4zkKNcM,00006,-1.8781164398855879,4.48
test,test,Ok6LbV6bqaE,00005,0,test,YyXRYgjQXX0,00010,1.2925081310478408,3.136
test,test,3uSQlcGCHUU,00014,0,test,KPNn880KWfU,00005,-3.6059001772262667,2.112
test,test,LYCKzpXEW6E,00003,0,test,9uOMectkCCs,00007,9.836391385377834,2.368
test,test,xTkKSJSqUSI,00025,0,test,XESFPEFpHt4,00010,-9.301762330661026,2.688
test,test,GvGAIGbnX7E,00004,0,test,Mt0PiXLvYlU,00003,2.099482043161734,2.56
test,test,Sew0bn8mGAA,00002,0,test,GSf6nijSSdA,00010,3.088957925114901,2.176
test,test,3uSQlcGCHUU,00012,0,test,7gkdzkVbuVA,00004,5.461759400985361,2.048
test,test,SN7wO06Yz1E,00002,0,test,BHY0FxzoKZE,00003,-9.075072771495956,2.24
test,test,KxLMjn4WPBY,00001,0,test,27lMmdmySb8,00001,-3.5268612422708028,3.968
test,test,1bnzVjOJ6NM,00022,0,test,w1R4F9sSoow,00001,3.0385548260825033,2.368
test,test,UmvOgW6iV2s,00004,0,test,TVtgb153S6I,00001,-3.1404462930412542,3.584
test,test,HSercnrqeN4,00001,0,test,WFCvkkDSfIU,00002,-6.710202764784164,2.24
test,test,OzA6jRYjVQs,00008,0,test,xukDIWFMU9Y,00003,8.575694699231427,2.112
test,test,1bnzVjOJ6NM,00021,0,test,t7Xr3AsBEK4,00006,-6.377664431300363,2.24
test,test,FcmSmAwPkxg,00006,0,test,LiUClSItcy0,00009,-1.4194273507748747,4.352
test,test,GMynksvCcUI,00008,0,test,OIlSXRCSBSI,00001,6.073653324214931,2.432
test,test,7gkdzkVbuVA,00004,0,test,gVfgkFaswn4,00006,-0.9579960257727311,2.048
test,test,GGScU5ESei4,00004,0,test,7gkdzkVbuVA,00004,-5.247332001955439,2.048
test,test,KxLMjn4WPBY,00002,0,test,JSSc7hYKstI,00007,8.037885553009929,5.952
test,test,jcp5vvxtEaU,00011,0,test,gVfgkFaswn4,00003,1.9644502320903143,2.496
test,test,BQZKs75RMqM,00001,0,test,psN1DORYYV0,00008,-3.9199405646221575,2.176
test,test,KuWXfjyGhk0,00007,0,test,fZ8eyWBQmfU,00001,-8.062293571182613,2.56
test,test,NL0uxDscjdo,00004,0,test,tbSWdVA4Sbo,00001,8.457778287098922,2.496
test,test,VIgzTLDyObo,00002,0,test,SnSHsb5xKPo,00001,-8.357275169801436,3.84
test,test,6kHSuYwt0qs,00002,0,test,VIgzTLDyObo,00002,-4.7037744380328705,2.688
test,test,SSzRfSJTNW4,00006,0,test,FxtSMZKMdes,00007,4.293180919933867,2.88
test,test,GSf6nijSSdA,00011,0,test,VfAiNX7jn9A,00011,-0.5179304257384754,2.176
test,test,Gmai4zkKNcM,00001,0,test,qafSjNLjedo,00001,-0.8348540850794244,2.88
test,test,Li4S1yyrsTI,00010,0,test,DOgsYATbVSs,00003,9.030675475000514,2.304
test,test,OM6XIICmSqo,00002,0,test,mgcjr1yz7ow,00013,-7.6285338954114446,2.56
test,test,YzGjO5aHShQ,00017,0,test,FxtSMZKMdes,00007,3.064969122253693,2.496
test,test,w1R4F9sSoow,00001,0,test,GSf6nijSSdA,00011,8.520934224282971,2.624
test,test,xTkKSJSqUSI,00015,0,test,NCJTV5KaJJc,00001,-6.1492142782324315,3.008
test,test,xFSCX9mAHPo,00001,0,test,GqnJFm1CS3c,00002,4.3426311281520835,2.048
test,test,8iSpNVj5KMw,00002,0,test,UAj1hsXp18c,00001,3.349856694879927,2.176
test,test,0gks6ceq4eQ,00008,0,test,PrK0CifulU0,00005,-5.354283046256758,2.176
test,test,0ZfSOArXbGQ,00003,0,test,VAJS5J21Rd0,00005,-0.9886242042626883,2.048
test,test,SE97Kgi0sR4,00006,0,test,1bnzVjOJ6NM,00017,2.235651077097314,2.688
test,test,eNAHVnkll5M,00004,0,test,LYCKzpXEW6E,00003,-7.141254170780393,2.176
test,test,ONM4JupBzSE,00005,0,test,3uSQlcGCHUU,00006,0.05558156427694705,2.112
test,test,ni4FV5zL6lM,00003,0,test,ZJNESMhIxQ0,00003,-8.57353447825469,2.752
test,test,8UhqkX2VAmo,00001,0,test,xTkKSJSqUSI,00015,-0.13394812906068765,2.752
test,test,DDaldVHUedI,00004,0,test,JFQLvbVJVMg,00001,8.116045015857132,2.112
test,test,0gks6ceq4eQ,00005,0,test,9RMx31GnNXY,00003,0.34989704164438606,3.008
test,test,gVfgkFaswn4,00003,0,test,8vNIrPeRGlM,00011,0.7925286670061134,4.032
test,test,cmpu58yv8Sg,00005,0,test,vhVWzkbAW4I,00008,-0.9121758327277991,2.496
test,test,xTkKSJSqUSI,00008,0,test,PrK0CifulU0,00005,-4.219207249051489,2.176
test,test,xlUPlxSpDRo,00001,0,test,ZJNESMhIxQ0,00037,8.478165766541185,2.304
test,test,LpROaNue9GM,00001,0,test,E22icGCvGXk,00004,-7.87137430270459,2.496
test,test,vhVWzkbAW4I,00011,0,test,o1Z4F4e2Bw4,00002,-4.061555609155548,2.56
test,test,7gkdzkVbuVA,00001,0,test,n3kNlFMXslo,00002,-9.746892905350641,2.816
test,test,t7Xr3AsBEK4,00004,0,test,MsLuQM5V3FA,00001,-0.9472822499449727,2.24
test,test,RplnSVTzvnU,00001,0,test,3uSQlcGCHUU,00008,0.09246897441044233,2.112
test,test,SE97Kgi0sR4,00005,0,test,BImnT7lcLDE,00006,-1.2758952044707765,2.048
test,test,95ovIJ3dsNk,00009,0,test,8nt3edWLgIg,00004,3.502847813525058,3.136
test,test,ta2Wvy9FSgA,00003,0,test,KxLMjn4WPBY,00001,-9.823237268365471,4.608
test,test,LiUClSItcy0,00007,0,test,m6X1i8khmt8,00002,-7.722282034970094,2.24
test,test,NqOjj1FCcVY,00006,0,test,n3kNlFMXslo,00003,-0.05162951575047714,2.368
test,test,xTkKSJSqUSI,00023,0,test,dYNc3P4jSt4,00008,9.071546325119446,2.496
test,test,xTkKSJSqUSI,00019,0,test,t2gbcVaZ448,00004,5.324446980987808,2.048
test,test,DOgsYATbVSs,00003,0,test,LiUClSItcy0,00001,8.424074398311685,2.304
test,test,qWNae7vYK6s,00008,0,test,ZnCSUBmeRxw,00004,7.164717105643337,2.24
test,test,1L6lSFiV4xo,00002,0,test,OIlSXRCSBSI,00001,7.6505137747368295,2.432
test,test,8vNIrPeRGlM,00005,0,test,uL5XUwfkxZw,00015,-7.881358072834179,2.24
test,test,HI7zfpitZpo,00002,0,test,GqnJFm1CS3c,00002,7.141753243798657,2.304
test,test,YzGjO5aHShQ,00017,0,test,OIlSXRCSBSI,00006,-0.9245719567893662,2.304
test,test,ZJNESMhIxQ0,00025,0,test,n3kNlFMXslo,00013,-4.3559569021384315,3.008
test,test,EV3OmxrowWE,00003,0,test,nCg2NcGYu34,00004,9.363378767949978,2.496
test,test,6kHSuYwt0qs,00002,0,test,qafSjNLjedo,00001,-9.279744412963408,2.688
test,test,wlR1ojoiue0,00005,0,test,YzGjO5aHShQ,00006,-5.68677006790703,5.888
test,test,V1yW5IsnSjo,00009,0,test,Li4S1yyrsTI,00015,2.612170318673366,2.688
test,test,9YekkGz1E2k,00002,0,test,ZJNESMhIxQ0,00023,6.582181371349677,2.624
test,test,fIICVeGW4RY,00001,0,test,UAj1hsXp18c,00024,-7.853621726647386,2.496
test,test,ClfBxWPkBKU,00008,0,test,3uSQlcGCHUU,00006,-7.612013232578718,2.496
test,test,yeVz0rtXCmw,00001,0,test,LIy2oVJtJsA,00006,-3.1368995817860217,2.112
test,test,nCg2NcGYu34,00004,0,test,stngBN4hp14,00001,-5.872799971013023,2.496
test,test,LEx6K4P4GJc,00001,0,test,eNAHVnkll5M,00004,-7.443555005553821,2.176
test,test,8vNIrPeRGlM,00010,0,test,j7fRIGphgtk,00005,-5.245694663384857,2.368
test,test,8vNIrPeRGlM,00011,0,test,npNYP2vzaPo,00004,-7.422240913222149,3.328
test,test,FcmSmAwPkxg,00008,0,test,3uSQlcGCHUU,00016,-8.78678087658486,2.56
test,test,RAR4cz9wkUk,00002,0,test,OYfoGTIG7pY,00004,-8.717187171258054,2.112
test,test,rBKV4rOgSJU,00008,0,test,vhVWzkbAW4I,00004,8.316665355076598,2.816
test,test,8vNIrPeRGlM,00005,0,test,0gks6ceq4eQ,00008,2.4596388274706893,2.24
test,test,ULNPLFrTirQ,00001,0,test,1bnzVjOJ6NM,00014,1.4821246199875766,2.176
test,test,UK8ccWSZkic,00001,0,test,fIICVeGW4RY,00001,3.4445141506871124,2.56
test,test,87AEeLpodnE,00010,0,test,SSzRfSJTNW4,00006,-3.4492543965795175,2.24
test,test,OYfoGTIG7pY,00004,0,test,GSf6nijSSdA,00010,1.4956216294370765,2.112
test,test,gVfgkFaswn4,00003,0,test,3uSQlcGCHUU,00008,4.372102510799161,4.288
test,test,PSlBlZ3hqKc,00012,0,test,wzkFoetpSSM,00005,-7.86113576298489,3.456
test,test,ZnCSUBmeRxw,00007,0,test,RplnSVTzvnU,00003,1.0627611291416237,4.16
test,test,GSf6nijSSdA,00003,0,test,6wNif5SlN08,00014,-8.335403437149454,2.176
test,test,O6Vayv9FCLM,00001,0,test,vhVWzkbAW4I,00011,5.01070397562019,2.496
test,test,JFQLvbVJVMg,00003,0,test,FcmSmAwPkxg,00005,-1.2172602172060643,2.176
test,test,dYNc3P4jSt4,00007,0,test,ni4FV5zL6lM,00001,-6.515675189166177,2.048
test,test,LYCKzpXEW6E,00003,0,test,3uSQlcGCHUU,00014,1.1812855517394283,2.112
test,test,8vNIrPeRGlM,00010,0,test,UAj1hsXp18c,00024,2.017777887471855,2.496
test,test,jiUKpX09zo4,00001,0,test,rBKV4rOgSJU,00008,9.00178680520834,2.368
test,test,GGScU5ESei4,00001,0,test,SFnMTHhKdkw,00004,3.908497864417148,2.176
test,test,1bnzVjOJ6NM,00022,0,test,YyXRYgjQXX0,00008,9.862878756170407,2.368
test,test,95ovIJ3dsNk,00006,0,test,UAq4yBdSYZs,00001,-0.977629121549537,3.776
test,test,OzA6jRYjVQs,00003,0,test,7gXq1ml6B1E,00001,7.58245779172799,2.048
test,test,nASJ0510Pxs,00002,0,test,FxtSMZKMdes,00005,-2.63771845842121,2.048
test,test,vXPJVwwEmiM,00001,0,test,LiUClSItcy0,00001,-9.932661215569096,2.24
test,test,tiSiSM3pk5M,00002,0,test,c64M1tZyWPM,00003,-0.8094950693863652,2.048
test,test,LYCKzpXEW6E,00002,0,test,rP7nmdDA1Fg,00005,8.048575597776967,2.304
test,test,ta2Wvy9FSgA,00003,0,test,xTkKSJSqUSI,00034,-7.27277412555005,2.496
test,test,UMhLBPPtlrY,00004,0,test,VAJS5J21Rd0,00009,7.824921652587896,3.2
test,test,xTkKSJSqUSI,00019,0,test,gVfgkFaswn4,00006,4.344670550030546,2.048
test,test,xTkKSJSqUSI,00025,0,test,Bs86giWcjLA,00004,-6.231982969944275,2.688
test,test,k2hQL9Zrokk,00002,0,test,uJr4wGcLNsA,00003,8.33267843240009,2.24
test,test,GvGAIGbnX7E,00004,0,test,4n8qT0vQbWk,00003,-0.7870780689891284,2.56
test,test,BImnT7lcLDE,00003,0,test,fxbCHn6gE3U,00007,-2.0200538445542593,2.88
test,test,eNAHVnkll5M,00005,0,test,sxnlvwprfSc,00002,5.097155767031758,2.752
test,test,psN1DORYYV0,00008,0,test,6wNif5SlN08,00010,5.754689112970139,2.176
test,test,QeIrdqU0o9s,00002,0,test,xTkKSJSqUSI,00034,-6.438720337075942,2.496
test,test,0VJqrlH9cdI,00002,0,test,1bnzVjOJ6NM,00017,-5.160529001832113,2.816
test,test,8Z24LCysq3A,00001,0,test,1bnzVjOJ6NM,00006,-7.126106512524924,2.624
test,test,MNuOmTQdFjA,00002,0,test,t2gbcVaZ448,00002,9.3161790458749,2.048
test,test,0ZfSOArXbGQ,00003,0,test,F3OhcpKSUBc,00006,8.298558100586718,3.52
test,test,uL5XUwfkxZw,00008,0,test,ZJNESMhIxQ0,00035,-5.982453945605901,2.176
test,test,FcmSmAwPkxg,00008,0,test,ZJNESMhIxQ0,00001,-4.457943853617512,3.84
test,test,OwgWkUIm9Gc,00009,0,test,V1yW5IsnSjo,00003,8.288411143449252,3.52
test,test,hQigUH0vZSE,00001,0,test,FKxaL8Iau8Q,00002,6.276058675034463,2.368
test,test,OzA6jRYjVQs,00008,0,test,UAj1hsXp18c,00014,2.1890493432065163,2.432
test,test,uL5XUwfkxZw,00011,0,test,ROgFmb3oTLo,00007,-0.9554057094116519,2.176
test,test,O6Vayv9FCLM,00001,0,test,sxnlvwprfSc,00002,9.88159680254925,2.496
test,test,3uSQlcGCHUU,00016,0,test,fIICVeGW4RY,00001,-2.5202393148617963,2.56
test,test,8vNIrPeRGlM,00001,0,test,FFG2rilqT2g,00005,7.221302299572482,2.24
test,test,FxtSMZKMdes,00004,0,test,OIlSXRCSBSI,00006,-7.059397253434076,2.304
test,test,SS8TSf2srSw,00002,0,test,TUgBdSyK7S4,00001,-5.131052690570224,3.776
test,test,PbgB2TaYhio,00001,0,test,WT7VMrxTPPA,00004,-5.14081651703367,2.176
test,test,dYNc3P4jSt4,00008,0,test,1bnzVjOJ6NM,00005,3.3391790695838974,2.496
test,test,UAj1hsXp18c,00001,0,test,GMynksvCcUI,00008,-0.3510725873995959,2.176
test,test,OIlSXRCSBSI,00006,0,test,NqOjj1FCcVY,00006,-7.0174800224338085,2.304
test,test,c9V6OKlY80k,00001,0,test,DOgsYATbVSs,00003,7.056943375605897,2.048
test,test,ClfBxWPkBKU,00011,0,test,V4sSabKqyMU,00001,-1.0256966461506618,2.048
test,test,FcmSmAwPkxg,00005,0,test,hiIcwt88o94,00003,-4.2047698623201875,2.176
test,test,rFpDK2KhAgw,00007,0,test,m6X1i8khmt8,00001,-7.568855532835014,2.176
test,test,hiIcwt88o94,00020,0,test,Sa27SUR0Mlo,00001,2.3320358781399246,2.048
test,test,qWNae7vYK6s,00001,0,test,xkFTZcUPjBg,00001,-8.599477643580144,2.368
test,test,ZJNESMhIxQ0,00030,0,test,hiIcwt88o94,00003,4.495179347754059,5.888
test,test,KuWXfjyGhk0,00005,0,test,t7Xr3AsBEK4,00002,7.188716650590301,2.048
test,test,bArH8r8jJ4g,00004,0,test,VxESitIllxE,00001,1.9619390329223574,2.24
test,test,Ok6LbV6bqaE,00003,0,test,87AEeLpodnE,00010,6.148257106685108,2.24
test,test,hQigUH0vZSE,00001,0,test,sxnlvwprfSc,00002,8.994158462849207,2.752
test,test,hiIcwt88o94,00020,0,test,ClfBxWPkBKU,00008,9.067471636281866,2.048
test,test,66koScWSHBU,00001,0,test,jbHpF7EySck,00002,-9.295341168394307,3.2
test,test,9RMx31GnNXY,00004,0,test,n3kNlFMXslo,00012,-0.9335815993855441,3.264
test,test,CxEqV8WtfOo,00001,0,test,RplnSVTzvnU,00003,-3.3676440994806107,2.176
test,test,OM6XIICmSqo,00002,0,test,jcp5vvxtEaU,00009,-8.917835850292475,3.52
test,test,H14bBuluwB8,00002,0,test,UZmXwOgNq7c,00001,1.1336859302352682,2.368
test,test,8vNIrPeRGlM,00001,0,test,LYCKzpXEW6E,00002,-1.3920777110898914,2.24
test,test,6kHSuYwt0qs,00002,0,test,YzGjO5aHShQ,00006,-9.130336479978286,2.688
test,test,V1yW5IsnSjo,00001,0,test,3uSQlcGCHUU,00008,-1.3719141775198302,4.288
test,test,cmpu58yv8Sg,00005,0,test,FxtSMZKMdes,00007,8.044214213175866,2.88
test,test,rFpDK2KhAgw,00007,0,test,ni4FV5zL6lM,00001,-7.838522371555234,2.048
test,test,NYKcOFQCeno,00003,0,test,t7Xr3AsBEK4,00002,3.225080708697135,2.368
test,test,AsSd2nmoKNA,00002,0,test,BHY0FxzoKZE,00003,6.6410530166880015,2.624
test,test,jcp5vvxtEaU,00002,0,test,fxbCHn6gE3U,00007,-1.8835128105962458,2.688
test,test,3uSQlcGCHUU,00016,0,test,dYNc3P4jSt4,00006,2.3577222691182627,2.56
test,test,hiIcwt88o94,00018,0,test,FQEEMpzPZlY,00001,6.049744496749536,2.176
test,test,RiM5aSvaNkg,00003,0,test,ROgFmb3oTLo,00010,7.687401545513861,2.24
test,test,GAMR5RDSLJo,00020,0,test,OYfoGTIG7pY,00004,5.579758500972616,2.112
test,test,npNYP2vzaPo,00001,0,test,VsjTVGIw4z8,00005,0.24144976993363798,2.176
test,test,jPf0LjZAS14,00001,0,test,JSSc7hYKstI,00006,3.9459854955780536,2.944
test,test,Sa27SUR0Mlo,00012,0,test,7qT3RpaBlJo,00001,0.08436078620729326,2.688
test,test,mc0vhSseGk4,00001,0,test,TDaFwnOiKVE,00004,-2.3310502175503363,3.456
test,test,KPNn880KWfU,00005,0,test,6wNif5SlN08,00010,-8.333945857122503,3.136
test,test,1bnzVjOJ6NM,00022,0,test,pFDoCLf96Kg,00001,7.076300973282816,2.368
test,test,ZJNESMhIxQ0,00019,0,test,8mPpe8AL21A,00001,-3.6307335382697614,2.048
test,test,x95nwilkaio,00003,0,test,LiUClSItcy0,00001,-4.5185058844703825,3.264
test,test,vhVWzkbAW4I,00005,0,test,8UhqkX2VAmo,00001,1.9797609092748214,2.752
test,test,vhVWzkbAW4I,00011,0,test,MNuOmTQdFjA,00002,-0.8059279830128592,2.048
test,test,Gmai4zkKNcM,00006,0,test,Mt0PiXLvYlU,00006,1.2919528841820078,2.496
test,test,FD6CqD1kV8s,00003,0,test,TVtgb153S6I,00002,-8.784488836252303,2.752
test,test,9RMx31GnNXY,00003,0,test,Us70DN2XSfM,00003,3.9832218409983415,3.008
test,test,n3kNlFMXslo,00013,0,test,0Fi83BHQsMA,00005,0.8153919066314881,2.944
test,test,GSf6nijSSdA,00010,0,test,Mt0PiXLvYlU,00003,4.854203778783376,2.176
test,test,ZJNESMhIxQ0,00013,0,test,LiUClSItcy0,00001,-9.630981742928345,3.264
test,test,Bo8YN3oB0Cw,00002,0,test,FxtSMZKMdes,00017,9.010828995904475,2.496
test,test,RplnSVTzvnU,00002,0,test,n3kNlFMXslo,00012,-1.6253519010137687,3.968
test,test,vhVWzkbAW4I,00012,0,test,rSSanSYZDT4,00001,7.318426300526099,3.968
test,test,ZJNESMhIxQ0,00035,0,test,aoGJP02CtPA,00002,8.61470268453727,3.776
test,test,j7fRIGphgtk,00002,0,test,UAj1hsXp18c,00025,-1.6447189027017295,2.176
test,test,GIbz9ms9Z9k,00001,0,test,7ZymFMmpOa0,00011,2.9197554295710013,2.688
test,test,0gks6ceq4eQ,00006,0,test,AsSd2nmoKNA,00002,1.5742916299909488,2.56
test,test,gVfgkFaswn4,00003,0,test,n3kNlFMXslo,00013,1.303003239114073,3.008
test,test,JSSc7hYKstI,00007,0,test,ROgFmb3oTLo,00004,9.244404610569891,3.136
test,test,Ok6LbV6bqaE,00005,0,test,4n8qT0vQbWk,00001,-3.0855990943538565,3.008
test,test,RlQ3CSVanaU,00001,0,test,ni4FV5zL6lM,00001,-2.2505846652895585,2.048
test,test,YyXRYgjQXX0,00008,0,test,U6FvJ6jMGHU,00003,-1.5750033262944125,3.072
test,test,ROgFmb3oTLo,00007,0,test,GSf6nijSSdA,00005,5.781988358132502,2.112
test,test,1bnzVjOJ6NM,00014,0,test,w1R4F9sSoow,00003,8.777579399660446,2.368
test,test,JSSc7hYKstI,00019,0,test,7qT3RpaBlJo,00002,-6.897201870208027,4.544
test,test,8UhqkX2VAmo,00001,0,test,dYNc3P4jSt4,00008,-6.907807488806612,2.496
test,test,BQZKs75RMqM,00001,0,test,UAinLaT42xY,00001,2.833090295013932,2.496
test,test,mgcjr1yz7ow,00015,0,test,hiIcwt88o94,00002,3.2910065239336834,2.88
test,test,1bnzVjOJ6NM,00006,0,test,UK8ccWSZkic,00001,-4.669932110984427,2.56
test,test,8vNIrPeRGlM,00005,0,test,VfAiNX7jn9A,00010,5.613068966601176,2.24
test,test,jiUKpX09zo4,00001,0,test,LIy2oVJtJsA,00006,1.0305280342704641,2.112
test,test,TVtgb153S6I,00002,0,test,FxtSMZKMdes,00007,-6.884459786303707,2.88
test,test,eNAHVnkll5M,00004,0,test,npNYP2vzaPo,00001,-2.1082359875612156,2.176
test,test,wKlMcLTqRLs,00001,0,test,8mPpe8AL21A,00001,-5.2846221345449145,2.432
test,test,BImnT7lcLDE,00004,0,test,fxbCHn6gE3U,00005,9.805051757944018,2.88
test,test,rFpDK2KhAgw,00007,0,test,UAinLaT42xY,00001,8.391859564882498,2.496
test,test,fscaRh2OtXk,00004,0,test,YzGjO5aHShQ,00007,-3.3406462909298558,2.048
test,test,ONM4JupBzSE,00003,0,test,UAj1hsXp18c,00020,-9.473648391654741,2.048
test,test,QeIrdqU0o9s,00002,0,test,SSzRfSJTNW4,00005,2.516749630620147,3.84
test,test,WFCvkkDSfIU,00002,0,test,E22icGCvGXk,00004,-3.9660488301780195,2.432
test,test,mgcjr1yz7ow,00008,0,test,t2gbcVaZ448,00003,5.083123278577835,3.456
test,test,q2gO4DKVpa8,00005,0,test,m6X1i8khmt8,00002,0.01382662701156434,2.24
test,test,nCg2NcGYu34,00011,0,test,MNuOmTQdFjA,00002,9.150873684185513,2.048
test,test,E22icGCvGXk,00004,0,test,XBJQENjZJaA,00003,5.76477862591773,2.432
test,test,FxtSMZKMdes,00004,0,test,8VwTZFYSfvw,00001,6.043336852570981,2.496
test,test,V1yW5IsnSjo,00005,0,test,ddxHlkIuHqg,00004,-3.007134164613836,2.304
test,test,ROgFmb3oTLo,00005,0,test,uL5XUwfkxZw,00011,-5.324683179157324,2.432
test,test,ROgFmb3oTLo,00007,0,test,jcp5vvxtEaU,00009,-0.18217080324900792,2.176
test,test,eZj5n8ScTkI,00002,0,test,uJr4wGcLNsA,00005,-7.933330545600792,5.44
test,test,V1yW5IsnSjo,00001,0,test,fxbCHn6gE3U,00003,-7.2062277155402406,2.944
test,test,PrK0CifulU0,00003,0,test,c64M1tZyWPM,00003,5.042842746010923,2.048
test,test,uJr4wGcLNsA,00005,0,test,SSzRfSJTNW4,00006,-8.881591711955409,3.136
test,test,c9V6OKlY80k,00001,0,test,9uOMectkCCs,00002,9.40121390719959,2.048
test,test,KPNn880KWfU,00005,0,test,SSzRfSJTNW4,00007,-8.086419500518492,2.752
test,test,0gks6ceq4eQ,00005,0,test,WT7VMrxTPPA,00004,-8.283627523684984,2.752
test,test,fscaRh2OtXk,00004,0,test,Li4S1yyrsTI,00007,-0.8753417481346304,2.048
test,test,SE97Kgi0sR4,00004,0,test,9RMx31GnNXY,00003,-6.8377917105829855,3.008
test,test,YzGjO5aHShQ,00017,0,test,3uSQlcGCHUU,00016,-6.034458522748032,2.496
test,test,iPE2SiCCo0w,00018,0,test,fIICVeGW4RY,00001,-8.865816740718671,2.496
test,test,BQZKs75RMqM,00001,0,test,bArH8r8jJ4g,00001,6.516675735661629,3.008
test,test,UmvOgW6iV2s,00001,0,test,87AEeLpodnE,00010,7.7987275673066065,2.24
test,test,FqrLUtIFVjs,00002,0,test,JSSc7hYKstI,00014,-1.9455457454612972,3.84
test,test,JSSc7hYKstI,00017,0,test,LpROaNue9GM,00001,6.923287274231132,2.048
test,test,UAj1hsXp18c,00025,0,test,LEx6K4P4GJc,00003,-7.338488220921333,2.176
test,test,8nt3edWLgIg,00004,0,test,Hj9oB4zpHww,00003,-5.99762323914039,2.944
test,test,OIlSXRCSBSI,00006,0,test,ZJNESMhIxQ0,00003,5.685010020756803,2.304
test,test,QeIrdqU0o9s,00006,0,test,NYKcOFQCeno,00003,6.533854170192225,2.816
test,test,OzA6jRYjVQs,00008,0,test,27lMmdmySb8,00002,0.49815659358544195,2.432
test,test,BvpmZktlBFs,00002,0,test,18uDutylDa4,00002,-8.163317449565259,2.048
test,test,fTSXvLzNd0o,00002,0,test,8nt3edWLgIg,00004,-5.696682951681911,2.112
test,test,NqOjj1FCcVY,00007,0,test,8Z24LCysq3A,00001,2.414705752852825,2.88
test,test,Bs86giWcjLA,00004,0,test,fxbCHn6gE3U,00007,-1.402581930865118,4.416
test,test,FD6CqD1kV8s,00003,0,test,OzA6jRYjVQs,00003,2.1473360386337923,2.752
test,test,cHRZ6OrSvvI,00002,0,test,jPf0LjZAS14,00010,1.7756293640792808,2.432
test,test,nASJ0510Pxs,00002,0,test,8vNIrPeRGlM,00005,0.9233005629293078,2.24
test,test,95ovIJ3dsNk,00002,0,test,OYfoGTIG7pY,00004,-1.2190113172015025,2.112
test,test,JSSc7hYKstI,00014,0,test,mgcjr1yz7ow,00016,2.1909285891053436,2.56
test,test,95ovIJ3dsNk,00006,0,test,vXPJVwwEmiM,00006,3.010290723442907,2.048
test,test,Mt0PiXLvYlU,00007,0,test,BHY0FxzoKZE,00003,3.1999317597992807,2.88
test,test,vhVWzkbAW4I,00012,0,test,eNAHVnkll5M,00005,-9.969811311464245,3.584
test,test,FxtSMZKMdes,00007,0,test,n3kNlFMXslo,00013,6.087415851960596,2.88
test,test,ROgFmb3oTLo,00010,0,test,SS8TSf2srSw,00002,-9.11346230860763,2.24
test,test,KxLMjn4WPBY,00002,0,test,ZJNESMhIxQ0,00002,2.5124670440275203,4.16
test,test,GvGAIGbnX7E,00004,0,test,NL0uxDscjdo,00004,6.990704421826429,2.496
test,test,vhVWzkbAW4I,00004,0,test,YzGjO5aHShQ,00017,-7.849800186953382,2.496
test,test,OzA6jRYjVQs,00006,0,test,1bnzVjOJ6NM,00004,0.26871034756435996,2.304
test,test,n3kNlFMXslo,00003,0,test,PSlBlZ3hqKc,00006,4.654983170318257,3.456
test,test,t2gbcVaZ448,00003,0,test,ZnCSUBmeRxw,00010,9.996280261911515,5.056
test,test,hxsnKwmW0dk,00002,0,test,Li4S1yyrsTI,00007,-0.3635147790367448,2.752
test,test,UMhLBPPtlrY,00004,0,test,aSavBsX60Ss,00003,-0.16809935310266155,2.496
test,test,EGjxIS5MPUY,00001,0,test,GqnJFm1CS3c,00002,4.4979723363576145,2.304
test,test,Li4S1yyrsTI,00007,0,test,FxtSMZKMdes,00004,-1.8369834126875801,2.56
test,test,rFpDK2KhAgw,00002,0,test,2SlBiFZ85d0,00002,-6.438113352379982,2.112
test,test,27lMmdmySb8,00008,0,test,t7Xr3AsBEK4,00001,-4.604027862599043,3.456
test,test,NA7krbsdXFA,00011,0,test,hiIcwt88o94,00006,-5.6979910634983995,2.048
test,test,cHRZ6OrSvvI,00002,0,test,SSzRfSJTNW4,00006,6.489051047216812,3.008
test,test,j7fRIGphgtk,00002,0,test,nASJ0510Pxs,00002,-3.999750046313686,3.392
test,test,KPNn880KWfU,00003,0,test,ULNPLFrTirQ,00001,-7.822045753438644,2.176
test,test,qWNae7vYK6s,00006,0,test,YzGjO5aHShQ,00002,6.230738605646227,2.176
test,test,rP7nmdDA1Fg,00005,0,test,QKHkSUiQboA,00005,-4.667368047214495,2.304
test,test,n3kNlFMXslo,00002,0,test,gVfgkFaswn4,00003,-5.209526798421658,2.816
test,test,8vNIrPeRGlM,00001,0,test,UAj1hsXp18c,00014,-2.091303289211055,2.24
test,test,8mPpe8AL21A,00001,0,test,yeVz0rtXCmw,00001,-5.862178190771729,4.096
test,test,Us70DN2XSfM,00003,0,test,ZJNESMhIxQ0,00002,-3.9783440863546815,3.136
test,test,vhVWzkbAW4I,00011,0,test,87AEeLpodnE,00010,5.7027351254351935,2.24
test,test,lmyZMtPVodo,00001,0,test,cmpu58yv8Sg,00005,-2.943990582961087,3.2
test,test,BhMKmovNjvc,00001,0,test,ddxHlkIuHqg,00004,8.024479940241662,2.304
test,test,BhMKmovNjvc,00001,0,test,uzKBGtf0i0M,00004,-9.950490186027936,3.264
test,test,hiIcwt88o94,00002,0,test,SE97Kgi0sR4,00002,-3.222668832407045,5.632
test,test,1bnzVjOJ6NM,00017,0,test,PrK0CifulU0,00003,4.285513000094703,3.328
test,test,FcmSmAwPkxg,00008,0,test,rP7nmdDA1Fg,00005,-6.585048421885043,2.304
test,test,Bo8YN3oB0Cw,00002,0,test,n3kNlFMXslo,00012,6.648010108598179,2.496
test,test,fscaRh2OtXk,00004,0,test,xTkKSJSqUSI,00039,1.1320184736137247,2.048
test,test,ULNPLFrTirQ,00001,0,test,Sew0bn8mGAA,00002,-2.736753731651447,2.176
test,test,Sa27SUR0Mlo,00013,0,test,87AEeLpodnE,00005,-4.726045295615027,2.176
test,test,akiQuyhXR8o,00010,0,test,t2gbcVaZ448,00003,7.434036296305202,2.816
test,test,nASJ0510Pxs,00002,0,test,qWNae7vYK6s,00006,8.629756645973256,2.176
test,test,qafSjNLjedo,00001,0,test,SSzRfSJTNW4,00005,2.9019600605136926,2.88
test,test,psN1DORYYV0,00020,0,test,3uSQlcGCHUU,00011,-3.9705837519680482,2.688
test,test,GvGAIGbnX7E,00004,0,test,4n8qT0vQbWk,00003,7.393170191937958,2.56
test,test,bArH8r8jJ4g,00002,0,test,NL0uxDscjdo,00005,5.845263169317324,2.816
test,test,bArH8r8jJ4g,00004,0,test,eZj5n8ScTkI,00003,-4.465473662063606,2.24
test,test,GSf6nijSSdA,00007,0,test,x95nwilkaio,00001,1.7241013121417321,3.392
test,test,eVFYhbHpfqU,00002,0,test,H14bBuluwB8,00002,-3.2401021430518213,2.368
test,test,cHRZ6OrSvvI,00001,0,test,vhVWzkbAW4I,00012,-2.4110685581339304,3.136
test,test,ZJNESMhIxQ0,00001,0,test,87AEeLpodnE,00010,-7.8137051139598395,2.24
test,test,t7Xr3AsBEK4,00006,0,test,Sa27SUR0Mlo,00013,-9.116448512508509,2.304
test,test,FxtSMZKMdes,00004,0,test,1PNX6MSdVsk,00010,2.2118297996029526,2.56
test,test,qWNae7vYK6s,00001,0,test,QKHkSUiQboA,00003,5.210347502857394,2.304
test,test,ROgFmb3oTLo,00005,0,test,NA7krbsdXFA,00011,-1.3954465403857341,2.176
test,test,FqrLUtIFVjs,00001,0,test,JSSc7hYKstI,00008,-1.8707425699252926,2.176
test,test,uJr4wGcLNsA,00005,0,test,n3kNlFMXslo,00012,0.7632065398713177,3.968
test,test,mgcjr1yz7ow,00008,0,test,18uDutylDa4,00002,5.058949600187081,3.456
test,test,VxESitIllxE,00001,0,test,GqnJFm1CS3c,00002,-6.348467137927454,2.304
test,test,ZJNESMhIxQ0,00016,0,test,WT7VMrxTPPA,00003,8.163230314716802,3.456
test,test,ddxHlkIuHqg,00004,0,test,QeIrdqU0o9s,00006,-6.705266007039922,2.304
test,test,j7fRIGphgtk,00005,0,test,7ZymFMmpOa0,00007,-7.455612586627922,2.048
test,test,P2AUat93a8Q,00002,0,test,HSercnrqeN4,00001,-2.397952416117624,2.24
test,test,t2gbcVaZ448,00003,0,test,8iSpNVj5KMw,00002,4.6944306321240745,2.688
test,test,o1Z4F4e2Bw4,00003,0,test,k2hQL9Zrokk,00002,-7.563990658081236,2.56
test,test,95ovIJ3dsNk,00002,0,test,UK8ccWSZkic,00001,4.955352996383569,2.56
test,test,xFSCX9mAHPo,00001,0,test,RDSSLJG7oi8,00001,-2.40261835310287,2.048
test,test,FxtSMZKMdes,00014,0,test,1bnzVjOJ6NM,00020,0.12076632633908169,2.56
test,test,SSzRfSJTNW4,00001,0,test,Jm2dWbNsnZI,00002,-1.6789026404077418,3.264
test,test,FxtSMZKMdes,00007,0,test,8vNIrPeRGlM,00009,-4.558999168633477,2.88
test,test,KNSRifMSSvM,00001,0,test,AsSd2nmoKNA,00002,-0.4859433200780998,2.112
test,test,LiUClSItcy0,00007,0,test,PrK0CifulU0,00005,7.284115534800339,2.176
test,test,ZJNESMhIxQ0,00023,0,test,Gmai4zkKNcM,00001,0.21726564929559444,4.096
test,test,UAj1hsXp18c,00027,0,test,jcSSY9rDN2g,00002,-7.479879527173374,2.432
test,test,HUM2rCIUdeI,00004,0,test,xTkKSJSqUSI,00008,-8.230493990655525,2.752
test,test,UmvOgW6iV2s,00004,0,test,0VJqrlH9cdI,00001,-7.280950788744429,2.368
test,test,mgcjr1yz7ow,00015,0,test,Li4S1yyrsTI,00013,7.559223208233998,2.368
test,test,DOgsYATbVSs,00003,0,test,VxESitIllxE,00002,0.7065507106333531,2.176
test,test,GSf6nijSSdA,00005,0,test,VxESitIllxE,00004,5.116946812068468,2.112
test,test,RplnSVTzvnU,00001,0,test,SSzRfSJTNW4,00006,1.0395781315323767,2.112
test,test,Ok6LbV6bqaE,00003,0,test,bArH8r8jJ4g,00004,-4.22918678943687,2.24
test,test,2UStOghblfE,00005,0,test,UAj1hsXp18c,00001,-8.980372841423584,2.176
test,test,cmpu58yv8Sg,00005,0,test,GSf6nijSSdA,00010,8.3855753589159,2.176
test,test,AWPrOvzzqZk,00002,0,test,x95nwilkaio,00001,-6.813999718728718,3.392
test,test,gVfgkFaswn4,00006,0,test,GSf6nijSSdA,00005,-9.740043687927214,2.112
test,test,ONM4JupBzSE,00003,0,test,95ovIJ3dsNk,00006,7.428522014301979,2.176
test,test,RaSlxoAUP5c,00004,0,test,t7Xr3AsBEK4,00008,2.2248943694578145,2.176
test,test,ZJNESMhIxQ0,00016,0,test,rBKV4rOgSJU,00008,-1.5613807782500277,3.136
test,test,VIgzTLDyObo,00002,0,test,jiUKpX09zo4,00001,-8.678840197320007,2.368
test,test,H14bBuluwB8,00002,0,test,xTkKSJSqUSI,00004,-1.5475186685980091,2.112
test,test,jcp5vvxtEaU,00011,0,test,8vNIrPeRGlM,00011,9.953849957035608,2.496
test,test,1bnzVjOJ6NM,00004,0,test,w1R4F9sSoow,00005,3.7110135693619775,2.304
test,test,8mPpe8AL21A,00001,0,test,hiIcwt88o94,00003,6.592349075239181,4.096
test,test,mgcjr1yz7ow,00008,0,test,Mt0PiXLvYlU,00003,6.5829858744601815,3.008
test,test,UAj1hsXp18c,00030,0,test,5b5BDoddOLA,00004,-0.43468816778481134,2.368
test,test,eZj5n8ScTkI,00003,0,test,VsjTVGIw4z8,00005,-7.499606034360788,2.176
test,test,GIbz9ms9Z9k,00001,0,test,3uSQlcGCHUU,00006,-7.0792441138970785,2.496
test,test,vhVWzkbAW4I,00005,0,test,ONM4JupBzSE,00005,-6.8058033131021345,2.112
test,test,UAj1hsXp18c,00022,0,test,8Z24LCysq3A,00001,-2.042263784062566,2.88
test,test,bArH8r8jJ4g,00002,0,test,JSSc7hYKstI,00016,0.5124659263240865,5.824
test,test,1bnzVjOJ6NM,00017,0,test,GSf6nijSSdA,00011,2.473385421112429,2.624
test,test,OzA6jRYjVQs,00003,0,test,n3kNlFMXslo,00010,8.859570427649526,2.176
test,test,IS4IK8CiLg8,00002,0,test,1bnzVjOJ6NM,00020,2.3931462837520456,2.56
test,test,BhMKmovNjvc,00001,0,test,95ovIJ3dsNk,00009,2.444874598848152,3.264
test,test,NA7krbsdXFA,00002,0,test,ta2Wvy9FSgA,00003,6.382732690341793,2.24
test,test,3uSQlcGCHUU,00017,0,test,7gkdzkVbuVA,00001,-8.91831889170641,3.072
test,test,FKxaL8Iau8Q,00007,0,test,VxESitIllxE,00004,-1.5324278662135455,3.008
test,test,Hj9oB4zpHww,00003,0,test,H14bBuluwB8,00001,1.0310818339245031,2.944
test,test,55yGmKc6WfE,00001,0,test,8UhqkX2VAmo,00001,-9.435204554080075,2.752
test,test,95ovIJ3dsNk,00002,0,test,RAR4cz9wkUk,00001,8.221543829817488,2.112
test,test,SE97Kgi0sR4,00002,0,test,5P04stEjJ9E,00004,3.251483538635922,2.368
test,test,VAJS5J21Rd0,00005,0,test,vhVWzkbAW4I,00008,-7.573582745246242,2.048
test,test,PSlBlZ3hqKc,00007,0,test,vhVWzkbAW4I,00005,-2.886592297497728,2.752
test,test,UAj1hsXp18c,00011,0,test,hiIcwt88o94,00018,7.034958827992671,2.24
test,test,XESFPEFpHt4,00011,0,test,S6ufvYWTqQ0,00001,-3.550131802289778,2.304
test,test,JSSc7hYKstI,00008,0,test,RplnSVTzvnU,00003,-2.0786211595213544,4.928
test,test,m6X1i8khmt8,00001,0,test,V4sSabKqyMU,00002,7.47505152935452,2.176
test,test,Ok6LbV6bqaE,00002,0,test,7ZymFMmpOa0,00002,8.715619746125483,2.496
test,test,rFpDK2KhAgw,00007,0,test,TRajLqEaWhQ,00002,7.026743009795187,2.56
test,test,fIICVeGW4RY,00001,0,test,qYUmI5kGsYk,00001,-8.798744602014608,3.136
test,test,LiUClSItcy0,00008,0,test,MsLuQM5V3FA,00001,-8.47836624356701,2.432
test,test,ClfBxWPkBKU,00003,0,test,hiIcwt88o94,00020,8.550124675650167,2.048
test,test,UAj1hsXp18c,00001,0,test,1bnzVjOJ6NM,00006,-4.281610589912958,2.176
test,test,vhVWzkbAW4I,00012,0,test,1bnzVjOJ6NM,00007,2.90701434713473,2.496
test,test,GIbz9ms9Z9k,00001,0,test,JSSc7hYKstI,00019,5.240241681948339,4.608
test,test,3uSQlcGCHUU,00008,0,test,ZJNESMhIxQ0,00021,-4.868194904021552,3.008
test,test,YyXRYgjQXX0,00013,0,test,xTkKSJSqUSI,00015,4.605006109397134,2.688
test,test,yeVz0rtXCmw,00001,0,test,GSf6nijSSdA,00010,-2.392642490661034,2.176
test,test,BImnT7lcLDE,00003,0,test,qWNae7vYK6s,00006,-6.157071299202997,2.176
test,test,8vNIrPeRGlM,00003,0,test,WT7VMrxTPPA,00004,2.266055730760394,2.752
test,test,0gks6ceq4eQ,00008,0,test,Li4S1yyrsTI,00013,-2.1022201569480963,2.368
test,test,LiUClSItcy0,00008,0,test,SFnMTHhKdkw,00008,6.56760051702943,2.432
test,test,jbHpF7EySck,00002,0,test,VxESitIllxE,00004,-5.669164136452882,3.648
test,test,psN1DORYYV0,00008,0,test,HSercnrqeN4,00001,1.4482799787353926,2.176
test,test,hQigUH0vZSE,00001,0,test,cHRZ6OrSvvI,00001,-3.3317482980452624,3.136
test,test,TVtgb153S6I,00002,0,test,TScetimMBL8,00002,-9.8475106551024,2.944
test,test,t2gbcVaZ448,00004,0,test,1PNX6MSdVsk,00010,9.576648947995881,2.56
test,test,aoGJP02CtPA,00002,0,test,KxLMjn4WPBY,00002,-9.437535078623245,5.696
test,test,NA7krbsdXFA,00002,0,test,GqnJFm1CS3c,00002,-2.551968314910993,2.24
test,test,nCg2NcGYu34,00006,0,test,87AEeLpodnE,00005,-5.451658503544021,2.112
test,test,V4sSabKqyMU,00002,0,test,w1R4F9sSoow,00003,-0.1238430253516416,4.544
test,test,FxtSMZKMdes,00007,0,test,bArH8r8jJ4g,00002,1.7096261320532609,2.88
test,test,rBKV4rOgSJU,00008,0,test,SN7wO06Yz1E,00002,-2.477205136338867,2.24
test,test,ZJNESMhIxQ0,00013,0,test,EGjxIS5MPUY,00001,0.5105353763455831,2.752
test,test,1PNX6MSdVsk,00009,0,test,Bs86giWcjLA,00004,-6.683359906584101,3.456
test,test,w1R4F9sSoow,00001,0,test,ZJNESMhIxQ0,00016,1.7912793632453212,4.288
test,test,UAj1hsXp18c,00006,0,test,HSercnrqeN4,00001,4.38035255558386,2.24
test,test,YzGjO5aHShQ,00017,0,test,nCg2NcGYu34,00006,5.733741860954142,2.112
test,test,rP7nmdDA1Fg,00005,0,test,ZJNESMhIxQ0,00005,-7.321597103136133,2.304
test,test,F3OhcpKSUBc,00006,0,test,j7fRIGphgtk,00002,6.033235822786164,3.52
test,test,V1yW5IsnSjo,00005,0,test,xTkKSJSqUSI,00023,-6.312419568119565,2.368
test,test,ZJNESMhIxQ0,00012,0,test,0gks6ceq4eQ,00007,-4.702087182830983,3.328
test,test,ClfBxWPkBKU,00011,0,test,Gmai4zkKNcM,00006,7.957847543580318,2.304
test,test,V4sSabKqyMU,00001,0,test,Li4S1yyrsTI,00013,5.247056149633087,2.048
test,test,nCg2NcGYu34,00008,0,test,7gXq1ml6B1E,00001,3.8430972456341745,2.048
test,test,95ovIJ3dsNk,00006,0,test,H14bBuluwB8,00002,-6.924833600048053,2.368
test,test,8vNIrPeRGlM,00001,0,test,ddxHlkIuHqg,00002,7.61889131398279,2.24
test,test,PSlBlZ3hqKc,00011,0,test,UAj1hsXp18c,00025,8.763124890024724,2.176
test,test,SE97Kgi0sR4,00004,0,test,RaSlxoAUP5c,00001,6.304790769706472,2.688
test,test,TRajLqEaWhQ,00002,0,test,GvGAIGbnX7E,00004,-1.7058406798918568,2.56
test,test,7gkdzkVbuVA,00001,0,test,t2gbcVaZ448,00004,6.819622078323086,2.624
test,test,eZj5n8ScTkI,00002,0,test,Li4S1yyrsTI,00021,-2.0564939204859893,3.456
test,test,LujWrkYsl64,00002,0,test,OzA6jRYjVQs,00006,3.407622673890451,2.112
test,test,3uSQlcGCHUU,00008,0,test,GMynksvCcUI,00008,1.1263586570139381,3.2
test,test,ta2Wvy9FSgA,00003,0,test,E22icGCvGXk,00004,-8.340526130267808,2.496
test,test,SS8TSf2srSw,00002,0,test,j7fRIGphgtk,00005,-1.3525050886207204,2.368
test,test,QeIrdqU0o9s,00002,0,test,gVfgkFaswn4,00006,1.7038909739096653,3.84
test,test,JFQLvbVJVMg,00001,0,test,npNYP2vzaPo,00004,-5.45736179179624,2.112
test,test,9RMx31GnNXY,00004,0,test,SE97Kgi0sR4,00006,-0.9224798049133209,2.688
test,test,FFG2rilqT2g,00005,0,test,UAj1hsXp18c,00001,-0.748736017682667,2.176
test,test,jcp5vvxtEaU,00010,0,test,NqOjj1FCcVY,00003,4.29745098340695,2.048
test,test,UmvOgW6iV2s,00003,0,test,FxtSMZKMdes,00004,2.374673341746753,2.048
test,test,1PNX6MSdVsk,00009,0,test,0gks6ceq4eQ,00015,-8.062374953003255,3.456
test,test,xTkKSJSqUSI,00034,0,test,SSzRfSJTNW4,00005,-5.4320273610321586,2.496
test,test,NqOjj1FCcVY,00006,0,test,PSlBlZ3hqKc,00007,-7.720219267696644,2.368
test,test,0gks6ceq4eQ,00006,0,test,aoGJP02CtPA,00002,1.5477284305576777,2.56
test,test,LYCKzpXEW6E,00001,0,test,OYfoGTIG7pY,00001,0.302276829407397,2.368
test,test,8vNIrPeRGlM,00011,0,test,JSSc7hYKstI,00006,9.895053515888904,4.032
test,test,vXPJVwwEmiM,00001,0,test,xTkKSJSqUSI,00009,4.964917519474712,2.24
test,test,FFG2rilqT2g,00004,0,test,aoGJP02CtPA,00004,-8.764351658903058,3.328
test,test,eZj5n8ScTkI,00001,0,test,rP7nmdDA1Fg,00006,-2.631430983599314,2.752
test,test,Sew0bn8mGAA,00002,0,test,XESFPEFpHt4,00011,-7.625392477492943,2.688
test,test,xkFTZcUPjBg,00001,0,test,hiIcwt88o94,00003,0.6646258447324822,2.368
test,test,xTkKSJSqUSI,00019,0,test,w1R4F9sSoow,00005,4.5372776341152115,2.048
test,test,dYNc3P4jSt4,00007,0,test,xTkKSJSqUSI,00023,4.970076499022296,2.496
test,test,hxsnKwmW0dk,00003,0,test,3uSQlcGCHUU,00001,-8.97821276534322,2.24
test,test,Hj9oB4zpHww,00003,0,test,UAj1hsXp18c,00027,8.303081265091453,2.432
test,test,8vNIrPeRGlM,00009,0,test,Jm2dWbNsnZI,00001,1.0154508017481216,2.368
test,test,JFQLvbVJVMg,00003,0,test,0gks6ceq4eQ,00005,-9.280943751982583,3.136
test,test,wlR1ojoiue0,00005,0,test,7ZymFMmpOa0,00007,-1.0533851290567995,2.048
test,test,8Z24LCysq3A,00001,0,test,UAj1hsXp18c,00001,-0.4834037686950552,2.176
test,test,KxLMjn4WPBY,00001,0,test,QeIrdqU0o9s,00006,2.8663827724619004,3.968
test,test,GAMR5RDSLJo,00020,0,test,jggHw5PdQV0,00001,0.44999926915181376,2.048
test,test,Sa27SUR0Mlo,00001,0,test,tzJYY2p0QIc,00001,2.977810391212053,2.368
test,test,OYfoGTIG7pY,00004,0,test,87AEeLpodnE,00005,-5.054605499284719,2.112
test,test,1PNX6MSdVsk,00005,0,test,VfAiNX7jn9A,00010,-7.926752589159456,3.008
test,test,o1Z4F4e2Bw4,00004,0,test,BImnT7lcLDE,00004,3.776673890989823,2.688
test,test,n3kNlFMXslo,00013,0,test,VfAiNX7jn9A,00010,5.04818965888864,3.008
test,test,6kHSuYwt0qs,00002,0,test,NA7krbsdXFA,00011,6.694264422999414,2.176
test,test,SSzRfSJTNW4,00006,0,test,GMynksvCcUI,00002,-7.399821417467942,2.176
test,test,QeIrdqU0o9s,00002,0,test,JSSc7hYKstI,00016,-7.112714050828181,3.84
test,test,ta2Wvy9FSgA,00003,0,test,wzkFoetpSSM,00005,6.0564227893504246,3.84
test,test,stngBN4hp14,00001,0,test,WT7VMrxTPPA,00004,2.471320557485985,2.752
test,test,Ok6LbV6bqaE,00003,0,test,YzGjO5aHShQ,00007,6.108215892966324,2.24
test,test,OwgWkUIm9Gc,00009,0,test,XBJQENjZJaA,00003,4.815795637190925,2.432
test,test,8iSpNVj5KMw,00002,0,test,BvpmZktlBFs,00002,8.729012898949485,2.048
test,test,MNuOmTQdFjA,00002,0,test,BImnT7lcLDE,00001,5.409464311934073,2.048
test,test,V1yW5IsnSjo,00005,0,test,hiIcwt88o94,00002,-6.060207527160502,2.368
test,test,t2gbcVaZ448,00002,0,test,n3kNlFMXslo,00003,4.231011494966342,2.304
test,test,dYNc3P4jSt4,00001,0,test,2SlBiFZ85d0,00006,6.959380871712156,2.048
test,test,xTkKSJSqUSI,00019,0,test,fscaRh2OtXk,00004,9.238809632695467,2.048
test,test,nCg2NcGYu34,00006,0,test,7gkdzkVbuVA,00004,3.9893590252650917,2.048
test,test,qWNae7vYK6s,00002,0,test,UAj1hsXp18c,00023,4.904663982960214,2.048
test,test,ZJNESMhIxQ0,00023,0,test,YzGjO5aHShQ,00012,-6.876274751863949,2.88
test,test,qWNae7vYK6s,00006,0,test,Sa27SUR0Mlo,00002,-1.6850921775085386,2.176
test,test,dS8n24ZwZcQ,00002,0,test,ONM4JupBzSE,00003,2.071169464409035,2.176
test,test,mgcjr1yz7ow,00006,0,test,2SlBiFZ85d0,00002,-3.43144158899511,2.176
test,test,FxtSMZKMdes,00004,0,test,1L6lSFiV4xo,00002,5.777983583565977,2.56
test,test,mjDjbJJlqZ0,00001,0,test,aoGJP02CtPA,00004,-4.887752859600159,3.968
test,test,Us70DN2XSfM,00003,0,test,npNYP2vzaPo,00004,-3.165146753104395,3.136
test,test,bS6SiVz1R0o,00004,0,test,tiSiSM3pk5M,00012,5.9262570731126925,2.304
test,test,1bnzVjOJ6NM,00020,0,test,4AYE3w5TWHs,00005,-9.745125603961366,2.24
test,test,ClfBxWPkBKU,00011,0,test,jcp5vvxtEaU,00010,-8.291782540616923,2.304
test,test,27lMmdmySb8,00002,0,test,Mt0PiXLvYlU,00003,-3.9210838669436487,3.008
test,test,GSf6nijSSdA,00003,0,test,87AEeLpodnE,00005,0.28922842725044084,2.176
test,test,GIbz9ms9Z9k,00001,0,test,2UStOghblfE,00001,4.9903979862582215,2.24
test,test,UAj1hsXp18c,00011,0,test,RplnSVTzvnU,00003,1.3506278836965109,2.56
test,test,RplnSVTzvnU,00003,0,test,BHY0FxzoKZE,00003,-7.677931761965146,2.88
test,test,FFG2rilqT2g,00005,0,test,eZj5n8ScTkI,00005,-6.395259607875834,2.752
test,test,F3OhcpKSUBc,00006,0,test,o1Z4F4e2Bw4,00003,7.591266293144116,2.56
test,test,xkFTZcUPjBg,00001,0,test,KuWXfjyGhk0,00005,-4.423872510526716,2.048
test,test,NL0uxDscjdo,00005,0,test,n3kNlFMXslo,00012,9.870445031421049,2.816
test,test,ZJNESMhIxQ0,00037,0,test,npNYP2vzaPo,00004,-1.2731725987143925,2.304
test,test,OIlSXRCSBSI,00006,0,test,ZJNESMhIxQ0,00037,-4.451077853108137,2.304
test,test,TVtgb153S6I,00002,0,test,JSSc7hYKstI,00005,-6.471952963504011,2.688
test,test,t7Xr3AsBEK4,00006,0,test,TDaFwnOiKVE,00004,-1.7468626380239485,2.304
test,test,c64M1tZyWPM,00002,0,test,eNAHVnkll5M,00005,-8.749760255435122,2.304
test,test,akiQuyhXR8o,00010,0,test,Sv5QitqbxJw,00003,3.8542393566231823,2.816
test,test,Sktdq5z1NS4,00001,0,test,eZj5n8ScTkI,00003,-9.366099338619083,3.008
test,test,1PNX6MSdVsk,00005,0,test,YyXRYgjQXX0,00007,2.3100881064847467,2.304
test,test,HUM2rCIUdeI,00004,0,test,66koScWSHBU,00001,-3.362844601517951,2.752
test,test,ClfBxWPkBKU,00005,0,test,QKHkSUiQboA,00005,-2.5808138010861654,5.12
test,test,NYKcOFQCeno,00003,0,test,0Fi83BHQsMA,00005,5.373212419294507,2.816
test,test,xTkKSJSqUSI,00012,0,test,LYCKzpXEW6E,00001,8.67618402223609,2.368
test,test,hiIcwt88o94,00018,0,test,vhVWzkbAW4I,00007,3.868228038440794,2.24
test,test,FcmSmAwPkxg,00010,0,test,UAj1hsXp18c,00023,-3.2980838465673923,2.048
test,test,FcmSmAwPkxg,00006,0,test,jggHw5PdQV0,00001,-5.4294332741104245,2.048
test,test,nCg2NcGYu34,00006,0,test,ClfBxWPkBKU,00003,4.219803645113036,2.112
test,test,Mt0PiXLvYlU,00003,0,test,VsjTVGIw4z8,00005,2.694648977707562,2.176
test,test,jcp5vvxtEaU,00010,0,test,ZnCSUBmeRxw,00004,-0.3042482004310756,2.368
test,test,fZ8eyWBQmfU,00001,0,test,JSSc7hYKstI,00014,-1.9677419681206132,3.52
test,test,dYNc3P4jSt4,00006,0,test,VfAiNX7jn9A,00011,3.154507857079958,2.176
test,test,jcp5vvxtEaU,00002,0,test,ddxHlkIuHqg,00004,8.986643690183634,2.304
test,test,UmvOgW6iV2s,00007,0,test,w1R4F9sSoow,00001,3.5444565475433762,4.288
test,test,ZJNESMhIxQ0,00016,0,test,FxtSMZKMdes,00009,5.579817533442007,5.888
test,test,LYCKzpXEW6E,00003,0,test,qYUmI5kGsYk,00001,-2.8872745443480907,2.368
test,test,hxsnKwmW0dk,00003,0,test,KuWXfjyGhk0,00005,9.38310493530317,2.048
test,test,7ZymFMmpOa0,00011,0,test,Li4S1yyrsTI,00013,-6.78051029117984,2.368
test,test,NL0uxDscjdo,00004,0,test,xTkKSJSqUSI,00039,7.686220946649279,2.496
test,test,3uSQlcGCHUU,00001,0,test,uzKBGtf0i0M,00007,-7.2441324313842115,3.136
test,test,SSzRfSJTNW4,00007,0,test,UAq4yBdSYZs,00001,-3.126027081693678,2.752
test,test,j7fRIGphgtk,00005,0,test,2UStOghblfE,00001,-9.363488063252243,2.24
test,test,xTkKSJSqUSI,00015,0,test,4AYE3w5TWHs,00005,9.993604033960803,2.24
test,test,FcmSmAwPkxg,00006,0,test,ZJNESMhIxQ0,00033,-0.8331718699199957,2.368
test,test,7ZymFMmpOa0,00002,0,test,ZnCSUBmeRxw,00004,-3.3089619739865084,2.496
test,test,w1R4F9sSoow,00001,0,test,x95nwilkaio,00003,-8.845072223800576,4.288
test,test,2SlBiFZ85d0,00002,0,test,ULNPLFrTirQ,00001,-2.5542122509395355,2.176
test,test,ONM4JupBzSE,00005,0,test,t7Xr3AsBEK4,00006,4.978925875867642,2.112
test,test,rP7nmdDA1Fg,00005,0,test,TVtgb153S6I,00001,-5.453380229794568,2.304
test,test,LpROaNue9GM,00001,0,test,Mt0PiXLvYlU,00009,3.8201238236933133,4.416
test,test,NL0uxDscjdo,00005,0,test,cmpu58yv8Sg,00005,4.3463756808871,2.816
test,test,tbSWdVA4Sbo,00001,0,test,Li4S1yyrsTI,00014,-9.147821177831092,2.496
test,test,RiM5aSvaNkg,00002,0,test,rSSanSYZDT4,00001,5.111851350529179,3.968
test,test,JFQLvbVJVMg,00003,0,test,npNYP2vzaPo,00004,-4.61233013962318,3.328
test,test,vhVWzkbAW4I,00007,0,test,8vNIrPeRGlM,00003,1.3606839440829699,4.16
test,test,fZ8eyWBQmfU,00001,0,test,0gks6ceq4eQ,00009,5.165981996117212,2.048
test,test,YyXRYgjQXX0,00008,0,test,GMynksvCcUI,00009,-9.719990706889332,3.072
test,test,mgcjr1yz7ow,00005,0,test,m6X1i8khmt8,00001,-7.266759401248661,2.112
test,test,ClfBxWPkBKU,00001,0,test,mjDjbJJlqZ0,00001,3.4964937692703764,3.968
test,test,tzJYY2p0QIc,00001,0,test,PbgB2TaYhio,00003,-5.075879208454381,3.776
test,test,mgcjr1yz7ow,00016,0,test,7kkRkhAXZGg,00003,2.113650296450661,2.56
test,test,MvXZzKZ3JYQ,00001,0,test,psN1DORYYV0,00012,-9.185721662667978,2.496
test,test,ROgFmb3oTLo,00010,0,test,1bnzVjOJ6NM,00004,3.517855281745767,2.24
test,test,GMynksvCcUI,00008,0,test,Sv5QitqbxJw,00004,-0.8367593953981682,2.048
test,test,tiSiSM3pk5M,00002,0,test,8mPpe8AL21A,00001,-2.355292348974811,2.368
test,test,TGZMSmcuiXM,00013,0,test,JSSc7hYKstI,00008,4.324071830157269,4.16
test,test,9RMx31GnNXY,00004,0,test,w1R4F9sSoow,00005,-8.181345208038804,2.56
test,test,EV3OmxrowWE,00003,0,test,ONM4JupBzSE,00003,5.255806887370337,2.176
test,test,Sktdq5z1NS4,00001,0,test,8UhqkX2VAmo,00001,8.459330492983788,2.752
test,test,1L6lSFiV4xo,00002,0,test,QoT0S2vu9m4,00002,-4.630716661273507,2.24
test,test,UAj1hsXp18c,00024,0,test,EV3OmxrowWE,00003,-9.980591648442322,2.496
test,test,FKxaL8Iau8Q,00002,0,test,sVtIuDKFO1c,00001,-4.261612623978395,2.368
test,test,48xS00Iy0ac,00002,0,test,TRajLqEaWhQ,00002,-1.691739265233478,2.176
test,test,FqrLUtIFVjs,00001,0,test,NoCOagL69Ss,00002,1.0468923278620714,2.176
test,test,UmvOgW6iV2s,00001,0,test,AegIbt2j0sU,00001,-1.8843866183313587,2.496
test,test,V1yW5IsnSjo,00001,0,test,o1Z4F4e2Bw4,00003,-3.906781373603483,2.56
test,test,ClfBxWPkBKU,00005,0,test,8vNIrPeRGlM,00011,4.975841197123621,4.032
test,test,nCg2NcGYu34,00001,0,test,mgcjr1yz7ow,00006,8.497213883737189,3.456
test,test,7gkdzkVbuVA,00004,0,test,rP7nmdDA1Fg,00006,0.4999563771311184,2.048
test,test,jiUKpX09zo4,00001,0,test,4ErEBkjS3PY,00001,-1.7438373753565486,2.368
test,test,hiIcwt88o94,00003,0,test,dYNc3P4jSt4,00006,-1.5924548528840248,5.888
test,test,SSzRfSJTNW4,00001,0,test,U6FvJ6jMGHU,00003,3.564147047502013,6.08
test,test,OM6XIICmSqo,00002,0,test,fIICVeGW4RY,00001,-6.582983513228136,3.136
test,test,7gkdzkVbuVA,00004,0,test,GIbz9ms9Z9k,00001,0.2942753320536955,2.048
test,test,j7fRIGphgtk,00005,0,test,BHY0FxzoKZE,00003,-9.9434631085081,2.368
test,test,j7fRIGphgtk,00005,0,test,VzyjDRSAWzE,00001,-6.797693100332305,2.048
test,test,psN1DORYYV0,00020,0,test,4AYE3w5TWHs,00004,2.354282287206326,2.816
test,test,SSzRfSJTNW4,00007,0,test,ROgFmb3oTLo,00010,6.503543080078412,2.24
test,test,vXPJVwwEmiM,00005,0,test,bArH8r8jJ4g,00001,6.125016731071554,3.712
test,test,SN7wO06Yz1E,00002,0,test,IjbTiRbeNpM,00005,-1.736992722436348,2.24
test,test,ZJNESMhIxQ0,00033,0,test,NA7krbsdXFA,00002,-9.462422145658639,2.24
test,test,nCg2NcGYu34,00011,0,test,nASJ0510Pxs,00002,-5.5747561226211895,3.392
test,test,YzGjO5aHShQ,00007,0,test,ZJNESMhIxQ0,00002,1.1806081008493656,2.496
test,test,3uSQlcGCHUU,00014,0,test,xFSCX9mAHPo,00001,8.968648720651288,2.048
test,test,UK8ccWSZkic,00001,0,test,SSzRfSJTNW4,00006,8.876409311225348,2.56
test,test,gVfgkFaswn4,00002,0,test,GvGAIGbnX7E,00004,2.8033335877291403,2.56
test,test,ULNPLFrTirQ,00001,0,test,BhMKmovNjvc,00001,-1.395354531962699,2.176
test,test,3OgsRa7VDtI,00001,0,test,jggHw5PdQV0,00001,2.755333503569485,2.048
test,test,8VwTZFYSfvw,00001,0,test,FcmSmAwPkxg,00008,7.966440196486015,2.496
test,test,xTkKSJSqUSI,00008,0,test,VxESitIllxE,00004,-9.597551339785177,3.392
test,test,nCg2NcGYu34,00006,0,test,ni4FV5zL6lM,00003,-0.5729580080730905,2.112
test,test,UmvOgW6iV2s,00001,0,test,UAj1hsXp18c,00003,2.531580576218877,2.496
test,test,uJr4wGcLNsA,00005,0,test,GMynksvCcUI,00008,2.266380500047589,3.2
test,test,vhVWzkbAW4I,00004,0,test,KuWXfjyGhk0,00005,-5.6317464626827896,2.048
test,test,7qT3RpaBlJo,00002,0,test,V1yW5IsnSjo,00003,1.0667441422860868,4.544
test,test,18uDutylDa4,00002,0,test,mgcjr1yz7ow,00008,-4.941418498413812,3.456
test,test,KuWXfjyGhk0,00005,0,test,psN1DORYYV0,00020,0.5424382200485827,2.048
test,test,akiQuyhXR8o,00010,0,test,aSavBsX60Ss,00003,0.5202323381215219,2.496
test,test,w1R4F9sSoow,00001,0,test,7kkRkhAXZGg,00003,9.805581897976168,3.52
test,test,3uSQlcGCHUU,00001,0,test,7ZymFMmpOa0,00011,9.00964517083694,2.688
test,test,6wNif5SlN08,00014,0,test,48xS00Iy0ac,00003,-0.0782815396172758,2.432
test,test,YyXRYgjQXX0,00010,0,test,FqrLUtIFVjs,00001,6.746356739383518,2.176
test,test,7ZymFMmpOa0,00002,0,test,1bnzVjOJ6NM,00020,8.858400390743498,2.496
test,test,1PNX6MSdVsk,00011,0,test,hiIcwt88o94,00020,7.968454806443546,2.048
test,test,AegIbt2j0sU,00001,0,test,2UStOghblfE,00001,-2.7271953279735435,2.24
test,test,rSSanSYZDT4,00001,0,test,6Waurx8eS1o,00001,-3.167869998021944,2.432
test,test,FKxaL8Iau8Q,00007,0,test,YyXRYgjQXX0,00010,2.441021671895081,3.008
test,test,YyXRYgjQXX0,00002,0,test,rFpDK2KhAgw,00007,8.09616661948207,2.56
test,test,DOgsYATbVSs,00003,0,test,E22icGCvGXk,00004,-0.612426253239688,2.304
test,test,2SlBiFZ85d0,00002,0,test,1bnzVjOJ6NM,00005,-5.934810400626416,2.176
test,test,FxtSMZKMdes,00010,0,test,7ZymFMmpOa0,00005,1.4126019653231108,4.032
test,test,H9ZOpQzjukY,00001,0,test,hxsnKwmW0dk,00003,9.372189708568147,2.24
test,test,uzKBGtf0i0M,00004,0,test,CxEqV8WtfOo,00001,3.643400384446366,2.176
test,test,VIgzTLDyObo,00002,0,test,Mt0PiXLvYlU,00003,9.689342474584855,3.008
test,test,Li4S1yyrsTI,00014,0,test,8vNIrPeRGlM,00005,-7.786642455348747,2.24
test,test,eNAHVnkll5M,00005,0,test,w1R4F9sSoow,00001,-3.334209978563498,3.584
test,test,x95nwilkaio,00003,0,test,NL0uxDscjdo,00001,-9.281797613746644,2.944
test,test,RlQ3CSVanaU,00001,0,test,LEx6K4P4GJc,00004,-5.060882533645015,2.176
test,test,DDaldVHUedI,00004,0,test,jcp5vvxtEaU,00012,-3.278049075874221,2.368
test,test,JFQLvbVJVMg,00003,0,test,UmvOgW6iV2s,00001,-8.143085513800568,2.496
test,test,iqEHuBST2qQ,00001,0,test,OzA6jRYjVQs,00006,8.559816077321475,2.88
test,test,BhMKmovNjvc,00001,0,test,vXPJVwwEmiM,00006,-5.207169312341859,2.048
test,test,SSzRfSJTNW4,00006,0,test,FxtSMZKMdes,00014,3.3030253007330064,3.136
test,test,ZJNESMhIxQ0,00004,0,test,vXPJVwwEmiM,00006,-9.58652881198339,2.048
test,test,0VJqrlH9cdI,00001,0,test,FKxaL8Iau8Q,00002,6.309698690791961,2.368
test,test,YzGjO5aHShQ,00012,0,test,8Z24LCysq3A,00001,-2.411370525744876,2.88
test,test,0ZfSOArXbGQ,00003,0,test,H14bBuluwB8,00002,6.9146544832610175,2.368
test,test,V1yW5IsnSjo,00009,0,test,OIlSXRCSBSI,00006,-5.129872371146318,2.304
test,test,BHY0FxzoKZE,00003,0,test,ZJNESMhIxQ0,00005,-4.416559958196098,2.496
test,test,6Waurx8eS1o,00001,0,test,cHRZ6OrSvvI,00001,0.7961779283761636,2.432
test,test,VxESitIllxE,00002,0,test,FxtSMZKMdes,00015,8.62518748811393,2.176
test,test,E22icGCvGXk,00004,0,test,ZJNESMhIxQ0,00031,-7.767778470084554,2.496
test,test,95ovIJ3dsNk,00003,0,test,Sa27SUR0Mlo,00012,-2.3986638886333145,2.688
test,test,Sa27SUR0Mlo,00002,0,test,LiUClSItcy0,00001,1.2257817948153225,3.264
test,test,mgcjr1yz7ow,00016,0,test,t7Xr3AsBEK4,00008,-7.640854418720522,2.432
test,test,ROgFmb3oTLo,00010,0,test,ZJNESMhIxQ0,00005,6.785994820870556,2.24
test,test,ddxHlkIuHqg,00002,0,test,4AYE3w5TWHs,00005,2.690884301107591,2.24
test,test,TGZMSmcuiXM,00001,0,test,iqEHuBST2qQ,00001,-2.468623959214642,2.112
test,test,Hj9oB4zpHww,00003,0,test,7ZymFMmpOa0,00007,1.7252793054699715,2.048
test,test,2SlBiFZ85d0,00006,0,test,YzGjO5aHShQ,00012,-6.900076264672994,2.048
test,test,FqrLUtIFVjs,00002,0,test,H9ZOpQzjukY,00001,-4.320198313835563,3.84
test,test,NL0uxDscjdo,00001,0,test,55yGmKc6WfE,00001,-7.259831984495064,2.752
test,test,Jm2dWbNsnZI,00002,0,test,fxbCHn6gE3U,00005,-2.4862401211938607,3.264
test,test,xlUPlxSpDRo,00001,0,test,fxbCHn6gE3U,00007,-9.96909499233663,4.288
test,test,aoGJP02CtPA,00004,0,test,SaouBn7IKIo,00001,-8.279802976825552,3.072
test,test,KNSRifMSSvM,00001,0,test,xTkKSJSqUSI,00004,8.70038449115087,2.112
test,test,Li4S1yyrsTI,00009,0,test,NL0uxDscjdo,00004,-5.463034053457334,2.496
test,test,F3OhcpKSUBc,00006,0,test,HI7zfpitZpo,00002,-1.7568584621752699,2.88
test,test,x95nwilkaio,00003,0,test,c64M1tZyWPM,00002,-8.465305830494795,2.304
test,test,LEx6K4P4GJc,00001,0,test,kEKzl6fub2w,00001,6.416843182524335,2.688
test,test,t2gbcVaZ448,00004,0,test,6wNif5SlN08,00014,-5.158048084956588,2.432
test,test,jcp5vvxtEaU,00012,0,test,O6Vayv9FCLM,00001,2.2851545161541047,2.496
test,test,VSLurJfOSiA,00001,0,test,LujWrkYsl64,00002,-9.060823035068442,2.112
test,test,JSSc7hYKstI,00019,0,test,hxsnKwmW0dk,00003,8.129117917683097,2.24
test,test,JSSc7hYKstI,00014,0,test,9YekkGz1E2k,00002,2.2289737322753496,2.624
test,test,fIICVeGW4RY,00004,0,test,8vNIrPeRGlM,00010,8.117444374637628,2.112
test,test,SE97Kgi0sR4,00004,0,test,c9V6OKlY80k,00001,-3.616155537424035,2.048
test,test,VAJS5J21Rd0,00009,0,test,Ok6LbV6bqaE,00005,2.0679536131919374,3.136
test,test,ZJNESMhIxQ0,00024,0,test,LYCKzpXEW6E,00002,-2.0309880462484697,2.368
test,test,mc0vhSseGk4,00001,0,test,UmvOgW6iV2s,00003,-5.3339897459397845,2.048
test,test,nCg2NcGYu34,00011,0,test,c64M1tZyWPM,00002,9.087602201565446,2.304
test,test,ZJNESMhIxQ0,00016,0,test,95ovIJ3dsNk,00009,6.16615511209482,3.264
test,test,ZnCSUBmeRxw,00004,0,test,ddxHlkIuHqg,00002,-6.651730233395357,3.776
test,test,ni4FV5zL6lM,00003,0,test,LYCKzpXEW6E,00002,-8.196889550900014,2.368
test,test,TVtgb153S6I,00002,0,test,uL5XUwfkxZw,00008,4.752243469392861,2.176
test,test,ZJNESMhIxQ0,00037,0,test,4n8qT0vQbWk,00003,-8.5458374505278,2.304
test,test,YyXRYgjQXX0,00001,0,test,8vNIrPeRGlM,00003,-8.656587698476173,2.112
test,test,55yGmKc6WfE,00001,0,test,UAj1hsXp18c,00011,-7.711127888325029,2.56
test,test,EV3OmxrowWE,00003,0,test,wzkFoetpSSM,00005,0.6141810218307917,2.56
test,test,0gks6ceq4eQ,00009,0,test,UAj1hsXp18c,00014,8.112751047227281,2.048
test,test,81Ub0SMxZQo,00003,0,test,FxtSMZKMdes,00017,-3.966886440789848,4.096
test,test,Bs86giWcjLA,00004,0,test,6kHSuYwt0qs,00002,1.7903010542907278,2.688
test,test,Sa27SUR0Mlo,00012,0,test,0ZfSOArXbGQ,00003,-6.586510525319427,2.688
test,test,xlUPlxSpDRo,00001,0,test,KuWXfjyGhk0,00001,-5.835898667993751,4.288
test,test,HiwJ0hNl1Fw,00002,0,test,xlUPlxSpDRo,00001,9.976681643798212,4.096
test,test,6Waurx8eS1o,00001,0,test,uJr4wGcLNsA,00007,-3.5596198866896973,2.368
test,test,JSSc7hYKstI,00007,0,test,GMynksvCcUI,00009,7.321567856741261,4.288
test,test,Gmai4zkKNcM,00006,0,test,c64M1tZyWPM,00002,-0.7747353988799048,2.304
test,test,2SlBiFZ85d0,00006,0,test,tiSiSM3pk5M,00012,1.2168475420755893,2.048
test,test,psN1DORYYV0,00016,0,test,DOgsYATbVSs,00003,-7.78474264127852,2.304
test,test,LiUClSItcy0,00009,0,test,MvXZzKZ3JYQ,00001,-9.899257691485214,4.928
test,test,PbgB2TaYhio,00004,0,test,1bnzVjOJ6NM,00020,5.250548924718608,2.56
test,test,3OgsRa7VDtI,00001,0,test,JSSc7hYKstI,00006,8.844688390357597,2.944
test,test,LjAsM1vAhW0,00001,0,test,1PNX6MSdVsk,00010,2.8757070781938907,2.496
test,test,nCg2NcGYu34,00011,0,test,QKHkSUiQboA,00003,-4.596987152171208,2.304
test,test,Mt0PiXLvYlU,00011,0,test,48xS00Iy0ac,00002,-9.882151096379308,2.176
test,test,1bnzVjOJ6NM,00021,0,test,nCg2NcGYu34,00001,-0.510773988216668,2.24
test,test,8mPpe8AL21A,00001,0,test,HI7zfpitZpo,00002,-6.4261239115500235,2.88
test,test,rP7nmdDA1Fg,00005,0,test,1bnzVjOJ6NM,00013,9.376213726775937,2.24
test,test,TRajLqEaWhQ,00002,0,test,yNhu0MGS2MA,00001,-7.6006746577051505,2.816
test,test,2UStOghblfE,00005,0,test,vhVWzkbAW4I,00005,-4.611852640060976,2.752
test,test,dYNc3P4jSt4,00007,0,test,Li4S1yyrsTI,00009,-6.163809059182945,2.496
test,test,psN1DORYYV0,00008,0,test,TVtgb153S6I,00002,8.995755498167629,2.176
test,test,ZJNESMhIxQ0,00031,0,test,1PNX6MSdVsk,00011,-7.223851929948606,2.496
test,test,8vNIrPeRGlM,00010,0,test,1bnzVjOJ6NM,00005,-8.948876191495822,2.688
test,test,xTkKSJSqUSI,00004,0,test,o1Z4F4e2Bw4,00003,0.48864320881619605,2.112
test,test,Gmai4zkKNcM,00006,0,test,QeIrdqU0o9s,00002,-4.397308920776899,3.84
test,test,Sew0bn8mGAA,00002,0,test,JSSc7hYKstI,00015,-1.3494672504184653,4.48
test,test,uzKBGtf0i0M,00004,0,test,BImnT7lcLDE,00003,1.334897595893647,2.88
test,test,JSSc7hYKstI,00006,0,test,PSlBlZ3hqKc,00007,1.0361084995001555,3.392
test,test,1bnzVjOJ6NM,00004,0,test,PSlBlZ3hqKc,00006,6.86658677159442,2.304
test,test,SE97Kgi0sR4,00004,0,test,JFQLvbVJVMg,00001,-0.25625606631251685,2.112
test,test,VxESitIllxE,00002,0,test,JSSc7hYKstI,00010,6.998491909401814,2.176
test,test,V4sSabKqyMU,00005,0,test,vhVWzkbAW4I,00008,-8.231771419401053,2.496
test,test,xlUPlxSpDRo,00001,0,test,RaSlxoAUP5c,00004,-6.948482243036429,2.176
test,test,4AYE3w5TWHs,00005,0,test,TUgBdSyK7S4,00001,-7.1898790840056614,2.24
test,test,JSSc7hYKstI,00019,0,test,Jm2dWbNsnZI,00001,-0.20683476445686466,2.368
test,test,QKHkSUiQboA,00003,0,test,GMynksvCcUI,00009,-9.074621594039629,2.304
test,test,HiwJ0hNl1Fw,00002,0,test,QeIrdqU0o9s,00002,6.850829967756013,3.84
test,test,NCJTV5KaJJc,00001,0,test,eNAHVnkll5M,00004,4.330087885340241,2.176
test,test,FxtSMZKMdes,00004,0,test,Sa27SUR0Mlo,00013,-7.987188962322669,2.56
test,test,27lMmdmySb8,00005,0,test,OYfoGTIG7pY,00001,-4.284841228574221,2.176
test,test,dYNc3P4jSt4,00001,0,test,stngBN4hp14,00001,-8.621551592193487,5.76
test,test,LYCKzpXEW6E,00002,0,test,GSf6nijSSdA,00011,6.119320155633638,2.368
test,test,GMynksvCcUI,00008,0,test,LiUClSItcy0,00007,-1.355713594914839,3.136
test,test,TGZMSmcuiXM,00001,0,test,LiUClSItcy0,00007,-6.514634235177175,2.112
test,test,TScetimMBL8,00002,0,test,x95nwilkaio,00005,6.770519685765848,2.944
test,test,66koScWSHBU,00001,0,test,FxtSMZKMdes,00014,-2.3403796778803265,3.2
test,test,RaSlxoAUP5c,00004,0,test,fscaRh2OtXk,00004,7.774397027791643,2.048
test,test,TUgBdSyK7S4,00001,0,test,rSSanSYZDT4,00001,8.566212889380008,3.968
test,test,RAR4cz9wkUk,00001,0,test,rP7nmdDA1Fg,00006,-0.4424115465987981,2.112
test,test,vhVWzkbAW4I,00004,0,test,Jm2dWbNsnZI,00002,-5.822723604475146,2.816
test,test,xTkKSJSqUSI,00008,0,test,9uOMectkCCs,00007,2.825676301232672,2.496
test,test,t2gbcVaZ448,00003,0,test,KPNn880KWfU,00005,4.177916918299173,5.056
test,test,l5vZHuAtDZA,00001,0,test,q2gO4DKVpa8,00005,7.259301127272465,2.432
test,test,JSSc7hYKstI,00010,0,test,FQEEMpzPZlY,00001,6.688466430284276,2.176
test,test,c9V6OKlY80k,00001,0,test,3uSQlcGCHUU,00008,3.599081940137266,2.048
test,test,UAj1hsXp18c,00030,0,test,hiIcwt88o94,00018,-8.01948326032736,2.24
test,test,Gmai4zkKNcM,00001,0,test,V4sSabKqyMU,00002,4.576293722565927,4.096
test,test,EGjxIS5MPUY,00001,0,test,JSSc7hYKstI,00014,9.506865366363396,2.752
test,test,Ip2SQa50uBI,00005,0,test,t7Xr3AsBEK4,00007,-7.846070857102561,2.432
test,test,nASJ0510Pxs,00002,0,test,7kkRkhAXZGg,00003,0.6492813536959972,3.392
test,test,1PNX6MSdVsk,00011,0,test,RaSlxoAUP5c,00004,-7.502564528263078,2.176
test,test,V4sSabKqyMU,00005,0,test,YzGjO5aHShQ,00007,-9.965691442966767,2.496
test,test,vhVWzkbAW4I,00007,0,test,PSlBlZ3hqKc,00012,-8.280703397178563,3.456
test,test,Bo8YN3oB0Cw,00002,0,test,UK8ccWSZkic,00001,9.553906286846853,2.496
test,test,ClfBxWPkBKU,00003,0,test,95ovIJ3dsNk,00006,-0.46136472380814375,3.136
test,test,Ip2SQa50uBI,00005,0,test,w1R4F9sSoow,00005,2.9081181643796548,2.432
test,test,sVtIuDKFO1c,00003,0,test,9RMx31GnNXY,00004,0.20158851914126075,2.368
test,test,qYUmI5kGsYk,00001,0,test,TDaFwnOiKVE,00004,2.839883012274667,3.456
test,test,SE97Kgi0sR4,00004,0,test,1bnzVjOJ6NM,00006,-4.996218182522565,2.624
test,test,nCg2NcGYu34,00004,0,test,jcp5vvxtEaU,00002,-9.155540735782708,2.496
test,test,3OgsRa7VDtI,00001,0,test,ZJNESMhIxQ0,00047,4.059741277139464,2.944
test,test,Sa27SUR0Mlo,00012,0,test,iqEHuBST2qQ,00001,1.3115461626959863,2.688
test,test,gVfgkFaswn4,00002,0,test,S6ufvYWTqQ0,00001,-3.8225921419995235,2.304
test,test,YD5PFdghryc,00001,0,test,7qT3RpaBlJo,00002,-1.762059593007102,4.544
test,test,nCg2NcGYu34,00001,0,test,7OMLSs8t1ng,00019,1.4010699037575396,2.24
test,test,VsjTVGIw4z8,00005,0,test,0gks6ceq4eQ,00005,-6.758624842369569,2.176
test,test,OzA6jRYjVQs,00006,0,test,vhVWzkbAW4I,00005,5.318745182854684,2.752
test,test,7gkdzkVbuVA,00004,0,test,V4sSabKqyMU,00003,6.172584756603037,2.048
test,test,uL5XUwfkxZw,00011,0,test,c64M1tZyWPM,00003,-2.131533712552902,2.048
test,test,UAj1hsXp18c,00021,0,test,mgcjr1yz7ow,00016,8.021482033794413,2.048
test,test,2SlBiFZ85d0,00006,0,test,FqrLUtIFVjs,00002,1.7217445079815583,2.048
test,test,BImnT7lcLDE,00001,0,test,fIICVeGW4RY,00001,-9.121237932018872,2.24
test,test,7gkdzkVbuVA,00001,0,test,psN1DORYYV0,00020,-2.191429000383625,3.072
test,test,JFQLvbVJVMg,00003,0,test,AWPrOvzzqZk,00002,-5.713569324973074,3.392
test,test,xlUPlxSpDRo,00001,0,test,nCg2NcGYu34,00006,8.65881075329192,2.112
test,test,mgcjr1yz7ow,00005,0,test,hxsnKwmW0dk,00002,-4.558541248631327,2.112
test,test,ta2Wvy9FSgA,00003,0,test,4ErEBkjS3PY,00001,9.225349204282018,2.496
test,test,n3kNlFMXslo,00003,0,test,6kHSuYwt0qs,00002,-9.151718101141864,2.688
test,test,WT7VMrxTPPA,00004,0,test,nCg2NcGYu34,00001,0.8033574131508043,2.752
test,test,t7Xr3AsBEK4,00006,0,test,LiUClSItcy0,00009,-0.9229511102694232,2.304
test,test,gVfgkFaswn4,00006,0,test,UAj1hsXp18c,00021,1.5026785029068375,2.048
test,test,tiSiSM3pk5M,00012,0,test,Mt0PiXLvYlU,00011,4.650585423920258,2.304
test,test,TVtgb153S6I,00001,0,test,yNhu0MGS2MA,00001,-8.074832035359945,2.816
test,test,V4sSabKqyMU,00005,0,test,NqOjj1FCcVY,00007,-6.9226101527712025,2.816
test,test,eZj5n8ScTkI,00002,0,test,SS8TSf2srSw,00002,4.573324117350868,3.776
test,test,CxEqV8WtfOo,00001,0,test,Gmai4zkKNcM,00006,6.519564769943443,2.176
test,test,ClfBxWPkBKU,00003,0,test,Sa27SUR0Mlo,00013,-6.689979742328854,3.136
test,test,FqrLUtIFVjs,00002,0,test,Ip2SQa50uBI,00005,-3.8285521863633036,2.432
test,test,mgcjr1yz7ow,00006,0,test,rFpDK2KhAgw,00002,-6.92214193946338,2.112
test,test,Sa27SUR0Mlo,00002,0,test,vXPJVwwEmiM,00005,2.57837541438289,3.584
test,test,HUM2rCIUdeI,00004,0,test,ClfBxWPkBKU,00001,7.0997117513911014,2.752
test,test,Hj9oB4zpHww,00003,0,test,7kkRkhAXZGg,00003,-8.892544388842612,2.944
test,test,ZJNESMhIxQ0,00012,0,test,psN1DORYYV0,00002,-3.4351876493074363,2.688
test,test,1bnzVjOJ6NM,00007,0,test,cHRZ6OrSvvI,00001,3.8624476709297895,2.496
test,test,UmvOgW6iV2s,00007,0,test,ZnCSUBmeRxw,00007,2.0675827483296914,4.16
test,test,dYNc3P4jSt4,00007,0,test,xkFTZcUPjBg,00001,8.976433973779926,2.368
test,test,FcmSmAwPkxg,00005,0,test,wKlMcLTqRLs,00001,-9.652840183026827,2.176
test,test,NA7krbsdXFA,00002,0,test,LiUClSItcy0,00001,-0.9537952544976278,2.24
test,test,UAj1hsXp18c,00027,0,test,QoT0S2vu9m4,00002,-8.162582673599651,2.24
test,test,PbgB2TaYhio,00001,0,test,WT7VMrxTPPA,00003,0.6180647613336028,2.176
test,test,1bnzVjOJ6NM,00006,0,test,vhVWzkbAW4I,00012,-8.726022344939874,2.624
test,test,QKHkSUiQboA,00003,0,test,qsJYrwzfd6w,00004,3.3605012900916797,2.304
test,test,ZJNESMhIxQ0,00035,0,test,FKxaL8Iau8Q,00007,4.597857964270798,3.008
test,test,Jm2dWbNsnZI,00001,0,test,c9V6OKlY80k,00001,9.864017251558966,2.048
test,test,YzGjO5aHShQ,00012,0,test,wKlMcLTqRLs,00001,-8.744749257730767,2.432
test,test,c9V6OKlY80k,00001,0,test,TUgBdSyK7S4,00001,-4.962797265915054,2.048
test,test,ZJNESMhIxQ0,00047,0,test,VzyjDRSAWzE,00001,7.002963720879812,2.048
test,test,GIbz9ms9Z9k,00001,0,test,x95nwilkaio,00005,-6.461763935250291,4.608
test,test,Li4S1yyrsTI,00013,0,test,ZJNESMhIxQ0,00037,5.44881417242955,2.304
test,test,xTkKSJSqUSI,00023,0,test,hiIcwt88o94,00018,4.671959934499572,2.24
test,test,fxbCHn6gE3U,00003,0,test,RAR4cz9wkUk,00002,4.412555817305252,2.56
test,test,VAJS5J21Rd0,00005,0,test,GMynksvCcUI,00002,1.3809060649345266,2.048
test,test,1bnzVjOJ6NM,00007,0,test,SSzRfSJTNW4,00005,7.836555365788595,2.496
test,test,bArH8r8jJ4g,00004,0,test,2UStOghblfE,00001,-7.127353134313383,2.24
test,test,Sew0bn8mGAA,00002,0,test,NL0uxDscjdo,00004,-9.655839476417496,2.496
test,test,RplnSVTzvnU,00001,0,test,LEx6K4P4GJc,00003,-0.5669127477401492,2.112
test,test,GMynksvCcUI,00002,0,test,3OgsRa7VDtI,00001,6.924817640435958,2.176
test,test,JFQLvbVJVMg,00001,0,test,6wNif5SlN08,00010,4.90543906760079,2.112
test,test,OYfoGTIG7pY,00001,0,test,ZJNESMhIxQ0,00019,-9.450266370421945,2.048
test,test,uzKBGtf0i0M,00004,0,test,xFSCX9mAHPo,00001,-7.844311169980324,2.048
test,test,jcp5vvxtEaU,00012,0,test,UAj1hsXp18c,00025,4.105129422736621,2.176
test,test,8vNIrPeRGlM,00011,0,test,bArH8r8jJ4g,00004,3.446233440237661,2.24
test,test,fIICVeGW4RY,00004,0,test,AegIbt2j0sU,00001,-1.2740822362598756,2.112
test,test,RplnSVTzvnU,00002,0,test,SFnMTHhKdkw,00008,0.09245538265933106,2.432
test,test,w1R4F9sSoow,00003,0,test,LYCKzpXEW6E,00003,-1.9885926404767353,2.368
test,test,RplnSVTzvnU,00002,0,test,tiSiSM3pk5M,00012,9.099940098001955,2.304
test,test,aoGJP02CtPA,00002,0,test,18uDutylDa4,00002,-7.299830906076767,4.288
test,test,ULNPLFrTirQ,00001,0,test,t7Xr3AsBEK4,00004,5.402659937312,2.176
test,test,xTkKSJSqUSI,00039,0,test,Ok6LbV6bqaE,00002,-4.495051610657324,5.568
test,test,ZnCSUBmeRxw,00007,0,test,ROgFmb3oTLo,00005,9.452660106807762,2.688
test,test,Sa27SUR0Mlo,00002,0,test,Mt0PiXLvYlU,00003,4.732459292627286,3.008
test,test,uzKBGtf0i0M,00004,0,test,GSf6nijSSdA,00011,1.9826964656216788,2.624
test,test,mgcjr1yz7ow,00016,0,test,PrK0CifulU0,00005,2.067253384852366,2.176
test,test,XBJQENjZJaA,00003,0,test,ONM4JupBzSE,00003,1.1511663177025184,2.176
test,test,ZJNESMhIxQ0,00004,0,test,t7Xr3AsBEK4,00007,-0.22270423513580084,4.096
test,test,SE97Kgi0sR4,00005,0,test,95ovIJ3dsNk,00009,-5.850527551878557,3.264
test,test,ROgFmb3oTLo,00007,0,test,vXPJVwwEmiM,00005,3.369661478369242,2.176
test,test,FqrLUtIFVjs,00001,0,test,mjDjbJJlqZ0,00001,-9.832925047112976,2.176
test,test,UAj1hsXp18c,00003,0,test,7gkdzkVbuVA,00001,8.430463150307293,2.688
test,test,3uSQlcGCHUU,00012,0,test,FKxaL8Iau8Q,00007,-8.197749023012564,2.112
test,test,95ovIJ3dsNk,00009,0,test,ddxHlkIuHqg,00004,2.2165723055412876,2.304
test,test,mSHBma0Ithk,00006,0,test,qsJYrwzfd6w,00004,4.207561279507521,2.496
test,test,eZj5n8ScTkI,00003,0,test,Jm2dWbNsnZI,00001,-2.229508746834334,2.368
test,test,BImnT7lcLDE,00004,0,test,27lMmdmySb8,00001,3.395702308207957,2.88
test,test,shG0ezBeeJc,00002,0,test,95ovIJ3dsNk,00002,-8.084654209567535,3.2
test,test,RplnSVTzvnU,00002,0,test,dYNc3P4jSt4,00004,9.516392458861063,3.456
test,test,3uSQlcGCHUU,00006,0,test,GvGAIGbnX7E,00004,-8.913614876763177,2.496
test,test,LiUClSItcy0,00009,0,test,vXPJVwwEmiM,00001,-2.9707572238463253,2.24
test,test,vhVWzkbAW4I,00007,0,test,fIICVeGW4RY,00004,7.74275256720011,2.112
test,test,ROgFmb3oTLo,00007,0,test,YyXRYgjQXX0,00013,1.3267764362589354,2.176
test,test,1PNX6MSdVsk,00005,0,test,fTSXvLzNd0o,00002,-6.711711455414875,2.112
test,test,x95nwilkaio,00002,0,test,ZJNESMhIxQ0,00021,9.775873240776448,3.008
test,test,4n8qT0vQbWk,00003,0,test,iPE2SiCCo0w,00007,-4.366823930678065,2.688
test,test,NA7krbsdXFA,00002,0,test,6wNif5SlN08,00010,8.558223114090907,2.24
test,test,xTkKSJSqUSI,00015,0,test,pFDoCLf96Kg,00001,7.9100316326326165,3.008
test,test,ZJNESMhIxQ0,00005,0,test,Hj9oB4zpHww,00003,-8.612504468017256,2.496
test,test,RAR4cz9wkUk,00001,0,test,2SlBiFZ85d0,00002,1.9420860263897026,2.112
test,test,LiUClSItcy0,00009,0,test,UAj1hsXp18c,00027,-6.196961349095835,2.432
test,test,tiSiSM3pk5M,00005,0,test,Ok6LbV6bqaE,00003,3.388620220247338,2.24
test,test,0ZfSOArXbGQ,00003,0,test,J8FyHI00ELY,00009,1.7459027516664634,2.368
test,test,AWPrOvzzqZk,00002,0,test,V4sSabKqyMU,00002,-4.271345533926445,4.544
test,test,fxbCHn6gE3U,00005,0,test,GSf6nijSSdA,00003,-8.710101482871607,2.176
test,test,w1R4F9sSoow,00001,0,test,9uOMectkCCs,00007,-4.007937550511871,2.496
test,test,UAq4yBdSYZs,00001,0,test,NA7krbsdXFA,00002,-6.397848396845125,2.24
test,test,GSf6nijSSdA,00011,0,test,j7fRIGphgtk,00005,6.840472453291746,2.368
test,test,rFpDK2KhAgw,00002,0,test,qsJYrwzfd6w,00004,-4.197105808712758,2.112
test,test,rFpDK2KhAgw,00002,0,test,sVtIuDKFO1c,00003,-0.4701509022754742,2.112
test,test,RlQ3CSVanaU,00001,0,test,IS4IK8CiLg8,00002,-4.959603416294536,2.176
test,test,4n8qT0vQbWk,00001,0,test,3uSQlcGCHUU,00017,4.492238023542946,3.008
test,test,EV3OmxrowWE,00003,0,test,GGScU5ESei4,00001,-0.9241367170052488,2.176
test,test,Ok6LbV6bqaE,00002,0,test,xukDIWFMU9Y,00003,-8.966515218089384,2.112
test,test,6wNif5SlN08,00010,0,test,HSercnrqeN4,00001,-7.820099970009771,2.24
test,test,4AYE3w5TWHs,00004,0,test,3OgsRa7VDtI,00001,5.854099509372544,2.816
test,test,ZJNESMhIxQ0,00025,0,test,J8FyHI00ELY,00009,0.863489959709554,2.368
test,test,V4sSabKqyMU,00002,0,test,5b5BDoddOLA,00004,1.3847408762089195,2.368
test,test,Jm2dWbNsnZI,00001,0,test,hiIcwt88o94,00018,-0.23656816987402607,2.24
test,test,2UStOghblfE,00005,0,test,YzGjO5aHShQ,00012,-9.855819516963923,2.88
test,test,tiSiSM3pk5M,00002,0,test,GAMR5RDSLJo,00020,-6.855943915805254,2.368
test,test,PbgB2TaYhio,00004,0,test,nCg2NcGYu34,00004,3.629319368282811,2.496
test,test,uzKBGtf0i0M,00004,0,test,gVfgkFaswn4,00002,4.863154796379947,3.264
test,test,OzA6jRYjVQs,00008,0,test,eNAHVnkll5M,00002,2.233580271704712,2.432
test,test,FcmSmAwPkxg,00005,0,test,S2Dj9M71JAc,00007,-1.6702202205675842,2.176
test,test,9uOMectkCCs,00001,0,test,0gks6ceq4eQ,00015,9.973835818018589,4.16
test,test,fscaRh2OtXk,00004,0,test,0gks6ceq4eQ,00008,8.772964415042964,2.048
test,test,fIICVeGW4RY,00004,0,test,RDSSLJG7oi8,00001,-7.2095391696687,2.112
test,test,t7Xr3AsBEK4,00007,0,test,NqOjj1FCcVY,00003,-6.515145434246747,2.048
test,test,UMhLBPPtlrY,00004,0,test,1bnzVjOJ6NM,00021,-5.384647690098601,2.24
test,test,dYNc3P4jSt4,00006,0,test,ZJNESMhIxQ0,00023,-3.9857571542057606,6.016
test,test,gVfgkFaswn4,00002,0,test,Li4S1yyrsTI,00009,-0.9599651339338582,3.776
test,test,NL0uxDscjdo,00004,0,test,fZ8eyWBQmfU,00001,6.098897086418745,2.496
test,test,ClfBxWPkBKU,00001,0,test,8vNIrPeRGlM,00001,7.93148681840972,2.24
test,test,Ip2SQa50uBI,00001,0,test,WT7VMrxTPPA,00004,9.444128972861009,2.752
test,test,HUM2rCIUdeI,00004,0,test,OwgWkUIm9Gc,00008,7.714587766870729,2.752
test,test,HI7zfpitZpo,00002,0,test,ZJNESMhIxQ0,00002,-9.983948440031686,2.88
test,test,eZj5n8ScTkI,00001,0,test,xTkKSJSqUSI,00015,7.010671372299889,2.752
test,test,1bnzVjOJ6NM,00013,0,test,Sa27SUR0Mlo,00012,-7.704826054750598,2.24
test,test,TRajLqEaWhQ,00002,0,test,q2gO4DKVpa8,00005,-5.454744425479352,2.432
test,test,HiwJ0hNl1Fw,00002,0,test,mgcjr1yz7ow,00015,-5.57372690300766,2.88
test,test,lmyZMtPVodo,00001,0,test,LYCKzpXEW6E,00003,-5.460573500906188,2.368
test,test,LujWrkYsl64,00002,0,test,nCg2NcGYu34,00008,9.948675923374868,2.112
test,test,w1R4F9sSoow,00003,0,test,8vNIrPeRGlM,00001,2.311430415971664,2.24
test,test,fxbCHn6gE3U,00003,0,test,wlR1ojoiue0,00005,-4.972061651767841,2.944
test,test,LEx6K4P4GJc,00003,0,test,Gmai4zkKNcM,00001,0.6700505060559987,2.304
test,test,3OgsRa7VDtI,00001,0,test,GGScU5ESei4,00001,5.803419614894951,2.176
test,test,MvXZzKZ3JYQ,00001,0,test,o1Z4F4e2Bw4,00004,7.882148118436085,2.688
test,test,VzyjDRSAWzE,00001,0,test,7OMLSs8t1ng,00010,8.121800239878073,2.048
test,test,S2Dj9M71JAc,00007,0,test,gVfgkFaswn4,00003,-1.487839820543293,3.456
test,test,cmpu58yv8Sg,00005,0,test,ZJNESMhIxQ0,00037,0.2970772029524831,2.304
test,test,rSSanSYZDT4,00001,0,test,ZJNESMhIxQ0,00003,-6.888785550489671,3.072
test,test,UAq4yBdSYZs,00001,0,test,jcSSY9rDN2g,00002,1.2757735213570598,3.776
test,test,AWPrOvzzqZk,00002,0,test,O6Vayv9FCLM,00001,-6.843997616257584,2.496
test,test,ClfBxWPkBKU,00003,0,test,6Waurx8eS1o,00001,-1.0192329165679936,2.432
test,test,3uSQlcGCHUU,00011,0,test,0gks6ceq4eQ,00007,8.129462090398757,2.688
test,test,Us70DN2XSfM,00003,0,test,LIy2oVJtJsA,00006,7.622654276849119,2.112
test,test,8Z24LCysq3A,00001,0,test,mSHBma0Ithk,00006,-6.890976855444892,2.496
test,test,V4sSabKqyMU,00005,0,test,GIbz9ms9Z9k,00001,3.230674929934107,2.816
test,test,BImnT7lcLDE,00001,0,test,3uSQlcGCHUU,00011,4.05195176178519,2.24
test,test,YyXRYgjQXX0,00007,0,test,RAR4cz9wkUk,00001,4.691601998829405,2.112
test,test,aSavBsX60Ss,00003,0,test,Li4S1yyrsTI,00021,-1.1423972755951706,2.496
test,test,hxsnKwmW0dk,00003,0,test,nASJ0510Pxs,00002,8.800560921441217,2.24
test,test,jcp5vvxtEaU,00009,0,test,nASJ0510Pxs,00002,-9.890968720816364,3.392
test,test,ZJNESMhIxQ0,00019,0,test,27lMmdmySb8,00005,-6.495198083900782,2.048
test,test,Li4S1yyrsTI,00013,0,test,IS4IK8CiLg8,00002,-2.430574333392432,2.368
test,test,ClfBxWPkBKU,00011,0,test,FKxaL8Iau8Q,00007,2.219611439649121,2.304
test,test,Mt0PiXLvYlU,00009,0,test,1bnzVjOJ6NM,00013,4.793660009496392,2.24
test,test,ClfBxWPkBKU,00003,0,test,aoGJP02CtPA,00004,1.0808889025015045,3.136
test,test,uL5XUwfkxZw,00008,0,test,AWPrOvzzqZk,00002,0.4997579231570253,2.176
test,test,rP7nmdDA1Fg,00006,0,test,aoGJP02CtPA,00004,-8.824946848637357,3.968
test,test,1bnzVjOJ6NM,00022,0,test,j7fRIGphgtk,00002,0.11071146115328823,2.368
test,test,fTSXvLzNd0o,00002,0,test,jggHw5PdQV0,00001,-2.0227876901929704,2.048
test,test,hxsnKwmW0dk,00002,0,test,jggHw5PdQV0,00001,-7.506595838290851,2.048
test,test,FxtSMZKMdes,00007,0,test,1bnzVjOJ6NM,00007,-1.2290304070792164,2.496
test,test,Us70DN2XSfM,00005,0,test,fTSXvLzNd0o,00002,-9.812012660946047,2.048
test,test,WFCvkkDSfIU,00003,0,test,tiSiSM3pk5M,00002,-3.6122848721010836,2.368
test,test,rSSanSYZDT4,00001,0,test,TUgBdSyK7S4,00001,-9.771922565454695,3.968
test,test,AsSd2nmoKNA,00002,0,test,xTkKSJSqUSI,00034,1.964329827380837,2.496
test,test,LEx6K4P4GJc,00004,0,test,4n8qT0vQbWk,00001,4.393560111471826,2.432
test,test,YzGjO5aHShQ,00007,0,test,eNAHVnkll5M,00002,6.0483869879819885,2.496
test,test,PSlBlZ3hqKc,00007,0,test,AegIbt2j0sU,00001,8.97719221312644,2.88
test,test,mgcjr1yz7ow,00008,0,test,TGZMSmcuiXM,00001,-2.224074692902178,2.112
test,test,n3kNlFMXslo,00010,0,test,Sa27SUR0Mlo,00002,0.42952901476023264,2.176
test,test,XESFPEFpHt4,00010,0,test,w1R4F9sSoow,00001,-7.238877391224512,3.328
test,test,OzA6jRYjVQs,00008,0,test,hQigUH0vZSE,00001,7.013836069363023,2.432
test,test,vhVWzkbAW4I,00004,0,test,nCg2NcGYu34,00006,9.267800036724452,2.112
test,test,UAj1hsXp18c,00014,0,test,NqOjj1FCcVY,00003,-6.314629530708816,2.048
test,test,akiQuyhXR8o,00010,0,test,o1Z4F4e2Bw4,00003,8.400366653296544,2.56
test,test,AsSd2nmoKNA,00002,0,test,jiUKpX09zo4,00001,5.736160242470092,2.368
test,test,SE97Kgi0sR4,00006,0,test,ta2Wvy9FSgA,00003,-5.514482335997415,2.688
test,test,FxtSMZKMdes,00015,0,test,wKlMcLTqRLs,00001,6.785463825931529,2.432
test,test,KuWXfjyGhk0,00001,0,test,eZj5n8ScTkI,00002,1.6056344152533537,4.992
test,test,TVtgb153S6I,00002,0,test,vhVWzkbAW4I,00008,3.5743091302706453,2.496
test,test,OIlSXRCSBSI,00002,0,test,UAj1hsXp18c,00003,5.872145752663926,2.624
test,test,FxtSMZKMdes,00005,0,test,JSSc7hYKstI,00008,-2.88352460476462,2.048
test,test,YzGjO5aHShQ,00007,0,test,UmvOgW6iV2s,00003,4.621359867322321,2.048
test,test,9uOMectkCCs,00007,0,test,JSSc7hYKstI,00019,8.556044739322353,2.496
test,test,ZnCSUBmeRxw,00010,0,test,QoyBYYpal1Y,00001,2.074238348680934,4.48
test,test,UAj1hsXp18c,00001,0,test,VxESitIllxE,00004,1.162978541377564,2.176
test,test,UAj1hsXp18c,00013,0,test,UmvOgW6iV2s,00001,7.274041490641515,2.496
test,test,t7Xr3AsBEK4,00004,0,test,E22icGCvGXk,00004,6.960682149302492,2.24
test,test,GvGAIGbnX7E,00004,0,test,PbgB2TaYhio,00003,-1.9626124997491683,2.56
test,test,mgcjr1yz7ow,00006,0,test,HSercnrqeN4,00001,-6.999189611365189,2.24
test,test,ZJNESMhIxQ0,00001,0,test,VIgzTLDyObo,00002,-0.993680585686981,4.544
test,test,c64M1tZyWPM,00002,0,test,PrK0CifulU0,00005,5.554864925951083,2.176
test,test,jcp5vvxtEaU,00011,0,test,GSf6nijSSdA,00011,9.227980259655688,2.496
test,test,jPf0LjZAS14,00001,0,test,1bnzVjOJ6NM,00014,7.785967584855904,2.368
test,test,4AYE3w5TWHs,00004,0,test,FcmSmAwPkxg,00007,-4.208588787497611,2.816
test,test,1PNX6MSdVsk,00010,0,test,S6ufvYWTqQ0,00001,-1.2004411918267373,2.304
test,test,YzGjO5aHShQ,00017,0,test,o1Z4F4e2Bw4,00002,2.9446387901178657,2.496
test,test,t7Xr3AsBEK4,00002,0,test,7OMLSs8t1ng,00019,2.352125606412015,2.24
test,test,xTkKSJSqUSI,00034,0,test,FcmSmAwPkxg,00010,5.318316693361636,2.496
test,test,UmvOgW6iV2s,00003,0,test,7ZymFMmpOa0,00006,-2.706051469158468,2.048
test,test,8vNIrPeRGlM,00009,0,test,Mt0PiXLvYlU,00009,0.6875668848803222,3.008
test,test,jcp5vvxtEaU,00011,0,test,BImnT7lcLDE,00001,-8.328516649519207,2.24
test,test,Ip2SQa50uBI,00005,0,test,18uDutylDa4,00002,-0.3651822007084178,2.432
test,test,YyXRYgjQXX0,00008,0,test,V1yW5IsnSjo,00005,-2.2254192335404177,2.368
test,test,7ZymFMmpOa0,00002,0,test,Li4S1yyrsTI,00014,-0.8729706228541545,2.496
test,test,t2gbcVaZ448,00002,0,test,ROgFmb3oTLo,00005,7.692838805430874,2.304
test,test,E22icGCvGXk,00004,0,test,w1R4F9sSoow,00001,-8.091908691068701,2.496
test,test,1PNX6MSdVsk,00009,0,test,Sa27SUR0Mlo,00013,6.271265619058791,3.456
test,test,aSavBsX60Ss,00003,0,test,Mt0PiXLvYlU,00007,5.6769648944209035,2.496
test,test,nCg2NcGYu34,00011,0,test,uJr4wGcLNsA,00003,-9.045226884260734,2.24
test,test,mgcjr1yz7ow,00015,0,test,JSSc7hYKstI,00005,-4.541651694338629,2.688
test,test,fxbCHn6gE3U,00003,0,test,mgcjr1yz7ow,00015,7.410904346871835,2.88
test,test,n3kNlFMXslo,00002,0,test,bArH8r8jJ4g,00004,1.7500977650193867,2.24
test,test,Jm2dWbNsnZI,00001,0,test,jPf0LjZAS14,00001,9.99444994455985,2.368
test,test,n3kNlFMXslo,00002,0,test,nASJ0510Pxs,00002,-4.915346514566512,2.816
test,test,Mt0PiXLvYlU,00007,0,test,YyXRYgjQXX0,00001,3.4050230454257697,2.112
test,test,FxtSMZKMdes,00007,0,test,XESFPEFpHt4,00010,3.667633747147738,2.88
test,test,8nt3edWLgIg,00005,0,test,vhVWzkbAW4I,00007,0.4978251215886722,4.48
test,test,RaSlxoAUP5c,00001,0,test,SnSHsb5xKPo,00001,-7.3972811365185205,2.688
test,test,48xS00Iy0ac,00003,0,test,NA7krbsdXFA,00002,3.7101440403595713,2.24
test,test,xFSCX9mAHPo,00001,0,test,8nt3edWLgIg,00004,-7.695912298615976,2.048
test,test,IjbTiRbeNpM,00005,0,test,FcmSmAwPkxg,00007,-8.50123157561515,2.496
test,test,V1yW5IsnSjo,00005,0,test,m6X1i8khmt8,00001,-1.4340481446238407,2.176
test,test,gVfgkFaswn4,00002,0,test,ROgFmb3oTLo,00010,8.251051314890656,2.24
test,test,RiM5aSvaNkg,00003,0,test,w1R4F9sSoow,00005,-9.07646753814249,2.56
test,test,JSSc7hYKstI,00008,0,test,FxtSMZKMdes,00014,3.7539315978123327,4.928
test,test,SS8TSf2srSw,00002,0,test,hiIcwt88o94,00018,-6.153614241940295,2.24
test,test,ZJNESMhIxQ0,00033,0,test,3uSQlcGCHUU,00001,-9.459505787533438,2.368
test,test,UAj1hsXp18c,00023,0,test,Bs86giWcjLA,00004,3.642467139397665,2.048
test,test,NqOjj1FCcVY,00007,0,test,FcmSmAwPkxg,00006,1.1899787077121928,4.352
test,test,xkFTZcUPjBg,00001,0,test,lmyZMtPVodo,00001,7.89569634286115,2.368
test,test,3OgsRa7VDtI,00001,0,test,0VJqrlH9cdI,00001,3.9335227618873994,2.368
test,test,3uSQlcGCHUU,00014,0,test,1bnzVjOJ6NM,00017,-9.50587181665632,2.112
test,test,hiIcwt88o94,00003,0,test,8iSpNVj5KMw,00002,-7.2335864819458795,2.688
test,test,LjAsM1vAhW0,00001,0,test,8iSpNVj5KMw,00002,-2.016186355764809,2.496
test,test,xkFTZcUPjBg,00001,0,test,Sew0bn8mGAA,00009,-1.852054640680139,2.176
test,test,eVFYhbHpfqU,00002,0,test,GSf6nijSSdA,00011,7.92081528844254,2.368
test,test,Li4S1yyrsTI,00013,0,test,gVfgkFaswn4,00002,-3.5234678814682336,2.368
test,test,5b5BDoddOLA,00004,0,test,GGScU5ESei4,00004,-0.27611907794117485,2.368
test,test,48xS00Iy0ac,00002,0,test,1bnzVjOJ6NM,00022,2.120821195877687,2.176
test,test,dYNc3P4jSt4,00008,0,test,xTkKSJSqUSI,00009,-7.375583708655493,2.496
test,test,Mt0PiXLvYlU,00009,0,test,GSf6nijSSdA,00005,-4.315503918788821,2.112
test,test,LYCKzpXEW6E,00002,0,test,RplnSVTzvnU,00002,1.280817833911236,2.368
test,test,tiSiSM3pk5M,00002,0,test,jiUKpX09zo4,00001,6.827896524276564,2.368
test,test,m6X1i8khmt8,00001,0,test,qWNae7vYK6s,00008,-0.022752806885875998,2.176
test,test,VxESitIllxE,00004,0,test,RaSlxoAUP5c,00004,-8.878110649217243,2.176
test,test,8nt3edWLgIg,00005,0,test,PrK0CifulU0,00003,9.918252542397052,3.328
test,test,SE97Kgi0sR4,00004,0,test,27lMmdmySb8,00005,-2.4887325488262313,2.176
test,test,OIlSXRCSBSI,00006,0,test,w1R4F9sSoow,00005,-1.361436938951071,2.304
test,test,RDSSLJG7oi8,00001,0,test,Hj9oB4zpHww,00003,-5.03238065117682,2.944
test,test,GSf6nijSSdA,00005,0,test,UAinLaT42xY,00001,6.865050252286807,2.112
test,test,55yGmKc6WfE,00001,0,test,t2gbcVaZ448,00003,-0.3163280698806261,2.752
test,test,ZJNESMhIxQ0,00033,0,test,E22icGCvGXk,00004,-1.4276559417279273,2.368
test,test,P2AUat93a8Q,00002,0,test,psN1DORYYV0,00002,5.997718233862713,2.688
test,test,7gkdzkVbuVA,00005,0,test,dYNc3P4jSt4,00001,2.972547036162158,2.688
test,test,SaouBn7IKIo,00001,0,test,VIgzTLDyObo,00002,-7.801074557936529,3.072
test,test,UMhLBPPtlrY,00004,0,test,t7Xr3AsBEK4,00002,-2.5312243387923328,2.368
test,test,t7Xr3AsBEK4,00004,0,test,8vNIrPeRGlM,00011,2.605207203037427,2.24
test,test,vXPJVwwEmiM,00001,0,test,UAj1hsXp18c,00020,7.253878322142377,2.048
test,test,hiIcwt88o94,00019,0,test,tzJYY2p0QIc,00001,3.4368437744443305,2.304
test,test,xTkKSJSqUSI,00012,0,test,4n8qT0vQbWk,00001,-1.6274284182421752,3.008
test,test,3uSQlcGCHUU,00008,0,test,8nt3edWLgIg,00005,8.183722608840402,4.288
test,test,hiIcwt88o94,00020,0,test,VxESitIllxE,00001,9.336322354143697,2.048
test,test,SE97Kgi0sR4,00002,0,test,0VJqrlH9cdI,00001,1.2607053251072724,2.368
test,test,n3kNlFMXslo,00012,0,test,ni4FV5zL6lM,00001,-4.987219566740806,2.048
test,test,shG0ezBeeJc,00002,0,test,0gks6ceq4eQ,00007,-7.976889101586126,3.328
test,test,95ovIJ3dsNk,00002,0,test,eZj5n8ScTkI,00003,1.12891594661345,3.008
test,test,F3OhcpKSUBc,00006,0,test,npNYP2vzaPo,00004,9.142172161572347,3.328
test,test,RaSlxoAUP5c,00004,0,test,PSlBlZ3hqKc,00011,7.550618444924293,2.176
test,test,Hj9oB4zpHww,00003,0,test,LpROaNue9GM,00001,-0.28035706084834544,2.944
test,test,Li4S1yyrsTI,00022,0,test,jiUKpX09zo4,00001,-9.923478321287737,2.368
test,test,HiwJ0hNl1Fw,00002,0,test,VIgzTLDyObo,00002,7.916074833094374,4.096
test,test,ClfBxWPkBKU,00011,0,test,ZnCSUBmeRxw,00007,9.188662970006195,2.304
test,test,tiSiSM3pk5M,00005,0,test,UmvOgW6iV2s,00003,-9.022020929182425,2.048
test,test,LujWrkYsl64,00002,0,test,1bnzVjOJ6NM,00022,4.5130228464363285,2.112
test,test,FxtSMZKMdes,00007,0,test,UAj1hsXp18c,00013,-7.1107655061947455,2.88
test,test,1bnzVjOJ6NM,00021,0,test,ZJNESMhIxQ0,00024,7.005427733682804,2.24
test,test,95ovIJ3dsNk,00009,0,test,5P04stEjJ9E,00004,-2.3026823243022454,2.368
test,test,wKlMcLTqRLs,00001,0,test,SE97Kgi0sR4,00005,2.1214694995046397,2.432
test,test,RAR4cz9wkUk,00001,0,test,Sa27SUR0Mlo,00002,-1.5526981611541242,2.112
test,test,OzA6jRYjVQs,00006,0,test,Mt0PiXLvYlU,00009,3.542502402541171,4.416
test,test,7gkdzkVbuVA,00005,0,test,3uSQlcGCHUU,00008,6.809793112588011,2.688
test,test,1L6lSFiV4xo,00002,0,test,DCIL2nvU4x8,00001,1.1210991368552072,2.624
test,test,Sa27SUR0Mlo,00004,0,test,aoGJP02CtPA,00003,8.57020853305469,3.648
test,test,YyXRYgjQXX0,00008,0,test,yeVz0rtXCmw,00001,-0.5192883652244049,3.072
test,test,UmvOgW6iV2s,00007,0,test,QKHkSUiQboA,00005,1.686174362580239,4.288
test,test,xTkKSJSqUSI,00023,0,test,AWPrOvzzqZk,00002,-1.903047394947519,2.752
test,test,dS8n24ZwZcQ,00002,0,test,aoGJP02CtPA,00004,5.609381148686925,3.648
test,test,jiUKpX09zo4,00001,0,test,PbgB2TaYhio,00004,1.7744362801803533,2.368
test,test,NL0uxDscjdo,00001,0,test,UAj1hsXp18c,00006,8.18606233668249,2.496
test,test,7ZymFMmpOa0,00007,0,test,ZJNESMhIxQ0,00004,5.423195674895222,2.048
test,test,n3kNlFMXslo,00013,0,test,vXPJVwwEmiM,00006,-6.358449496340432,2.048
test,test,AsSd2nmoKNA,00001,0,test,ZJNESMhIxQ0,00033,-8.165939031944928,2.112
test,test,XESFPEFpHt4,00003,0,test,eZj5n8ScTkI,00001,5.142698428448755,2.752
test,test,ROgFmb3oTLo,00004,0,test,SaouBn7IKIo,00001,-4.543152699682256,3.072
test,test,V1yW5IsnSjo,00001,0,test,tiSiSM3pk5M,00005,8.385457804416472,2.688
test,test,Mt0PiXLvYlU,00007,0,test,1bnzVjOJ6NM,00006,2.9285620474293044,2.624
test,test,V4sSabKqyMU,00005,0,test,jPf0LjZAS14,00010,5.416788367033572,2.432
test,test,JSSc7hYKstI,00010,0,test,vhVWzkbAW4I,00012,2.283664237172726,5.248
test,test,4n8qT0vQbWk,00003,0,test,jPf0LjZAS14,00001,-4.29917910836886,2.944
test,test,3uSQlcGCHUU,00006,0,test,NYKcOFQCeno,00003,4.36066460182831,2.496
test,test,fscaRh2OtXk,00004,0,test,Li4S1yyrsTI,00015,-0.8803616965773777,2.048
test,test,OIlSXRCSBSI,00002,0,test,7ZymFMmpOa0,00006,5.485676773724126,2.048
test,test,GSf6nijSSdA,00011,0,test,95ovIJ3dsNk,00002,1.9822925250858852,2.624
test,test,n3kNlFMXslo,00012,0,test,8vNIrPeRGlM,00009,-5.821515266616819,3.008
test,test,9uOMectkCCs,00007,0,test,UAq4yBdSYZs,00001,3.6876370044866906,2.496
test,test,FxtSMZKMdes,00007,0,test,mgcjr1yz7ow,00008,4.215386609869412,2.88
test,test,mc0vhSseGk4,00001,0,test,7qT3RpaBlJo,00001,0.36723273090052366,3.904
test,test,4n8qT0vQbWk,00003,0,test,fZ8eyWBQmfU,00001,4.459412476285948,3.008
test,test,cHRZ6OrSvvI,00001,0,test,7OMLSs8t1ng,00019,4.2481869663497065,2.24
test,test,NL0uxDscjdo,00001,0,test,WT7VMrxTPPA,00004,-5.600773971071407,2.752
test,test,J8FyHI00ELY,00009,0,test,PrK0CifulU0,00003,-8.909377302272484,2.368
test,test,eZj5n8ScTkI,00002,0,test,jPf0LjZAS14,00001,3.8171363981418374,2.944
test,test,XBJQENjZJaA,00003,0,test,UAj1hsXp18c,00003,-9.403504869071487,2.432
test,test,jcSSY9rDN2g,00002,0,test,SN7wO06Yz1E,00002,9.680645758880594,2.24
test,test,SE97Kgi0sR4,00005,0,test,6kHSuYwt0qs,00002,4.059536021795074,2.688
test,test,BQZKs75RMqM,00001,0,test,BImnT7lcLDE,00006,5.935819505533113,2.048
test,test,iqEHuBST2qQ,00001,0,test,l5vZHuAtDZA,00001,-3.109984563283323,2.496
test,test,qWNae7vYK6s,00008,0,test,yeVz0rtXCmw,00001,-8.698436679911703,2.24
test,test,rP7nmdDA1Fg,00006,0,test,1bnzVjOJ6NM,00006,-6.136964124541637,2.624
test,test,95ovIJ3dsNk,00002,0,test,RAR4cz9wkUk,00002,-8.766700119149125,2.56
test,test,UmvOgW6iV2s,00001,0,test,UAj1hsXp18c,00027,-2.853342695975549,2.432
test,test,TVtgb153S6I,00001,0,test,JSSc7hYKstI,00019,-7.9180131299249545,6.08
test,test,27lMmdmySb8,00002,0,test,VsjTVGIw4z8,00005,8.814052746268445,2.176
test,test,uqS6T6TAu74,00001,0,test,nCg2NcGYu34,00006,-2.92680664608058,2.112
test,test,dYNc3P4jSt4,00006,0,test,m6X1i8khmt8,00002,-2.9708218400521087,2.24
test,test,eZj5n8ScTkI,00002,0,test,ZJNESMhIxQ0,00005,5.936961985827976,2.496
test,test,87AEeLpodnE,00010,0,test,TRajLqEaWhQ,00002,-9.047113170028569,2.24
test,test,LiUClSItcy0,00001,0,test,NqOjj1FCcVY,00001,4.886949288928834,3.264
test,test,JSSc7hYKstI,00015,0,test,7OMLSs8t1ng,00010,3.9580201344719015,3.52
test,test,JSSc7hYKstI,00008,0,test,DDaldVHUedI,00004,-9.659581410287192,2.368
test,test,YyXRYgjQXX0,00001,0,test,JSSc7hYKstI,00008,-8.839665603815437,2.112
test,test,V1yW5IsnSjo,00009,0,test,ni4FV5zL6lM,00001,2.191582666514938,2.048
test,test,hiIcwt88o94,00002,0,test,jcp5vvxtEaU,00012,-8.819445578343997,2.944
test,test,PSlBlZ3hqKc,00011,0,test,MNuOmTQdFjA,00002,3.9576484219386394,2.048
test,test,SE97Kgi0sR4,00006,0,test,t7Xr3AsBEK4,00004,8.749124979471066,2.24
test,test,48xS00Iy0ac,00002,0,test,IjbTiRbeNpM,00005,-6.111734051726545,2.176
test,test,vhVWzkbAW4I,00004,0,test,ROgFmb3oTLo,00010,0.39555126039001465,2.24
test,test,fIICVeGW4RY,00001,0,test,vXPJVwwEmiM,00001,1.472846167544116,2.24
test,test,LYCKzpXEW6E,00001,0,test,YyXRYgjQXX0,00013,9.177753091734733,2.368
test,test,Ok6LbV6bqaE,00002,0,test,jcp5vvxtEaU,00010,0.6149629119271118,2.368
test,test,ZJNESMhIxQ0,00021,0,test,n3kNlFMXslo,00003,-6.14364546507047,3.008
test,test,7gXq1ml6B1E,00001,0,test,gVfgkFaswn4,00002,9.511848807430898,2.048
test,test,0gks6ceq4eQ,00008,0,test,UmvOgW6iV2s,00001,7.639917390720775,2.496
test,test,V4sSabKqyMU,00005,0,test,mgcjr1yz7ow,00008,-6.819995733026298,2.816
test,test,uL5XUwfkxZw,00011,0,test,RDSSLJG7oi8,00001,8.951711086021948,2.432
test,test,jcp5vvxtEaU,00009,0,test,mc0vhSseGk4,00001,3.418979842334757,3.52
test,test,S2Dj9M71JAc,00007,0,test,ZJNESMhIxQ0,00016,-8.351128626828617,3.456
test,test,c64M1tZyWPM,00004,0,test,RAR4cz9wkUk,00002,5.791810230406968,2.048
test,test,Ok6LbV6bqaE,00002,0,test,0gks6ceq4eQ,00007,2.543971352925272,5.376
test,test,SSzRfSJTNW4,00006,0,test,nCg2NcGYu34,00004,-0.0995740968041936,2.496
test,test,dYNc3P4jSt4,00008,0,test,Ip2SQa50uBI,00005,-9.240825170571416,2.432
test,test,1bnzVjOJ6NM,00013,0,test,hxsnKwmW0dk,00002,-1.7916317747619281,2.24
test,test,JSSc7hYKstI,00014,0,test,UAj1hsXp18c,00027,7.75346893028296,2.432
test,test,TDaFwnOiKVE,00004,0,test,RiM5aSvaNkg,00003,5.2353661360012715,3.456
test,test,iPE2SiCCo0w,00013,0,test,1bnzVjOJ6NM,00013,7.5807330739976955,2.048
test,test,FxtSMZKMdes,00007,0,test,psN1DORYYV0,00016,-3.955845910823581,2.688
test,test,yeVz0rtXCmw,00001,0,test,RplnSVTzvnU,00003,-8.520207668743417,5.76
test,test,EV3OmxrowWE,00003,0,test,ZnCSUBmeRxw,00010,-4.057978023257556,2.56
test,test,Mt0PiXLvYlU,00007,0,test,OYfoGTIG7pY,00004,0.6922019173198031,2.112
test,test,KuWXfjyGhk0,00001,0,test,ZJNESMhIxQ0,00033,-4.236446703132466,2.368
test,test,aoGJP02CtPA,00004,0,test,NqOjj1FCcVY,00003,0.2831026852417331,2.048
test,test,Ok6LbV6bqaE,00002,0,test,psN1DORYYV0,00008,-0.3474730351353692,2.176
test,test,Li4S1yyrsTI,00011,0,test,FqrLUtIFVjs,00002,-2.156975056910289,2.176
test,test,FcmSmAwPkxg,00008,0,test,QKHkSUiQboA,00005,6.718290822283201,3.84
test,test,j7fRIGphgtk,00002,0,test,hxsnKwmW0dk,00002,-6.317970646111332,3.52
test,test,hiIcwt88o94,00018,0,test,Jm2dWbNsnZI,00002,-7.524896523867863,2.24
test,test,OzA6jRYjVQs,00008,0,test,ddxHlkIuHqg,00002,0.7087360602519084,2.432
test,test,gVfgkFaswn4,00001,0,test,n3kNlFMXslo,00003,-3.0270391561046655,3.456
test,test,UAj1hsXp18c,00027,0,test,xlUPlxSpDRo,00001,-9.457956080729314,2.432
test,test,eZj5n8ScTkI,00003,0,test,95ovIJ3dsNk,00002,0.5742834853649832,3.008
test,test,18uDutylDa4,00002,0,test,gVfgkFaswn4,00002,4.106072467900644,3.776
test,test,JSSc7hYKstI,00008,0,test,V4sSabKqyMU,00003,-4.034667729931769,3.904
test,test,7gkdzkVbuVA,00001,0,test,Li4S1yyrsTI,00022,-2.7974677231380207,3.072
test,test,3uSQlcGCHUU,00006,0,test,hQigUH0vZSE,00001,-0.2558505649416798,2.496
test,test,3uSQlcGCHUU,00014,0,test,n3kNlFMXslo,00013,8.885643662798632,2.112
test,test,3uSQlcGCHUU,00012,0,test,4AYE3w5TWHs,00005,1.3306604062419432,2.112
test,test,AegIbt2j0sU,00001,0,test,BImnT7lcLDE,00003,-8.641219599532022,2.88
test,test,tbSWdVA4Sbo,00001,0,test,1bnzVjOJ6NM,00007,3.856448011118081,2.496
test,test,NqOjj1FCcVY,00001,0,test,mc0vhSseGk4,00001,-8.244529243190524,3.904
test,test,5P04stEjJ9E,00004,0,test,55yGmKc6WfE,00001,-2.801352519410642,2.368
test,test,UAj1hsXp18c,00023,0,test,yNhu0MGS2MA,00001,-1.1423717984537625,2.048
test,test,wzkFoetpSSM,00005,0,test,JFQLvbVJVMg,00003,-5.0925660648050375,3.392
test,test,3uSQlcGCHUU,00001,0,test,ZJNESMhIxQ0,00033,-4.649388870090525,2.368
test,test,ZJNESMhIxQ0,00047,0,test,RiM5aSvaNkg,00003,-4.180418150394834,3.456
test,test,OIlSXRCSBSI,00006,0,test,psN1DORYYV0,00012,-9.130655207814815,2.304
test,test,H9ZOpQzjukY,00001,0,test,rSSanSYZDT4,00001,-1.940543032858514,3.968
test,test,JSSc7hYKstI,00006,0,test,SN7wO06Yz1E,00002,3.243210234571352,2.24
test,test,bArH8r8jJ4g,00002,0,test,nCg2NcGYu34,00011,-4.990914280256309,3.584
test,test,x95nwilkaio,00003,0,test,UmvOgW6iV2s,00003,-3.419026579792945,2.048
test,test,KuWXfjyGhk0,00001,0,test,7kkRkhAXZGg,00003,-1.3366185202102585,3.52
test,test,H9ZOpQzjukY,00001,0,test,dYNc3P4jSt4,00001,-6.596256434609393,4.608
test,test,aoGJP02CtPA,00003,0,test,GSf6nijSSdA,00007,6.805869719361905,6.08
test,test,uL5XUwfkxZw,00011,0,test,UAj1hsXp18c,00006,9.907407022790618,2.432
test,test,7gkdzkVbuVA,00001,0,test,48xS00Iy0ac,00002,1.7790776134301218,2.176
test,test,dYNc3P4jSt4,00004,0,test,CxEqV8WtfOo,00001,-1.2099564445657798,2.176
test,test,SE97Kgi0sR4,00006,0,test,UMhLBPPtlrY,00004,-5.047159279225564,2.688
test,test,BImnT7lcLDE,00006,0,test,ZJNESMhIxQ0,00003,-7.223339203931043,2.048
test,test,LIy2oVJtJsA,00006,0,test,stngBN4hp14,00001,0.10934979809268874,2.112
test,test,fxbCHn6gE3U,00003,0,test,7OMLSs8t1ng,00019,0.4974423099398102,2.24
test,test,WT7VMrxTPPA,00004,0,test,Sa27SUR0Mlo,00004,-5.7261553909309315,2.752
test,test,0Fi83BHQsMA,00005,0,test,hiIcwt88o94,00003,7.985621509102799,2.944
test,test,ddxHlkIuHqg,00004,0,test,3uSQlcGCHUU,00016,-7.865554513750395,2.304
test,test,18uDutylDa4,00002,0,test,SSzRfSJTNW4,00001,-6.040746179857828,4.288
test,test,UAj1hsXp18c,00022,0,test,VAJS5J21Rd0,00009,-0.01866533960811978,3.2
test,test,SSzRfSJTNW4,00001,0,test,VxESitIllxE,00002,-0.7823236511244502,2.176
test,test,QKHkSUiQboA,00005,0,test,8vNIrPeRGlM,00009,9.455951785765368,3.008
test,test,uJr4wGcLNsA,00003,0,test,t2gbcVaZ448,00003,7.570374478968638,2.24
test,test,6wNif5SlN08,00014,0,test,xTkKSJSqUSI,00039,-2.763279945554533,2.432
test,test,j7fRIGphgtk,00005,0,test,Sktdq5z1NS4,00001,1.329285226065993,2.368
test,test,TGZMSmcuiXM,00001,0,test,PSlBlZ3hqKc,00012,5.5527636466650865,2.112
test,test,GAMR5RDSLJo,00020,0,test,GMynksvCcUI,00009,-4.660410344680999,3.072
test,test,bS6SiVz1R0o,00004,0,test,BImnT7lcLDE,00003,4.188550550701892,2.432
test,test,FFG2rilqT2g,00004,0,test,VSLurJfOSiA,00001,3.5768965238796913,3.328
test,test,Us70DN2XSfM,00003,0,test,UAj1hsXp18c,00020,-7.356547961272389,2.048
test,test,wzkFoetpSSM,00005,0,test,LEx6K4P4GJc,00004,3.331116596555079,2.432
test,test,ZJNESMhIxQ0,00033,0,test,eNAHVnkll5M,00004,-6.226697753722488,2.176
test,test,66koScWSHBU,00001,0,test,WFCvkkDSfIU,00003,-1.2943769062188863,2.688
test,test,NqOjj1FCcVY,00003,0,test,fscaRh2OtXk,00004,7.371589320950836,2.048
test,test,FFG2rilqT2g,00004,0,test,t2gbcVaZ448,00003,1.607728189968876,3.328
test,test,1PNX6MSdVsk,00011,0,test,3uSQlcGCHUU,00001,3.486531281429734,2.496
test,test,P2AUat93a8Q,00002,0,test,1bnzVjOJ6NM,00021,8.6092362127781,2.24
test,test,1bnzVjOJ6NM,00017,0,test,GMynksvCcUI,00009,1.1404610582282775,4.288
test,test,SpTGUTSFvf4,00004,0,test,9uOMectkCCs,00001,2.1431946716467465,2.24
test,test,hiIcwt88o94,00018,0,test,UAj1hsXp18c,00011,-4.079440250066244,2.24
test,test,ROgFmb3oTLo,00004,0,test,x95nwilkaio,00001,8.569762373761964,3.136
test,test,o1Z4F4e2Bw4,00003,0,test,1bnzVjOJ6NM,00021,-3.121908812205656,2.24
test,test,eZj5n8ScTkI,00001,0,test,LYCKzpXEW6E,00001,0.0014722887354405856,2.368
test,test,jbHpF7EySck,00002,0,test,w1R4F9sSoow,00005,4.319978619902356,2.56
test,test,jiUKpX09zo4,00001,0,test,18uDutylDa4,00002,9.172034244420416,2.368
test,test,1bnzVjOJ6NM,00020,0,test,ClfBxWPkBKU,00005,3.4249737026545457,2.56
test,test,NoCOagL69Ss,00002,0,test,fIICVeGW4RY,00001,0.8739499126309695,2.176
test,test,ONM4JupBzSE,00003,0,test,iqEHuBST2qQ,00001,-5.113436977564305,2.176
test,test,7kkRkhAXZGg,00003,0,test,YyXRYgjQXX0,00008,-6.8695519972883705,3.072
test,test,SN7wO06Yz1E,00002,0,test,Ok6LbV6bqaE,00005,-0.19038747223359032,2.24
test,test,4AYE3w5TWHs,00004,0,test,Li4S1yyrsTI,00007,5.637376886673939,2.752
test,test,jcp5vvxtEaU,00010,0,test,4AYE3w5TWHs,00005,-7.528238160465985,2.24
test,test,95ovIJ3dsNk,00009,0,test,OwgWkUIm9Gc,00008,-9.434502092753412,3.072
test,test,psN1DORYYV0,00020,0,test,NL0uxDscjdo,00005,-6.34670885617965,2.816
test,test,UAj1hsXp18c,00024,0,test,6wNif5SlN08,00010,-2.9613250333383867,2.496
test,test,7gkdzkVbuVA,00001,0,test,fIICVeGW4RY,00004,1.7955463246342163,2.112
test,test,dYNc3P4jSt4,00001,0,test,UAj1hsXp18c,00013,-5.529597698392424,3.776
test,test,t7Xr3AsBEK4,00007,0,test,hiIcwt88o94,00020,-0.33567423044273426,2.048
test,test,hiIcwt88o94,00020,0,test,aSavBsX60Ss,00003,-0.4133062376942682,2.048
test,test,UAj1hsXp18c,00001,0,test,NqOjj1FCcVY,00006,-5.115951466534265,2.176
test,test,nCg2NcGYu34,00008,0,test,FxtSMZKMdes,00007,6.80601022508117,2.496
test,test,j7fRIGphgtk,00002,0,test,fIICVeGW4RY,00001,-8.649710448439565,3.136
test,test,mgcjr1yz7ow,00005,0,test,jPf0LjZAS14,00010,-9.286445682248898,2.112
test,test,GSf6nijSSdA,00004,0,test,psN1DORYYV0,00008,0.6098829231869765,2.176
test,test,FcmSmAwPkxg,00008,0,test,6wNif5SlN08,00014,3.6518526447884376,2.432
test,test,UZmXwOgNq7c,00001,0,test,FqrLUtIFVjs,00002,-3.6470226339804253,3.328
test,test,QKHkSUiQboA,00003,0,test,8mPpe8AL21A,00001,-5.123931757306308,2.304
test,test,OM6XIICmSqo,00002,0,test,Mt0PiXLvYlU,00011,2.483055008750558,3.584
test,test,hiIcwt88o94,00003,0,test,tiSiSM3pk5M,00002,-0.03784272890352369,2.368
test,test,qWNae7vYK6s,00002,0,test,eNAHVnkll5M,00004,2.3885647356924977,2.176
test,test,48xS00Iy0ac,00002,0,test,jggHw5PdQV0,00001,9.857668844676436,2.048
test,test,3OgsRa7VDtI,00001,0,test,nCg2NcGYu34,00011,-1.141056833945992,2.944
test,test,48xS00Iy0ac,00003,0,test,mgcjr1yz7ow,00016,-5.50336376510317,2.496
test,test,RplnSVTzvnU,00001,0,test,UAj1hsXp18c,00025,8.534168772040434,2.112
test,test,vhVWzkbAW4I,00008,0,test,Sa27SUR0Mlo,00001,3.812112931889857,2.368
test,test,k2hQL9Zrokk,00002,0,test,iPE2SiCCo0w,00007,-4.703833891241402,2.688
test,test,SFnMTHhKdkw,00008,0,test,vhVWzkbAW4I,00008,-7.301874401728574,2.432
test,test,vXPJVwwEmiM,00006,0,test,jiUKpX09zo4,00001,-9.617060389828389,2.048
test,test,95ovIJ3dsNk,00002,0,test,PSlBlZ3hqKc,00007,-2.9088385896211433,3.2
test,test,ZJNESMhIxQ0,00021,0,test,LiUClSItcy0,00001,8.74889652376083,3.008
test,test,FQEEMpzPZlY,00001,0,test,ZJNESMhIxQ0,00024,5.339885395653091,2.176
test,test,VSLurJfOSiA,00001,0,test,npNYP2vzaPo,00001,7.258178430449785,4.032
test,test,IS4IK8CiLg8,00002,0,test,RAR4cz9wkUk,00002,0.3075687424355138,2.56
test,test,SE97Kgi0sR4,00002,0,test,8UhqkX2VAmo,00001,3.539810545161558,2.752
test,test,PrK0CifulU0,00003,0,test,ClfBxWPkBKU,00011,-1.614901429465359,2.304
test,test,eZj5n8ScTkI,00002,0,test,9YekkGz1E2k,00002,6.134354284525973,2.624
test,test,jbHpF7EySck,00002,0,test,ClfBxWPkBKU,00008,-9.528915925002048,2.88
test,test,mgcjr1yz7ow,00015,0,test,1bnzVjOJ6NM,00006,1.9017228661198633,2.624
test,test,aoGJP02CtPA,00003,0,test,Hj9oB4zpHww,00003,-5.185546096081877,2.944
test,test,Li4S1yyrsTI,00014,0,test,KNSRifMSSvM,00001,9.214466579106578,2.112
test,test,HI7zfpitZpo,00002,0,test,mjDjbJJlqZ0,00001,-1.590669613665348,2.88
test,test,VAJS5J21Rd0,00005,0,test,YD5PFdghryc,00001,-7.660166298918445,2.048
test,test,m6X1i8khmt8,00001,0,test,3uSQlcGCHUU,00006,0.2263656724422134,2.176
test,test,tiSiSM3pk5M,00005,0,test,LiUClSItcy0,00008,3.4022097738452963,2.688
test,test,NqOjj1FCcVY,00006,0,test,vhVWzkbAW4I,00011,-1.1327165277274283,2.368
test,test,ZJNESMhIxQ0,00030,0,test,fxbCHn6gE3U,00003,-0.810364054217878,2.944
test,test,95ovIJ3dsNk,00002,0,test,JSSc7hYKstI,00017,-9.013386015273346,2.048
test,test,ZJNESMhIxQ0,00030,0,test,SpTGUTSFvf4,00004,-8.712566448882846,2.24
test,test,V4sSabKqyMU,00002,0,test,TGZMSmcuiXM,00013,3.778933923161711,4.16
test,test,Li4S1yyrsTI,00013,0,test,ZJNESMhIxQ0,00004,-2.6328688273958605,2.368
test,test,S6ufvYWTqQ0,00001,0,test,U6FvJ6jMGHU,00003,-2.2976221803005696,2.304
test,test,FcmSmAwPkxg,00006,0,test,TVtgb153S6I,00001,9.212195590278654,4.352
test,test,OYfoGTIG7pY,00004,0,test,Sew0bn8mGAA,00002,-6.980164201352583,2.112
test,test,nCg2NcGYu34,00001,0,test,UmvOgW6iV2s,00007,2.406271923470115,3.456
test,test,SSzRfSJTNW4,00001,0,test,OzA6jRYjVQs,00008,0.9306544748296233,2.432
test,test,48xS00Iy0ac,00002,0,test,TVtgb153S6I,00001,-7.565889959116545,2.176
test,test,QeIrdqU0o9s,00006,0,test,bArH8r8jJ4g,00002,5.939838673904191,3.968
test,test,0gks6ceq4eQ,00008,0,test,tiSiSM3pk5M,00012,1.8539904214116305,2.304
test,test,55yGmKc6WfE,00001,0,test,eVFYhbHpfqU,00002,-7.885713345452237,2.368
test,test,MNuOmTQdFjA,00002,0,test,27lMmdmySb8,00005,-7.4333576691301095,2.048
test,test,7gkdzkVbuVA,00001,0,test,FxtSMZKMdes,00010,9.525404832983241,3.072
test,test,MNuOmTQdFjA,00002,0,test,Ok6LbV6bqaE,00003,-1.4522961023426166,2.048
test,test,8nt3edWLgIg,00004,0,test,xTkKSJSqUSI,00019,1.011345332463108,2.048
test,test,7ZymFMmpOa0,00007,0,test,ZJNESMhIxQ0,00037,2.7747324616879148,2.048
test,test,Us70DN2XSfM,00003,0,test,vXPJVwwEmiM,00001,-8.792333137564036,2.24
test,test,npNYP2vzaPo,00001,0,test,rP7nmdDA1Fg,00005,-5.014149627057831,2.304
test,test,5b5BDoddOLA,00004,0,test,V1yW5IsnSjo,00005,0.23872302506514664,2.368
test,test,YzGjO5aHShQ,00006,0,test,SE97Kgi0sR4,00004,7.804448285895628,5.952
test,test,aoGJP02CtPA,00002,0,test,uzKBGtf0i0M,00004,2.4938517621730956,3.264
test,test,Mt0PiXLvYlU,00011,0,test,UAj1hsXp18c,00027,-3.10564630538114,2.432
test,test,vhVWzkbAW4I,00008,0,test,cHRZ6OrSvvI,00002,-2.951783881429777,2.496
test,test,7gkdzkVbuVA,00004,0,test,FcmSmAwPkxg,00006,1.2252331976433375,2.048
test,test,vhVWzkbAW4I,00008,0,test,55yGmKc6WfE,00001,-4.034204324661179,2.496
test,test,27lMmdmySb8,00005,0,test,hiIcwt88o94,00006,-1.2987970464839353,2.048
test,test,qsJYrwzfd6w,00004,0,test,bArH8r8jJ4g,00001,-4.580781638137461,3.776
test,test,3uSQlcGCHUU,00012,0,test,OwgWkUIm9Gc,00009,-9.09193746014213,2.112
test,test,FqrLUtIFVjs,00001,0,test,Li4S1yyrsTI,00015,-7.799430898706725,2.176
test,test,Li4S1yyrsTI,00014,0,test,1PNX6MSdVsk,00009,0.9697540145486556,2.496
test,test,FxtSMZKMdes,00009,0,test,eNAHVnkll5M,00003,-1.4193988418404384,2.752
test,test,8VwTZFYSfvw,00001,0,test,ClfBxWPkBKU,00011,6.374153603963155,2.304
test,test,RaSlxoAUP5c,00001,0,test,DCIL2nvU4x8,00001,-8.87668156529206,2.624
test,test,dYNc3P4jSt4,00007,0,test,4n8qT0vQbWk,00003,-9.725413401549146,2.496
test,test,jiUKpX09zo4,00001,0,test,Mt0PiXLvYlU,00009,8.244867005995008,2.368
test,test,8vNIrPeRGlM,00010,0,test,ZJNESMhIxQ0,00047,-0.9022056845324844,2.688
test,test,ZJNESMhIxQ0,00025,0,test,iPE2SiCCo0w,00007,-7.7835099655696505,2.688
test,test,H14bBuluwB8,00002,0,test,hQigUH0vZSE,00001,-1.6292476317474165,2.368
test,test,fxbCHn6gE3U,00003,0,test,3uSQlcGCHUU,00006,-3.2094741589221236,2.496
test,test,OIlSXRCSBSI,00002,0,test,cHRZ6OrSvvI,00001,-1.0467508509366326,2.624
test,test,m6X1i8khmt8,00001,0,test,SSzRfSJTNW4,00005,4.157339046513783,2.176
test,test,hiIcwt88o94,00003,0,test,vhVWzkbAW4I,00007,6.619965168221526,5.76
test,test,uzKBGtf0i0M,00004,0,test,iPE2SiCCo0w,00013,0.2846281260302881,2.048
test,test,0ZfSOArXbGQ,00003,0,test,YyXRYgjQXX0,00007,1.48668932866528,2.304
test,test,VAJS5J21Rd0,00009,0,test,81Ub0SMxZQo,00003,-3.917203022623843,3.2
test,test,FxtSMZKMdes,00004,0,test,4AYE3w5TWHs,00004,8.4391334312744,2.56
test,test,FqrLUtIFVjs,00002,0,test,S2Dj9M71JAc,00003,-2.854924508194731,2.368
test,test,0Fi83BHQsMA,00005,0,test,27lMmdmySb8,00001,-5.040981953507417,2.944
test,test,BImnT7lcLDE,00006,0,test,vhVWzkbAW4I,00008,6.180004727041627,2.048
test,test,fIICVeGW4RY,00004,0,test,Ip2SQa50uBI,00001,0.5248430276776812,2.112
test,test,xlUPlxSpDRo,00001,0,test,Bo8YN3oB0Cw,00002,-1.6075055789956885,2.496
test,test,ROgFmb3oTLo,00005,0,test,sVtIuDKFO1c,00001,9.967841493284162,2.688
test,test,EV3OmxrowWE,00007,0,test,SE97Kgi0sR4,00004,4.595827422204952,5.888
test,test,cHRZ6OrSvvI,00001,0,test,UmvOgW6iV2s,00001,1.2420345237584112,2.496
test,test,mgcjr1yz7ow,00016,0,test,8vNIrPeRGlM,00001,-6.4663825794255665,2.24
test,test,FQEEMpzPZlY,00001,0,test,TUgBdSyK7S4,00001,-9.024902998319707,2.176
test,test,xTkKSJSqUSI,00034,0,test,dYNc3P4jSt4,00004,6.287148331339026,2.496
test,test,Gmai4zkKNcM,00001,0,test,SS8TSf2srSw,00002,0.8238214392611205,3.776
test,test,NqOjj1FCcVY,00001,0,test,jcp5vvxtEaU,00010,1.4801146349299632,2.368
test,test,ZJNESMhIxQ0,00047,0,test,BHY0FxzoKZE,00003,-9.717100213126606,2.88
test,test,psN1DORYYV0,00002,0,test,uJr4wGcLNsA,00005,-8.727413521460711,2.688
test,test,BImnT7lcLDE,00003,0,test,RplnSVTzvnU,00003,-3.4669228476926195,2.88
test,test,ZJNESMhIxQ0,00033,0,test,ni4FV5zL6lM,00001,-9.67118458070245,2.048
test,test,psN1DORYYV0,00020,0,test,npNYP2vzaPo,00001,-9.169939556164433,3.648
test,test,RiM5aSvaNkg,00003,0,test,gVfgkFaswn4,00002,3.886640559781217,3.456
test,test,7ZymFMmpOa0,00002,0,test,hQigUH0vZSE,00001,9.30980091832588,2.496
test,test,cHRZ6OrSvvI,00001,0,test,SaouBn7IKIo,00001,-4.53933344853869,3.072
test,test,ZJNESMhIxQ0,00012,0,test,WT7VMrxTPPA,00004,4.37628238821773,2.752
test,test,PSlBlZ3hqKc,00012,0,test,FxtSMZKMdes,00017,-5.119248689607467,3.456
test,test,ONM4JupBzSE,00003,0,test,JSSc7hYKstI,00015,-1.2217413519845337,2.176
test,test,TUgBdSyK7S4,00001,0,test,o1Z4F4e2Bw4,00004,-7.3108609535732345,2.688
test,test,GSf6nijSSdA,00004,0,test,Ok6LbV6bqaE,00003,-1.2547001292904554,2.24
test,test,GSf6nijSSdA,00010,0,test,7kkRkhAXZGg,00003,-1.6015005389689954,2.176
test,test,rBKV4rOgSJU,00008,0,test,bArH8r8jJ4g,00002,8.127450338967698,3.136
test,test,ni4FV5zL6lM,00003,0,test,vhVWzkbAW4I,00005,-7.908521400841424,2.752
test,test,mgcjr1yz7ow,00013,0,test,shG0ezBeeJc,00002,-6.723338520295783,2.56
test,test,JSSc7hYKstI,00006,0,test,0VJqrlH9cdI,00002,6.7898778615936735,2.816
test,test,vXPJVwwEmiM,00005,0,test,mgcjr1yz7ow,00008,6.7149736666292945,3.456
test,test,Li4S1yyrsTI,00011,0,test,ni4FV5zL6lM,00003,5.045330249432848,2.176
test,test,EV3OmxrowWE,00007,0,test,O6Vayv9FCLM,00001,-6.176884526765292,2.496
test,test,ZJNESMhIxQ0,00035,0,test,HiwJ0hNl1Fw,00002,-5.169808233863571,3.776
test,test,qWNae7vYK6s,00008,0,test,95ovIJ3dsNk,00006,3.644026949670124,2.24
test,test,7ZymFMmpOa0,00007,0,test,LIy2oVJtJsA,00006,4.78876762936326,2.048
test,test,3uSQlcGCHUU,00012,0,test,H14bBuluwB8,00001,-5.95620943719725,2.112
test,test,7qT3RpaBlJo,00002,0,test,eNAHVnkll5M,00003,8.63588565738861,2.752
test,test,RAR4cz9wkUk,00002,0,test,gVfgkFaswn4,00003,2.6958622314750293,2.56
test,test,vhVWzkbAW4I,00004,0,test,GMynksvCcUI,00002,1.9017606503700293,2.176
test,test,ZnCSUBmeRxw,00007,0,test,SE97Kgi0sR4,00005,-3.9810862456592417,3.264
test,test,mc0vhSseGk4,00001,0,test,SSzRfSJTNW4,00001,2.6955299641354706,3.904
test,test,iqEHuBST2qQ,00001,0,test,J8FyHI00ELY,00009,5.185780640264873,2.368
test,test,SaouBn7IKIo,00001,0,test,VxESitIllxE,00004,3.227152925996757,3.072
test,test,Li4S1yyrsTI,00011,0,test,VIgzTLDyObo,00002,-4.263993544656104,2.176
test,test,6Waurx8eS1o,00001,0,test,xTkKSJSqUSI,00015,-0.7301567983540362,2.432
test,test,87AEeLpodnE,00005,0,test,JFQLvbVJVMg,00003,5.214073410693889,2.176
test,test,FcmSmAwPkxg,00005,0,test,8Z24LCysq3A,00001,-2.949351495717223,2.176
test,test,eZj5n8ScTkI,00003,0,test,YyXRYgjQXX0,00002,9.221940147299044,3.008
test,test,ZJNESMhIxQ0,00047,0,test,RaSlxoAUP5c,00001,8.273803629463341,2.688
test,test,GMynksvCcUI,00009,0,test,YyXRYgjQXX0,00007,8.713754195076287,2.304
test,test,1bnzVjOJ6NM,00007,0,test,1PNX6MSdVsk,00010,-4.055960638511058,2.496
test,test,Li4S1yyrsTI,00010,0,test,OwgWkUIm9Gc,00009,5.2254590837708985,3.52
test,test,FKxaL8Iau8Q,00007,0,test,uL5XUwfkxZw,00008,-8.337241082238236,2.176
test,test,HSercnrqeN4,00001,0,test,ni4FV5zL6lM,00003,6.147567899399856,2.24
test,test,LIy2oVJtJsA,00006,0,test,7gkdzkVbuVA,00005,3.7967681457579605,2.112
test,test,l5vZHuAtDZA,00001,0,test,FxtSMZKMdes,00010,-8.099372658817913,2.496
test,test,4AYE3w5TWHs,00005,0,test,0gks6ceq4eQ,00005,6.675728056773529,2.24
test,test,OIlSXRCSBSI,00002,0,test,BQZKs75RMqM,00001,-2.2200812974097373,2.624
test,test,95ovIJ3dsNk,00003,0,test,Sew0bn8mGAA,00002,0.2560888843690545,3.072
test,test,ZJNESMhIxQ0,00030,0,test,xTkKSJSqUSI,00004,0.7295271824851124,2.112
test,test,KuWXfjyGhk0,00005,0,test,xTkKSJSqUSI,00009,-9.835643303406245,2.048
test,test,qWNae7vYK6s,00006,0,test,UAj1hsXp18c,00027,-1.5069013713758679,2.176
test,test,SFnMTHhKdkw,00008,0,test,x95nwilkaio,00002,1.6467197869918024,2.432
test,test,cHRZ6OrSvvI,00001,0,test,LjAsM1vAhW0,00001,-8.455754189356192,2.496
test,test,8vNIrPeRGlM,00009,0,test,2SlBiFZ85d0,00006,-1.342001842693115,2.048
test,test,fscaRh2OtXk,00004,0,test,ClfBxWPkBKU,00008,-9.966570594446342,2.048
test,test,VfAiNX7jn9A,00010,0,test,cHRZ6OrSvvI,00002,-6.986409651916487,3.008
test,test,UAj1hsXp18c,00003,0,test,VxESitIllxE,00004,-1.4914912012171406,2.688
test,test,EGjxIS5MPUY,00001,0,test,PSlBlZ3hqKc,00001,-5.026887595210372,2.752
test,test,psN1DORYYV0,00002,0,test,fscaRh2OtXk,00004,-3.489196180857503,2.048
test,test,qWNae7vYK6s,00002,0,test,vhVWzkbAW4I,00012,1.6330526074596676,3.328
test,test,vXPJVwwEmiM,00001,0,test,PSlBlZ3hqKc,00007,0.35366909724513107,2.24
test,test,UAj1hsXp18c,00023,0,test,7qT3RpaBlJo,00002,0.11993753341364055,2.048
test,test,jcp5vvxtEaU,00009,0,test,27lMmdmySb8,00001,4.399488571955983,3.52
test,test,8iSpNVj5KMw,00002,0,test,RDSSLJG7oi8,00001,-5.372871373903676,2.688
test,test,KuWXfjyGhk0,00005,0,test,Li4S1yyrsTI,00011,-4.113083191346356,2.048
test,test,8VwTZFYSfvw,00001,0,test,SFnMTHhKdkw,00008,-0.15048314952858277,2.432
test,test,Mt0PiXLvYlU,00009,0,test,aoGJP02CtPA,00002,2.7892479962550674,4.416
test,test,LiUClSItcy0,00009,0,test,8vNIrPeRGlM,00003,-9.693640973386238,4.16
test,test,xFSCX9mAHPo,00001,0,test,ClfBxWPkBKU,00005,-5.901228793163722,2.048
test,test,8vNIrPeRGlM,00011,0,test,1bnzVjOJ6NM,00020,-2.124356170957034,2.56
test,test,RiM5aSvaNkg,00003,0,test,xTkKSJSqUSI,00012,-5.468883073499724,3.456
test,test,GMynksvCcUI,00001,0,test,XESFPEFpHt4,00010,-0.650384279269673,2.112
test,test,RDSSLJG7oi8,00001,0,test,AWPrOvzzqZk,00002,4.531299009506579,5.248
test,test,dYNc3P4jSt4,00001,0,test,GqnJFm1CS3c,00002,4.736651146584554,2.304
test,test,LEx6K4P4GJc,00001,0,test,7OMLSs8t1ng,00019,2.299009109284473,2.24
test,test,0VJqrlH9cdI,00001,0,test,eNAHVnkll5M,00005,8.946865891091615,2.368
test,test,k2hQL9Zrokk,00002,0,test,LEx6K4P4GJc,00003,-2.454928505216804,2.304
test,test,Ip2SQa50uBI,00001,0,test,H9ZOpQzjukY,00001,-1.0197542117280776,4.096
test,test,UAq4yBdSYZs,00001,0,test,ZJNESMhIxQ0,00033,9.216231480625911,2.368
test,test,YzGjO5aHShQ,00017,0,test,dYNc3P4jSt4,00008,-3.5668473252101984,2.496
test,test,UAj1hsXp18c,00025,0,test,c64M1tZyWPM,00003,-7.8582524743346305,2.048
test,test,sxnlvwprfSc,00002,0,test,fIICVeGW4RY,00004,-3.6290955084428456,2.112
test,test,w1R4F9sSoow,00001,0,test,uzKBGtf0i0M,00004,-4.946342009641549,3.264
test,test,ZJNESMhIxQ0,00005,0,test,GGScU5ESei4,00001,-1.582350723384078,2.176
test,test,SE97Kgi0sR4,00004,0,test,PSlBlZ3hqKc,00007,4.15078233661559,3.392
test,test,LEx6K4P4GJc,00004,0,test,SN7wO06Yz1E,00002,8.04822776204757,2.24
test,test,nCg2NcGYu34,00008,0,test,BImnT7lcLDE,00003,-2.247826315089174,2.496
test,test,x95nwilkaio,00001,0,test,w1R4F9sSoow,00005,-1.0345350183205895,2.56
test,test,wG4RnDNWtJo,00001,0,test,ni4FV5zL6lM,00001,9.271338415562209,2.048
test,test,ROgFmb3oTLo,00010,0,test,NL0uxDscjdo,00001,-9.83519137603653,2.24
test,test,ZJNESMhIxQ0,00035,0,test,JSSc7hYKstI,00010,-7.132268037992735,3.776
test,test,nCg2NcGYu34,00011,0,test,H14bBuluwB8,00001,9.187136906191743,3.584
test,test,q2gO4DKVpa8,00005,0,test,Sa27SUR0Mlo,00002,-7.278162771192065,2.432
test,test,8vNIrPeRGlM,00001,0,test,KxLMjn4WPBY,00002,-6.9120158943558385,2.24
test,test,VIgzTLDyObo,00002,0,test,GMynksvCcUI,00002,-8.335684125497362,2.176
test,test,rP7nmdDA1Fg,00005,0,test,3uSQlcGCHUU,00001,-8.43560086990555,2.304
test,test,JSSc7hYKstI,00005,0,test,fIICVeGW4RY,00004,-3.2717132060815546,2.112
test,test,48xS00Iy0ac,00003,0,test,CxEqV8WtfOo,00001,5.069311271089763,2.176
test,test,ZJNESMhIxQ0,00002,0,test,aSavBsX60Ss,00003,-7.565524389709415,2.496
test,test,JSSc7hYKstI,00005,0,test,x95nwilkaio,00002,1.1166528298310716,2.688
test,test,Li4S1yyrsTI,00010,0,test,bS6SiVz1R0o,00004,5.922044486161015,2.432
test,test,OM6XIICmSqo,00002,0,test,Li4S1yyrsTI,00015,-3.697332533636784,2.688
test,test,ZJNESMhIxQ0,00037,0,test,q2gO4DKVpa8,00005,2.3106417585570522,2.304
test,test,xTkKSJSqUSI,00015,0,test,cHRZ6OrSvvI,00001,-7.1976393329365695,3.008
test,test,UAj1hsXp18c,00006,0,test,LEx6K4P4GJc,00004,-5.234217435216264,2.432
test,test,uL5XUwfkxZw,00008,0,test,jggHw5PdQV0,00001,5.570519441471513,2.048
test,test,x95nwilkaio,00005,0,test,UAj1hsXp18c,00030,5.251864598539576,2.688
test,test,Li4S1yyrsTI,00015,0,test,cmpu58yv8Sg,00005,-9.334061932332581,2.688
test,test,1bnzVjOJ6NM,00005,0,test,psN1DORYYV0,00020,1.8479816925152637,3.008
test,test,VxESitIllxE,00004,0,test,SFnMTHhKdkw,00008,4.859466343940358,2.432
test,test,gVfgkFaswn4,00002,0,test,MvXZzKZ3JYQ,00001,7.561266087682739,3.776
test,test,c64M1tZyWPM,00003,0,test,sVtIuDKFO1c,00001,9.988291399465247,2.048
test,test,V1yW5IsnSjo,00001,0,test,ZJNESMhIxQ0,00021,3.3609426082297507,3.008
test,test,HI7zfpitZpo,00002,0,test,BQZKs75RMqM,00001,4.066649356263547,2.88
test,test,OzA6jRYjVQs,00003,0,test,jcp5vvxtEaU,00002,1.039815350727915,2.688
test,test,GqnJFm1CS3c,00002,0,test,Li4S1yyrsTI,00011,1.6802422634770782,2.176
test,test,9RMx31GnNXY,00003,0,test,FcmSmAwPkxg,00006,-4.100188545227801,3.008
test,test,UZmXwOgNq7c,00001,0,test,OwgWkUIm9Gc,00009,-0.4902985299595848,3.328
test,test,t2gbcVaZ448,00004,0,test,YyXRYgjQXX0,00010,-5.370982593853359,2.624
test,test,AsSd2nmoKNA,00002,0,test,DOgsYATbVSs,00003,6.234065176981435,2.304
test,test,GAMR5RDSLJo,00020,0,test,3uSQlcGCHUU,00008,5.510115510535346,3.072
test,test,EV3OmxrowWE,00007,0,test,JSSc7hYKstI,00015,-5.978856673766327,5.888
test,test,xTkKSJSqUSI,00023,0,test,GSf6nijSSdA,00007,6.937972900116119,2.752
test,test,1bnzVjOJ6NM,00013,0,test,hxsnKwmW0dk,00002,8.262489973589197,2.24
test,test,8vNIrPeRGlM,00009,0,test,9uOMectkCCs,00001,-6.5643954683902255,3.008
test,test,ClfBxWPkBKU,00011,0,test,jbHpF7EySck,00002,-6.3072520272899695,2.304
test,test,YzGjO5aHShQ,00006,0,test,aoGJP02CtPA,00002,3.030877394821836,5.696
test,test,V1yW5IsnSjo,00001,0,test,dYNc3P4jSt4,00004,-7.756015021789726,3.456
test,test,jcp5vvxtEaU,00011,0,test,uqS6T6TAu74,00001,5.273553811863573,2.496
test,test,KuWXfjyGhk0,00005,0,test,JSSc7hYKstI,00005,0.7296298862657835,2.048
test,test,xTkKSJSqUSI,00015,0,test,XESFPEFpHt4,00010,2.9674368123396118,3.008
test,test,GqnJFm1CS3c,00002,0,test,SSzRfSJTNW4,00005,-9.972381420698177,2.304
test,test,aoGJP02CtPA,00003,0,test,uL5XUwfkxZw,00011,6.404978275446052,2.432
test,test,hxsnKwmW0dk,00003,0,test,LYCKzpXEW6E,00003,-6.178229629214032,2.24
test,test,aoGJP02CtPA,00002,0,test,RAR4cz9wkUk,00001,-2.3172921951081378,2.112
test,test,Li4S1yyrsTI,00021,0,test,2UStOghblfE,00005,2.046631088394335,3.136
test,test,xukDIWFMU9Y,00003,0,test,eNAHVnkll5M,00005,-4.851066478877297,2.112
test,test,NoCOagL69Ss,00002,0,test,0Fi83BHQsMA,00005,1.1558620021752546,2.176
test,test,rBKV4rOgSJU,00008,0,test,5b5BDoddOLA,00004,9.72817420588019,2.368
test,test,eZj5n8ScTkI,00005,0,test,SnSHsb5xKPo,00001,-2.0820235867505943,3.84
test,test,xFSCX9mAHPo,00003,0,test,NL0uxDscjdo,00001,2.1370475925169217,2.56
test,test,nCg2NcGYu34,00006,0,test,Mt0PiXLvYlU,00003,-0.4155284329166502,2.112
test,test,UmvOgW6iV2s,00003,0,test,RAR4cz9wkUk,00002,-2.6052710377992883,2.048
test,test,SSzRfSJTNW4,00007,0,test,GGScU5ESei4,00001,-1.6718311572618294,2.176
test,test,1bnzVjOJ6NM,00005,0,test,jiUKpX09zo4,00001,0.22084545917085485,2.368
test,test,wKlMcLTqRLs,00001,0,test,VAJS5J21Rd0,00009,-4.939498280484404,2.432
test,test,ZJNESMhIxQ0,00003,0,test,BImnT7lcLDE,00006,4.708917897408629,2.048
test,test,LpROaNue9GM,00001,0,test,7kkRkhAXZGg,00003,8.236979102138577,3.52
test,test,kEKzl6fub2w,00001,0,test,Sa27SUR0Mlo,00004,9.156222136205766,2.688
test,test,1bnzVjOJ6NM,00022,0,test,SS8TSf2srSw,00002,-5.783036963847589,2.368
test,test,4AYE3w5TWHs,00005,0,test,t7Xr3AsBEK4,00004,7.084993756694029,2.24
test,test,qWNae7vYK6s,00002,0,test,ni4FV5zL6lM,00001,-1.3826152878441995,2.048
test,test,1PNX6MSdVsk,00009,0,test,uJr4wGcLNsA,00009,-2.241097983438179,2.496
test,test,8nt3edWLgIg,00005,0,test,jiUKpX09zo4,00001,8.905438528055498,2.368
test,test,UAj1hsXp18c,00011,0,test,AsSd2nmoKNA,00002,8.084385872572078,2.56
test,test,NCJTV5KaJJc,00001,0,test,UAj1hsXp18c,00020,-9.321214848800741,2.048
test,test,ONM4JupBzSE,00005,0,test,F3OhcpKSUBc,00006,-6.286877341946113,2.112
test,test,iPE2SiCCo0w,00007,0,test,NL0uxDscjdo,00005,-7.239276212532566,2.688
test,test,95ovIJ3dsNk,00009,0,test,ZJNESMhIxQ0,00016,-2.504059058432098,3.264
test,test,RiM5aSvaNkg,00002,0,test,vXPJVwwEmiM,00001,8.909636708312739,2.24
test,test,7qT3RpaBlJo,00001,0,test,LEx6K4P4GJc,00004,5.211241130965796,2.432
test,test,1L6lSFiV4xo,00002,0,test,95ovIJ3dsNk,00006,-6.7505079068763045,3.072
test,test,UMhLBPPtlrY,00004,0,test,8vNIrPeRGlM,00011,5.770984507203654,3.52
test,test,AsSd2nmoKNA,00002,0,test,1bnzVjOJ6NM,00006,-8.109398472360372,2.624
test,test,OwgWkUIm9Gc,00008,0,test,Jm2dWbNsnZI,00001,9.404937550222957,2.368
test,test,HiwJ0hNl1Fw,00002,0,test,mgcjr1yz7ow,00006,-0.671415217122199,4.096
test,test,uL5XUwfkxZw,00008,0,test,mgcjr1yz7ow,00006,2.5519739336402125,2.176
test,test,o1Z4F4e2Bw4,00002,0,test,Sktdq5z1NS4,00001,5.783384940919973,2.56
test,test,QeIrdqU0o9s,00006,0,test,bArH8r8jJ4g,00002,3.5532759784505945,3.968
test,test,Sa27SUR0Mlo,00013,0,test,1bnzVjOJ6NM,00006,6.094606769303962,2.624
test,test,VzyjDRSAWzE,00001,0,test,7OMLSs8t1ng,00019,-2.2238070598459263,2.048
test,test,SS8TSf2srSw,00006,0,test,0gks6ceq4eQ,00007,7.959397154575079,2.048
test,test,AegIbt2j0sU,00001,0,test,FFG2rilqT2g,00004,-7.378500326520139,2.88
test,test,Sa27SUR0Mlo,00012,0,test,9RMx31GnNXY,00003,-0.0176710407505265,2.688
test,test,FFG2rilqT2g,00004,0,test,OIlSXRCSBSI,00002,7.630528114931472,2.624
test,test,iPE2SiCCo0w,00007,0,test,ZJNESMhIxQ0,00023,-9.78099637603911,2.688
test,test,OYfoGTIG7pY,00001,0,test,SSzRfSJTNW4,00007,-0.8815701874159316,2.752
test,test,1bnzVjOJ6NM,00006,0,test,uL5XUwfkxZw,00011,9.586548748226225,2.432
test,test,PSlBlZ3hqKc,00007,0,test,8vNIrPeRGlM,00011,-7.392400799661527,3.392
test,test,cHRZ6OrSvvI,00002,0,test,SnSHsb5xKPo,00001,4.805356710412415,3.008
test,test,0gks6ceq4eQ,00006,0,test,dS8n24ZwZcQ,00002,-2.6055254749536694,2.56
test,test,JSSc7hYKstI,00014,0,test,PSlBlZ3hqKc,00006,-8.958035319592582,3.456
test,test,1bnzVjOJ6NM,00007,0,test,81Ub0SMxZQo,00002,6.327592118546445,2.496
test,test,J8FyHI00ELY,00009,0,test,uL5XUwfkxZw,00015,-0.8235806058131896,2.368
test,test,o1Z4F4e2Bw4,00002,0,test,aoGJP02CtPA,00002,-7.361637088404242,2.56
test,test,pFDoCLf96Kg,00001,0,test,8nt3edWLgIg,00004,-2.3482130438099613,3.136
test,test,GSf6nijSSdA,00003,0,test,xTkKSJSqUSI,00039,-3.0801317300732496,2.176
test,test,UAj1hsXp18c,00011,0,test,c64M1tZyWPM,00002,-3.827016446767808,2.304
test,test,KuWXfjyGhk0,00005,0,test,E22icGCvGXk,00004,-1.0155123568702429,2.048
test,test,NqOjj1FCcVY,00006,0,test,48xS00Iy0ac,00003,-2.6910600561975766,2.368
test,test,RlQ3CSVanaU,00001,0,test,7ZymFMmpOa0,00002,7.5285305420951865,2.176
test,test,eNAHVnkll5M,00002,0,test,Hj9oB4zpHww,00003,4.202394334700907,2.944
test,test,DOgsYATbVSs,00003,0,test,x95nwilkaio,00001,8.793455235405162,2.304
test,test,Sv5QitqbxJw,00004,0,test,n3kNlFMXslo,00002,-6.50027326359762,2.048
test,test,RiM5aSvaNkg,00002,0,test,1bnzVjOJ6NM,00020,1.3406055710995286,2.56
test,test,0VJqrlH9cdI,00002,0,test,JSSc7hYKstI,00019,8.381336931533362,2.816
test,test,PSlBlZ3hqKc,00007,0,test,rFpDK2KhAgw,00002,-2.5076606211707535,2.112
test,test,xTkKSJSqUSI,00015,0,test,1bnzVjOJ6NM,00007,6.561999271760037,2.496
test,test,WFCvkkDSfIU,00003,0,test,KuWXfjyGhk0,00007,-4.433740477216521,2.56
test,test,mgcjr1yz7ow,00006,0,test,iqEHuBST2qQ,00001,0.35391473438471266,2.88
test,test,ZJNESMhIxQ0,00019,0,test,Li4S1yyrsTI,00014,5.4298130132802225,2.048
test,test,AegIbt2j0sU,00001,0,test,ZJNESMhIxQ0,00016,-7.870310576548956,2.88
test,test,mgcjr1yz7ow,00008,0,test,hiIcwt88o94,00003,0.0963795908644407,3.456
test,test,TUgBdSyK7S4,00001,0,test,fZ8eyWBQmfU,00001,-7.903473516093882,3.52
test,test,FcmSmAwPkxg,00005,0,test,MsLuQM5V3FA,00001,-2.3868896339116734,2.176
test,test,IjbTiRbeNpM,00005,0,test,RplnSVTzvnU,00002,-4.9019559784877975,2.496
test,test,GGScU5ESei4,00001,0,test,UAj1hsXp18c,00011,3.420050548382081,2.176
test,test,j7fRIGphgtk,00005,0,test,RplnSVTzvnU,00003,6.34582083925957,2.368
test,test,OwgWkUIm9Gc,00009,0,test,VAJS5J21Rd0,00009,-8.431377589322608,3.2
test,test,7ZymFMmpOa0,00007,0,test,sVtIuDKFO1c,00003,-6.8665084141072015,2.048
test,test,UMhLBPPtlrY,00004,0,test,jcp5vvxtEaU,00009,-6.384738310637732,3.52
test,test,hxsnKwmW0dk,00003,0,test,GMynksvCcUI,00009,-1.622022788659434,2.24
test,test,9uOMectkCCs,00002,0,test,rFpDK2KhAgw,00007,7.410157230610171,2.496
test,test,UAj1hsXp18c,00025,0,test,o1Z4F4e2Bw4,00004,-5.318466543757776,2.176
test,test,FxtSMZKMdes,00015,0,test,LYCKzpXEW6E,00002,6.843120097045748,2.368
test,test,SS8TSf2srSw,00006,0,test,UAj1hsXp18c,00023,4.649143322814096,2.048
test,test,JSSc7hYKstI,00010,0,test,YyXRYgjQXX0,00001,2.635567885368795,2.112
test,test,9RMx31GnNXY,00003,0,test,1L6lSFiV4xo,00002,0.38262299369176134,3.008
test,test,rP7nmdDA1Fg,00006,0,test,Li4S1yyrsTI,00007,-6.733623748549538,2.752
test,test,YD5PFdghryc,00001,0,test,qsJYrwzfd6w,00004,-8.377912774915625,6.208
test,test,6wNif5SlN08,00010,0,test,JFQLvbVJVMg,00001,8.845999494681898,2.112
test,test,n3kNlFMXslo,00012,0,test,GMynksvCcUI,00002,0.6498368633155067,2.176
test,test,jPf0LjZAS14,00001,0,test,UAj1hsXp18c,00006,1.6365101472356436,2.496
test,test,iPE2SiCCo0w,00007,0,test,NL0uxDscjdo,00004,1.4587707761709936,2.496
test,test,ZJNESMhIxQ0,00003,0,test,qafSjNLjedo,00001,-1.454764606981371,2.88
test,test,BImnT7lcLDE,00001,0,test,SE97Kgi0sR4,00004,3.3121163437286345,2.24
test,test,Gmai4zkKNcM,00006,0,test,9YekkGz1E2k,00002,7.4504642323305745,2.624
test,test,LjAsM1vAhW0,00001,0,test,LIy2oVJtJsA,00006,-8.100131568585756,2.112
test,test,uL5XUwfkxZw,00015,0,test,BImnT7lcLDE,00003,3.3821087402388983,2.88
test,test,uJr4wGcLNsA,00009,0,test,FcmSmAwPkxg,00008,1.9324885048125484,2.496
test,test,5b5BDoddOLA,00004,0,test,RplnSVTzvnU,00003,-3.948166165362341,2.368
test,test,AsSd2nmoKNA,00002,0,test,XBJQENjZJaA,00003,5.591026974147555,2.432
test,test,KNSRifMSSvM,00001,0,test,wlR1ojoiue0,00005,-3.0370928605168785,2.112
test,test,Gmai4zkKNcM,00001,0,test,t7Xr3AsBEK4,00007,8.333353272541586,4.096
test,test,1bnzVjOJ6NM,00020,0,test,YzGjO5aHShQ,00007,4.259217018685035,2.496
test,test,8Z24LCysq3A,00001,0,test,UAj1hsXp18c,00021,-8.049569668536186,2.048
test,test,2SlBiFZ85d0,00006,0,test,c9V6OKlY80k,00001,-9.007827610756907,2.048
test,test,YzGjO5aHShQ,00006,0,test,fxbCHn6gE3U,00007,3.6322091260506735,5.696
test,test,TGZMSmcuiXM,00001,0,test,Sew0bn8mGAA,00009,8.540772932987668,2.112
test,test,psN1DORYYV0,00002,0,test,jggHw5PdQV0,00001,6.55871156837593,2.048
test,test,4ErEBkjS3PY,00001,0,test,4AYE3w5TWHs,00004,8.190775605763395,2.496
test,test,Ok6LbV6bqaE,00002,0,test,MsLuQM5V3FA,00001,4.7122452763098615,2.432
test,test,jcp5vvxtEaU,00010,0,test,GSf6nijSSdA,00007,7.672406980078371,2.368
test,test,tbSWdVA4Sbo,00001,0,test,QeIrdqU0o9s,00006,6.291255018033272,2.944
test,test,k2hQL9Zrokk,00002,0,test,ddxHlkIuHqg,00004,9.200173140307172,2.304
test,test,PbgB2TaYhio,00001,0,test,mgcjr1yz7ow,00015,-7.386908247719129,2.176
test,test,o1Z4F4e2Bw4,00004,0,test,V4sSabKqyMU,00005,4.567050111991389,2.688
test,test,jPf0LjZAS14,00001,0,test,eZj5n8ScTkI,00002,-9.350571854088098,2.944
test,test,jPf0LjZAS14,00001,0,test,NqOjj1FCcVY,00003,3.747654560799983,2.048
test,test,V4sSabKqyMU,00003,0,test,QKHkSUiQboA,00003,-7.5091620189076576,2.304
test,test,uL5XUwfkxZw,00015,0,test,4AYE3w5TWHs,00005,7.12356520948909,2.24
test,test,t2gbcVaZ448,00003,0,test,U6FvJ6jMGHU,00003,0.06453381270122094,5.056
test,test,1L6lSFiV4xo,00002,0,test,7ZymFMmpOa0,00002,-3.843143690839879,2.496
test,test,UAq4yBdSYZs,00001,0,test,stngBN4hp14,00001,3.833892342713032,3.776
test,test,JSSc7hYKstI,00017,0,test,1PNX6MSdVsk,00010,2.7537533242563477,2.048
test,test,V1yW5IsnSjo,00001,0,test,tzJYY2p0QIc,00001,3.5138941840900113,3.776
test,test,eVFYhbHpfqU,00002,0,test,PSlBlZ3hqKc,00012,6.132741587269038,2.368
test,test,fIICVeGW4RY,00001,0,test,RplnSVTzvnU,00003,-1.725051034720357,3.136
test,test,WT7VMrxTPPA,00003,0,test,OIlSXRCSBSI,00001,7.371207502627456,2.432
test,test,NA7krbsdXFA,00011,0,test,mgcjr1yz7ow,00016,3.769432138694045,2.176
test,test,ZJNESMhIxQ0,00025,0,test,UAj1hsXp18c,00003,1.2355207509468755,2.688
test,test,x95nwilkaio,00001,0,test,YD5PFdghryc,00001,5.736150696473384,3.392
test,test,0gks6ceq4eQ,00006,0,test,81Ub0SMxZQo,00002,-9.676626487698051,2.56
test,test,fIICVeGW4RY,00001,0,test,HUM2rCIUdeI,00004,-0.1715864128127027,2.752
test,test,8vNIrPeRGlM,00010,0,test,tbSWdVA4Sbo,00001,7.330298429828211,2.688
test,test,7OMLSs8t1ng,00019,0,test,1bnzVjOJ6NM,00017,3.975445080332385,2.24
test,test,t2gbcVaZ448,00002,0,test,Sew0bn8mGAA,00009,-3.3542783477180116,2.176
test,test,BImnT7lcLDE,00001,0,test,SE97Kgi0sR4,00004,3.1107679882857564,2.24
test,test,uJr4wGcLNsA,00003,0,test,QoT0S2vu9m4,00002,0.6555881033656519,2.24
test,test,pFDoCLf96Kg,00001,0,test,NCJTV5KaJJc,00001,-3.690256438436035,5.952
test,test,1PNX6MSdVsk,00005,0,test,psN1DORYYV0,00016,-1.8373878539828343,2.688
test,test,bArH8r8jJ4g,00001,0,test,7kkRkhAXZGg,00003,-0.46143931818190254,3.52
test,test,UMhLBPPtlrY,00004,0,test,Sa27SUR0Mlo,00004,-5.827170420091409,3.52
test,test,ROgFmb3oTLo,00010,0,test,7qT3RpaBlJo,00001,1.8099716188076727,2.24
test,test,UAj1hsXp18c,00025,0,test,ONM4JupBzSE,00003,-5.772142986543649,2.176
test,test,SFnMTHhKdkw,00008,0,test,UmvOgW6iV2s,00004,-9.636821376928829,2.432
test,test,O6Vayv9FCLM,00001,0,test,w1R4F9sSoow,00005,6.857938115546894,2.496
test,test,BImnT7lcLDE,00003,0,test,JSSc7hYKstI,00006,2.0847601727511478,2.88
test,test,YyXRYgjQXX0,00008,0,test,psN1DORYYV0,00012,-4.473592688336807,2.496
test,test,7ZymFMmpOa0,00005,0,test,iPE2SiCCo0w,00018,1.3830347909104201,2.496
test,test,WFCvkkDSfIU,00002,0,test,eNAHVnkll5M,00005,-4.5244573793262095,2.432
test,test,UmvOgW6iV2s,00003,0,test,S6ufvYWTqQ0,00001,3.6428615724442874,2.048
test,test,7ZymFMmpOa0,00005,0,test,GSf6nijSSdA,00010,3.7007591009043157,2.176
test,test,nCg2NcGYu34,00001,0,test,9uOMectkCCs,00002,9.797873010559634,2.496
test,test,ONM4JupBzSE,00005,0,test,V4sSabKqyMU,00005,-0.5911762373911351,2.112
test,test,JSSc7hYKstI,00014,0,test,VSLurJfOSiA,00001,4.185837512823319,4.928
test,test,fscaRh2OtXk,00004,0,test,Ip2SQa50uBI,00005,5.484035198116919,2.048
test,test,t7Xr3AsBEK4,00002,0,test,3OgsRa7VDtI,00001,6.5710987079171055,2.368
test,test,V4sSabKqyMU,00002,0,test,mgcjr1yz7ow,00013,-8.616859207978445,2.56
test,test,1PNX6MSdVsk,00005,0,test,EV3OmxrowWE,00003,9.959438731228175,2.56
test,test,1bnzVjOJ6NM,00020,0,test,5P04stEjJ9E,00004,-6.734316104784206,2.368
test,test,E22icGCvGXk,00001,0,test,95ovIJ3dsNk,00006,-5.377547440524532,3.776
test,test,OwgWkUIm9Gc,00008,0,test,xTkKSJSqUSI,00012,2.7138743054648824,3.072
test,test,VAJS5J21Rd0,00005,0,test,mSHBma0Ithk,00006,5.2382570035516345,2.048
test,test,LEx6K4P4GJc,00003,0,test,fZ8eyWBQmfU,00001,-9.888790848638106,2.304
test,test,95ovIJ3dsNk,00002,0,test,UAj1hsXp18c,00023,-8.449142229041883,2.048
test,test,YyXRYgjQXX0,00001,0,test,w1R4F9sSoow,00005,4.604259680637725,2.112
test,test,0gks6ceq4eQ,00007,0,test,FFG2rilqT2g,00005,9.549171499826553,2.752
test,test,vXPJVwwEmiM,00001,0,test,Bs86giWcjLA,00004,-6.692545832933343,2.24
test,test,XBJQENjZJaA,00003,0,test,UAj1hsXp18c,00030,5.462997663216637,2.432
test,test,GMynksvCcUI,00002,0,test,NL0uxDscjdo,00004,-8.314151411620314,2.176
test,test,Li4S1yyrsTI,00014,0,test,j7fRIGphgtk,00002,-3.0360553216771358,2.496
test,test,EGjxIS5MPUY,00001,0,test,UAj1hsXp18c,00006,5.345954883868798,2.496
test,test,8vNIrPeRGlM,00003,0,test,1bnzVjOJ6NM,00013,9.86291075931178,2.24
test,test,TDaFwnOiKVE,00004,0,test,3uSQlcGCHUU,00001,9.529557675101646,3.456
test,test,FxtSMZKMdes,00015,0,test,BImnT7lcLDE,00001,8.501045573921502,2.24
test,test,xTkKSJSqUSI,00008,0,test,PSlBlZ3hqKc,00011,-1.6081453359394633,3.392
test,test,UmvOgW6iV2s,00001,0,test,GMynksvCcUI,00002,-3.251280015288309,2.176
test,test,5b5BDoddOLA,00004,0,test,Gmai4zkKNcM,00006,-1.0953083953990213,2.368
test,test,c64M1tZyWPM,00002,0,test,GIbz9ms9Z9k,00001,4.641885799733778,2.304
test,test,m6X1i8khmt8,00002,0,test,dYNc3P4jSt4,00007,-2.269991366850908,2.24
test,test,2UStOghblfE,00005,0,test,ZJNESMhIxQ0,00030,6.68938092063928,3.136
test,test,0VJqrlH9cdI,00002,0,test,AWPrOvzzqZk,00002,4.093741766899905,2.816
test,test,JSSc7hYKstI,00008,0,test,eNAHVnkll5M,00005,5.5425927390971825,3.584
test,test,NA7krbsdXFA,00002,0,test,GSf6nijSSdA,00011,5.384342864700889,2.24
test,test,m6X1i8khmt8,00002,0,test,xTkKSJSqUSI,00034,0.06024500708174507,2.24
test,test,hQigUH0vZSE,00001,0,test,KuWXfjyGhk0,00005,5.145291618615545,2.048
test,test,jbHpF7EySck,00002,0,test,RplnSVTzvnU,00001,7.605628640264982,2.112
test,test,iqEHuBST2qQ,00001,0,test,1bnzVjOJ6NM,00022,-1.071772545673804,2.368
test,test,0VJqrlH9cdI,00001,0,test,Sa27SUR0Mlo,00004,-0.17108461842754785,2.368
test,test,PrK0CifulU0,00005,0,test,Li4S1yyrsTI,00015,-3.269476629101405,2.176
test,test,1bnzVjOJ6NM,00014,0,test,sVtIuDKFO1c,00001,0.4506912633970579,2.368
test,test,SE97Kgi0sR4,00006,0,test,shG0ezBeeJc,00002,0.6435743024906788,2.688
test,test,JSSc7hYKstI,00005,0,test,8UhqkX2VAmo,00001,7.967453256711792,2.688
test,test,NoCOagL69Ss,00002,0,test,ZJNESMhIxQ0,00025,4.735456063281358,2.176
test,test,BhMKmovNjvc,00001,0,test,4AYE3w5TWHs,00004,-5.243496935123277,2.816
test,test,xTkKSJSqUSI,00015,0,test,KPNn880KWfU,00005,1.408873819436172,3.008
test,test,eZj5n8ScTkI,00005,0,test,S2Dj9M71JAc,00003,9.374323863939445,2.368
test,test,j7fRIGphgtk,00001,0,test,sxnlvwprfSc,00002,3.9820271031174705,2.176
test,test,eNAHVnkll5M,00005,0,test,IjbTiRbeNpM,00005,6.648288515496969,2.496
test,test,eZj5n8ScTkI,00002,0,test,ZnCSUBmeRxw,00010,-1.7397270277815746,5.44
test,test,8vNIrPeRGlM,00005,0,test,qWNae7vYK6s,00006,0.0009612622401533599,2.176
test,test,wzkFoetpSSM,00005,0,test,cmpu58yv8Sg,00005,9.554316106622682,3.84
test,test,LEx6K4P4GJc,00003,0,test,GSf6nijSSdA,00007,-6.533998115367046,2.304
test,test,JSSc7hYKstI,00006,0,test,H14bBuluwB8,00001,-8.794707068661207,3.648
test,test,uqS6T6TAu74,00001,0,test,WT7VMrxTPPA,00003,-4.333406487625952,3.456
test,test,6kHSuYwt0qs,00002,0,test,95ovIJ3dsNk,00009,4.654751712939259,2.688
test,test,8iSpNVj5KMw,00002,0,test,ROgFmb3oTLo,00007,8.361677913762321,2.176
test,test,NYKcOFQCeno,00003,0,test,3uSQlcGCHUU,00006,-1.8450628256821506,2.496
test,test,aoGJP02CtPA,00003,0,test,xukDIWFMU9Y,00003,0.0330309239069102,2.112
test,test,stngBN4hp14,00001,0,test,18uDutylDa4,00002,-0.8101851990207205,4.288
test,test,ni4FV5zL6lM,00003,0,test,UAj1hsXp18c,00006,-9.775725995129946,2.496
test,test,3uSQlcGCHUU,00016,0,test,OwgWkUIm9Gc,00009,9.63490538736654,2.56
test,test,NqOjj1FCcVY,00001,0,test,FD6CqD1kV8s,00003,-2.1505623710197934,2.752
test,test,stngBN4hp14,00001,0,test,eZj5n8ScTkI,00001,-5.674465232282849,2.752
test,test,VsjTVGIw4z8,00005,0,test,PrK0CifulU0,00003,7.169582528329336,2.176
test,test,kEKzl6fub2w,00001,0,test,rFpDK2KhAgw,00007,0.7016991867547411,2.56
test,test,Mt0PiXLvYlU,00011,0,test,Li4S1yyrsTI,00011,8.96109326065432,2.176
test,test,vhVWzkbAW4I,00004,0,test,FxtSMZKMdes,00017,-8.103517627275771,2.816
test,test,PSlBlZ3hqKc,00012,0,test,S2Dj9M71JAc,00007,9.191907278860334,3.456
test,test,x95nwilkaio,00005,0,test,8vNIrPeRGlM,00009,-9.56947156376988,3.008
test,test,SN7wO06Yz1E,00002,0,test,fxbCHn6gE3U,00003,-1.272783084228223,2.24
test,test,qWNae7vYK6s,00002,0,test,TScetimMBL8,00002,6.663099603499592,2.944
test,test,DOgsYATbVSs,00003,0,test,ClfBxWPkBKU,00003,-0.5322202730928254,2.304
test,test,MNuOmTQdFjA,00002,0,test,ZJNESMhIxQ0,00035,0.3128112866042869,2.048
test,test,V1yW5IsnSjo,00005,0,test,P2AUat93a8Q,00002,-4.453247711215759,2.368
test,test,JSSc7hYKstI,00007,0,test,ZJNESMhIxQ0,00021,-2.2745237469434993,3.008
test,test,w1R4F9sSoow,00003,0,test,JSSc7hYKstI,00019,7.836284432245208,5.824
test,test,SFnMTHhKdkw,00004,0,test,8UhqkX2VAmo,00001,-1.6764138726094977,2.752
test,test,fscaRh2OtXk,00004,0,test,DOgsYATbVSs,00003,3.4406801682505055,2.048
test,test,AsSd2nmoKNA,00001,0,test,RaSlxoAUP5c,00001,0.4659128245659243,2.112
test,test,OM6XIICmSqo,00002,0,test,jcp5vvxtEaU,00002,-1.7454899858839248,2.688
test,test,3uSQlcGCHUU,00008,0,test,mgcjr1yz7ow,00015,7.3100174974645995,2.88
test,test,7OMLSs8t1ng,00010,0,test,7ZymFMmpOa0,00006,-4.39420653410397,2.048
test,test,66koScWSHBU,00001,0,test,95ovIJ3dsNk,00006,3.8374925470992487,3.2
test,test,KPNn880KWfU,00003,0,test,RplnSVTzvnU,00003,5.273087169710454,2.368
test,test,87AEeLpodnE,00010,0,test,ZJNESMhIxQ0,00021,0.5108359906999187,2.24
test,test,Ip2SQa50uBI,00001,0,test,ZJNESMhIxQ0,00013,8.198489340994204,3.968
test,test,Bo8YN3oB0Cw,00002,0,test,FcmSmAwPkxg,00008,8.839954007584687,2.496
test,test,dYNc3P4jSt4,00008,0,test,VfAiNX7jn9A,00011,2.4337979351138106,2.176
test,test,rSSanSYZDT4,00001,0,test,iPE2SiCCo0w,00007,4.1223786285553565,2.688
test,test,lmyZMtPVodo,00001,0,test,4ErEBkjS3PY,00001,-8.161647912427048,2.496
test,test,bArH8r8jJ4g,00001,0,test,H14bBuluwB8,00001,-0.7030707769483548,3.648
test,test,F3OhcpKSUBc,00006,0,test,FFG2rilqT2g,00004,-0.7639946009486227,3.328
test,test,LiUClSItcy0,00009,0,test,YyXRYgjQXX0,00007,-1.4209225663826235,2.304
test,test,SE97Kgi0sR4,00005,0,test,1bnzVjOJ6NM,00013,-6.9502398255517495,2.24
test,test,ddxHlkIuHqg,00002,0,test,ZJNESMhIxQ0,00012,-3.001604447347688,3.328
test,test,t7Xr3AsBEK4,00004,0,test,Li4S1yyrsTI,00009,-0.2959143207979249,2.24
test,test,7ZymFMmpOa0,00002,0,test,xFSCX9mAHPo,00001,1.8239113049224365,2.048
test,test,YyXRYgjQXX0,00008,0,test,Gmai4zkKNcM,00006,-9.689218279629163,3.072
test,test,GSf6nijSSdA,00010,0,test,FxtSMZKMdes,00007,3.452260185122519,2.176
test,test,mgcjr1yz7ow,00005,0,test,XBJQENjZJaA,00003,-0.2953566370528389,2.112
test,test,2SlBiFZ85d0,00006,0,test,qYUmI5kGsYk,00001,-4.412214206090259,2.048
test,test,ONM4JupBzSE,00005,0,test,ULNPLFrTirQ,00001,6.465629152349727,2.112
test,test,AsSd2nmoKNA,00001,0,test,TDaFwnOiKVE,00004,6.617328618096149,2.112
test,test,jiUKpX09zo4,00001,0,test,PrK0CifulU0,00003,-4.739754494046366,2.368
test,test,JFQLvbVJVMg,00003,0,test,eNAHVnkll5M,00002,2.1446192222924445,2.944
test,test,GSf6nijSSdA,00011,0,test,LYCKzpXEW6E,00001,-5.5507583641208935,2.368
test,test,qsJYrwzfd6w,00004,0,test,7gkdzkVbuVA,00004,-0.22047945776110645,2.048
test,test,OIlSXRCSBSI,00006,0,test,Sa27SUR0Mlo,00004,7.238277334968831,2.304
test,test,LIy2oVJtJsA,00006,0,test,UAj1hsXp18c,00025,-5.151876529485131,2.112
test,test,ZJNESMhIxQ0,00003,0,test,FxtSMZKMdes,00007,7.597873653351247,2.88
test,test,0gks6ceq4eQ,00015,0,test,ClfBxWPkBKU,00003,7.996396626544737,3.136
test,test,ZJNESMhIxQ0,00005,0,test,18uDutylDa4,00002,9.418941543997494,2.496
test,test,JFQLvbVJVMg,00001,0,test,VxESitIllxE,00001,3.856410880343738,2.112
test,test,7ZymFMmpOa0,00002,0,test,BQZKs75RMqM,00001,9.673632208205266,2.496
test,test,aoGJP02CtPA,00002,0,test,Us70DN2XSfM,00005,8.416325003436086,2.048
test,test,F3OhcpKSUBc,00006,0,test,ta2Wvy9FSgA,00003,7.447348318730935,3.52
test,test,XBJQENjZJaA,00003,0,test,tiSiSM3pk5M,00012,-8.546101372340328,2.304
test,test,Li4S1yyrsTI,00011,0,test,uqS6T6TAu74,00001,3.4221519793717974,2.176
test,test,stngBN4hp14,00001,0,test,NqOjj1FCcVY,00007,-5.091249793408952,5.824
test,test,FqrLUtIFVjs,00002,0,test,KxLMjn4WPBY,00001,-5.522538364906047,3.84
test,test,GSf6nijSSdA,00004,0,test,vXPJVwwEmiM,00005,-0.6413203664846368,2.752
test,test,81Ub0SMxZQo,00002,0,test,3uSQlcGCHUU,00006,5.16005853690999,2.496
test,test,bArH8r8jJ4g,00001,0,test,mgcjr1yz7ow,00013,-9.302288020089387,2.56
test,test,xTkKSJSqUSI,00012,0,test,Gmai4zkKNcM,00001,-7.260045415140148,4.096
test,test,SFnMTHhKdkw,00008,0,test,w1R4F9sSoow,00001,2.971122270704754,2.432
test,test,QKHkSUiQboA,00005,0,test,NL0uxDscjdo,00001,5.830324183706427,2.944
test,test,yNhu0MGS2MA,00001,0,test,ZJNESMhIxQ0,00001,-2.857518358517341,2.816
test,test,UAj1hsXp18c,00013,0,test,LiUClSItcy0,00008,-5.430595183831716,2.688
test,test,ROgFmb3oTLo,00010,0,test,fscaRh2OtXk,00004,-5.361984672098227,2.048
test,test,KPNn880KWfU,00003,0,test,Ip2SQa50uBI,00005,-5.92934151538188,2.368
test,test,Ok6LbV6bqaE,00005,0,test,JSSc7hYKstI,00015,-6.948161900409813,3.136
test,test,RAR4cz9wkUk,00001,0,test,TRajLqEaWhQ,00002,-5.091741272043,2.112
test,test,GAMR5RDSLJo,00020,0,test,w1R4F9sSoow,00001,6.489920015071551,3.072
test,test,9uOMectkCCs,00007,0,test,ZJNESMhIxQ0,00016,8.23093023850642,2.496
test,test,Li4S1yyrsTI,00021,0,test,uJr4wGcLNsA,00003,5.639413277624444,2.24
test,test,WFCvkkDSfIU,00002,0,test,XESFPEFpHt4,00003,-4.769254373473617,2.432
test,test,YzGjO5aHShQ,00012,0,test,ZJNESMhIxQ0,00031,-7.373942014846284,2.88
test,test,PbgB2TaYhio,00004,0,test,vhVWzkbAW4I,00005,-2.8250788614868956,2.752
test,test,Sa27SUR0Mlo,00013,0,test,shG0ezBeeJc,00002,-9.218606630200794,3.328
test,test,shG0ezBeeJc,00002,0,test,vhVWzkbAW4I,00008,0.19775025208944896,2.496
test,test,wzkFoetpSSM,00005,0,test,BImnT7lcLDE,00006,5.054437509668343,2.048
test,test,8vNIrPeRGlM,00009,0,test,qWNae7vYK6s,00008,7.223651619978568,2.24
test,test,2SlBiFZ85d0,00006,0,test,JFQLvbVJVMg,00003,2.082436264370454,2.048
test,test,ddxHlkIuHqg,00004,0,test,GIbz9ms9Z9k,00001,-3.033427566579263,2.304
test,test,8iSpNVj5KMw,00002,0,test,dYNc3P4jSt4,00001,3.706677179601064,2.688
test,test,SnSHsb5xKPo,00001,0,test,UAj1hsXp18c,00020,-2.9856400437797337,2.048
test,test,xkFTZcUPjBg,00001,0,test,RplnSVTzvnU,00001,-3.4627450049365187,2.112
test,test,KuWXfjyGhk0,00005,0,test,GMynksvCcUI,00001,5.375699609563238,2.048
test,test,5b5BDoddOLA,00004,0,test,fTSXvLzNd0o,00002,6.851823157697353,2.112
test,test,0Fi83BHQsMA,00005,0,test,JFQLvbVJVMg,00001,-7.601367033884445,2.112
test,test,kEKzl6fub2w,00001,0,test,XBJQENjZJaA,00003,-3.353056354663046,2.432
test,test,JSSc7hYKstI,00007,0,test,nCg2NcGYu34,00011,9.817138690798409,3.584
test,test,7ZymFMmpOa0,00002,0,test,dYNc3P4jSt4,00001,-5.254501311515362,2.496
test,test,FxtSMZKMdes,00009,0,test,LEx6K4P4GJc,00001,5.75767326099359,3.456
test,test,ZJNESMhIxQ0,00013,0,test,mSHBma0Ithk,00006,1.1534677221842777,2.496
test,test,0ZfSOArXbGQ,00003,0,test,VIgzTLDyObo,00002,0.11997395342137906,4.544
test,test,ZJNESMhIxQ0,00021,0,test,dYNc3P4jSt4,00001,-1.2330365238643033,3.008
test,test,66koScWSHBU,00001,0,test,8vNIrPeRGlM,00009,0.3537209089477322,3.008
test,test,BvpmZktlBFs,00002,0,test,YzGjO5aHShQ,00006,-8.402113010492375,2.048
test,test,fIICVeGW4RY,00001,0,test,eNAHVnkll5M,00004,3.800004626888761,2.176
test,test,OzA6jRYjVQs,00003,0,test,t2gbcVaZ448,00004,-1.479954644107691,2.624
test,test,vhVWzkbAW4I,00008,0,test,Li4S1yyrsTI,00007,0.8279731708363887,2.496
test,test,uzKBGtf0i0M,00004,0,test,vhVWzkbAW4I,00008,1.4965366508923772,2.496
test,test,qafSjNLjedo,00001,0,test,7ZymFMmpOa0,00002,7.483028589837534,2.496
test,test,8vNIrPeRGlM,00011,0,test,j7fRIGphgtk,00001,4.740005220687632,2.176
test,test,WFCvkkDSfIU,00002,0,test,nASJ0510Pxs,00002,5.752332148635533,2.432
test,test,akiQuyhXR8o,00010,0,test,LpROaNue9GM,00001,-5.50515732644,2.816
test,test,bArH8r8jJ4g,00001,0,test,KPNn880KWfU,00003,-6.021335410972268,2.368
test,test,uL5XUwfkxZw,00015,0,test,ZJNESMhIxQ0,00035,6.779749533753421,2.944
test,test,8nt3edWLgIg,00005,0,test,TVtgb153S6I,00002,-0.11566025938833313,3.2
test,test,7gXq1ml6B1E,00001,0,test,wKlMcLTqRLs,00001,-1.719673329299166,2.048
test,test,SSzRfSJTNW4,00006,0,test,Li4S1yyrsTI,00007,-4.645496917160806,2.752
test,test,fxbCHn6gE3U,00007,0,test,27lMmdmySb8,00005,9.517606455175933,2.176
test,test,KxLMjn4WPBY,00002,0,test,ClfBxWPkBKU,00005,-2.2989266123445358,5.12
test,test,akiQuyhXR8o,00010,0,test,Ip2SQa50uBI,00001,4.313876482952516,2.816
test,test,uL5XUwfkxZw,00011,0,test,ONM4JupBzSE,00003,3.1134939306864453,2.176
test,test,1bnzVjOJ6NM,00021,0,test,SE97Kgi0sR4,00006,-6.996661690706385,2.24
test,test,wzkFoetpSSM,00005,0,test,hQigUH0vZSE,00001,-4.117524979456729,3.84
test,test,LEx6K4P4GJc,00004,0,test,iPE2SiCCo0w,00013,2.421241811954909,2.048
test,test,9uOMectkCCs,00002,0,test,UAj1hsXp18c,00006,7.140644401206547,2.496
test,test,nCg2NcGYu34,00011,0,test,mgcjr1yz7ow,00006,-5.506708996033007,3.584
test,test,fTSXvLzNd0o,00002,0,test,t7Xr3AsBEK4,00004,-4.358610352641474,2.112
test,test,Ip2SQa50uBI,00001,0,test,mgcjr1yz7ow,00006,-4.293019403920448,4.096
test,test,LYCKzpXEW6E,00001,0,test,UAinLaT42xY,00001,-0.4124812144483556,2.368
test,test,ROgFmb3oTLo,00005,0,test,UMhLBPPtlrY,00004,-5.518909237217153,2.688
test,test,PbgB2TaYhio,00004,0,test,t7Xr3AsBEK4,00001,8.646160759762186,3.328
test,test,JFQLvbVJVMg,00003,0,test,YzGjO5aHShQ,00006,6.611785803821697,3.392
test,test,FxtSMZKMdes,00005,0,test,eNAHVnkll5M,00003,-1.2986605620825173,2.048
test,test,mgcjr1yz7ow,00016,0,test,tiSiSM3pk5M,00005,7.145832119177019,2.56
test,test,7ZymFMmpOa0,00002,0,test,lmyZMtPVodo,00001,-6.114892849117752,2.496
test,test,BhMKmovNjvc,00001,0,test,FxtSMZKMdes,00009,3.2162040366801428,5.888
test,test,WT7VMrxTPPA,00004,0,test,XBJQENjZJaA,00003,-3.5653246016482694,2.432
test,test,GAMR5RDSLJo,00020,0,test,Li4S1yyrsTI,00013,-4.126333307026082,2.368
test,test,LEx6K4P4GJc,00003,0,test,YyXRYgjQXX0,00013,1.4441472080952842,2.304
test,test,81Ub0SMxZQo,00002,0,test,6kHSuYwt0qs,00002,-5.747761507402469,2.624
test,test,x95nwilkaio,00005,0,test,H14bBuluwB8,00002,3.2179671121566464,2.368
test,test,OYfoGTIG7pY,00004,0,test,GSf6nijSSdA,00003,-2.5396708290558205,2.112
test,test,E22icGCvGXk,00004,0,test,hxsnKwmW0dk,00003,-0.4943999717959162,2.24
test,test,LYCKzpXEW6E,00003,0,test,hiIcwt88o94,00006,9.383049177841503,2.048
test,test,NqOjj1FCcVY,00006,0,test,U6FvJ6jMGHU,00003,3.375222323838269,2.368
test,test,ZJNESMhIxQ0,00033,0,test,MNuOmTQdFjA,00002,-5.596487508526553,2.048
test,test,PSlBlZ3hqKc,00001,0,test,GGScU5ESei4,00004,-4.442572967176295,2.752
test,test,UMhLBPPtlrY,00004,0,test,VfAiNX7jn9A,00011,0.48395333019352726,2.176
test,test,1bnzVjOJ6NM,00005,0,test,FcmSmAwPkxg,00010,5.4397927008298534,2.624
test,test,8VwTZFYSfvw,00001,0,test,YyXRYgjQXX0,00007,1.3803469419535652,2.304
test,test,Us70DN2XSfM,00005,0,test,LiUClSItcy0,00009,2.7462283656860613,2.048
test,test,rP7nmdDA1Fg,00006,0,test,Ok6LbV6bqaE,00005,-2.0299503573113302,3.136
test,test,NqOjj1FCcVY,00007,0,test,qWNae7vYK6s,00008,7.185254333584268,2.24
test,test,VsjTVGIw4z8,00005,0,test,Li4S1yyrsTI,00015,-9.984670870552105,2.176
test,test,UmvOgW6iV2s,00003,0,test,LiUClSItcy0,00007,-0.6658487537784179,2.048
test,test,eVFYhbHpfqU,00002,0,test,j7fRIGphgtk,00001,2.112844603290789,2.176
test,test,ZJNESMhIxQ0,00004,0,test,eZj5n8ScTkI,00003,9.464435283213522,3.008
test,test,hQigUH0vZSE,00001,0,test,ZJNESMhIxQ0,00047,-1.4694624522749695,4.736
test,test,WFCvkkDSfIU,00002,0,test,xTkKSJSqUSI,00034,-9.8545050063105,2.432
test,test,81Ub0SMxZQo,00002,0,test,DCIL2nvU4x8,00001,-1.784792259211736,2.624
test,test,FcmSmAwPkxg,00010,0,test,3uSQlcGCHUU,00014,9.518681279420438,2.112
test,test,t7Xr3AsBEK4,00008,0,test,eNAHVnkll5M,00004,2.1202322903821624,2.176
test,test,JSSc7hYKstI,00014,0,test,RDSSLJG7oi8,00001,3.055185880200419,4.928
test,test,6Waurx8eS1o,00001,0,test,WFCvkkDSfIU,00003,-5.720217744300021,2.432
test,test,FqrLUtIFVjs,00001,0,test,TScetimMBL8,00002,0.17647171705363363,2.176
test,test,UAj1hsXp18c,00011,0,test,l5vZHuAtDZA,00001,0.6981854794356153,2.496
test,test,66koScWSHBU,00001,0,test,fTSXvLzNd0o,00002,2.955124760282292,2.112
test,test,dYNc3P4jSt4,00008,0,test,eVFYhbHpfqU,00002,-7.604359879073915,2.368
test,test,QoT0S2vu9m4,00002,0,test,rSSanSYZDT4,00001,4.86558327011911,2.24
test,test,YzGjO5aHShQ,00006,0,test,x95nwilkaio,00003,8.404797527989352,4.608
test,test,uzKBGtf0i0M,00007,0,test,7qT3RpaBlJo,00001,8.807533238252088,3.136
test,test,JSSc7hYKstI,00015,0,test,DCIL2nvU4x8,00001,-6.35294399446108,2.624
test,test,nCg2NcGYu34,00004,0,test,4n8qT0vQbWk,00003,-4.4543941232073525,2.496
test,test,ClfBxWPkBKU,00001,0,test,1bnzVjOJ6NM,00020,5.447836689521363,2.56
test,test,8vNIrPeRGlM,00009,0,test,YzGjO5aHShQ,00002,8.65654449106983,3.008
test,test,95ovIJ3dsNk,00003,0,test,GMynksvCcUI,00001,-5.037827079701529,2.112
test,test,NqOjj1FCcVY,00003,0,test,VxESitIllxE,00004,6.202036475200806,2.048
test,test,QeIrdqU0o9s,00006,0,test,eNAHVnkll5M,00002,4.347166798387633,2.944
test,test,VfAiNX7jn9A,00010,0,test,BQZKs75RMqM,00001,8.04717861869413,3.008
test,test,ZJNESMhIxQ0,00031,0,test,6Waurx8eS1o,00001,7.305753341560635,2.432
test,test,ZJNESMhIxQ0,00019,0,test,V4sSabKqyMU,00005,7.810845875373509,2.048
test,test,FxtSMZKMdes,00015,0,test,xFSCX9mAHPo,00003,1.0481661742019348,2.56
test,test,18uDutylDa4,00002,0,test,jcSSY9rDN2g,00002,-7.626613156895827,4.288
test,test,LujWrkYsl64,00002,0,test,vhVWzkbAW4I,00012,9.574614512068873,2.112
test,test,UAj1hsXp18c,00020,0,test,JSSc7hYKstI,00007,-1.516064404212777,2.048
test,test,DOgsYATbVSs,00003,0,test,3uSQlcGCHUU,00001,-0.49093035525268647,2.304
test,test,8vNIrPeRGlM,00003,0,test,7ZymFMmpOa0,00007,4.331576406900179,2.048
test,test,eNAHVnkll5M,00003,0,test,TUgBdSyK7S4,00001,-2.4612732181566566,2.752
test,test,dYNc3P4jSt4,00004,0,test,GSf6nijSSdA,00005,0.8919278241017068,2.112
test,test,YD5PFdghryc,00001,0,test,0VJqrlH9cdI,00001,0.9344988075262428,2.368
test,test,0gks6ceq4eQ,00008,0,test,w1R4F9sSoow,00003,4.306729203340867,2.496
test,test,mSHBma0Ithk,00006,0,test,LjAsM1vAhW0,00001,7.421328883253892,2.496
test,test,V1yW5IsnSjo,00009,0,test,OzA6jRYjVQs,00008,9.883253886556435,2.432
test,test,w1R4F9sSoow,00005,0,test,U6FvJ6jMGHU,00003,9.185437401963284,2.56
test,test,7ZymFMmpOa0,00006,0,test,HSercnrqeN4,00001,-2.171002296622513,2.048
test,test,t7Xr3AsBEK4,00008,0,test,4ErEBkjS3PY,00001,0.12906910957371664,2.432
test,test,95ovIJ3dsNk,00002,0,test,8vNIrPeRGlM,00005,-8.036425821616803,2.24
test,test,FxtSMZKMdes,00005,0,test,QoT0S2vu9m4,00002,-1.0997511979284287,2.048
test,test,x95nwilkaio,00002,0,test,JSSc7hYKstI,00014,-8.117326967063248,4.928
test,test,SSzRfSJTNW4,00001,0,test,JSSc7hYKstI,00007,-3.0039954586483564,6.016
test,test,NA7krbsdXFA,00002,0,test,cHRZ6OrSvvI,00001,3.4184992585528473,2.24
test,test,UAj1hsXp18c,00001,0,test,Li4S1yyrsTI,00007,-9.499921052935187,2.176
test,test,RiM5aSvaNkg,00002,0,test,0gks6ceq4eQ,00015,-9.68977618436665,5.568
test,test,UAq4yBdSYZs,00001,0,test,ZnCSUBmeRxw,00007,0.7392092038236608,3.776
test,test,XESFPEFpHt4,00003,0,test,1PNX6MSdVsk,00010,8.261588473318756,2.56
test,test,95ovIJ3dsNk,00009,0,test,PbgB2TaYhio,00001,-4.247506523951663,2.176
test,test,UK8ccWSZkic,00001,0,test,FqrLUtIFVjs,00001,-0.9394019778311975,2.176
test,test,3uSQlcGCHUU,00017,0,test,tiSiSM3pk5M,00005,-9.750007959415496,2.688
test,test,fZ8eyWBQmfU,00001,0,test,cHRZ6OrSvvI,00001,1.8199232982367324,3.136
test,test,1bnzVjOJ6NM,00017,0,test,5b5BDoddOLA,00004,0.8072660432300953,2.368
test,test,H9ZOpQzjukY,00001,0,test,OIlSXRCSBSI,00006,6.306177213352186,2.304
test,test,UmvOgW6iV2s,00007,0,test,UAj1hsXp18c,00020,-4.634387533098443,2.048
test,test,w1R4F9sSoow,00003,0,test,qWNae7vYK6s,00006,6.492793742893653,2.176
test,test,shG0ezBeeJc,00002,0,test,PSlBlZ3hqKc,00006,1.7427683962599456,3.328
test,test,vhVWzkbAW4I,00011,0,test,eNAHVnkll5M,00003,-7.771930130765017,2.752
test,test,KuWXfjyGhk0,00007,0,test,jPf0LjZAS14,00001,1.0904065784958377,2.56
test,test,7ZymFMmpOa0,00007,0,test,n3kNlFMXslo,00002,-6.303278150265676,2.048
test,test,27lMmdmySb8,00001,0,test,ZJNESMhIxQ0,00003,-5.201163532630302,3.072
test,test,KuWXfjyGhk0,00001,0,test,LYCKzpXEW6E,00002,8.888945055051106,2.368
test,test,fIICVeGW4RY,00001,0,test,hiIcwt88o94,00020,-4.498680509295125,2.048
test,test,fIICVeGW4RY,00004,0,test,OYfoGTIG7pY,00001,6.586010128546359,2.112
test,test,hiIcwt88o94,00019,0,test,IjbTiRbeNpM,00005,7.572853373185858,2.304
test,test,x95nwilkaio,00003,0,test,V1yW5IsnSjo,00009,6.27511966379636,4.608
test,test,vhVWzkbAW4I,00011,0,test,eNAHVnkll5M,00003,-7.593340304258607,2.752
test,test,q2gO4DKVpa8,00005,0,test,Ip2SQa50uBI,00005,7.2488078779122915,2.432
test,test,27lMmdmySb8,00008,0,test,lmyZMtPVodo,00001,-3.594242187476084,3.2
test,test,Ip2SQa50uBI,00005,0,test,Sa27SUR0Mlo,00004,6.187930308884766,2.432
test,test,Sktdq5z1NS4,00001,0,test,lmyZMtPVodo,00001,-1.4256175975550285,3.2
test,test,qWNae7vYK6s,00002,0,test,SSzRfSJTNW4,00001,7.837791909326551,3.328
test,test,TVtgb153S6I,00002,0,test,t7Xr3AsBEK4,00001,-9.639059396345697,3.2
test,test,xlUPlxSpDRo,00001,0,test,c64M1tZyWPM,00002,2.080645053846599,2.304
test,test,1PNX6MSdVsk,00010,0,test,TGZMSmcuiXM,00013,-3.3388951484709306,2.56
test,test,9RMx31GnNXY,00004,0,test,7ZymFMmpOa0,00006,-6.017850153217735,2.048
test,test,tzJYY2p0QIc,00001,0,test,ZJNESMhIxQ0,00004,-9.866364224993367,3.776
test,test,SpTGUTSFvf4,00004,0,test,ZJNESMhIxQ0,00016,6.244593448644697,2.24
test,test,GMynksvCcUI,00002,0,test,FcmSmAwPkxg,00010,-4.168462680100058,2.176
test,test,iPE2SiCCo0w,00018,0,test,jcp5vvxtEaU,00010,7.94132971856779,2.368
test,test,Li4S1yyrsTI,00007,0,test,JSSc7hYKstI,00007,-7.990566977364038,2.752
test,test,uzKBGtf0i0M,00007,0,test,bArH8r8jJ4g,00002,1.9734704286616598,3.136
test,test,AegIbt2j0sU,00001,0,test,6wNif5SlN08,00010,-1.8957737105197587,2.88
test,test,shG0ezBeeJc,00002,0,test,FxtSMZKMdes,00014,-7.13361432477996,3.328
test,test,0ZfSOArXbGQ,00003,0,test,ClfBxWPkBKU,00005,6.559311855126079,5.12
test,test,SSzRfSJTNW4,00001,0,test,fxbCHn6gE3U,00003,-8.154562968071799,2.944
test,test,3uSQlcGCHUU,00016,0,test,1L6lSFiV4xo,00002,0.6047209882836384,2.56
test,test,LujWrkYsl64,00002,0,test,iPE2SiCCo0w,00007,-1.5088056146295088,2.112
test,test,UAj1hsXp18c,00030,0,test,jcp5vvxtEaU,00002,7.858319408255223,2.688
test,test,RiM5aSvaNkg,00001,0,test,ClfBxWPkBKU,00003,-7.061739030722373,2.624
test,test,wKlMcLTqRLs,00001,0,test,Sa27SUR0Mlo,00001,-5.5847247786350795,2.368
test,test,jcp5vvxtEaU,00010,0,test,9RMx31GnNXY,00003,-5.236358651782691,2.368
test,test,UAj1hsXp18c,00022,0,test,95ovIJ3dsNk,00009,1.3313258281440206,3.264
test,test,PrK0CifulU0,00005,0,test,Hj9oB4zpHww,00003,-8.810637355997299,2.176
test,test,t2gbcVaZ448,00003,0,test,0gks6ceq4eQ,00009,-3.6230345764990695,2.048
test,test,RaSlxoAUP5c,00004,0,test,OIlSXRCSBSI,00006,-4.128185297689509,2.176
test,test,Li4S1yyrsTI,00022,0,test,XESFPEFpHt4,00010,-4.71114149380406,3.328
test,test,0ZfSOArXbGQ,00003,0,test,mgcjr1yz7ow,00006,-0.9921871423557036,5.888
test,test,1bnzVjOJ6NM,00017,0,test,Gmai4zkKNcM,00001,-1.868790176595553,4.096
test,test,SSzRfSJTNW4,00005,0,test,WFCvkkDSfIU,00002,-1.7350212813168415,2.432
test,test,9uOMectkCCs,00007,0,test,1PNX6MSdVsk,00011,8.796153220971622,2.496
test,test,MNuOmTQdFjA,00002,0,test,VIgzTLDyObo,00002,-8.811697649316002,2.048
test,test,Ok6LbV6bqaE,00002,0,test,SSzRfSJTNW4,00001,2.604277619635324,5.568
test,test,SS8TSf2srSw,00002,0,test,Mt0PiXLvYlU,00006,-4.530002628344771,2.496
test,test,ONM4JupBzSE,00005,0,test,ClfBxWPkBKU,00003,-3.5022722918102467,2.112
test,test,3uSQlcGCHUU,00008,0,test,V1yW5IsnSjo,00005,1.7554377145792088,2.368
test,test,x95nwilkaio,00002,0,test,TScetimMBL8,00002,1.710492062465491,2.944
test,test,1bnzVjOJ6NM,00004,0,test,LiUClSItcy0,00008,-5.695969241516692,2.304
test,test,n3kNlFMXslo,00002,0,test,FcmSmAwPkxg,00007,-3.1159434278564246,2.816
test,test,ZJNESMhIxQ0,00003,0,test,7gkdzkVbuVA,00004,9.975570043109812,2.048
test,test,2SlBiFZ85d0,00006,0,test,95ovIJ3dsNk,00006,-2.2512647194054924,2.048
test,test,8nt3edWLgIg,00004,0,test,eNAHVnkll5M,00005,1.7088872730412668,3.136
test,test,8iSpNVj5KMw,00002,0,test,gVfgkFaswn4,00001,-6.04202747013866,2.688
test,test,XESFPEFpHt4,00010,0,test,iqEHuBST2qQ,00001,-1.442717328023786,2.88
test,test,VAJS5J21Rd0,00005,0,test,jcSSY9rDN2g,00002,9.85143954896403,2.048
test,test,KuWXfjyGhk0,00001,0,test,VSLurJfOSiA,00001,4.165165919264812,4.992
test,test,8nt3edWLgIg,00005,0,test,Sa27SUR0Mlo,00002,5.300134358959944,3.584
test,test,k2hQL9Zrokk,00002,0,test,ZJNESMhIxQ0,00013,-2.6600331420814776,2.816
test,test,8iSpNVj5KMw,00002,0,test,UAj1hsXp18c,00030,-2.6443849663401924,2.688
test,test,NL0uxDscjdo,00005,0,test,ZJNESMhIxQ0,00016,7.483887961320125,2.816
test,test,LIy2oVJtJsA,00006,0,test,cmpu58yv8Sg,00005,-2.3077275985268315,2.112
test,test,QeIrdqU0o9s,00006,0,test,YzGjO5aHShQ,00002,4.751465047265903,3.968
test,test,7ZymFMmpOa0,00002,0,test,GMynksvCcUI,00008,-3.0452683520739976,2.496
test,test,9uOMectkCCs,00007,0,test,81Ub0SMxZQo,00002,-4.415236204145132,2.496
test,test,hiIcwt88o94,00003,0,test,GMynksvCcUI,00008,9.771441244426498,3.2
test,test,cHRZ6OrSvvI,00002,0,test,jiUKpX09zo4,00001,-1.6450455977677194,2.368
test,test,48xS00Iy0ac,00003,0,test,HUM2rCIUdeI,00004,-4.5505757424934306,2.496
test,test,vhVWzkbAW4I,00004,0,test,XESFPEFpHt4,00011,-7.118044703466979,2.688
test,test,vXPJVwwEmiM,00006,0,test,1bnzVjOJ6NM,00005,6.164316504197338,2.048
test,test,LujWrkYsl64,00002,0,test,5b5BDoddOLA,00004,-1.4657515148843014,2.112
test,test,VfAiNX7jn9A,00011,0,test,jiUKpX09zo4,00001,-0.5551953560439848,2.176
test,test,YyXRYgjQXX0,00010,0,test,Li4S1yyrsTI,00007,-8.362366377525191,2.752
test,test,GSf6nijSSdA,00005,0,test,RplnSVTzvnU,00003,-7.753612252983442,2.112
test,test,FKxaL8Iau8Q,00002,0,test,UAj1hsXp18c,00013,5.871039972802418,2.368
test,test,LEx6K4P4GJc,00001,0,test,w1R4F9sSoow,00005,-2.3939078708877215,2.56
test,test,Us70DN2XSfM,00005,0,test,81Ub0SMxZQo,00002,1.9021233619143647,2.048
test,test,NCJTV5KaJJc,00001,0,test,Sa27SUR0Mlo,00012,4.70822551346658,2.688
test,test,Li4S1yyrsTI,00007,0,test,MvXZzKZ3JYQ,00001,2.258699082638705,2.752
test,test,UAj1hsXp18c,00027,0,test,4ErEBkjS3PY,00001,-7.59824115203836,2.432
test,test,4n8qT0vQbWk,00003,0,test,fZ8eyWBQmfU,00001,9.67346957910327,3.008
test,test,YzGjO5aHShQ,00017,0,test,ZJNESMhIxQ0,00004,5.026975638183284,2.496
test,test,ZJNESMhIxQ0,00012,0,test,ddxHlkIuHqg,00004,2.035376851552602,2.304
test,test,ddxHlkIuHqg,00004,0,test,Gmai4zkKNcM,00006,8.719554449601251,2.304
test,test,UZmXwOgNq7c,00001,0,test,3uSQlcGCHUU,00008,6.431597373910513,3.328
test,test,c64M1tZyWPM,00002,0,test,Sa27SUR0Mlo,00001,7.9447299851868465,2.304
test,test,6wNif5SlN08,00010,0,test,0Fi83BHQsMA,00005,9.920434382039826,2.944
test,test,pFDoCLf96Kg,00001,0,test,xTkKSJSqUSI,00012,6.993546311432507,5.952
test,test,UMhLBPPtlrY,00004,0,test,Jm2dWbNsnZI,00002,5.161628838995995,3.264
test,test,Li4S1yyrsTI,00009,0,test,AegIbt2j0sU,00001,8.311371271821535,2.88
test,test,V4sSabKqyMU,00003,0,test,DOgsYATbVSs,00003,8.326546676663678,2.304
test,test,ClfBxWPkBKU,00008,0,test,jcp5vvxtEaU,00002,-0.5131127783580318,2.688
test,test,xTkKSJSqUSI,00039,0,test,VAJS5J21Rd0,00005,1.9436571527676705,2.048
test,test,jcp5vvxtEaU,00002,0,test,uJr4wGcLNsA,00005,-5.1922845202507855,2.688
test,test,dYNc3P4jSt4,00008,0,test,E22icGCvGXk,00001,-4.043218060025701,2.496
test,test,TScetimMBL8,00002,0,test,Gmai4zkKNcM,00006,-5.741161817722182,2.944
test,test,OYfoGTIG7pY,00001,0,test,xTkKSJSqUSI,00019,8.83105197289052,2.048
test,test,3uSQlcGCHUU,00001,0,test,8nt3edWLgIg,00005,-7.145291020653333,4.288
test,test,ClfBxWPkBKU,00001,0,test,1bnzVjOJ6NM,00004,-8.548251605686247,2.304
test,test,ZnCSUBmeRxw,00010,0,test,1bnzVjOJ6NM,00020,4.848460734466071,2.56
test,test,FKxaL8Iau8Q,00007,0,test,jcp5vvxtEaU,00011,-7.869792246481575,2.496
test,test,XESFPEFpHt4,00003,0,test,NL0uxDscjdo,00005,0.5324681795315023,2.816
test,test,7ZymFMmpOa0,00006,0,test,Mt0PiXLvYlU,00003,-1.590504947116667,2.048
test,test,FKxaL8Iau8Q,00007,0,test,qafSjNLjedo,00001,-5.724517332431223,2.88
test,test,FFG2rilqT2g,00005,0,test,xFSCX9mAHPo,00003,6.919052763781259,2.56
test,test,ZnCSUBmeRxw,00007,0,test,mjDjbJJlqZ0,00001,1.4034853270700243,3.968
test,test,SE97Kgi0sR4,00004,0,test,VsjTVGIw4z8,00005,-8.50202644796424,2.176
test,test,NL0uxDscjdo,00005,0,test,KuWXfjyGhk0,00001,-4.696793364257523,2.816
test,test,eNAHVnkll5M,00004,0,test,t7Xr3AsBEK4,00006,0.3512010676377546,2.176
test,test,1bnzVjOJ6NM,00014,0,test,cmpu58yv8Sg,00005,1.381540109349677,2.368
test,test,LiUClSItcy0,00009,0,test,t7Xr3AsBEK4,00006,-4.0729041528693255,2.304
test,test,jcp5vvxtEaU,00009,0,test,vXPJVwwEmiM,00001,1.4354586866465802,2.24
test,test,Sa27SUR0Mlo,00002,0,test,OYfoGTIG7pY,00001,6.226911893056794,3.584
test,test,hiIcwt88o94,00003,0,test,Mt0PiXLvYlU,00003,-9.849114595929496,3.008
test,test,iPE2SiCCo0w,00007,0,test,7ZymFMmpOa0,00007,-8.948126936847471,2.048
test,test,gVfgkFaswn4,00002,0,test,qafSjNLjedo,00001,1.7780250627262255,2.88
test,test,akiQuyhXR8o,00010,0,test,qYUmI5kGsYk,00001,6.314974246835494,2.816
test,test,eNAHVnkll5M,00002,0,test,3uSQlcGCHUU,00006,6.719739587489379,2.496
test,test,vhVWzkbAW4I,00005,0,test,gVfgkFaswn4,00003,8.620126302775557,2.752
test,test,9uOMectkCCs,00007,0,test,FcmSmAwPkxg,00005,-1.2031650637657272,2.176
test,test,GSf6nijSSdA,00004,0,test,vXPJVwwEmiM,00006,5.024201347179861,2.048
test,test,OwgWkUIm9Gc,00008,0,test,q2gO4DKVpa8,00005,-7.831829648344568,2.432
test,test,1bnzVjOJ6NM,00013,0,test,7OMLSs8t1ng,00010,-6.608365677600876,2.24
test,test,BhMKmovNjvc,00001,0,test,k2hQL9Zrokk,00002,5.573891887747859,2.816
test,test,AsSd2nmoKNA,00001,0,test,Sew0bn8mGAA,00002,-8.498293429081494,2.112
test,test,FQEEMpzPZlY,00001,0,test,ZJNESMhIxQ0,00033,-0.1317279769350641,2.176
test,test,wzkFoetpSSM,00005,0,test,FD6CqD1kV8s,00003,-3.8291953955152387,2.752
test,test,RAR4cz9wkUk,00001,0,test,bArH8r8jJ4g,00002,8.230613418283209,2.112
test,test,ZJNESMhIxQ0,00024,0,test,tiSiSM3pk5M,00012,8.487514749136892,2.304
test,test,nCg2NcGYu34,00004,0,test,BHY0FxzoKZE,00003,2.2938481921084133,2.496
test,test,vhVWzkbAW4I,00008,0,test,7OMLSs8t1ng,00019,7.131055314502905,2.24
test,test,xkFTZcUPjBg,00001,0,test,w1R4F9sSoow,00001,-5.815452115507805,2.368
test,test,EV3OmxrowWE,00003,0,test,fTSXvLzNd0o,00002,8.67002121926743,2.112
test,test,JFQLvbVJVMg,00001,0,test,wG4RnDNWtJo,00001,-9.94995765401427,2.112
test,test,8vNIrPeRGlM,00003,0,test,xTkKSJSqUSI,00019,-6.604983134098632,2.048
test,test,jbHpF7EySck,00002,0,test,ZJNESMhIxQ0,00005,-2.8452429111626953,2.496
test,test,LiUClSItcy0,00009,0,test,RiM5aSvaNkg,00003,6.519608473149432,3.456
test,test,OIlSXRCSBSI,00001,0,test,Li4S1yyrsTI,00011,-0.7846439565498926,2.176
test,test,UAj1hsXp18c,00006,0,test,3uSQlcGCHUU,00006,-6.1717523049119,2.496
test,test,FxtSMZKMdes,00005,0,test,ClfBxWPkBKU,00011,1.1713104838182318,2.048
test,test,8nt3edWLgIg,00005,0,test,pFDoCLf96Kg,00001,4.424620256569632,4.48
test,test,95ovIJ3dsNk,00003,0,test,H14bBuluwB8,00002,-0.2817464519537083,2.368
test,test,GSf6nijSSdA,00011,0,test,QKHkSUiQboA,00005,1.3626888775627215,2.624
test,test,yNhu0MGS2MA,00001,0,test,8vNIrPeRGlM,00009,-4.406030889333195,2.816
test,test,Sew0bn8mGAA,00009,0,test,FD6CqD1kV8s,00003,0.12901436165377156,2.176
test,test,vXPJVwwEmiM,00006,0,test,1PNX6MSdVsk,00005,-9.69249994593335,2.048
test,test,dYNc3P4jSt4,00008,0,test,uJr4wGcLNsA,00009,-7.8708419673219066,2.496
test,test,ZJNESMhIxQ0,00003,0,test,3uSQlcGCHUU,00006,6.726922123546689,2.496
test,test,ROgFmb3oTLo,00010,0,test,Li4S1yyrsTI,00014,-1.3776639852037658,2.24
test,test,j7fRIGphgtk,00005,0,test,AsSd2nmoKNA,00001,5.019684366825942,2.112
test,test,27lMmdmySb8,00008,0,test,KPNn880KWfU,00003,1.9810424131631894,2.368
test,test,3uSQlcGCHUU,00012,0,test,VsjTVGIw4z8,00005,-6.2906808195564246,2.112
test,test,uL5XUwfkxZw,00011,0,test,UAj1hsXp18c,00014,-7.344437823218177,2.432
test,test,SFnMTHhKdkw,00008,0,test,UAj1hsXp18c,00025,4.767668679289798,2.176
test,test,ZJNESMhIxQ0,00025,0,test,NL0uxDscjdo,00004,9.531434642737537,2.496
test,test,FFG2rilqT2g,00005,0,test,BImnT7lcLDE,00003,-8.711352245278288,2.752
test,test,aoGJP02CtPA,00003,0,test,1PNX6MSdVsk,00010,-1.688295707328793,2.56
test,test,hiIcwt88o94,00003,0,test,Ip2SQa50uBI,00005,-0.9363897681412858,2.432
test,test,wG4RnDNWtJo,00001,0,test,SE97Kgi0sR4,00004,8.386920255315463,2.752
test,test,UAj1hsXp18c,00020,0,test,bArH8r8jJ4g,00004,-0.19012360791217198,2.048
test,test,OzA6jRYjVQs,00006,0,test,rSSanSYZDT4,00001,5.203757697087678,3.968
test,test,lmyZMtPVodo,00001,0,test,ta2Wvy9FSgA,00003,-3.2185927994285617,3.2
test,test,dYNc3P4jSt4,00007,0,test,xTkKSJSqUSI,00012,5.424830979941262,2.496
test,test,2SlBiFZ85d0,00006,0,test,mc0vhSseGk4,00001,2.9711297785247925,2.048
test,test,UAj1hsXp18c,00001,0,test,RlQ3CSVanaU,00001,-6.790464887728779,2.176
test,test,psN1DORYYV0,00012,0,test,QKHkSUiQboA,00003,8.282012742184243,2.304
test,test,FxtSMZKMdes,00017,0,test,FcmSmAwPkxg,00006,-7.890848782490907,4.352
test,test,ZnCSUBmeRxw,00010,0,test,dYNc3P4jSt4,00007,-8.92534458884957,2.496
test,test,qafSjNLjedo,00001,0,test,rFpDK2KhAgw,00007,5.162388647775325,2.56
test,test,iPE2SiCCo0w,00013,0,test,eNAHVnkll5M,00003,-4.2498314567644835,2.048
test,test,VSLurJfOSiA,00001,0,test,7gkdzkVbuVA,00001,-8.817771853079833,3.072
test,test,shG0ezBeeJc,00002,0,test,tzJYY2p0QIc,00001,2.6169922620427393,3.328
test,test,QoT0S2vu9m4,00002,0,test,Sa27SUR0Mlo,00004,-7.8242164012546045,2.24
test,test,mSHBma0Ithk,00006,0,test,V4sSabKqyMU,00001,0.584485194546831,2.048
test,test,9YekkGz1E2k,00002,0,test,xFSCX9mAHPo,00003,9.579274282686821,2.56
test,test,ClfBxWPkBKU,00008,0,test,SS8TSf2srSw,00006,-7.668429386652251,2.048
test,test,PrK0CifulU0,00005,0,test,1bnzVjOJ6NM,00017,9.789365335639985,2.176
test,test,shG0ezBeeJc,00002,0,test,4n8qT0vQbWk,00001,-1.54811656373629,3.008
test,test,ZJNESMhIxQ0,00012,0,test,2UStOghblfE,00001,2.0660766034670957,2.24
test,test,fscaRh2OtXk,00004,0,test,0VJqrlH9cdI,00001,-0.27413854491607736,2.048
test,test,fxbCHn6gE3U,00005,0,test,RplnSVTzvnU,00001,-0.9248842023101655,2.112
test,test,JSSc7hYKstI,00016,0,test,OzA6jRYjVQs,00008,-7.8971011044692645,2.432
test,test,BvpmZktlBFs,00002,0,test,FxtSMZKMdes,00014,-6.184710114476541,2.048
test,test,1PNX6MSdVsk,00009,0,test,uL5XUwfkxZw,00011,-3.813206377919613,2.432
test,test,18uDutylDa4,00002,0,test,Li4S1yyrsTI,00007,3.575423096392834,2.752
test,test,FKxaL8Iau8Q,00007,0,test,w1R4F9sSoow,00001,7.058230158999084,3.008
test,test,w1R4F9sSoow,00003,0,test,MsLuQM5V3FA,00001,5.393068391494882,2.432
test,test,LiUClSItcy0,00001,0,test,ClfBxWPkBKU,00003,-2.526073767407075,3.136
test,test,6Waurx8eS1o,00001,0,test,Li4S1yyrsTI,00021,1.092094592881427,2.432
test,test,KPNn880KWfU,00003,0,test,iqEHuBST2qQ,00001,0.08855590034263727,2.368
test,test,7OMLSs8t1ng,00010,0,test,ONM4JupBzSE,00003,-2.931729865129576,2.176
test,test,8iSpNVj5KMw,00002,0,test,BImnT7lcLDE,00003,-6.39616256555358,2.688
test,test,MvXZzKZ3JYQ,00001,0,test,uzKBGtf0i0M,00007,-6.293831926502566,3.136
test,test,F3OhcpKSUBc,00006,0,test,1bnzVjOJ6NM,00006,9.780347134052853,2.624
test,test,FxtSMZKMdes,00015,0,test,o1Z4F4e2Bw4,00003,-3.346739637653881,2.56
test,test,FcmSmAwPkxg,00008,0,test,tbSWdVA4Sbo,00001,4.312991167852786,2.944
test,test,LEx6K4P4GJc,00003,0,test,V1yW5IsnSjo,00003,3.7756505007733203,2.304
test,test,FcmSmAwPkxg,00008,0,test,18uDutylDa4,00002,1.4779517437901326,3.84
test,test,FKxaL8Iau8Q,00007,0,test,0gks6ceq4eQ,00005,-5.1800353653574955,3.008
test,test,ZJNESMhIxQ0,00005,0,test,UAj1hsXp18c,00006,6.759386391523524,2.496
test,test,RplnSVTzvnU,00003,0,test,V4sSabKqyMU,00005,1.4951068452328506,2.816
test,test,9uOMectkCCs,00001,0,test,gVfgkFaswn4,00002,7.567951328487098,3.776
test,test,mgcjr1yz7ow,00005,0,test,8iSpNVj5KMw,00002,5.572840082540193,2.112
test,test,QeIrdqU0o9s,00006,0,test,LIy2oVJtJsA,00006,3.495093613923391,2.112
test,test,V4sSabKqyMU,00003,0,test,Jm2dWbNsnZI,00002,4.166342424826773,3.264
test,test,lmyZMtPVodo,00001,0,test,LjAsM1vAhW0,00001,-5.259407648071819,2.496
test,test,OIlSXRCSBSI,00001,0,test,VzyjDRSAWzE,00001,6.66488719031215,2.048
test,test,5P04stEjJ9E,00004,0,test,48xS00Iy0ac,00002,4.846290063108832,2.176
test,test,xTkKSJSqUSI,00008,0,test,1PNX6MSdVsk,00009,8.537763013622019,3.392
test,test,PrK0CifulU0,00005,0,test,RAR4cz9wkUk,00001,-4.252579473485694,2.112
test,test,t2gbcVaZ448,00002,0,test,PbgB2TaYhio,00004,7.36394706186519,2.304
test,test,KxLMjn4WPBY,00001,0,test,mgcjr1yz7ow,00008,-4.665395189286093,3.456
test,test,BImnT7lcLDE,00006,0,test,3uSQlcGCHUU,00008,3.6683504537949254,2.048
test,test,bArH8r8jJ4g,00004,0,test,SFnMTHhKdkw,00008,6.6186939925710035,2.24
test,test,KxLMjn4WPBY,00002,0,test,1bnzVjOJ6NM,00013,3.0134108215317905,2.24
test,test,fIICVeGW4RY,00001,0,test,k2hQL9Zrokk,00002,2.0339491245021186,2.816
test,test,ddxHlkIuHqg,00002,0,test,4AYE3w5TWHs,00005,0.06325831484465283,2.24
test,test,ZJNESMhIxQ0,00001,0,test,sxnlvwprfSc,00002,-1.4260783383227054,2.752
test,test,ZJNESMhIxQ0,00013,0,test,V1yW5IsnSjo,00001,-6.882987935331364,3.968
test,test,ClfBxWPkBKU,00008,0,test,YzGjO5aHShQ,00002,9.044571214015672,2.88
test,test,q2gO4DKVpa8,00005,0,test,8iSpNVj5KMw,00002,1.79189432702392,2.432
test,test,YyXRYgjQXX0,00010,0,test,qWNae7vYK6s,00002,2.7361599888100017,3.328
test,test,H14bBuluwB8,00002,0,test,JSSc7hYKstI,00010,4.692183375522237,2.368
test,test,SFnMTHhKdkw,00004,0,test,8vNIrPeRGlM,00005,0.9183910872244905,2.24
test,test,KuWXfjyGhk0,00001,0,test,EGjxIS5MPUY,00001,2.393043066252467,2.752
test,test,UmvOgW6iV2s,00001,0,test,Li4S1yyrsTI,00021,8.024049072980471,2.496
test,test,bS6SiVz1R0o,00004,0,test,Li4S1yyrsTI,00011,6.919174981597109,2.176
test,test,ZJNESMhIxQ0,00021,0,test,qWNae7vYK6s,00008,2.697574717111218,2.24
test,test,7gkdzkVbuVA,00004,0,test,ZJNESMhIxQ0,00030,-7.936360463935781,2.048
test,test,m6X1i8khmt8,00002,0,test,LIy2oVJtJsA,00006,8.787894955265031,2.112
test,test,t7Xr3AsBEK4,00007,0,test,ZJNESMhIxQ0,00024,-7.477279968213635,4.16
test,test,t7Xr3AsBEK4,00002,0,test,QoyBYYpal1Y,00001,9.960465845776628,2.368
test,test,66koScWSHBU,00001,0,test,GSf6nijSSdA,00005,2.4521437557631884,2.112
test,test,bArH8r8jJ4g,00001,0,test,Li4S1yyrsTI,00013,-0.2711795280099505,2.368
test,test,27lMmdmySb8,00008,0,test,QKHkSUiQboA,00003,3.6358024696884286,2.304
test,test,GMynksvCcUI,00002,0,test,rP7nmdDA1Fg,00005,3.766544045989173,2.176
test,test,o1Z4F4e2Bw4,00003,0,test,O6Vayv9FCLM,00001,-1.9014243060576348,2.496
test,test,FqrLUtIFVjs,00002,0,test,9uOMectkCCs,00007,-2.460600354795388,2.496
test,test,psN1DORYYV0,00008,0,test,H14bBuluwB8,00002,-9.488025996862774,2.176
test,test,x95nwilkaio,00005,0,test,IjbTiRbeNpM,00005,-2.614856261338792,2.496
test,test,E22icGCvGXk,00001,0,test,FxtSMZKMdes,00005,6.983821524564554,2.048
test,test,GSf6nijSSdA,00005,0,test,RDSSLJG7oi8,00001,-0.34364694907907456,2.112
test,test,dYNc3P4jSt4,00001,0,test,FxtSMZKMdes,00007,7.546390745053422,2.88
test,test,VxESitIllxE,00002,0,test,3uSQlcGCHUU,00012,5.734800162173951,2.112
test,test,n3kNlFMXslo,00003,0,test,jbHpF7EySck,00002,9.902666526159539,3.648
test,test,1bnzVjOJ6NM,00014,0,test,nCg2NcGYu34,00001,7.366442382569829,2.368
test,test,yNhu0MGS2MA,00001,0,test,npNYP2vzaPo,00001,-2.4604774188349428,2.816
test,test,NL0uxDscjdo,00004,0,test,jcp5vvxtEaU,00002,-4.434827828626011,2.496
test,test,o1Z4F4e2Bw4,00002,0,test,bArH8r8jJ4g,00004,8.096342483158391,2.24
test,test,81Ub0SMxZQo,00002,0,test,aoGJP02CtPA,00003,-8.017806541417723,2.624
test,test,n3kNlFMXslo,00010,0,test,SpTGUTSFvf4,00004,-8.922148134395005,2.176
test,test,U6FvJ6jMGHU,00003,0,test,87AEeLpodnE,00010,3.989639659416188,2.24
test,test,9uOMectkCCs,00002,0,test,ONM4JupBzSE,00003,-6.565403178824873,2.176
test,test,YzGjO5aHShQ,00017,0,test,NL0uxDscjdo,00005,-1.5578799242789145,2.496
test,test,9YekkGz1E2k,00002,0,test,RplnSVTzvnU,00003,7.7713127898616,2.624
test,test,1bnzVjOJ6NM,00017,0,test,j7fRIGphgtk,00005,-1.7688981496319816,2.368
test,test,nCg2NcGYu34,00001,0,test,SS8TSf2srSw,00006,-9.829226789754063,2.048
test,test,w1R4F9sSoow,00003,0,test,1bnzVjOJ6NM,00006,9.600707411979641,2.624
test,test,FcmSmAwPkxg,00006,0,test,7OMLSs8t1ng,00019,-0.44658876720040475,2.24
test,test,psN1DORYYV0,00020,0,test,XESFPEFpHt4,00003,-4.305237470929059,2.88
test,test,HUM2rCIUdeI,00004,0,test,SN7wO06Yz1E,00002,5.481953711590391,2.24
test,test,KuWXfjyGhk0,00007,0,test,mgcjr1yz7ow,00005,4.720425599318203,2.112
test,test,ClfBxWPkBKU,00003,0,test,BImnT7lcLDE,00006,8.137258591746093,2.048
test,test,hiIcwt88o94,00003,0,test,48xS00Iy0ac,00002,-6.88192096162263,2.176
test,test,c64M1tZyWPM,00002,0,test,psN1DORYYV0,00008,9.072107595502867,2.176
test,test,Mt0PiXLvYlU,00006,0,test,VfAiNX7jn9A,00011,-3.339462114127807,2.176
test,test,ZJNESMhIxQ0,00004,0,test,n3kNlFMXslo,00013,5.436651433768667,3.008
test,test,7OMLSs8t1ng,00019,0,test,FcmSmAwPkxg,00006,6.721307125202806,2.24
test,test,fxbCHn6gE3U,00007,0,test,eZj5n8ScTkI,00005,9.452755944671395,4.352
test,test,cHRZ6OrSvvI,00001,0,test,Ok6LbV6bqaE,00002,-5.806831624040003,3.136
test,test,S2Dj9M71JAc,00003,0,test,ROgFmb3oTLo,00010,1.3675980776833736,2.24
test,test,KPNn880KWfU,00003,0,test,PrK0CifulU0,00005,-4.897618044096845,2.176
test,test,psN1DORYYV0,00020,0,test,fIICVeGW4RY,00004,5.6624896186998654,2.112
test,test,Mt0PiXLvYlU,00007,0,test,BHY0FxzoKZE,00003,6.458910483411156,2.88
test,test,AWPrOvzzqZk,00002,0,test,BhMKmovNjvc,00001,8.946414849816023,5.568
val,trainval,kYXiegTXsEs,50003,0,pretrain,iNOE0dZpHcY,00058,-3.868474459060536,5.248
val,pretrain,IXBalykzauE,00023,0,trainval,SeJwaOCYWwM,50001,1.8186117760256781,6.016
val,pretrain,kzhJb5jcH58,00010,0,pretrain,PzSw6OsEP9Q,00014,-4.6090404433509,10.048
val,pretrain,DSSAz5nZBBM,00041,0,pretrain,3f5lk3PZh74,00011,0.3922273397491125,8.0
val,pretrain,HlnhCdujYco,00020,0,pretrain,BGRy5VUSLfI,00047,0.708310409266371,5.376
val,pretrain,yDpnTrF9N6w,00012,0,pretrain,ZliT1BiEVvo,00003,2.0929511784288515,5.248
val,pretrain,M0yhHKWUa0g,00002,0,pretrain,rEgSZNB3qyI,00029,-2.9047256446276943,3.648
val,pretrain,9vKRj9yV8pI,00014,0,pretrain,KTvSfeCRxe8,00005,-1.0844661884806897,5.504
val,pretrain,BBSVLGf7zPI,00013,0,pretrain,iSRWMLMBkqk,00004,8.161018178966149,12.416
val,pretrain,St7SxHszKws,00006,0,pretrain,LizFrxTK5Qo,00006,1.675703698512681,3.328
val,pretrain,hvJ4KlVlqV8,00027,0,trainval,1sE96vd8W40,50006,-8.99112271839205,3.84
val,pretrain,jKl0tb3VmfQ,00018,0,pretrain,UJv5B7s1DdE,00012,7.241361191328156,3.072
val,pretrain,PENkzh0tWJs,00009,0,pretrain,V84bSWIlNA0,00009,-5.317043951534464,4.928
val,trainval,ImmtTHYU5GQ,50039,0,pretrain,wPFA8n7goio,00002,5.122346815514163,6.208
val,pretrain,V1ItvwxBENg,00020,0,pretrain,2pqSshPP4cw,00002,2.5270086484263583,9.024
val,pretrain,iP9QFSlBOyA,00027,0,pretrain,Qlg6izBqKxM,00002,5.846871815510955,6.656
val,pretrain,eNDhBSR1DZ0,00013,0,pretrain,vJ66jv8ICjc,00007,-1.7634581912054728,4.48
val,pretrain,VSJpBJal3F8,00008,0,pretrain,pn8p3rOaA5I,00025,9.197633866928868,4.736
val,pretrain,LwSzyoYlIsA,00009,0,trainval,zuAj2F54bdo,50014,-0.6966180726062703,6.016
val,pretrain,0akiEFwtkyA,00031,0,pretrain,VfKWd7iXMSo,00004,1.5169953368291509,11.008
val,pretrain,q1sk47FLAmg,00011,0,pretrain,KTvSfeCRxe8,00059,4.570374849892794,10.304
val,trainval,XS85KAYKOT4,50006,0,pretrain,7H0USvVSfhU,00043,6.208765912575135,6.016
val,pretrain,a2MR5XbJtXU,00034,0,pretrain,3LmjSv8N8hE,00018,-5.23368739993932,9.728
val,pretrain,sa0RUmGTCYY,00055,0,pretrain,lzSkIDxbzGA,00001,-6.205776679432029,7.744
val,pretrain,23Uuehgmd14,00025,0,pretrain,naSNfaSbOjA,00001,1.9535469494846165,7.616
val,pretrain,JtSjYnXD83Q,00018,0,pretrain,huzhvbrcgeQ,00013,5.357244852780186,4.416
val,pretrain,iSpwUpdQdyY,00035,0,pretrain,DgofaSv4MA4,00003,-4.367169994394812,10.816
val,pretrain,vJ66jv8ICjc,00020,0,pretrain,4tQee2SJgUo,00018,4.690848183743588,8.192
val,pretrain,IJmr7MsS8fw,00033,0,pretrain,KSzkPSW4Hik,00027,7.465490573988589,10.112
val,trainval,7rMYfiRNT7g,50014,0,pretrain,h4MhbkWJzKk,00032,-0.14612159406870617,4.416
val,pretrain,3Bk6G2X5Vjk,00012,0,trainval,Re53vgaVFvI,50001,-0.004688538600770897,3.008
val,pretrain,2R1lZSN4SSo,00016,0,trainval,TjaM0tdxtYA,50001,-3.7007549997270672,2.176
val,pretrain,VRhjc3dJtOo,00001,0,pretrain,9YGZkgkj3fM,00033,9.301662605068891,8.576
val,pretrain,gzthxdm7XNs,00006,0,pretrain,k5tCYg9s0HU,00051,7.727943805625912,9.088
val,pretrain,68c2M4r9oQg,00015,0,pretrain,mpqrO2agOTs,00018,3.993187323048055,6.72
val,pretrain,SGG97dDfZ7E,00004,0,pretrain,eYe0Rca4NbM,00003,6.21427434779061,14.656
val,pretrain,855Now8h5Rs,00017,0,pretrain,aOW7JZaqKGA,00027,9.80261944069704,16.128
val,pretrain,ImmtTHYU5GQ,00010,0,pretrain,zcMj4Az1MwE,00014,-7.260583310774404,6.016
val,pretrain,HpAaSOgpi50,00015,0,pretrain,UUqr4P7P3gM,00025,-9.723084159589416,22.336
val,pretrain,GKjScLeyNJk,00006,0,trainval,VehHPwAVL9g,50001,-9.225634685643644,2.432
val,pretrain,sE3gxX5CiW0,00006,0,pretrain,wyhF7q3Sbpk,00024,8.90136186208117,13.888
val,pretrain,B4xOFsygwr4,00004,0,pretrain,xSLkNjQyHww,00005,-5.951981129234043,12.672
val,pretrain,tvos4nORfSY,00025,0,pretrain,zG21nyJNBSA,00007,-2.8858665962998558,24.96
val,pretrain,XWFvhGek3m0,00004,0,pretrain,4ShLkgv6LSk,00026,-2.4709096973826528,5.12
val,pretrain,PGsQwAu3PzU,00031,0,pretrain,fVLJU45SnLY,00024,8.298624996149425,3.968
val,pretrain,DUd8XAS5HEk,00032,0,pretrain,3icoSeGqQtY,00018,-4.559911485059535,11.52
val,pretrain,btF6nKHo2i0,00065,0,pretrain,Lp5Ccer5NM8,00028,9.06470232799159,4.416
val,pretrain,3WMuzhQXJoY,00004,0,trainval,dbic3JCX1jo,50003,9.345628259254198,3.328
val,pretrain,ByuWS1bBwpc,00005,0,pretrain,5pXelS1clHs,00026,7.750824554948153,15.936
val,pretrain,B12syeJflbQ,00033,0,pretrain,TYFH0DSjyqc,00028,-8.687524348348855,11.968
val,trainval,HQIi3nUXh0g,50018,0,pretrain,UVZyVz8gBeQ,00001,-5.563413595981039,3.776
val,pretrain,SZSul0GzzM4,00002,0,pretrain,XBcPFhg0BC8,00004,7.642811256291644,3.328
val,pretrain,2wseM6wWd74,00015,0,trainval,BFygtNQSJcU,50001,6.651720098356741,6.08
val,pretrain,xAXUqSQc8DI,00021,0,pretrain,4SkoG9FWP4w,00016,6.076563875082893,7.232
val,pretrain,YsASJTeHJ6A,00003,0,trainval,C6mNITMY7e0,50008,2.515367878290588,5.888
val,pretrain,In6iAXTnqEo,00005,0,trainval,eRQdAOrqvGg,50018,-3.9291747495066787,6.208
val,pretrain,SMTRxRO5SRA,00015,0,pretrain,V1ItvwxBENg,00009,-9.204705048102973,8.896
val,pretrain,9XFeW9dgyIs,00010,0,pretrain,gSUvy6pvLA4,00003,3.7008013703722185,6.592
val,pretrain,U7fFCaHZvVk,00013,0,pretrain,JBLc4Ekl3BA,00012,2.0131317172422207,3.136
val,pretrain,0ZhL7P7w3as,00044,0,pretrain,NXvITqGAiX8,00010,-4.44266599506734,3.712
val,pretrain,tMSehhs1OSk,00010,0,pretrain,CdxVbUjaSpY,00025,4.188645495964616,4.16
val,pretrain,lwcvhh4pLjE,00047,0,pretrain,P3fIZuW9PSM,00014,-8.138347497720302,7.936
val,pretrain,fTznEIZRkLg,00009,0,pretrain,KsSSMh1QhMc,00005,-2.2631879994715014,4.864
val,pretrain,t6eFzt6kFGE,00010,0,pretrain,Ftow7dSpaiY,00028,-2.87456201288681,4.928
val,pretrain,U1XJJxHIQwo,00019,0,pretrain,Y4xCpqVaS6I,00008,4.394516587685512,6.08
val,pretrain,rKtmsVa4Kvk,00015,0,pretrain,MbdxeFcQtaU,00011,-8.27714165139838,6.72
val,pretrain,gCWeVYCcKXw,00025,0,pretrain,a19lSbFPRqY,00022,-5.70876271112263,13.696
val,pretrain,uS3UYncNwz4,00034,0,pretrain,d0a0eXJ5TJM,00011,6.533441498459837,14.976
val,pretrain,YglyHzvBqpA,00022,0,pretrain,4VC0E1k77yI,00012,0.3239980876375057,5.312
val,pretrain,BFK2knjj4lQ,00012,0,pretrain,zpT5kBrZFVw,00016,-5.856384608663243,5.696
val,pretrain,SyjbDUP1o0g,00014,0,pretrain,OH0dK208MNk,00003,2.8258480097999534,19.392
val,pretrain,KQbTvFHymLc,00030,0,pretrain,mArrNRWQEso,00062,8.670420477944436,3.2
val,pretrain,mPCDOij0bB0,00011,0,pretrain,qYfEYvo96Hg,00015,2.309464844114439,6.656
val,trainval,LSGfqyhleUA,50006,0,pretrain,oZ2eT76Sb4I,00011,-1.6050144273278395,2.112
val,pretrain,NFIOuy3JSIQ,00020,0,pretrain,iKEtQSzz4GA,00005,-1.8102321236710779,12.736
val,pretrain,c0H1zU2ytxA,00001,0,pretrain,mwrLVvORugw,00019,9.020701839096443,3.648
val,pretrain,uTL9tm7S1Io,00001,0,pretrain,RLh5CRUecfY,00031,-7.655115857373573,10.688
val,pretrain,5nys6iebjHw,00021,0,pretrain,PXBjQ7bc6PY,00008,-8.037060842311472,7.296
val,trainval,6qTfX4U6CS0,50008,0,pretrain,uJZWcKOIZMo,00013,-8.95106876437797,4.224
val,pretrain,31iuh9pfFwg,00028,0,pretrain,S9ry1M7JlyE,00026,2.5146258774638817,8.256
val,trainval,pCd8KLukRV8,50002,0,pretrain,gBGt5OeAQFk,00033,-9.268836245148746,4.928
val,trainval,SRSJX0qRVSw,50007,0,pretrain,MKlx1DLa9EA,00005,2.5679543009062407,3.968
val,pretrain,z9sa2ZAqHl0,00008,0,pretrain,7jx0dTYUO5E,00025,-8.271979724798397,6.336
val,pretrain,RlToQQfSlLA,00010,0,pretrain,sS9ys09BkGE,00031,7.503998733417376,4.672
val,trainval,mymMye4purU,50001,0,trainval,6ibCtsHgz3Y,50003,-7.204000214651911,2.752
val,pretrain,RtFFT4zjyTM,00031,0,pretrain,xYemnKEKx0c,00020,0.6524159566843934,5.376
val,pretrain,lkVYV2P8dQE,00005,0,pretrain,DKISYPEF0Ls,00017,-2.1999417522882103,9.28
val,pretrain,VbeovM4RCh4,00030,0,pretrain,urntcMUJR9M,00025,-5.833400726135427,13.504
val,pretrain,DhSoIwxWkkI,00018,0,pretrain,7Xmr87nsl74,00024,8.095617357675756,9.92
val,pretrain,dhDBxxOKGlg,00010,0,trainval,QfODW06Qi8E,50014,-5.3085003138568805,5.568
val,pretrain,WzDygsn0Djs,00007,0,pretrain,ab9rJPjU4RM,00002,9.16282751095989,3.776
val,pretrain,bp9KBrH8H04,00004,0,pretrain,pj2YxCAnqx0,00003,-1.9511608968344785,5.824
val,pretrain,6k8YBJ5sgko,00024,0,pretrain,AhKevstJyrc,00016,8.776908444270251,7.168
val,pretrain,7c5t6FkvUG0,00006,0,pretrain,4B2qC7PIHxs,00015,8.600817116408873,20.864
val,trainval,3f6xCzKx9CA,50006,0,pretrain,lnvkNGc6YYM,00002,4.702673490781253,6.016
val,pretrain,u7SWcQaoaRQ,00012,0,trainval,mA1vshSuyQU,50002,-1.1506381623755875,5.056
val,pretrain,yVwAodrjZMY,00002,0,trainval,tSSNoFstCmQ,50015,5.822720776707346,4.992
val,pretrain,gniDHWq0RSQ,00004,0,pretrain,2OH1xSaKSmI,00021,-1.884783328629167,6.976
val,pretrain,gniDHWq0RSQ,00019,0,pretrain,XkiXXPShycA,00024,-4.5652716708244645,4.032
val,pretrain,J6oMG7u9HGE,00034,0,pretrain,2NHV4AzSEzY,00019,2.1379770963362574,11.264
val,pretrain,zw9NXY3xOOI,00007,0,pretrain,CiLnSGrcuEs,00025,-9.545214977262145,8.768
val,pretrain,wJxSRo564Dc,00003,0,pretrain,vPn94XAUBoo,00007,0.06052370738080626,5.504
val,pretrain,mSQmfZOVNPw,00018,0,pretrain,USnf5kbsMlg,00022,8.286552149975513,5.12
val,trainval,GkRn9Lp16UI,50003,0,trainval,GggL8lStP9I,50003,-1.0466991347001375,2.176
val,pretrain,eS44GSkE8lE,00019,0,pretrain,q9Ou0cj3fF8,00006,7.403114198827563,5.312
val,pretrain,FESv2CgyJag,00016,0,pretrain,vWJwa7lntTs,00009,9.12644427415557,13.76
val,pretrain,q9Ou0cj3fF8,00039,0,pretrain,zwjLQgNd7XM,00010,6.2356591840770434,11.2
val,pretrain,oXbhTHaMwTw,00010,0,pretrain,5aH2Ppjpcho,00030,-4.686864579940155,6.72
val,trainval,j7RsRnYlz7I,50002,0,pretrain,SYHG5y4tvLw,00025,5.0758218313114405,4.992
val,trainval,NhmybGS7FLA,50006,0,pretrain,qxmEpmCtM3o,00029,-1.2514009697916606,5.824
val,pretrain,jSdBXFkQ3S8,00008,0,pretrain,0FQXicAGy5U,00006,9.244263814842697,4.352
val,trainval,luoKOkTxOtU,50010,0,pretrain,wSF82AwSDiU,00009,-6.592784484594432,2.816
val,pretrain,vu7eInSBt4I,00004,0,pretrain,AQ8cpjEdpmI,00023,1.5677253333992098,3.776
val,trainval,0Q1owhv3qAA,50003,0,pretrain,N37x4GgDVBM,00019,-2.9481427280762906,5.888
val,pretrain,WF6SDe4USvE,00005,0,trainval,43e6eAAeGCs,50008,9.636715105982429,2.88
val,pretrain,rGaj2VImQec,00043,0,pretrain,7s2CoqypMLg,00027,4.409052104234259,6.848
val,pretrain,j4LSwZ05laQ,00011,0,pretrain,hBOVuIIQUFc,00012,-2.3111068150248926,4.608
val,pretrain,LGtNFHtM81A,00015,0,pretrain,F0ofeD8VKMA,00068,-0.6461843058735148,4.8
val,pretrain,JtSjYnXD83Q,00009,0,pretrain,lzSkIDxbzGA,00009,4.636918060096519,4.48
val,pretrain,y7LXwGfvxwo,00031,0,trainval,DkyMCCnNI3Q,50004,8.952583671039935,2.432
val,pretrain,ASOvJjAw2Jo,00018,0,pretrain,HCJRXoYOoaI,00014,-1.0999926007544367,6.208
val,pretrain,Sx4Gsh0r9HU,00005,0,pretrain,soqnBdPOwoo,00021,3.7644541747710125,2.944
val,pretrain,SI3e6Mkfp7M,00004,0,pretrain,SwaBFUgSoT8,00022,-1.6817773493049337,7.68
val,pretrain,6zVS8HIPUng,00018,0,pretrain,BCvzpm4d2gs,00002,-5.036598960789491,33.792
val,pretrain,hVShA7g4Joc,00019,0,trainval,sIPvnWZ5O6Q,50002,6.456853507724997,3.136
val,pretrain,6gSwRHScq6M,00051,0,trainval,o8xWaNpSlbI,50003,-0.22383939564108069,3.136
val,pretrain,pPgd7Hj3ABQ,00029,0,pretrain,VC0taBVUF2o,00006,4.375912772762572,2.432
val,pretrain,8MpXRkmeDhk,00001,0,pretrain,zpT5kBrZFVw,00016,-5.50811904967526,5.696
val,pretrain,2MYsx6WArKY,00014,0,pretrain,goYIHXKvwLk,00010,8.258583544764736,4.992
val,pretrain,k6qTwqiHnAM,00003,0,pretrain,08ZWROqoTZo,00002,-9.040910634605652,8.384
val,pretrain,l5ZJ6bK1EIc,00013,0,pretrain,zMAU8SY8pMs,00013,3.5949630510146076,5.504
val,pretrain,zOSaCQ6xHS8,00006,0,trainval,N7wF2AdVy2Q,50001,8.270204281704899,2.176
val,pretrain,P65XdTlk4vA,00005,0,pretrain,v84pD2g3gSk,00038,-4.043985654522597,4.992
val,pretrain,Y28ARjfk4gg,00006,0,pretrain,sBsuIAscshE,00017,-9.106448086779944,3.392
val,pretrain,Y6U728AZnV0,00018,0,pretrain,zwjLQgNd7XM,00014,8.711270395226123,8.128
val,pretrain,Qa2HpQI1Ufg,00016,0,pretrain,qmnVdzzAuQk,00011,5.960494156840797,6.4
val,pretrain,MSZS1wnjfhY,00003,0,trainval,MUOSpWJ0riQ,50005,-5.925447956414858,2.368
val,pretrain,kLIfeGflNp8,00033,0,pretrain,G2Y6Am46eVU,00032,-2.605787939919802,7.68
val,trainval,HCJRXoYOoaI,50008,0,trainval,Bp2FvktSTRM,50009,-1.111666374879416,3.136
val,pretrain,7POkIJfbMyU,00012,0,pretrain,unNRCSj0igI,00007,7.999011655820656,7.36
val,pretrain,z9sa2ZAqHl0,00033,0,pretrain,FktsFcooIG8,00003,8.391391625647802,4.032
val,pretrain,Va07q3HFEZQ,00007,0,pretrain,z0HsPBKfhoI,00007,3.545913565795926,4.608
val,trainval,oKtALHe3Y9Q,50009,0,pretrain,Zx8uYIfUvh4,00021,-5.171499214279091,3.904
val,trainval,Ctz4E2ARkCg,50007,0,pretrain,SPLooRl0PSU,00001,3.5143136238257444,6.08
val,trainval,LlQXs0yofMs,50003,0,pretrain,RbNqU2K0qzo,00022,3.3061398866356377,2.048
val,pretrain,4lzs5wpLkeA,00011,0,pretrain,eIho2S0ZahI,00010,3.2046203146175305,7.36
val,pretrain,k4N2SxUZwiU,00013,0,pretrain,3OMgvtWNHp4,00027,-2.832329194002707,4.544
val,pretrain,KkYuhwr3esg,00003,0,pretrain,jqWHy6B0ADA,00012,-9.690391471867821,6.016
val,pretrain,o8NPllzkFhE,00037,0,pretrain,uSTmKo75gJI,00008,5.7923650727121085,9.216
val,pretrain,sDfhSIKFGz0,00015,0,trainval,JM77aTk1XyI,50003,8.201765592013714,6.08
val,pretrain,qJ7A74Vx7YE,00021,0,pretrain,cK74vhqzeeQ,00025,9.930661341474185,11.456
val,pretrain,9vpqilhW9uI,00040,0,pretrain,vFPkEIGUofc,00028,-2.132147758969449,3.456
val,pretrain,0akiEFwtkyA,00018,0,pretrain,8oeiOeDqSNc,00022,-8.645901813800265,7.04
val,pretrain,2BogtvaCWvI,00003,0,pretrain,y8qc8Aa3weE,00037,9.820614248522453,6.912
val,pretrain,Chfoo9NBEow,00011,0,trainval,BoRUrWcdkQ4,50021,6.070650916239895,2.24
val,pretrain,2ZviHInGBJQ,00037,0,pretrain,H50eCfpquBI,00019,-3.5004192144809725,5.696
val,trainval,W4LYn4mIP18,50007,0,pretrain,2R3Njv0LjjM,00011,9.469921629386562,5.952
val,pretrain,jpuDyGgIeh0,00010,0,pretrain,ZQElzjCsl9o,00005,-7.070106694664324,4.352
val,pretrain,h1Yg1rURKR0,00014,0,pretrain,PuroSL7O4eY,00004,1.4448842634862906,5.056
val,pretrain,qm0isl11BfY,00029,0,pretrain,sCZiXfaa9ro,00005,-4.896581203831236,6.656
val,pretrain,zIwLWfaAgS8,00066,0,pretrain,askcLEVCTko,00043,-3.745105652881482,4.224
val,pretrain,w1TBZhdSsN0,00023,0,pretrain,AfljJGTVcKE,00002,-1.7366542940624985,4.992
val,trainval,l5d8GW6GdR0,50001,0,pretrain,BnC6IABJXOI,00062,0.970819660213202,4.16
val,pretrain,utmiqwS2XBQ,00010,0,pretrain,7sqeoYOQ4qg,00002,-2.5438555801405265,4.608
val,pretrain,5zTLgSAx2M4,00007,0,pretrain,ZzugJPASNB8,00002,-2.281687402635777,7.36
val,pretrain,EZwxKPv1CwA,00044,0,pretrain,s9jsZPeqFCw,00013,-0.9063419812563787,17.088
val,pretrain,HpiZTvlWx2g,00014,0,pretrain,Er9bh94f1w0,00022,1.7924047486693233,13.12
val,pretrain,iZRGUADAu2Q,00017,0,pretrain,Gk9T7ngEijs,00005,-5.934527580222547,3.264
val,pretrain,3nsoNSLS8RQ,00037,0,pretrain,mKe3QKctaS8,00033,-3.1884811654973415,4.48
val,pretrain,yPGwA7t6bpI,00029,0,pretrain,o2WyXD7IaN0,00001,-9.939104874138476,3.2
val,pretrain,WIebxoTx408,00008,0,pretrain,vSjlCJaEwZE,00024,6.106916231846334,12.928
val,pretrain,sa0RUmGTCYY,00053,0,pretrain,K2BES6FUAO4,00002,-2.4691938055062046,6.592
val,pretrain,TureGeSxSew,00002,0,pretrain,VStEmE85QDE,00012,2.5900939851016584,10.816
val,pretrain,unNRCSj0igI,00025,0,pretrain,YrtANPtnhyg,00010,-4.264177232681465,4.096
val,pretrain,c73Q8oQmwzo,00019,0,pretrain,dkLcwHmnPV4,00014,6.037340616674921,3.968
val,pretrain,pgmiPXAwiLg,00026,0,trainval,2Oe6HUgrRlQ,50038,0.24849533806503032,3.2
val,pretrain,5MgBikgcWnY,00027,0,pretrain,potB0voQzNg,00013,-9.542346718904147,3.072
val,pretrain,Itmu78W9cOI,00005,0,pretrain,u9FSvAVQvGM,00009,-4.653841027462356,32.32
val,pretrain,gLDQr9i7LkM,00031,0,pretrain,3qyVvDGDGQs,00016,4.736108411210507,7.296
val,pretrain,6EghiYSs2ts,00036,0,pretrain,jDy5j0c6TrU,00002,-0.18089619125352563,3.328
val,trainval,p4tffKWs3BM,50006,0,pretrain,UxLRv0FEndM,00032,-8.38473209816678,2.688
val,pretrain,ddw1S3ZVjTE,00013,0,pretrain,NAcuH7nSdLc,00054,8.158619760557784,6.4
val,pretrain,WQ2PFoHptK8,00005,0,pretrain,XgRlrBlS7Yg,00049,-2.537027468896314,6.656
val,trainval,IRxgDMSp9Gs,50020,0,pretrain,7ZWTG0SeCEg,00010,8.078718492542023,4.8
val,pretrain,c00zfzk4gdg,00029,0,pretrain,EDLWWP8N6MU,00017,-2.3526963000507877,25.152
val,trainval,2K6P014XXmQ,50013,0,trainval,W7kZWmw3JxY,50001,-5.316175166389254,2.368
val,pretrain,dXqPaHQp4Xw,00031,0,pretrain,Hh09xlzxRmE,00015,-0.6200733977580182,9.856
val,trainval,p49rv25dx0g,50045,0,pretrain,dySwrhMQdX4,00015,-5.388123754536201,5.056
val,pretrain,60OVlfAUPJg,00002,0,pretrain,QAd54DkXCr4,00013,-5.564230638818,5.056
val,trainval,fLJsdqxnZb0,50008,0,pretrain,y1GqNN2Xe7g,00017,2.31240058054623,3.136
val,pretrain,iRSjlgWE9GQ,00019,0,pretrain,hgWie9dnssU,00018,-0.8966507261324459,4.032
val,pretrain,Y28ARjfk4gg,00006,0,trainval,GIt6Z0k3PQo,50003,1.4752914830076875,4.352
val,trainval,pysNMB033co,50007,0,pretrain,E7sqRrUoL3U,00001,-9.925124123271438,3.2
val,trainval,ilMwoEdqMTs,50005,0,pretrain,B4a0NvLTebw,00024,-6.067463041599874,3.328
val,pretrain,ufp5iGh0agA,00008,0,pretrain,jPyR3UDhOm4,00017,-2.464163774398682,6.336
val,trainval,DqsvwHG9cSM,50031,0,pretrain,h9x2SWgwhY4,00005,5.42419260275344,4.032
val,trainval,3qyVvDGDGQs,50009,0,pretrain,DSbtkLA3GrY,00034,-3.138031509692885,5.824
val,pretrain,CPVjktgYKo4,00021,0,pretrain,sDfhSIKFGz0,00030,2.226454992614137,9.6
val,pretrain,fm9SH6NucHk,00005,0,pretrain,bz3AtnMH7nU,00005,-7.580611671255619,3.968
val,pretrain,PB7xs7UpIfY,00006,0,pretrain,iKHTawgyKWQ,00034,-5.97781574081846,6.016
val,pretrain,BMcduh1HEHA,00001,0,pretrain,G17iMOw0ar8,00001,-4.457935806170035,7.68
val,trainval,CWCWq155hyc,50003,0,pretrain,SgOTaXhbqPQ,00014,-0.42915190093994404,4.992
val,pretrain,dQJVSnd56n0,00009,0,pretrain,0i7Loopex8w,00010,5.938929490218614,6.784
val,pretrain,iW4fCwfw1vg,00031,0,trainval,btItLAjT5zg,50011,5.9836472550984166,2.688
val,pretrain,7Z9xCX4ifJo,00037,0,pretrain,TzNSuIVkfjg,00003,-8.252029471254613,3.776
val,pretrain,ZChEFOGSn8Q,00017,0,pretrain,EQIt2JUFSsg,00008,-2.358689611710794,6.464
val,pretrain,W0StyxgMk1o,00034,0,pretrain,IWjzT2l5C34,00006,9.089507066223828,12.16
val,trainval,mGbMwP8MDjg,50002,0,pretrain,zDcaoTVy4fA,00008,8.269047179639301,2.368
val,pretrain,OF5VVrsnpzo,00021,0,pretrain,SltDJynTduY,00021,-5.153441237197221,9.856
val,trainval,sWN13pKVp9s,50027,0,pretrain,UWKvpFZJwcE,00021,-7.4772732381441775,4.928
val,pretrain,xfjZStWFxpA,00003,0,trainval,DJGreSgaOTc,50019,3.7135972461266693,2.688
val,pretrain,eD9F5HdyKqU,00019,0,pretrain,ElJxUVJ8blw,00046,1.7807864363984205,3.968
val,pretrain,aSJn0xD0TXs,00013,0,trainval,3sUWSDHOVn0,50019,-5.128451461194102,5.568
val,pretrain,58eTdyeVwbA,00004,0,pretrain,7Z9xCX4ifJo,00008,-4.921362689238638,14.016
val,pretrain,2Shh4UkPVCc,00046,0,pretrain,5mug2UKGwp4,00005,6.635706005555747,3.776
val,pretrain,hCop3IGZH2o,00005,0,pretrain,mY2LIQbiGbo,00015,5.811139439138133,9.792
val,pretrain,SfHRcaS6r3w,00011,0,trainval,ZBuT2wdYtpM,50001,-0.979737919020975,5.888
val,pretrain,YhG1Bgbsj2w,00046,0,pretrain,sLo97Bu8Fo0,00022,3.323968677529619,5.44
val,trainval,FD5ZKiSmoMU,50008,0,trainval,R2kOgSVF2Uk,50015,-0.8014602787260028,2.24
val,pretrain,7sxpKhIbr0E,00006,0,pretrain,GUSLEJB9SLU,00009,-3.0794605554357517,4.288
val,pretrain,Mjoxh4c2Dj0,00027,0,pretrain,4EUAMe2ixCI,00044,7.366786179892117,7.424
val,pretrain,qYfEYvo96Hg,00015,0,trainval,npFSbX7DZ6k,50003,0.591453415597126,5.824
val,pretrain,emn28FrJ6CI,00016,0,pretrain,uH0aihGWB8U,00020,4.130327566177428,7.104
val,pretrain,u5GCetbP7Fg,00011,0,pretrain,zESeeaFDVSw,00007,-1.0551013510470586,2.688
val,pretrain,aSLSiIskEFU,00042,0,pretrain,E5BOBs3Nmbw,00016,-2.370687710426454,4.48
val,trainval,TXaXvrd3jS4,50004,0,pretrain,9EVEmZ2cSes,00005,-5.358353754431862,6.208
val,pretrain,78nsxRxbf4w,00001,0,pretrain,btlF4ZSAoFc,00014,-2.040770205032185,7.232
val,pretrain,G2Y6Am46eVU,00033,0,pretrain,dY7iATJVCso,00012,4.112164645370203,8.576
val,pretrain,SU1foLW8h54,00020,0,pretrain,UIAm1gSVgn0,00027,9.238981257315718,8.576
val,pretrain,8FKYe2v0teI,00027,0,pretrain,mGInCowjJ48,00005,7.00844877045358,9.28
val,pretrain,luoKOkTxOtU,00015,0,trainval,38OUCtzkT4Q,50005,-4.726778202368891,2.24
val,pretrain,XKiQl5WZQ5I,00008,0,pretrain,buRLc2eWGPQ,00033,-0.7572942250383896,4.928
val,pretrain,6rcvWcRMuzs,00029,0,trainval,gJv1WdMUz0w,50007,-8.593327370270526,3.328
val,pretrain,06M8qY7Q74Y,00036,0,pretrain,TpC8wNkjSvs,00015,-8.143166187511206,5.312
val,pretrain,fIXnJycnkaQ,00007,0,pretrain,yVwAodrjZMY,00049,3.275203716558382,8.512
val,pretrain,EZSf3Fc0ZRA,00023,0,pretrain,cQvDUTOOkiI,00022,1.4408534924213292,4.48
val,pretrain,vMeEKBaiPbg,00001,0,pretrain,CWCWq155hyc,00008,1.5355770053211675,6.912
val,pretrain,5sS3Yjh9Lw4,00033,0,pretrain,bCjfy8Z7dv8,00023,-4.5664284092036205,10.688
val,pretrain,0LxPAY9yis8,00028,0,pretrain,lw3YTbubyjI,00017,-2.952060164997519,3.52
val,pretrain,FMJgZ4s2E3w,00003,0,trainval,TQMbvJNRpLE,50005,-2.916984371857085,6.144
val,pretrain,U8XD0CcNhPU,00002,0,pretrain,F0ofeD8VKMA,00033,0.7042420733426002,8.512
val,pretrain,lrZ2DJzbYYo,00013,0,pretrain,Syi9bqfFIdY,00012,-3.180750864575246,8.256
val,pretrain,P65XdTlk4vA,00023,0,pretrain,YhJPoyv8O3A,00009,-8.312737107026651,3.648
val,pretrain,DW5YctpK7pM,00019,0,pretrain,P8GCjrDWWUM,00037,-9.301753653661532,6.848
val,trainval,5aLiFw8CSEA,50009,0,pretrain,KTvSfeCRxe8,00036,1.17365697087455,2.368
val,pretrain,j3YjeARuilI,00031,0,pretrain,EiTrl0W1QrM,00060,-7.566764936074022,5.12
val,trainval,Mr8nvXvlSy8,50011,0,pretrain,jsZDlBU36n0,00022,-9.4460682225384,6.08
val,pretrain,Qj4xf3U8dh8,00009,0,pretrain,1o9NEtA2IEQ,00012,5.327533228840116,15.68
val,pretrain,u9FSvAVQvGM,00010,0,pretrain,LMrzdkSYnYY,00024,-9.344238071463167,6.08
val,pretrain,G8w4UQL6aI0,00010,0,trainval,Kk7kzUt3SLc,50002,4.372836019595889,5.888
val,pretrain,qaue72D9pSI,00012,0,pretrain,aT6vIq6S1OE,00018,-4.452236885858927,3.52
val,pretrain,r3afSFSG570,00011,0,pretrain,EKSF037iji0,00029,-9.859687273936643,4.672
val,trainval,PL9wP3pAl7A,50016,0,pretrain,xT8UwfwkCaY,00011,-7.8107904001981865,4.672
val,trainval,HJqtUUDhaxA,50038,0,pretrain,T7ibjISKSdY,00038,3.958191531366298,5.504
val,pretrain,8gSAkUOElsg,00066,0,trainval,ZaSFy6RX3aE,50003,-0.868473882813749,2.304
val,pretrain,8woKcr7uSYQ,00018,0,pretrain,c2tOp7OxyQ8,00066,-8.105962109875497,9.856
val,pretrain,lrZZoCmSnME,00008,0,pretrain,q06YIWCR2Js,00003,-5.965477770546935,33.152
val,pretrain,uJZWcKOIZMo,00013,0,pretrain,pCHWOt3FOgY,00012,6.971516751397953,9.28
val,pretrain,lkzoQuzlW4M,00018,0,trainval,RBfdvib2irc,50004,-0.15403181579296543,5.824
val,pretrain,9h2dFSIsH0I,00053,0,pretrain,RJ0ldeMS9SM,00015,-4.913095182223641,7.68
val,pretrain,3BS1itqCKHo,00016,0,pretrain,oJfFMoAgbv8,00024,6.668661680799996,6.976
val,pretrain,o0td5aw1KXA,00023,0,pretrain,mGbMwP8MDjg,00022,-0.09536584224260913,6.208
val,pretrain,iCXfJVCg1LA,00014,0,pretrain,dsfROmgVN5U,00036,8.398894130216906,9.728
val,pretrain,TXaXvrd3jS4,00007,0,trainval,CSUmoS40pqA,50001,-6.8397521901403096,5.696
val,trainval,dXqPaHQp4Xw,50009,0,trainval,PyS1o4sX1hk,50002,-4.100848266902388,2.176
val,pretrain,jqWHy6B0ADA,00012,0,pretrain,1lUAhRSACKQ,00010,5.8229625654597665,15.488
val,trainval,mQOOgDqUta0,50012,0,pretrain,AzcMEwAxSP8,00007,7.465434880271381,3.456
val,trainval,rPh3c8Sa37M,50007,0,pretrain,U4Lx5rcii38,00020,-3.9280908811386546,2.56
val,pretrain,MLvwTlbj1Y8,00042,0,pretrain,fw01Sq0cxM8,00009,-7.776797107095517,5.76
val,pretrain,hVShA7g4Joc,00019,0,pretrain,4B2qC7PIHxs,00015,-3.338893533804441,5.76
val,pretrain,bjNSaXg4S6Y,00031,0,pretrain,5tUnSuoYKoE,00071,0.6741809962746004,3.968
val,pretrain,MoSmgcxGYYE,00008,0,pretrain,VT3XyORCFDA,00014,2.3679804873141777,6.976
val,pretrain,awtmTJW9ic8,00009,0,trainval,1rTEOU67zCo,50015,8.25410283708501,3.968
val,pretrain,dcySuzHPCWM,00030,0,trainval,K74JqctvM2g,50003,2.775510232984699,4.992
val,pretrain,iF4s75ZPano,00009,0,pretrain,nhrZHRqUaT0,00002,-1.0835550541994454,7.872
val,pretrain,Ysxz5Ug70G0,00016,0,pretrain,YKACzIrog24,00012,-6.389256953129287,7.616
val,pretrain,oHDq1PcYkT4,00001,0,pretrain,p2MEGk5q1WI,00030,-6.645298815132534,8.128
val,pretrain,HH3m1OSiOT0,00050,0,pretrain,pbGLBjDhnSY,00020,-8.252822547374933,7.168
val,pretrain,70VZ1SOzSnc,00035,0,trainval,2Oe6HUgrRlQ,50051,6.909142942068691,4.416
val,pretrain,u8bsCiq6hvM,00006,0,pretrain,NZspSEdO2Xk,00011,3.541505278436576,8.704
val,pretrain,gZga0AmCGdE,00007,0,trainval,1gTNgijhKzw,50001,1.4019379331283321,5.76
val,pretrain,ZuCX92wuw2g,00007,0,pretrain,FEeTLopLkEo,00034,7.148227329359656,6.208
val,pretrain,ts9JpM0gHMU,00012,0,pretrain,5ErKrSyUpEo,00017,1.5629578395061188,5.504
val,pretrain,SSy6CJLMuiw,00025,0,pretrain,YhG1Bgbsj2w,00031,3.310682369248161,9.216
val,pretrain,23vKtqo2t4k,00035,0,pretrain,Ogce5D2XMZ0,00008,-0.8396082334338946,21.248
val,pretrain,0snNB1yS3IE,00048,0,pretrain,qgv8VoyJ3wA,00026,7.606803173904449,17.728
val,pretrain,JD4O7ama3o8,00017,0,pretrain,NVPxmzSPvUw,00007,6.579401054595561,9.792
val,pretrain,jqWHy6B0ADA,00012,0,pretrain,N8Votwxx8a0,00033,-2.239479865375027,8.448
val,pretrain,GZyjTPEufLk,00004,0,pretrain,EBebWBjpWIQ,00018,2.6481092296135085,6.272
val,pretrain,XAvE61JqkQs,00043,0,pretrain,gHxr8uJeqsg,00002,-4.858383538040439,2.624
val,trainval,31PyAjy6Nl0,50002,0,pretrain,hxPiz2sE0h4,00006,5.106145363720792,5.568
val,pretrain,F5yvoSu2OV0,00003,0,pretrain,LsESSyMnwmU,00040,5.308910525469004,4.48
val,pretrain,iCvmsMzlF7o,00027,0,pretrain,v3oSF94S4FI,00032,4.579976307870606,6.848
val,trainval,lU1ISu1LOv4,50004,0,pretrain,d6wGSsAdP0U,00040,0.7948145047372357,5.888
val,trainval,wKIHuxe2fi0,50002,0,pretrain,c00zfzk4gdg,00020,6.657976496130797,2.88
val,pretrain,0iTehgSOZ8A,00021,0,pretrain,ReCvreRPdeY,00015,-8.879723199545182,10.432
val,pretrain,RxyQNEVOElU,00050,0,pretrain,gSUvy6pvLA4,00003,8.071680465077385,9.024
val,pretrain,DG7kSeazMQ4,00055,0,pretrain,4AUSqB0RVNY,00005,-2.346540979437366,6.912
val,trainval,uo7w3g24DWo,50014,0,pretrain,oAl82gFMZis,00003,-6.249386826484411,4.416
val,pretrain,LMrzdkSYnYY,00044,0,pretrain,mSvyBpWueu4,00028,5.233500249212597,4.864
val,pretrain,g985z9Wq5gk,00034,0,pretrain,1BSSXUntiLg,00005,-5.023082848713509,6.464
val,pretrain,Yn9fTcSWMbo,00028,0,pretrain,JDDGhGiaAZU,00037,-4.28353660681177,9.216
val,pretrain,AhKevstJyrc,00023,0,pretrain,cHSQGnhdSi4,00012,3.8931303474111427,4.8
val,pretrain,LGtNFHtM81A,00001,0,trainval,QoTSdOkjEVs,50008,6.390920298270586,3.328
val,pretrain,SVB39Jo8mAQ,00048,0,pretrain,zORUUqJd81M,00012,-6.187968899370091,8.576
val,pretrain,uNQujCwCu88,00058,0,pretrain,31ojbLK0vU4,00001,5.096839638965298,9.856
val,pretrain,j4LSwZ05laQ,00011,0,pretrain,HB2SlA68YDU,00022,-2.8322886320973932,4.608
val,pretrain,NAkkckxE9i8,00017,0,pretrain,ZChEFOGSn8Q,00017,6.336704162182329,6.208
val,pretrain,hFcQpNrSKA4,00001,0,pretrain,1z3Fgtj8fqk,00013,-4.406792630285896,5.248
val,pretrain,VT3XyORCFDA,00014,0,pretrain,iSicXZ2tMRM,00032,8.384049711135152,7.104
val,pretrain,YyuScSjkGSs,00028,0,pretrain,p9UC0chfXcg,00026,-4.122338062768531,3.456
val,pretrain,km4GiwSIFCo,00002,0,pretrain,QJORi5VO1F8,00021,0.44233432381851223,4.8
val,pretrain,iU1bhHeCkoU,00009,0,pretrain,iNOE0dZpHcY,00030,-8.771181870732491,3.392
val,pretrain,Tu01sNfs5SQ,00010,0,pretrain,xzT6iH2CX4k,00023,7.734777881576193,7.872
val,pretrain,sUf1ajkIAhY,00024,0,pretrain,2bvoJAfjWMM,00007,2.202377542169886,4.928
val,trainval,UGtFXtnWME4,50020,0,pretrain,U2dHczVSCdo,00011,3.5409451681808175,4.352
val,pretrain,UzuUljhS9uI,00027,0,trainval,Fb2J5eDoFko,50014,-6.467135341336599,4.096
val,pretrain,tiwVMrTLUWg,00029,0,pretrain,3dy4SGkSD8M,00017,9.35863011575183,7.04
val,pretrain,RvnS3cCrl9c,00008,0,pretrain,7rMYfiRNT7g,00023,4.09370202966976,20.48
val,pretrain,4BZuWrdCS9Q,00020,0,pretrain,y3jYVe1RGaU,00020,-8.461063365609503,9.28
val,pretrain,WR2kKw3kQEA,00011,0,pretrain,7Wc8t26OSxw,00007,-3.0589698772331175,4.608
val,pretrain,4ef6KJ7vfIw,00042,0,pretrain,AfljJGTVcKE,00026,3.451514727878722,4.032
val,trainval,w1TBZhdSsN0,50001,0,pretrain,SwaBFUgSoT8,00023,7.842036811696126,3.456
val,pretrain,KSWL5iqvPlY,00009,0,pretrain,iSpwUpdQdyY,00030,7.11868516921928,8.64
val,pretrain,L2M15ZeTLxc,00013,0,pretrain,tic7X3ET4gE,00015,4.400720477002416,6.336
val,pretrain,aOW7JZaqKGA,00002,0,pretrain,7SfQLQ7eyA8,00005,6.664786578388615,4.736
val,pretrain,E5BOBs3Nmbw,00027,0,pretrain,PXMJobWlXks,00018,4.017397118074138,7.168
val,trainval,y3ZrjRlIcgI,50007,0,pretrain,9uuhxGhD9bo,00013,3.161185682169352,5.952
val,pretrain,ultonpeO0ZA,00007,0,pretrain,kLRanIhp2jg,00015,9.215864550009456,3.136
val,trainval,fv8KpQY0m6o,50005,0,pretrain,uNDWvejza4c,00040,-1.200694038403773,6.144
val,pretrain,PgCmT0qkfQM,00037,0,pretrain,ApGeDdIaxo8,00006,3.4062140426950265,6.144
val,pretrain,UG2zHhgfAW0,00032,0,pretrain,mWm2qtEeBjE,00005,-6.022494905447515,5.056
val,trainval,CypPMzZinys,50005,0,trainval,YeXcNpVkezI,50003,8.086593176528226,2.88
val,pretrain,SGnmDWtyhAs,00007,0,pretrain,O4bGOvkkHcM,00005,-4.8771174719058275,4.16
val,trainval,X98Fbe0Ccis,50001,0,pretrain,HQzXqjT0w3k,00036,6.652365590397146,5.952
val,pretrain,SCCG81UbruY,00003,0,pretrain,PB2OegI6wvI,00048,1.6061396096011116,4.224
val,pretrain,7npLVcymHGc,00008,0,pretrain,Rz8m1yDE0ms,00017,-5.295582587661347,6.976
val,pretrain,OLHh9E5ilZ4,00019,0,pretrain,nLtUl2CP8ak,00008,6.1571145609431035,4.48
val,pretrain,WR2kKw3kQEA,00011,0,pretrain,lfrG2bidW5g,00003,9.412581782979078,9.536
val,pretrain,wSepGxx36To,00014,0,trainval,nTFEUsudhfs,50001,-7.741982817272466,2.304
val,pretrain,hbG89FYKzaY,00019,0,pretrain,bCjfy8Z7dv8,00021,2.0362408595653765,4.608
val,pretrain,KCr8s57hdzY,00048,0,pretrain,X6Zo53M0lcY,00033,6.846406442600191,4.928
val,pretrain,5aH2Ppjpcho,00024,0,trainval,sgTjCpBOeCU,50035,0.5823858239852857,3.2
val,pretrain,3nsPcBJAdxI,00025,0,pretrain,lQflBowgVB4,00026,9.201299398045354,4.608
val,pretrain,pbSSrJGgVIo,00046,0,pretrain,zuLOT6GsAxw,00002,4.129701629289604,7.552
val,pretrain,5d4ZEgZU9Aw,00005,0,pretrain,K0PJbPlZoNI,00013,-4.071138060703574,16.128
val,pretrain,78nsxRxbf4w,00010,0,pretrain,gVLu99Ja2mA,00025,-8.572857059641304,6.016
val,pretrain,1CN7PF10RKo,00012,0,pretrain,UxtJtlgDkC8,00003,8.227801041842817,9.472
val,trainval,xgKqX5Yj3b8,50006,0,pretrain,ZCS0MZuVBwE,00023,3.459177109698663,2.304
val,pretrain,pMYYxSim5QI,00006,0,pretrain,Qs9m8obl0AY,00029,4.336723388797088,6.4
val,pretrain,YSmJDnSemqY,00003,0,pretrain,7sxpKhIbr0E,00013,-7.731074066325512,6.336
val,pretrain,N4wFyRGilp4,00023,0,pretrain,apiScBmE6rA,00012,5.568216298817166,12.48
val,trainval,VohNDqzWP9E,50001,0,pretrain,p2MEGk5q1WI,00002,1.5520662325366459,2.112
val,pretrain,SNzyG5RzZyY,00002,0,pretrain,OmMv9tShW8k,00005,0.04930810513407735,3.968
val,pretrain,vFPkEIGUofc,00008,0,pretrain,PXMJobWlXks,00014,-6.3620317338987835,13.76
val,pretrain,DShPct3oIow,00011,0,pretrain,YmlAl1SMtHk,00008,-0.6290985056955805,10.56
val,pretrain,0FOlwct8k9M,00001,0,pretrain,sa0RUmGTCYY,00055,7.22043873514917,11.2
val,pretrain,ImQrUjlyHUg,00037,0,pretrain,6StqiaPoS2U,00011,0.04147341887986755,5.248
val,pretrain,7n9IOH0NvyY,00048,0,pretrain,pkGAMb5sYvg,00019,-4.316321205491718,17.088
val,pretrain,YWBwsS3lkXU,00011,0,pretrain,HXGwJevjOfs,00001,0.2925740263665162,3.84
val,pretrain,SmsYxDvdcYc,00012,0,pretrain,c8re1U9rCo4,00003,-8.633500702059912,6.08
val,pretrain,4wOxJOPnSUg,00027,0,pretrain,IYpovgkaS9Q,00009,-0.19645583933774802,2.24
val,trainval,VSUWNySSpLI,50015,0,pretrain,04SEzifEsGg,00050,4.826999868677346,3.648
val,pretrain,BwHAYgOnZSU,00001,0,pretrain,RsxlLsHtoBI,00039,1.6804921528038737,9.216
val,pretrain,Zwwanld4T1w,00003,0,pretrain,RAooSSSeUIk,00002,3.0150351433216365,9.6
val,pretrain,MOptnpjKJOM,00022,0,pretrain,FAubx3BBgLk,00004,7.9412751247646405,4.352
val,pretrain,NAcuH7nSdLc,00003,0,trainval,796LfXwzIUk,50022,-8.230826775526864,5.184
val,pretrain,xPK2Ch90xWo,00008,0,pretrain,lrYx7HaUlMY,00009,1.898209482951497,7.04
val,pretrain,05jJodDVJRQ,00017,0,pretrain,saXfavo1OQo,00002,1.8063451355979545,24.128
val,pretrain,qtAZbSZESOU,00005,0,pretrain,xgKqX5Yj3b8,00008,-6.6949313104128265,7.552
val,pretrain,UyUXxrSS3qs,00018,0,pretrain,EiTrl0W1QrM,00038,6.357180491756658,16.192
val,trainval,FsGu5YTM1NI,50001,0,trainval,dsT5eVSm7BA,50004,6.370715916752239,2.816
val,pretrain,mkdSXHXhCcw,00013,0,pretrain,dUdCToPPK5A,00003,6.575743944271466,8.0
val,trainval,0pzIPHWR3iY,50002,0,pretrain,RVX8ZSAR4OY,00020,2.2481153647489283,4.608
val,pretrain,7Oe11XnBvA8,00005,0,pretrain,tSK6bn9sc50,00003,-8.713853665491609,3.52
val,pretrain,Jv2GGScsUc8,00020,0,pretrain,jqWHy6B0ADA,00029,9.585832714001782,5.056
val,trainval,9EVEmZ2cSes,50017,0,pretrain,Mr8nvXvlSy8,00012,-4.775862891263336,4.096
val,pretrain,aUYSDEYdmzw,00016,0,pretrain,w96osGZaS74,00004,7.781752547498808,4.032
val,pretrain,DtT6S1vtjzQ,00009,0,pretrain,2L4BSVpvx1A,00013,-4.71924306836825,8.448
val,pretrain,i18gxxnJ2nc,00003,0,pretrain,0snNB1yS3IE,00028,-6.983523732457568,8.64
val,pretrain,CiLnSGrcuEs,00025,0,pretrain,6qqqVwM6bMM,00002,6.447855168457885,4.224
val,pretrain,J3Zsj4LfsSo,00015,0,pretrain,lwcvhh4pLjE,00041,0.8116591548164642,13.76
val,trainval,mpqrO2agOTs,50003,0,pretrain,pcSlowAhvUk,00037,7.34699652057251,5.952
val,pretrain,2NHV4AzSEzY,00019,0,pretrain,gqpErbFnbiY,00007,0.05934590930043271,5.696
val,pretrain,nUdsTizSxSI,00019,0,pretrain,PY9DcIMGxMs,00042,-0.277437265143039,9.024
val,pretrain,46wWjKTn4Ac,00023,0,pretrain,aOW7JZaqKGA,00007,-3.73752681064194,4.096
val,pretrain,ixsridS3qVs,00013,0,pretrain,UGtFXtnWME4,00003,-6.711877440721581,7.168
val,pretrain,v9DHLMw2o70,00014,0,trainval,VfKWd7iXMSo,50011,-2.219719720388067,3.136
val,pretrain,BjclkhNAO0s,00029,0,pretrain,8iZSsHd0IlU,00027,-3.9418713862265564,4.288
val,pretrain,Tu01sNfs5SQ,00008,0,pretrain,nFSdHdNOgSA,00029,4.477244034643249,7.04
val,pretrain,8khcH5Lqxgk,00008,0,trainval,WpldYJ3sSIo,50007,0.9401528665228742,3.072
val,pretrain,buHSvs7LFzw,00032,0,trainval,iW4fCwfw1vg,50021,-9.129021877586244,2.752
val,pretrain,bEdvQjTGYP8,00018,0,pretrain,luoKOkTxOtU,00008,0.9140801910281269,4.672
val,pretrain,L2upTRjXeJM,00022,0,pretrain,3o655tLnik0,00007,-6.332590090706887,3.52
val,pretrain,yP2niXStKVQ,00005,0,trainval,6MBaFL7sCb8,50004,2.2811405200733077,2.176
val,pretrain,f68AdM1m4hk,00023,0,pretrain,wN3ovSzal3g,00017,8.798670795875335,8.96
val,pretrain,SMi3rHuK0c4,00025,0,trainval,Z24sXLBnOu4,50003,-9.401640831780796,5.952
val,pretrain,DUd8XAS5HEk,00019,0,pretrain,oSv7E8WK2Iw,00013,7.714508717750888,5.376
val,pretrain,vSjlCJaEwZE,00027,0,pretrain,uVAaZVz9pDs,00002,9.446607551417703,5.696
val,pretrain,yDYCf4ONh5M,00044,0,pretrain,SSogppqBahk,00007,-7.081464473093795,11.2
val,pretrain,uUDu8jQ6qHo,00007,0,pretrain,MLU7qcMYKO8,00020,-6.204971211652404,5.184
val,pretrain,XAvE61JqkQs,00018,0,pretrain,aUBawr1hUwo,00011,6.519961254923931,8.448
val,pretrain,dJEwC4wCM70,00044,0,pretrain,OISOhvOumT0,00005,-3.7099292580093763,3.776
val,trainval,JSLUS3qLv0I,50001,0,pretrain,YraU52j3y8s,00086,3.0231552895895053,2.048
val,pretrain,IRxgDMSp9Gs,00040,0,pretrain,7npLVcymHGc,00031,1.1089190459745772,12.928
val,pretrain,zuLOT6GsAxw,00008,0,trainval,DUd8XAS5HEk,50030,-1.8498022050667036,4.224
val,pretrain,cC0KxNeLp1E,00031,0,pretrain,cmlRinjYKfM,00011,6.022892102184475,5.184
val,trainval,bClWV3eeETA,50001,0,pretrain,UQzvNIIMayo,00031,1.2016822804544312,3.136
val,pretrain,IYDqtxvKDW4,00011,0,pretrain,E27DY3AVA98,00007,9.473310778437643,7.296
val,pretrain,FIrgjCNcDBI,00002,0,pretrain,LGtNFHtM81A,00017,-8.058098143831602,4.544
val,pretrain,3B24RaqA33k,00006,0,pretrain,tSK6bn9sc50,00008,-7.38694741885904,6.976
val,pretrain,twWkGt33XSk,00008,0,pretrain,tFGCB51xb6U,00016,-2.072773903359721,16.576
val,pretrain,AhKevstJyrc,00023,0,pretrain,TM4HiNOhkM0,00011,-6.487031900336944,4.8
val,trainval,QoTSdOkjEVs,50011,0,pretrain,ShFk6FDrZBc,00021,7.66692631107842,5.952
val,pretrain,ZCRC5S0kfiw,00003,0,pretrain,NVPxmzSPvUw,00017,-9.177059023164293,5.056
val,pretrain,CbS6PPBJJB8,00003,0,pretrain,AGivotqSrd0,00023,4.626648517647299,11.328
val,pretrain,EwuunRJgoBw,00002,0,pretrain,eH5qxw6Pd1c,00014,-7.687524415636622,3.968
val,pretrain,DwYQHj7Hmik,00016,0,pretrain,SUkVcmKZyyQ,00009,3.96956555278803,4.544
val,trainval,OwRAFCrsDS8,50001,0,trainval,UwtYQFSJSQc,50007,4.74065615666875,3.2
val,pretrain,S0hxl03JoA0,00010,0,pretrain,0ITHlySbhJE,00018,-1.7544366431758345,5.952
val,pretrain,eDFrlV106iM,00013,0,pretrain,SSV07QKguBI,00029,8.394341065558926,8.896
val,pretrain,Yagdvqn2YMU,00024,0,pretrain,hJZ0pAoxksE,00012,4.025846070699934,6.464
val,trainval,QekbuidfQKo,50001,0,trainval,zwjLQgNd7XM,50006,-4.674577389966221,4.48
val,pretrain,SK095wuESeE,00026,0,pretrain,2G0wQfUl9EU,00005,-8.847431667747541,3.52
val,pretrain,ZBrbHy7l3tg,00029,0,pretrain,nubSKdtzLcE,00010,0.7164065387523895,3.968
val,pretrain,F8bM8K7WSR8,00019,0,pretrain,j4yCdGB2NG4,00026,5.030218549039384,16.64
val,pretrain,rpOwTspdwkI,00030,0,trainval,jSS03JfgHEA,50018,-1.4497002057191661,3.328
val,pretrain,moS9iMlmsP0,00011,0,trainval,Ttshw4mELNk,50003,4.862984982120464,3.712
val,pretrain,ZVS5I2RMTGM,00019,0,pretrain,xPTmHKlH7s4,00002,1.5900343418121228,6.144
val,pretrain,qQIwTWJSd2I,00025,0,trainval,ulLFP8axZVQ,50012,-3.8097816263076663,4.224
val,pretrain,B9bDZ5SzPtY,00004,0,pretrain,Vqm8fXFFHyY,00006,-9.6228553734182,15.616
val,pretrain,FETryXMpDl8,00038,0,pretrain,UTwRlz13NYI,00002,9.533998426057238,4.096
val,pretrain,r55a0FapF2M,00011,0,pretrain,YWBwsS3lkXU,00011,-8.659383442997727,10.048
val,pretrain,ym6OYelD5fA,00004,0,pretrain,G6dfUFgKmN4,00024,5.893108807287458,2.56
val,pretrain,I1cGiNnJZgU,00025,0,trainval,0bop3D7SdDM,50004,4.956369506527887,2.688
val,pretrain,FrgzvykPILc,00023,0,pretrain,7ZWTG0SeCEg,00020,-5.836265706068236,4.672
val,pretrain,j51HsRILGKI,00008,0,trainval,q1sk47FLAmg,50004,-4.8459697761190235,5.824
val,pretrain,F0ofeD8VKMA,00025,0,pretrain,4SIWhJvu0jU,00010,-6.521721388239912,4.8
val,pretrain,xp0O2vi8DX4,00018,0,trainval,8oeiOeDqSNc,50001,-1.9645942174258924,3.776
val,pretrain,9YGZkgkj3fM,00009,0,pretrain,u1SdYypojbE,00036,5.147857856941878,6.656
val,pretrain,fSRWTyY2YSM,00021,0,pretrain,dLmK4gZ0oz8,00020,-0.3577913185466226,4.032
val,pretrain,1QQ3gWmd20s,00007,0,trainval,4B2qC7PIHxs,50001,9.094981252165265,5.76
val,trainval,iRSjlgWE9GQ,50007,0,pretrain,dLmK4gZ0oz8,00024,6.264391306137195,2.368
val,pretrain,jpeSLKnS4gM,00020,0,pretrain,MywGrRvNkWQ,00007,-8.682779150825644,7.232
val,pretrain,CK5w3wh4GSM,00014,0,trainval,AAkEYcmCCCk,50015,-3.7452056033800973,3.328
val,pretrain,ljqra3BcqWM,00021,0,pretrain,SPLooRl0PSU,00005,-7.323082847394251,5.12
val,pretrain,7DCofMA9eQA,00015,0,pretrain,qykSnLkPM7E,00018,-3.419844409239772,6.208
val,pretrain,nq0SzGzSc8g,00009,0,pretrain,nSOSNWblMNE,00004,-9.95141972895903,5.056
val,pretrain,3dqXHHCc5lA,00015,0,trainval,uDIyxxayNig,50009,-2.6602153339634675,3.008
val,pretrain,7ShFmRzffOg,00004,0,pretrain,LoXAAEy6YQU,00029,1.8358410188859224,4.736
val,pretrain,EhM56Fk2aFk,00030,0,pretrain,vEli4dfAXrM,00003,-6.058806546771427,7.744
val,pretrain,5J6jAC6XxAI,00011,0,pretrain,sS9ys09BkGE,00017,-6.936295365064296,4.992
val,pretrain,HIZmSSvXH98,00007,0,pretrain,6wk4dkYSrV0,00014,-5.17109883833424,4.416
val,pretrain,DzWjaWFLjgg,00003,0,pretrain,IRVdiHu1VCc,00037,8.848548713270482,2.56
val,pretrain,d6eMdixkoRI,00024,0,pretrain,YhG1Bgbsj2w,00048,6.663707061034167,12.16
val,pretrain,8m5Ebx6nuGE,00023,0,pretrain,acJscdoP2a4,00005,9.685829434879054,6.656
val,pretrain,G8w4UQL6aI0,00008,0,pretrain,wIkvIKeRNoY,00002,0.13440554460943765,4.608
val,pretrain,2t13Rq4oc7A,00036,0,pretrain,SC3DVeWT09w,00002,-1.754453899507153,4.16
val,pretrain,bbFF5n7S930,00005,0,pretrain,LhszKevcH30,00002,-4.451742025629287,9.28
val,pretrain,bfAzi6D5FpM,00028,0,pretrain,J6SSCMhcCfQ,00014,-6.2161229882042335,6.144
val,trainval,H03o2WCBoDU,50007,0,pretrain,eD9F5HdyKqU,00016,3.713054110479277,5.76
val,pretrain,8jkri0AeZWQ,00008,0,pretrain,KDBcoRLkut8,00036,9.903120908680958,4.672
val,pretrain,inxIM1aGvZY,00001,0,pretrain,buhMdC7MO0U,00039,0.6449569156200408,5.504
val,pretrain,ivfJJh9y1UI,00003,0,pretrain,sHJZRPWXQ9s,00022,-2.1778469752537477,8.576
val,pretrain,AlsFSLXjVdw,00012,0,pretrain,cMhPOiuDzBc,00001,8.125620113047802,6.656
val,pretrain,fnhJUeCQfSo,00007,0,trainval,I9cmQFj13rc,50002,9.630907226574017,3.328
val,pretrain,SMi3rHuK0c4,00020,0,pretrain,IRVdiHu1VCc,00048,-5.943085110119213,7.104
val,pretrain,r2YiRiLAUSY,00021,0,pretrain,xV7IvRT5Qyw,00036,8.255698412121543,8.96
val,trainval,s2F41IQSPGE,50016,0,trainval,R1vskiVDwl4,50016,5.390175821780252,4.224
val,pretrain,NdKEy6vcCMw,00010,0,trainval,dsfROmgVN5U,50001,3.9399360861495545,4.736
val,pretrain,FPhZGDS6kVQ,00018,0,pretrain,zsLz0mRmEG0,00015,-9.760511052097293,8.448
val,pretrain,SU1foLW8h54,00003,0,pretrain,0d6iSvF1UmA,00018,-3.220484610840481,7.104
val,pretrain,aOW7JZaqKGA,00002,0,pretrain,4BZuWrdCS9Q,00038,7.338833349797792,8.576
val,pretrain,Un2yBgIAxYs,00018,0,pretrain,fTsFVO6OhO8,00003,-9.599100830785227,5.376
val,pretrain,UVZyVz8gBeQ,00022,0,pretrain,aiIxdFBA0Sw,00001,4.919541293465926,3.136
val,trainval,DBoShCrKfLQ,50007,0,pretrain,BwHAYgOnZSU,00015,6.94751282097382,2.56
val,pretrain,YA87VEeoZLI,00008,0,trainval,yioZhHe1i5M,50012,-3.5738518073369114,4.864
val,pretrain,CLSSiaFuLo4,00044,0,pretrain,9VOHt1oULJ0,00026,3.6951417916623193,7.488
val,pretrain,XDBWEKBq0Sw,00015,0,pretrain,XiEQmcZi8cM,00052,-6.081732322263527,3.84
val,pretrain,M1o3FS0awtk,00028,0,trainval,vzKA1y3cdYI,50055,-1.7084910515038114,4.992
val,pretrain,dwU8eavPInw,00023,0,pretrain,3sUWSDHOVn0,00028,1.9102901369624092,3.968
val,trainval,b1sQZxrBMXk,50004,0,pretrain,3MYEtQ5Zdn8,00018,0.9464146605202632,5.696
val,pretrain,31PyAjy6Nl0,00020,0,pretrain,fDV4fDWUo6U,00018,-8.34979673093536,4.608
val,pretrain,gWPFJgLAzu4,00043,0,pretrain,av3SCLBU7sI,00020,3.0779295347612763,5.248
val,pretrain,0snNB1yS3IE,00023,0,pretrain,5YL3LT1ZvOM,00025,0.24883632673877543,2.88
val,pretrain,emn28FrJ6CI,00001,0,pretrain,be03wdS5Klc,00017,-1.800769282616539,6.784
val,pretrain,zSWppsceZ1c,00005,0,pretrain,qKJv4S5peJQ,00016,-3.4125962612085115,9.216
val,pretrain,a7B39MLVeIc,00007,0,pretrain,VM6HZqQKhok,00028,1.0045979415333655,5.056
val,pretrain,qdiF1fSGfyM,00029,0,pretrain,Td2hfdXQ5x8,00016,-4.94603582960665,3.584
val,pretrain,uarlIjkHlAs,00012,0,pretrain,dSykikzbckE,00015,-5.505043730611046,4.096
val,pretrain,nAMrtHC2Ev0,00001,0,pretrain,CSUmoS40pqA,00028,2.647953636710163,4.992
val,pretrain,0JGarsZE1rk,00010,0,pretrain,q06YIWCR2Js,00025,-8.164377915901149,6.72
val,pretrain,YzhSmnGcSkE,00017,0,pretrain,SSogppqBahk,00007,-8.591646930593734,14.208
val,pretrain,eNC1h5H5cJA,00004,0,pretrain,S6pLPVfKFoQ,00023,-2.829272433702002,8.576
val,pretrain,HwxjoBQdn0s,00009,0,pretrain,ivfJJh9y1UI,00035,-9.013121513167357,3.904
val,pretrain,KOtFDsC8JC0,00018,0,pretrain,I64CQp6z0Pk,00023,-0.503971599676964,11.392
val,pretrain,oHDq1PcYkT4,00003,0,pretrain,DUd8XAS5HEk,00038,8.433498693076473,7.616
val,pretrain,MLU7qcMYKO8,00007,0,pretrain,XGq3MXQlRJs,00012,3.035503223408032,5.056
val,pretrain,QoTSdOkjEVs,00012,0,pretrain,9SQYDFiWnSs,00030,-1.1981402777764174,6.784
val,pretrain,wQ0NNmo42SA,00003,0,pretrain,SHt4qiDRZE8,00007,-5.2260937248103145,6.016
val,pretrain,b3H9V1jq0A8,00007,0,pretrain,GYcP2BR8EtY,00001,8.900994600745673,14.72
val,trainval,M4soSZ9aSu0,50001,0,pretrain,59SRn1SkWAA,00011,3.212393677038035,5.248
val,pretrain,3U6tEcIIAIc,00022,0,trainval,hFGLqkDnSVI,50001,8.910147893346686,3.648
val,pretrain,VB9S4kELT2k,00013,0,pretrain,CFtsHf1lVI4,00020,7.680076229754675,6.016
val,pretrain,ivvKSx4Q6L4,00027,0,pretrain,AAsSqx2aLsA,00008,-1.4044142304970002,6.208
val,pretrain,CSLy17buxlI,00008,0,pretrain,f6CILJA110Y,00068,1.457348589318709,3.776
val,trainval,hJnEQCMA5Sg,50003,0,pretrain,2L4BSVpvx1A,00021,-4.192230855942205,2.816
val,pretrain,SHt4qiDRZE8,00007,0,pretrain,jh7TYJHec2s,00017,4.2950113067843905,2.88
val,trainval,cWcVPpxezE0,50026,0,pretrain,QxkxcsrveLw,00005,8.129005731714475,5.568
val,trainval,HCJRXoYOoaI,50008,0,pretrain,zuLOT6GsAxw,00025,-9.343767982484616,3.136
val,pretrain,L2upTRjXeJM,00002,0,pretrain,x5LshSZn5RA,00004,-9.595969275327123,6.08
val,pretrain,b28brIs1OmM,00026,0,pretrain,A71OktxTPac,00025,2.5078929864135304,4.096
val,pretrain,bvAEJ8G9l9U,00012,0,pretrain,vhfcedpoCLo,00018,-9.750584634805538,9.92
val,pretrain,okQXrB7ySAw,00062,0,pretrain,g2J6YOiLNr4,00005,2.4204171038392808,7.68
val,pretrain,P65XdTlk4vA,00047,0,pretrain,hiM48jSNZOU,00029,7.8122068606794315,5.184
val,pretrain,t1ZSoufuQg4,00021,0,pretrain,SjSHVDfXHQ4,00011,9.509729139475304,8.768
val,trainval,dk60sYrU2RU,50012,0,pretrain,Q80MfH7xPPE,00026,-5.87510313277948,6.208
val,pretrain,mclzytQQMGI,00018,0,pretrain,cMhPOiuDzBc,00015,-6.741167674802664,11.392
val,trainval,rueQgStScw0,50006,0,pretrain,y8qc8Aa3weE,00042,-4.615095489355299,2.752
val,pretrain,aqhzFd4NUPI,00016,0,pretrain,fzKxYlHmhmY,00014,0.2371190705893511,11.52
val,pretrain,mJxA8eIWQUc,00055,0,pretrain,bxkslfQc0EA,00006,7.738452969514768,9.152
val,pretrain,on3KttMgbZE,00027,0,pretrain,zBSaSy6aKTY,00001,-3.616627205909393,9.856
val,pretrain,DUd8XAS5HEk,00052,0,pretrain,eZWzNfOpbCQ,00011,-8.837599336493582,7.04
val,pretrain,rAZPIxYvBAE,00002,0,pretrain,FD5ZKiSmoMU,00029,3.68908451642592,4.736
val,pretrain,C8OqQ2lmsEo,00011,0,pretrain,9X68dm92HVI,00013,-7.468523625760137,5.888
val,pretrain,lV3trdyDdHE,00055,0,trainval,VC3H1lMEeS4,50004,4.524413483609468,2.24
val,pretrain,488ZBeaGo6s,00021,0,pretrain,vVsXO9brK7M,00009,-8.805363698603369,3.84
val,trainval,g2J6YOiLNr4,50004,0,pretrain,QOSPNVunyFQ,00014,-7.472912791724015,4.416
val,pretrain,sQNtu4kpd64,00008,0,pretrain,3F2jACWwKdU,00008,-9.485125811401138,4.672
val,pretrain,jpeSLKnS4gM,00014,0,pretrain,VSUWNySSpLI,00007,-1.5645675483226302,3.2
val,pretrain,VekRvcbL4yk,00039,0,pretrain,hHOX3dlhhZ0,00018,1.4384546506641485,8.896
val,pretrain,mLSFzBUAHuQ,00008,0,pretrain,gh5VhaicC6g,00019,5.398388652722598,3.2
val,pretrain,jFG7jqJXbno,00025,0,pretrain,JNt1k3ohkbs,00008,-5.658249379323761,5.696
val,pretrain,acJscdoP2a4,00002,0,pretrain,IRVdiHu1VCc,00048,0.2720888621163766,7.104
val,pretrain,4v4Pf5Dt8Hg,00029,0,pretrain,S2SzP6NS9P0,00002,3.442571198325483,9.92
val,pretrain,SS6ZojCzNGY,00044,0,pretrain,3F2jACWwKdU,00028,2.1327699993695237,4.928
val,pretrain,F0ofeD8VKMA,00070,0,pretrain,KxDwieKpawg,00002,1.9561145883179698,8.128
val,pretrain,ao3NtIZ0iBU,00006,0,pretrain,whjLZogf9e0,00019,-6.596162381492787,4.416
val,pretrain,wfW3aZCFfLA,00026,0,trainval,P65XdTlk4vA,50006,0.8551054924277146,3.52
val,pretrain,tjZlLk9bVVA,00001,0,pretrain,uQGYr9bnktw,00025,5.66819757277392,5.632
val,pretrain,lfykytI3A6k,00004,0,pretrain,mulbSSAULSo,00019,0.062272244363052565,12.096
val,pretrain,tp4Z4EVFA0g,00009,0,pretrain,P1sbSJK1LiI,00012,-2.1910716242724115,3.968
val,pretrain,PdxPCeWw75k,00020,0,trainval,6qTfX4U6CS0,50002,-4.8707987492455596,2.688
val,pretrain,sLiM2SizFl4,00012,0,pretrain,UxtJtlgDkC8,00002,1.9765432359403974,13.184
val,pretrain,mwzBJF5Q7Vw,00003,0,pretrain,JSLUS3qLv0I,00028,1.227234765266731,10.752
val,pretrain,1oNlTrLIjU4,00003,0,pretrain,iWaZEXBbQL0,00011,4.573616552086964,7.296
val,pretrain,GzB0BDstCI0,00011,0,pretrain,lXNE4MD2X2w,00013,-6.510915379520963,8.384
val,pretrain,hYbSavnaJSE,00004,0,pretrain,40riCqvRoMs,00023,-2.3247587324470427,7.168
val,pretrain,GbYc9BOU30o,00014,0,pretrain,JaFSfq2Zn7I,00065,-4.491220408788658,9.536
val,pretrain,ZBg5QvcZQP8,00007,0,pretrain,gwPoM7lGYHw,00007,-9.301470433615538,7.616
val,pretrain,jKM0jlPW8x0,00019,0,trainval,ue4L8kmaKXQ,50011,2.4384611289873277,4.992
val,pretrain,wAIP6fI0NAI,00006,0,pretrain,UfM7tSoqNDw,00029,-8.374564513846165,10.048
val,pretrain,1S9RVl1dSl4,00011,0,pretrain,pmKNXZmfIMU,00016,2.568484398966252,9.728
val,trainval,BoRUrWcdkQ4,50013,0,pretrain,4mJ1aHFPS1M,00021,5.048935356142119,4.416
val,pretrain,0N1oA9LUEc4,00016,0,pretrain,LWQfeSSfNbs,00023,-7.030078591576167,17.024
val,pretrain,Hh09xlzxRmE,00015,0,pretrain,dooLZNsHVDY,00008,3.9792666884190524,8.256
val,pretrain,EHTmxmuhZ10,00026,0,pretrain,qrNDkRHAA4E,00027,3.2306590884010724,6.016
val,pretrain,7s2CoqypMLg,00023,0,pretrain,tUAepQYyMY4,00020,-9.57550472631391,5.888
val,pretrain,iFTWM7HV2UI,00016,0,pretrain,YglyHzvBqpA,00005,2.5652916362195057,7.808
val,pretrain,gmSsyvrI2Xw,00026,0,pretrain,fW6AndSUByo,00038,5.526861512854511,5.696
val,pretrain,qzwCujeSSSc,00008,0,pretrain,kdqUhTnAgJU,00002,8.634062308918693,6.4
val,pretrain,uSTmKo75gJI,00020,0,pretrain,2G0wQfUl9EU,00005,-7.846023852062802,7.296
val,pretrain,UwtYQFSJSQc,00034,0,trainval,fVLJU45SnLY,50006,3.9083998797508954,5.888
val,trainval,IdW9UYlxlVY,50015,0,pretrain,DJMhz7JlPvA,00018,4.793595501770811,6.016
val,pretrain,0D9QIG36J9Q,00003,0,pretrain,bpi6us7wQfE,00028,-7.781243890339471,2.432
val,trainval,WNj1Y11tSx8,50002,0,trainval,SC3DVeWT09w,50023,-8.223887718813504,2.368
val,pretrain,P65XdTlk4vA,00023,0,trainval,jVBp2nDmg7E,50014,4.755178088574755,2.368
val,pretrain,EQIt2JUFSsg,00003,0,pretrain,oHBKqCI4Fgg,00002,-6.190837078831759,2.816
val,pretrain,CBSU7vJn0us,00017,0,pretrain,uNQujCwCu88,00048,9.236449032254903,3.776
val,trainval,vVsXO9brK7M,50019,0,trainval,pMUv6UWkuWw,50005,-2.933701508666438,3.264
val,pretrain,eD9F5HdyKqU,00012,0,pretrain,BMOjVYgYaG8,00001,4.4756197765247485,4.864
val,trainval,W4LYn4mIP18,50007,0,trainval,u0VHC1SDOS8,50010,-3.7813170113747363,5.44
val,trainval,DSPWxjBgvF4,50008,0,pretrain,v2jSfxnRPSE,00040,6.87800916702129,5.824
val,pretrain,q06YIWCR2Js,00010,0,pretrain,40ieXxoJwZw,00017,5.228937218803683,7.04
val,pretrain,1BSSXUntiLg,00005,0,pretrain,Br1AIvMrvAE,00012,-9.993101118176144,6.464
val,pretrain,Zx8uYIfUvh4,00033,0,pretrain,KOIsqRgJ3XM,00009,-1.0767237585943619,5.952
val,pretrain,qGSYmIPFO68,00033,0,pretrain,u0VHC1SDOS8,00025,6.584998663257412,5.056
val,pretrain,9qd36SQPxSY,00001,0,trainval,fbeFn1Xcqo4,50005,6.396933075931216,2.496
val,pretrain,LbIXYEW9CSQ,00019,0,trainval,eIho2S0ZahI,50003,8.95640001163974,5.632
val,trainval,mSQmfZOVNPw,50004,0,trainval,289ZxBZdKvY,50001,4.008670370884515,3.264
val,pretrain,yBdyFKqwKy0,00015,0,pretrain,RJ0ldeMS9SM,00010,6.558980854164311,5.632
val,pretrain,cSsxBTNF2U8,00019,0,pretrain,ASQpKiUSNHo,00018,-8.645251961687368,6.848
val,pretrain,uhRhtFFhNzQ,00037,0,pretrain,aEa11FZwTRY,00008,5.1505043662561505,3.712
val,trainval,gWPFJgLAzu4,50007,0,pretrain,ISSupr6ayqw,00029,-0.3467338656167911,4.096
val,pretrain,vcfrsYWFR78,00005,0,pretrain,gmjSazFbpkA,00066,1.974205203065086,3.392
val,pretrain,MoSmgcxGYYE,00088,0,pretrain,UTwRlz13NYI,00015,1.6289870177180514,20.48
val,pretrain,xbagFzcyNiM,00004,0,trainval,2S0aEezKvBE,50006,-6.075815837130943,3.648
val,trainval,GIt6Z0k3PQo,50015,0,pretrain,icI94blMKIc,00002,-5.879115748536061,4.928
val,pretrain,BR9dbjubfuU,00011,0,pretrain,60OVlfAUPJg,00028,4.07630526516291,5.632
val,pretrain,aZWxtQ19JsE,00011,0,pretrain,8n5O9tz30So,00007,-8.807730393858897,4.352
val,pretrain,bo4HiVetBd0,00008,0,pretrain,UoBUXOOdLXY,00017,-0.31254150311810847,10.176
val,pretrain,a0x0r7aPI2M,00015,0,pretrain,askcLEVCTko,00043,-7.905565567542141,4.224
val,pretrain,oxpJGynSHJU,00019,0,trainval,a17Z5Sk2XJY,50005,2.5394987420465576,3.84
val,pretrain,MiOVX7qKQ24,00010,0,pretrain,aUBawr1hUwo,00017,8.983856092123343,14.08
val,pretrain,S9ZciGIBcS8,00002,0,pretrain,H7Gn2a0GnAc,00009,7.992547782494725,4.608
val,pretrain,askcLEVCTko,00035,0,pretrain,HjSGqwAFRcc,00024,-8.974156216059386,9.536
val,pretrain,8oeiOeDqSNc,00009,0,pretrain,qQSPUXPVlos,00037,1.5533039230450552,12.992
val,pretrain,E5BOBs3Nmbw,00008,0,pretrain,sQNtu4kpd64,00020,-7.406285417094316,8.0
val,trainval,BcTOSxcv2So,50011,0,pretrain,1fZk6aWnqGg,00003,2.2602744117148905,3.072
val,trainval,ImmtTHYU5GQ,50001,0,pretrain,8GOFoquSdkI,00012,-3.0919037934264004,2.368
val,pretrain,vNpmq6OkSQQ,00004,0,pretrain,12OAr0lt4bk,00033,-2.5048374877579294,7.232
val,pretrain,F8pUtbSgrxc,00050,0,pretrain,OAK1UIbSFio,00017,-6.798413200293634,4.224
val,pretrain,5Jqk1rkuUwU,00026,0,pretrain,erg8sDIYjmw,00009,8.844140252701177,5.568
val,trainval,ZJPdJuhI03U,50002,0,pretrain,1z3Fgtj8fqk,00034,-4.04468721001789,4.416
val,pretrain,b2qM1ISJCEQ,00054,0,pretrain,JqokS3P1D9o,00021,-1.7540522202908555,8.64
val,pretrain,g2m97gPI70I,00034,0,pretrain,gevXeQwS1jg,00020,-0.07482741911466562,2.496
val,pretrain,ok54sSWquT4,00037,0,pretrain,63tVsJI31Tk,00002,-0.07738592377093312,4.096
val,pretrain,l92bqJNkIao,00003,0,trainval,G8w4UQL6aI0,50005,-3.1758144532873844,3.136
val,pretrain,7sqeoYOQ4qg,00035,0,pretrain,iEySxTbcr2A,00040,-9.709014904449864,11.2
val,trainval,3E46oWB4V0s,50031,0,pretrain,vFPkEIGUofc,00008,-3.124001900550571,4.352
val,pretrain,uSTmKo75gJI,00012,0,pretrain,SfHRcaS6r3w,00020,-4.024370217732464,11.456
val,pretrain,eH5qxw6Pd1c,00002,0,pretrain,RxyQNEVOElU,00044,4.880141769722986,7.744
val,pretrain,319sQ9sSlyQ,00004,0,trainval,N0vRIqeoefs,50007,-7.632676361258746,2.496
val,trainval,488ZBeaGo6s,50007,0,pretrain,s32OdFz9ttk,00009,-2.000079458841329,2.56
val,pretrain,mY2LIQbiGbo,00009,0,pretrain,L2upTRjXeJM,00019,9.062583523955528,21.12
val,pretrain,Z9dt5qlgO24,00003,0,pretrain,soqnBdPOwoo,00021,-7.210357056913319,7.488
val,pretrain,Cqj0sgrNL10,00042,0,pretrain,NZspSEdO2Xk,00010,-6.594479788481385,8.768
val,trainval,R1vskiVDwl4,50031,0,pretrain,YodRXxzhb7s,00005,8.353383328150663,5.504
val,pretrain,EUYLa7MAlPc,00020,0,pretrain,n4EhJ898rSk,00027,1.734501431356854,6.976
val,pretrain,pxr2GRJ6tjc,00003,0,trainval,lU1ISu1LOv4,50008,9.18125630760699,6.144
val,pretrain,ScvI1jKxlTM,00030,0,pretrain,BsFxokC02sg,00038,4.810971186531317,6.848
val,pretrain,QekbuidfQKo,00021,0,pretrain,SoJnEQ6bJKE,00003,8.017544528530294,5.504
val,pretrain,qQDC7c2I8l8,00018,0,pretrain,xfDUGqGPSfo,00015,4.969296209562103,3.712
val,pretrain,0HEXx3SP8kk,00013,0,pretrain,YraU52j3y8s,00048,3.3938162872785878,5.056
val,pretrain,chXKZC4D42k,00001,0,pretrain,k4vzhweOefs,00027,4.954190390781701,10.432
val,pretrain,vYV4tAq3wVg,00042,0,pretrain,vkEeNkHilIg,00005,6.024605684192828,7.168
val,trainval,InukG97C8wY,50002,0,pretrain,vbKKoniUxMk,00008,4.3843153732203675,6.208
val,pretrain,T2jwSUhu7ok,00011,0,pretrain,2tcEgqTWbxQ,00004,-0.5211899937919302,10.624
val,pretrain,zkQL7UJYDIY,00005,0,pretrain,PB2OegI6wvI,00032,7.993995210267197,6.208
val,pretrain,WvvuLDX7iIk,00052,0,pretrain,25onkAGt3Gs,00024,-2.283679685443012,8.896
val,pretrain,eMMKxVcxjrI,00003,0,trainval,dXqPaHQp4Xw,50009,-4.865583011761179,2.176
val,pretrain,A0V9Rk9tNL0,00007,0,pretrain,rokPqHc9iD0,00020,-6.556670527146093,5.248
val,pretrain,WNDWYW4yWEM,00006,0,pretrain,lYdk1NK9Sr0,00040,-8.195985091704788,5.568
val,pretrain,RLh5CRUecfY,00008,0,trainval,lwcvhh4pLjE,50005,7.3660696536367425,4.288
val,trainval,3OMgvtWNHp4,50005,0,pretrain,EpFCykE9Lk0,00026,-4.003169843613604,6.144
val,pretrain,z4vmzTZ7qLA,00005,0,pretrain,OlLFK8oSNEM,00006,-1.4266234924287673,5.376
val,trainval,JeHqgambbcI,50006,0,pretrain,1O2l1dcSohA,00007,7.77232512986928,4.928
val,trainval,dFC2pSkETas,50001,0,pretrain,okQXrB7ySAw,00038,-5.337980745015369,5.696
val,pretrain,8woKcr7uSYQ,00011,0,pretrain,qzR62JJCMBQ,00015,-9.871549913846325,6.272
val,pretrain,7SjWguOXVwE,00016,0,pretrain,wcWD7fERQCc,00009,3.718150611629836,8.576
val,pretrain,TPA0qoemShQ,00017,0,pretrain,4BZuWrdCS9Q,00038,2.7752213295127675,14.72
val,pretrain,h9SKyrHRhDo,00025,0,pretrain,Mr8nvXvlSy8,00030,7.333993527920889,13.44
val,trainval,eH5qxw6Pd1c,50001,0,pretrain,FzAyOddR5u4,00001,-0.9996563166273535,3.136
val,pretrain,YlmZkY1uqXM,00002,0,pretrain,DUd8XAS5HEk,00048,-9.630067977312054,6.208
val,pretrain,DG7kSeazMQ4,00055,0,trainval,AGivotqSrd0,50009,6.88491965053181,6.016
val,trainval,J6ZzmqDMhi0,50006,0,pretrain,w3q89BTJj3o,00018,-8.940553999986795,5.184
val,trainval,1QQ3gWmd20s,50001,0,pretrain,UfM7tSoqNDw,00029,-3.304831822547021,5.184
val,pretrain,l5ZJ6bK1EIc,00030,0,pretrain,5SOHiN8Ne58,00007,-4.342107524069507,5.568
val,pretrain,tH5iEf9oxaI,00028,0,pretrain,DLccHLwdS6Q,00008,8.609072642636942,8.768
val,pretrain,uNQujCwCu88,00059,0,trainval,npFSbX7DZ6k,50004,7.208568998295842,5.44
val,pretrain,5sS3Yjh9Lw4,00033,0,pretrain,mf5otGNbkuc,00011,7.4476643755110885,9.728
val,trainval,5OISkgjSjkA,50001,0,pretrain,up4hFjSjcTY,00010,7.459408219969632,3.328
val,pretrain,acJscdoP2a4,00002,0,pretrain,WvvuLDX7iIk,00023,-0.46575108725223124,7.168
val,pretrain,YGoI3B86iX4,00004,0,trainval,z4kwU6z6ORg,50007,-7.272005108414998,2.88
val,pretrain,g2J6YOiLNr4,00027,0,pretrain,dwU8eavPInw,00006,-7.734558882540412,4.224
val,pretrain,S7SXH1CBzGw,00001,0,pretrain,ZBrbHy7l3tg,00031,-1.8829201758599812,6.72
val,pretrain,kSGFq12w5WU,00002,0,pretrain,FcoJt2KLC9k,00026,-8.95183869437325,4.48
val,pretrain,K2BES6FUAO4,00009,0,pretrain,kLRanIhp2jg,00003,7.16520556006822,3.52
val,pretrain,Qy5A8dVYU3k,00003,0,pretrain,VYU25aJpg5o,00019,5.837091952697573,5.632
val,pretrain,rNgqQNovWTc,00001,0,trainval,n1ARQsdNvmI,50002,-4.994907473910157,2.496
val,pretrain,hbG89FYKzaY,00019,0,pretrain,Bqx8abrSIYo,00011,1.5161796175393079,5.248
val,pretrain,L9Sc1j9VRwE,00009,0,pretrain,7W8OJgeYy1w,00003,0.5130631554206389,7.616
val,pretrain,mDSuP2BsVy4,00010,0,pretrain,jJXMvOqS5bM,00015,4.20633683063857,5.12
val,trainval,EZwxKPv1CwA,50007,0,pretrain,F8R7S4AoGhs,00002,-1.8314761309188299,4.608
val,pretrain,UQYoWwHg3qA,00001,0,pretrain,3F2jACWwKdU,00028,7.772750821233096,11.2
val,pretrain,TBIL2sdfoVc,00014,0,pretrain,1mUDw0sRZV0,00006,3.4975315884946596,10.112
val,pretrain,wgPLGS1BvQo,00041,0,pretrain,A7ktYbVwr90,00013,6.389772702359117,5.888
val,trainval,u2V0vOFexY4,50009,0,pretrain,gevXeQwS1jg,00017,-6.334184551831608,4.352
val,pretrain,5tal0NkWW1E,00009,0,pretrain,uYaF8pSTNSU,00049,7.946171641888057,4.544
val,pretrain,jryCoo0BrRk,00016,0,pretrain,ME0OeqjnVAw,00008,3.338001279669685,6.656
val,pretrain,jryCoo0BrRk,00019,0,pretrain,AR6RiSHN7S0,00032,-3.598835228992538,7.872
val,trainval,N3e8ZG5GzaY,50003,0,trainval,R2kOgSVF2Uk,50015,6.111911068922087,2.24
val,pretrain,BcTOSxcv2So,00008,0,pretrain,TZy5Srsksls,00002,2.4975189187112363,5.376
val,pretrain,LhszKevcH30,00002,0,pretrain,ftWn4QOvTTo,00013,5.610697722246222,7.936
val,pretrain,8Dv2Hdf5TRg,00010,0,pretrain,v9dEgXR1iWE,00031,-4.0704482571170715,11.84
val,pretrain,ZChEFOGSn8Q,00014,0,pretrain,FSS4Kv6MlG0,00002,-4.467428214845095,4.544
val,pretrain,c00zfzk4gdg,00039,0,pretrain,lPtPG2lAmm4,00009,3.9043323131897356,9.728
val,pretrain,SJWoKsfsSaA,00011,0,pretrain,93hbqLBpSHI,00012,1.2701459818899963,4.16
val,trainval,aeiSXpmMQys,50008,0,pretrain,fm9SH6NucHk,00005,-8.400710995048833,2.56
val,pretrain,potB0voQzNg,00003,0,pretrain,LPrS7Skx9Y0,00032,-7.4344938039355535,8.768
val,pretrain,D089tSF9yUU,00023,0,pretrain,0Q1owhv3qAA,00015,-4.641125429479542,5.696
val,pretrain,FIrgjCNcDBI,00002,0,pretrain,qzwCujeSSSc,00026,8.628913628040717,4.544
val,pretrain,AK9OBSx77S8,00006,0,pretrain,B905LapVP7I,00020,-1.0341665677375929,8.256
val,pretrain,dooLZNsHVDY,00003,0,pretrain,KsqZqa9zYXA,00001,9.520259482531554,5.568
val,pretrain,73cTNHEQhkQ,00023,0,pretrain,wsIrdxDJpSQ,00003,-2.6390190655368517,6.848
val,pretrain,BltRufe5kkI,00008,0,pretrain,2SIk5ofBKco,00007,6.750259690808555,6.848
val,pretrain,BGRy5VUSLfI,00038,0,pretrain,MvojSku8zk0,00028,-5.8174659670108175,7.616
val,pretrain,UuXeY3S2emA,00005,0,pretrain,RSW3xi2jMYI,00019,2.769597951580673,10.368
val,trainval,eMSonXncSjA,50005,0,pretrain,bkeBjPS9ZR4,00004,9.482926374635337,5.696
val,pretrain,VbF2KPn3TrU,00001,0,pretrain,Lrdn4lazVBc,00020,2.507007139026898,8.32
val,pretrain,vSjlCJaEwZE,00066,0,pretrain,RcGyVTAoXEU,00015,-4.320532281859045,4.736
val,pretrain,rokPqHc9iD0,00022,0,pretrain,nqj6fH2i9go,00007,-7.58473404173682,4.032
val,pretrain,vWJwa7lntTs,00009,0,pretrain,AzcMEwAxSP8,00022,1.068267492286406,4.608
val,pretrain,pOWgXxoSTNM,00018,0,pretrain,8pHzROP1DSw,00025,0.3911152894701768,10.112
val,pretrain,HR9956gDpUY,00004,0,pretrain,6LmPq7DSds0,00006,-5.302041877809673,7.296
val,pretrain,hyHUVPG33QI,00037,0,pretrain,CrsdoIOGCRw,00038,7.732237170254763,2.944
val,pretrain,a7cDt5r2pGY,00035,0,pretrain,fbeFn1Xcqo4,00053,-9.318636461098151,3.008
val,pretrain,teVE3VGrBhM,00001,0,trainval,iyfdWsa1zns,50004,3.9973502448137097,6.208
val,pretrain,xMS9HlSSLSA,00007,0,pretrain,bVV2Zk88beY,00013,8.579055409807438,8.448
val,pretrain,SPSq3cW672s,00031,0,pretrain,jUHE4SE3Mcg,00018,3.6324714124897604,5.568
val,trainval,zbHe4RpgV80,50002,0,pretrain,y3EG6cO3ngc,00006,-8.338363748604532,3.84
val,pretrain,rufeSSlZJg8,00026,0,pretrain,84QouBqCIWg,00002,9.142847788486527,5.376
val,pretrain,zuAj2F54bdo,00037,0,pretrain,folTvNDL08A,00012,-3.7562846575836843,5.184
val,pretrain,f6CILJA110Y,00068,0,trainval,aEa11FZwTRY,50009,5.432114284493437,6.208
val,trainval,wn8S33NBB04,50002,0,pretrain,nAMrtHC2Ev0,00012,-9.555295338116,5.888
val,pretrain,XqsmITK1VO8,00004,0,pretrain,hWnZKAXSv3s,00021,-8.995844192549175,10.24
val,pretrain,xy7SMVCRFbQ,00003,0,pretrain,gLDQr9i7LkM,00031,6.361286049424461,5.44
val,pretrain,pk35J2u8KqY,00021,0,pretrain,hha0NsYXS5c,00014,8.935703207284224,5.44
val,pretrain,VmP574ikRFs,00009,0,pretrain,m7SuKQGPMSw,00003,-3.913098044589294,9.792
val,pretrain,wfW3aZCFfLA,00032,0,pretrain,xX1Job6O60E,00004,2.3667998634537195,3.52
val,pretrain,X5uGLbV5zVo,00004,0,pretrain,UWKvpFZJwcE,00044,6.472350743423032,6.016
val,pretrain,IWjzT2l5C34,00006,0,trainval,HpiZTvlWx2g,50011,4.726260884385908,2.752
val,pretrain,PRsopS7yTG8,00005,0,pretrain,w3q89BTJj3o,00025,9.251571778638336,10.048
val,pretrain,utV1sdjr4PY,00015,0,pretrain,oSv7E8WK2Iw,00016,-2.750702665424482,7.68
val,pretrain,I9tB6Q5bmcQ,00012,0,pretrain,2zvjW9arAZ0,00022,4.874772954247176,3.456
val,pretrain,mUJdzaLDRIo,00004,0,pretrain,lSYy6poJ2zs,00021,-2.448341617567211,4.096
val,pretrain,hh2Z2hSgFIY,00009,0,trainval,HA7GwKXfJB0,50004,6.512732248227767,6.016
val,pretrain,SJWoKsfsSaA,00017,0,pretrain,izddjApSN4I,00011,9.118405237148192,5.12
val,pretrain,2JSZ66uMRwc,00033,0,pretrain,JLLpWtHbMAo,00030,-3.908622679193263,7.296
val,pretrain,cWpRxyqDgpM,00007,0,pretrain,PGsQwAu3PzU,00006,3.818359219790201,7.808
val,pretrain,AR6RiSHN7S0,00028,0,pretrain,HyZV8Ql1PI0,00006,-7.187357914570174,11.392
val,pretrain,NXfYNdapq3Q,00030,0,pretrain,TYFH0DSjyqc,00005,8.186233591853238,4.48
val,pretrain,5pIGDw18mIQ,00011,0,pretrain,pX8zZdLw7cs,00012,1.267378637545871,3.2
val,pretrain,FsSKVSf1EJk,00014,0,pretrain,28sa2zGgmwE,00009,-4.5737925481068515,24.704
val,pretrain,2KSP7HvSZwg,00025,0,pretrain,uRdQS2sjF2s,00025,-1.7917848831890044,10.048
val,pretrain,NXfYNdapq3Q,00029,0,pretrain,v9DHLMw2o70,00014,3.7183108502850537,11.392
val,pretrain,fSSNmDcLMKA,00040,0,pretrain,DJGreSgaOTc,00036,9.712787682615346,10.176
val,pretrain,GUSLEJB9SLU,00003,0,pretrain,Kxg0SEpOcWs,00012,6.597996460865179,4.16
val,pretrain,qFza3W87eDg,00036,0,pretrain,P2dlq8ZqjDM,00007,-5.857575963230605,6.656
val,pretrain,H3TFShI7zKc,00016,0,pretrain,c6mhFgAjqwA,00017,-4.309589200557347,7.936
val,pretrain,LSdPxGLesE4,00012,0,pretrain,wEM9c7RoVms,00005,7.3681989432104835,4.8
val,pretrain,lJGtXuCmZBM,00015,0,pretrain,aSGIZBmGOsU,00007,-7.219176013802087,4.48
val,pretrain,gaY4m00wXpw,00036,0,trainval,2m9kC1yRnLQ,50003,3.3312837538371642,4.16
val,pretrain,gZga0AmCGdE,00026,0,pretrain,zuAj2F54bdo,00001,5.608471350530166,10.496
val,pretrain,ivvKSx4Q6L4,00014,0,pretrain,S1VpOweDio8,00008,-2.6417590407122704,3.264
val,pretrain,gevXeQwS1jg,00014,0,pretrain,Yd4lCL2hBH0,00001,-6.612148640221882,4.288
val,pretrain,STsOdmkH5fI,00050,0,pretrain,jUHE4SE3Mcg,00001,-9.868166455251133,11.456
val,pretrain,u9Lu85L111Y,00008,0,pretrain,r1qdSnDm67s,00007,-8.66997987565421,6.272
val,pretrain,J6oMG7u9HGE,00004,0,pretrain,rbnBeSvXGQM,00005,-5.311240852787973,11.648
val,pretrain,SS3qnZrVy9o,00031,0,pretrain,T8VS0LUCgmk,00014,-3.4163191862719033,8.32
val,pretrain,UvbFr0eSsg8,00017,0,pretrain,R7vmHGAshi8,00022,6.924785048613458,10.56
val,trainval,7p4zw4SqgUw,50009,0,trainval,vMwPTI54rqQ,50007,4.616493443787546,3.52
val,pretrain,Qy5A8dVYU3k,00003,0,pretrain,xgKqX5Yj3b8,00007,7.3886458785390055,7.808
val,trainval,VObLitSe3K0,50001,0,pretrain,zG21nyJNBSA,00007,6.595177021234939,4.288
val,trainval,Z24sXLBnOu4,50003,0,pretrain,UxtJtlgDkC8,00003,0.5748207575529545,5.952
val,pretrain,VfKWd7iXMSo,00017,0,pretrain,eJZSzNuKX7c,00015,-4.993147426217064,3.584
val,pretrain,c00zfzk4gdg,00008,0,trainval,FnL7I6tESAs,50007,-4.93124367539667,5.44
val,pretrain,xbagFzcyNiM,00004,0,pretrain,5LrThfSBeq0,00014,-0.597746490071378,3.648
val,pretrain,xlggecnjOY0,00014,0,pretrain,h0dSQDgl3gI,00002,0.6747300022085305,7.488
val,trainval,zSbCNWyYams,50006,0,pretrain,mkdSXHXhCcw,00028,9.306259872219009,2.56
val,pretrain,HqawqHB7nDM,00005,0,pretrain,qykDS2AXKIU,00003,-7.381253553652954,11.008
val,pretrain,r92jUj7gNRw,00017,0,pretrain,WIebxoTx408,00008,-6.006314624646576,4.544
val,trainval,BMdMSmtTgD0,50011,0,trainval,mLufqwmPl1A,50011,6.485706563699559,3.968
val,pretrain,6c0VtOdibcI,00008,0,pretrain,1o9NEtA2IEQ,00015,1.4229772763472344,5.248
val,pretrain,YhW9I8SUkFU,00021,0,pretrain,0akiEFwtkyA,00012,-4.315870762815635,6.144
val,trainval,3SAZ5R2SC88,50001,0,pretrain,gh5VhaicC6g,00003,-3.6212109496969314,3.584
val,pretrain,NcmxEPOQQzg,00016,0,pretrain,HDjM5lw8OYo,00036,-3.8678301829897617,6.336
val,trainval,UqyOedEHIrw,50003,0,pretrain,b1sQZxrBMXk,00007,7.387753107932184,5.376
val,pretrain,G2Y6Am46eVU,00035,0,pretrain,01GWGmg5jn8,00031,-7.884128792590525,7.296
val,pretrain,vHhn7z6BA0w,00045,0,pretrain,rGaj2VImQec,00005,0.16299070984521258,4.16
val,pretrain,FJFxLQCo83U,00017,0,pretrain,DERu2aAqqWM,00004,-8.788139440530163,5.12
val,trainval,iSicXZ2tMRM,50002,0,pretrain,nncPtxLCPrE,00018,9.01648606304991,4.48
val,pretrain,yVwAodrjZMY,00067,0,pretrain,3XDdhbrg2kw,00011,-0.09989821277304678,5.376
val,pretrain,lkzoQuzlW4M,00010,0,pretrain,dwU8eavPInw,00071,7.4644870219494734,2.624
val,pretrain,iPrDiPDTzYk,00008,0,trainval,aeiSXpmMQys,50010,7.238521009200895,6.016
val,pretrain,RhgrbQmYOSY,00001,0,pretrain,o0q3veMwv6A,00015,3.8794403653165723,3.904
val,pretrain,x3AwnkR92EA,00009,0,pretrain,S7rSSd1fiUc,00003,1.5405867198262584,4.032
val,pretrain,KiPcxhJtuPQ,00036,0,pretrain,7LE4MoJS2po,00012,9.37187374423019,5.184
val,pretrain,uXlSmKZ7aSc,00002,0,pretrain,i2t8pN5ecMo,00003,-0.5798826861825113,27.904
val,trainval,DG7kSeazMQ4,50002,0,pretrain,qH66lTtW4Hg,00005,8.52756371914867,2.048
val,trainval,DWZsOe1j2w0,50003,0,pretrain,7LPJrzZaoZg,00007,-4.7475808537711295,4.096
val,pretrain,RrFSO62p0jk,00011,0,pretrain,TzNSuIVkfjg,00003,-5.135281780907361,3.584
val,pretrain,jSdBXFkQ3S8,00006,0,pretrain,2NHV4AzSEzY,00005,8.80461895684147,5.824
val,trainval,w96osGZaS74,50006,0,trainval,uPE0G00XFV0,50004,6.6802625404364235,2.048
val,pretrain,iXHil1TPxvA,00001,0,pretrain,zQfB85apRy8,00002,-9.3123555389481,5.568
val,pretrain,hFgPtuzgw4o,00034,0,pretrain,H682jmofwZs,00003,-0.8391261948695323,10.24
val,pretrain,vMeEKBaiPbg,00015,0,pretrain,AbqsMDfX9Ig,00004,-6.2711423793498895,8.896
val,pretrain,kjmsb9pDrF0,00021,0,pretrain,ARGkp6am3S8,00012,2.301303883484362,2.368
val,pretrain,1VRgmKiE0Js,00009,0,pretrain,B0YSGU3JqiQ,00022,-6.321608489367414,6.144
val,pretrain,JSswZaKN2Ic,00012,0,pretrain,4ShLkgv6LSk,00026,-9.103874682031432,4.48
val,pretrain,apbSsILLh28,00029,0,pretrain,jSdBXFkQ3S8,00024,5.355112935480957,7.296
val,pretrain,ea3HnhOLC9g,00023,0,pretrain,GzB0BDstCI0,00005,2.42899457206115,10.176
val,pretrain,VMXdSkW6hns,00004,0,pretrain,HfuZJVpNWR4,00002,6.403285168494289,7.04
val,pretrain,gyM6rx69iqg,00010,0,pretrain,uYaF8pSTNSU,00050,-8.617401522207633,6.208
val,trainval,QUL0eSQtV8c,50004,0,pretrain,dE1DuBesGYM,00049,7.002836080592928,2.688
val,pretrain,2ZviHInGBJQ,00037,0,pretrain,A60UTjiEp4c,00039,9.649574224322262,5.248
val,pretrain,bB5zR2xYhm4,00017,0,trainval,IfqdMoKVIR0,50005,-5.2620164020684435,3.84
val,pretrain,Pr57T0RaSjc,00016,0,pretrain,KsqZqa9zYXA,00001,3.4586902855645008,2.688
val,trainval,l5d8GW6GdR0,50007,0,trainval,cWcVPpxezE0,50008,-2.200616664717254,4.416
val,trainval,Syi9bqfFIdY,50005,0,pretrain,LZXUR4z2P9w,00024,-0.6933188404016768,6.144
val,trainval,zIwLWfaAgS8,50001,0,trainval,XOU2ubWkoPw,50012,2.822342129928007,2.816
val,pretrain,jpeSLKnS4gM,00020,0,pretrain,pcSlowAhvUk,00016,0.7419696094144683,7.232
val,pretrain,PNqu5BWeHDw,00005,0,pretrain,asgdGSGQBgY,00008,2.6628212516418763,13.248
val,pretrain,RsiLLNziScM,00029,0,pretrain,akOe5SUsQ2o,00014,-2.435296769764821,4.48
val,pretrain,Eo9bb3U9wPs,00002,0,pretrain,audakxABYUc,00010,-1.3897461340387611,9.408
val,trainval,1sE96vd8W40,50006,0,pretrain,Oe1cDSPfbh8,00012,3.6603803408834157,3.84
val,pretrain,MDL85fzdc1g,00041,0,pretrain,OAK1UIbSFio,00082,-1.5039403730879624,9.408
val,pretrain,QbSD6PTcmfs,00018,0,pretrain,HpiZTvlWx2g,00021,7.259919704663183,3.968
val,pretrain,qFza3W87eDg,00037,0,pretrain,SjaWs87t5UM,00020,-2.7589614388321255,3.136
val,pretrain,9yEl0SbCA9M,00021,0,pretrain,0tqq66zwa7g,00004,-8.137631254778523,4.608
val,pretrain,T3I6LwDSfPE,00009,0,pretrain,uQGYr9bnktw,00005,-8.637263245531653,15.488
val,trainval,IHyR7p6Shn0,50018,0,pretrain,H3YbZsStuSI,00010,6.214485945917403,3.008
val,pretrain,e8JK3qVGuUg,00039,0,pretrain,mUJdzaLDRIo,00016,9.448742073690344,6.336
val,trainval,buRLc2eWGPQ,50013,0,pretrain,vSjlCJaEwZE,00019,9.141926107321055,3.84
val,pretrain,b2qM1ISJCEQ,00017,0,pretrain,HmHh8dn6MiA,00007,0.8922111286424421,3.776
val,pretrain,ZvSJE9n0GfA,00014,0,pretrain,G5pvUaMgfC8,00002,-1.0389917220056137,3.84
val,pretrain,I8tg0Myjimg,00017,0,pretrain,h0dSQDgl3gI,00009,-3.8161552426165652,30.016
val,pretrain,Y5M7e0PWFtk,00002,0,pretrain,7Oe11XnBvA8,00003,-5.070912151347131,3.584
val,pretrain,MgUTzbGakRw,00012,0,pretrain,tRjqFPwcJgY,00012,-8.355799246604278,5.056
val,pretrain,JD4O7ama3o8,00018,0,pretrain,OSz2v42F0E0,00008,3.7791775210712704,3.584
val,trainval,49aWAHqi200,50016,0,pretrain,jAGgKE82034,00007,-0.752725167107382,2.112
val,pretrain,lfBpsV1Hwqs,00037,0,pretrain,yldVmMfMyIg,00007,3.622377484516715,11.84
val,pretrain,by3NnWvSCj8,00020,0,pretrain,yVQ8fZB30JU,00014,7.999201182419299,10.816
val,pretrain,YhCkjRXgnDw,00004,0,pretrain,ilMwoEdqMTs,00008,7.773028438158825,6.976
val,pretrain,4bHO8NZwmIg,00027,0,pretrain,VnzBGZA2z3w,00024,0.5023527746970569,7.616
val,pretrain,xV7IvRT5Qyw,00009,0,trainval,5K57kcs15DY,50012,9.192257547208516,5.952
val,pretrain,LwSzyoYlIsA,00007,0,pretrain,zvvZEIGNLo0,00013,-5.589116147165045,6.656
val,trainval,mDSuP2BsVy4,50006,0,pretrain,fTosle3h3G8,00006,8.995076921846216,5.888
val,pretrain,tMSehhs1OSk,00003,0,pretrain,KiPcxhJtuPQ,00041,8.839338824712964,5.888
val,pretrain,x3AwnkR92EA,00009,0,trainval,Vqm8fXFFHyY,50014,6.469263742197157,4.032
val,pretrain,qQIwTWJSd2I,00032,0,pretrain,weyd0UMdP7g,00018,8.983248664487128,4.224
val,pretrain,N9HF8mMe2pU,00007,0,trainval,wOiKRVH0nQ8,50011,6.913235497508609,3.968
val,trainval,Zx8uYIfUvh4,50016,0,pretrain,kvpUiBqHoVM,00003,8.937842865679766,4.864
val,pretrain,ErexJkoDhGI,00046,0,pretrain,DSbtkLA3GrY,00054,1.8625802069082216,6.016
val,pretrain,stAstsOxLPc,00012,0,trainval,raCIUeGUr3s,50012,-0.403124199615835,5.056
val,trainval,ZJPdJuhI03U,50002,0,pretrain,5pW2b1vwwf4,00025,-9.61946238536768,4.416
val,pretrain,o8NPllzkFhE,00037,0,trainval,ZzugJPASNB8,50004,3.826292201965895,2.816
val,pretrain,PUh5msG0rG8,00031,0,pretrain,WIebxoTx408,00008,-1.898527307587214,12.928
val,pretrain,LhjsRjC6B8U,00009,0,pretrain,LuG2rf9enHE,00034,-5.477345420458432,5.248
val,pretrain,qL7UlSA6rRk,00027,0,pretrain,TFvkq4BAvnw,00037,6.4634305050352765,6.336
val,pretrain,SS3qnZrVy9o,00012,0,pretrain,zuAj2F54bdo,00028,0.4601110219524891,7.872
val,trainval,WpEjt71l08I,50013,0,pretrain,F7oT1gXo5eA,00001,-8.948908889855511,5.12
val,pretrain,bvAEJ8G9l9U,00015,0,pretrain,EZwxKPv1CwA,00070,-8.992895616985937,5.056
val,pretrain,5AN5fPFtV0U,00033,0,pretrain,8b2vNkEtfpc,00016,-5.349127354633767,9.728
val,pretrain,CtvIX4s1bTU,00023,0,pretrain,dTwXeZ4GkzI,00022,7.3472221184181095,6.4
val,pretrain,lVQ3KUTHDe0,00019,0,pretrain,UiCJhSuLdok,00020,2.9306325493272034,4.352
val,pretrain,gVLu99Ja2mA,00012,0,trainval,8xHrpO6p7dE,50018,-6.135654770463788,2.176
val,pretrain,FrxDrpi1XNU,00006,0,trainval,Sb2qXygFm8U,50009,-0.7782545863654207,2.688
val,trainval,kj9HYBDSknQ,50003,0,pretrain,YSmJDnSemqY,00007,-1.4119050740555856,5.76
val,pretrain,GOZOhpxSAFI,00007,0,pretrain,HS8y0WLm78U,00086,5.756874921460893,7.04
val,pretrain,a4PUlSHZvf8,00006,0,pretrain,xSLkNjQyHww,00011,4.864922383109695,5.376
val,pretrain,E5BOBs3Nmbw,00016,0,pretrain,AoAbPIbGLUo,00029,2.461640646773473,4.48
val,trainval,1N6e0DnGq38,50007,0,pretrain,Hh09xlzxRmE,00013,-8.744276436998458,4.48
val,pretrain,ORBf73HiJns,00029,0,pretrain,oIGBBPspTKM,00057,-0.9458826161228053,6.784
val,pretrain,cPL2FE7ZPTg,00013,0,pretrain,oiVSHkItqxo,00031,-3.859016708321672,4.864
val,pretrain,K5wCfYujRdE,00027,0,pretrain,oDdcx5luv5s,00042,-5.128936616804431,5.44
val,pretrain,r1qdSnDm67s,00007,0,pretrain,F1U26PLiXjM,00027,8.925104537012352,6.976
val,pretrain,OT9poHSD2Iw,00024,0,pretrain,fHhIkynELNQ,00008,8.421447767820528,6.464
val,pretrain,5pIGDw18mIQ,00015,0,pretrain,2tBuvxXxlS4,00029,0.2693736221542835,12.096
val,pretrain,NFDmsNCGcvc,00005,0,pretrain,S9ry1M7JlyE,00017,4.347848508114808,2.88
val,pretrain,arj7oStGLkU,00006,0,trainval,5OISkgjSjkA,50001,-4.591826131402675,3.328
val,trainval,J6tgYBMXR6s,50009,0,pretrain,2OlhCITl1J4,00014,-0.07686016220344882,4.736
val,pretrain,Z1R1z9ipFnM,00026,0,pretrain,S9ry1M7JlyE,00026,7.785962784809698,3.968
val,pretrain,rGgoCm1hofM,00001,0,pretrain,qKlzdSH2X9w,00050,-2.108778102625129,6.08
val,pretrain,Acsv55lctGY,00001,0,trainval,yRUCU5FsvTY,50014,-4.938169051237864,3.52
val,pretrain,SDSjySgNSTk,00020,0,pretrain,4GMtcj9bBek,00013,0.011841829113379276,16.896
val,trainval,pimgaSjgwWQ,50002,0,pretrain,5YL3LT1ZvOM,00018,-7.808039156604931,5.888
val,pretrain,hz2ONnzRANs,00031,0,pretrain,u70RZtCJSrI,00024,-8.298888802995037,8.064
val,pretrain,syjEN3peCJw,00029,0,pretrain,iKHTawgyKWQ,00037,1.5564822388328174,9.088
val,pretrain,0OkOQhXhsIE,00006,0,pretrain,ueOqYebVhtc,00019,-0.9194617610625677,5.504
val,pretrain,IkJTwfHPv6A,00036,0,pretrain,XiEQmcZi8cM,00032,-9.000849662154183,5.056
val,pretrain,wSHYZv6HzAs,00023,0,pretrain,wsIrdxDJpSQ,00020,0.6916876098611286,7.936
val,pretrain,J45cWdDEbm0,00013,0,pretrain,wX78iKhInsc,00014,7.21471280813574,7.872
val,pretrain,YhCkjRXgnDw,00003,0,pretrain,Kk7kzUt3SLc,00028,-3.9696362627070574,10.816
val,pretrain,YbtrDM1aJF0,00001,0,pretrain,K5wCfYujRdE,00031,-6.336303071706839,4.288
val,trainval,5XD2kNopsUs,50015,0,pretrain,Zq7QPnqLoUk,00027,-9.522468659987812,2.176
val,pretrain,4wOxJOPnSUg,00010,0,pretrain,hCop3IGZH2o,00005,-3.6629197257424,4.16
val,pretrain,86xSuStz0MA,00010,0,pretrain,FcoJt2KLC9k,00031,-1.143607907585313,10.624
val,pretrain,FETryXMpDl8,00033,0,trainval,AgMOJC5R4F8,50005,2.3322185385303094,5.888
val,pretrain,fSRWTyY2YSM,00044,0,pretrain,iRSjlgWE9GQ,00024,7.97163421778232,2.816
val,pretrain,xQZxGCPjpqM,00006,0,pretrain,pcSlowAhvUk,00076,-9.172815925173712,7.296
val,pretrain,aGSZeDqG8Zk,00003,0,pretrain,wyhF7q3Sbpk,00004,-7.563696703762113,5.888
val,pretrain,1COwySxiwSg,00011,0,pretrain,aT6vIq6S1OE,00023,7.962614746945931,4.544
val,pretrain,BKOqq21S4Nw,00001,0,pretrain,8FKYe2v0teI,00027,7.0770559016619,9.28
val,pretrain,aIFFFGf1ZRE,00006,0,pretrain,5qdZybHSLnI,00024,7.178854951197128,14.528
val,pretrain,V7zMFJbBsD0,00011,0,pretrain,atKSMfx4E3I,00018,7.670031990095712,11.008
val,pretrain,F8pUtbSgrxc,00003,0,pretrain,A47JaOMDH4c,00020,3.283349364190107,3.776
val,pretrain,A4KMN9W4pRs,00001,0,pretrain,boSGZ3qSAys,00018,2.6244612115503507,5.696
val,pretrain,6EghiYSs2ts,00027,0,trainval,9o5jAaZn2p0,50002,6.631712806618054,2.112
val,pretrain,CiZMZ7d7O0k,00011,0,pretrain,vVsXO9brK7M,00013,0.6025986123224403,3.136
val,pretrain,L6PW0Nw35X0,00014,0,pretrain,1QX7aoxSTAQ,00020,6.000837992751901,3.392
val,trainval,PkcBE74OYJw,50003,0,pretrain,OOhgwjEnfAA,00005,-1.8753944974679762,6.016
val,pretrain,iUbfRzxNy20,00029,0,pretrain,o1abyP4zfGg,00010,4.779725003775363,16.256
val,pretrain,abMQhaMdQu0,00024,0,pretrain,5pW2b1vwwf4,00025,-0.852222507190648,5.184
val,trainval,Qhomjw2PSV0,50010,0,pretrain,CGksAjzI0go,00027,-0.34777495174136597,6.144
val,trainval,HB2SlA68YDU,50008,0,trainval,vo2cse4CoGM,50014,-2.63232025318173,2.88
val,pretrain,EHTmxmuhZ10,00028,0,pretrain,xV7IvRT5Qyw,00009,4.0980250095158794,8.128
val,pretrain,LXQqrR9mDMo,00005,0,pretrain,4oFGmxZ2nqE,00019,-6.810364986505945,8.576
val,pretrain,zbHe4RpgV80,00007,0,pretrain,erg8sDIYjmw,00001,7.784958028346491,5.44
val,pretrain,iTdZn78u6pI,00022,0,pretrain,MLU7qcMYKO8,00011,6.435786357069336,5.632
val,pretrain,tVoE8eSu4bw,00029,0,pretrain,ldhppc7GmZg,00001,1.396550514647572,4.928
val,pretrain,ByEoeBYUwOo,00002,0,pretrain,LhjsRjC6B8U,00009,3.5013716769374845,5.248
val,pretrain,BDOSUiEh0eY,00025,0,pretrain,2euqcSA4C9w,00009,-4.876021752730811,3.328
val,pretrain,hha0NsYXS5c,00024,0,pretrain,4l3Kj3hVSVY,00020,3.3236399194138126,5.056
val,trainval,ONXYcNS7k1Y,50017,0,trainval,raCIUeGUr3s,50001,-6.139783678604123,2.688
val,pretrain,EluxCgnQVzg,00005,0,pretrain,Y0GHWogx0eg,00034,7.149825672515853,7.808
val,pretrain,OSGHRMKrVM8,00028,0,pretrain,PS6vDLq64gE,00015,8.514282395258967,4.544
val,pretrain,sAUIAChAmc4,00011,0,pretrain,JmCtZzSRztQ,00013,1.5992803224527279,7.296
val,pretrain,CiJ6ybBSm10,00011,0,pretrain,SQB9zNWw9MA,00012,-6.236419026987344,5.248
val,trainval,5nrn5fC001Q,50006,0,pretrain,iXHil1TPxvA,00001,-1.1966292555642877,5.248
val,pretrain,MD23gIlr52Y,00009,0,pretrain,7p4zw4SqgUw,00019,-1.5902248337700797,6.336
val,pretrain,klUoJxGv9wg,00019,0,pretrain,UyQIKwSPZGM,00009,-5.319447016132093,5.696
val,pretrain,b2MSSeKey4o,00017,0,pretrain,cf3zxHuSM2Y,00006,-9.873465969136463,11.52
val,pretrain,q49LtMyXK7Q,00015,0,pretrain,BRETz2FSheQ,00018,-9.341571436312826,6.976
val,pretrain,kDXJhxLzmBQ,00033,0,pretrain,Td2hfdXQ5x8,00034,6.119796037989261,5.376
val,pretrain,YyBk55G7Keo,00028,0,pretrain,8Ug1MnU6LKw,00007,-1.8304838004920967,11.648
val,pretrain,U5kIdtMJGc8,00018,0,pretrain,aUBawr1hUwo,00018,9.820154731825859,12.096
val,pretrain,5SOHiN8Ne58,00005,0,trainval,Jp9b2Hf7QWg,50002,-9.504515403262578,2.176
val,pretrain,j7c9b9A2AHc,00072,0,pretrain,S6BLFdBfgfU,00005,2.5841912204964306,3.008
val,pretrain,i0a61wFaF8A,00009,0,pretrain,LKAhTELkOV8,00010,-5.419480711408742,3.584
val,pretrain,Possj5cXEnM,00009,0,trainval,f5udS4pbXPk,50013,3.196514344235826,2.56
val,pretrain,aSJn0xD0TXs,00013,0,pretrain,uYyvbgINZkQ,00025,2.1613901377581577,7.296
val,pretrain,AvtStbwMQqs,00026,0,pretrain,AoAbPIbGLUo,00001,-9.493234237421952,4.48
val,pretrain,Nhwq12TKkQQ,00031,0,pretrain,erCApSBd0AQ,00007,5.521287399118398,5.568
val,pretrain,vZWokpaQ3NE,00004,0,pretrain,GOZOhpxSAFI,00007,0.4710947864557564,7.04
val,pretrain,iSicXZ2tMRM,00013,0,pretrain,cn9Q4c3dXGU,00024,-7.4581961079137615,4.544
val,pretrain,QPiaadMporw,00012,0,pretrain,ScvI1jKxlTM,00004,0.7282395052291157,11.392
val,pretrain,d8s8e8JdGCc,00008,0,pretrain,sUf1ajkIAhY,00018,-1.5301656850506458,4.672
val,trainval,3E46oWB4V0s,50002,0,pretrain,U7y4GlmwPLQ,00018,7.050195850369594,2.432
val,pretrain,K0PJbPlZoNI,00005,0,pretrain,zqLYcJ6Ib3c,00032,4.428865756305754,12.288
val,pretrain,4a6ZRstYlgw,00014,0,pretrain,IJmr7MsS8fw,00063,-9.615843345332175,3.776
val,pretrain,l1fodZNF1GI,00024,0,pretrain,pY6ulSP70HY,00012,8.954107017664747,6.784
val,pretrain,JvIbrDR1GSc,00003,0,pretrain,1xgCI05l2GA,00036,2.5383609622996683,7.936
val,pretrain,oXbhTHaMwTw,00019,0,pretrain,wKIHuxe2fi0,00004,-8.057576728593075,4.928
val,pretrain,2l0sZrrWlrU,00010,0,pretrain,rSqYQXRVP0k,00014,-0.055216122289484915,4.16
val,pretrain,JaFSfq2Zn7I,00040,0,pretrain,AR6RiSHN7S0,00023,1.9948904814785706,8.0
val,pretrain,Dh5sPiuaO9Y,00014,0,pretrain,EZwxKPv1CwA,00027,4.832983085602018,5.12
val,pretrain,fzKxYlHmhmY,00014,0,pretrain,FjvjSlpJoqo,00015,3.696629395475412,15.68
val,trainval,Zx8uYIfUvh4,50016,0,pretrain,3UaOl8SYHes,00028,0.5647930810123913,4.864
val,pretrain,RbNqU2K0qzo,00004,0,pretrain,0nI65jgHG9o,00004,-2.8265904883440873,6.4
val,pretrain,KVjkFqS7Y6A,00024,0,pretrain,IjHlyKTSUug,00004,-3.065393844450983,6.4
val,pretrain,G0jxiJzIiz4,00011,0,pretrain,S9ZciGIBcS8,00011,-4.529981110628601,3.776
val,pretrain,RPjqPHCMJHU,00001,0,trainval,1lUAhRSACKQ,50006,-8.035219990632163,5.888
val,pretrain,ANFQPEkczYc,00019,0,pretrain,mArrNRWQEso,00045,-8.176112582418574,8.96
val,pretrain,URSuWwvpn5c,00039,0,pretrain,2cYDyMnL4M8,00028,-2.934440974574817,5.44
val,pretrain,cn9Q4c3dXGU,00007,0,pretrain,C9XIVtUEgFE,00005,8.438292690808915,4.096
val,pretrain,80GqbW1MmQM,00015,0,pretrain,jv8m8rycnQs,00002,3.3456539467208106,10.304
val,pretrain,ocqn3wYTCRM,00006,0,pretrain,8rzlrItooG4,00020,-4.425592861916856,4.224
val,pretrain,pWX1oQEGl90,00021,0,pretrain,ioMpOr7Yx98,00017,-9.519770729406074,7.104
val,pretrain,vvlozhvQPJw,00004,0,pretrain,hTAXEq6zLo8,00010,6.638138238605297,5.824
val,pretrain,8sQ2p89P0Us,00018,0,pretrain,gjCwsdCssdk,00020,-0.8009543140442901,4.288
val,pretrain,XGq3MXQlRJs,00013,0,pretrain,8SG4H4sVSW8,00002,8.723324992808045,14.336
val,pretrain,RgtoZ2ue05w,00005,0,pretrain,QBDShp6U7tU,00020,-1.0474637142797576,9.088
val,pretrain,3Z6x5t5A9so,00043,0,pretrain,n9OhxKlrWwc,00012,-5.771139759950785,4.096
val,pretrain,FRKg49ySnNw,00034,0,pretrain,vhhgI4tSMwc,00022,5.709367257742821,6.976
val,pretrain,w3q89BTJj3o,00042,0,pretrain,LWQfeSSfNbs,00025,4.743717088332511,7.68
val,pretrain,fSSNmDcLMKA,00022,0,pretrain,vFPkEIGUofc,00021,0.8266632855979434,4.224
val,pretrain,pbSSrJGgVIo,00017,0,pretrain,H03o2WCBoDU,00029,9.209284970691456,9.536
val,pretrain,NDQ1Mi5I4rg,00027,0,pretrain,evfgbVjb688,00012,-2.519022652149701,6.848
val,trainval,W4I68CGUV3w,50006,0,pretrain,SwMTKRixZIE,00020,-7.677589316126408,2.432
val,pretrain,8rZzHkpyPkc,00039,0,pretrain,kdqUhTnAgJU,00011,-4.803418414077589,5.312
val,pretrain,MF2Q6CcGN7E,00003,0,pretrain,YzQDnTPuNZM,00011,7.932938597212445,7.232
val,pretrain,m7SuKQGPMSw,00010,0,pretrain,aTgPJQ9Dy7Q,00016,7.637336818328745,7.808
val,trainval,Wtp7R97jz5k,50013,0,trainval,TT6qWghHkFI,50017,-2.007835694707259,3.008
val,pretrain,ioMpOr7Yx98,00012,0,pretrain,y7LXwGfvxwo,00036,-6.422501522950304,10.752
val,pretrain,uVAaZVz9pDs,00061,0,pretrain,CHxhjDPKfbY,00012,-3.6070159854959165,5.312
val,trainval,MOFdlEbu15g,50017,0,pretrain,r92jUj7gNRw,00036,5.487223460393551,4.288
val,pretrain,audakxABYUc,00010,0,trainval,nUdsTizSxSI,50022,-5.52346537827572,6.08
val,trainval,BMdMSmtTgD0,50015,0,trainval,hJZ0pAoxksE,50010,-4.10845566912683,3.968
val,pretrain,iCvmsMzlF7o,00036,0,pretrain,y3jYVe1RGaU,00002,6.741829127618185,5.696
val,pretrain,J6SSCMhcCfQ,00012,0,pretrain,UUkAGboDMwI,00012,-7.181094570918296,12.032
val,pretrain,WaGq9XwSVys,00005,0,pretrain,y62pJTJkfbg,00005,3.005266765031287,4.992
val,pretrain,erg8sDIYjmw,00005,0,pretrain,xnovQVRHj5c,00025,9.538399436705213,3.712
val,pretrain,rQSSSLRpsVs,00013,0,pretrain,3F2jACWwKdU,00028,-5.6436586586385395,6.72
val,pretrain,aIFFFGf1ZRE,00005,0,pretrain,E6wlTtQBlhI,00002,-9.685436276161361,7.872
val,trainval,3XDdhbrg2kw,50017,0,pretrain,KxDwieKpawg,00043,-4.33803714039001,3.52
val,pretrain,NcPusGLnqAc,00007,0,pretrain,xX1Job6O60E,00004,3.1971941399783343,3.52
val,pretrain,Rpsf1YJsbbI,00006,0,trainval,YO0lbdhF30g,50022,0.06068023632883168,2.88
val,pretrain,57FMau29OSg,00036,0,pretrain,DqsvwHG9cSM,00001,3.801372265113681,9.92
val,pretrain,T9vLHFza8Uc,00006,0,trainval,ZhDgwrKSBWQ,50015,-0.6946968867205889,6.08
val,pretrain,j7RsRnYlz7I,00010,0,pretrain,o9DNWK6WfQw,00016,4.097600116710131,5.568
val,pretrain,jSSqQDPGW2k,00002,0,pretrain,oTHSfmQo3Ok,00023,-8.600099530166759,9.536
val,pretrain,hiM48jSNZOU,00007,0,pretrain,mkdSXHXhCcw,00064,-5.703638171662204,6.208
val,pretrain,A0V9Rk9tNL0,00007,0,pretrain,NAcuH7nSdLc,00045,4.1472347155241245,5.248
val,pretrain,Y2y7BzjbSNo,00002,0,pretrain,S6cX2p5cBVg,00047,-1.7792823394188702,8.96
val,pretrain,PFVP8L3SlfQ,00011,0,trainval,GlUS6KE67Vs,50011,2.772156066165735,4.992
val,pretrain,4RSgUhgg70Q,00001,0,pretrain,CrsdoIOGCRw,00002,6.195698196143024,6.656
val,pretrain,1cQbMP3I5Sk,00003,0,pretrain,tH5iEf9oxaI,00055,-3.161224193009671,5.632
val,pretrain,JaFSfq2Zn7I,00014,0,pretrain,wgPLGS1BvQo,00007,-5.8898241694164,5.504
val,pretrain,3E46oWB4V0s,00004,0,pretrain,XPkV1bDZDl4,00009,-6.093517692316441,8.448
val,trainval,IDqMB6C1uys,50012,0,pretrain,LsESSyMnwmU,00024,2.034059647231949,2.432
val,trainval,jdMv5x8SBuM,50003,0,pretrain,fbeFn1Xcqo4,00059,-4.524019986920447,4.48
val,pretrain,mozxTk3Brqw,00027,0,pretrain,ETFkztcoMVc,00011,1.3751358805951508,6.016
val,pretrain,4bHO8NZwmIg,00018,0,pretrain,gyPoqFcvt9w,00021,1.7039773263097597,3.648
val,pretrain,5nys6iebjHw,00030,0,trainval,PMBWNbj2awk,50002,-6.350771178667156,3.776
val,pretrain,SF242mxtZN8,00050,0,trainval,k0T6rfpYoqA,50004,6.015019662963976,4.352
val,pretrain,JDDGhGiaAZU,00031,0,pretrain,1LSE7KCN9xg,00016,0.5799865826588597,6.208
val,trainval,imaWSTabxOE,50003,0,pretrain,EEWTNYovKfE,00011,8.947534514867431,6.08
val,pretrain,AlsFSLXjVdw,00012,0,pretrain,B9bDZ5SzPtY,00008,6.690944916254971,7.296
val,pretrain,HSmKRshF1SA,00015,0,pretrain,IRVdiHu1VCc,00085,1.9183644196723293,8.896
val,pretrain,uVAaZVz9pDs,00015,0,pretrain,AFRmGkdXkxA,00022,0.06799007751288144,7.616
val,trainval,8COaMKbNrX0,50005,0,pretrain,v9DHLMw2o70,00014,-3.675735834401661,2.048
val,pretrain,BnC6IABJXOI,00062,0,pretrain,PdxPCeWw75k,00017,-7.605353159821182,6.464
val,pretrain,xbagFzcyNiM,00007,0,pretrain,vHhn7z6BA0w,00029,-8.051525449551924,4.16
val,trainval,BMDSPhk7JSY,50006,0,pretrain,BcTOSxcv2So,00013,-1.3052802371478585,5.76
val,pretrain,GOCUH7TxHRI,00006,0,pretrain,LoXAAEy6YQU,00015,0.21107606511798238,4.608
val,pretrain,MiOVX7qKQ24,00014,0,pretrain,HSzqFSOft20,00002,5.556567033731097,7.744
val,pretrain,asSNPOU5U3c,00039,0,pretrain,fCKNScHMBGE,00033,7.194508059710209,8.384
val,pretrain,VSTGxJI4JwA,00020,0,pretrain,LMrzdkSYnYY,00044,8.117852186848186,4.864
val,trainval,DzNNS4rcIjs,50008,0,pretrain,v3SZTqj2Skw,00028,4.376683706359188,2.24
val,pretrain,KPzccnstSXg,00003,0,pretrain,hZ6uYagzwVE,00004,6.122399718609682,7.744
val,pretrain,apbSsILLh28,00043,0,pretrain,ts9JpM0gHMU,00009,-5.132220881912626,9.408
val,pretrain,aILSY9g7Tg0,00006,0,pretrain,2zvjW9arAZ0,00067,5.242849051602242,4.48
val,pretrain,3QZp6smeSQA,00021,0,pretrain,mGBHC1R3e7s,00001,5.705020560224774,5.568
val,pretrain,FAubx3BBgLk,00009,0,trainval,z9CabT4Kcz8,50008,-3.2245363722705473,6.016
val,pretrain,QogTFXqFhMw,00010,0,pretrain,Er9bh94f1w0,00023,-8.146712613915204,4.864
val,pretrain,1gdKrtwBGqY,00018,0,pretrain,SGzenQjZSpU,00024,4.613730183591807,5.376
val,pretrain,Uq1idqpX9SA,00029,0,pretrain,imaWSTabxOE,00008,-6.198469851224198,5.056
val,pretrain,HbQZ7jAvgoI,00003,0,trainval,kyaiTGmwxnU,50004,-2.699044476498276,5.888
val,pretrain,QSfFattg8N0,00012,0,pretrain,7c5t6FkvUG0,00006,7.041521492413093,20.416
val,pretrain,J6uL4vDAU3s,00004,0,pretrain,ue4L8kmaKXQ,00001,-8.87357293502899,7.488
val,pretrain,iueVZJVEmEs,00021,0,pretrain,3LzX36sShcs,00015,7.325130707901568,3.328
val,pretrain,L2M15ZeTLxc,00003,0,pretrain,ISjk9ni4XWk,00021,1.6818262848942762,8.64
val,pretrain,6bVhrpkp0WU,00025,0,trainval,tic7X3ET4gE,50011,0.6152310696462937,2.304
val,pretrain,Hh09xlzxRmE,00005,0,pretrain,j7RsRnYlz7I,00011,1.3178853392744756,4.288
val,pretrain,Ysxz5Ug70G0,00011,0,pretrain,uSMqkSqSgN4,00027,7.519665325915213,5.248
val,pretrain,O4bGOvkkHcM,00005,0,trainval,xh8el8m9mLM,50004,9.874047876447133,5.952
val,pretrain,9YR8jNtV4BE,00009,0,pretrain,tAcQfn96yFk,00013,2.9961859753466094,8.128
val,pretrain,bhgonb4EqXI,00008,0,trainval,g3TyY9y8mBc,50010,-2.8249872957703825,5.952
val,pretrain,SGMVTJ9ZKVc,00020,0,pretrain,7s0CpRfyYp8,00014,1.9178827651257357,4.096
val,pretrain,ISSupr6ayqw,00014,0,trainval,cSsxBTNF2U8,50004,9.759779791021948,3.456
val,pretrain,AR6RiSHN7S0,00043,0,pretrain,iARReKKgETs,00012,-1.7040256885153866,6.016
val,pretrain,sGXeX7PPrCI,00021,0,pretrain,TYFH0DSjyqc,00005,9.26332359007543,7.744
val,pretrain,XkiXXPShycA,00024,0,trainval,K5wCfYujRdE,50008,-3.866749094431679,2.816
val,trainval,y9Trdafp83U,50009,0,trainval,deT1mILtFEY,50021,-9.586391044527536,4.736
val,pretrain,60OVlfAUPJg,00050,0,pretrain,LlQXs0yofMs,00006,1.1628817644451122,5.76
val,pretrain,weCFbknwZa8,00026,0,pretrain,AFRmGkdXkxA,00012,-9.569491836676537,7.808
val,pretrain,hha0NsYXS5c,00014,0,pretrain,5ErKrSyUpEo,00017,-8.047948038331656,5.44
val,pretrain,buRLc2eWGPQ,00003,0,pretrain,YjHSx0xmXtU,00005,7.823550998011683,7.232
val,pretrain,a0x0r7aPI2M,00008,0,pretrain,LhjsRjC6B8U,00009,-7.9257945515311405,5.248
val,pretrain,CGksAjzI0go,00057,0,pretrain,w3q89BTJj3o,00025,2.407362023920264,10.048
val,trainval,J6ZzmqDMhi0,50006,0,pretrain,12OAr0lt4bk,00027,9.820686971872206,5.44
val,trainval,Xv2gHiX9Bqw,50007,0,pretrain,DERu2aAqqWM,00004,-7.7125170658400855,2.112
val,pretrain,AbqsMDfX9Ig,00004,0,trainval,yDubrSRjlCE,50010,-5.294884367202039,2.24
val,pretrain,QISHX5UKky0,00023,0,pretrain,AS3Pyc4Qr2Q,00017,1.5335525165966644,7.296
val,pretrain,AoAbPIbGLUo,00032,0,trainval,mpqrO2agOTs,50003,-6.622335521254494,5.952
val,pretrain,pbGLBjDhnSY,00005,0,pretrain,vdDFLzyk94k,00021,5.994656070044472,3.264
val,pretrain,ErexJkoDhGI,00014,0,pretrain,WQG8EJTY48M,00008,-8.043336452672714,5.44
val,pretrain,dvYYYlgVAao,00005,0,pretrain,rTMqGbTNkNg,00003,4.270419191804557,4.736
val,pretrain,1bXAkbCyjpo,00006,0,pretrain,x4lASM3zbdU,00001,7.160462008136474,5.888
val,pretrain,G8cjIBwP52o,00048,0,pretrain,7s0CpRfyYp8,00014,-5.231209022415011,4.096
val,pretrain,pcSlowAhvUk,00067,0,pretrain,trxGZMm4nBQ,00028,8.853532566515668,8.768
val,pretrain,IwWuLSwSMvI,00015,0,pretrain,qpfq3xCdAu4,00008,7.357188820826828,2.88
val,trainval,lw3YTbubyjI,50014,0,trainval,ufUkAQOQaXU,50006,-3.401403676717301,2.88
val,pretrain,7W8OJgeYy1w,00009,0,pretrain,d0a0eXJ5TJM,00010,7.305835619724835,5.056
val,pretrain,qyecmU5r9SI,00001,0,pretrain,cyBeRNOxNBk,00003,9.659769501840767,6.208
val,pretrain,mzy84VbSGxk,00020,0,trainval,bbFF5n7S930,50007,0.6741788779828255,3.008
val,pretrain,hbkBSjNGSzE,00006,0,pretrain,kLIfeGflNp8,00010,8.096190514164292,4.8
val,pretrain,U8XD0CcNhPU,00002,0,pretrain,FktsFcooIG8,00010,-5.285420565422525,12.672
val,trainval,qNvDRuGK84I,50008,0,pretrain,yP2niXStKVQ,00005,1.7978064463015322,5.632
val,pretrain,1pq5jnM1CSA,00007,0,pretrain,ZChEFOGSn8Q,00029,-1.145673065461473,3.776
val,pretrain,nLeeTVmVrtA,00023,0,pretrain,F17SKiAZOxg,00052,-2.0348077751683853,4.928
val,trainval,cotBM0laSSo,50022,0,pretrain,8tEuaj4h8dw,00021,0.031089637160196304,5.696
val,pretrain,YraU52j3y8s,00055,0,pretrain,luoKOkTxOtU,00015,-3.380197372006757,9.664
val,trainval,d0yGdNEWdn0,50005,0,trainval,2NWpMqD8Qyk,50002,-8.495427788061921,2.176
val,pretrain,3z1cCT2NP4k,00008,0,pretrain,K0PJbPlZoNI,00006,-3.3091114280064726,5.504
val,pretrain,Z7CtKDNf2RI,00018,0,trainval,KOtFDsC8JC0,50009,-0.6856090971811888,4.096
val,pretrain,KCr8s57hdzY,00021,0,pretrain,fCt6PoTfPvg,00016,-9.859239333238667,5.312
val,trainval,U9BzgnX3z6Q,50002,0,pretrain,G0ZjSInJ4BQ,00012,-0.7617682752487003,6.08
val,pretrain,KDBcoRLkut8,00009,0,trainval,Re53vgaVFvI,50004,-9.03970862087025,5.184
val,pretrain,rXepkIWPhFQ,00014,0,pretrain,BgbD67U0BAQ,00002,-0.937465880010004,4.608
val,pretrain,Ep2MAx95m20,00002,0,pretrain,FjvjSlpJoqo,00005,9.77917204103639,44.224
val,pretrain,wAIP6fI0NAI,00006,0,trainval,3sUWSDHOVn0,50019,-4.0093786093279355,5.568
val,pretrain,6wk4dkYSrV0,00038,0,pretrain,bRQahFJUSJQ,00005,8.04563800939136,6.656
val,pretrain,gLgNjywpKsY,00010,0,pretrain,VStEmE85QDE,00015,0.15062381423995141,5.76
val,pretrain,PcDftBVDSlc,00002,0,pretrain,jqWHy6B0ADA,00017,-6.373856862646812,10.24
val,pretrain,vRK7KKQH9Ck,00003,0,pretrain,iSpwUpdQdyY,00030,-5.218625983438128,8.64
val,pretrain,I2xDZlpInik,00026,0,pretrain,rufeSSlZJg8,00022,-6.3637477116208,8.576
val,pretrain,xuAAPsiD768,00038,0,pretrain,nLecuOcB3dA,00011,1.947222960913038,3.584
val,pretrain,aFDKHFsVRnY,00007,0,pretrain,IMTcuU0KLSw,00006,0.7140249847420055,12.16
val,pretrain,qQIwTWJSd2I,00010,0,trainval,5pGWV4KBDUs,50001,-4.619331173519261,6.016
val,trainval,xAgawjzimjc,50001,0,pretrain,j4yCdGB2NG4,00014,7.3595325671739715,2.496
val,pretrain,CiSk3gmyjQ8,00007,0,pretrain,SFW0TEFKCxk,00022,-6.061048235080227,5.312
val,trainval,GOZOhpxSAFI,50021,0,pretrain,Hy4yby7ZAd0,00002,9.541981680196866,2.176
val,pretrain,zYhgy5ouYLM,00004,0,pretrain,FRKg49ySnNw,00015,-9.003401970062374,5.952
val,trainval,x8QxdldkPNM,50004,0,pretrain,zMWYQRKuc5M,00005,8.28718601648712,2.24
val,pretrain,nQcgD5DpVlQ,00030,0,pretrain,SQwRsVyk7us,00001,-6.398022568247475,18.112
val,pretrain,DsSrzoyyfF0,00024,0,trainval,cmFSHbPSjd0,50001,9.920855582739836,6.08
val,pretrain,3qyVvDGDGQs,00007,0,pretrain,CVaSIZVzUoc,00024,-7.546533342105677,5.824
val,pretrain,vMeEKBaiPbg,00010,0,pretrain,uW9tg1vJwZQ,00006,-3.820773401703952,8.576
val,pretrain,tSSNoFstCmQ,00050,0,pretrain,NhSTVcNFtVI,00024,0.9291258212460001,9.216
val,pretrain,Qhomjw2PSV0,00001,0,pretrain,7ShFmRzffOg,00004,-9.695401632265135,4.736
val,trainval,uHRG3Vr9qyI,50001,0,pretrain,CSeFjLZqXt8,00004,8.609932293008018,3.968
val,pretrain,asgdGSGQBgY,00005,0,pretrain,MLKj1puoWCg,00022,6.912275091813143,9.024
val,pretrain,2PR51JQkib4,00024,0,pretrain,YXWKuKSQsu4,00025,0.5398096903236382,3.584
val,pretrain,NXfYNdapq3Q,00031,0,pretrain,fWqKalpYgLo,00005,0.42037436345679957,11.008
val,pretrain,MBZyRlxVdSE,00012,0,trainval,nUdsTizSxSI,50022,-7.728317592308014,6.08
val,pretrain,Xv2gHiX9Bqw,00027,0,trainval,GDnYDLERnRE,50036,6.2180277703185425,4.096
val,pretrain,RtFFT4zjyTM,00030,0,pretrain,PWhjzFwn9Js,00010,-1.9872591623256923,3.648
val,pretrain,P1sbSJK1LiI,00014,0,pretrain,LiyaSr5aeho,00008,5.35302226115329,7.616
val,pretrain,Wtp7R97jz5k,00013,0,pretrain,RBfdvib2irc,00010,0.9900100328767376,2.88
val,trainval,SjsGSNgmleA,50002,0,pretrain,6aRz72yxHQo,00008,-6.91135313731648,2.24
val,pretrain,2OH1xSaKSmI,00019,0,pretrain,uHRG3Vr9qyI,00013,9.249215772718347,14.72
val,pretrain,imhUmLtlZpw,00016,0,pretrain,vcSn852sv3E,00029,-9.521634029645556,4.096
val,pretrain,t2FrJOGKWxY,00003,0,pretrain,j7c9b9A2AHc,00061,-7.799857235069401,4.16
val,pretrain,SltDJynTduY,00012,0,pretrain,vQILP19qABk,00007,-3.167854758931048,6.08
val,pretrain,w96osGZaS74,00025,0,pretrain,IfjI0tVUpbc,00016,-8.375190333226861,7.936
val,pretrain,IDkSDPgrtjs,00004,0,trainval,aR6jLD1USW0,50009,4.008756955395025,4.16
val,pretrain,tWBiTYUlhxQ,00003,0,pretrain,qxmEpmCtM3o,00007,4.673823160815502,19.584
val,trainval,ApGeDdIaxo8,50002,0,pretrain,xNiBDGBw4Zs,00004,9.090785283784058,5.696
val,pretrain,fddYApFEWfY,00004,0,pretrain,sJKFyDbWVqA,00015,-4.144161045856755,3.968
val,pretrain,uS3UYncNwz4,00006,0,pretrain,vvhiNSqq6oo,00025,-1.9653340141228206,5.184
val,pretrain,8rzlrItooG4,00002,0,pretrain,0ITHlySbhJE,00018,-5.379107758256834,5.504
val,pretrain,GqGksNRYu8s,00043,0,pretrain,ZBWsmoy5Re4,00006,-6.23356783516183,6.656
val,trainval,vMwPTI54rqQ,50019,0,pretrain,SUkVcmKZyyQ,00028,8.143099090671559,6.144
val,pretrain,vcSn852sv3E,00004,0,pretrain,IRxgDMSp9Gs,00012,-2.7055759672857853,6.72
val,pretrain,SDjLpMj3BDU,00002,0,pretrain,mWm2qtEeBjE,00024,-9.881627339902206,6.08
val,trainval,q06YIWCR2Js,50019,0,trainval,s6rJLXq1Re0,50002,6.1631163214891735,2.496
val,pretrain,l92bqJNkIao,00003,0,pretrain,aL00a3sfnYM,00006,4.620990732546929,4.48
val,pretrain,jvBaRf9LHDs,00038,0,pretrain,L9Sc1j9VRwE,00003,-0.5368237538582381,3.776
val,pretrain,Q80MfH7xPPE,00003,0,pretrain,S98m4Vod6S8,00011,3.440037279932028,8.128
val,pretrain,mSQmfZOVNPw,00023,0,trainval,5Jqk1rkuUwU,50017,5.464747165637791,2.816
val,pretrain,urOCGSMlB9g,00012,0,pretrain,e8JK3qVGuUg,00026,-7.161507435116016,12.736
val,pretrain,H1fvr9rGgSg,00052,0,pretrain,k9QTVIISlkg,00021,1.7367295366079887,3.84
val,pretrain,MywGrRvNkWQ,00007,0,pretrain,tBoBC3nBoFs,00017,1.41173205350972,6.72
val,pretrain,HAKea48B3oM,00025,0,trainval,fkPISY2Vg5k,50001,0.037586362122695505,2.368
val,pretrain,XyCY6mjWOPc,00026,0,pretrain,2G0wQfUl9EU,00003,-4.216221026067961,6.976
val,pretrain,vkEeNkHilIg,00026,0,pretrain,a7t61U6BBcs,00003,-4.6330193674434295,3.072
val,pretrain,86Hyq4bBpA0,00005,0,pretrain,XkiXXPShycA,00027,6.533773238051609,10.176
val,trainval,sHJZRPWXQ9s,50014,0,trainval,buHSvs7LFzw,50002,-7.029957015944824,2.496
val,pretrain,rKtmsVa4Kvk,00018,0,pretrain,uYaF8pSTNSU,00066,-5.334024028874609,4.608
val,pretrain,hHOX3dlhhZ0,00014,0,pretrain,ZcFRfJb2ONk,00014,0.09988171230924614,8.32
val,pretrain,iKHTawgyKWQ,00036,0,pretrain,cWpRxyqDgpM,00009,6.220724260360079,4.416
val,trainval,fbeFn1Xcqo4,50008,0,pretrain,C8QCStOtqus,00024,-2.7701480333421618,2.368
val,trainval,ZaSFy6RX3aE,50011,0,pretrain,D5iFVKhLStU,00001,-0.4890122444351537,2.304
val,trainval,0ygtX2nyexo,50015,0,pretrain,ftWn4QOvTTo,00004,-8.384604196229361,4.288
val,pretrain,h1Yg1rURKR0,00014,0,pretrain,NDWkSrKRTCs,00001,1.7000784586299034,5.056
val,pretrain,wvCMZBA7RiA,00004,0,trainval,4Lb5LSVEm34,50004,-9.695503754381123,2.944
val,pretrain,7ShFmRzffOg,00038,0,pretrain,hbG89FYKzaY,00013,0.6611927246940663,3.968
val,pretrain,X41iulkRqZU,00033,0,pretrain,NRO0SJXuFMY,00006,-7.444233815182257,12.416
val,pretrain,nG1oCU0ijP0,00036,0,trainval,hSSmmlridUM,50008,3.586587652831966,2.56
val,pretrain,jSOPQgPIdKg,00014,0,pretrain,S4rBC2lRmY0,00005,1.6700148199277898,11.776
val,trainval,dUdCToPPK5A,50002,0,trainval,f6CILJA110Y,50031,4.772617757666559,4.8
val,pretrain,oOE0kKteWkg,00015,0,pretrain,NFIOuy3JSIQ,00011,-9.898700227022083,2.816
val,pretrain,b6rAgHcuYtE,00018,0,trainval,mkdSXHXhCcw,50002,9.452319543519057,3.136
val,pretrain,ANFQPEkczYc,00008,0,pretrain,OAK1UIbSFio,00040,-1.3778344002813547,6.4
val,trainval,gLDQr9i7LkM,50020,0,trainval,DWZsOe1j2w0,50003,1.4159431969696623,4.096
val,trainval,6bVhrpkp0WU,50024,0,pretrain,bf7BXwVeyWw,00031,-9.637166679366167,3.2
val,pretrain,Hh09xlzxRmE,00022,0,pretrain,dOt4NkcmIUg,00002,-9.147512068953612,6.464
val,pretrain,eJZSzNuKX7c,00026,0,pretrain,LHd0vXDglb8,00002,-1.8490598191028074,4.736
val,pretrain,icI94blMKIc,00012,0,pretrain,IJmr7MsS8fw,00069,-4.259389561031921,8.64
val,pretrain,1PV7HyS8fhA,00009,0,pretrain,PYjWLqEScfE,00005,3.4810703630391604,10.176
val,pretrain,jPyR3UDhOm4,00033,0,pretrain,zkQL7UJYDIY,00005,0.29154956987449765,10.56
val,pretrain,xgKqX5Yj3b8,00007,0,trainval,ohGMgSLJCjs,50018,9.113384105059463,6.208
val,pretrain,IL2lb9fmIV8,00007,0,trainval,sWN13pKVp9s,50012,-4.191117001708433,3.648
val,pretrain,GB4s5b9NL3I,00067,0,pretrain,qMppKiqMpAk,00024,3.479635703802053,5.312
val,pretrain,bJ8Kq1wucsk,00010,0,pretrain,iQsnObyii4Q,00011,-5.21403552368959,5.696
val,pretrain,zOSaCQ6xHS8,00008,0,pretrain,Ftnb2fpJ664,00025,3.906970478283995,3.52
val,pretrain,1BfMMoLYMlg,00010,0,pretrain,asgdGSGQBgY,00007,-5.476508528213304,2.496
val,pretrain,ShFk6FDrZBc,00032,0,pretrain,wgPLGS1BvQo,00047,-3.384649009049947,6.4
val,pretrain,ogeGJS0GEF4,00002,0,pretrain,kfAxGhOS3S8,00001,-5.857312107828494,6.208
val,pretrain,SwaBFUgSoT8,00023,0,pretrain,UQkIbUvcs7w,00010,7.5713213753533495,7.616
val,pretrain,lxovD2LQVUQ,00008,0,pretrain,hfznpykprP0,00019,6.4775237609910725,10.816
val,pretrain,ZWfCi9WxK1E,00004,0,trainval,ciStnd9Y2ak,50018,6.873224695159411,5.12
val,pretrain,SABC5U4MvTI,00004,0,pretrain,cSiNSQubRs0,00014,-1.6360945899448769,4.288
val,pretrain,8m5Ebx6nuGE,00023,0,pretrain,nLtUl2CP8ak,00048,8.770887688672246,6.656
val,pretrain,xV7IvRT5Qyw,00014,0,pretrain,P9YbrVFoX0Q,00016,9.507394832762316,4.8
val,trainval,M9pPgIraoOM,50003,0,trainval,DZyaRAVcYuY,50002,2.873506489953332,2.048
val,pretrain,eyBEIx7fCfY,00031,0,pretrain,a2MR5XbJtXU,00031,-1.9661207094330955,10.24
val,pretrain,SltDJynTduY,00021,0,trainval,mwrLVvORugw,50009,1.630756682601529,6.144
val,trainval,2NENlXsW4pM,50012,0,pretrain,2OH1xSaKSmI,00008,1.9826654756210225,2.112
val,pretrain,t9c7aheZxls,00029,0,trainval,KTvSfeCRxe8,50057,7.180819461025909,2.24
val,trainval,uHRG3Vr9qyI,50012,0,pretrain,gWD6g9CVSsc,00025,-8.181590222777926,5.696
val,trainval,I9tB6Q5bmcQ,50004,0,pretrain,lSYy6poJ2zs,00011,-9.309250877543489,6.08
val,trainval,hQ4XmSR9zw8,50010,0,pretrain,xpfxVRBddNQ,00012,-2.115607730443765,4.096
val,pretrain,2NWpMqD8Qyk,00026,0,trainval,3f5lk3PZh74,50001,-6.745971181061321,3.456
val,pretrain,W4I68CGUV3w,00009,0,pretrain,r3afSFSG570,00057,-1.3048044463853987,6.848
val,pretrain,QxkxcsrveLw,00009,0,trainval,jVBp2nDmg7E,50017,-2.360005467799134,2.496
val,pretrain,o0td5aw1KXA,00025,0,pretrain,7vsO7SHLJMI,00033,-4.79754153501381,10.048
val,pretrain,dm4fvbrMLPw,00028,0,pretrain,TzNSuIVkfjg,00003,6.092405263131411,3.776
val,pretrain,kYZqyjzuaOw,00004,0,pretrain,aMkNASF9lwE,00010,3.007965834597222,19.2
val,pretrain,3qRtDnsnSwk,00001,0,trainval,7DLzXAjscXk,50041,-8.20943074760187,2.432
val,pretrain,o3VwYIazybI,00006,0,pretrain,8SG4H4sVSW8,00002,-0.21522605118716776,5.056
val,trainval,eCknUJJc3qU,50002,0,pretrain,2zvjW9arAZ0,00050,8.968304046917396,5.632
val,pretrain,hFGLqkDnSVI,00014,0,pretrain,a6Qvzp516gY,00002,1.1207973123354709,10.304
val,pretrain,TjaM0tdxtYA,00002,0,trainval,W9YBCwgrwQA,50004,-2.44082962457189,5.376
val,pretrain,DajRM7VyeZ4,00005,0,pretrain,zZo3S5j1Pf8,00003,8.67833689109252,5.056
val,pretrain,g1bOpgoOI3g,00020,0,trainval,p7YRnLbmLGs,50001,5.3283544432357,5.824
val,pretrain,jn0Ygp7pMbA,00023,0,pretrain,sBaiRpIpPKQ,00008,4.523752831416685,2.624
val,pretrain,oDdcx5luv5s,00010,0,trainval,1SS2wOnkcSk,50002,2.1303800394415777,6.016
val,trainval,mLufqwmPl1A,50006,0,trainval,dOt4NkcmIUg,50013,-3.741011105627261,5.312
val,pretrain,nW5VhQyc4Fg,00017,0,pretrain,vPn94XAUBoo,00007,9.69221672585401,11.84
val,pretrain,qKlzdSH2X9w,00024,0,pretrain,OtNpDaQqNSQ,00001,-5.857902032335431,8.064
val,pretrain,4SY6Te9Y1ME,00007,0,pretrain,dY9f9bFctUE,00014,-5.964318570320549,6.336
val,pretrain,X7uiSiAp8Pc,00005,0,pretrain,ncwpzEoVZCk,00011,-1.5243195256585107,4.608
val,pretrain,E6ynZcLdi2Q,00006,0,pretrain,FIrgjCNcDBI,00001,-7.002911004995238,7.616
val,trainval,pMUv6UWkuWw,50005,0,pretrain,r9LelXa3USI,00002,-8.505545624751269,3.264
val,pretrain,P82edb1SCNs,00025,0,pretrain,fJ36gCwKVec,00005,5.446573747680503,10.368
val,pretrain,lASzdhSbQBo,00025,0,pretrain,cplaWsiu7Yg,00026,-6.028870669284389,4.8
val,pretrain,aSLSiIskEFU,00052,0,pretrain,sucza6EOIf0,00014,0.5392867994170878,7.168
val,pretrain,ljqra3BcqWM,00024,0,pretrain,7s2CoqypMLg,00023,1.0347416756188323,3.648
val,pretrain,EszGIvRdgTE,00008,0,pretrain,UJ7QaCFbizo,00024,-9.673458846934299,15.552
val,pretrain,PVfd6fg7QsM,00019,0,pretrain,sNbGUSI9HWw,00038,-0.306612603001156,3.328
val,pretrain,Mo2Ai7ESNL8,00031,0,pretrain,IyrcWMvu9ek,00004,-6.109591587420812,5.376
val,pretrain,ZHOyfyGwpes,00025,0,pretrain,JiwZQNYlGQI,00014,-0.8183614100322991,5.568
val,trainval,l2oywAEJ9hE,50006,0,trainval,QUL0eSQtV8c,50003,-7.072115253386069,2.752
val,pretrain,yLjxoscCi0A,00004,0,pretrain,rYwTA5RA9eU,00023,-2.0842145033837607,8.0
val,pretrain,bCjfy8Z7dv8,00008,0,pretrain,buRLc2eWGPQ,00021,-6.967627789357791,5.44
val,pretrain,SC3DVeWT09w,00011,0,pretrain,IRxgDMSp9Gs,00021,-4.141750087415243,5.44
val,trainval,SPSq3cW672s,50009,0,pretrain,XkiXXPShycA,00022,-1.7547450425316917,6.208
val,pretrain,IHyR7p6Shn0,00002,0,pretrain,i63jTStjZSQ,00002,0.9954218153981937,12.032
val,pretrain,3Z6x5t5A9so,00042,0,pretrain,G8w4UQL6aI0,00001,-7.954877694325184,3.904
val,pretrain,lbfhz7u0qyI,00006,0,pretrain,dsmgvrcH94U,00019,-2.5798019492011104,3.776
val,pretrain,P65XdTlk4vA,00031,0,pretrain,vcSn852sv3E,00004,3.560759735949448,7.808
val,pretrain,oOE0kKteWkg,00014,0,pretrain,hyHUVPG33QI,00026,-4.0062600296467155,4.096
val,pretrain,udNJCRSABvw,00006,0,pretrain,TvW4yugCPZo,00019,-6.5489660420031,3.648
val,pretrain,hYbSavnaJSE,00004,0,pretrain,bRuU02haIK8,00017,-6.717044313482767,7.168
val,trainval,LdjNw8SZc5U,50010,0,pretrain,r2SX7mTUirk,00017,-9.926784120398509,6.016
val,pretrain,H8Pr9Jnulxk,00015,0,pretrain,dm4fvbrMLPw,00014,-2.6009602871558224,10.432
val,pretrain,21jSOCNLuYg,00008,0,pretrain,GzzHawjP648,00007,-2.052218065121922,4.672
val,pretrain,mJxA8eIWQUc,00019,0,pretrain,DG7kSeazMQ4,00005,1.6497640355428427,4.48
val,pretrain,NFIOuy3JSIQ,00020,0,pretrain,z9sa2ZAqHl0,00010,8.447148926733895,7.616
val,pretrain,31iuh9pfFwg,00022,0,pretrain,AIfBSkVI6NQ,00008,-0.3750551710915335,7.872
val,trainval,31PyAjy6Nl0,50002,0,pretrain,ErexJkoDhGI,00014,-2.572186901044393,5.44
val,pretrain,SJ5bDhMP9lQ,00022,0,pretrain,5YL3LT1ZvOM,00023,-1.9408759859582538,5.056
val,pretrain,h0C2LPXaEW4,00016,0,pretrain,9h2dFSIsH0I,00012,-4.263992833720205,4.288
val,pretrain,eyBEIx7fCfY,00004,0,trainval,i0QKBKWnkxg,50015,3.665800354391875,4.352
val,pretrain,KXAnS2epCPA,00004,0,trainval,pPgd7Hj3ABQ,50003,-1.4979634114697564,2.048
val,pretrain,AhKevstJyrc,00003,0,trainval,sHJZRPWXQ9s,50014,-0.6164902456817245,2.496
val,pretrain,VMXdSkW6hns,00004,0,pretrain,pew48bbrob0,00015,-1.535414584826853,3.52
val,trainval,uHRG3Vr9qyI,50007,0,pretrain,lxovD2LQVUQ,00008,-2.976557787226981,3.712
val,pretrain,hFgPtuzgw4o,00059,0,trainval,6vLrreR6YOE,50002,-3.6998890194925282,3.52
val,pretrain,501FEzbB1JI,00004,0,pretrain,GzPpH9WexDc,00014,-1.030283681349541,4.672
val,pretrain,HjSGqwAFRcc,00013,0,pretrain,Y350oOiunf4,00024,-3.389291138466451,7.36
val,pretrain,DUd8XAS5HEk,00032,0,pretrain,BXlnrFpCu0c,00002,8.571077821888831,13.12
val,pretrain,oSv7E8WK2Iw,00006,0,pretrain,6diqpGKOvic,00020,7.179477497733867,4.928
val,trainval,xY7kVVS2HVY,50033,0,pretrain,n8eyF4UWG38,00016,-1.748377277635658,2.048
val,pretrain,LGtNFHtM81A,00036,0,pretrain,a4ZBzM3L6ws,00009,1.1214753440989274,7.04
val,pretrain,z1KJAXM3xYA,00009,0,pretrain,gPEECGFJFb8,00001,3.74972235092722,6.016
val,pretrain,Tsw4JAof8Sk,00010,0,trainval,cj5LZBmiQu4,50029,-0.36168785630055567,5.888
val,trainval,r3afSFSG570,50001,0,pretrain,CyElHdaqkjo,00022,5.880338624566409,5.632
val,pretrain,OAK1UIbSFio,00001,0,pretrain,tFGCB51xb6U,00010,4.8932148360588315,8.64
val,pretrain,lECfUfqNVoo,00006,0,pretrain,oHDq1PcYkT4,00003,6.829687941287045,5.248
val,pretrain,HJYDwS09coE,00019,0,pretrain,GzB0BDstCI0,00004,-9.7736415019376,10.112
val,pretrain,x7I5BWWS0c8,00007,0,trainval,SvSSb7cJn2A,50001,4.285746587450824,6.208
val,pretrain,apZ2pCGi8RA,00006,0,pretrain,0akiEFwtkyA,00003,-1.2609698812241596,12.16
val,pretrain,X03jYXszD3Q,00005,0,pretrain,CHxhjDPKfbY,00020,0.8768511967853083,8.448
val,pretrain,Tg35UfOJhe4,00028,0,pretrain,mymMye4purU,00015,-0.8519753997646831,3.008
val,trainval,4yyPSZSGLOI,50014,0,pretrain,qQJHZZwI8zE,00002,-4.268558432883786,3.264
val,pretrain,t1sYh9itUvs,00023,0,trainval,sJKFyDbWVqA,50008,7.995250535760107,4.032
val,pretrain,BGcJXAXSSd0,00012,0,pretrain,84QouBqCIWg,00002,-7.832932789755517,5.376
val,pretrain,F10t7i8wHaM,00007,0,pretrain,9OECsmMont4,00008,0.042699085689966054,3.136
val,pretrain,GggL8lStP9I,00003,0,pretrain,Sk0ywFgMpFk,00036,-2.8917556146937056,10.368
val,pretrain,2KSP7HvSZwg,00028,0,trainval,Fr26scqsIwk,50005,0.90433157298623,2.944
val,pretrain,YyuScSjkGSs,00022,0,pretrain,breDQqrkikM,00023,-4.968976758887531,5.376
val,pretrain,cSsxBTNF2U8,00017,0,pretrain,rcdwNSDSTl4,00034,1.2389552180844543,4.416
val,trainval,5qdZybHSLnI,50009,0,trainval,cn9Q4c3dXGU,50020,2.6807015114686994,2.56
val,pretrain,mgSx0q6AjdI,00004,0,trainval,sucza6EOIf0,50003,6.378189887933448,5.952
val,trainval,gUWWt30oZ3w,50004,0,pretrain,tAcQfn96yFk,00013,9.523718284082296,2.368
val,pretrain,znO7UHpxgTI,00006,0,trainval,iFTWM7HV2UI,50001,5.774292136005757,2.048
val,pretrain,GeDSgi0A7A8,00006,0,trainval,y2X7c9TUQJ8,50020,7.04361586188179,2.88
val,pretrain,dY7iATJVCso,00028,0,pretrain,ltelQ3iKybU,00004,-8.026339098064245,3.584
val,pretrain,mKe3QKctaS8,00016,0,pretrain,N9HF8mMe2pU,00018,0.45187729211573924,5.376
val,pretrain,PfWGiu0jGv0,00010,0,trainval,h9SKyrHRhDo,50008,-7.108547152435145,5.824
val,pretrain,60P7717SXOQ,00013,0,pretrain,bvAEJ8G9l9U,00026,4.612545620203614,4.416
val,pretrain,85bqT904VWA,00035,0,trainval,DjcZrtcBZi4,50044,6.032992551445098,4.736
val,pretrain,bpi6us7wQfE,00019,0,pretrain,aSLSiIskEFU,00052,0.34861196857966625,15.616
val,trainval,BQnOTJH3w4s,50001,0,trainval,pk35J2u8KqY,50001,2.477975594707793,3.328
val,trainval,0OkOQhXhsIE,50004,0,pretrain,3HaBoNSlpHU,00009,-2.919893987567872,6.144
val,trainval,oVw7HSe9Igo,50003,0,pretrain,TpC8wNkjSvs,00015,0.01855725721232382,2.88
val,pretrain,RVX8ZSAR4OY,00024,0,pretrain,5iqZzi9mj4M,00034,2.0585606255085835,6.848
val,pretrain,Sm5xFSUYgdg,00007,0,pretrain,XOU2ubWkoPw,00015,-3.4251585833348352,11.392
val,pretrain,iHWIZsIBj3Q,00007,0,trainval,9EVEmZ2cSes,50023,-1.433618472171986,5.952
val,pretrain,VOXikTyZxPA,00003,0,pretrain,cRrgDS4SD8s,00007,0.8989122124314441,6.016
val,pretrain,b4kSKPELNcc,00003,0,trainval,y62pJTJkfbg,50001,1.354789386890376,3.2
val,pretrain,YhpMSjbVopo,00001,0,pretrain,dTwXeZ4GkzI,00027,-2.163804431189174,7.168
val,trainval,ixsridS3qVs,50004,0,pretrain,23Uuehgmd14,00020,-6.558204310651561,2.944
val,pretrain,PCupHgKGCcY,00005,0,pretrain,2R3Njv0LjjM,00010,-5.98347513866994,5.12
val,pretrain,H3TFShI7zKc,00008,0,pretrain,u1SdYypojbE,00007,-9.586014273329749,4.288
val,pretrain,C44r6knuJtU,00017,0,pretrain,N0vRIqeoefs,00018,8.303864173139427,4.288
val,pretrain,Zctk6MZaxMk,00027,0,trainval,Possj5cXEnM,50017,7.779089347439566,3.456
val,pretrain,drXnDLHKKPM,00031,0,pretrain,apiScBmE6rA,00028,-9.433692121500696,5.696
val,pretrain,y7l5QHRYSAI,00017,0,pretrain,7SfQLQ7eyA8,00032,3.379952087156873,9.536
val,pretrain,NVPxmzSPvUw,00036,0,trainval,OLHh9E5ilZ4,50003,2.9349137698581096,4.352
val,pretrain,dY9f9bFctUE,00029,0,trainval,jVBp2nDmg7E,50017,6.357238734650906,2.496
val,trainval,CFADnhYKDHg,50005,0,trainval,9YGZkgkj3fM,50002,4.603293837111133,4.224
val,pretrain,nDIdnlJHJCQ,00014,0,trainval,xY7kVVS2HVY,50017,-0.4801936892367582,5.952
val,pretrain,stAstsOxLPc,00019,0,pretrain,GB4s5b9NL3I,00068,-5.607371285266782,3.968
val,pretrain,8oHvknJfklE,00003,0,pretrain,FLbXrNGVXfE,00011,7.185543575479802,4.16
val,pretrain,bZ3qQySIPgI,00014,0,pretrain,68c2M4r9oQg,00020,9.760205862712407,20.992
val,pretrain,H3TFShI7zKc,00013,0,pretrain,zUS5GcqzHNM,00020,8.065014628780787,8.704
val,pretrain,2R3Njv0LjjM,00012,0,pretrain,8qIbZL80jSw,00002,8.081789335635861,4.544
val,pretrain,2ZviHInGBJQ,00001,0,pretrain,oX1C3Jn05OE,00028,-6.960848753910609,5.568
val,pretrain,SVB39Jo8mAQ,00021,0,pretrain,askcLEVCTko,00029,5.338326610558843,3.968
val,pretrain,zuLOT6GsAxw,00002,0,pretrain,FJFxLQCo83U,00017,7.352031175038086,5.12
val,pretrain,69szjo8bt14,00002,0,pretrain,tF1oSdNwE8c,00021,-3.4151920699968734,7.04
val,pretrain,KkYuhwr3esg,00029,0,trainval,qG6SnAIinj0,50006,-3.9878390936686747,3.2
val,pretrain,BMcduh1HEHA,00025,0,pretrain,aUBawr1hUwo,00005,5.693527327753765,5.056
val,pretrain,PVXQUItNEDQ,00018,0,trainval,paiRIkWVy0o,50006,-7.191078316024866,6.016
val,pretrain,K926HAKRFvw,00010,0,pretrain,uEkgM9P2C5U,00005,5.212721251653035,6.528
val,pretrain,8tEuaj4h8dw,00029,0,pretrain,qBfwUkCGJHQ,00013,4.978823534776174,4.8
val,pretrain,8woKcr7uSYQ,00003,0,pretrain,ht1zFl7HyO8,00012,6.019132734461788,4.096
val,pretrain,M5tre30cRwU,00005,0,pretrain,RBElFl1aLtI,00007,5.216963620705162,9.216
val,pretrain,tVoE8eSu4bw,00025,0,pretrain,b2MSSeKey4o,00015,-1.8629750077050211,8.96
val,pretrain,fWInyaMWBY8,00007,0,pretrain,jSSqQDPGW2k,00034,5.460870446004877,4.544
val,pretrain,a17Z5Sk2XJY,00027,0,pretrain,8iQnrM3DkVI,00026,7.847972371606854,5.696
val,trainval,AAkEYcmCCCk,50015,0,pretrain,zuLOT6GsAxw,00008,-9.407162823060446,3.328
val,pretrain,K5PEJPSwt0k,00017,0,pretrain,0e3lCYwtm9o,00005,-4.1447998603215215,26.752
val,trainval,H2rG4Dg6xyI,50028,0,pretrain,gXlIASSrI4E,00003,-4.6125414195107695,4.288
val,pretrain,QWN5xhV6v1U,00015,0,pretrain,P3fIZuW9PSM,00005,0.10985052090777003,5.504
val,pretrain,GggL8lStP9I,00013,0,pretrain,PxQcnxSbivQ,00003,2.11646547989238,3.968
val,pretrain,sLiM2SizFl4,00030,0,pretrain,LXQqrR9mDMo,00010,-1.5086608282673915,16.576
val,pretrain,gAxSu7UgPGg,00003,0,pretrain,dSKkk618ax0,00010,-4.4736155023594275,8.576
val,pretrain,8SG4H4sVSW8,00009,0,pretrain,MOptnpjKJOM,00022,2.0135369094285522,4.352
val,pretrain,vCCdmGKtxPA,00017,0,trainval,ERSZb2wHFDw,50006,9.505291790692862,4.032
val,pretrain,0D9QIG36J9Q,00002,0,trainval,85hbMtegrLc,50002,-6.982486475794374,6.016
val,pretrain,UoBUXOOdLXY,00009,0,trainval,MtSE4rglxbY,50020,0.802108761713221,5.888
val,pretrain,weyd0UMdP7g,00009,0,pretrain,pbGLBjDhnSY,00010,4.81497060716184,5.12
val,pretrain,erCApSBd0AQ,00022,0,pretrain,uRdQS2sjF2s,00039,9.39408178199881,5.44
val,trainval,DqbM1ZrpTQg,50002,0,pretrain,Skxa33RVVh4,00005,-5.04478755459449,2.176
val,pretrain,BltRufe5kkI,00012,0,pretrain,xYemnKEKx0c,00010,6.82134245022073,5.568
val,pretrain,fm9SH6NucHk,00007,0,pretrain,YzQDnTPuNZM,00009,8.124085446398741,9.984
val,pretrain,bz3AtnMH7nU,00005,0,pretrain,A7ktYbVwr90,00020,-4.364783364318081,11.136
val,pretrain,F0ofeD8VKMA,00072,0,trainval,YrSpoWSKK1Q,50003,2.992227060987995,2.048
val,trainval,vo2cse4CoGM,50013,0,pretrain,sCZiXfaa9ro,00005,-2.3257802788168096,3.776
val,pretrain,oxpJGynSHJU,00019,0,pretrain,1Totz8aa2Gg,00004,-2.3241539331154026,6.464
val,trainval,iNPsDky1z94,50003,0,pretrain,JS8fYhwrYzI,00019,1.8114366005413025,6.016
val,pretrain,A9qqR8NVbtM,00017,0,pretrain,dwU8eavPInw,00057,6.025479400412202,3.2
val,pretrain,drv3BP0Fdi8,00055,0,pretrain,G8w4UQL6aI0,00010,-3.4921874208717956,4.48
val,pretrain,DSbtkLA3GrY,00010,0,pretrain,q1sk47FLAmg,00008,-2.13139770869984,10.688
val,pretrain,ZuCX92wuw2g,00023,0,pretrain,WCj82W7XkjI,00031,-3.929230973957896,2.688
val,pretrain,jSOPQgPIdKg,00023,0,pretrain,h9SKyrHRhDo,00021,-9.955670778625638,7.68
val,pretrain,BQj2ZSGPsY8,00004,0,pretrain,yA9xQB547Yo,00014,4.271578425528578,5.44
val,trainval,wn8S33NBB04,50010,0,pretrain,MLKj1puoWCg,00002,-7.275058685961251,2.944
val,pretrain,y62pJTJkfbg,00005,0,trainval,KyamsZXXF2w,50001,7.060489364339773,3.52
val,pretrain,855Now8h5Rs,00007,0,trainval,FnL7I6tESAs,50007,1.9251295261089147,6.016
val,pretrain,G2Y6Am46eVU,00009,0,pretrain,i0a61wFaF8A,00017,-5.403079713978405,6.72
val,trainval,8jkri0AeZWQ,50006,0,pretrain,c2tOp7OxyQ8,00053,-7.536989878629141,3.456
val,pretrain,rGaj2VImQec,00043,0,trainval,z5aAJGNSRHs,50001,4.319132968013708,5.056
val,pretrain,wAdwurHhvSI,00008,0,pretrain,bvAEJ8G9l9U,00007,-8.29944739588435,6.72
val,pretrain,W1KIgMXPR28,00020,0,pretrain,Hh09xlzxRmE,00002,-9.927144701718166,4.544
val,pretrain,mJxA8eIWQUc,00006,0,pretrain,2vESelqTGlQ,00004,-9.946222866404447,13.44
val,pretrain,bYGLzDB4GJo,00003,0,pretrain,FTUpFYo0rMI,00003,-6.034100015994211,10.24
val,pretrain,ApGeDdIaxo8,00006,0,pretrain,p9HPUiEdEj0,00022,2.1050380165431015,6.144
val,pretrain,0ITHlySbhJE,00012,0,pretrain,0sYguTPLpHE,00017,7.772738503258807,5.12
val,pretrain,aUYSDEYdmzw,00011,0,pretrain,8COaMKbNrX0,00023,2.2082448700101267,7.04
val,pretrain,gmSsyvrI2Xw,00002,0,pretrain,ivfJJh9y1UI,00020,2.6198910959257393,6.464
val,pretrain,1X7fZoDs9KU,00022,0,pretrain,d4Dj0qdWLnk,00018,-5.655294612207098,3.84
val,pretrain,NVPxmzSPvUw,00015,0,pretrain,jKM0jlPW8x0,00019,8.422059773418397,3.712
val,pretrain,yyemG7V5ynQ,00002,0,pretrain,b2MSSeKey4o,00015,-2.3643954873990953,8.896
val,pretrain,vFPkEIGUofc,00032,0,pretrain,N2HgOWBXyc4,00002,-1.984208148752952,3.84
val,trainval,FTUpFYo0rMI,50013,0,pretrain,bzlYyhh3X0w,00008,0.21486167641644904,2.368
val,trainval,SwaBFUgSoT8,50001,0,pretrain,bHLgTUV0XWI,00004,-6.03273523276072,5.824
val,pretrain,LGtNFHtM81A,00003,0,pretrain,kTqgiF4HmgQ,00009,7.0938523623877074,5.76
val,pretrain,1z3Fgtj8fqk,00003,0,pretrain,vRK7KKQH9Ck,00021,-4.14375847191879,6.528
val,trainval,iFTWM7HV2UI,50001,0,pretrain,sj3PnSpogXw,00007,1.476914709832446,2.048
val,pretrain,potB0voQzNg,00038,0,pretrain,vW99KFDSBk8,00007,1.4766284330354793,9.216
val,pretrain,iclWthSVvBs,00013,0,trainval,dSykikzbckE,50002,-8.775308161885695,6.08
val,pretrain,HwxjoBQdn0s,00013,0,pretrain,x7I5BWWS0c8,00015,8.864488293232863,4.736
val,pretrain,m0ZPM5I1tTg,00003,0,trainval,l5d8GW6GdR0,50001,3.7183372613041072,4.16
val,pretrain,4bsiMd1zQ3s,00007,0,pretrain,01GWGmg5jn8,00010,-3.940027112488764,4.992
val,pretrain,jqWHy6B0ADA,00012,0,pretrain,eH5qxw6Pd1c,00014,-5.4886236045811625,9.472
val,pretrain,K5wCfYujRdE,00045,0,pretrain,Y2y7BzjbSNo,00002,-7.865850700564286,4.608
val,pretrain,VQRjouwKDlU,00031,0,pretrain,ym6OYelD5fA,00004,3.4611203014022287,3.008
val,pretrain,mA1vshSuyQU,00017,0,pretrain,LFJ9WAHowcg,00010,5.593480742724692,6.976
val,pretrain,5AN5fPFtV0U,00044,0,trainval,x8jdxSlf2Dw,50002,5.461172170250855,2.88
val,trainval,yvSQiSvuLLM,50002,0,pretrain,XgRlrBlS7Yg,00053,2.971989396352363,2.24
val,pretrain,k0GQSJrpVhM,00019,0,pretrain,pcSlowAhvUk,00082,1.3264476431290202,5.696
val,pretrain,UQzvNIIMayo,00006,0,pretrain,JNcLKbJs3xk,00012,-0.601276181500296,5.44
val,pretrain,bXmDaykZobc,00008,0,pretrain,oGlsUYGMYks,00013,4.199372847214143,8.768
val,pretrain,jT5rRh9AZf4,00007,0,pretrain,J6ZzmqDMhi0,00017,1.6997534629258233,5.824
val,pretrain,breDQqrkikM,00023,0,pretrain,f6CILJA110Y,00046,-0.17752921085730122,8.896
val,pretrain,0GL5r3HVAZ0,00016,0,pretrain,voXOUWiJuLo,00016,-8.811759358699163,4.48
val,pretrain,I64CQp6z0Pk,00012,0,pretrain,nnYhZCUYOxs,00004,2.287364286908897,9.408
val,pretrain,J8xfuCcXZu8,00015,0,pretrain,SCEKKHyxgaw,00041,1.467056270541395,18.176
val,trainval,Mb8x6vLcggc,50014,0,pretrain,UG2zHhgfAW0,00016,4.192076776162228,4.928
val,pretrain,HTf7Ziklcms,00031,0,pretrain,gzthxdm7XNs,00013,-9.971452488553439,6.912
val,pretrain,td5Ld3nURAI,00017,0,pretrain,tTb3d5cjSFI,00013,6.396730354663852,18.624
val,trainval,iEySxTbcr2A,50012,0,trainval,SdBPkbi4SR8,50010,8.429234258637951,5.824
val,trainval,nx3GuO41Jyg,50045,0,pretrain,KTvSfeCRxe8,00037,-8.414166144453635,2.432
val,trainval,MAQihRikgZM,50007,0,pretrain,PVzcGhZ8Aeg,00011,0.4808127468333172,3.456
val,pretrain,nshZ0SMsn9s,00015,0,pretrain,B905LapVP7I,00002,1.6121616117611186,8.768
val,pretrain,SSJkV8IzsZA,00015,0,pretrain,drXnDLHKKPM,00031,-9.11906548367834,5.696
val,pretrain,F1Kml3zuTco,00019,0,pretrain,ezVk1ahRF78,00012,-9.12274849669598,5.568
val,pretrain,Mjoxh4c2Dj0,00009,0,pretrain,v84pD2g3gSk,00033,0.7159423407971879,3.84
val,pretrain,c0H1zU2ytxA,00019,0,pretrain,yRUCU5FsvTY,00014,-6.766585898002471,4.224
val,pretrain,dScYSVZtB7k,00001,0,trainval,ScvI1jKxlTM,50009,9.981282971724454,3.84
val,pretrain,9FCsyK4aRXQ,00020,0,pretrain,EijI8QaExDg,00011,-3.789517125359816,12.48
val,pretrain,p9UC0chfXcg,00010,0,pretrain,9vpqilhW9uI,00037,-6.031238602566102,4.096
val,pretrain,xBJwjuPXTzs,00005,0,trainval,s2F41IQSPGE,50016,3.729815828359431,6.016
val,pretrain,N0vRIqeoefs,00041,0,pretrain,MvojSku8zk0,00023,-9.14217899439582,7.68
val,pretrain,8jkri0AeZWQ,00025,0,pretrain,v9DHLMw2o70,00010,3.6280128943340166,19.84
val,pretrain,apbSsILLh28,00046,0,pretrain,HFFBkbsSFY0,00008,-0.2179296145562475,4.736
val,pretrain,Eu22Wgu98VE,00011,0,pretrain,gZlzCc57qX4,00008,-2.7165175598312663,4.864
val,pretrain,o9DNWK6WfQw,00019,0,pretrain,nubSKdtzLcE,00020,-0.5874043408542065,11.136
val,trainval,pmKNXZmfIMU,50012,0,pretrain,NRXCxJGQ4KY,00009,4.631177327802359,3.968
val,pretrain,13rqtiAPISY,00006,0,pretrain,OOhgwjEnfAA,00024,-7.670805340262044,3.2
val,pretrain,eD9F5HdyKqU,00019,0,pretrain,CrsdoIOGCRw,00028,3.5658592784799463,3.968
val,pretrain,KCr8s57hdzY,00053,0,pretrain,kNhyOYv2ejw,00040,-1.7190614538359057,5.184
val,trainval,OwRAFCrsDS8,50001,0,trainval,xTMZJvfzxGY,50004,-9.055802708835179,3.2
val,pretrain,SJWoKsfsSaA,00007,0,pretrain,g985z9Wq5gk,00012,8.976068248275663,6.784
val,pretrain,DjcZrtcBZi4,00006,0,pretrain,jfqwHT3u1S8,00026,6.2798913952033395,12.8
val,pretrain,2URf46UY7SA,00004,0,pretrain,BFygtNQSJcU,00006,-6.0628766430644205,6.72
val,pretrain,MvMUMShuMaI,00025,0,trainval,Q0Uo05JoZQo,50014,-0.4216234351494226,6.208
val,pretrain,oHBKqCI4Fgg,00002,0,pretrain,HBSQR6xovSw,00032,-0.8796630211061558,2.816
val,pretrain,gZlzCc57qX4,00031,0,pretrain,mkdSXHXhCcw,00083,4.521723214046045,13.632
val,trainval,MOFdlEbu15g,50001,0,pretrain,9h2dFSIsH0I,00053,-3.8694825231932706,2.56
val,pretrain,uhRhtFFhNzQ,00010,0,pretrain,FXYFLK0KZio,00013,-7.606987594099504,4.608
val,pretrain,y2yka9lyvMA,00026,0,pretrain,MSZS1wnjfhY,00008,9.44374451319402,5.248
val,pretrain,9UbnOKC1ioU,00011,0,pretrain,k0GQSJrpVhM,00019,8.752320310075135,5.696
val,trainval,qmnVdzzAuQk,50001,0,pretrain,nzZA9XTdSLM,00003,0.8582001604607097,5.888
val,trainval,PiVB5niLrWg,50002,0,pretrain,et3SeEX62aU,00012,-0.07120182547272336,5.44
val,pretrain,KTvSfeCRxe8,00036,0,pretrain,H50eCfpquBI,00019,3.8350957068505114,4.352
val,trainval,c2tOp7OxyQ8,50041,0,trainval,7c5t6FkvUG0,50002,-7.834568532669312,3.136
val,pretrain,7sqeoYOQ4qg,00036,0,pretrain,1krVk4CMy98,00010,-7.80484244136235,5.312
val,pretrain,NMBNZspmn7I,00040,0,pretrain,sR6P5Qdvlnk,00007,-9.255790801506471,4.992
val,pretrain,0D9QIG36J9Q,00003,0,pretrain,DwQMDyyS42Q,00024,2.9936600569097234,2.432
val,pretrain,BgbD67U0BAQ,00010,0,trainval,n4YcornnWFI,50004,-3.397580304409738,6.08
val,pretrain,AJYRJ92g4GI,00001,0,pretrain,6qqqVwM6bMM,00008,-0.7704728448195759,7.232
val,pretrain,r2YiRiLAUSY,00021,0,pretrain,Si644sBMaOY,00013,5.661963868027446,16.704
val,trainval,BStjKYvEziI,50004,0,pretrain,5ErKrSyUpEo,00019,5.533136502523568,5.76
val,pretrain,g9M3HIjHuq0,00003,0,pretrain,RcGyVTAoXEU,00039,-1.6689668943730513,8.192
val,pretrain,EHNP7KqLrW4,00005,0,pretrain,FI8c14giiWQ,00003,-8.05844809347665,5.952
val,trainval,AHfiKav9fcQ,50012,0,pretrain,EBebWBjpWIQ,00025,8.719453487339536,6.016
val,pretrain,xbagFzcyNiM,00004,0,pretrain,FjvjSlpJoqo,00001,0.5110518295619535,3.648
val,pretrain,0d6iSvF1UmA,00003,0,pretrain,Qd7PiXg5fKE,00003,9.90049466159217,10.112
val,pretrain,FESv2CgyJag,00016,0,pretrain,lQflBowgVB4,00007,5.217922989863688,4.48
val,pretrain,0snNB1yS3IE,00033,0,pretrain,dm4fvbrMLPw,00028,7.798821767754429,6.208
val,pretrain,qYfEYvo96Hg,00008,0,pretrain,UvbFr0eSsg8,00017,9.302685577433106,14.016
val,trainval,855Now8h5Rs,50012,0,trainval,OwRAFCrsDS8,50007,5.663972363436338,4.288
val,pretrain,q319HSSLs9Q,00011,0,pretrain,eQdFkSSgHYo,00034,5.465387348128237,15.488
val,pretrain,N9HF8mMe2pU,00020,0,pretrain,QHSrG9Tuz84,00012,8.464040448870705,5.376
val,pretrain,GpKrM8GQwOg,00012,0,pretrain,Sf994ANuGIY,00017,-1.4531330046689028,3.392
val,pretrain,S6cX2p5cBVg,00047,0,pretrain,uVAaZVz9pDs,00049,1.1448406592610851,4.736
val,pretrain,sBsuIAscshE,00020,0,pretrain,urOCGSMlB9g,00016,3.9819377295687115,7.296
val,pretrain,xTBYcSL3MrI,00013,0,pretrain,aOW7JZaqKGA,00027,5.697635832724497,25.856
val,trainval,q1sk47FLAmg,50001,0,pretrain,oHBKqCI4Fgg,00002,7.107270699772812,2.816
val,pretrain,aT6vIq6S1OE,00008,0,pretrain,0af00UcTOSc,00004,3.056635590211892,4.096
val,pretrain,LS3wMC2BpxU,00012,0,trainval,G0ZjSInJ4BQ,50007,4.131916001946683,5.888
val,pretrain,SHt4qiDRZE8,00004,0,pretrain,mkdSXHXhCcw,00018,5.7589436270153485,5.12
val,trainval,zISxg4JhSRk,50036,0,pretrain,H1fvr9rGgSg,00056,3.396997797427071,2.88
val,pretrain,wKIHuxe2fi0,00030,0,trainval,8oeiOeDqSNc,50001,-0.03171080821352845,3.776
val,pretrain,o0VrZPBskpg,00013,0,pretrain,UyUXxrSS3qs,00018,0.7549731511309545,17.152
val,pretrain,ZChEFOGSn8Q,00026,0,pretrain,CcxEYXHWxqs,00006,-0.06291859940740352,10.368
val,pretrain,tTb3d5cjSFI,00015,0,pretrain,0MD4Ymjyc2I,00044,-1.7638806581028703,5.696
val,trainval,ux1GxExRUUY,50001,0,pretrain,s3IPatkuByA,00007,-5.55054140943489,3.456
val,pretrain,vFPkEIGUofc,00032,0,pretrain,eUznJ3LtvGc,00006,0.1384604755342682,3.2
val,pretrain,nHU9aLPyxf0,00023,0,pretrain,DSbtkLA3GrY,00008,9.006529172655288,9.536
val,pretrain,gSHbRSAcN6Q,00010,0,pretrain,lwcvhh4pLjE,00027,3.679772335947902,4.16
val,trainval,vMwPTI54rqQ,50015,0,pretrain,5K57kcs15DY,00025,-4.610593077354821,2.56
val,pretrain,qyecmU5r9SI,00001,0,pretrain,vbKKoniUxMk,00001,9.570820248866003,4.096
val,trainval,WpEjt71l08I,50009,0,pretrain,vZWokpaQ3NE,00012,8.869512890952798,5.248
val,pretrain,9EVEmZ2cSes,00017,0,pretrain,j7c9b9A2AHc,00072,5.224724681593667,3.008
val,pretrain,FnL7I6tESAs,00010,0,pretrain,SQwRsVyk7us,00019,-0.8457026222362423,9.216
val,pretrain,SIKqVKyyW6w,00015,0,pretrain,hsSYuHv0vUk,00009,-6.821552157719736,14.784
val,pretrain,tF1oSdNwE8c,00022,0,pretrain,Qs9m8obl0AY,00029,4.2371940696911885,6.4
val,trainval,i0QKBKWnkxg,50021,0,pretrain,hxPiz2sE0h4,00047,-7.672907066726742,2.688
val,trainval,CGksAjzI0go,50002,0,pretrain,3OMgvtWNHp4,00027,-5.41398246158505,3.84
val,pretrain,WbuIl6phdco,00038,0,pretrain,5nys6iebjHw,00022,-7.92333745476463,6.464
val,pretrain,q9Ou0cj3fF8,00008,0,pretrain,DlGUSNXOdpQ,00021,2.894523959282898,6.848
val,pretrain,zXCiv4sc5eY,00031,0,pretrain,hha0NsYXS5c,00022,9.034700430189197,4.928
val,pretrain,6V6p1tgHfm0,00010,0,pretrain,sLo97Bu8Fo0,00034,-9.565641214685613,6.976
val,trainval,mi9B40hZYAo,50014,0,trainval,KI3WJXNhCJ8,50046,-4.091697862319927,2.688
val,pretrain,YuEm03Ko0J8,00013,0,pretrain,jT5rRh9AZf4,00038,-0.7304329200592541,3.712
val,pretrain,lVQ3KUTHDe0,00036,0,pretrain,AgMOJC5R4F8,00019,7.481999031321237,8.768
val,pretrain,JmZpFy1QUww,00007,0,pretrain,CbS6PPBJJB8,00008,9.437508239658907,3.968
val,trainval,7hFy02TSH4U,50012,0,pretrain,SfHRcaS6r3w,00015,5.202855524351195,5.632
val,pretrain,7Mqse6SLOds,00019,0,pretrain,buRLc2eWGPQ,00038,-8.503900395995608,6.528
val,pretrain,ueOqYebVhtc,00019,0,pretrain,tTb3d5cjSFI,00013,1.4399142492058647,5.504
val,pretrain,GMc8aSoCE30,00039,0,pretrain,ulLFP8axZVQ,00025,6.473611423553905,14.272
val,pretrain,3VwxWDVKs8k,00023,0,pretrain,rGaj2VImQec,00033,-4.992965802731987,6.208
val,pretrain,f5udS4pbXPk,00022,0,pretrain,ygmlKMQ8kc4,00003,0.9860613242606888,39.296
val,pretrain,SmQJYte4T2Q,00002,0,trainval,HCJRXoYOoaI,50008,7.5700162510807765,3.136
val,pretrain,LpNkuaVnlPY,00007,0,pretrain,AP8i435ztwE,00026,-0.7238908014182037,7.488
val,pretrain,ftWn4QOvTTo,00026,0,pretrain,ac1mOswXxLs,00019,-5.722440608383104,7.808
val,pretrain,sJKFyDbWVqA,00015,0,pretrain,CiJ6ybBSm10,00011,-2.0175566924826267,5.248
val,pretrain,0GL5r3HVAZ0,00015,0,pretrain,F0ofeD8VKMA,00025,-2.255080133757912,16.448
val,pretrain,bJkv9b9o9lo,00009,0,trainval,paiRIkWVy0o,50006,-6.908135068830723,6.016
val,pretrain,0UmUgaJwEr0,00006,0,pretrain,ayOmOaXC0Z0,00016,-3.940449103151378,6.144
val,pretrain,UoMpbLSFsig,00023,0,pretrain,ddw1S3ZVjTE,00023,8.103665007415717,15.168
val,pretrain,ljqra3BcqWM,00035,0,pretrain,hfDkDzZ9GsU,00007,-3.870623319085597,8.0
val,pretrain,dSKkk618ax0,00010,0,pretrain,ESwp7HN9Zvs,00002,3.127288254892145,6.528
val,pretrain,A2aBKnr3Ep4,00005,0,pretrain,dk60sYrU2RU,00033,1.5309698051567189,4.096
val,pretrain,btlF4ZSAoFc,00014,0,pretrain,eLrBw8BKOWI,00008,3.2238854146170546,3.648
val,trainval,vSONFixSe4k,50001,0,pretrain,bEdvQjTGYP8,00028,0.32439675033390714,6.08
val,pretrain,mPCDOij0bB0,00013,0,pretrain,vrU6YJle6Q4,00018,9.051479569096262,7.104
val,trainval,OXQwtTOnLvg,50006,0,pretrain,dXqPaHQp4Xw,00031,4.1389344274195174,2.368
val,pretrain,pLqjQ55tzSU,00019,0,pretrain,vhhgI4tSMwc,00022,-5.810012208258772,6.976
val,pretrain,5PhNVxr7Vtw,00018,0,pretrain,J9SXc9wxByM,00020,8.516132386047403,3.008
val,pretrain,kYZqyjzuaOw,00010,0,pretrain,7SvPhw9hAHs,00001,3.4422704643984723,14.336
val,pretrain,gyM6rx69iqg,00010,0,pretrain,OhYvDS7qSV8,00010,-2.8755419825785378,7.04
val,pretrain,9jk2NZpSLWo,00005,0,pretrain,0P0mBj09vwk,00002,-6.290733042862906,5.696
val,pretrain,9y7YEmyzSDo,00024,0,pretrain,YATYsgi3e5A,00008,8.825457183219108,4.352
val,trainval,PgCmT0qkfQM,50005,0,trainval,iueVZJVEmEs,50003,-3.151458756355474,2.816
val,pretrain,CTEhgUmSrro,00016,0,pretrain,pbSSrJGgVIo,00051,6.080404044111049,14.976
val,pretrain,ay8OMOsf6AQ,00001,0,pretrain,urntcMUJR9M,00034,9.44163290925838,10.496
val,pretrain,SU1foLW8h54,00002,0,pretrain,SJ5bDhMP9lQ,00005,-5.051785153596057,9.6
val,pretrain,CLWRclarri0,00001,0,pretrain,syqScVtnKuU,00055,-6.308604332467755,4.032
val,pretrain,F17SKiAZOxg,00042,0,pretrain,sBaiRpIpPKQ,00027,-7.868766394138413,8.192
val,pretrain,WXqjacxw8zg,00009,0,pretrain,bvAEJ8G9l9U,00039,-8.795224536752603,3.84
val,pretrain,CHxhjDPKfbY,00003,0,pretrain,WaGq9XwSVys,00005,1.8628304461889407,7.808
val,pretrain,hrpwRdijvCM,00017,0,pretrain,piCQ3StcRUQ,00001,-7.774571280174887,4.288
val,pretrain,qKlzdSH2X9w,00027,0,pretrain,Td2hfdXQ5x8,00004,9.313887397364354,11.968
val,pretrain,K2mhMzVCfhI,00007,0,pretrain,u9Lu85L111Y,00042,-1.8030029553509408,5.248
val,pretrain,wgPLGS1BvQo,00033,0,pretrain,CstD6O95LSo,00027,3.1007849670917125,6.656
val,pretrain,pPgd7Hj3ABQ,00030,0,pretrain,6kuCSIemiCs,00007,-7.687440279705964,11.008
val,pretrain,SmsYxDvdcYc,00036,0,pretrain,bxkslfQc0EA,00048,4.703751653559269,6.016
val,pretrain,CiZMZ7d7O0k,00011,0,pretrain,JSuTsrxfYWQ,00021,3.5230783909440184,3.136
val,pretrain,6wk4dkYSrV0,00060,0,pretrain,j51HsRILGKI,00048,7.052113728538707,6.08
val,pretrain,VehHPwAVL9g,00020,0,pretrain,PYSkd46RfVE,00042,3.043096077355953,9.088
val,pretrain,LHd0vXDglb8,00025,0,pretrain,kLIfeGflNp8,00027,3.244189095854477,4.544
val,pretrain,kWnsmzSSgdI,00030,0,pretrain,5ftklsHZ4cU,00022,2.2546827932338314,6.72
val,pretrain,cHSQGnhdSi4,00013,0,pretrain,gj3ZnKlHqxI,00001,-6.819650625911164,3.008
val,pretrain,yyemG7V5ynQ,00004,0,pretrain,HlnhCdujYco,00021,9.668363622674981,3.456
val,trainval,3F2jACWwKdU,50028,0,pretrain,TWPahtyJDsI,00038,-7.4249567914071175,2.368
val,pretrain,855Now8h5Rs,00009,0,pretrain,SvSSb7cJn2A,00005,4.392814785126122,4.224
val,trainval,hxJ8LELZCjo,50002,0,pretrain,yDYCf4ONh5M,00034,1.5123047021765004,3.648
val,pretrain,SPSq3cW672s,00031,0,pretrain,DWZsOe1j2w0,00039,-7.399267438175556,3.648
val,pretrain,1X7fZoDs9KU,00037,0,pretrain,SmoW9jvvMr4,00030,5.49279023191856,3.2
val,pretrain,iRSjlgWE9GQ,00045,0,pretrain,IyrcWMvu9ek,00007,-8.696329805320314,14.912
val,trainval,xAgawjzimjc,50001,0,pretrain,QekbuidfQKo,00009,-2.073554139120592,2.496
val,trainval,QekbuidfQKo,50001,0,pretrain,Plv4qGDjCOA,00006,-4.324413126631937,4.48
val,trainval,JiwZQNYlGQI,50001,0,pretrain,RWiI7AkDXSo,00018,-5.997126825843544,5.696
val,pretrain,CRSLBcZgS84,00013,0,pretrain,ufJ7sOtuFd0,00004,5.118649202599146,8.384
val,pretrain,0HYakD8XQ88,00010,0,pretrain,buRLc2eWGPQ,00038,0.789631473754115,6.528
val,trainval,gJv1WdMUz0w,50007,0,pretrain,QekbuidfQKo,00014,-0.5454852593957291,3.776
val,pretrain,tpKWHSsBpnE,00011,0,pretrain,A7ktYbVwr90,00011,1.1539126672123956,5.44
val,pretrain,cpsRAk5HpK4,00018,0,trainval,cPL2FE7ZPTg,50012,9.58429910665652,5.44
val,pretrain,IYpovgkaS9Q,00006,0,pretrain,7SfRgg9botI,00018,2.140193076514718,8.256
val,pretrain,7ZW8SLQftnY,00022,0,pretrain,y3jYVe1RGaU,00025,1.4851368789853492,5.76
val,pretrain,DOYASAY7dO4,00011,0,trainval,mDSuP2BsVy4,50006,4.668301505634808,5.888
val,pretrain,S0hxl03JoA0,00001,0,pretrain,vwTDeT4v7RM,00007,-1.4198021991288083,4.544
val,pretrain,pMYYxSim5QI,00026,0,pretrain,d0yGdNEWdn0,00012,5.1763197011342115,7.808
val,pretrain,lYdk1NK9Sr0,00020,0,pretrain,snkrS1C2e7U,00025,1.5845611179160208,6.784
val,pretrain,PS2h8hSFphs,00015,0,pretrain,ZvSJE9n0GfA,00014,-6.849314771179522,3.84
val,trainval,4yyPSZSGLOI,50014,0,pretrain,G5pvUaMgfC8,00013,-8.492236819857126,3.264
val,trainval,ohGMgSLJCjs,50016,0,trainval,CiLnSGrcuEs,50003,-4.9008838696767825,6.08
val,pretrain,0FQXicAGy5U,00023,0,trainval,N7wF2AdVy2Q,50011,9.941558292168075,3.072
val,pretrain,JSswZaKN2Ic,00012,0,trainval,V2DgJBx3cyA,50005,-9.974174429273898,4.48
val,pretrain,nqj6fH2i9go,00010,0,pretrain,vRK7KKQH9Ck,00003,2.885261783459958,9.088
val,trainval,IGadg8xHVPI,50003,0,pretrain,aSpHGbL5138,00013,-7.567919160652745,2.816
val,pretrain,04VbxnzUwes,00003,0,pretrain,vGzBcBZrOSw,00010,-2.93233475590924,18.176
val,pretrain,uKByBgqxOw4,00017,0,pretrain,WNDWYW4yWEM,00006,-4.990463359713813,5.568
val,pretrain,iF4s75ZPano,00024,0,pretrain,yyemG7V5ynQ,00004,1.8653624998394456,3.456
val,trainval,Fc1yN6uxZfQ,50032,0,pretrain,2j00U6lUCSc,00018,4.354770816111824,2.048
val,trainval,FnL7I6tESAs,50005,0,pretrain,cXbXNV9SZAg,00024,2.9611851713890225,4.544
val,trainval,W0StyxgMk1o,50005,0,pretrain,3LmjSv8N8hE,00001,1.5223793056347574,3.52
val,pretrain,KOtFDsC8JC0,00004,0,pretrain,6tpsSu5O0Ws,00040,-1.888930978961218,8.32
val,pretrain,oTHSfmQo3Ok,00022,0,trainval,5J6jAC6XxAI,50011,-3.8855182645594244,5.952
val,pretrain,gjCwsdCssdk,00020,0,pretrain,4ShLkgv6LSk,00026,9.978052810059712,5.568
val,pretrain,7hFy02TSH4U,00002,0,trainval,0UmUgaJwEr0,50018,-8.687016775637082,3.776
val,pretrain,NhSTVcNFtVI,00007,0,pretrain,7sxpKhIbr0E,00006,5.648925958781986,6.336
val,pretrain,ZBrbHy7l3tg,00020,0,pretrain,v2jSfxnRPSE,00031,-7.781172821588971,10.496
val,pretrain,sLo97Bu8Fo0,00014,0,pretrain,g9M3HIjHuq0,00007,-1.0758690249285365,5.952
val,pretrain,x5LshSZn5RA,00021,0,pretrain,fWInyaMWBY8,00007,-1.5282331879067108,6.912
val,pretrain,rN7VcY1fS1Q,00019,0,pretrain,WNTk29zXl4A,00039,-8.525044451647485,7.488
val,pretrain,NAcuH7nSdLc,00003,0,trainval,FrsiPG3Cs08,50004,-8.645384674077956,3.776
val,pretrain,GYzLcpN8dso,00007,0,pretrain,G5pvUaMgfC8,00013,-9.18373531525573,7.36
val,pretrain,eFwaRDqTUL8,00007,0,pretrain,TZy5Srsksls,00001,7.211785849010944,17.088
val,pretrain,zLNXIXingyU,00051,0,pretrain,mAw2JSJPJQ0,00001,-9.763122039962003,9.472
val,pretrain,8rzlrItooG4,00030,0,pretrain,N9HF8mMe2pU,00027,6.320022675491757,11.008
val,pretrain,Eq1Aes1SWMU,00005,0,pretrain,tMSU6k5SWXg,00002,0.19613143912508235,9.152
val,pretrain,LoXAAEy6YQU,00013,0,pretrain,XgRlrBlS7Yg,00071,-2.1975201655402055,5.248
val,pretrain,j7c9b9A2AHc,00047,0,pretrain,ANFQPEkczYc,00008,-7.901598399224666,4.544
val,trainval,VoCOzuWOgSY,50006,0,pretrain,9OECsmMont4,00026,3.1974510859371996,4.288
val,pretrain,vwhSTukb07U,00024,0,trainval,6XNrzmh0EVs,50008,-2.9801879341288444,4.736
val,pretrain,nFSdHdNOgSA,00021,0,pretrain,ZJXxySanins,00011,-2.374290085411226,6.464
val,pretrain,MF2Q6CcGN7E,00003,0,pretrain,qykDS2AXKIU,00037,1.6622271998126301,7.232
val,pretrain,tic7X3ET4gE,00015,0,trainval,tsgvhP07BC8,50011,-6.845270074248195,2.112
val,pretrain,kvSuyUTx5Po,00002,0,pretrain,9jk2NZpSLWo,00005,3.9151441473295083,4.864
val,trainval,GIt6Z0k3PQo,50003,0,pretrain,cf3zxHuSM2Y,00043,-2.0235417211484226,4.928
val,pretrain,pzN4WGPC4kc,00035,0,pretrain,sHdYaMyR5S8,00009,-2.248363791675036,4.288
val,pretrain,kSva30kSgHM,00009,0,pretrain,zUS5GcqzHNM,00014,-6.215222199319108,4.224
val,pretrain,deT1mILtFEY,00007,0,pretrain,HpiZTvlWx2g,00021,4.14498308636745,4.224
val,pretrain,80GqbW1MmQM,00014,0,pretrain,NEC7TiHoxvI,00006,-3.2317618901260836,4.608
val,pretrain,dvuh1Np35Pk,00024,0,pretrain,VStEmE85QDE,00015,3.787150380477655,5.76
val,pretrain,YyBk55G7Keo,00028,0,pretrain,WonC2e5aOGE,00006,2.1112053030397746,11.648
val,trainval,dghBrSBC34Y,50006,0,trainval,aiIxdFBA0Sw,50001,-7.609155947465038,2.496
val,trainval,xY7kVVS2HVY,50024,0,trainval,0Y8SIzP01lw,50005,1.9330880836258775,3.072
val,pretrain,HmHh8dn6MiA,00015,0,pretrain,VfKWd7iXMSo,00017,4.520958508317388,3.968
val,pretrain,mWm2qtEeBjE,00004,0,pretrain,Ssl0043HgQU,00009,0.5843086154108583,3.84
val,pretrain,MnT1xgZgkpk,00035,0,pretrain,asgdGSGQBgY,00004,8.725753986882843,4.928
val,pretrain,DUd8XAS5HEk,00048,0,pretrain,aSpHGbL5138,00013,-5.17400787404195,6.208
val,pretrain,FI8c14giiWQ,00004,0,pretrain,LHd0vXDglb8,00016,-7.352639309065479,8.384
val,pretrain,JLLpWtHbMAo,00007,0,pretrain,y2yka9lyvMA,00034,-8.908535776267993,12.16
val,pretrain,rrkrvAUbU9Y,00047,0,pretrain,gOdAHe3SfVI,00002,0.321115240656507,4.416
val,pretrain,VbF2KPn3TrU,00001,0,pretrain,bvAEJ8G9l9U,00048,-3.6806710148670296,3.84
val,pretrain,S6cX2p5cBVg,00023,0,pretrain,rYwTA5RA9eU,00001,-8.781823256160578,4.096
val,pretrain,lxYFURQ7Ehw,00008,0,trainval,Wtp7R97jz5k,50008,-2.118564134857433,5.248
val,pretrain,EU15c9hnftE,00009,0,trainval,MSE5Vryrd0I,50013,-2.5284281666159796,6.208
val,pretrain,kdqUhTnAgJU,00011,0,pretrain,c00zfzk4gdg,00039,1.8983640374379522,12.608
val,pretrain,lkVYV2P8dQE,00001,0,pretrain,FVSc2FnPnDE,00017,2.429831798241631,4.864
val,pretrain,uhRhtFFhNzQ,00037,0,pretrain,KChjQvXjk1g,00009,9.729438636602023,3.712
val,pretrain,U1XJJxHIQwo,00015,0,pretrain,qrNDkRHAA4E,00035,5.495946528508808,5.632
val,pretrain,ao6WnXo8Fbo,00005,0,pretrain,2t13Rq4oc7A,00034,2.3784814248534687,5.12
val,pretrain,sLFqwXqe4Yk,00002,0,pretrain,UQzvNIIMayo,00003,1.358347647897503,7.168
val,pretrain,FrsiPG3Cs08,00005,0,pretrain,oml5JLFKgH8,00008,-4.016948380123486,13.632
val,trainval,DzNNS4rcIjs,50008,0,trainval,M4soSZ9aSu0,50001,-9.578760737926155,2.24
val,pretrain,6EghiYSs2ts,00058,0,pretrain,3E46oWB4V0s,00004,7.4653019550656765,6.144
val,pretrain,nrVC977gOPc,00005,0,pretrain,oCBYfGXSAlA,00012,-7.4295571610759215,16.32
val,pretrain,6wk4dkYSrV0,00060,0,pretrain,Syi9bqfFIdY,00017,-3.0160184302860538,2.944
val,pretrain,CiLnSGrcuEs,00030,0,pretrain,oQql5kbCDEg,00010,-5.752692696935567,7.616
val,pretrain,XGq3MXQlRJs,00005,0,pretrain,v7UKkzIaSsQ,00048,9.758256815973581,6.912
val,pretrain,NVPxmzSPvUw,00055,0,pretrain,mLufqwmPl1A,00018,-7.816748040303889,3.648
val,pretrain,1G8dQQrlbbA,00016,0,pretrain,0NV1KdWRHck,00044,-7.051460907982607,5.12
val,trainval,QeAGu40vZzI,50004,0,trainval,8pHzROP1DSw,50012,-0.9968957973206098,3.008
val,pretrain,2NHV4AzSEzY,00019,0,pretrain,ASGOoVmBz0E,00001,-5.586898365086201,9.408
val,pretrain,yVQ8fZB30JU,00029,0,pretrain,2xs8qmk0OPc,00004,1.4885975699637726,5.888
val,pretrain,dskNubEgzCk,00012,0,pretrain,0FQXicAGy5U,00023,-7.964337008103943,5.12
val,pretrain,iNPsDky1z94,00001,0,trainval,4bHO8NZwmIg,50005,-1.2834216792356372,3.52
val,pretrain,F2dFiK3wkRA,00028,0,pretrain,7Xmr87nsl74,00003,-1.8681163865449602,10.88
val,pretrain,hfznpykprP0,00016,0,trainval,Af5qUxl1ktI,50001,-4.326885295482308,2.432
val,pretrain,QbSD6PTcmfs,00018,0,pretrain,1X7fZoDs9KU,00042,-8.752530358143753,3.968
val,pretrain,zSWppsceZ1c,00006,0,pretrain,9y7YEmyzSDo,00013,8.731706971658923,19.456
val,pretrain,7Mqse6SLOds,00032,0,pretrain,0ueGFLVFi80,00010,6.273923368775435,11.456
val,pretrain,udNJCRSABvw,00012,0,pretrain,wSHYZv6HzAs,00032,-1.4235925974803507,5.44
val,pretrain,RsiLLNziScM,00011,0,pretrain,HB2SlA68YDU,00026,-4.68991197857497,11.136
val,pretrain,EHTmxmuhZ10,00001,0,pretrain,3sUWSDHOVn0,00009,-0.08086210488654899,10.432
val,pretrain,HWsehvUkISc,00015,0,pretrain,KSWL5iqvPlY,00018,-7.303179643681323,4.992
val,pretrain,Tmk7nAvpMXQ,00007,0,pretrain,pzN4WGPC4kc,00019,4.773078470329297,10.816
val,pretrain,mf5otGNbkuc,00015,0,pretrain,3sUWSDHOVn0,00029,-0.9388264357122935,3.648
val,pretrain,ocqn3wYTCRM,00007,0,pretrain,YhpMSjbVopo,00001,7.94352916721251,7.168
val,pretrain,FzApYQDIXlg,00036,0,pretrain,EDLWWP8N6MU,00033,-4.409033141132095,11.136
val,trainval,KTvSfeCRxe8,50061,0,trainval,XGq3MXQlRJs,50005,-8.609824858915061,2.24
val,trainval,QdAG161FeT8,50004,0,pretrain,G8cjIBwP52o,00025,-3.3765581977765224,5.568
val,pretrain,sNbGUSI9HWw,00019,0,pretrain,kSZEsPnhIXg,00004,-1.6201640657123288,4.48
val,trainval,43e6eAAeGCs,50008,0,pretrain,8sQ2p89P0Us,00007,-1.696444893548687,2.88
val,pretrain,goYIHXKvwLk,00016,0,pretrain,H3ddtbeduoo,00002,0.3493649770417129,3.072
val,pretrain,q9Ou0cj3fF8,00008,0,pretrain,VQRjouwKDlU,00005,-5.116394070011014,3.968
val,pretrain,ux1GxExRUUY,00013,0,pretrain,zIwLWfaAgS8,00058,-5.6600599944356595,4.48
val,pretrain,AvtStbwMQqs,00011,0,trainval,CLSSiaFuLo4,50014,-5.943474778566071,6.208
val,pretrain,goYIHXKvwLk,00021,0,pretrain,ddek3gQVt9Y,00045,-9.267360993265012,4.608
val,trainval,vg8WAv0YT9c,50015,0,pretrain,OmMv9tShW8k,00005,7.63882056646521,3.968
val,pretrain,lUO0xDSJQVI,00012,0,pretrain,USnf5kbsMlg,00022,4.017519922575062,5.12
val,pretrain,yVQ8fZB30JU,00014,0,pretrain,RlQEoJaLQRA,00010,-2.8324044887824495,4.16
val,pretrain,NRLjrZD6kqQ,00025,0,pretrain,aI8KiPiVLyY,00009,-5.290140564638768,5.376
val,trainval,BwIGcvBGSRk,50012,0,pretrain,3YAF5JdsMm8,00001,-3.861399546110582,6.08
val,pretrain,dOOtM7ZpAS8,00036,0,pretrain,2draXqXZmdM,00004,-6.5579149018104825,9.472
val,trainval,yP2niXStKVQ,50003,0,pretrain,8cwWSS29faQ,00021,-2.079819752858965,5.888
val,pretrain,CdxVbUjaSpY,00025,0,pretrain,79tRTivyMSM,00006,-5.287548686510377,4.16
val,pretrain,UUqr4P7P3gM,00018,0,pretrain,gypAjPp6eps,00027,-1.369313699719834,6.784
val,pretrain,RWiI7AkDXSo,00005,0,pretrain,0akiEFwtkyA,00038,-9.901267735534935,11.008
val,pretrain,HQzXqjT0w3k,00008,0,pretrain,1rTEOU67zCo,00016,-5.19811688751882,4.736
val,pretrain,Zctk6MZaxMk,00029,0,pretrain,MLvwTlbj1Y8,00024,3.2470766892214815,3.968
val,pretrain,KCr8s57hdzY,00037,0,pretrain,mUJdzaLDRIo,00047,9.424315562100947,6.528
val,pretrain,XAcARiiK5uY,00004,0,trainval,GOCUH7TxHRI,50020,-7.615432824074935,6.016
val,pretrain,ESwp7HN9Zvs,00016,0,pretrain,64fDIZiVSSM,00004,5.589320052476909,3.904
val,pretrain,aSpHGbL5138,00011,0,pretrain,umgWcQ5uNu0,00012,4.564979220142613,7.872
val,pretrain,VRhjc3dJtOo,00001,0,pretrain,wSF82AwSDiU,00011,8.489400339132832,8.576
val,pretrain,nC06omDS0kA,00011,0,pretrain,a7whovUoYu4,00010,0.5048047111462566,6.272
val,pretrain,DEmjzXi2lfI,00023,0,pretrain,sHJZRPWXQ9s,00005,9.41295943782627,3.328
val,pretrain,YmlAl1SMtHk,00015,0,pretrain,G8gJJuCdPSA,00017,-5.002030308653847,9.088
val,pretrain,WNj1Y11tSx8,00022,0,pretrain,Zctk6MZaxMk,00028,7.250073064056686,7.296
val,pretrain,wHH6C2BSC1E,00003,0,pretrain,nUdsTizSxSI,00003,-0.1149360331706557,4.096
val,pretrain,U1XJJxHIQwo,00015,0,pretrain,6E3zVSCSGYk,00012,-2.7455665526262347,5.632
val,trainval,Sb2qXygFm8U,50007,0,trainval,maMU4XZYdtQ,50001,5.40009005620119,2.048
val,trainval,VN357QrUdEc,50031,0,trainval,NZspSEdO2Xk,50008,-0.006536983769640514,4.544
val,pretrain,BGcJXAXSSd0,00020,0,pretrain,OwRAFCrsDS8,00020,-8.226099291420176,4.224
val,trainval,ElJxUVJ8blw,50006,0,pretrain,7Z9xCX4ifJo,00018,6.195456886149596,4.096
val,trainval,ZBDablzQ9ts,50011,0,pretrain,B12syeJflbQ,00020,-2.9446130009558535,5.952
val,pretrain,xnovQVRHj5c,00001,0,pretrain,gBkIyJ7kfSI,00023,6.676621297539896,8.576
val,pretrain,Hul8htHa9AY,00010,0,pretrain,gdg4mUSwuhI,00005,8.604112241116056,12.8
val,trainval,ATISgVUKetI,50012,0,pretrain,l5ZJ6bK1EIc,00020,-9.734269997204105,3.52
val,pretrain,SwiaaqKdtjw,00028,0,pretrain,SYpHNImNsx8,00020,-1.159581689951592,9.216
val,trainval,kLIfeGflNp8,50008,0,pretrain,ohGMgSLJCjs,00031,-6.823226157127962,5.568
val,pretrain,wSHYZv6HzAs,00032,0,pretrain,BsFxokC02sg,00038,-1.3760733113371781,6.848
val,pretrain,5XD2kNopsUs,00035,0,pretrain,YlmZkY1uqXM,00027,9.086004955690278,10.816
val,pretrain,wgeh4xhSA2Q,00004,0,pretrain,Yo5cKRmJaf0,00010,1.3517390435267131,3.904
val,trainval,OXQwtTOnLvg,50006,0,pretrain,TYFH0DSjyqc,00006,-4.728731699505819,2.368
val,pretrain,xY7kVVS2HVY,00006,0,pretrain,ME0OeqjnVAw,00008,-9.530209477507734,6.72
val,trainval,6JxRxBqQLKA,50001,0,pretrain,1TYPldG99dk,00018,4.301959753289335,4.16
val,pretrain,1KFUSfbcwfw,00006,0,pretrain,DzWjaWFLjgg,00003,2.2845503489866648,2.56
val,pretrain,wxCtIdI3xL0,00014,0,pretrain,zGEDHMF4rLI,00025,-2.8417136248275066,7.616
val,pretrain,2zvjW9arAZ0,00064,0,pretrain,RVX8ZSAR4OY,00020,3.3653940941172955,4.096
val,pretrain,PXMJobWlXks,00018,0,pretrain,KJ3lcCa0G4Y,00011,0.6515403959731039,5.888
val,pretrain,tMQ4OxOxgrc,00016,0,pretrain,l2S0V1DeDa4,00004,2.7859012533707688,24.32
val,pretrain,2L4BSVpvx1A,00002,0,pretrain,lQflBowgVB4,00002,7.145785409901681,3.968
val,pretrain,r6nSmSTKHGc,00016,0,pretrain,Hul8htHa9AY,00010,-8.950610669793607,12.8
val,pretrain,Skxa33RVVh4,00004,0,pretrain,aSpHGbL5138,00013,-9.825856292992105,8.256
val,pretrain,shqLZyONA0M,00022,0,pretrain,yPGwA7t6bpI,00034,-0.7590973462902522,8.704
val,pretrain,IDkSDPgrtjs,00007,0,pretrain,LgBjU8ovWh0,00011,1.6565026576004094,4.16
val,pretrain,Ttshw4mELNk,00001,0,trainval,H03o2WCBoDU,50007,4.195378659048064,3.328
val,pretrain,PVzcGhZ8Aeg,00022,0,pretrain,9VXOknUbzBM,00016,2.1292026036349974,9.856
val,pretrain,55n9pHSA0O8,00038,0,pretrain,WWRXOqYwRkM,00020,-7.4994385723702734,4.16
val,pretrain,EijI8QaExDg,00046,0,pretrain,H2vN2QXZGnc,00019,7.052371266364808,11.776
val,trainval,DqbM1ZrpTQg,50002,0,pretrain,uYyvbgINZkQ,00012,-1.940362996713425,2.176
val,pretrain,11Mq9ZuxZMc,00046,0,pretrain,5d4ZEgZU9Aw,00020,6.274091673887185,4.352
val,pretrain,tH5iEf9oxaI,00055,0,trainval,fgfQLTIhi1U,50011,7.391787692099118,5.76
val,pretrain,k5tCYg9s0HU,00025,0,pretrain,iSRWMLMBkqk,00004,-2.371380667522387,8.384
val,pretrain,ts9JpM0gHMU,00012,0,pretrain,JeHqgambbcI,00012,-1.082232807822992,5.504
val,pretrain,9FCsyK4aRXQ,00005,0,pretrain,vNyZmSg92HI,00008,-9.04408011819055,8.256
val,trainval,DZfOvYiQtow,50003,0,pretrain,zwjLQgNd7XM,00015,5.238913544588604,2.368
val,pretrain,SbgwDk7A4as,00017,0,pretrain,tpKWHSsBpnE,00004,-3.6144862730075245,6.272
val,pretrain,BSxI3YxAPW4,00018,0,trainval,ljqra3BcqWM,50001,-5.524463920456286,2.816
val,pretrain,hfDkDzZ9GsU,00026,0,pretrain,sLiM2SizFl4,00028,-1.5588639785130791,11.328
val,pretrain,RsxlLsHtoBI,00039,0,pretrain,wSepGxx36To,00013,7.657034736808189,9.216
val,pretrain,aUBawr1hUwo,00004,0,pretrain,ayVm441iZfo,00016,2.4603267316998068,10.24
val,pretrain,vrU6YJle6Q4,00052,0,pretrain,5nys6iebjHw,00033,3.3545590405131698,4.16
val,pretrain,pimgaSjgwWQ,00003,0,pretrain,0P0mBj09vwk,00014,3.5208204645397227,9.856
val,pretrain,XiEQmcZi8cM,00002,0,pretrain,uVAaZVz9pDs,00015,-4.315436952621856,5.696
val,pretrain,KTvSfeCRxe8,00059,0,trainval,c8re1U9rCo4,50011,5.674652143792365,2.816
val,pretrain,BcTOSxcv2So,00008,0,pretrain,fgfQLTIhi1U,00035,2.617738907767471,4.544
val,pretrain,4Lb5LSVEm34,00009,0,pretrain,8MpXRkmeDhk,00001,5.9999933851430605,18.368
val,pretrain,6ORDQFh0Byw,00030,0,pretrain,LKAhTELkOV8,00011,-4.107644104830279,5.76
val,pretrain,7DCofMA9eQA,00016,0,pretrain,ZChEFOGSn8Q,00017,-3.014879354302577,6.464
val,pretrain,ce31WjiVcY0,00010,0,pretrain,WbuIl6phdco,00042,0.760705954667678,6.848
val,pretrain,fW6AndSUByo,00018,0,pretrain,mUJdzaLDRIo,00062,-7.196898287934208,3.456
val,pretrain,B9DdIivSGts,00021,0,pretrain,HWsehvUkISc,00012,7.325604402577351,8.128
val,trainval,1cJiAS6NSUI,50001,0,pretrain,9YR8jNtV4BE,00037,-9.720831872239168,6.08
val,pretrain,SPSq3cW672s,00037,0,pretrain,ZuCX92wuw2g,00012,-9.045763018038791,7.552
val,pretrain,K926HAKRFvw,00015,0,pretrain,8OnsjVdEuRk,00009,5.328945533793071,3.52
val,pretrain,ae38tl7uR28,00004,0,pretrain,ultonpeO0ZA,00015,-9.856878003719965,4.8
val,pretrain,XS3m37czBfk,00026,0,pretrain,5Walt8nPINM,00016,9.547114910201678,31.68
val,pretrain,A7ktYbVwr90,00012,0,pretrain,lACQknq4sFI,00005,0.47562296341205723,3.456
val,pretrain,IJmr7MsS8fw,00033,0,pretrain,2SIk5ofBKco,00004,-5.282619841865259,13.44
val,pretrain,WSSaFAZS0Dw,00009,0,pretrain,WzuWMf3WPPc,00003,8.81311677144318,3.328
val,pretrain,1X7fZoDs9KU,00042,0,pretrain,Er9bh94f1w0,00011,-1.1107685437824024,14.848
val,pretrain,HJY8gMsonU0,00006,0,pretrain,C14bXC7zi84,00003,-2.7920178190288336,4.224
val,pretrain,YuEm03Ko0J8,00014,0,pretrain,ac1mOswXxLs,00003,-4.265837798640176,9.088
val,pretrain,2PR51JQkib4,00012,0,pretrain,eNC1h5H5cJA,00010,9.601669291975877,8.768
val,pretrain,J6oMG7u9HGE,00016,0,trainval,Rpsf1YJsbbI,50029,7.54867281394359,5.568
val,pretrain,lyRSK2CZIHQ,00009,0,pretrain,y7LXwGfvxwo,00031,1.645723139869384,3.904
val,pretrain,uJZWcKOIZMo,00009,0,trainval,DEmjzXi2lfI,50004,1.8123552773681713,4.288
val,pretrain,P5Mpo4JQZhw,00040,0,pretrain,Wai4ub90stQ,00001,-7.508921434887485,7.232
val,pretrain,FrgzvykPILc,00037,0,pretrain,I8tg0Myjimg,00019,-1.2833146562906457,4.096
val,pretrain,SjaWs87t5UM,00020,0,pretrain,1tcqfWkiShw,00002,-1.1981088734164747,3.136
val,pretrain,7Xmr87nsl74,00012,0,trainval,UGtFXtnWME4,50019,-4.855773225884851,3.328
val,pretrain,7sxpKhIbr0E,00007,0,pretrain,k7sKMj85hDw,00007,2.1458660799217952,8.832
val,pretrain,KyamsZXXF2w,00019,0,pretrain,7s0CpRfyYp8,00042,2.41795756541347,5.888
val,pretrain,xuAAPsiD768,00022,0,pretrain,gUWWt30oZ3w,00002,8.664962449433723,6.464
val,pretrain,3E7hkPZSHTk,00008,0,pretrain,fzKxYlHmhmY,00014,-7.269955049411328,5.824
val,trainval,ddek3gQVt9Y,50007,0,pretrain,buRLc2eWGPQ,00033,-4.548373035617461,2.944
val,pretrain,vkEeNkHilIg,00023,0,pretrain,1k89OTpDvIU,00007,7.235889906081894,8.64
val,pretrain,U6bYCiS1wF4,00002,0,pretrain,naSNfaSbOjA,00001,7.867250027851117,7.616
val,pretrain,GROCkg810R0,00001,0,pretrain,Dk37LhxjPEY,00007,4.837896387158839,13.44
val,pretrain,zSbCNWyYams,00010,0,pretrain,4wCQV4Le3S0,00011,-3.1165809671905675,2.496
val,trainval,FAubx3BBgLk,50005,0,pretrain,AdHSwXl2nuQ,00001,3.4045846362510375,5.76
val,trainval,sHJZRPWXQ9s,50009,0,pretrain,1X8b7mXImVM,00004,-2.9298622543566495,2.496
val,pretrain,mkdSXHXhCcw,00107,0,pretrain,LBvHI1awWaI,00010,9.60276708123562,9.728
val,pretrain,s3IPatkuByA,00007,0,pretrain,s9jsZPeqFCw,00013,-9.537416584833904,10.176
val,pretrain,VQRjouwKDlU,00031,0,trainval,Zx8uYIfUvh4,50016,1.5429437685187821,4.864
val,trainval,kYXiegTXsEs,50018,0,trainval,SdBPkbi4SR8,50010,3.941758048160729,5.696
val,trainval,QhLLMBN57AU,50011,0,pretrain,kLIfeGflNp8,00024,-8.828129804726101,5.12
val,trainval,KTvSfeCRxe8,50011,0,pretrain,dUdCToPPK5A,00003,8.941652762194042,6.08
val,pretrain,43e6eAAeGCs,00015,0,pretrain,cAGFKYNrQgY,00005,-0.3448656270539914,6.848
val,pretrain,WvvuLDX7iIk,00050,0,pretrain,k4vzhweOefs,00029,-4.363217474960868,4.16
val,pretrain,pkGAMb5sYvg,00012,0,pretrain,KZIGekgoaz4,00019,5.875168355687542,7.808
val,pretrain,mKPmlliPL0U,00010,0,pretrain,nOHbn8Q1fBM,00003,-8.872328913785207,3.968
val,pretrain,Qlg6izBqKxM,00006,0,pretrain,zWxFhFZJDks,00017,5.280903198034965,5.376
val,pretrain,8jkri0AeZWQ,00001,0,pretrain,fJ36gCwKVec,00005,0.28399834138037505,12.608
val,pretrain,8tEuaj4h8dw,00021,0,pretrain,OHBaOyaltpU,00002,-2.6735269346954187,8.896
val,pretrain,R7vmHGAshi8,00015,0,pretrain,XGq3MXQlRJs,00004,-5.927407019625961,11.136
val,pretrain,kWnsmzSSgdI,00028,0,trainval,G1RRbupCxi0,50019,-1.4517863386781027,5.056
val,pretrain,ByEoeBYUwOo,00002,0,pretrain,gniDHWq0RSQ,00006,-5.218156300841756,7.36
val,pretrain,pimgaSjgwWQ,00003,0,pretrain,DhSoIwxWkkI,00024,-3.4521174573249453,9.792
val,pretrain,2Brajdazp1o,00012,0,trainval,Kk7kzUt3SLc,50002,-1.2997157389392537,5.888
val,pretrain,9vKRj9yV8pI,00029,0,pretrain,tiWwrdMqvvM,00010,5.268365082052359,2.816
val,pretrain,buHSvs7LFzw,00011,0,pretrain,1oNlTrLIjU4,00016,-4.344298286967687,7.552
val,trainval,VSJpBJal3F8,50014,0,trainval,nncPtxLCPrE,50003,5.503993349835284,2.752
val,pretrain,ht1zFl7HyO8,00012,0,pretrain,pxzUDc1Zs4E,00001,1.7101470598886515,4.096
val,pretrain,K2BES6FUAO4,00006,0,pretrain,mGbMwP8MDjg,00019,-3.760193003053436,9.088
val,pretrain,0SkdP36wiAU,00011,0,pretrain,uuwgtX2zU9Q,00012,-3.8084246950567007,4.416
val,pretrain,EKSF037iji0,00012,0,pretrain,gmSsyvrI2Xw,00026,-2.9170115318446506,5.568
val,pretrain,nAMrtHC2Ev0,00001,0,pretrain,N1R84S5DYEA,00011,9.508697819936142,3.456
val,trainval,BMOjVYgYaG8,50021,0,pretrain,u70RZtCJSrI,00029,-8.96739999617867,4.032
val,pretrain,ZUGOaSux6pU,00010,0,pretrain,KkyzYjPuxK8,00015,-0.9161650359772331,5.888
val,trainval,tqf607N19Is,50016,0,pretrain,Cr1usGUSuL4,00022,-5.525319381554985,2.048
val,trainval,CGksAjzI0go,50008,0,pretrain,ndAHAjgquwk,00017,-2.1245728975747724,5.376
val,pretrain,7shXEFuxHAA,00011,0,pretrain,hfznpykprP0,00018,-8.9829726505574,3.584
val,pretrain,gWPFJgLAzu4,00043,0,pretrain,z4vmzTZ7qLA,00004,-4.741536160335507,4.224
val,pretrain,IDkSDPgrtjs,00004,0,trainval,B0ESVNX1SYk,50007,-8.718689053755453,3.328
val,trainval,IfqdMoKVIR0,50009,0,pretrain,AGivotqSrd0,00036,0.35778203423474153,6.016
val,trainval,q2k2Xbfuy1I,50002,0,pretrain,0bop3D7SdDM,00034,8.029874367770756,3.776
val,pretrain,BGRy5VUSLfI,00031,0,pretrain,XzDNfLnUOYY,00010,2.5399281176289907,3.776
val,trainval,zuAj2F54bdo,50007,0,pretrain,2URf46UY7SA,00015,-2.9769231017593123,5.44
val,pretrain,OaGEMSRms48,00024,0,pretrain,EiTrl0W1QrM,00060,-4.4946207937727145,5.568
val,trainval,AR6RiSHN7S0,50008,0,pretrain,ZLiUelSu7s8,00009,1.3354319080773553,2.112
val,trainval,s32OdFz9ttk,50013,0,pretrain,YMyofREc5Jk,00006,3.7128164871442735,3.008
val,pretrain,r92jUj7gNRw,00043,0,pretrain,iwlSPe0FbSg,00014,3.2259132083737647,3.456
val,trainval,4ZgwzSm7sRs,50027,0,pretrain,eqDgt12m26c,00021,4.2209414511578345,6.144
val,pretrain,gyPoqFcvt9w,00025,0,pretrain,B4a0NvLTebw,00023,3.001196419370979,6.016
val,pretrain,lQDxasFKQCA,00020,0,pretrain,lcZyzcTS5GU,00007,-1.0343016527887983,8.32
val,pretrain,1XL8I9SIqRY,00008,0,pretrain,0snNB1yS3IE,00028,-6.685095344778937,4.672
val,pretrain,iQsnObyii4Q,00001,0,pretrain,FKQavJZHRJU,00001,-2.0300498435491665,4.416
val,pretrain,JeHqgambbcI,00012,0,pretrain,o2WyXD7IaN0,00005,9.11331251519719,4.992
val,pretrain,Pro06WQG77M,00006,0,pretrain,AoAbPIbGLUo,00036,0.9171980719723685,8.256
val,pretrain,79zra755WgA,00033,0,pretrain,XoBSE2C1u0s,00014,-2.6097063209680327,4.416
val,pretrain,1cQbMP3I5Sk,00014,0,pretrain,wxCtIdI3xL0,00010,3.295211030869009,11.52
val,pretrain,4AUSqB0RVNY,00001,0,pretrain,9ebJlcZMx3c,00040,1.9846734348438346,6.784
val,pretrain,HJouIL6uaoc,00015,0,pretrain,P65XdTlk4vA,00051,5.610092330921553,4.544
val,pretrain,VStEmE85QDE,00008,0,pretrain,aTgPJQ9Dy7Q,00016,3.3759872114900773,5.76
val,pretrain,kLIfeGflNp8,00016,0,pretrain,lQflBowgVB4,00014,0.8819154648722325,5.12
val,pretrain,ooIxHVXgLbc,00047,0,pretrain,RFArUQAQ4UU,00002,-7.608627372445918,6.016
val,trainval,HQIi3nUXh0g,50026,0,pretrain,hTAXEq6zLo8,00010,2.3251782538428003,3.52
val,pretrain,w96osGZaS74,00028,0,pretrain,2SlbsnaSNNM,00001,4.033958296370841,5.76
val,trainval,4Rtfi4MSafA,50001,0,pretrain,31iuh9pfFwg,00021,2.3420647153331267,2.88
val,pretrain,YSQSLapD3c0,00005,0,pretrain,fnS9f5x0f1Q,00048,-6.9965598982378125,9.344
val,pretrain,eAnHjuTQF3M,00014,0,pretrain,vhhgI4tSMwc,00022,3.184682625286964,6.976
val,pretrain,wMOXHHadFyE,00002,0,pretrain,mUJdzaLDRIo,00037,4.984559278658159,3.52
val,trainval,GeDSgi0A7A8,50004,0,pretrain,OAEodzGMavY,00008,8.770182479102967,6.208
val,pretrain,u5GCetbP7Fg,00035,0,trainval,6tpsSu5O0Ws,50003,7.178997042510538,2.496
val,trainval,S9PEogIrHSk,50016,0,trainval,CfmNXPMjChs,50010,9.025970172291675,5.504
val,trainval,3XDdhbrg2kw,50010,0,pretrain,d5zjjJYqixo,00006,-4.457442362312145,3.456
val,pretrain,rYwTA5RA9eU,00026,0,trainval,1S9RVl1dSl4,50005,2.5239204431429823,4.8
val,pretrain,bybOi0nMmq0,00009,0,pretrain,Sf8j5LFv3nI,00004,-2.9458371721030847,6.4
val,pretrain,KTvSfeCRxe8,00035,0,pretrain,5sg4zxZMDN4,00013,-7.844375710293365,8.128
val,pretrain,Zx8uYIfUvh4,00034,0,pretrain,vRK7KKQH9Ck,00003,4.443954120682097,9.088
val,pretrain,D9S6G8J6VJg,00019,0,pretrain,YVzSVEJa5Gg,00005,-5.090452301857555,8.832
val,pretrain,fSmQIWnO3Ag,00008,0,pretrain,qItCBNzqdn8,00002,-8.884913505501842,13.184
val,pretrain,Yo5cKRmJaf0,00006,0,pretrain,vkEeNkHilIg,00018,6.7079161842315465,6.208
val,trainval,m0ZPM5I1tTg,50012,0,pretrain,buRLc2eWGPQ,00038,6.964450787657711,6.208
val,pretrain,GkRn9Lp16UI,00029,0,pretrain,fIw07IX6rG8,00004,-4.079395774930963,3.392
val,pretrain,W3C23m71Yws,00030,0,pretrain,DZfOvYiQtow,00003,7.230709302354306,8.768
val,pretrain,fnhJUeCQfSo,00010,0,pretrain,sLFqwXqe4Yk,00010,2.4442490787710103,5.376
val,pretrain,0QbLI1U4cLE,00010,0,pretrain,4BwSMSCFdu0,00035,-7.7965677805193945,6.016
val,pretrain,L6PW0Nw35X0,00018,0,pretrain,5AN5fPFtV0U,00032,-7.103762469007986,14.528
val,pretrain,7JQbyvNjM74,00009,0,pretrain,0NV1KdWRHck,00013,1.877816350918902,11.072
val,pretrain,sLo97Bu8Fo0,00034,0,pretrain,cmlRinjYKfM,00009,7.842123419026741,6.976
val,pretrain,2zvjW9arAZ0,00044,0,pretrain,3GVOSMfIl1Q,00025,-6.3243710268321625,7.488
val,trainval,3E7hkPZSHTk,50007,0,pretrain,k5tCYg9s0HU,00014,7.70987757299029,5.376
val,pretrain,dY7iATJVCso,00012,0,pretrain,7Xmr87nsl74,00003,-2.2625558604818092,8.576
val,pretrain,M8CTOjQhJFo,00030,0,pretrain,fenV3W7hQtw,00011,5.298128840528323,3.456
val,trainval,2PNumSv80R4,50003,0,trainval,S7SXH1CBzGw,50003,-1.6109106356958343,3.328
val,pretrain,BUhksjVTbEk,00011,0,pretrain,JD4O7ama3o8,00014,-8.848281597961957,7.808
val,pretrain,LuG2rf9enHE,00028,0,pretrain,l5d8GW6GdR0,00005,7.803096928547216,9.664
val,pretrain,qH66lTtW4Hg,00001,0,pretrain,3m6dV7Xo3Vc,00028,-8.947237878226984,6.08
val,pretrain,7p4zw4SqgUw,00010,0,pretrain,ESNiCniw0JE,00004,-0.8947113684570489,11.52
val,pretrain,Ytw0I6ytRto,00014,0,trainval,aEjUlH7bNDo,50027,-6.72251548313898,3.136
val,pretrain,Hui5YHSD6Go,00017,0,pretrain,bhHJ4DRZNZM,00019,6.914963046248058,6.336
val,pretrain,FcoJt2KLC9k,00029,0,trainval,tsgvhP07BC8,50014,0.5316144484403829,4.352
val,pretrain,3PQrElyu9HY,00001,0,pretrain,B4xOFsygwr4,00022,2.7642591556242753,10.304
val,trainval,rueQgStScw0,50006,0,pretrain,askcLEVCTko,00049,-1.7976589386119102,2.752
val,pretrain,cK74vhqzeeQ,00016,0,trainval,CFtsHf1lVI4,50013,4.290812991020836,2.048
val,pretrain,hiM48jSNZOU,00007,0,pretrain,LZXUR4z2P9w,00024,7.716664319309526,6.208
val,trainval,PENkzh0tWJs,50006,0,pretrain,80GqbW1MmQM,00030,9.450473956037985,3.52
val,trainval,Y5M7e0PWFtk,50001,0,trainval,A4KMN9W4pRs,50003,-6.25148432353694,4.544
val,pretrain,9SGSSQssNj4,00004,0,pretrain,Yo5cKRmJaf0,00006,-4.2308407594640185,4.416
val,pretrain,V7zMFJbBsD0,00011,0,trainval,uXlSmKZ7aSc,50006,2.0541103835474104,3.84
val,pretrain,UQzvNIIMayo,00006,0,pretrain,Oj8eFu72Sfc,00028,9.348961036468882,13.568
val,trainval,rokPqHc9iD0,50005,0,pretrain,mwrLVvORugw,00013,-1.989248051263683,4.224
val,pretrain,pLCeQyxVWB8,00025,0,pretrain,5nys6iebjHw,00033,-2.8839995859173673,6.976
val,pretrain,sDfhSIKFGz0,00022,0,pretrain,wmE8dQcZgB4,00017,1.6048375395820091,9.92
val,pretrain,VUT6GQveD0E,00038,0,pretrain,tiWwrdMqvvM,00018,-0.8528166831414303,2.944
val,pretrain,SJmnB54WRgk,00014,0,pretrain,xlngY8QCEt0,00009,5.108258889094914,6.848
val,pretrain,SmQadYi4F14,00009,0,pretrain,HCJRXoYOoaI,00014,-7.602117160741322,24.064
val,pretrain,Rpsf1YJsbbI,00034,0,trainval,Mtjatz9rSVc,50002,7.087091159126096,3.008
val,pretrain,CLSSiaFuLo4,00061,0,pretrain,nLtUl2CP8ak,00008,-2.337584409476907,5.696
val,pretrain,eqDgt12m26c,00029,0,pretrain,z5aAJGNSRHs,00011,5.360773755656048,10.24
val,pretrain,Oj8eFu72Sfc,00014,0,pretrain,267BlUBordQ,00008,-2.29934231603687,10.368
val,trainval,SwaBFUgSoT8,50001,0,pretrain,acJscdoP2a4,00002,-2.31786811301546,5.824
val,pretrain,rHbjwH2Blfg,00002,0,trainval,8etnSTnX92g,50006,1.660429881019569,3.84
val,pretrain,lSYy6poJ2zs,00005,0,trainval,XiEQmcZi8cM,50004,9.354636159906562,3.776
val,pretrain,3qRtDnsnSwk,00001,0,pretrain,1X7fZoDs9KU,00008,6.483771191686525,5.696
val,pretrain,6wk4dkYSrV0,00017,0,pretrain,c0H1zU2ytxA,00001,5.291224378837203,4.096
val,pretrain,sa0RUmGTCYY,00028,0,pretrain,ay8OMOsf6AQ,00028,-9.485992535914459,5.76
val,trainval,8xHrpO6p7dE,50009,0,pretrain,GzB0BDstCI0,00004,-1.5270641702836336,6.016
val,pretrain,2NHV4AzSEzY,00027,0,pretrain,lyu7v7nWzfo,00032,9.907135917391681,6.72
val,pretrain,wSF82AwSDiU,00011,0,pretrain,ROXUPr8Wqds,00021,-3.5086823021258695,13.44
val,trainval,VN357QrUdEc,50031,0,pretrain,iU1bhHeCkoU,00034,-0.7034788154722946,4.416
val,pretrain,TYFH0DSjyqc,00028,0,pretrain,uNDWvejza4c,00045,4.579331448055601,3.264
val,pretrain,6kuCSIemiCs,00007,0,pretrain,xTMZJvfzxGY,00029,5.822106330024168,21.12
val,pretrain,S8DwxjDrNNM,00001,0,pretrain,C9XIVtUEgFE,00016,6.268867275909841,4.992
val,pretrain,VS5CCbyap5Q,00003,0,pretrain,HH3m1OSiOT0,00028,1.8238389551726577,9.024
val,trainval,7DLzXAjscXk,50037,0,pretrain,Oj8eFu72Sfc,00013,-2.441028300188748,2.176
val,pretrain,ooIxHVXgLbc,00014,0,pretrain,FdHJw0veVNY,00037,3.880540889967767,6.656
val,pretrain,nXOSQeZNjJo,00006,0,trainval,r3L9n20myqk,50001,-2.181193246248214,2.752
val,pretrain,M0yhHKWUa0g,00003,0,pretrain,r8WPIZJOJuk,00010,-4.345044602730872,7.168
val,pretrain,IQDrStvBt9s,00012,0,pretrain,3UaOl8SYHes,00027,-0.15447376610504193,9.792
val,pretrain,Uieh3RfkCng,00009,0,trainval,0ZOqbO2jIKg,50011,-1.9271701087636135,4.16
val,pretrain,3dy4SGkSD8M,00020,0,pretrain,EEjyPqyFeSs,00012,-9.15058747947407,12.8
val,pretrain,r92jUj7gNRw,00043,0,pretrain,UWKvpFZJwcE,00008,-9.217082495879264,3.456
val,pretrain,F8bM8K7WSR8,00005,0,pretrain,yrcaHGqTqHk,00021,1.2598910479252883,11.264
val,pretrain,y62pJTJkfbg,00014,0,pretrain,j7RsRnYlz7I,00009,3.280535720238767,3.648
val,pretrain,mwzBJF5Q7Vw,00006,0,pretrain,1XL8I9SIqRY,00013,6.282504322956022,8.576
val,trainval,Vqm8fXFFHyY,50014,0,pretrain,VM6HZqQKhok,00033,2.939001128223479,6.08
val,trainval,rBt7LMrIkxg,50001,0,pretrain,AlCqyZEXM1I,00008,-6.995676478113015,5.376
val,pretrain,UWKvpFZJwcE,00018,0,pretrain,t9EuJ9QlikY,00003,2.756196077645379,3.456
val,pretrain,n4EhJ898rSk,00027,0,pretrain,OWq7ToR2U8Q,00004,-1.4000040956921325,4.928
val,pretrain,2BOTS9GAjc4,00047,0,trainval,cRrgDS4SD8s,50006,2.0500033768098014,2.688
val,pretrain,AzcMEwAxSP8,00013,0,pretrain,FX6j9jPF8Ss,00008,-4.2888347150669475,5.44
val,pretrain,xeFl0RE31x0,00007,0,pretrain,7sxpKhIbr0E,00006,-0.29582525677705007,6.464
val,pretrain,uRdQS2sjF2s,00012,0,pretrain,XKc9MJDeqj0,00008,-7.3122439277036655,8.64
val,pretrain,NdKEy6vcCMw,00046,0,pretrain,eaelI0u4Sz0,00007,-8.38212955276598,9.216
val,pretrain,snHSSUcGSSE,00020,0,pretrain,BwOd20Mv0hM,00008,9.991102063614534,3.584
val,pretrain,p2MEGk5q1WI,00053,0,pretrain,j3YjeARuilI,00032,-1.5541176596988464,5.568
val,pretrain,bfAzi6D5FpM,00014,0,pretrain,sBsuIAscshE,00020,4.235603208509239,3.776
val,pretrain,Sk0ywFgMpFk,00017,0,pretrain,NgVwPj54TEo,00023,-9.003904390111192,5.44
val,pretrain,RPicL1AWrs8,00023,0,pretrain,tvos4nORfSY,00024,-5.811170379940441,14.336
val,pretrain,XLi6iYnnsGc,00016,0,pretrain,Wtp7R97jz5k,00016,-7.594274701187302,10.688
val,pretrain,7npLVcymHGc,00039,0,pretrain,nLtUl2CP8ak,00014,-1.5535015091249669,4.416
val,pretrain,HS8y0WLm78U,00042,0,trainval,SHt4qiDRZE8,50004,-2.010088424333012,6.016
val,pretrain,7JVTirBEfho,00005,0,trainval,dLHWVTa5xZs,50013,9.95796997466294,6.08
val,pretrain,CHxhjDPKfbY,00003,0,pretrain,9EVEmZ2cSes,00038,1.5088685429818618,7.808
val,trainval,tIINqNUediU,50001,0,pretrain,pY6ulSP70HY,00001,-4.78838291339013,6.208
val,pretrain,dghBrSBC34Y,00001,0,trainval,tMSU6k5SWXg,50001,4.667849668063207,5.888
val,trainval,0SW0HFy9Et4,50011,0,pretrain,I9weytKalQQ,00001,-3.6766807156809485,5.248
val,trainval,8jPQjjsBbIc,50011,0,pretrain,Tg35UfOJhe4,00027,-4.161539261658578,3.84
val,pretrain,C2SVEM19NHA,00001,0,pretrain,hz2ONnzRANs,00021,9.562540158538695,5.312
val,pretrain,BXlnrFpCu0c,00002,0,pretrain,VynSxLrtZaY,00044,-7.426306588221192,11.52
val,pretrain,w2mJMS09Qjk,00002,0,pretrain,j51HsRILGKI,00058,-2.945858879958494,4.736
val,pretrain,zqLYcJ6Ib3c,00010,0,trainval,qYvXkSbqlBk,50006,0.9564831293077702,2.048
val,pretrain,I9weytKalQQ,00006,0,pretrain,8u9Wvz1edxI,00002,-0.10949769402787979,14.528
val,trainval,08ZWROqoTZo,50003,0,pretrain,potB0voQzNg,00001,3.004962261143154,6.208
val,pretrain,5aH2Ppjpcho,00040,0,pretrain,uHnqvhWQMV0,00016,-1.0796241231563553,2.496
val,pretrain,C8QCStOtqus,00006,0,trainval,p49rv25dx0g,50010,8.495143112854308,2.752
val,pretrain,Sf994ANuGIY,00012,0,pretrain,SJ5bDhMP9lQ,00022,3.4631793308326504,3.328
val,pretrain,pgmiPXAwiLg,00006,0,pretrain,SjaWs87t5UM,00028,2.4752281347769216,8.0
val,pretrain,HSmKRshF1SA,00015,0,pretrain,nVEvzeIXbpk,00005,2.9454699252085437,8.256
val,trainval,H6n3iNh4XLI,50002,0,pretrain,7H0USvVSfhU,00005,-6.931096143820714,2.24
val,pretrain,moS9iMlmsP0,00005,0,pretrain,7Mqse6SLOds,00026,7.347218331164033,3.776
val,pretrain,0snNB1yS3IE,00033,0,pretrain,SvZXgApsPCQ,00023,-5.995704102002168,11.072
val,pretrain,mkdSXHXhCcw,00013,0,pretrain,7ZoOyNTyjQE,00020,-9.481358580874026,5.632
val,pretrain,SXOZflB1BKo,00002,0,pretrain,eFwaRDqTUL8,00007,6.1044956325420365,9.28
val,trainval,YhG1Bgbsj2w,50009,0,pretrain,YdSSA7POsN0,00003,3.645921900629613,2.368
val,pretrain,WCj82W7XkjI,00031,0,pretrain,y8ZMviYx9aY,00003,-8.624767374360161,5.824
val,pretrain,7SrGFfZMJ6Q,00005,0,pretrain,dFC2pSkETas,00023,6.566595455474989,4.928
val,trainval,jSOPQgPIdKg,50011,0,trainval,cOIJGGgaSIY,50014,-8.346964095518729,2.368
val,pretrain,rEgSZNB3qyI,00009,0,trainval,soqnBdPOwoo,50001,6.249589362370365,3.712
val,pretrain,xuAAPsiD768,00026,0,pretrain,6d6oq0zGGmw,00033,0.11155861824027546,7.68
val,pretrain,uTL9tm7S1Io,00001,0,pretrain,aTfwA1TaH3Q,00022,-7.709069807902942,10.496
val,pretrain,a19lSbFPRqY,00002,0,pretrain,QJ28IC63hlI,00013,7.328722964192806,13.184
val,trainval,Re53vgaVFvI,50006,0,trainval,xuAAPsiD768,50003,-4.493263010217483,3.648
val,pretrain,HJqtUUDhaxA,00024,0,pretrain,VLe84OkwKOA,00017,-1.021012707070728,8.512
val,pretrain,FjnGdiqk96Y,00006,0,trainval,XOU2ubWkoPw,50006,-4.207733440977348,4.672
val,pretrain,CQ6by9cmt54,00001,0,pretrain,2iWi11tkrAM,00006,-9.546593658537459,12.16
val,pretrain,JD4O7ama3o8,00030,0,pretrain,ibcgMSS0mAs,00015,-6.93335557800747,15.552
val,trainval,j7c9b9A2AHc,50003,0,pretrain,xfDUGqGPSfo,00014,6.509878085378794,4.224
val,pretrain,GROCkg810R0,00023,0,pretrain,c00zfzk4gdg,00039,1.184637135401367,4.224
val,pretrain,8GOFoquSdkI,00012,0,pretrain,LFJ9WAHowcg,00018,7.898700468168048,6.016
val,pretrain,7Mqse6SLOds,00019,0,pretrain,ko32Hr1SoPc,00024,-7.149880455658759,12.416
val,pretrain,M3fGS0tZDB4,00017,0,trainval,sa0RUmGTCYY,50038,7.9899051418660925,3.648
val,pretrain,LoXAAEy6YQU,00013,0,pretrain,i6SbQqqRVtM,00009,2.6522487738841107,3.52
val,pretrain,d6eMdixkoRI,00023,0,pretrain,fSRWTyY2YSM,00044,-9.608575020646493,2.816
val,pretrain,3ls2SgSAyvk,00009,0,pretrain,HSZ1ZvjlKDE,00016,4.723706332891236,13.696
val,pretrain,IRVdiHu1VCc,00074,0,pretrain,iST7tCMUDXU,00009,1.5467740240117749,9.536
val,pretrain,2NcetHNXaxU,00028,0,trainval,2ju61VPdTzw,50004,-4.47739558226467,3.328
val,pretrain,i0a61wFaF8A,00016,0,pretrain,dwU8eavPInw,00015,9.6329781490705,5.248
val,trainval,sucza6EOIf0,50018,0,trainval,Mtjatz9rSVc,50006,5.825369135441356,2.56
val,pretrain,cnxEP6bzg7o,00008,0,pretrain,80GqbW1MmQM,00018,4.976064892798531,23.04
val,trainval,7n9IOH0NvyY,50021,0,pretrain,7Wc8t26OSxw,00003,4.0848906842474815,2.368
val,trainval,yqU0SsbENgE,50006,0,pretrain,vpTHi7O66pI,00009,8.367273068980396,4.992
val,pretrain,yVwAodrjZMY,00049,0,pretrain,iFTWM7HV2UI,00002,0.285505406027573,11.008
val,pretrain,MSLHHgSXloM,00019,0,pretrain,mpqrO2agOTs,00018,-7.555998139092472,6.72
val,pretrain,c8WMMSPUOj0,00003,0,pretrain,bCGlWQnzDVE,00011,3.9787558623750225,6.336
val,pretrain,rQSSSLRpsVs,00003,0,pretrain,k0T6rfpYoqA,00027,-1.343169007132106,10.688
val,trainval,Phf66nAoMIk,50002,0,pretrain,DG7kSeazMQ4,00005,5.008541149248204,4.48
val,pretrain,gqpErbFnbiY,00028,0,pretrain,03h0dNZoxr8,00020,4.269918544948672,7.488
val,pretrain,5LgCl7ZyYGs,00010,0,pretrain,MAQihRikgZM,00010,3.6740517415644014,11.328
val,pretrain,YWZmqpQi2y4,00002,0,pretrain,Jv5tn4MPJV4,00003,2.508297169015364,5.696
val,pretrain,PDKKOSJX6yQ,00010,0,pretrain,Hc6yiSFtoNo,00029,-2.1618464727720017,3.904
val,pretrain,T3I6LwDSfPE,00020,0,pretrain,SS6ZojCzNGY,00028,8.901325016277998,4.416
val,pretrain,sj3PnSpogXw,00003,0,pretrain,6qqqVwM6bMM,00013,4.026017934036998,6.848
val,pretrain,Possj5cXEnM,00002,0,trainval,n706Sqp20Mk,50006,2.8076121053759167,4.672
val,pretrain,AR6RiSHN7S0,00027,0,trainval,OT9poHSD2Iw,50015,-5.280351393479372,4.736
val,pretrain,19Hj93IgbeQ,00010,0,pretrain,qty0NjF3pdQ,00009,9.287182212632143,7.04
val,pretrain,WzuWMf3WPPc,00003,0,trainval,y6FT80ZoVJY,50001,4.291781873176673,3.328
val,pretrain,lUHy84tSDrA,00004,0,trainval,jKAehegqTvg,50022,-3.4894554752633367,3.264
val,trainval,mkdSXHXhCcw,50031,0,pretrain,VM6HZqQKhok,00033,7.589022878949166,3.776
val,pretrain,ixsridS3qVs,00012,0,pretrain,ts9JpM0gHMU,00022,8.840087607937,5.12
val,trainval,5sS3Yjh9Lw4,50012,0,pretrain,vkEeNkHilIg,00026,3.3662080435141526,3.2
val,pretrain,h27g5iT0tck,00022,0,pretrain,xeFl0RE31x0,00007,8.449580643593148,6.464
val,trainval,SU1foLW8h54,50001,0,pretrain,YyuScSjkGSs,00026,-9.132626988497325,4.416
val,pretrain,03h0dNZoxr8,00020,0,pretrain,lrYx7HaUlMY,00013,-0.7910061238301864,7.488
val,pretrain,E2qmkUsf6Y4,00022,0,pretrain,3dy4SGkSD8M,00017,4.027084107608399,3.584
val,pretrain,gZCgWmose3c,00002,0,pretrain,Tsw4JAof8Sk,00010,2.000524343217922,7.36
val,trainval,l5Bbg96VODk,50009,0,pretrain,WzDygsn0Djs,00043,8.965980451448011,2.368
val,pretrain,2draXqXZmdM,00004,0,pretrain,3rbVQNTzCh8,00019,-1.178449009307494,3.648
val,pretrain,LNHBMFCzznE,00006,0,pretrain,FMJgZ4s2E3w,00006,-6.2886572551088005,8.576
val,trainval,jQ95xlZeHo8,50005,0,pretrain,GFivy8eFFBo,00004,2.9146322051807605,3.776
val,pretrain,jpRqbP9Nv9k,00021,0,pretrain,7ZoOyNTyjQE,00004,-8.701426932346266,6.976
val,pretrain,hZ6uYagzwVE,00009,0,pretrain,o2WyXD7IaN0,00021,-9.674926028527334,4.096
val,pretrain,SSy6CJLMuiw,00012,0,pretrain,gOdAHe3SfVI,00009,0.6302441048532543,5.568
val,pretrain,xeFl0RE31x0,00007,0,pretrain,cQvDUTOOkiI,00037,-1.9746481483455725,6.464
val,pretrain,syqScVtnKuU,00044,0,pretrain,5aLiFw8CSEA,00007,8.121171084396906,4.416
val,pretrain,MS4x6G0zzeg,00026,0,pretrain,hSSmmlridUM,00021,9.68809595149662,7.488
val,pretrain,KTvSfeCRxe8,00059,0,pretrain,d0LQCXCiW8g,00018,6.115361685927546,5.696
val,pretrain,tSK6bn9sc50,00008,0,pretrain,eS44GSkE8lE,00019,-5.366310054326313,5.312
val,pretrain,xHwMV35yjoE,00015,0,pretrain,cS3f3rQRlug,00010,8.239626744825884,14.208
val,trainval,04SEzifEsGg,50037,0,pretrain,C3DyhrDsNUA,00021,-2.886450600979435,2.112
val,pretrain,RhgrbQmYOSY,00028,0,pretrain,p2MEGk5q1WI,00039,-5.313473167859495,5.184
val,pretrain,H2vN2QXZGnc,00019,0,trainval,49aWAHqi200,50016,9.342163189402488,2.112
val,pretrain,bmFhWr693is,00013,0,pretrain,d6wGSsAdP0U,00003,-9.062506374317493,4.48
val,pretrain,YAV96XSdMQo,00041,0,pretrain,Phf66nAoMIk,00016,7.512236790009975,8.576
val,pretrain,iE9HMudybyc,00008,0,pretrain,YjHSx0xmXtU,00010,-0.5626960892267778,3.392
val,trainval,K926HAKRFvw,50001,0,pretrain,NRcPXtqdKjE,00044,1.4098684289782355,2.368
val,pretrain,KyamsZXXF2w,00050,0,pretrain,7JVTirBEfho,00033,9.31487798306052,7.68
val,pretrain,iclWthSVvBs,00019,0,pretrain,2BogtvaCWvI,00013,-6.986169315693555,7.808
val,pretrain,B0YSGU3JqiQ,00022,0,pretrain,QHSrG9Tuz84,00004,4.304116066252499,4.928
val,trainval,150cqgYh8sQ,50010,0,pretrain,vJ66jv8ICjc,00022,6.0679553300876385,4.928
val,pretrain,iFTWM7HV2UI,00016,0,pretrain,u70RZtCJSrI,00003,-1.2911645360916513,7.296
val,pretrain,9YR8jNtV4BE,00019,0,pretrain,MiOVX7qKQ24,00010,-4.658983294829342,4.672
val,trainval,sWN13pKVp9s,50019,0,pretrain,0af00UcTOSc,00005,3.5998789044008497,4.992
val,pretrain,th3nnEpITz0,00025,0,pretrain,9IgOVOPLTYI,00020,-7.35938218002943,3.456
val,pretrain,sa1iS1MqUy4,00010,0,pretrain,5Yikqlc7yl8,00007,-9.59891053501655,6.656
val,trainval,Ytw0I6ytRto,50009,0,pretrain,FrgzvykPILc,00037,1.9500309977534158,5.12
val,pretrain,BR9dbjubfuU,00010,0,pretrain,WonC2e5aOGE,00021,5.530530601300605,6.976
val,pretrain,150cqgYh8sQ,00011,0,pretrain,yFVXsjVdvmY,00025,-0.2648342593244628,8.32
val,trainval,2AZwSkHTkCU,50003,0,trainval,KDBcoRLkut8,50003,-5.904887939253898,5.824
val,trainval,KoXdjyJyxbE,50020,0,pretrain,DSSAz5nZBBM,00050,6.808103489296947,5.952
val,pretrain,u7SWcQaoaRQ,00002,0,pretrain,60OVlfAUPJg,00032,9.959571149482485,3.456
val,pretrain,lV3trdyDdHE,00006,0,pretrain,7Wc8t26OSxw,00007,-4.722436047400594,4.608
val,pretrain,rYwTA5RA9eU,00001,0,pretrain,fVLJU45SnLY,00023,8.402629189071206,4.096
val,pretrain,OF5VVrsnpzo,00027,0,pretrain,PMBWNbj2awk,00010,-9.86467258564849,3.776
val,pretrain,6tpsSu5O0Ws,00043,0,pretrain,zIwLWfaAgS8,00065,-2.2547289517506863,7.36
val,pretrain,jdMv5x8SBuM,00002,0,trainval,DzNNS4rcIjs,50008,-3.543878500579365,2.24
val,pretrain,pbGLBjDhnSY,00020,0,pretrain,pMUv6UWkuWw,00013,2.8283227613103374,5.248
val,pretrain,pCHWOt3FOgY,00014,0,pretrain,avuhY7D71sQ,00009,4.216021863114106,7.68
val,pretrain,TKOKD69jUA0,00003,0,pretrain,DSbtkLA3GrY,00043,-1.2652575272369742,13.184
val,pretrain,u0VHC1SDOS8,00035,0,pretrain,0Bhk65bYSI0,00003,8.81426254943413,7.104
val,trainval,7tu9nJmr4Xs,50002,0,pretrain,t1sYh9itUvs,00009,9.54776960168035,2.048
val,pretrain,d6PS4p3IXLQ,00042,0,trainval,3GFG6Cvy9HQ,50003,-2.7742463464312594,4.416
val,pretrain,m048uAa8L3k,00016,0,pretrain,1z3Fgtj8fqk,00009,-6.513330587751662,16.64
val,pretrain,I1cGiNnJZgU,00010,0,pretrain,YVzSVEJa5Gg,00003,7.754698158558334,5.76
val,pretrain,9fyjlxizLFI,00012,0,pretrain,XoBSE2C1u0s,00010,9.95821305285142,5.504
val,pretrain,3qyVvDGDGQs,00007,0,pretrain,C8QCStOtqus,00006,6.0924196522999345,6.72
val,pretrain,STutVhN7xSs,00005,0,pretrain,DzNNS4rcIjs,00009,6.71007898655218,14.272
val,trainval,WpldYJ3sSIo,50003,0,pretrain,YS9vd4HWlVA,00004,9.748716972478682,2.688
val,pretrain,lGbuCmuTJHg,00029,0,pretrain,b2qM1ISJCEQ,00050,-4.2398905514791085,5.888
val,pretrain,fTznEIZRkLg,00010,0,pretrain,6zVS8HIPUng,00018,5.256563718423884,3.968
val,trainval,p49rv25dx0g,50010,0,pretrain,nLtUl2CP8ak,00060,2.411303714089083,2.432
val,pretrain,O4Og5tFNiaU,00029,0,trainval,LlQXs0yofMs,50003,-7.978894111005273,2.048
val,pretrain,CVdPhUPO5YU,00032,0,pretrain,HTf7Ziklcms,00037,6.9403920674529544,7.616
val,pretrain,gVLu99Ja2mA,00025,0,pretrain,sbbzZYJSoJ4,00016,-7.903203654925239,6.016
val,pretrain,EU15c9hnftE,00005,0,pretrain,F0ofeD8VKMA,00081,-6.592073647057434,4.48
val,pretrain,9bbX13SfsBw,00001,0,pretrain,jNSOh4xILSc,00006,4.748025122226583,6.592
val,pretrain,s6rJLXq1Re0,00002,0,pretrain,JSuTsrxfYWQ,00013,5.689120435583641,7.872
val,pretrain,rmeGVhhbGrM,00029,0,pretrain,a5xR4QB1ADw,00027,1.6599962111901352,13.76
val,pretrain,EHTmxmuhZ10,00033,0,pretrain,jDy5j0c6TrU,00001,-0.6839683494987892,5.248
val,pretrain,CEN4XNth61o,00017,0,pretrain,2wseM6wWd74,00001,-9.63870828134407,5.12
val,pretrain,PiVB5niLrWg,00026,0,pretrain,c2tOp7OxyQ8,00027,5.766325387508505,11.328
val,pretrain,DW5YctpK7pM,00012,0,pretrain,p2MEGk5q1WI,00030,-8.915005944726309,8.128
val,pretrain,5TKRSIKtaCg,00002,0,pretrain,cn9Q4c3dXGU,00024,6.084982170857735,10.496
val,pretrain,tvos4nORfSY,00006,0,trainval,Wtp7R97jz5k,50008,5.243328011125152,5.248
val,pretrain,up4hFjSjcTY,00010,0,pretrain,qFza3W87eDg,00011,-2.0809262670541777,4.608
val,pretrain,vLEUSsEeiSU,00015,0,pretrain,X4LOF6ftJVU,00008,-2.720744360299781,9.088
val,pretrain,Qj4xf3U8dh8,00038,0,trainval,BMcduh1HEHA,50001,1.1037202119137017,2.496
val,pretrain,XGq3MXQlRJs,00011,0,pretrain,SSV07QKguBI,00012,-3.033460295713617,7.808
val,trainval,nQcgD5DpVlQ,50001,0,pretrain,dj4Qk5rUmRw,00008,-5.839797029107285,6.016
val,pretrain,2G0wQfUl9EU,00003,0,pretrain,BQOz6OVz1zc,00068,4.713092752341744,7.104
val,pretrain,P5Mpo4JQZhw,00003,0,pretrain,n4EhJ898rSk,00027,-2.4323367714302346,9.536
val,pretrain,zsLz0mRmEG0,00004,0,pretrain,zMAU8SY8pMs,00004,5.220429741187576,16.192
val,trainval,9P73k8m3Ytw,50003,0,pretrain,0N6cjPWqpSk,00003,4.6119512179858795,4.48
val,pretrain,potB0voQzNg,00056,0,pretrain,RSW3xi2jMYI,00019,8.523214305719485,14.72
val,pretrain,GMc8aSoCE30,00030,0,pretrain,40ieXxoJwZw,00047,0.9206881064472494,4.736
val,trainval,Itmu78W9cOI,50006,0,pretrain,ro1Ksq5DihU,00010,1.0469490323723534,2.496
val,pretrain,UQniNhS6LOY,00005,0,pretrain,2Kk9R2rhwlQ,00008,-8.693445102145036,4.992
val,trainval,qNvDRuGK84I,50008,0,pretrain,vcSn852sv3E,00005,-8.966144711226187,5.632
val,pretrain,4GKTEDqbQIw,00008,0,pretrain,CyElHdaqkjo,00039,4.3482290529721705,9.856
val,pretrain,kZP8KqrSbcw,00008,0,pretrain,jdMv5x8SBuM,00023,-9.716621198233176,11.456
val,pretrain,fCt6PoTfPvg,00011,0,pretrain,PGsQwAu3PzU,00012,2.4246828274918855,3.968
val,trainval,BT2XlI8oeh0,50020,0,pretrain,WtLMST8TyeY,00002,7.360883848106376,2.88
val,trainval,ygKNRnz7q5o,50007,0,trainval,QgZfyTguSPM,50001,-3.6953516151534105,3.456
val,pretrain,FwFqvOFefqg,00013,0,pretrain,jSdBXFkQ3S8,00013,6.349359325716858,11.392
val,pretrain,R9g3QSqvtss,00027,0,pretrain,9X68dm92HVI,00019,-5.480315831643439,7.104
val,pretrain,KDBcoRLkut8,00009,0,pretrain,oimk352QvAg,00013,-7.366526104246849,5.44
val,pretrain,dnMeyvtJpsk,00011,0,pretrain,ElJxUVJ8blw,00003,8.25940184481712,4.928
val,pretrain,sNbGUSI9HWw,00003,0,pretrain,7sxpKhIbr0E,00009,-0.7586584373717251,7.744
val,trainval,HCJRXoYOoaI,50008,0,pretrain,txJGm6zhiBA,00003,1.4247027887716346,3.136
val,trainval,UiDJFGroD3U,50002,0,pretrain,Ydj28CDrHV4,00001,5.79682539229983,5.824
val,pretrain,OtNpDaQqNSQ,00016,0,pretrain,bLGTrz1Zolk,00001,-9.73392966001275,6.976
val,pretrain,6EghiYSs2ts,00003,0,pretrain,lASzdhSbQBo,00027,-8.208560661447281,11.008
val,pretrain,3GFG6Cvy9HQ,00015,0,pretrain,tBoBC3nBoFs,00017,4.218143598178546,6.72
val,pretrain,qm0isl11BfY,00002,0,pretrain,k7djE1X16og,00022,-0.7943061883805509,10.88
val,pretrain,pj2YxCAnqx0,00020,0,pretrain,JNSgdmKysxA,00024,-4.75939445584368,5.568
val,trainval,nn5k4snG3rA,50013,0,trainval,6bVhrpkp0WU,50018,0.36173024358669537,2.048
val,trainval,GDnYDLERnRE,50051,0,pretrain,FMJgZ4s2E3w,00006,-9.519545044079846,2.816
val,pretrain,cxGWGohIXiw,00007,0,pretrain,UxYtVyTowQs,00002,-9.799771620214079,5.12
val,trainval,zuAj2F54bdo,50007,0,trainval,7rMYfiRNT7g,50014,5.78899453352728,4.416
val,pretrain,pimgaSjgwWQ,00012,0,pretrain,MLyguFQR5N4,00039,9.114248928992385,5.44
val,trainval,guXxy8LH2QM,50005,0,pretrain,EEWTNYovKfE,00013,-1.7330609956345437,5.376
val,pretrain,SJWoKsfsSaA,00030,0,pretrain,syqScVtnKuU,00071,-4.74147096469224,3.456
val,pretrain,i5p3NC9OwB0,00017,0,pretrain,2L4BSVpvx1A,00006,-9.062420790585765,3.456
val,pretrain,X55qpYxwoO4,00018,0,pretrain,2zvjW9arAZ0,00064,0.17330577329820684,4.096
val,pretrain,FjnGdiqk96Y,00006,0,pretrain,36m1oStM05g,00026,-4.327960497497645,12.736
val,trainval,Phf66nAoMIk,50002,0,pretrain,mKkF6mAlX4k,00030,-4.449637114461544,3.968
val,trainval,IfqdMoKVIR0,50005,0,pretrain,19KkFCQz8WQ,00019,-4.114379409401128,3.584
val,pretrain,9y7YEmyzSDo,00017,0,pretrain,C2SVEM19NHA,00019,-7.140210716472142,11.712
val,trainval,JeHqgambbcI,50006,0,pretrain,S0hxl03JoA0,00047,-4.042302558492694,4.928
val,pretrain,wX78iKhInsc,00051,0,pretrain,eJ89At9Xxws,00007,-4.962336907796119,6.976
val,trainval,ddek3gQVt9Y,50007,0,pretrain,8etnSTnX92g,00003,-4.361428397331952,2.944
val,pretrain,2zvjW9arAZ0,00051,0,trainval,AvtStbwMQqs,50007,7.786163663756682,3.84
val,pretrain,Jv5tn4MPJV4,00009,0,pretrain,et3SeEX62aU,00011,9.356842559510781,6.528
val,pretrain,weCFbknwZa8,00026,0,pretrain,zZo3S5j1Pf8,00003,4.448115809209135,7.168
val,pretrain,gevXeQwS1jg,00053,0,pretrain,bcSXtB5bQgs,00017,2.6532978578831052,6.656
val,pretrain,Soe7yjlFEJ8,00025,0,trainval,bib1uDXMmWs,50005,-5.504389276202226,6.016
val,pretrain,ivfJJh9y1UI,00020,0,trainval,zSXchYY3bnU,50009,0.008822475911049565,5.44
val,pretrain,OSGHRMKrVM8,00024,0,pretrain,EL9TBKSdHXU,00016,-7.913425221565031,3.456
val,pretrain,WsmVX5C1HXY,00005,0,trainval,e8JK3qVGuUg,50003,-0.3501079601797823,4.288
val,pretrain,pi9SMFWTzXw,00017,0,pretrain,kLIfeGflNp8,00024,-0.08689988770792922,5.12
val,pretrain,2xKXLPuju8U,00019,0,pretrain,4YS3gGpnPe8,00014,-1.7483272736277815,7.488
val,pretrain,Qa2HpQI1Ufg,00007,0,pretrain,7hFy02TSH4U,00002,-8.341851862044237,3.776
val,pretrain,DsSrzoyyfF0,00024,0,pretrain,NgVwPj54TEo,00022,-5.144492596243935,7.36
val,pretrain,goYIHXKvwLk,00004,0,pretrain,855Now8h5Rs,00010,-3.189487944644447,5.568
val,pretrain,wOsQKjNoHmw,00018,0,pretrain,3Z6x5t5A9so,00019,-0.6750240118570439,5.376
val,pretrain,59SRn1SkWAA,00087,0,pretrain,JSLQxBbQPTY,00016,-1.726856033574931,6.016
val,pretrain,t9c7aheZxls,00029,0,pretrain,VQRjouwKDlU,00003,-6.935787733055796,7.808
val,pretrain,i18gxxnJ2nc,00002,0,pretrain,5sg4zxZMDN4,00005,-3.9048858722626694,4.736
val,pretrain,MywGrRvNkWQ,00021,0,pretrain,wUKAVcj9NVA,00030,-2.3277321386035554,7.616
val,trainval,CfqO1U6lfDs,50003,0,pretrain,YsASJTeHJ6A,00003,5.549906060532365,2.944
val,pretrain,axRSF7ku0Zg,00008,0,pretrain,AJYRJ92g4GI,00016,-0.5078363165997004,4.096
val,pretrain,2R1lZSN4SSo,00005,0,pretrain,mwzBJF5Q7Vw,00023,7.150199263968389,3.968
val,pretrain,EhM56Fk2aFk,00022,0,pretrain,Rr5Py1r9xjw,00012,9.45467824698311,5.248
val,pretrain,2MifgJqOm3Q,00010,0,pretrain,xYemnKEKx0c,00024,-9.104031126703859,4.864
val,pretrain,P2SxoBj3daM,00010,0,pretrain,7OdvcrAOSAw,00001,-0.5582377830740946,8.32
val,pretrain,A60UTjiEp4c,00026,0,pretrain,VL5zqmpiJlQ,00017,9.111028993741737,4.352
val,trainval,N37x4GgDVBM,50001,0,pretrain,04SEzifEsGg,00054,9.802240735722101,6.08
val,pretrain,08ZWROqoTZo,00007,0,pretrain,v19OlWvdUSg,00005,-3.245384968703018,4.928
val,pretrain,9usocDBGnvA,00001,0,trainval,HFFBkbsSFY0,50005,-4.958994841935396,5.952
val,pretrain,z4vmzTZ7qLA,00018,0,trainval,5sS3Yjh9Lw4,50012,6.463404836272055,3.2
val,pretrain,DZfOvYiQtow,00006,0,pretrain,hfznpykprP0,00008,9.150437482031922,21.824
val,pretrain,RKEvMcte768,00003,0,trainval,qG6SnAIinj0,50006,-2.5987743587753442,3.2
val,pretrain,nFSdHdNOgSA,00033,0,pretrain,G2Y6Am46eVU,00032,-4.206030796690367,7.68
val,pretrain,pmKNXZmfIMU,00002,0,trainval,btItLAjT5zg,50011,-7.53449972345221,2.688
val,pretrain,BnC6IABJXOI,00063,0,pretrain,WsmVX5C1HXY,00002,-6.626058823907579,8.32
val,pretrain,2TDLN61HKKc,00023,0,pretrain,RcGyVTAoXEU,00008,-1.2498283069876521,4.736
val,pretrain,tF1oSdNwE8c,00032,0,trainval,cQl6jUjFjp4,50002,4.985029522962828,6.08
val,pretrain,pVQdpofMhwU,00018,0,pretrain,VT3XyORCFDA,00008,3.4785640981012804,20.736
val,pretrain,PENkzh0tWJs,00007,0,trainval,PgCmT0qkfQM,50005,-6.4714025087882465,4.608
val,pretrain,l1fodZNF1GI,00021,0,pretrain,1pq5jnM1CSA,00011,-8.66937055800821,8.064
val,pretrain,b6rAgHcuYtE,00030,0,trainval,58eTdyeVwbA,50005,2.7917419206257836,3.072
val,pretrain,ux1GxExRUUY,00013,0,trainval,VN357QrUdEc,50026,7.617956648289265,4.288
val,pretrain,23FRUuLcQ6A,00016,0,pretrain,GUSLEJB9SLU,00009,1.5762113546663485,4.288
val,trainval,uDIyxxayNig,50001,0,trainval,9EglK8Mk18o,50033,-3.881759072730169,2.624
val,pretrain,nW5VhQyc4Fg,00004,0,pretrain,esPRsTSlmw8,00004,2.0566348155811216,20.096
val,pretrain,tMSehhs1OSk,00008,0,pretrain,Qs9m8obl0AY,00029,2.038799421278622,5.376
val,pretrain,LSdPxGLesE4,00053,0,pretrain,IDqMB6C1uys,00003,-2.1479719085791693,9.984
val,pretrain,MbdxeFcQtaU,00024,0,pretrain,tiwVMrTLUWg,00001,5.589975822956287,7.168
val,pretrain,MoSmgcxGYYE,00094,0,trainval,CFADnhYKDHg,50010,-6.2147258828107095,2.88
val,pretrain,HFqLoHyCTRc,00011,0,pretrain,Yx2rjq1gSWA,00009,0.2883992463853442,19.328
val,pretrain,4T9N3ZcRBSI,00006,0,pretrain,PgCmT0qkfQM,00037,-1.8493615401480046,4.8
val,pretrain,5QTjSH1KGlY,00018,0,pretrain,NMQGa6grfeE,00003,-0.24273102037785144,4.8
val,pretrain,IDqMB6C1uys,00008,0,pretrain,KPzccnstSXg,00036,2.4091956837104984,23.936
val,pretrain,N7wF2AdVy2Q,00029,0,pretrain,mWA2uL8zXPI,00032,-6.334884011159739,8.832
val,pretrain,y7A4dZIyI0g,00031,0,pretrain,9RTkZaX1cH0,00024,-9.610093556263106,13.632
val,trainval,7n9IOH0NvyY,50011,0,pretrain,yRUCU5FsvTY,00020,-1.2110996610686833,3.52
val,pretrain,PuroSL7O4eY,00037,0,pretrain,hPVLbEapUD0,00001,-7.1271273642905335,7.808
val,pretrain,7ZW8SLQftnY,00022,0,trainval,ESPCyHjmRsQ,50001,-5.997701301669693,4.864
val,trainval,150cqgYh8sQ,50013,0,pretrain,nLtUl2CP8ak,00057,-3.565267967898908,3.52
val,pretrain,6xy5pWOgeBY,00014,0,pretrain,LSn4OF7G9BM,00003,7.977227284116289,2.624
val,trainval,7O7BMa9XGXE,50002,0,pretrain,IsHXnOzhRPg,00008,4.642674382792878,5.568
val,pretrain,gniDHWq0RSQ,00006,0,pretrain,HCG1petekXw,00002,-9.875322044102754,7.936
val,pretrain,NdKEy6vcCMw,00054,0,pretrain,Qm172DbaSbc,00006,-5.417482299280058,8.896
val,pretrain,F2hc2FLOdhI,00006,0,pretrain,xbagFzcyNiM,00028,-0.6439397173913513,13.568
val,pretrain,0iTehgSOZ8A,00021,0,pretrain,AbqsMDfX9Ig,00008,-2.035462294406594,5.248
val,pretrain,xNiBDGBw4Zs,00013,0,trainval,cj5LZBmiQu4,50006,-2.393157711030325,4.352
val,trainval,GDnYDLERnRE,50036,0,pretrain,TjaM0tdxtYA,00018,7.399160302933737,4.096
val,trainval,cWcVPpxezE0,50003,0,pretrain,Z1R1z9ipFnM,00003,-2.4006161197640346,4.928
val,pretrain,58eTdyeVwbA,00004,0,pretrain,9vpqilhW9uI,00037,7.7222300625837015,8.896
val,pretrain,B4a0NvLTebw,00028,0,pretrain,ISSupr6ayqw,00001,5.938952855908308,4.096
val,pretrain,Z7CtKDNf2RI,00013,0,pretrain,zMAU8SY8pMs,00013,-8.727652189779265,5.76
val,pretrain,TZkNJFrfdR8,00012,0,trainval,4fyvDMFriRI,50015,4.619183362286062,3.84
val,pretrain,dJEwC4wCM70,00055,0,pretrain,WiNI6INAytE,00020,-6.409918894740909,6.528
val,pretrain,6ORDQFh0Byw,00037,0,trainval,SVB39Jo8mAQ,50004,2.43568624128957,6.016
val,trainval,cWYcXhMhJF4,50008,0,pretrain,5HL1BEC024g,00018,-3.751410390095284,4.608
val,pretrain,5ErKrSyUpEo,00026,0,trainval,7rMYfiRNT7g,50003,3.366091158000742,6.08
val,trainval,2NENlXsW4pM,50012,0,pretrain,Erm4vP1vTn8,00018,-6.150241672915979,2.112
val,trainval,hQ4XmSR9zw8,50021,0,pretrain,7Iv2nZnZOrM,00012,8.192429526423979,2.24
val,pretrain,C0byYFXjRJM,00027,0,pretrain,rHbjwH2Blfg,00023,2.6217482769229328,9.92
val,pretrain,BMOjVYgYaG8,00001,0,pretrain,3E7hkPZSHTk,00026,9.87993857956388,6.272
val,pretrain,UQzvNIIMayo,00024,0,pretrain,rGgoCm1hofM,00001,-0.7739351850710481,4.672
val,pretrain,PvT9tD3NZvo,00011,0,trainval,SeBUcBfkVCo,50015,3.065995516217628,3.648
val,pretrain,esugL07XANg,00062,0,pretrain,aUYSDEYdmzw,00026,2.617819698949127,12.416
val,pretrain,ldhppc7GmZg,00001,0,pretrain,5QGApheKRc0,00024,-7.107458978783933,6.336
val,pretrain,SJWoKsfsSaA,00028,0,pretrain,MIRoB4LStDY,00011,0.594404950043895,10.368
val,pretrain,2KSP7HvSZwg,00025,0,pretrain,7vsO7SHLJMI,00003,4.636482520326457,9.6
val,pretrain,d0yGdNEWdn0,00040,0,pretrain,PYjWLqEScfE,00021,1.5661487628642092,4.416
val,trainval,BMdMSmtTgD0,50011,0,pretrain,Kc0Kthyo0hU,00018,2.7440510822197073,3.968
val,pretrain,88SlA2EZxtY,00010,0,pretrain,ydZfSuzSHu8,00012,-2.053356683527361,8.0
val,pretrain,9y7YEmyzSDo,00024,0,pretrain,pimgaSjgwWQ,00013,3.550677601388294,6.08
val,pretrain,BnC6IABJXOI,00051,0,pretrain,Wj7hmzfX5eQ,00011,8.373236437590347,6.016
val,pretrain,7Mqse6SLOds,00012,0,pretrain,fSRWTyY2YSM,00021,-4.299194668859709,4.032
val,pretrain,lv9QDjw8GJk,00013,0,pretrain,3Z6x5t5A9so,00027,6.818574121768009,3.584
val,pretrain,hupHAPF1fHY,00031,0,pretrain,3BS1itqCKHo,00016,0.7211224678169774,4.416
val,pretrain,6Af5tJzSR2w,00025,0,trainval,GOZOhpxSAFI,50021,-7.356885137766424,2.176
val,pretrain,gWPFJgLAzu4,00024,0,pretrain,6Eu964BbJO4,00021,1.7000260763119215,7.68
val,pretrain,lwcvhh4pLjE,00047,0,pretrain,Ysxz5Ug70G0,00016,4.711550520409917,7.616
val,pretrain,drv3BP0Fdi8,00038,0,pretrain,Rs5CDLgjSsI,00020,-2.5229337025933436,3.328
val,pretrain,1SS2wOnkcSk,00007,0,pretrain,qdiF1fSGfyM,00029,-2.7486697214524236,6.976
val,pretrain,ptIecdCZ3dg,00026,0,pretrain,COwSbfCgXBw,00011,4.573653065363178,6.4
val,trainval,GDnYDLERnRE,50049,0,pretrain,rN7VcY1fS1Q,00019,3.153100839151797,6.08
val,pretrain,tWBiTYUlhxQ,00003,0,pretrain,GzB0BDstCI0,00002,8.160426234152048,14.272
val,pretrain,Rpsf1YJsbbI,00006,0,pretrain,GqGksNRYu8s,00043,0.006889272374607458,10.432
val,pretrain,bcSXtB5bQgs,00010,0,pretrain,1Totz8aa2Gg,00004,2.572961338154485,10.688
val,pretrain,vbHkhSfaQu8,00033,0,trainval,jQ95xlZeHo8,50005,-4.520343184083783,3.776
val,pretrain,eNDhBSR1DZ0,00041,0,pretrain,70VZ1SOzSnc,00035,9.435324805186589,15.808
val,pretrain,pcNxS2i7SvQ,00002,0,pretrain,cplaWsiu7Yg,00028,3.6928495961869796,2.688
val,pretrain,pPgd7Hj3ABQ,00020,0,pretrain,PDefVd8DRxM,00006,0.6708922681151197,7.936
val,pretrain,lQflBowgVB4,00026,0,pretrain,cPL2FE7ZPTg,00002,7.100461326368688,6.272
val,pretrain,GpKrM8GQwOg,00012,0,pretrain,JSuTsrxfYWQ,00036,-1.614381544427868,3.392
val,pretrain,gBkIyJ7kfSI,00004,0,pretrain,6Co3dn0nSTk,00004,2.850152750008821,6.4
val,pretrain,eSBZigXlphY,00017,0,pretrain,iZRGUADAu2Q,00005,8.688369975504902,5.12
val,trainval,GDnYDLERnRE,50014,0,pretrain,LbIXYEW9CSQ,00011,-0.40931579364277937,4.864
val,pretrain,uRdQS2sjF2s,00024,0,pretrain,J6SSCMhcCfQ,00011,-5.3742609803777714,8.128
val,pretrain,IRxgDMSp9Gs,00040,0,pretrain,BnC6IABJXOI,00018,-6.5193180010198475,9.344
val,pretrain,7s2CoqypMLg,00027,0,pretrain,IRVdiHu1VCc,00088,8.422945332153699,10.624
val,pretrain,uuwgtX2zU9Q,00012,0,pretrain,MKKGS38vCO8,00012,5.316061592273815,4.416
val,pretrain,kNhyOYv2ejw,00047,0,pretrain,vJ66jv8ICjc,00007,2.550667564269949,4.48
val,pretrain,XqsmITK1VO8,00004,0,pretrain,HB2SlA68YDU,00022,7.318636027810982,4.8
val,pretrain,GzB0BDstCI0,00003,0,pretrain,gWPFJgLAzu4,00002,9.629704169027082,6.336
val,pretrain,NjpXs8Ymr14,00018,0,pretrain,vRK7KKQH9Ck,00016,-2.5120756684821988,2.816
val,pretrain,SS3qnZrVy9o,00038,0,pretrain,3dqXHHCc5lA,00003,-0.8529571988941385,4.928
val,pretrain,Kw5vyJ30djM,00014,0,pretrain,lASzdhSbQBo,00044,-0.8382561578542091,10.688
val,pretrain,OPtxa35JU6Y,00004,0,trainval,IdW9UYlxlVY,50016,0.2215203661871019,2.368
val,pretrain,M3mnUMmUAHQ,00006,0,pretrain,UoruUSrndBA,00002,6.71340217340774,9.856
val,pretrain,Y7QaqazOvSA,00019,0,pretrain,dLmK4gZ0oz8,00020,5.816468096013674,10.048
val,pretrain,UMSWdzT6rV8,00013,0,pretrain,QnJIjEAE41w,00016,8.432600754965556,5.376
val,pretrain,jeOumyTMCI8,00040,0,trainval,GggL8lStP9I,50004,2.9336008648065963,2.816
val,pretrain,upNONoxskiw,00003,0,pretrain,pX8zZdLw7cs,00028,5.409887316012025,10.048
val,pretrain,IRVdiHu1VCc,00036,0,pretrain,3WMuzhQXJoY,00012,-5.671318924988988,6.528
val,pretrain,S9PEogIrHSk,00029,0,pretrain,1EIQ6nSSXxk,00003,-0.2863344190690338,8.576
val,trainval,1TYPldG99dk,50003,0,pretrain,KNXOVpN8Wgg,00001,1.8560940680090265,2.24
val,trainval,5ftklsHZ4cU,50004,0,pretrain,xnovQVRHj5c,00001,1.6218537639568673,5.888
val,pretrain,uo7w3g24DWo,00019,0,pretrain,nLtUl2CP8ak,00057,-8.799111740781122,13.568
val,pretrain,PUh5msG0rG8,00015,0,pretrain,xzT6iH2CX4k,00013,-6.951579227534552,10.112
val,trainval,5aH2Ppjpcho,50004,0,pretrain,LFJ9WAHowcg,00017,1.9074239030776141,6.208
val,pretrain,85bqT904VWA,00017,0,pretrain,fmZSIr2Z29s,00005,-2.7097857146113435,11.2
val,trainval,1lUAhRSACKQ,50006,0,pretrain,l5d8GW6GdR0,00018,-1.0642129727442438,5.888
val,pretrain,PCupHgKGCcY,00018,0,trainval,WbuIl6phdco,50012,8.986222368372488,2.24
val,trainval,P3fIZuW9PSM,50005,0,pretrain,23Uuehgmd14,00020,-9.283561496298066,2.88
val,pretrain,utmiqwS2XBQ,00010,0,trainval,cgxZ4H3gJ8c,50001,-9.98529217887759,3.968
val,trainval,uHRG3Vr9qyI,50001,0,pretrain,dhMoQrLEJe0,00018,-5.19059975038648,4.928
val,pretrain,Erm4vP1vTn8,00017,0,pretrain,mPCDOij0bB0,00003,-5.467305392356336,11.2
val,pretrain,yBdyFKqwKy0,00023,0,trainval,W9YBCwgrwQA,50004,-3.583692596897567,5.376
val,pretrain,q2k2Xbfuy1I,00001,0,pretrain,p0aTfcXpOEs,00002,9.557559760305427,6.912
val,pretrain,Svo01ldlTQc,00035,0,pretrain,3TXSNu5wTS8,00014,5.491013955094189,5.312
val,pretrain,erCApSBd0AQ,00021,0,pretrain,rPh3c8Sa37M,00006,1.239450119017313,3.968
val,pretrain,sLiM2SizFl4,00047,0,pretrain,yRUCU5FsvTY,00036,0.8655392400359663,5.888
val,trainval,NhYnouvrGS8,50012,0,pretrain,wjXClLxcFTQ,00012,5.077615043774461,3.84
val,pretrain,TYFH0DSjyqc,00006,0,trainval,GDnYDLERnRE,50057,8.551254065159402,6.016
val,pretrain,qykDS2AXKIU,00032,0,trainval,qFOooWq2inA,50004,6.715737200965801,3.2
val,pretrain,sDfhSIKFGz0,00001,0,trainval,ygKNRnz7q5o,50018,7.3074280635430355,4.032
val,pretrain,v7UKkzIaSsQ,00022,0,pretrain,DShPct3oIow,00006,-1.911529399619333,5.248
val,trainval,RKmxL8VYy0M,50002,0,pretrain,zQfB85apRy8,00003,7.398708520258548,3.712
val,pretrain,H50eCfpquBI,00022,0,trainval,wQJC2MMB8nA,50005,-7.014257975274909,3.328
val,pretrain,NDQ1Mi5I4rg,00025,0,pretrain,Rs5CDLgjSsI,00016,-0.6371901621151608,3.776
val,pretrain,FJFxLQCo83U,00036,0,pretrain,NwmGTM5Py8Y,00001,8.518870102784305,3.712
val,pretrain,HMYVHShBGWg,00008,0,pretrain,eNDhBSR1DZ0,00037,3.17700606471465,5.632
val,pretrain,FuSkBWSKSms,00002,0,pretrain,4l3Kj3hVSVY,00006,-7.843989368170396,4.8
val,pretrain,RG5QP2EVUVY,00025,0,trainval,EijI8QaExDg,50024,-2.618546407292916,6.016
val,pretrain,qpfq3xCdAu4,00008,0,trainval,XvS83nXSf0k,50013,-2.3769131026544255,3.008
val,pretrain,jSOPQgPIdKg,00029,0,pretrain,xY7kVVS2HVY,00003,7.765475421926592,6.272
val,pretrain,BsFxokC02sg,00005,0,pretrain,EDLWWP8N6MU,00017,-5.433668720830327,6.208
val,pretrain,iFTWM7HV2UI,00018,0,pretrain,DG7kSeazMQ4,00004,-1.8835683187056773,3.648
val,trainval,UUqr4P7P3gM,50014,0,pretrain,kyznWXHEX1o,00006,-1.8286061815596604,2.176
val,pretrain,9AgCr2tTvng,00025,0,pretrain,PVzcGhZ8Aeg,00022,-2.643801309078377,6.656
val,pretrain,vzi4AopBEBg,00005,0,pretrain,dvYYYlgVAao,00005,7.129356764168804,10.24
val,trainval,raCIUeGUr3s,50008,0,pretrain,j06dz9eDgqY,00008,5.734165274908145,6.08
val,pretrain,ocqn3wYTCRM,00003,0,trainval,OhYvDS7qSV8,50001,1.638513774007853,6.144
val,pretrain,8iZSsHd0IlU,00020,0,pretrain,cnQFvrWDYsU,00005,-7.3994937439406545,10.496
val,pretrain,uRdQS2sjF2s,00018,0,pretrain,9jRkACywckE,00004,-6.39619774968595,4.16
val,pretrain,86xSuStz0MA,00003,0,pretrain,vYV4tAq3wVg,00042,0.5253984720373985,7.168
val,pretrain,7Iv2nZnZOrM,00005,0,pretrain,5SOHiN8Ne58,00005,9.178897923474054,13.888
val,trainval,MOFdlEbu15g,50001,0,pretrain,xp0O2vi8DX4,00012,3.887542413787079,2.56
val,pretrain,BXlnrFpCu0c,00041,0,pretrain,j4yCdGB2NG4,00027,8.620707251586715,6.656
val,pretrain,d0a0eXJ5TJM,00010,0,pretrain,z4vmzTZ7qLA,00018,0.033889708789127226,7.296
val,pretrain,zCvSZBy6SyU,00020,0,pretrain,nqj6fH2i9go,00010,-4.405578941602204,17.536
val,pretrain,stAstsOxLPc,00012,0,pretrain,kjmsb9pDrF0,00025,-6.119324150773777,9.6
val,trainval,i0QKBKWnkxg,50020,0,pretrain,KIysMV9wbVY,00018,-1.2176673517725956,2.048
val,trainval,utV1sdjr4PY,50015,0,trainval,YWBwsS3lkXU,50011,-1.1141376906351717,3.328
val,pretrain,OOhgwjEnfAA,00005,0,pretrain,WNTk29zXl4A,00035,-2.1204338579797373,8.448
val,pretrain,qgv8VoyJ3wA,00032,0,trainval,tiWwrdMqvvM,50021,-3.817669481656054,2.688
val,pretrain,kU0ei9ApmsY,00008,0,pretrain,TpC8wNkjSvs,00019,-9.025949155879756,3.712
val,pretrain,av3SCLBU7sI,00019,0,trainval,cWcVPpxezE0,50008,-1.4638177846136635,6.08
val,pretrain,goiyLgCzgSI,00014,0,pretrain,kyznWXHEX1o,00006,2.7123350550267915,5.056
val,pretrain,0FQXicAGy5U,00023,0,trainval,H2vN2QXZGnc,50008,7.895875948024109,3.712
val,pretrain,m7SuKQGPMSw,00027,0,pretrain,2j00U6lUCSc,00018,0.18352368034755528,9.664
val,pretrain,AGivotqSrd0,00019,0,pretrain,avuhY7D71sQ,00026,6.125090862840256,14.976
val,pretrain,gCWeVYCcKXw,00025,0,trainval,jpeSLKnS4gM,50005,2.799295305108302,4.352
val,pretrain,oy25A7vnigg,00016,0,trainval,8xHrpO6p7dE,50018,-8.393795148077391,2.176
val,trainval,nO69NjadSec,50002,0,pretrain,jh7TYJHec2s,00009,2.472791600689998,5.376
val,pretrain,7s0CpRfyYp8,00028,0,pretrain,Pro06WQG77M,00006,7.213031235917633,3.52
val,pretrain,ZqeASpsKn2E,00011,0,pretrain,KsSSMh1QhMc,00005,9.248877012549642,3.2
val,trainval,oVw7HSe9Igo,50003,0,pretrain,415VX3QX4cU,00025,9.395014457256764,2.88
val,trainval,p7YRnLbmLGs,50012,0,pretrain,N6wjC0sxD2o,00007,9.119776802315226,4.224
val,pretrain,k5hspA18IU0,00043,0,pretrain,IwWuLSwSMvI,00018,6.8740502851733645,11.392
val,pretrain,Y81rCiw1LPY,00010,0,pretrain,MOFdlEbu15g,00033,-9.477318633681076,4.736
val,pretrain,JzLiCBCbAMY,00039,0,pretrain,0ZOqbO2jIKg,00019,-5.7066589278769335,5.504
val,pretrain,jSdBXFkQ3S8,00007,0,pretrain,fW6AndSUByo,00012,6.209775876354126,8.256
val,pretrain,Qao76IPXWSE,00004,0,pretrain,MqnbE5WRPEU,00006,-5.270199914571503,9.536
val,pretrain,oTHSfmQo3Ok,00015,0,pretrain,G8cjIBwP52o,00048,0.008487914641088778,5.184
val,pretrain,BDOSUiEh0eY,00020,0,pretrain,iCvmsMzlF7o,00023,4.451440140060983,9.792
val,pretrain,FuSkBWSKSms,00002,0,pretrain,QoTSdOkjEVs,00013,-4.713754552661198,10.88
val,pretrain,LSGfqyhleUA,00017,0,pretrain,6wk4dkYSrV0,00038,3.2980841045471205,7.872
val,pretrain,hVsnkRoYfX0,00007,0,pretrain,bClWV3eeETA,00021,-2.2179158355587276,4.544
val,pretrain,rSxVSM0KPo0,00009,0,pretrain,CfqO1U6lfDs,00010,-4.567737996169974,4.544
val,pretrain,DdrcJLKyHtU,00010,0,pretrain,4Lb5LSVEm34,00025,6.105695546616474,5.44
val,pretrain,A9kQBAH1nK4,00015,0,pretrain,YSmJDnSemqY,00010,9.778741273646538,4.096
val,trainval,u7SWcQaoaRQ,50009,0,pretrain,dRqih1Zz21o,00002,0.04660167945806748,4.864
val,pretrain,wfW3aZCFfLA,00016,0,pretrain,oHDq1PcYkT4,00003,-7.93932123638829,5.056
val,pretrain,1gdKrtwBGqY,00019,0,pretrain,wUKAVcj9NVA,00025,1.3933095796074912,6.976
val,pretrain,qty0NjF3pdQ,00009,0,pretrain,rGaj2VImQec,00035,4.403942489591062,7.04
val,pretrain,eZWzNfOpbCQ,00005,0,pretrain,T9vLHFza8Uc,00006,-8.772867416006676,9.28
val,pretrain,uKByBgqxOw4,00001,0,pretrain,UVDgemuZdho,00032,6.227281163729504,8.704
val,pretrain,oiVSHkItqxo,00042,0,pretrain,4YS3gGpnPe8,00027,2.6668263345534715,9.472
val,pretrain,pbGLBjDhnSY,00005,0,pretrain,jJXMvOqS5bM,00015,0.8036687528277575,5.824
val,pretrain,RSl1ramE35s,00018,0,pretrain,tVIaoQrnAxY,00004,-8.105670614604746,4.288
val,pretrain,qxmEpmCtM3o,00031,0,trainval,7POkIJfbMyU,50032,-5.446222442898785,5.888
val,pretrain,1xgCI05l2GA,00018,0,pretrain,syjEN3peCJw,00040,3.3188907940438845,6.08
val,pretrain,3E7hkPZSHTk,00008,0,pretrain,1hxwsYYz5fI,00018,-9.515161641729046,5.824
val,pretrain,5EH1dS2aQVg,00011,0,pretrain,LizFrxTK5Qo,00036,-6.1385982543182855,8.256
val,pretrain,VYU25aJpg5o,00050,0,pretrain,v67c9gr4XnE,00001,-0.504275962304563,4.928
val,pretrain,63XsokRPVSY,00008,0,pretrain,QekbuidfQKo,00009,9.252094817071082,12.48
val,pretrain,AJYRJ92g4GI,00001,0,pretrain,y3ZrjRlIcgI,00002,0.8856571941639722,10.816
val,pretrain,h7u6NScSWtY,00011,0,pretrain,zSqYtUeKUl4,00005,0.340375305283553,3.392
val,pretrain,BltRufe5kkI,00008,0,pretrain,SJ5bDhMP9lQ,00034,-7.1417948280129835,6.848
val,trainval,31PyAjy6Nl0,50002,0,pretrain,kSva30kSgHM,00002,9.319025722375216,6.016
val,pretrain,2tcEgqTWbxQ,00008,0,trainval,rokPqHc9iD0,50004,-0.24064169401614421,6.016
val,pretrain,VSbjOJzB7LY,00020,0,pretrain,rSqYQXRVP0k,00014,-9.810072253941343,6.272
val,pretrain,askcLEVCTko,00042,0,pretrain,mzy84VbSGxk,00026,-3.75536750561543,3.904
val,trainval,tVoE8eSu4bw,50001,0,pretrain,ORBf73HiJns,00012,-8.582486496563295,3.072
val,trainval,nhrZHRqUaT0,50001,0,pretrain,YS9vd4HWlVA,00016,2.080842441966677,5.696
val,pretrain,xEtXItg9hEE,00003,0,pretrain,Hh09xlzxRmE,00013,-5.775164327248435,6.464
val,trainval,0MMSpsvqiG8,50013,0,pretrain,ziGD7vQOwl8,00055,3.9712857528326833,2.688
val,trainval,FcoJt2KLC9k,50003,0,pretrain,hxJ8LELZCjo,00009,-0.5000688219376475,4.16
val,pretrain,jSSqQDPGW2k,00034,0,pretrain,h8cF5QPPmWU,00001,1.328363536460964,4.544
val,pretrain,PgCmT0qkfQM,00033,0,pretrain,4wCQV4Le3S0,00004,-4.732847343430864,5.568
val,pretrain,buHSvs7LFzw,00014,0,pretrain,D5iFVKhLStU,00023,9.558580285257634,3.52
val,pretrain,QcnuWDZuYy0,00007,0,pretrain,sAMahX5hIgU,00006,1.1700860258216892,5.376
val,pretrain,vC1uxXvPG0Q,00032,0,trainval,7rMYfiRNT7g,50003,4.492866867623903,4.48
val,pretrain,9SqHrhrTktc,00013,0,trainval,s2F41IQSPGE,50038,-8.491153684709726,2.816
val,pretrain,2NWpMqD8Qyk,00006,0,pretrain,ZHOyfyGwpes,00023,5.252620116029874,9.152
val,pretrain,u1SdYypojbE,00019,0,pretrain,rSSSsisz2SM,00007,-0.8155356993439593,4.224
val,pretrain,mGS7sGyRjqE,00001,0,pretrain,H3TFShI7zKc,00008,-8.577565141567092,3.456
val,pretrain,UiCJhSuLdok,00020,0,pretrain,ISSupr6ayqw,00001,-3.9318205859655864,4.352
val,pretrain,CtvIX4s1bTU,00023,0,pretrain,GOZOhpxSAFI,00026,9.021000996799334,3.52
val,pretrain,5UH7uTpTa44,00002,0,pretrain,JSuTsrxfYWQ,00021,-1.83108616335379,8.576
val,pretrain,lVQ3KUTHDe0,00013,0,pretrain,2tBuvxXxlS4,00020,4.70866396599596,9.6
val,pretrain,bf7BXwVeyWw,00006,0,trainval,iOByGJskqks,50009,-5.768601392819194,2.304
val,pretrain,KsSSMh1QhMc,00033,0,pretrain,SGG97dDfZ7E,00004,-6.978277786348965,14.656
val,pretrain,7ZW8SLQftnY,00022,0,pretrain,MOptnpjKJOM,00014,5.846245840606299,6.656
val,trainval,v7UKkzIaSsQ,50001,0,trainval,49aWAHqi200,50002,-9.1412637983919,3.2
val,trainval,ng7sf2SpeFg,50004,0,pretrain,THJUvXkqmBk,00009,-6.072209593320201,2.048
val,pretrain,UwtYQFSJSQc,00034,0,pretrain,fnS9f5x0f1Q,00048,-5.266504075342818,7.68
val,pretrain,LS6TWtYWaPA,00008,0,pretrain,mUJdzaLDRIo,00015,-7.894496914224978,4.48
val,pretrain,IYpovgkaS9Q,00006,0,trainval,ME0OeqjnVAw,50003,-1.6443071177151616,2.112
val,pretrain,VlC93dig40E,00009,0,trainval,TFvkq4BAvnw,50001,7.3482420040692915,5.952
val,pretrain,sHJZRPWXQ9s,00033,0,pretrain,FIrgjCNcDBI,00001,6.258530873029105,8.128
val,pretrain,FyL9OkVgZA4,00004,0,pretrain,tV2RLLtOgL4,00018,5.988325076940441,11.328
val,pretrain,1TYPldG99dk,00018,0,pretrain,C6mNITMY7e0,00023,-0.75718513509843,3.52
val,trainval,Qhomjw2PSV0,50019,0,pretrain,dcySuzHPCWM,00009,-4.875299703092129,6.08
val,trainval,H2rG4Dg6xyI,50063,0,pretrain,fkPISY2Vg5k,00013,-2.8092710198208977,4.032
val,pretrain,23FRUuLcQ6A,00001,0,pretrain,6diqpGKOvic,00020,0.9606243912253891,3.264
val,pretrain,796LfXwzIUk,00004,0,pretrain,jPyR3UDhOm4,00025,2.0326305956300956,8.384
val,pretrain,G8w4UQL6aI0,00033,0,pretrain,J6uL4vDAU3s,00004,-6.765084197731515,6.72
val,trainval,dLHWVTa5xZs,50016,0,pretrain,7CIq4mtiamY,00007,0.33081733778989175,4.8
val,pretrain,uHRG3Vr9qyI,00010,0,pretrain,LUNBiST4KSs,00004,5.474180125625011,15.488
val,pretrain,vpTHi7O66pI,00019,0,pretrain,pX8zZdLw7cs,00012,-7.484790957747121,3.2
val,pretrain,bl8S81JF3b8,00007,0,trainval,co2enjjt3J0,50002,-8.05897855858456,4.288
val,pretrain,L2upTRjXeJM,00002,0,pretrain,TureGeSxSew,00002,5.922269026937073,8.832
val,pretrain,8woKcr7uSYQ,00007,0,pretrain,7jx0dTYUO5E,00016,3.4526728059069036,6.336
val,trainval,HFqLoHyCTRc,50022,0,pretrain,tXlNvlzd9M8,00005,6.779620793724224,4.992
val,trainval,70uaS1e9YN0,50015,0,pretrain,KVjkFqS7Y6A,00010,0.11629433833462421,2.24
val,pretrain,vo2cse4CoGM,00009,0,pretrain,xY7kVVS2HVY,00006,-9.2272025253985,32.576
val,trainval,2PNumSv80R4,50001,0,pretrain,G8w4UQL6aI0,00010,-4.557144479834754,6.208
val,trainval,Mr8nvXvlSy8,50016,0,trainval,mi9B40hZYAo,50016,-1.8642823578876815,3.456
val,pretrain,7jx0dTYUO5E,00003,0,pretrain,1BfMMoLYMlg,00011,-7.878254523737336,9.28
val,pretrain,8lEUvISNgEE,00010,0,trainval,XYEChpVS04s,50005,6.5034965749534095,6.08
val,pretrain,Qlg6izBqKxM,00025,0,pretrain,o1abyP4zfGg,00002,-2.1709984169775343,7.808
val,pretrain,oTHSfmQo3Ok,00031,0,pretrain,43e6eAAeGCs,00015,-7.449574982369549,5.248
val,pretrain,ohGMgSLJCjs,00019,0,pretrain,3oXGJmZpzys,00006,-3.8535608790148785,12.416
val,pretrain,1COwySxiwSg,00021,0,pretrain,QPiaadMporw,00016,-4.298172180855517,6.912
val,pretrain,OVSNSeFTaso,00004,0,pretrain,Lp5Ccer5NM8,00009,7.510801420843396,8.32
val,pretrain,dvuh1Np35Pk,00024,0,pretrain,3icoSeGqQtY,00001,9.705187523203861,12.224
val,pretrain,5AN5fPFtV0U,00042,0,pretrain,UN8S8qSKmdE,00015,1.4898352637381596,6.784
val,pretrain,iSpwUpdQdyY,00021,0,pretrain,gwMjgSqFm0M,00011,7.889620100167782,4.48
val,trainval,j7c9b9A2AHc,50003,0,pretrain,klUoJxGv9wg,00019,-6.571382395628877,4.224
val,pretrain,Rpsf1YJsbbI,00022,0,pretrain,JaFSfq2Zn7I,00049,-0.39366610106844213,6.464
val,pretrain,ZBg5QvcZQP8,00006,0,pretrain,Y8u42OjH0ss,00001,-5.457906655631546,3.776
val,pretrain,EluxCgnQVzg,00019,0,pretrain,S6cX2p5cBVg,00046,6.522185090571799,6.976
val,pretrain,NiMgOklgeos,00030,0,pretrain,o8xWaNpSlbI,00017,1.6516659296137135,7.552
val,pretrain,ISSupr6ayqw,00001,0,trainval,utV1sdjr4PY,50015,-8.103180191846961,3.328
val,pretrain,gOdAHe3SfVI,00005,0,trainval,8jPQjjsBbIc,50011,-6.869465740661611,5.248
val,trainval,7SjWguOXVwE,50007,0,pretrain,GeDSgi0A7A8,00014,-0.42786505679874764,6.144
val,pretrain,okQXrB7ySAw,00038,0,trainval,CFADnhYKDHg,50010,6.71926007736446,2.88
val,pretrain,xY7kVVS2HVY,00029,0,trainval,lnvkNGc6YYM,50002,0.24403863736091758,2.048
val,pretrain,td5Ld3nURAI,00017,0,pretrain,Jk0AknXMXmc,00003,7.8893855622086235,8.256
val,pretrain,iTdZn78u6pI,00008,0,pretrain,4Lb5LSVEm34,00021,-3.828155696648585,7.872
val,pretrain,6gSwRHScq6M,00050,0,trainval,3E46oWB4V0s,50031,9.851780776202002,4.352
val,pretrain,lYdk1NK9Sr0,00019,0,pretrain,3WMuzhQXJoY,00012,-1.5762961603837446,6.4
val,pretrain,eOZcStGmTZ0,00001,0,pretrain,w4RLfVxTGH4,00008,-8.15806711895206,5.376
val,pretrain,j51HsRILGKI,00023,0,pretrain,mk3KSVrveSE,00011,6.995670598136417,4.608
val,trainval,B905LapVP7I,50001,0,pretrain,yxC30tEjZk8,00005,5.55913095050178,3.584
val,pretrain,u9FSvAVQvGM,00010,0,pretrain,HQNfpElOiZY,00005,-4.437413672430379,6.72
val,pretrain,UeKZYCq3s0E,00005,0,trainval,E0M1beV91js,50003,4.171197024552562,3.904
val,pretrain,DG7kSeazMQ4,00025,0,pretrain,SZSul0GzzM4,00010,-9.16439823335648,4.48
val,pretrain,YvyeISAxb70,00003,0,pretrain,lVQ3KUTHDe0,00036,-3.7061255786995932,5.504
val,pretrain,C9mareySEAM,00007,0,pretrain,F17SKiAZOxg,00005,9.321210254971298,3.392
val,pretrain,fgfQLTIhi1U,00028,0,pretrain,SltDJynTduY,00005,-3.0773050698754307,9.216
val,pretrain,0C5UQbWzwg8,00003,0,pretrain,hgWie9dnssU,00008,5.931846336786279,2.432
val,pretrain,BSxI3YxAPW4,00040,0,trainval,RKmxL8VYy0M,50006,-5.712830339585613,4.032
val,pretrain,FX6j9jPF8Ss,00005,0,pretrain,tvos4nORfSY,00015,-5.688220954815115,7.616
val,pretrain,7n9IOH0NvyY,00031,0,trainval,EL9TBKSdHXU,50006,-3.957945402476768,2.88
val,pretrain,Sttw2PxncIE,00010,0,pretrain,qykDS2AXKIU,00033,7.095715436018079,2.944
val,pretrain,A60UTjiEp4c,00046,0,pretrain,folTvNDL08A,00021,0.6600665977862459,6.08
val,pretrain,lVQ3KUTHDe0,00013,0,trainval,cSsxBTNF2U8,50004,-3.168081643137648,3.456
val,pretrain,wc3VhvgUtB8,00009,0,pretrain,8gSAkUOElsg,00060,-8.865735766282539,3.328
val,pretrain,td5Ld3nURAI,00002,0,pretrain,BMDSPhk7JSY,00015,-4.843640494020676,6.08
val,pretrain,ddek3gQVt9Y,00003,0,pretrain,IGadg8xHVPI,00011,4.376642130868859,4.672
val,pretrain,S98m4Vod6S8,00006,0,pretrain,qErZ2AQDMB4,00024,2.791433457281137,4.48
val,trainval,BCvzpm4d2gs,50008,0,pretrain,415VX3QX4cU,00022,-6.897737970434326,3.2
val,pretrain,qItCBNzqdn8,00002,0,trainval,7sxpKhIbr0E,50010,7.874204004981063,3.072
val,pretrain,folTvNDL08A,00009,0,pretrain,z5aAJGNSRHs,00007,-0.6125577503419031,11.84
val,pretrain,bcSXtB5bQgs,00017,0,pretrain,DzNNS4rcIjs,00009,7.7469834951266705,11.2
val,trainval,pLqjQ55tzSU,50003,0,pretrain,ro1Ksq5DihU,00004,8.339767950171943,2.88
val,trainval,F2hc2FLOdhI,50002,0,pretrain,0SFkPxScSM4,00012,-5.728601002094178,5.44
val,pretrain,488ZBeaGo6s,00021,0,pretrain,3WCwBVprDuQ,00024,0.5537056103740046,3.328
val,pretrain,GB4s5b9NL3I,00011,0,pretrain,zaufonUBjoQ,00003,5.784601407691881,12.608
val,pretrain,Nhwq12TKkQQ,00010,0,pretrain,xRdZXhyrO6c,00001,2.4708091487050297,8.512
val,pretrain,LgBjU8ovWh0,00021,0,trainval,W9YBCwgrwQA,50016,-2.154308301664467,2.176
val,pretrain,cnxEP6bzg7o,00012,0,pretrain,RjyxIsE3V2g,00006,-1.1186546824019228,3.392
val,pretrain,k5tCYg9s0HU,00014,0,trainval,HS8y0WLm78U,50002,0.7133122476216869,6.016
val,pretrain,u9hauSrihYQ,00037,0,pretrain,40riCqvRoMs,00026,2.7609904005997414,3.712
val,trainval,g2m97gPI70I,50001,0,pretrain,S6pLPVfKFoQ,00023,3.4143858063577106,4.416
val,pretrain,ppZ2WIlRvR8,00002,0,pretrain,uU6o2SUFSEY,00009,1.4710570436794796,7.424
val,pretrain,6a6vVIdQBd0,00014,0,pretrain,F1U26PLiXjM,00032,8.969078329175176,8.512
val,pretrain,50m48lpi4AU,00019,0,pretrain,MLvwTlbj1Y8,00039,2.83492998387052,6.528
val,pretrain,ozmowWZ1YYU,00006,0,trainval,7rMYfiRNT7g,50018,1.8512277874596563,5.056
val,trainval,5aH2Ppjpcho,50004,0,pretrain,c6mhFgAjqwA,00013,8.733402509461758,6.208
val,trainval,hvJ4KlVlqV8,50003,0,pretrain,Hh09xlzxRmE,00007,5.061632587163331,3.136
val,trainval,l2oywAEJ9hE,50006,0,pretrain,QnJIjEAE41w,00016,4.801374636384605,4.864
val,pretrain,XRP4xfN89Ss,00003,0,pretrain,xuAAPsiD768,00029,-6.056643539877538,4.288
val,pretrain,teVE3VGrBhM,00031,0,trainval,o0VrZPBskpg,50010,1.4328462252195262,6.208
val,pretrain,CwpvSWtUP3o,00010,0,pretrain,wEM9c7RoVms,00019,8.6821465236928,15.296
val,pretrain,pcSlowAhvUk,00082,0,pretrain,bcSXtB5bQgs,00001,-8.972815506219145,5.568
val,trainval,7SRGn75JcZ8,50007,0,pretrain,4jUdCy6Vghw,00045,-0.8994541835190972,5.376
val,pretrain,0d6iSvF1UmA,00024,0,pretrain,hYbSavnaJSE,00004,-6.372282658574191,5.504
val,pretrain,9YeQi5Zqy1I,00024,0,pretrain,dcySuzHPCWM,00037,-6.306986713792293,4.736
val,pretrain,ioMpOr7Yx98,00004,0,pretrain,UzuUljhS9uI,00006,7.10842951042887,5.696
val,pretrain,lPmBmFBwdec,00003,0,pretrain,h9x2SWgwhY4,00012,5.195378290541743,25.664
val,pretrain,SRSJX0qRVSw,00003,0,pretrain,xDe346z233Y,00022,2.2432053919262973,10.88
val,pretrain,5AN5fPFtV0U,00014,0,trainval,yJJtRWFLSgw,50003,-8.875107836096596,3.648
val,pretrain,Qs9m8obl0AY,00026,0,pretrain,5cQoGNEcc5Q,00003,9.508277301790002,11.712
val,pretrain,t1sYh9itUvs,00023,0,pretrain,PENkzh0tWJs,00009,-7.6223269220137535,7.488
val,trainval,6Af5tJzSR2w,50011,0,pretrain,B0ESVNX1SYk,00007,5.966972511106123,3.328
val,pretrain,eCknUJJc3qU,00026,0,pretrain,KxDwieKpawg,00042,1.940383855266255,18.56
val,pretrain,SXKNASvfHWs,00003,0,pretrain,lwcvhh4pLjE,00068,7.949845051938521,5.632
val,pretrain,RRRDYBwjjU0,00010,0,trainval,uM1Ygy0tSp0,50003,-2.997373662677587,3.904
val,trainval,796LfXwzIUk,50024,0,pretrain,JqokS3P1D9o,00017,-0.22524438165326188,3.84
val,pretrain,rpOwTspdwkI,00027,0,pretrain,AvtStbwMQqs,00011,-9.975638309251522,7.68
val,pretrain,RgtoZ2ue05w,00013,0,pretrain,XgRlrBlS7Yg,00048,-3.903512698925537,13.12
val,pretrain,QvSZ1MtaXME,00004,0,pretrain,i5p3NC9OwB0,00017,-5.364582450570805,3.456
val,trainval,6weGCM3sWKc,50001,0,pretrain,5ErKrSyUpEo,00015,6.073656189621261,4.8
val,pretrain,lwcvhh4pLjE,00051,0,pretrain,RGCVyI7x1kA,00001,8.438856637997322,8.0
val,pretrain,9VOHt1oULJ0,00006,0,pretrain,UeKZYCq3s0E,00005,-2.1833099258174027,3.904
val,pretrain,8COaMKbNrX0,00010,0,trainval,RLh5CRUecfY,50001,1.9370635766684288,6.016
val,trainval,tF1oSdNwE8c,50002,0,pretrain,0UmUgaJwEr0,00046,-8.228150196846675,5.248
val,pretrain,4cJ08wOqloc,00011,0,pretrain,19KkFCQz8WQ,00025,-9.832612365876525,4.224
val,pretrain,eD9F5HdyKqU,00009,0,pretrain,GkRn9Lp16UI,00010,-3.7524661133554886,10.112
val,trainval,BMdMSmtTgD0,50004,0,pretrain,hHOX3dlhhZ0,00018,9.186600491079744,3.456
val,trainval,J6oMG7u9HGE,50024,0,pretrain,anmktfGYw8k,00011,8.599001123794462,2.112
val,trainval,wKIHuxe2fi0,50001,0,pretrain,CiSk3gmyjQ8,00013,0.22514570923378763,4.672
val,pretrain,3HaBoNSlpHU,00018,0,pretrain,IW8mHxAkOtA,00003,9.344085947378183,4.288
val,pretrain,qykSnLkPM7E,00018,0,pretrain,v3FDwQVb0Nw,00001,-7.785250663447407,4.032
val,trainval,DnbC2Tii0S8,50005,0,pretrain,PXMJobWlXks,00010,4.756205289598745,3.392
val,pretrain,CbS6PPBJJB8,00003,0,pretrain,YAV96XSdMQo,00004,-0.6687777761668876,14.464
val,trainval,hJZ0pAoxksE,50017,0,pretrain,zCvSZBy6SyU,00020,2.8519973661176152,5.888
val,pretrain,OISOhvOumT0,00028,0,pretrain,SmsYxDvdcYc,00037,5.790253278256841,11.328
val,pretrain,9VOHt1oULJ0,00001,0,pretrain,9Q2hew8759w,00001,6.241561084013206,3.52
val,pretrain,wKIHuxe2fi0,00030,0,pretrain,3B24RaqA33k,00017,2.804110297868675,3.84
val,pretrain,WCj82W7XkjI,00018,0,pretrain,4GKTEDqbQIw,00025,3.9557813260460364,19.456
val,pretrain,ZvSJE9n0GfA,00016,0,trainval,h0dSQDgl3gI,50018,9.425664800147715,6.016
val,trainval,UoruUSrndBA,50010,0,pretrain,B12syeJflbQ,00033,-2.8370735785335306,6.016
val,trainval,iTdZn78u6pI,50020,0,pretrain,CFtsHf1lVI4,00020,-1.54190541504353,5.696
val,trainval,WpldYJ3sSIo,50007,0,trainval,mclzytQQMGI,50011,9.183360094626352,3.072
val,pretrain,fm9SH6NucHk,00001,0,pretrain,eRQdAOrqvGg,00034,-3.5536474674397027,4.16
val,pretrain,BEcyzAcFFwU,00012,0,pretrain,xBJwjuPXTzs,00003,6.159684366704809,12.992
val,pretrain,ShFk6FDrZBc,00005,0,pretrain,7sxpKhIbr0E,00035,8.185152295460021,8.256
val,pretrain,ZHOyfyGwpes,00004,0,pretrain,cK74vhqzeeQ,00024,6.915807016146289,3.392
val,pretrain,v3SZTqj2Skw,00008,0,pretrain,4geb9DS0lhs,00013,8.123616491364341,24.704
val,pretrain,uSMqkSqSgN4,00024,0,pretrain,HDjM5lw8OYo,00036,5.289477403394606,7.616
val,pretrain,VSbjOJzB7LY,00022,0,pretrain,sHJZRPWXQ9s,00002,-6.482636087559015,3.776
val,trainval,tVoE8eSu4bw,50001,0,pretrain,DqsvwHG9cSM,00008,-0.6652825246827891,3.072
val,trainval,iEySxTbcr2A,50011,0,pretrain,LSdPxGLesE4,00002,3.09929793854325,5.056
val,pretrain,0sYguTPLpHE,00020,0,pretrain,pSZaIvgWUlk,00005,4.3736116922605905,22.848
val,pretrain,mozxTk3Brqw,00021,0,pretrain,ao3NtIZ0iBU,00009,4.1209402747875945,16.96
val,pretrain,J3Zsj4LfsSo,00002,0,pretrain,S8201wl4jjw,00004,-6.492293009251244,6.08
val,pretrain,jqWHy6B0ADA,00001,0,pretrain,n8yhaFdSGpM,00016,3.850072312526615,5.504
val,pretrain,sJKFyDbWVqA,00015,0,pretrain,bzlYyhh3X0w,00011,5.031335597909397,13.312
val,pretrain,k3zZVQPaKKQ,00029,0,pretrain,9o2CRjTRKIA,00012,5.675428458000509,3.84
val,trainval,5LrThfSBeq0,50004,0,trainval,8etnSTnX92g,50006,-8.334628628761607,3.84
val,pretrain,EHTmxmuhZ10,00001,0,pretrain,Svo01ldlTQc,00022,-6.019562962525815,6.464
val,pretrain,lxovD2LQVUQ,00012,0,pretrain,UQzvNIIMayo,00017,-8.11753107554048,6.72
val,pretrain,X55qpYxwoO4,00018,0,pretrain,M1o3FS0awtk,00016,6.541902386957947,10.176
val,pretrain,iWHq2mSHwhw,00010,0,pretrain,QvSZ1MtaXME,00004,-9.193401859462176,3.968
val,pretrain,NRO0SJXuFMY,00006,0,pretrain,4yyPSZSGLOI,00002,-3.9900118980185972,25.536
val,pretrain,LSGfqyhleUA,00022,0,pretrain,pbGLBjDhnSY,00005,-3.1368453840177057,5.76
val,pretrain,F17SKiAZOxg,00042,0,pretrain,fgfQLTIhi1U,00035,-2.4093768826755575,4.544
val,trainval,aUBawr1hUwo,50008,0,pretrain,PlQ3VdvvTvE,00014,1.5667126467878418,6.208
val,pretrain,K0PJbPlZoNI,00006,0,pretrain,D1QoyTmeAYw,00010,4.479841184037316,8.128
val,pretrain,n4EhJ898rSk,00004,0,pretrain,pbotabqHUys,00024,5.861872757593595,7.936
val,pretrain,F8R7S4AoGhs,00002,0,pretrain,K2BES6FUAO4,00009,9.951764682904873,5.44
val,pretrain,ZJXxySanins,00008,0,pretrain,fbeFn1Xcqo4,00031,-0.4732327710674866,12.288
val,pretrain,HjSGqwAFRcc,00010,0,pretrain,Possj5cXEnM,00004,-7.801778989157333,4.096
val,pretrain,oD06XPtmLZY,00009,0,pretrain,BFygtNQSJcU,00012,-6.934229504473814,6.208
val,pretrain,xeFl0RE31x0,00015,0,pretrain,lwcvhh4pLjE,00012,1.2897091275502746,6.72
val,pretrain,BQOz6OVz1zc,00060,0,trainval,M4soSZ9aSu0,50001,-0.48550355030467784,5.248
val,pretrain,h4GEMYsrJSY,00012,0,pretrain,AR6RiSHN7S0,00032,-1.8503883385146498,6.208
val,trainval,kzhJb5jcH58,50005,0,pretrain,xMS9HlSSLSA,00032,-9.024794663383204,5.952
val,pretrain,zvvZEIGNLo0,00013,0,pretrain,7p4zw4SqgUw,00008,5.841432299694825,8.64
val,pretrain,cC0KxNeLp1E,00021,0,pretrain,DjcZrtcBZi4,00001,7.2388371610643745,7.744
val,pretrain,B7c0W5FZw64,00003,0,trainval,GB4s5b9NL3I,50005,-6.225647660917398,5.76
val,pretrain,OAEodzGMavY,00002,0,pretrain,6k8YBJ5sgko,00011,9.424238419362084,6.4
val,pretrain,mzy84VbSGxk,00014,0,pretrain,CiLnSGrcuEs,00008,5.379336069948817,17.216
val,pretrain,7H0USvVSfhU,00024,0,pretrain,jSS03JfgHEA,00032,-3.8166386488648207,6.4
val,trainval,U7y4GlmwPLQ,50004,0,pretrain,lxovD2LQVUQ,00020,-3.650648812068593,6.208
val,pretrain,uHnqvhWQMV0,00013,0,pretrain,DcKdClnpz4k,00026,9.730225311988704,4.928
val,pretrain,d38LKbYfWrs,00016,0,pretrain,qFza3W87eDg,00017,0.6627102753639491,3.776
val,pretrain,xBJwjuPXTzs,00003,0,pretrain,T9vLHFza8Uc,00007,5.819400691215069,16.0
val,pretrain,BR9dbjubfuU,00014,0,trainval,SxPeQda00Co,50004,-4.000764805675507,2.496
val,pretrain,MD23gIlr52Y,00006,0,pretrain,vfGSCnk8bSw,00002,-4.93073053175644,6.336
val,trainval,tZYkjaKNrSo,50006,0,pretrain,FESv2CgyJag,00014,-3.5717157746964023,2.56
val,pretrain,7SfQLQ7eyA8,00005,0,pretrain,AHfiKav9fcQ,00009,-2.2121769887643,4.736
val,pretrain,IWjzT2l5C34,00048,0,pretrain,YPLGuwXomYQ,00010,6.758260679309721,6.336
val,pretrain,fVLJU45SnLY,00012,0,pretrain,DtT6S1vtjzQ,00008,-4.34598158617802,7.616
val,pretrain,UoBUXOOdLXY,00009,0,pretrain,bfAzi6D5FpM,00026,-9.500162207263742,6.336
val,pretrain,SSJkV8IzsZA,00015,0,pretrain,RoS2q3pSrq4,00001,-4.773134947902539,17.984
val,pretrain,xuAAPsiD768,00007,0,pretrain,ioMpOr7Yx98,00031,-9.988295954078843,5.44
val,pretrain,40riCqvRoMs,00018,0,pretrain,xp0O2vi8DX4,00014,-6.5816714899273965,7.296
val,pretrain,1HIxnTruN78,00021,0,pretrain,H1fvr9rGgSg,00045,-0.8871470781420179,6.4
val,pretrain,7icexlbjQnE,00006,0,pretrain,EhM56Fk2aFk,00026,-4.382669388677824,4.736
val,pretrain,f68AdM1m4hk,00001,0,pretrain,KDBcoRLkut8,00029,-0.9942404842464434,4.416
val,trainval,P3fIZuW9PSM,50005,0,pretrain,RsxlLsHtoBI,00008,1.7916997219396773,2.88
val,pretrain,PENkzh0tWJs,00002,0,pretrain,zCvSZBy6SyU,00002,3.6678848765000165,6.4
val,pretrain,wKIHuxe2fi0,00030,0,pretrain,U7fFCaHZvVk,00010,5.7412861149212535,3.84
val,pretrain,o0td5aw1KXA,00001,0,pretrain,1TYPldG99dk,00018,0.5000513830465856,7.616
val,trainval,ZzugJPASNB8,50004,0,pretrain,wVGjQSnLg4Y,00015,9.291670960950597,2.816
val,pretrain,CFADnhYKDHg,00009,0,pretrain,lU1ISu1LOv4,00025,-6.528715174712136,25.216
val,pretrain,Rf8qS8gbfrw,00011,0,pretrain,YsASJTeHJ6A,00003,-8.351763962223039,6.656
val,pretrain,TdBAHexVYzc,00019,0,pretrain,3HaBoNSlpHU,00018,2.8490262206031964,4.032
val,pretrain,W4zepOS7dgk,00006,0,trainval,MtSE4rglxbY,50022,3.7641692902419024,2.88
val,pretrain,nshZ0SMsn9s,00003,0,pretrain,inxIM1aGvZY,00018,9.804220318392474,4.608
val,pretrain,jUHE4SE3Mcg,00018,0,pretrain,fDzj9vRw5yM,00002,6.29409780598753,6.592
val,pretrain,cplaWsiu7Yg,00035,0,trainval,1cJiAS6NSUI,50001,3.649093573894575,3.968
val,pretrain,hJZ0pAoxksE,00024,0,pretrain,LhszKevcH30,00035,-3.438734175026024,9.472
val,pretrain,huzhvbrcgeQ,00002,0,pretrain,U23gPSGhW1w,00007,-5.670432417478395,4.288
val,pretrain,iCXfJVCg1LA,00003,0,pretrain,YhG1Bgbsj2w,00030,-0.5960469490598648,3.52
val,trainval,56WGgJNBRxQ,50032,0,trainval,8s3bdVxuFBs,50005,-8.251823468352148,3.648
val,pretrain,ocqn3wYTCRM,00012,0,pretrain,iNOE0dZpHcY,00065,-7.1667651579236065,4.864
val,pretrain,WWloIAQpMcQ,00006,0,pretrain,L6PW0Nw35X0,00018,-2.7194309883434498,11.2
val,pretrain,XGq3MXQlRJs,00028,0,pretrain,CEN4XNth61o,00049,-3.8472978007101633,3.84
val,pretrain,r6nSmSTKHGc,00001,0,trainval,JC7WnzM2Lsc,50005,9.416772123435127,5.888
val,pretrain,7hFy02TSH4U,00006,0,pretrain,F2hc2FLOdhI,00001,-9.614411100062698,5.696
val,pretrain,FjvjSlpJoqo,00011,0,trainval,6a6vVIdQBd0,50001,7.72927331488372,4.096
val,pretrain,EKSF037iji0,00003,0,pretrain,NgVwPj54TEo,00029,-7.355957617924438,6.656
val,trainval,85hbMtegrLc,50001,0,pretrain,WiGZGBowXQg,00012,0.7170966127459515,3.52
val,trainval,HS8y0WLm78U,50002,0,pretrain,F0ofeD8VKMA,00068,8.217000287733963,4.8
val,pretrain,85bqT904VWA,00019,0,pretrain,ogeGJS0GEF4,00002,-8.90942665221387,6.208
val,trainval,TT6qWghHkFI,50017,0,pretrain,gdg4mUSwuhI,00005,7.767073374560681,3.008
val,pretrain,rSqYQXRVP0k,00017,0,pretrain,MiOVX7qKQ24,00019,0.4299581232648677,14.848
val,pretrain,2XiDdnDCD34,00030,0,pretrain,DcKdClnpz4k,00017,9.531061886367759,3.968
val,pretrain,LHd0vXDglb8,00025,0,trainval,l141Mauo74A,50001,-0.24949574351695425,4.48
val,trainval,9KACXVScWS4,50002,0,pretrain,HByDu4uOFY4,00003,-2.552377771154701,2.816
val,trainval,xgKqX5Yj3b8,50006,0,pretrain,NPSelwWdPa0,00015,8.545007585778905,2.304
val,trainval,AR6RiSHN7S0,50010,0,pretrain,sa0RUmGTCYY,00021,4.536600007814586,3.2
val,pretrain,Mr8nvXvlSy8,00012,0,pretrain,Aqc2SgiOVr8,00010,0.03705206363308733,17.344
val,pretrain,uYyvbgINZkQ,00025,0,pretrain,yBdyFKqwKy0,00015,7.149043067577882,5.632
val,pretrain,4BwSMSCFdu0,00035,0,pretrain,td1PbsV6B80,00006,-6.499661813660986,11.904
val,trainval,4B2qC7PIHxs,50001,0,pretrain,5pW2b1vwwf4,00003,6.659626603593196,5.76
val,pretrain,PXMJobWlXks,00013,0,trainval,1cJiAS6NSUI,50001,7.839124446620225,5.056
val,pretrain,dOOtM7ZpAS8,00036,0,pretrain,quJdL9ggETI,00017,9.762037770844444,9.472
val,pretrain,vwhSTukb07U,00030,0,pretrain,SIKqVKyyW6w,00008,2.6305713259822223,13.44
val,pretrain,G0ZjSInJ4BQ,00027,0,pretrain,HWsehvUkISc,00012,-4.545112217910323,11.072
val,pretrain,A9qqR8NVbtM,00014,0,pretrain,Gj2pWl1vjCY,00004,6.165630055122438,7.936
val,pretrain,SFW0TEFKCxk,00019,0,pretrain,Pro06WQG77M,00006,-2.8123376459750844,6.08
val,pretrain,1HIxnTruN78,00005,0,pretrain,DwQMDyyS42Q,00030,8.545968387132628,5.376
val,trainval,VN357QrUdEc,50026,0,pretrain,sa0RUmGTCYY,00055,6.893047912913371,4.288
val,pretrain,G8cjIBwP52o,00025,0,pretrain,xMjSPS6H69g,00009,-6.8524110120010935,6.208
val,pretrain,GkRn9Lp16UI,00029,0,pretrain,MOFdlEbu15g,00027,8.03769512434739,4.736
val,pretrain,In6iAXTnqEo,00020,0,trainval,DjcZrtcBZi4,50042,1.8013205319559251,5.952
val,pretrain,o0VrZPBskpg,00013,0,trainval,jv8m8rycnQs,50001,-2.8504213890844916,6.08
val,pretrain,Lp5Ccer5NM8,00026,0,pretrain,50m48lpi4AU,00018,-7.951442213606079,6.08
val,trainval,WWloIAQpMcQ,50002,0,trainval,mmhedbY8wjU,50001,8.33531016145377,5.568
val,pretrain,ElJxUVJ8blw,00062,0,pretrain,fm9SH6NucHk,00005,4.530490755046376,3.968
val,pretrain,7hFy02TSH4U,00019,0,pretrain,Mtjatz9rSVc,00020,6.977861994319067,3.904
val,pretrain,gmSsyvrI2Xw,00019,0,trainval,pmKNXZmfIMU,50012,5.917608603523025,3.968
val,trainval,JGVU8n7jjHc,50003,0,pretrain,uRxwQsrI560,00010,3.5629936741801735,3.456
val,pretrain,o4Nno6POrwE,00004,0,pretrain,gJv1WdMUz0w,00002,7.226532088187955,4.672
val,trainval,SeJwaOCYWwM,50005,0,pretrain,wfW3aZCFfLA,00026,-9.432167312453924,2.304
val,pretrain,FLbXrNGVXfE,00011,0,pretrain,PYSkd46RfVE,00042,1.7481490245339604,9.088
val,trainval,UOn3zOp8JPE,50001,0,pretrain,PDKKOSJX6yQ,00019,8.006486636603789,3.712
val,pretrain,K2BES6FUAO4,00006,0,pretrain,Jk0AknXMXmc,00008,-0.43909676731037095,3.776
val,pretrain,weCFbknwZa8,00026,0,pretrain,bf7BXwVeyWw,00039,0.46190773766259063,6.72
val,trainval,PVXQUItNEDQ,50006,0,pretrain,dY7iATJVCso,00026,3.603041474135482,4.16
val,trainval,796LfXwzIUk,50022,0,pretrain,qFza3W87eDg,00015,-0.7515815270384874,5.184
val,pretrain,Df2JBnql8lc,00009,0,trainval,OwRAFCrsDS8,50007,-7.851565496947195,2.752
val,pretrain,YA87VEeoZLI,00012,0,pretrain,bvAEJ8G9l9U,00048,-7.890844898896221,3.84
val,trainval,V1xt7zgnuK0,50005,0,pretrain,kKeUISJko3o,00010,-3.6285803210929917,5.248
val,trainval,VfKWd7iXMSo,50005,0,pretrain,eD9F5HdyKqU,00012,0.9055373220931422,4.864
val,pretrain,kyaiTGmwxnU,00009,0,trainval,T2jwSUhu7ok,50011,2.2750143100300235,3.328
val,pretrain,ImQrUjlyHUg,00017,0,pretrain,d0LQCXCiW8g,00018,-4.55472125495799,3.52
val,pretrain,BXcFEhl7ynM,00025,0,trainval,FD5ZKiSmoMU,50004,7.072522671950296,5.76
val,pretrain,JaFSfq2Zn7I,00070,0,pretrain,OIpgrZ8ySSQ,00004,-5.4276961410182505,5.568
val,pretrain,P65XdTlk4vA,00023,0,pretrain,KaiwGb0csas,00023,4.427319515046996,3.648
val,pretrain,cf3zxHuSM2Y,00010,0,pretrain,A27QjpQSIeo,00019,0.19168241853036072,5.44
val,pretrain,vTBp0Z5GPeI,00001,0,pretrain,267BlUBordQ,00005,-4.156574394845702,5.44
val,pretrain,v7UKkzIaSsQ,00048,0,pretrain,IfG7WVSbN6Y,00013,-3.3916609900897914,3.328
val,pretrain,SS6ZojCzNGY,00015,0,pretrain,KQEWc3LVfyc,00061,-0.7237617741855793,11.328
val,pretrain,Mgbf3cq7lms,00003,0,pretrain,eNC1h5H5cJA,00034,0.5071728504313349,22.208
val,pretrain,7rVK0VYPWHk,00007,0,pretrain,JmCtZzSRztQ,00013,-0.9777789551809448,5.056
val,pretrain,Possj5cXEnM,00004,0,pretrain,P65XdTlk4vA,00051,-8.483716915702306,5.056
val,trainval,ueOqYebVhtc,50003,0,pretrain,3dqXHHCc5lA,00001,2.433835335586556,5.824
val,pretrain,6Af5tJzSR2w,00024,0,trainval,cmFSHbPSjd0,50001,7.071420362776895,6.08
val,pretrain,CrsdoIOGCRw,00002,0,pretrain,O4Og5tFNiaU,00011,1.7415589973871608,5.952
val,pretrain,5OISkgjSjkA,00007,0,pretrain,2ZviHInGBJQ,00004,2.2051096597746405,14.208
val,pretrain,DcKdClnpz4k,00038,0,trainval,31iuh9pfFwg,50005,7.042337728938051,5.056
val,pretrain,znO7UHpxgTI,00009,0,trainval,XRWTyUVh0BQ,50004,0.9640185765695648,4.672
val,pretrain,lv2SjZ6tIGg,00011,0,pretrain,Rpsf1YJsbbI,00037,2.6893343009243136,4.992
val,pretrain,trxGZMm4nBQ,00041,0,pretrain,UCFg9bcW7Bk,00013,0.7925391619188282,9.152
val,trainval,OF5VVrsnpzo,50012,0,pretrain,4ZgwzSm7sRs,00052,2.070137905735317,4.16
val,pretrain,Mr8nvXvlSy8,00028,0,pretrain,HpiZTvlWx2g,00014,-1.5027180030188507,12.416
val,pretrain,buHSvs7LFzw,00053,0,pretrain,Kxg0SEpOcWs,00012,-7.112110034587664,4.16
val,pretrain,OOhgwjEnfAA,00005,0,pretrain,B4a0NvLTebw,00002,-0.9962776631019228,8.32
val,trainval,2tCcoSRZqVY,50003,0,pretrain,qQIwTWJSd2I,00025,5.631046740397952,6.208
val,pretrain,70VZ1SOzSnc,00039,0,pretrain,t4kyRyKyOpo,00016,-2.540555261023229,8.512
val,pretrain,aMrCYPCsLUk,00018,0,pretrain,EDLWWP8N6MU,00017,-1.5595440729826429,3.968
val,pretrain,05jJodDVJRQ,00024,0,pretrain,Nhx1SyXMwCg,00016,-0.3181062673328938,6.656
val,pretrain,YSmJDnSemqY,00014,0,pretrain,xY7kVVS2HVY,00005,1.2848581953718465,28.608
val,pretrain,150cqgYh8sQ,00008,0,pretrain,SQB9zNWw9MA,00030,6.517992117020658,6.208
val,trainval,OT9poHSD2Iw,50015,0,pretrain,PJUIXSpLoVk,00004,-8.668327481724136,5.824
val,pretrain,XWFvhGek3m0,00004,0,pretrain,Sx4Gsh0r9HU,00005,2.78076546579692,2.944
val,pretrain,fVLJU45SnLY,00024,0,trainval,ATISgVUKetI,50008,-5.577310219439422,2.688
val,pretrain,awtmTJW9ic8,00004,0,pretrain,F8bM8K7WSR8,00030,8.35788895651126,6.336
val,pretrain,cF2dhWWUyQ4,00007,0,trainval,zvwQXwJyaj0,50002,2.133173955497835,6.08
val,pretrain,zaufonUBjoQ,00003,0,pretrain,04VbxnzUwes,00025,-9.922177650521736,5.056
val,pretrain,J6ZzmqDMhi0,00017,0,pretrain,uVAaZVz9pDs,00049,7.061342288872485,4.736
val,trainval,zUS5GcqzHNM,50003,0,pretrain,20adDr7Felw,00007,2.3334827953651356,6.016
val,pretrain,pyWrZceeKNE,00001,0,pretrain,IyrcWMvu9ek,00004,-4.919891161244124,6.08
val,pretrain,fw30yjccnD4,00019,0,pretrain,KI3WJXNhCJ8,00015,4.9911013518618415,12.096
val,pretrain,nO69NjadSec,00002,0,pretrain,0sYguTPLpHE,00040,-6.43562291768027,6.464
val,pretrain,Iv3Ud7Shv9g,00003,0,pretrain,wgPLGS1BvQo,00036,7.228201229794177,4.928
val,pretrain,4Lb5LSVEm34,00020,0,pretrain,qYvXkSbqlBk,00035,-6.513096464477632,3.264
val,pretrain,QoTSdOkjEVs,00013,0,pretrain,bybOi0nMmq0,00009,6.271624430705565,22.016
val,pretrain,LS6TWtYWaPA,00022,0,pretrain,6E3zVSCSGYk,00012,-7.466765160958184,14.848
val,trainval,w96osGZaS74,50007,0,pretrain,YzhSmnGcSkE,00012,8.00432526270065,4.608
val,pretrain,YhpMSjbVopo,00012,0,pretrain,6EghiYSs2ts,00036,-0.8120462286034495,16.064
val,trainval,GjINFuwLGvQ,50005,0,pretrain,iUbfRzxNy20,00029,-7.987619288988705,4.096
val,pretrain,UMn2q35HBeQ,00004,0,pretrain,7W8OJgeYy1w,00003,0.10613994125122872,3.776
val,pretrain,8olL43PKJKw,00025,0,pretrain,7rMYfiRNT7g,00020,9.899317005000995,8.384
val,pretrain,RmXiItk49Gw,00011,0,pretrain,IkJTwfHPv6A,00036,8.41995033118658,10.048
val,pretrain,oKtALHe3Y9Q,00032,0,pretrain,8xHrpO6p7dE,00012,9.549225533311528,7.36
val,trainval,oTHSfmQo3Ok,50002,0,pretrain,voXOUWiJuLo,00009,4.654099701729766,5.696
val,pretrain,v84pD2g3gSk,00016,0,trainval,X6Zo53M0lcY,50007,5.020038197204739,3.392
val,pretrain,NVPxmzSPvUw,00036,0,pretrain,F4Zu5ZZAG7I,00006,9.99311693444622,8.96
val,pretrain,xnKaOL2IBPY,00001,0,trainval,oeL72c6scAs,50015,1.8676082163033652,5.376
val,pretrain,YraU52j3y8s,00079,0,pretrain,SmsYxDvdcYc,00021,-8.51837397519003,2.688
val,pretrain,7SvPhw9hAHs,00001,0,pretrain,cSsxBTNF2U8,00019,7.958761703682821,13.568
val,pretrain,yJJtRWFLSgw,00027,0,pretrain,IfjI0tVUpbc,00027,5.678800340425392,7.232
val,pretrain,MQtWJARMoLw,00023,0,pretrain,dTwXeZ4GkzI,00003,1.1463281157251508,2.88
val,pretrain,iARReKKgETs,00012,0,pretrain,EhM56Fk2aFk,00027,-1.0395097542012373,5.568
val,pretrain,zXSrqdSohyA,00019,0,pretrain,zK8mdS7LJQQ,00004,-1.8292483166300109,4.416
val,trainval,aIcwIH1vZ9w,50009,0,trainval,kvpUiBqHoVM,50013,-4.642168873817722,3.584
val,pretrain,mKe3QKctaS8,00001,0,pretrain,lGbuCmuTJHg,00027,-4.019637326514931,6.848
val,pretrain,gCWeVYCcKXw,00031,0,pretrain,WR2kKw3kQEA,00011,-3.198912080922913,9.536
val,pretrain,E27DY3AVA98,00014,0,pretrain,Er9bh94f1w0,00023,2.4177190451591315,8.448
val,pretrain,potB0voQzNg,00048,0,pretrain,sR6P5Qdvlnk,00004,9.055322707295552,3.584
val,pretrain,jpuDyGgIeh0,00014,0,pretrain,fnhJUeCQfSo,00010,4.2459841015456785,4.416
val,trainval,SS6ZojCzNGY,50008,0,pretrain,bC0hlK7WGcM,00022,8.53741836012615,2.368
val,pretrain,EHTmxmuhZ10,00033,0,pretrain,PsihkFWDt3Y,00017,-8.313770407032305,7.936
val,pretrain,2i0dGoh3VUg,00001,0,pretrain,jgnqlZUI4n8,00010,-6.974096013968509,8.576
val,pretrain,RhgrbQmYOSY,00028,0,trainval,v22SdEMzxO4,50009,-8.951136167565707,5.184
val,pretrain,MpISFKqk0Ew,00017,0,pretrain,jMBdQW2LLxw,00001,-1.634066693527494,10.816
val,pretrain,wsIrdxDJpSQ,00008,0,trainval,MLvwTlbj1Y8,50004,1.5801856746478204,2.24
val,pretrain,1QQ3gWmd20s,00024,0,pretrain,C9XIVtUEgFE,00016,-2.6308593338730235,4.992
val,pretrain,dcySuzHPCWM,00037,0,pretrain,muEW4v6lBxc,00011,-7.073680474000577,3.328
val,pretrain,AHfiKav9fcQ,00007,0,pretrain,LWQfeSSfNbs,00023,3.59130766889702,5.76
val,pretrain,4mJ1aHFPS1M,00021,0,pretrain,mkdSXHXhCcw,00028,-4.563571705658052,4.416
val,pretrain,A2aBKnr3Ep4,00005,0,trainval,DG7kSeazMQ4,50002,5.055352869514962,2.048
val,pretrain,bVV2Zk88beY,00032,0,pretrain,UY2tyuSOcyo,00009,7.18979042288391,3.712
val,pretrain,DLEbNRdqX0U,00021,0,pretrain,BgbD67U0BAQ,00016,-7.476435065106763,10.112
val,pretrain,SS6ZojCzNGY,00040,0,pretrain,cSsxBTNF2U8,00002,1.9198931918619184,4.992
val,pretrain,l5ZJ6bK1EIc,00027,0,pretrain,t1ZSoufuQg4,00024,-6.234331511298068,6.784
val,pretrain,DG7kSeazMQ4,00012,0,pretrain,CiLnSGrcuEs,00015,-9.110981975980792,16.96
val,pretrain,o9DNWK6WfQw,00030,0,pretrain,xp0O2vi8DX4,00011,-0.07319402004425157,5.696
val,pretrain,HwxjoBQdn0s,00017,0,trainval,nQcgD5DpVlQ,50001,-8.619625932848693,6.016
val,pretrain,BQj2ZSGPsY8,00014,0,trainval,pX8zZdLw7cs,50016,-0.08810031155331544,3.328
val,pretrain,7Mqse6SLOds,00032,0,trainval,GP4sBGbeF8w,50003,-0.8283876539887025,2.816
val,pretrain,oEIYHTlbeLA,00008,0,pretrain,grtGI7QpPdw,00005,-8.889081474401305,3.712
val,pretrain,q9Ou0cj3fF8,00002,0,pretrain,KQEWc3LVfyc,00017,-9.154323160237134,6.08
val,pretrain,mKPmlliPL0U,00010,0,pretrain,uOrZF8FdtLc,00006,7.653556331407586,12.608
val,trainval,SPSq3cW672s,50007,0,pretrain,DlGUSNXOdpQ,00018,0.9405720835831559,5.952
val,pretrain,BT2XlI8oeh0,00011,0,pretrain,w8lH8tNlAXc,00009,-3.6336493939141317,13.248
val,pretrain,EhM56Fk2aFk,00027,0,trainval,SYwvyjIDk80,50001,0.22411267611537333,3.648
val,pretrain,PcDftBVDSlc,00012,0,pretrain,C8zY0oAdQrs,00028,-2.53440968491444,7.488
val,pretrain,dwU8eavPInw,00038,0,pretrain,apbSsILLh28,00023,-7.009175908843366,8.0
val,pretrain,3yfFwDq4R5M,00012,0,trainval,tiWwrdMqvvM,50003,-7.302662600643915,2.368
val,pretrain,xMS9HlSSLSA,00007,0,trainval,mclzytQQMGI,50002,-3.2755122066322073,5.12
val,pretrain,o0VrZPBskpg,00022,0,trainval,zuAj2F54bdo,50005,1.0542592791423537,3.328
val,pretrain,B0ESVNX1SYk,00004,0,pretrain,mPCDOij0bB0,00038,-1.9362987445625777,6.592
val,trainval,LS6TWtYWaPA,50015,0,pretrain,5Yikqlc7yl8,00008,-5.4444060478710155,2.56
val,pretrain,BwOd20Mv0hM,00021,0,trainval,TpC8wNkjSvs,50001,6.8168212341639,5.952
val,pretrain,nG1oCU0ijP0,00044,0,pretrain,D089tSF9yUU,00023,-6.655811721618241,6.592
val,pretrain,erg8sDIYjmw,00005,0,pretrain,nmVDcD2olOA,00003,0.28148658002342053,3.712
val,trainval,rueQgStScw0,50006,0,pretrain,kOPMqiKhoSc,00026,-2.803939150869155,2.752
val,pretrain,oKtALHe3Y9Q,00010,0,trainval,aEa11FZwTRY,50009,0.12229930156111557,6.208
val,pretrain,0qYTf9evWeY,00044,0,pretrain,l141Mauo74A,00004,-5.769597123287673,5.12
val,pretrain,okQXrB7ySAw,00021,0,pretrain,cQgSjnOfHPQ,00004,-2.509831988390408,4.736
val,pretrain,Sx1qkuvUxuI,00013,0,pretrain,5qdZybHSLnI,00008,-6.184332095996458,19.648
val,pretrain,QnJIjEAE41w,00017,0,pretrain,WOgSqHtTtHY,00003,7.553362159974782,8.96
val,pretrain,6wk4dkYSrV0,00052,0,pretrain,SK095wuESeE,00026,-1.3249032666217264,3.52
val,pretrain,xlggecnjOY0,00009,0,pretrain,CyElHdaqkjo,00040,8.15059702852787,5.376
val,pretrain,TFvkq4BAvnw,00034,0,pretrain,J6SSCMhcCfQ,00014,7.267027267727187,6.144
val,pretrain,yioZhHe1i5M,00004,0,pretrain,VjQ3ufqnfSM,00019,-5.377501120471875,4.288
val,pretrain,cpsRAk5HpK4,00007,0,pretrain,LPrS7Skx9Y0,00030,-9.862913965146578,7.424
val,trainval,p49rv25dx0g,50026,0,pretrain,JDKy0TfuFS8,00002,1.2031699434865573,3.008
val,pretrain,3KmaFiKvGSM,00005,0,pretrain,dnMeyvtJpsk,00002,-4.328529474652536,9.472
val,trainval,nnYhZCUYOxs,50001,0,trainval,nubSKdtzLcE,50007,-7.919220114662275,5.44
val,pretrain,8iQnrM3DkVI,00026,0,trainval,A71OktxTPac,50018,-3.108411761760439,5.312
val,pretrain,B0ESVNX1SYk,00012,0,pretrain,2BOTS9GAjc4,00018,-6.742338981124957,6.976
val,pretrain,NtOoDN0ojxo,00029,0,pretrain,Melo1Bgporw,00007,4.1142407671152945,12.48
val,pretrain,64fDIZiVSSM,00004,0,pretrain,sFNmulAb4wM,00005,7.123063204919177,3.904
val,pretrain,NXvITqGAiX8,00011,0,trainval,9KACXVScWS4,50002,-5.461612838319856,2.816
val,pretrain,l5d8GW6GdR0,00005,0,pretrain,ioMpOr7Yx98,00012,-0.631486983559963,15.552
val,pretrain,Mjoxh4c2Dj0,00027,0,trainval,0Q1owhv3qAA,50003,-0.5389065443469754,5.888
val,pretrain,fW6AndSUByo,00016,0,pretrain,ukgnU2aXM2c,00006,3.7098108377773364,5.056
val,trainval,eNDhBSR1DZ0,50011,0,pretrain,Tmk7nAvpMXQ,00013,-3.1005160427732488,2.56
val,pretrain,ygmlKMQ8kc4,00005,0,pretrain,zSbCNWyYams,00010,6.064147553591077,15.04
val,trainval,qG6SnAIinj0,50023,0,pretrain,pcSlowAhvUk,00040,-1.653522085793691,3.584
val,pretrain,7LcSdlVrg5M,00028,0,pretrain,wDxjss7kHRw,00021,-3.92880961518671,15.552
val,pretrain,2MifgJqOm3Q,00010,0,pretrain,2PR51JQkib4,00004,-6.584602042597831,15.04
val,trainval,MpISFKqk0Ew,50001,0,pretrain,u7SWcQaoaRQ,00008,-3.6605504518548475,5.888
val,trainval,jFG7jqJXbno,50010,0,pretrain,ME0OeqjnVAw,00013,5.339263704279013,4.608
val,trainval,0SW0HFy9Et4,50011,0,pretrain,UxYtVyTowQs,00002,-7.87463844995372,5.248
val,trainval,j7c9b9A2AHc,50003,0,pretrain,QijH4UAqGD8,00034,3.0424799928058626,4.224
val,trainval,uVAaZVz9pDs,50007,0,pretrain,z5aAJGNSRHs,00017,-2.740001469203907,2.496
val,pretrain,7Z9xCX4ifJo,00037,0,pretrain,S3SnIMZ43EQ,00018,-0.6476844399851611,25.28
val,pretrain,ouXGIw7gBmk,00042,0,trainval,JRWC1UlMjZQ,50006,8.360978320979381,2.432
val,trainval,HMYVHShBGWg,50009,0,pretrain,kYZqyjzuaOw,00021,9.609078278762926,4.032
val,pretrain,iHWIZsIBj3Q,00010,0,pretrain,JolJi3uLMOM,00001,2.325233417042618,4.864
val,pretrain,nFSdHdNOgSA,00033,0,pretrain,aSLSiIskEFU,00052,1.031466691945134,15.616
val,pretrain,eR22lqzdIHU,00015,0,pretrain,YyuScSjkGSs,00037,1.8873269274731435,6.08
val,pretrain,HA7GwKXfJB0,00012,0,pretrain,hVShA7g4Joc,00005,9.560521013976608,7.872
val,pretrain,O4Og5tFNiaU,00019,0,trainval,KPN8LHVeFYA,50014,1.6364213859326924,2.368
val,trainval,ovV7v2XYJAI,50005,0,pretrain,7JVTirBEfho,00042,-3.088179133984738,2.56
val,pretrain,80GqbW1MmQM,00014,0,pretrain,X55qpYxwoO4,00024,-4.657794034409086,9.024
val,pretrain,ZpT0cw9bmiw,00007,0,pretrain,KChjQvXjk1g,00015,9.078780781661614,3.584
val,pretrain,nzZA9XTdSLM,00003,0,pretrain,iP9QFSlBOyA,00023,-9.397265924000815,5.44
val,pretrain,cf3zxHuSM2Y,00001,0,pretrain,XRP4xfN89Ss,00012,8.405783005091696,3.648
val,trainval,3E7hkPZSHTk,50007,0,pretrain,CEN4XNth61o,00009,2.395944969528756,3.328
val,trainval,UWKvpFZJwcE,50018,0,pretrain,bDbN8R6Gb6Q,00010,9.732977364179213,4.032
val,pretrain,TDCYJ3Sgx2w,00017,0,pretrain,N9HF8mMe2pU,00020,-5.411645107349905,3.328
val,pretrain,bjNSaXg4S6Y,00027,0,pretrain,sa0RUmGTCYY,00019,-0.7490439117521586,8.64
val,pretrain,Si1ZoKSFtSs,00008,0,pretrain,CS9f7Qq4YZc,00022,0.23366920554236792,5.376
val,trainval,aeiSXpmMQys,50010,0,pretrain,uUDu8jQ6qHo,00007,3.2816883563958434,5.184
val,pretrain,NP8xt8o4S5Q,00027,0,trainval,ApGeDdIaxo8,50002,-1.1393366983444295,5.888
val,pretrain,hvStFIuhD8E,00016,0,pretrain,FpHPVrsEkYY,00040,-6.0482620546068215,8.832
val,pretrain,0snNB1yS3IE,00017,0,pretrain,F8bM8K7WSR8,00005,7.055458112002196,23.104
val,trainval,cmFSHbPSjd0,50001,0,pretrain,uVAaZVz9pDs,00044,-5.277585430271278,6.08
val,pretrain,1gdKrtwBGqY,00019,0,pretrain,goiyLgCzgSI,00002,5.830938682721445,5.696
val,pretrain,qMppKiqMpAk,00023,0,trainval,sFNmulAb4wM,50005,-5.135142739010337,2.816
val,pretrain,sBsuIAscshE,00009,0,trainval,jQ95xlZeHo8,50003,-1.478981224138824,4.352
val,pretrain,63XsokRPVSY,00008,0,pretrain,IHBGLHgIWJM,00024,3.242811952591021,5.184
val,pretrain,XiEQmcZi8cM,00002,0,pretrain,Qm172DbaSbc,00037,9.357614380775324,5.696
val,pretrain,0af00UcTOSc,00046,0,pretrain,PUh5msG0rG8,00014,-2.883585793254251,10.048
val,pretrain,fVLJU45SnLY,00003,0,pretrain,MLvwTlbj1Y8,00021,-3.4642600929400214,5.312
val,trainval,dooLZNsHVDY,50007,0,pretrain,YdSSA7POsN0,00015,6.69919769950139,6.016
val,pretrain,sAUIAChAmc4,00010,0,trainval,iISw251TIgw,50002,-1.1340903124747026,6.08
val,pretrain,cXbXNV9SZAg,00026,0,pretrain,uWfLwKHSEko,00021,8.95678655124129,3.136
val,trainval,oeL72c6scAs,50015,0,pretrain,04VbxnzUwes,00010,-3.990238514780831,2.56
val,pretrain,CdxVbUjaSpY,00007,0,trainval,5OISkgjSjkA,50020,6.966190743720105,2.688
val,pretrain,R84vqXjXWJc,00020,0,pretrain,py1RrSdVt5A,00027,0.45263826450176126,6.272
val,pretrain,JSLQxBbQPTY,00006,0,trainval,EiTrl0W1QrM,50017,-7.511900773334088,2.24
val,pretrain,3YAF5JdsMm8,00001,0,pretrain,a0x0r7aPI2M,00013,7.230824249392313,18.432
val,pretrain,Wj7hmzfX5eQ,00015,0,trainval,MBZyRlxVdSE,50031,3.270128421851325,5.76
val,trainval,0MYq1WJMmts,50006,0,pretrain,N2HgOWBXyc4,00008,4.164024971051518,3.52
val,pretrain,5QGApheKRc0,00027,0,pretrain,Y0GHWogx0eg,00034,4.959603452211503,4.48
val,pretrain,CVdPhUPO5YU,00013,0,pretrain,0d6iSvF1UmA,00021,5.181039084524304,11.456
val,pretrain,2jTdZSPBRRE,00020,0,trainval,LWULB9Aoopc,50007,-6.409071066924943,5.568
val,trainval,ovV7v2XYJAI,50005,0,pretrain,RmXiItk49Gw,00011,-5.61995757088132,2.56
val,trainval,uSD6RlqHwOk,50002,0,pretrain,V4Xw76SsHOM,00020,1.3632241844807869,3.776
val,pretrain,gmSsyvrI2Xw,00005,0,pretrain,sYOS4qOHxdg,00016,-0.9031027090890973,5.376
val,pretrain,W4I68CGUV3w,00010,0,pretrain,HNMQSw7hXTA,00008,6.6167505333280765,3.904
val,pretrain,JqokS3P1D9o,00017,0,trainval,UQniNhS6LOY,50006,8.654042388991744,2.048
val,pretrain,YhCkjRXgnDw,00003,0,pretrain,aSLSiIskEFU,00047,-9.510616551009164,4.48
val,pretrain,dsT5eVSm7BA,00006,0,pretrain,xGGtRQ3wCB4,00008,2.655335655723956,6.592
val,pretrain,DKISYPEF0Ls,00011,0,pretrain,pMUv6UWkuWw,00002,9.496304342874602,5.056
val,pretrain,mPCDOij0bB0,00023,0,pretrain,C0nM8l9qeGY,00011,8.63142714173797,3.52
val,pretrain,u70RZtCJSrI,00012,0,trainval,kZP8KqrSbcw,50008,8.606841369154282,5.824
val,pretrain,pi4JOlMSWjo,00002,0,pretrain,Cqj0sgrNL10,00050,8.894974467244538,7.616
val,pretrain,rYwTA5RA9eU,00001,0,pretrain,DtT6S1vtjzQ,00007,-4.620149064018706,3.584
val,pretrain,rrkrvAUbU9Y,00017,0,pretrain,ZuCX92wuw2g,00012,-3.2430510807565893,5.44
val,pretrain,lxovD2LQVUQ,00012,0,pretrain,KxDwieKpawg,00003,-3.3546764931662,6.72
val,pretrain,oQql5kbCDEg,00010,0,pretrain,es4w3WUcrN0,00014,-6.925250990184752,3.84
val,pretrain,u9FSvAVQvGM,00010,0,pretrain,Mh3SwYHdeVs,00016,-2.5689257995932753,7.296
val,pretrain,oeL72c6scAs,00005,0,pretrain,lrZZoCmSnME,00007,-4.855844876899955,22.912
val,pretrain,qQSPUXPVlos,00049,0,pretrain,bf7BXwVeyWw,00031,6.886283582042864,4.352
val,pretrain,23vKtqo2t4k,00005,0,pretrain,XFOkSdlPafQ,00025,-0.20172180872362944,7.808
val,pretrain,U5SyBjKKicA,00014,0,pretrain,F0ofeD8VKMA,00024,-3.0744535173854555,10.368
val,pretrain,QYGO5tepBLY,00021,0,trainval,aUBawr1hUwo,50008,-8.198352052514142,6.208
val,pretrain,3TXSNu5wTS8,00014,0,pretrain,vcSn852sv3E,00029,0.6415174760617948,4.096
val,pretrain,BQOz6OVz1zc,00068,0,pretrain,9y7YEmyzSDo,00002,-0.8848274060857886,7.104
val,pretrain,NJ9Iq7ReMDs,00006,0,pretrain,yLjxoscCi0A,00008,5.812721719408803,5.76
val,pretrain,QS0p8ZpBq04,00010,0,pretrain,JSswZaKN2Ic,00012,-2.3464225836658947,4.48
val,pretrain,VNGFep6rncY,00001,0,pretrain,JzLiCBCbAMY,00028,-7.405970689436662,10.304
val,pretrain,SjaWs87t5UM,00022,0,pretrain,GW02Vo641dU,00008,4.672712608879181,6.4
val,pretrain,bjNSaXg4S6Y,00024,0,pretrain,N1R84S5DYEA,00015,1.568596068950736,6.528
val,pretrain,y8qc8Aa3weE,00028,0,pretrain,fSSNmDcLMKA,00022,-1.719391458225413,4.224
val,trainval,DjcZrtcBZi4,50045,0,pretrain,20adDr7Felw,00032,2.2043971599431362,6.08
val,pretrain,KiPcxhJtuPQ,00039,0,pretrain,icI94blMKIc,00012,0.9620492441199691,4.8
val,pretrain,tTvIEUGCigk,00011,0,pretrain,qu7ZpWecIS8,00007,6.772851145794654,3.776
val,trainval,XS85KAYKOT4,50006,0,trainval,kiDfwUQySEs,50027,6.507762977380885,5.76
val,pretrain,RcGyVTAoXEU,00045,0,pretrain,WMAunz9LqZU,00017,5.020429536312935,5.12
val,pretrain,ozmowWZ1YYU,00006,0,pretrain,EZwxKPv1CwA,00044,-7.745863859962185,17.088
val,pretrain,SH86f9zom10,00003,0,pretrain,1KS10q6N2A8,00021,-2.348095212321473,6.08
val,trainval,XYEChpVS04s,50005,0,pretrain,wmE8dQcZgB4,00016,-8.97794278964369,4.352
val,pretrain,SgOTaXhbqPQ,00029,0,pretrain,ogXTSCI7KRU,00021,-4.583181978615514,3.136
val,pretrain,SI3v6KS2Zgs,00005,0,pretrain,tF1oSdNwE8c,00001,-4.915725019525292,4.032
val,pretrain,cSohjlYQI2A,00004,0,pretrain,D2IQkKE7h9I,00003,2.779948314883482,5.696
val,pretrain,jsjItmQfgUk,00002,0,pretrain,RsxlLsHtoBI,00039,-6.459666737379863,6.464
val,trainval,vR8msiSohZM,50011,0,pretrain,0d6iSvF1UmA,00018,6.5255983064948815,2.56
val,pretrain,jSS03JfgHEA,00033,0,pretrain,38OUCtzkT4Q,00022,-1.9477013385767101,7.04
val,pretrain,28hGxw5DBK8,00010,0,pretrain,Phf66nAoMIk,00016,-0.9164044928536121,7.424
val,pretrain,WpEjt71l08I,00007,0,trainval,KI3WJXNhCJ8,50034,2.2117854285364693,4.352
val,pretrain,DShPct3oIow,00005,0,pretrain,ZpT0cw9bmiw,00007,-3.007325637124845,11.52
val,pretrain,IWjzT2l5C34,00016,0,pretrain,eqDgt12m26c,00014,7.3825146444843135,11.84
val,pretrain,LSGfqyhleUA,00006,0,pretrain,F2SIP2nSEoc,00008,3.367272560583226,2.944
val,pretrain,dsmgvrcH94U,00019,0,pretrain,PdxPCeWw75k,00020,8.181900340319672,3.776
val,pretrain,Jz064FJMmKw,00015,0,pretrain,dXqPaHQp4Xw,00010,-4.827694634134487,10.752
val,pretrain,HyZV8Ql1PI0,00006,0,trainval,mwrLVvORugw,50009,-4.309474732161687,6.144
val,pretrain,7Wc8t26OSxw,00008,0,pretrain,bJ8Kq1wucsk,00005,4.207140841003852,5.952
val,trainval,jobYTQTgeUE,50020,0,pretrain,fnhJUeCQfSo,00003,-3.162775491123277,2.56
val,pretrain,EU15c9hnftE,00019,0,pretrain,ZHOyfyGwpes,00002,-4.124825452946466,4.672
val,pretrain,jn0Ygp7pMbA,00003,0,pretrain,LNohxpJntZo,00013,2.1127101687283094,4.288
val,pretrain,xSLkNjQyHww,00005,0,pretrain,8t987Lxt1t4,00013,9.58754373536632,12.672
val,pretrain,VfKWd7iXMSo,00017,0,pretrain,6LmPq7DSds0,00024,-2.3662882700766197,10.176
val,trainval,u8bsCiq6hvM,50004,0,pretrain,kLRanIhp2jg,00008,-4.187422420653604,3.008
val,pretrain,y3jYVe1RGaU,00002,0,pretrain,mArrNRWQEso,00062,5.369666289205213,8.96
val,pretrain,1PV7HyS8fhA,00012,0,trainval,5pGWV4KBDUs,50001,7.252937167293435,6.016
val,pretrain,UxLRv0FEndM,00026,0,pretrain,dsT5eVSm7BA,00006,-0.7471190403092649,10.496
val,pretrain,HJYDwS09coE,00030,0,trainval,50m48lpi4AU,50022,-8.22107688328748,3.712
val,pretrain,AOEQ9GteWbg,00002,0,pretrain,LHd0vXDglb8,00016,-7.956332410229228,4.096
val,pretrain,jryCoo0BrRk,00012,0,pretrain,4wOxJOPnSUg,00032,-8.483632627068847,3.968
val,pretrain,uHnqvhWQMV0,00016,0,pretrain,o1abyP4zfGg,00010,-3.7884649448414613,2.496
val,trainval,iEySxTbcr2A,50012,0,trainval,yG7v4ySxwzQ,50010,-3.2868443948637838,3.584
val,pretrain,kTqgiF4HmgQ,00015,0,pretrain,HcTtoGhn0Dc,00002,-9.21414931190669,7.296
val,pretrain,7Z9xCX4ifJo,00018,0,trainval,stBSQ6CagVo,50004,7.037492357743602,3.136
val,pretrain,EZSf3Fc0ZRA,00023,0,pretrain,olPn5xr0L08,00009,-0.4629707939136889,4.48
val,pretrain,3m6dV7Xo3Vc,00022,0,pretrain,FrsiPG3Cs08,00010,-5.754426759103168,5.184
val,pretrain,xfDUGqGPSfo,00012,0,pretrain,gLgNjywpKsY,00005,7.617923765737377,4.352
val,pretrain,cAsEeYSQE1U,00004,0,pretrain,H8Pr9Jnulxk,00015,3.211212323463151,8.576
val,pretrain,Rs5CDLgjSsI,00019,0,pretrain,lQDxasFKQCA,00017,-7.349617622082787,12.48
val,pretrain,RlQEoJaLQRA,00003,0,pretrain,potB0voQzNg,00016,-3.1791648487705277,9.088
val,pretrain,2jTdZSPBRRE,00017,0,trainval,dY7iATJVCso,50004,-4.39072096535625,6.08
val,pretrain,lGbuCmuTJHg,00029,0,pretrain,38OUCtzkT4Q,00027,-5.771948966906142,5.888
val,pretrain,G6dfUFgKmN4,00028,0,pretrain,SS3qnZrVy9o,00012,-4.3919631894803635,4.672
val,pretrain,GjYt5uQPu8o,00005,0,pretrain,ivvKSx4Q6L4,00019,8.702174703094954,9.792
val,pretrain,JSLUS3qLv0I,00028,0,pretrain,ZaSFy6RX3aE,00008,4.824760812192501,8.0
val,pretrain,AlsFSLXjVdw,00014,0,pretrain,z4vmzTZ7qLA,00018,-4.208452097309621,7.296
val,pretrain,LFxQEUDIAuk,00010,0,pretrain,qL7UlSA6rRk,00015,3.652191582470932,5.312
val,pretrain,F1U26PLiXjM,00032,0,pretrain,jobYTQTgeUE,00027,-9.414618437076921,11.84
val,pretrain,sHJZRPWXQ9s,00009,0,pretrain,tAcQfn96yFk,00023,9.418860952002142,6.848
val,pretrain,q06YIWCR2Js,00010,0,pretrain,BR9dbjubfuU,00015,-9.770385940524628,13.568
val,trainval,YsUAEFJsOdA,50003,0,pretrain,lXNE4MD2X2w,00008,6.544890718948103,5.696
val,pretrain,9vKRj9yV8pI,00034,0,pretrain,O4Og5tFNiaU,00019,-1.852394408906397,2.368
val,pretrain,MEDgtjpycYg,00027,0,pretrain,RgqtrlixYR4,00012,9.079067490761986,7.424
val,pretrain,o9DNWK6WfQw,00008,0,pretrain,wUKAVcj9NVA,00013,0.9962881112645139,10.304
val,pretrain,8OkzozrUEHY,00022,0,pretrain,anmktfGYw8k,00011,5.72181908607752,7.296
val,pretrain,6V6p1tgHfm0,00014,0,pretrain,7p4zw4SqgUw,00025,-1.6175521829736272,16.96
val,pretrain,urntcMUJR9M,00040,0,trainval,OWq7ToR2U8Q,50007,-5.71251993490133,3.84
val,trainval,xzT6iH2CX4k,50002,0,pretrain,9X68dm92HVI,00019,1.4290438721814773,4.544
val,pretrain,frrZbq2LpwI,00006,0,pretrain,BISCnsKyOuk,00004,-6.059337510927001,8.96
val,pretrain,5YL3LT1ZvOM,00003,0,pretrain,3sWTLAS0m9U,00007,-1.528780258922719,6.528
val,pretrain,VC3H1lMEeS4,00022,0,pretrain,pF72px2R3Hg,00048,0.777153577860755,3.904
val,pretrain,dsmgvrcH94U,00013,0,pretrain,sR6P5Qdvlnk,00003,-6.367121986610142,5.248
val,pretrain,PVfd6fg7QsM,00045,0,trainval,bRuU02haIK8,50003,6.7964717113996755,3.456
val,pretrain,BUhksjVTbEk,00029,0,trainval,vdDFLzyk94k,50008,4.6843373401589155,5.12
val,pretrain,TdtoAQFStBk,00011,0,pretrain,pMYYxSim5QI,00006,-4.702878652183314,10.176
val,pretrain,cbSts8fUhB8,00022,0,pretrain,iUbfRzxNy20,00029,9.996031800235347,6.528
val,pretrain,MbdxeFcQtaU,00020,0,pretrain,eZgSGgToBEE,00014,-8.612718474841998,6.016
val,pretrain,b2MSSeKey4o,00017,0,pretrain,v8YoSPXN7UA,00017,2.7705035419226363,8.256
val,pretrain,IJmr7MsS8fw,00009,0,pretrain,DUd8XAS5HEk,00032,2.061071151309539,13.504
val,pretrain,KiPcxhJtuPQ,00041,0,pretrain,4bHO8NZwmIg,00008,1.1189323559494202,5.696
val,trainval,SRSJX0qRVSw,50002,0,pretrain,Ztgadh2C3So,00007,5.119216124678335,3.648
val,trainval,cPL2FE7ZPTg,50007,0,pretrain,1SS2wOnkcSk,00021,-2.9663555884196953,4.48
val,pretrain,WsmVX5C1HXY,00005,0,pretrain,k4vzhweOefs,00077,-3.2585164694592557,4.288
val,pretrain,gVSyVSIybBM,00007,0,pretrain,E3SSSS5SFHQ,00044,2.747267470792096,4.608
val,pretrain,B9DdIivSGts,00033,0,trainval,yVwAodrjZMY,50004,0.9605746750678357,2.56
val,pretrain,qYfEYvo96Hg,00008,0,pretrain,ruh6rN5UrME,00008,2.5682225419514317,14.016
val,trainval,eNDhBSR1DZ0,50011,0,pretrain,DeUDQo1sYAw,00011,-2.055240955581626,2.56
val,pretrain,F0ofeD8VKMA,00034,0,pretrain,SF242mxtZN8,00050,0.06261439262438095,5.952
val,pretrain,TZy5Srsksls,00001,0,pretrain,GW02Vo641dU,00011,-9.056458817037347,10.88
val,pretrain,W4zepOS7dgk,00001,0,pretrain,DZfOvYiQtow,00009,-5.890609669580389,6.528
val,pretrain,YraU52j3y8s,00048,0,pretrain,sCZiXfaa9ro,00012,2.5381359321941197,5.056
val,pretrain,NDQ1Mi5I4rg,00009,0,pretrain,tZYkjaKNrSo,00004,-9.678832003769696,17.28
val,pretrain,R9g3QSqvtss,00010,0,trainval,vWJwa7lntTs,50001,-6.110171225237866,5.632
val,trainval,5qdZybHSLnI,50009,0,pretrain,HlnhCdujYco,00021,-8.630776833610188,6.208
val,pretrain,PENkzh0tWJs,00005,0,trainval,ALryABSAYiA,50004,2.0339270684501525,5.248
val,pretrain,lzSkIDxbzGA,00024,0,trainval,hFGLqkDnSVI,50001,6.336828860238896,3.648
val,trainval,gkKymhU7yi0,50003,0,pretrain,ohGMgSLJCjs,00023,9.281263226301792,5.696
val,trainval,W8OiVZrAj4c,50001,0,pretrain,KkYuhwr3esg,00003,3.896641192247415,4.736
val,trainval,DqsvwHG9cSM,50023,0,pretrain,8gSAkUOElsg,00066,3.798206680685672,2.816
val,pretrain,5SOHiN8Ne58,00005,0,pretrain,HA7GwKXfJB0,00012,7.744118590804177,7.872
val,pretrain,IGadg8xHVPI,00011,0,pretrain,oDdcx5luv5s,00004,-3.9543946054543744,4.288
val,trainval,S2uSeHHzRto,50006,0,pretrain,4EUAMe2ixCI,00033,-0.6244702688953119,3.776
val,pretrain,qgv8VoyJ3wA,00023,0,trainval,3f6xCzKx9CA,50009,9.722781858099562,2.944
val,pretrain,OIpgrZ8ySSQ,00004,0,pretrain,jfqwHT3u1S8,00026,6.157140700073299,5.568
val,pretrain,USmTQeKRaP4,00030,0,pretrain,Mjoxh4c2Dj0,00003,-5.817584266446644,10.368
val,trainval,fTosle3h3G8,50003,0,pretrain,2W1jvTEjc1s,00021,-6.803443235573976,3.84
val,pretrain,HHwXlcHcTHc,00013,0,pretrain,dskNubEgzCk,00030,2.6916010090918423,4.096
val,pretrain,PkcBE74OYJw,00016,0,pretrain,M0yhHKWUa0g,00008,-7.850684437707995,6.528
val,pretrain,K8Dj0oSf1SA,00015,0,pretrain,5Yikqlc7yl8,00008,7.68349961548175,16.0
val,pretrain,buRLc2eWGPQ,00015,0,pretrain,uarlIjkHlAs,00012,6.370536909262235,4.096
val,pretrain,uNQujCwCu88,00039,0,pretrain,MOFdlEbu15g,00015,-2.864812355784774,4.608
val,pretrain,pvqgsvA2XiQ,00004,0,pretrain,LsESSyMnwmU,00045,-3.938964438050485,4.736
val,pretrain,SABC5U4MvTI,00004,0,trainval,t4tNALubJTA,50003,7.465292882134211,4.288
val,pretrain,K0PJbPlZoNI,00004,0,pretrain,uWfLwKHSEko,00031,-2.677316156818108,5.696
val,pretrain,V1ItvwxBENg,00026,0,trainval,4B2qC7PIHxs,50002,-2.5780062054624935,5.76
val,pretrain,FESv2CgyJag,00013,0,pretrain,5EH1dS2aQVg,00004,9.470496167914305,5.632
val,pretrain,ydzNAuqUAnc,00011,0,pretrain,ddw1S3ZVjTE,00024,2.51485282794947,9.92
val,pretrain,TvW4yugCPZo,00020,0,trainval,x8jdxSlf2Dw,50002,7.915068497638092,2.88
val,trainval,qG6SnAIinj0,50006,0,pretrain,dQJVSnd56n0,00009,-1.9642306222118773,3.2
val,pretrain,VLze6W7SvyY,00005,0,pretrain,ZBDablzQ9ts,00004,7.394619939569878,11.392
val,pretrain,lwcvhh4pLjE,00008,0,trainval,iyfdWsa1zns,50004,8.549638431160652,6.208
val,pretrain,e8JK3qVGuUg,00017,0,pretrain,aR6jLD1USW0,00024,-8.75596817865488,8.128
val,pretrain,DwShSwvxPKs,00003,0,trainval,Z1R1z9ipFnM,50004,-7.188987986026916,3.264
val,pretrain,04VbxnzUwes,00025,0,pretrain,gZga0AmCGdE,00007,6.274653134196626,5.056
val,pretrain,eJZSzNuKX7c,00036,0,pretrain,asgdGSGQBgY,00012,-9.654864867987062,7.04
val,pretrain,ncwpzEoVZCk,00022,0,pretrain,JCJ9BMSmqAY,00007,0.9961405742773533,8.96
val,pretrain,F0ofeD8VKMA,00072,0,pretrain,uSMqkSqSgN4,00018,-6.954447306160445,5.056
val,trainval,SCEKKHyxgaw,50011,0,pretrain,qp0HIF3SfI4,00021,-8.76827172447572,6.08
val,pretrain,zGEDHMF4rLI,00037,0,pretrain,sS9ys09BkGE,00029,1.8044656525956881,5.376
val,pretrain,oAl82gFMZis,00005,0,pretrain,FjnGdiqk96Y,00004,7.418999837625982,5.376
val,pretrain,gZCgWmose3c,00012,0,pretrain,pMYYxSim5QI,00022,-7.578029783946699,3.84
val,pretrain,N9HF8mMe2pU,00020,0,pretrain,9MegHiL93B0,00015,2.430058488734419,3.456
val,pretrain,b2LbuqoNGGI,00031,0,pretrain,haA6QtH0PIc,00024,1.0166532477767163,7.168
val,trainval,aILSY9g7Tg0,50001,0,pretrain,FDhlOovaGrI,00012,-1.0486586773832247,6.016
val,pretrain,mzu3ira61k8,00001,0,pretrain,3nsPcBJAdxI,00012,1.3794084726832452,4.288
val,pretrain,3VwxWDVKs8k,00020,0,pretrain,hCop3IGZH2o,00005,5.209512124900993,7.808
val,pretrain,UxLRv0FEndM,00006,0,pretrain,9VXOknUbzBM,00016,8.076995429807344,4.48
val,pretrain,2SIk5ofBKco,00002,0,trainval,2SlbsnaSNNM,50002,-9.589725997331545,4.544
val,pretrain,7udZ5ux0dYE,00031,0,trainval,4sg9TlsMRVA,50004,-3.3402026239262135,2.176
val,pretrain,N37x4GgDVBM,00036,0,pretrain,sE3gxX5CiW0,00006,-1.044514047886718,6.912
val,pretrain,dY7iATJVCso,00026,0,pretrain,oVE5rRJa0D8,00008,7.4216246795038785,4.16
val,trainval,6vLrreR6YOE,50001,0,pretrain,G2Y6Am46eVU,00011,-4.1183775955814035,2.56
val,pretrain,SU1foLW8h54,00002,0,trainval,qYvXkSbqlBk,50004,-7.617188859162609,6.144
val,pretrain,mPCDOij0bB0,00002,0,trainval,HyZV8Ql1PI0,50003,-6.952028618766906,5.76
val,pretrain,LsSh5ZUfnz4,00004,0,pretrain,c00zfzk4gdg,00027,8.037041847331256,4.288
val,trainval,i0QKBKWnkxg,50020,0,pretrain,UQYoWwHg3qA,00001,-9.804274110940842,2.048
val,pretrain,qm0isl11BfY,00017,0,trainval,tF1oSdNwE8c,50001,7.50938954891868,3.584
val,pretrain,ZHOyfyGwpes,00002,0,trainval,SU1foLW8h54,50007,3.014351377342253,5.44
val,pretrain,u9Lu85L111Y,00008,0,pretrain,zMAU8SY8pMs,00012,-9.038246838163023,6.144
val,trainval,P6w7Eq7YhL8,50006,0,pretrain,ElJxUVJ8blw,00008,7.24440593045459,3.008
val,pretrain,Kc0Kthyo0hU,00029,0,pretrain,M3mnUMmUAHQ,00006,3.4446285490585833,9.408
val,pretrain,6rcvWcRMuzs,00013,0,pretrain,NXfYNdapq3Q,00028,2.837489755430312,6.976
val,pretrain,HQNfpElOiZY,00005,0,pretrain,CXvUdCdKTJY,00012,-3.609429710411904,4.224
val,pretrain,ivfJJh9y1UI,00020,0,pretrain,Kw5vyJ30djM,00012,6.175331357281969,8.064
val,pretrain,uarlIjkHlAs,00005,0,pretrain,8etnSTnX92g,00010,7.62052226167112,6.784
val,pretrain,bwMUQEMOP6w,00019,0,pretrain,9vpqilhW9uI,00004,-7.003266940487444,8.768
val,pretrain,PiVB5niLrWg,00002,0,trainval,OT9poHSD2Iw,50015,2.0997597683606024,5.824
val,pretrain,C2SVEM19NHA,00001,0,pretrain,YrZThoSoSis,00015,9.016633019096773,5.312
val,trainval,SS6ZojCzNGY,50006,0,pretrain,zLNXIXingyU,00006,-5.284935621316926,2.24
val,pretrain,GJWSZgjz7G0,00010,0,pretrain,snkrS1C2e7U,00025,-6.901537316464101,6.08
val,pretrain,80GqbW1MmQM,00026,0,pretrain,a0x0r7aPI2M,00008,-5.606166351386374,6.208
val,pretrain,ZLiUelSu7s8,00001,0,trainval,5K57kcs15DY,50016,-6.080928890390278,6.208
val,trainval,7Iv2nZnZOrM,50006,0,trainval,ZIhFcjcc568,50005,-5.415704162104338,2.496
val,pretrain,V1gxziZwmkc,00012,0,pretrain,DWZsOe1j2w0,00015,-1.5830695361402736,18.368
val,pretrain,V2gCKH91GJo,00001,0,pretrain,rYwTA5RA9eU,00026,-8.93052427786879,2.56
val,pretrain,Sid0oc0w3mQ,00012,0,pretrain,NAcuH7nSdLc,00045,0.3648003322560456,25.856
val,pretrain,C8OqQ2lmsEo,00004,0,pretrain,zQfB85apRy8,00002,-7.992280922324748,4.224
val,pretrain,bKQA6I4BA7o,00001,0,pretrain,gAxSu7UgPGg,00003,9.6355478105516,8.896
val,pretrain,CLWRclarri0,00012,0,pretrain,4XESlSz0TLM,00006,4.807034172062224,5.888
val,trainval,lnvkNGc6YYM,50005,0,pretrain,ogeGJS0GEF4,00001,1.345312778018691,4.288
val,trainval,ZpT0cw9bmiw,50006,0,pretrain,8etnSTnX92g,00004,6.653696627637892,6.016
val,pretrain,HH3m1OSiOT0,00028,0,pretrain,drv3BP0Fdi8,00061,-8.506438643868115,5.696
val,pretrain,EXo3qA9V3eI,00034,0,pretrain,Sk0ywFgMpFk,00036,-6.135970121328878,9.728
val,pretrain,lUO0xDSJQVI,00009,0,pretrain,0d6iSvF1UmA,00024,1.876080512972047,5.504
val,pretrain,eGoSdLNceEk,00028,0,pretrain,zaufonUBjoQ,00003,6.318942873975605,4.416
val,pretrain,zMAU8SY8pMs,00011,0,pretrain,C9XIVtUEgFE,00002,8.539270281850762,4.096
val,pretrain,60P7717SXOQ,00010,0,pretrain,gDS1Eh6rqf8,00026,-7.778026011361529,8.064
val,trainval,ciStnd9Y2ak,50016,0,pretrain,IaWeJ8V3pg4,00004,-4.583134156303538,3.264
val,pretrain,8S6S5vZGSSk,00001,0,pretrain,v67c9gr4XnE,00004,-0.8382889378364808,3.584
val,pretrain,pcSlowAhvUk,00013,0,pretrain,EpFCykE9Lk0,00012,-8.470719690261726,8.896
val,pretrain,0MYq1WJMmts,00001,0,pretrain,tbicAmaXYtM,00009,2.110398646242846,8.32
val,pretrain,snkrS1C2e7U,00025,0,pretrain,nncYSMA1Iu8,00011,2.1078044985539925,13.248
val,pretrain,qYvXkSbqlBk,00036,0,pretrain,imhUmLtlZpw,00030,3.7471074164977978,11.712
val,pretrain,yVwAodrjZMY,00002,0,trainval,bSiGZPtWXzE,50002,-4.884972130646929,2.432
val,trainval,L2M15ZeTLxc,50008,0,pretrain,Mjoxh4c2Dj0,00041,-1.647778495483955,5.888
val,pretrain,SZSul0GzzM4,00002,0,pretrain,e4PTvXtz4GM,00021,6.720833015168303,3.328
val,pretrain,68c2M4r9oQg,00015,0,pretrain,hiM48jSNZOU,00007,3.5809271074478275,6.208
val,pretrain,5QTjSH1KGlY,00004,0,pretrain,xossR6eHv3I,00008,6.3198406078750615,3.712
val,pretrain,dsOSb0SrS5Y,00012,0,pretrain,K2BES6FUAO4,00009,-3.951335117310311,5.44
val,pretrain,qEZmFR1WS7g,00014,0,pretrain,cxGWGohIXiw,00004,-0.3201817090461585,14.016
val,pretrain,WMAunz9LqZU,00013,0,pretrain,TYFH0DSjyqc,00011,0.2157575580761506,9.408
val,trainval,LgntY0dOfSc,50024,0,pretrain,tiWwrdMqvvM,00004,-0.8581964608702144,4.16
val,pretrain,SSV07QKguBI,00018,0,pretrain,FJFxLQCo83U,00016,-2.137630476647894,4.288
val,pretrain,qykSnLkPM7E,00009,0,trainval,et3SeEX62aU,50001,3.911833173611548,5.376
val,pretrain,7sqeoYOQ4qg,00026,0,pretrain,59SRn1SkWAA,00060,2.367310377606719,6.912
val,pretrain,40ieXxoJwZw,00013,0,trainval,6XS8TA4RBog,50014,0.8448614217086625,2.048
val,trainval,jSOPQgPIdKg,50022,0,pretrain,JRfeYdKU4D4,00002,7.078123833860669,2.176
val,pretrain,H2vN2QXZGnc,00005,0,pretrain,AhKevstJyrc,00023,-3.3774850202302487,4.8
val,trainval,vu7eInSBt4I,50009,0,pretrain,u9Lu85L111Y,00008,5.550056105562973,2.176
val,trainval,mSvyBpWueu4,50005,0,trainval,wSepGxx36To,50001,0.5727596772881896,2.432
val,pretrain,YsASJTeHJ6A,00001,0,pretrain,4l3Kj3hVSVY,00004,-3.9724820717931753,9.024
val,pretrain,Zctk6MZaxMk,00011,0,trainval,InukG97C8wY,50002,-1.2546533114860345,6.208
val,pretrain,XDBWEKBq0Sw,00013,0,pretrain,rXepkIWPhFQ,00014,0.15232936338951575,4.608
val,pretrain,9VXOknUbzBM,00004,0,pretrain,YzhSmnGcSkE,00004,2.7249153256260037,6.144
val,pretrain,RJ0ldeMS9SM,00006,0,pretrain,Tu01sNfs5SQ,00007,1.86485568591916,6.208
val,pretrain,sJKFyDbWVqA,00013,0,pretrain,YglyHzvBqpA,00003,-4.54027318482437,10.496
val,pretrain,qItCBNzqdn8,00001,0,pretrain,JSswZaKN2Ic,00010,-3.782449473978808,6.208
val,pretrain,hfDkDzZ9GsU,00015,0,pretrain,iST7tCMUDXU,00009,-4.171771070358825,15.68
val,pretrain,ng7sf2SpeFg,00015,0,pretrain,PXMJobWlXks,00007,-7.128525501926726,6.912
val,pretrain,SQwRsVyk7us,00019,0,pretrain,PKbet4RdSo4,00002,-6.275611665712932,9.216
val,trainval,uEkgM9P2C5U,50010,0,pretrain,SDjLpMj3BDU,00036,8.43568470682731,2.368
val,pretrain,WvvuLDX7iIk,00052,0,pretrain,emn28FrJ6CI,00012,5.884924765323845,5.056
val,pretrain,uRxwQsrI560,00028,0,pretrain,Qm172DbaSbc,00016,-0.7303216410118161,4.032
val,pretrain,Ftow7dSpaiY,00013,0,pretrain,fw30yjccnD4,00008,-6.164193117337479,11.648
val,trainval,iWHq2mSHwhw,50002,0,pretrain,T33vGEPLSwg,00014,4.46302212592691,6.016
val,pretrain,F8R7S4AoGhs,00002,0,pretrain,HbQZ7jAvgoI,00003,5.332605762467232,14.336
val,pretrain,xYemnKEKx0c,00054,0,pretrain,1QX7aoxSTAQ,00020,-1.6183531811714662,10.752
val,pretrain,FzmXULKUNJU,00007,0,trainval,aEjUlH7bNDo,50007,5.290313883831635,2.88
val,pretrain,dScYSVZtB7k,00005,0,pretrain,IDkSDPgrtjs,00007,-0.5256527427155451,4.16
val,pretrain,Yr0eW6PbmOs,00003,0,pretrain,5LrThfSBeq0,00025,-1.2728056746303533,16.96
val,pretrain,4tQee2SJgUo,00012,0,pretrain,xpS7LMLkS5Y,00003,-0.669589431327859,6.528
val,trainval,ATISgVUKetI,50022,0,pretrain,b28brIs1OmM,00026,-3.8196404128062227,4.096
val,pretrain,MSZS1wnjfhY,00016,0,pretrain,6kuCSIemiCs,00008,5.59275298990624,6.848
val,pretrain,PzSw6OsEP9Q,00014,0,pretrain,3nsoNSLS8RQ,00035,1.618522183072269,10.048
val,trainval,ESNiCniw0JE,50001,0,pretrain,ooIxHVXgLbc,00016,1.5314736467950052,3.968
val,pretrain,zmDENxTPn8Q,00024,0,pretrain,G6dfUFgKmN4,00027,-8.384082821641307,9.28
val,pretrain,dsfROmgVN5U,00002,0,pretrain,XgRlrBlS7Yg,00039,6.193713089920379,9.856
val,pretrain,KyamsZXXF2w,00023,0,pretrain,gSHbRSAcN6Q,00007,-5.452618713908626,9.792
val,trainval,DnJHaveemUk,50002,0,pretrain,pMUv6UWkuWw,00013,3.67027623577809,3.968
val,pretrain,QhLLMBN57AU,00004,0,pretrain,v19OlWvdUSg,00005,-9.406572981864787,9.216
val,pretrain,0YeVt2kpSSo,00020,0,pretrain,ce31WjiVcY0,00010,1.320754278427593,17.152
val,pretrain,QhLLMBN57AU,00004,0,pretrain,p2MEGk5q1WI,00011,2.7716070633233887,5.376
val,pretrain,Xv2gHiX9Bqw,00006,0,pretrain,B4xOFsygwr4,00001,-2.703001507716893,6.08
val,pretrain,apbSsILLh28,00014,0,pretrain,qaue72D9pSI,00004,-3.7694038352803494,5.248
val,pretrain,OlLFK8oSNEM,00006,0,pretrain,asgdGSGQBgY,00012,-1.3752412738732804,6.4
val,pretrain,ZChEFOGSn8Q,00017,0,pretrain,v7UKkzIaSsQ,00047,8.327217153850924,3.136
val,pretrain,jSS03JfgHEA,00033,0,pretrain,jeOumyTMCI8,00035,-0.6336090314787324,9.024
val,pretrain,vg8WAv0YT9c,00015,0,pretrain,HfMhU6qjVVM,00014,-5.430705194787713,40.128
val,pretrain,0zbHnOcGbrw,00016,0,pretrain,23Uuehgmd14,00013,-5.910247550120678,7.296
val,pretrain,y9KeyKVuLHU,00007,0,pretrain,ok54sSWquT4,00037,8.500066933561708,4.096
val,pretrain,hgui64Kr0Go,00035,0,pretrain,W4zepOS7dgk,00011,9.31313806177144,4.032
val,pretrain,5s61n2MLGRQ,00002,0,pretrain,CHxhjDPKfbY,00003,-7.936951985788885,7.808
val,pretrain,DcKdClnpz4k,00026,0,pretrain,5aLiFw8CSEA,00007,-8.61482280062846,4.416
val,pretrain,5SOHiN8Ne58,00021,0,pretrain,7Mqse6SLOds,00001,9.427992337313157,7.936
val,pretrain,KZIGekgoaz4,00030,0,trainval,Fc1yN6uxZfQ,50016,-6.619029904645521,3.84
val,pretrain,u0VHC1SDOS8,00015,0,pretrain,0x2SkWRB8SA,00028,-6.622474313066149,7.36
val,pretrain,tJ8sXlSHrjM,00006,0,trainval,UGtFXtnWME4,50019,3.6724193693702407,3.328
val,trainval,3yfFwDq4R5M,50005,0,pretrain,MLyguFQR5N4,00017,-6.324648620138755,6.08
val,trainval,GDnYDLERnRE,50036,0,pretrain,nOHbn8Q1fBM,00009,6.550838138500211,4.096
val,pretrain,p2MEGk5q1WI,00003,0,pretrain,SC3DVeWT09w,00029,-5.934937366426505,8.768
val,pretrain,PiVB5niLrWg,00026,0,pretrain,1BSSXUntiLg,00004,9.37972044632177,4.736
val,pretrain,Mb8x6vLcggc,00001,0,pretrain,jT5rRh9AZf4,00007,4.5495277163175345,5.824
val,pretrain,VmP574ikRFs,00022,0,pretrain,8iQnrM3DkVI,00008,-1.1205090668445052,4.224
val,pretrain,XzZJuEDQ1a0,00004,0,pretrain,D089tSF9yUU,00023,-6.395796750345144,8.512
val,trainval,XYEChpVS04s,50010,0,pretrain,aSLSiIskEFU,00007,4.9760052727914825,3.712
val,pretrain,7SjWguOXVwE,00012,0,pretrain,2Yt6rajSS1M,00014,8.253296756868945,14.848
val,pretrain,V84bSWIlNA0,00009,0,pretrain,joyi6anTSFQ,00007,-4.798640472668165,4.928
val,pretrain,Chfoo9NBEow,00030,0,trainval,MAQihRikgZM,50001,-8.992241707925238,3.648
val,trainval,d0yGdNEWdn0,50008,0,trainval,zcMj4Az1MwE,50005,5.648653819077094,3.712
val,pretrain,2zvjW9arAZ0,00051,0,trainval,5sS3Yjh9Lw4,50004,-1.5643801987138382,4.928
val,pretrain,voLcX6SpF9g,00023,0,pretrain,1gAQ82IHyZ8,00022,8.880988348925506,5.248
val,pretrain,KQbTvFHymLc,00013,0,pretrain,EEjyPqyFeSs,00020,-6.115744582899357,4.032
val,pretrain,ezVk1ahRF78,00004,0,pretrain,QG4Z185MBJE,00032,-4.143015900067038,7.424
val,trainval,6MBaFL7sCb8,50038,0,pretrain,mMYhgTgE6MU,00017,5.192720422897615,5.44
val,trainval,tiWwrdMqvvM,50021,0,pretrain,eNC1h5H5cJA,00034,-9.041311167055854,2.688
val,pretrain,xfjZStWFxpA,00003,0,trainval,ST4JS67J0Y4,50003,-2.2217731165858057,2.048
val,trainval,cF2dhWWUyQ4,50005,0,pretrain,SSJkV8IzsZA,00017,7.259127656402885,5.696
val,pretrain,qKlzdSH2X9w,00018,0,pretrain,urntcMUJR9M,00040,-3.3905218778259982,3.84
val,pretrain,BCvzpm4d2gs,00009,0,pretrain,6kuCSIemiCs,00015,-1.0973509474068557,9.088
val,pretrain,UbVZ7rmDYrc,00020,0,trainval,DGulIdIS3XE,50011,4.65594683669403,2.304
val,pretrain,0sYguTPLpHE,00017,0,pretrain,LgBjU8ovWh0,00027,7.731148781893683,6.208
val,pretrain,jSOPQgPIdKg,00014,0,pretrain,6XS8TA4RBog,00008,2.371191056525932,11.776
val,pretrain,S9gAgInOV8w,00003,0,pretrain,ufUkAQOQaXU,00026,-3.9217833868117964,12.48
val,pretrain,vHhn7z6BA0w,00027,0,pretrain,P8GCjrDWWUM,00010,-7.077799041052706,5.056
val,pretrain,GDts2SbyuXE,00002,0,pretrain,Zx8uYIfUvh4,00039,6.639805917746667,4.352
val,trainval,jFG7jqJXbno,50010,0,pretrain,IfqdMoKVIR0,00014,8.720499458258189,4.608
val,pretrain,59SRn1SkWAA,00064,0,pretrain,16cMSRFid9U,00035,-9.701784790845807,10.048
val,pretrain,XgRlrBlS7Yg,00046,0,trainval,tVIaoQrnAxY,50001,6.060403850124338,5.696
val,trainval,cPL2FE7ZPTg,50013,0,pretrain,CEN4XNth61o,00029,5.075937321595788,3.264
val,trainval,gZlzCc57qX4,50004,0,pretrain,YraU52j3y8s,00064,-5.5798800961597355,6.016
val,pretrain,DLEbNRdqX0U,00014,0,pretrain,Pr57T0RaSjc,00015,9.129060220170672,11.008
val,pretrain,dk60sYrU2RU,00017,0,pretrain,mzu3ira61k8,00006,2.731242426737218,7.296
val,pretrain,mMYhgTgE6MU,00021,0,pretrain,iSpwUpdQdyY,00051,-3.234134219561275,4.736
val,trainval,aqhzFd4NUPI,50012,0,pretrain,UWKvpFZJwcE,00023,-1.2839579818958562,2.752
val,pretrain,ptIecdCZ3dg,00011,0,pretrain,hha0NsYXS5c,00022,1.5446768992011712,4.928
val,pretrain,3nsPcBJAdxI,00025,0,pretrain,kOPMqiKhoSc,00009,-5.1655225166187835,4.608
val,pretrain,CtvIX4s1bTU,00015,0,pretrain,IW8mHxAkOtA,00009,3.7871416620398968,3.84
val,trainval,7POkIJfbMyU,50021,0,pretrain,EZSf3Fc0ZRA,00029,8.22261313733096,3.008
val,trainval,sEOSCziWuP8,50002,0,pretrain,uaJSNRAkr5I,00007,3.951702875413856,2.112
val,pretrain,xpS7LMLkS5Y,00001,0,pretrain,x5LshSZn5RA,00011,8.737307664785913,5.504
val,pretrain,XRWTyUVh0BQ,00046,0,trainval,Zctk6MZaxMk,50004,-3.569523514936728,5.504
val,pretrain,ReCvreRPdeY,00002,0,pretrain,APgMXDjLcT4,00011,-4.194727709575236,15.936
val,pretrain,yVwAodrjZMY,00021,0,pretrain,zStF2WEZMSs,00010,-3.221194230225426,11.008
val,trainval,TexXAuRSe0g,50007,0,pretrain,Un2yBgIAxYs,00006,-5.925477582794521,2.688
val,pretrain,PUh5msG0rG8,00031,0,pretrain,BQOz6OVz1zc,00068,-3.1120572502769495,7.104
val,pretrain,9KACXVScWS4,00009,0,pretrain,evfgbVjb688,00012,4.116785221888959,6.848
val,pretrain,FXYFLK0KZio,00020,0,pretrain,mzu3ira61k8,00001,-4.039531334586989,10.112
val,pretrain,y7LXwGfvxwo,00028,0,pretrain,XSuZ6ukuz5s,00011,-0.8754441760345362,12.736
val,pretrain,Kn5JRgz3W0o,00016,0,pretrain,bLGTrz1Zolk,00006,-2.554038828142378,15.936
val,trainval,zuAj2F54bdo,50022,0,pretrain,4c1lqFXHvqI,00029,-9.80179782623038,2.176
val,trainval,F8bM8K7WSR8,50002,0,pretrain,sDfhSIKFGz0,00007,-4.076556031110055,3.52
val,pretrain,Qd5rAVHT6Vw,00006,0,pretrain,ARGkp6am3S8,00012,0.5991286718085078,4.096
val,pretrain,boSGZ3qSAys,00040,0,pretrain,HlnhCdujYco,00020,-1.2769108433536331,3.2
val,trainval,uP3pg3alCRw,50009,0,pretrain,wmE8dQcZgB4,00032,7.369968280661496,2.624
val,trainval,zISxg4JhSRk,50005,0,pretrain,NEW8RKyMDV0,00014,-8.643384346429176,4.928
val,pretrain,NXfYNdapq3Q,00028,0,pretrain,P8GCjrDWWUM,00010,-0.5231888038420163,5.056
val,trainval,Q0Uo05JoZQo,50022,0,pretrain,PNqu5BWeHDw,00002,4.076854798781193,2.176
val,pretrain,mLufqwmPl1A,00003,0,pretrain,iZRGUADAu2Q,00023,8.45878735130449,6.4
val,pretrain,r9DDE7NV1Nw,00006,0,pretrain,501FEzbB1JI,00006,-8.006501486701707,17.856
val,pretrain,YhG1Bgbsj2w,00040,0,pretrain,tX6YpAf6Sco,00017,-8.756295022874683,11.712
val,pretrain,Y350oOiunf4,00010,0,pretrain,9UbnOKC1ioU,00011,7.611323439927318,4.16
val,trainval,nnYhZCUYOxs,50001,0,pretrain,DeUDQo1sYAw,00021,-5.396802124916896,5.44
val,pretrain,VekRvcbL4yk,00039,0,trainval,tqf607N19Is,50016,-9.686619225985964,2.048
val,pretrain,V2PP3p4S4R8,00004,0,pretrain,KnFZpoplGQo,00025,-6.7521031637998234,3.904
val,pretrain,I9telSZCswM,00008,0,pretrain,AyWtIwwEgS0,00007,-7.507548468974504,12.096
val,pretrain,gyM6rx69iqg,00028,0,pretrain,aL00a3sfnYM,00017,0.392508403786195,4.928
val,pretrain,LgBjU8ovWh0,00027,0,pretrain,U2dHczVSCdo,00013,2.4010147154610006,6.208
val,pretrain,Sv36Vt9GmH8,00002,0,pretrain,eD9F5HdyKqU,00012,7.514305228294564,4.864
val,pretrain,aMkNASF9lwE,00010,0,pretrain,SK095wuESeE,00026,4.727221742077694,3.52
val,pretrain,OtNpDaQqNSQ,00016,0,trainval,ISjk9ni4XWk,50002,-8.460979621655243,6.016
val,pretrain,FJFxLQCo83U,00036,0,pretrain,V48M5jS6zdE,00040,-2.7290692749044876,8.576
val,trainval,QdAG161FeT8,50004,0,pretrain,NwmGTM5Py8Y,00008,-3.4588088943447826,4.8
val,pretrain,K8Dj0oSf1SA,00016,0,pretrain,Kk7kzUt3SLc,00016,0.9084504048740438,11.264
val,pretrain,Jk0AknXMXmc,00008,0,pretrain,vHhn7z6BA0w,00027,-4.467992162399339,3.776
val,trainval,iW4fCwfw1vg,50021,0,pretrain,G8cjIBwP52o,00048,4.511202591066185,2.752
val,pretrain,ro1Ksq5DihU,00004,0,trainval,gBkIyJ7kfSI,50024,4.259268207658643,2.56
val,trainval,F8bM8K7WSR8,50002,0,trainval,v22SdEMzxO4,50009,4.766384552369338,3.52
val,pretrain,04SEzifEsGg,00038,0,pretrain,2ZviHInGBJQ,00008,2.796435821272267,5.056
val,pretrain,HJqtUUDhaxA,00045,0,pretrain,eIho2S0ZahI,00021,-9.059296230793821,9.984
val,pretrain,IKZCw4xdESQ,00035,0,pretrain,m7SuKQGPMSw,00007,-2.958160437509088,6.4
val,pretrain,qm0isl11BfY,00022,0,pretrain,rRxdxIbSQbY,00019,-4.849256942874449,6.72
val,pretrain,6XNrzmh0EVs,00012,0,pretrain,ydzNAuqUAnc,00026,-7.617560451501088,13.056
val,pretrain,J10EaonNV2A,00017,0,pretrain,KNXOVpN8Wgg,00001,-2.5459173835384385,6.464
val,pretrain,jeOumyTMCI8,00017,0,pretrain,Zq7QPnqLoUk,00027,1.5425454093615585,7.296
val,pretrain,xTMZJvfzxGY,00003,0,pretrain,iW4fCwfw1vg,00022,1.6601290347427309,10.56
val,pretrain,WvvuLDX7iIk,00025,0,pretrain,csnxJFQw98k,00014,-3.6511235030724976,6.272
val,pretrain,AR6RiSHN7S0,00014,0,pretrain,EijI8QaExDg,00040,0.01979280382270865,10.688
val,pretrain,qbeLy3Dkay4,00002,0,pretrain,kSZEsPnhIXg,00003,7.9551626309516585,10.88
val,pretrain,KNXOVpN8Wgg,00009,0,trainval,I4fJPKSKbrA,50001,-1.897644634880706,3.136
val,pretrain,9y7YEmyzSDo,00017,0,trainval,gBkIyJ7kfSI,50008,-0.1082764856870444,2.56
val,pretrain,7s2CoqypMLg,00014,0,pretrain,XBaRdmEVy8s,00021,0.5352398522626167,4.16
val,pretrain,hVShA7g4Joc,00019,0,pretrain,4fyvDMFriRI,00021,-0.6046355755789286,5.376
val,trainval,TdBAHexVYzc,50003,0,pretrain,dSKkk618ax0,00012,-0.21914716766737286,4.224
val,trainval,HirySSCYiwI,50008,0,pretrain,ayOmOaXC0Z0,00021,-9.277259053910878,2.88
val,pretrain,asgdGSGQBgY,00012,0,pretrain,1SS2wOnkcSk,00019,2.8642732756554814,6.784
val,pretrain,LbIXYEW9CSQ,00021,0,trainval,bvAEJ8G9l9U,50026,-2.4397669852283643,6.08
val,pretrain,uQGYr9bnktw,00002,0,trainval,gJv1WdMUz0w,50007,-7.040853930727147,3.776
val,pretrain,WmJwn4WDeLE,00019,0,trainval,YO0lbdhF30g,50022,6.705874246953673,2.88
val,pretrain,2Shh4UkPVCc,00027,0,pretrain,mkdSXHXhCcw,00083,-5.308045205353706,7.552
val,pretrain,CQ6by9cmt54,00001,0,pretrain,tvos4nORfSY,00024,-6.921920868892595,12.16
val,pretrain,8meWY0W40OA,00003,0,trainval,qNvDRuGK84I,50001,-7.129357470543695,3.2
val,pretrain,OISOhvOumT0,00029,0,pretrain,r3afSFSG570,00001,-5.950674547329841,10.816
val,pretrain,iE7YRHxwoDs,00017,0,pretrain,fbU9l46Lz7c,00011,9.07966695392674,11.968
val,pretrain,JqokS3P1D9o,00021,0,pretrain,gZlzCc57qX4,00008,-1.474132186554364,10.368
val,pretrain,LPrS7Skx9Y0,00030,0,pretrain,SS3qnZrVy9o,00039,6.293434525645679,9.024
val,pretrain,SjSHVDfXHQ4,00002,0,pretrain,J6oMG7u9HGE,00010,6.6609709987735215,5.632
val,pretrain,7Mqse6SLOds,00017,0,pretrain,3B24RaqA33k,00017,-7.147973360780695,8.128
val,pretrain,UQkIbUvcs7w,00010,0,trainval,3PQrElyu9HY,50011,-9.185508927791204,6.208
val,pretrain,DLEbNRdqX0U,00014,0,pretrain,20adDr7Felw,00037,-9.519326546585912,10.112
val,trainval,kZP8KqrSbcw,50008,0,pretrain,zWxFhFZJDks,00010,4.06941845296879,5.824
val,pretrain,YVzSVEJa5Gg,00010,0,trainval,hcIpbUsIVKw,50001,-2.231503453143966,2.368
val,pretrain,Hh09xlzxRmE,00037,0,trainval,DBoShCrKfLQ,50010,-3.622194087609776,4.288
val,pretrain,K74JqctvM2g,00005,0,pretrain,zcMj4Az1MwE,00007,-0.8234783678906297,10.304
val,pretrain,UwtYQFSJSQc,00001,0,pretrain,50m48lpi4AU,00018,-7.299773573186781,6.08
val,pretrain,66Smr600NjU,00008,0,pretrain,Cd0JH1AreDw,00001,-3.7617422415197987,10.944
val,pretrain,y3jYVe1RGaU,00021,0,pretrain,PXMJobWlXks,00007,3.4295218819694018,6.912
val,pretrain,kWnsmzSSgdI,00028,0,pretrain,HS8y0WLm78U,00023,-6.7247653125903,5.056
val,trainval,bClWV3eeETA,50001,0,trainval,gWPFJgLAzu4,50001,0.623181799753528,3.136
val,pretrain,RFArUQAQ4UU,00001,0,pretrain,VPweEhht9y4,00014,4.8756149974482295,44.096
val,pretrain,SK095wuESeE,00030,0,pretrain,DhSoIwxWkkI,00018,-4.237516337072071,4.736
val,trainval,uo7w3g24DWo,50007,0,pretrain,UxLRv0FEndM,00032,8.73151676042729,3.136
val,trainval,7Iv2nZnZOrM,50014,0,pretrain,SCEKKHyxgaw,00017,-3.982495181619159,5.632
val,pretrain,9X68dm92HVI,00019,0,pretrain,hj7wkh6nONE,00018,-0.29355255084249343,26.176
val,trainval,bSiGZPtWXzE,50012,0,pretrain,bvAEJ8G9l9U,00048,7.977715603092072,3.84
val,pretrain,AIfwFLDXFyQ,00013,0,pretrain,mQOOgDqUta0,00016,-0.433535704605033,6.976
val,pretrain,xlggecnjOY0,00011,0,pretrain,5pIGDw18mIQ,00025,4.949299872592714,6.4
val,pretrain,AR6RiSHN7S0,00025,0,trainval,mkdSXHXhCcw,50002,7.223951120741713,3.136
val,trainval,ZBg5QvcZQP8,50010,0,pretrain,LWULB9Aoopc,00056,7.802896556553499,6.08
val,pretrain,iISw251TIgw,00015,0,pretrain,Let7s6SPgEU,00020,-7.333585818627368,3.84
val,pretrain,04SEzifEsGg,00019,0,pretrain,2l0sZrrWlrU,00008,4.259302354793908,6.656
val,pretrain,MoSmgcxGYYE,00008,0,pretrain,uHnqvhWQMV0,00016,0.9703009674431247,2.496
val,pretrain,EZwxKPv1CwA,00070,0,pretrain,potB0voQzNg,00055,2.982239472589603,6.848
val,pretrain,Wgt8QUHQjw8,00033,0,trainval,uKByBgqxOw4,50005,-6.365694547722979,5.696
val,pretrain,cotBM0laSSo,00020,0,pretrain,VfKWd7iXMSo,00005,-8.887894155101598,5.312
val,pretrain,4ShLkgv6LSk,00007,0,pretrain,ofjRnIpXBF0,00017,-6.207939449869267,10.368
val,pretrain,03h0dNZoxr8,00009,0,pretrain,Y7QaqazOvSA,00019,-8.639948466458865,3.392
val,trainval,GOZOhpxSAFI,50021,0,pretrain,8woKcr7uSYQ,00007,5.560781656172324,2.176
val,pretrain,WvvuLDX7iIk,00050,0,pretrain,v7xAZ2lrel8,00021,-2.9142387223031507,6.848
val,pretrain,YJ5VS3GAucc,00010,0,pretrain,a3im2S5mQCM,00007,8.567142355598033,7.616
val,pretrain,7Mqse6SLOds,00012,0,pretrain,n4YcornnWFI,00006,-1.3136072002118642,4.416
val,pretrain,7A66iZQXNh4,00022,0,pretrain,4fyvDMFriRI,00007,9.301325384918744,4.288
val,pretrain,DSbtkLA3GrY,00003,0,pretrain,VekRvcbL4yk,00044,1.8953733684709295,3.968
val,trainval,JD4O7ama3o8,50012,0,pretrain,YWBwsS3lkXU,00011,-9.094796159961675,2.816
val,trainval,j7RsRnYlz7I,50002,0,pretrain,y9ALB39wRKo,00024,-3.5162110330896557,5.696
val,pretrain,hbG89FYKzaY,00013,0,pretrain,Yn9fTcSWMbo,00028,-5.892380377322388,9.216
val,pretrain,Tg35UfOJhe4,00029,0,pretrain,F0ofeD8VKMA,00041,-4.7787546656654545,5.888
val,trainval,QfODW06Qi8E,50014,0,pretrain,tvos4nORfSY,00018,-7.028608499329856,5.568
val,pretrain,VjQ3ufqnfSM,00019,0,trainval,7SRGn75JcZ8,50013,-4.502816840117512,3.52
val,pretrain,IWjzT2l5C34,00048,0,pretrain,QWN5xhV6v1U,00025,-9.18724298657846,6.336
val,pretrain,DUd8XAS5HEk,00032,0,pretrain,2PR51JQkib4,00012,4.608460888553891,8.768
val,pretrain,B0YSGU3JqiQ,00022,0,trainval,fYUaWgVF2XA,50006,-8.25437120285442,6.08
val,pretrain,HoyNrlMNBvw,00014,0,pretrain,gypAjPp6eps,00017,1.49841833521063,6.336
val,pretrain,SwiaaqKdtjw,00010,0,trainval,8SAWKDRHZuw,50012,2.0022270404188625,6.144
val,pretrain,9EglK8Mk18o,00037,0,pretrain,AhSSmLEMgis,00017,0.20602438615433982,10.56
val,pretrain,R7beBKnH9u0,00026,0,trainval,OF5VVrsnpzo,50012,7.557609637122585,4.16
val,pretrain,STsOdmkH5fI,00020,0,pretrain,dY9f9bFctUE,00042,-1.9927718397923755,4.8
val,pretrain,CGksAjzI0go,00057,0,pretrain,ygKNRnz7q5o,00004,-3.276610410564773,19.648
val,pretrain,r9DDE7NV1Nw,00012,0,pretrain,YPLGuwXomYQ,00002,7.527972989792065,4.544
val,pretrain,kjmsb9pDrF0,00025,0,pretrain,5vXRgT6egSU,00027,1.834907745943175,9.6
val,pretrain,U23gPSGhW1w,00007,0,pretrain,zORUUqJd81M,00011,-8.53061651660581,4.288
val,trainval,0UmUgaJwEr0,50018,0,pretrain,E0M1beV91js,00018,-4.907524070128897,3.776
val,pretrain,iW4fCwfw1vg,00010,0,pretrain,CfqO1U6lfDs,00023,3.389319829444922,6.656
val,pretrain,mWfCqsFP05A,00019,0,pretrain,JvIbrDR1GSc,00010,7.16343186103391,7.168
val,pretrain,m048uAa8L3k,00013,0,pretrain,Sx4Gsh0r9HU,00005,8.208617908366822,2.944
val,pretrain,PCupHgKGCcY,00016,0,pretrain,gh5VhaicC6g,00003,8.953121490125561,5.056
val,pretrain,40ieXxoJwZw,00017,0,pretrain,FSS4Kv6MlG0,00003,-1.8482045590755547,7.04
val,pretrain,wyhF7q3Sbpk,00001,0,pretrain,Rz8m1yDE0ms,00003,2.9955532202980546,8.192
val,pretrain,OSGHRMKrVM8,00007,0,pretrain,xMS9HlSSLSA,00006,4.672502317010711,5.568
val,pretrain,Mb8x6vLcggc,00007,0,trainval,G8w4UQL6aI0,50005,-9.438769061021745,3.136
val,pretrain,4c1lqFXHvqI,00001,0,pretrain,odIXWv1m2a8,00014,-0.2997777276792757,3.328
val,pretrain,rEgSZNB3qyI,00009,0,pretrain,cf3zxHuSM2Y,00026,4.770868826303488,3.712
val,pretrain,1lUAhRSACKQ,00002,0,pretrain,b81YwSOs8RM,00021,3.565569653820919,4.672
val,pretrain,M3fGS0tZDB4,00020,0,pretrain,xpfxVRBddNQ,00012,4.42066149024139,14.272
val,pretrain,RlToQQfSlLA,00013,0,pretrain,iE7YRHxwoDs,00010,-4.887931155170158,4.672
val,pretrain,vGzBcBZrOSw,00018,0,pretrain,PXBjQ7bc6PY,00022,7.379455110740615,9.536
val,pretrain,A9UmdY0E8hU,00007,0,pretrain,Z7CtKDNf2RI,00018,3.664516715982087,3.008
val,trainval,j7RsRnYlz7I,50002,0,pretrain,Fc1yN6uxZfQ,00055,-3.287392319993783,5.696
val,pretrain,DSbrTiSwyLk,00005,0,pretrain,fYUaWgVF2XA,00001,4.858684662689692,8.32
val,pretrain,DgofaSv4MA4,00003,0,pretrain,9AgCr2tTvng,00015,-5.372970112831257,6.08
val,pretrain,twWkGt33XSk,00008,0,pretrain,nLtUl2CP8ak,00060,8.154830694641234,2.432
val,trainval,GDnYDLERnRE,50036,0,pretrain,LhjsRjC6B8U,00009,-1.5588518628311103,4.096
val,trainval,YL1XwfyaS00,50007,0,pretrain,Ogce5D2XMZ0,00012,-0.4836451695883248,5.76
val,trainval,2m9kC1yRnLQ,50003,0,trainval,QOjVk3cQFB8,50005,-6.313134292155464,3.648
val,trainval,ouXGIw7gBmk,50009,0,pretrain,zSWppsceZ1c,00022,7.660978700112494,6.208
val,pretrain,Bc2wVyl8RLI,00040,0,pretrain,57FMau29OSg,00028,-1.0546285584681137,8.832
val,pretrain,nQcgD5DpVlQ,00031,0,pretrain,lkVYV2P8dQE,00001,0.5845709946414619,5.248
val,pretrain,MiOVX7qKQ24,00019,0,pretrain,LNHBMFCzznE,00022,1.5447080187148128,6.336
val,pretrain,mS8tQSTYLgk,00005,0,pretrain,znO7UHpxgTI,00024,3.7639350779802783,11.328
val,pretrain,DzWjaWFLjgg,00003,0,pretrain,iNtNP6LGek8,00007,-2.519030567256886,2.56
val,pretrain,y9Trdafp83U,00028,0,pretrain,Possj5cXEnM,00009,-5.506137350901263,3.904
val,pretrain,QvSZ1MtaXME,00004,0,pretrain,qaue72D9pSI,00003,4.412648003400179,7.808
val,pretrain,7ZW8SLQftnY,00022,0,pretrain,ZSRaJIMYSMs,00013,9.928127399998612,18.816
val,pretrain,vXTFLMmOKV4,00003,0,pretrain,1gTNgijhKzw,00004,-7.548093982195148,4.544
val,pretrain,cotBM0laSSo,00044,0,pretrain,a4PUlSHZvf8,00001,7.242248109319348,6.144
val,pretrain,lrZ2DJzbYYo,00013,0,pretrain,G8cjIBwP52o,00034,0.8530104556401401,4.48
val,trainval,ygKNRnz7q5o,50018,0,pretrain,YmRKlZEXVQM,00032,-1.3309842750835283,4.032
val,pretrain,31iuh9pfFwg,00028,0,pretrain,MSZS1wnjfhY,00039,3.1784741701471635,6.976
val,pretrain,tNKdc6Lxcvo,00012,0,pretrain,lbIh6yngKHo,00012,-3.360778316139408,22.08
val,pretrain,mwrLVvORugw,00008,0,pretrain,NEC7TiHoxvI,00014,6.214223628805044,3.904
val,pretrain,S2uSeHHzRto,00029,0,trainval,lqbLSUhhyPk,50001,-2.3912960311272276,4.032
val,pretrain,UzuUljhS9uI,00011,0,pretrain,7jx0dTYUO5E,00019,-5.39426300792149,4.736
val,pretrain,xbagFzcyNiM,00002,0,trainval,79zra755WgA,50010,-5.194501611015956,5.248
val,trainval,pcSlowAhvUk,50001,0,pretrain,S4XXhSwYASk,00022,-6.315208314797478,2.496
val,pretrain,dwU8eavPInw,00043,0,pretrain,5nys6iebjHw,00034,-1.1243576633834529,6.592
val,pretrain,EijI8QaExDg,00039,0,pretrain,cdpIwjTtLlg,00030,0.8310378348977832,9.216
val,pretrain,fSRWTyY2YSM,00013,0,pretrain,vSONFixSe4k,00019,2.2973898247622433,5.76
val,pretrain,Zx8uYIfUvh4,00030,0,pretrain,jJMBwqhD9DE,00007,5.870411353192962,7.296
val,trainval,YJM6WUNDnhA,50001,0,pretrain,mkdSXHXhCcw,00064,6.560401528045798,3.072
val,pretrain,tRjqFPwcJgY,00011,0,pretrain,iNOE0dZpHcY,00066,8.881674767794724,7.744
val,pretrain,uHRG3Vr9qyI,00008,0,pretrain,nVEvzeIXbpk,00005,-3.3212871962636843,8.256
val,pretrain,sPQViNNOAkw,00044,0,pretrain,Fc1yN6uxZfQ,00036,-7.138635098736266,6.976
val,pretrain,TWPahtyJDsI,00032,0,pretrain,5pIGDw18mIQ,00011,3.9753437868943013,4.224
val,pretrain,rufeSSlZJg8,00022,0,pretrain,sHJZRPWXQ9s,00029,9.322248111257878,8.576
val,pretrain,4wOxJOPnSUg,00049,0,pretrain,iclWthSVvBs,00013,6.124806504103081,9.92
val,pretrain,imhUmLtlZpw,00016,0,pretrain,Z5TUpNZqjM8,00002,-7.109083016516582,3.776
val,pretrain,EBebWBjpWIQ,00024,0,pretrain,M4soSZ9aSu0,00003,-2.5556294628725578,6.592
val,pretrain,SQB9zNWw9MA,00030,0,pretrain,szU2S1infqc,00005,-6.841921378048122,9.472
val,trainval,CGksAjzI0go,50012,0,pretrain,0HYakD8XQ88,00012,3.056657997306864,5.824
val,pretrain,jsZDlBU36n0,00014,0,pretrain,IkJSZGQaeak,00004,-8.936712232598506,3.52
val,pretrain,KVhWqwnZ1eM,00001,0,pretrain,H3TFShI7zKc,00013,7.212158162496575,5.952
val,pretrain,3f6xCzKx9CA,00011,0,pretrain,GigYWy2UmOY,00015,4.692408701851088,17.664
val,pretrain,OSz2v42F0E0,00008,0,pretrain,yDYCf4ONh5M,00004,-4.10996885894134,3.584
val,pretrain,LS6TWtYWaPA,00021,0,trainval,UUqr4P7P3gM,50027,6.66430120271151,6.08
val,pretrain,TWPahtyJDsI,00042,0,pretrain,IGadg8xHVPI,00016,-7.167119023007842,2.496
val,trainval,4bHO8NZwmIg,50005,0,pretrain,IMjn62naclM,00031,-6.263739967637807,3.52
val,pretrain,seARHjX8Ssg,00017,0,pretrain,MbdxeFcQtaU,00024,8.352926074106325,9.728
val,pretrain,w2itwFJCgFQ,00009,0,pretrain,sBsuIAscshE,00009,6.9123962911985934,4.864
val,pretrain,JmCtZzSRztQ,00013,0,pretrain,Sttw2PxncIE,00010,-1.0634811061448524,4.608
val,trainval,4yyPSZSGLOI,50014,0,pretrain,EluxCgnQVzg,00005,0.5706844064947951,3.264
val,pretrain,d6KSsePuFAo,00005,0,trainval,VC3H1lMEeS4,50024,-0.009102312841882565,4.032
val,pretrain,7ShFmRzffOg,00004,0,pretrain,08ZWROqoTZo,00007,9.04725100718792,4.736
val,pretrain,JLLpWtHbMAo,00030,0,pretrain,DLccHLwdS6Q,00012,-0.7715003557417539,7.296
val,trainval,4BZuWrdCS9Q,50003,0,pretrain,59SRn1SkWAA,00018,8.974418770064055,2.304
val,trainval,upNONoxskiw,50004,0,pretrain,cpsRAk5HpK4,00012,-7.633871547117133,4.736
val,pretrain,Sm5xFSUYgdg,00007,0,trainval,G1RRbupCxi0,50007,-4.5216003664131605,6.08
val,pretrain,7CIq4mtiamY,00010,0,pretrain,RmXiItk49Gw,00009,-6.959493410183386,6.528
val,pretrain,7n9IOH0NvyY,00031,0,trainval,eRQdAOrqvGg,50010,7.00362603350079,4.736
val,pretrain,qaue72D9pSI,00004,0,pretrain,eMMKxVcxjrI,00007,-2.993492410379317,5.248
val,pretrain,OaGk5BSO0Pg,00003,0,pretrain,vzi4AopBEBg,00005,7.720040059310563,3.072
val,pretrain,SPSq3cW672s,00031,0,pretrain,jSdBXFkQ3S8,00007,-3.6899379820747775,5.568
val,pretrain,TOyygXMkWGQ,00003,0,pretrain,asSNPOU5U3c,00012,9.043279119486524,11.904
val,trainval,w96osGZaS74,50007,0,pretrain,v2jSfxnRPSE,00026,-4.689330994608547,4.608
val,pretrain,ema8O7xqjvk,00021,0,pretrain,tFX1nQLZUVM,00006,-8.314979314333836,6.72
val,pretrain,o3oDpCb7VqI,00035,0,pretrain,R7beBKnH9u0,00030,-5.638325011107474,8.64
val,pretrain,LS6TWtYWaPA,00008,0,pretrain,cWCSzDdF74s,00028,-6.424658089109214,4.48
val,pretrain,Cr1usGUSuL4,00022,0,pretrain,raCIUeGUr3s,00045,-4.926990166396408,7.168
val,pretrain,7H0USvVSfhU,00027,0,pretrain,TzNSuIVkfjg,00008,-2.408605820963439,3.776
val,pretrain,mMasmrJOmEo,00011,0,pretrain,t9c7aheZxls,00029,1.1499248196645606,4.288
val,trainval,2NENlXsW4pM,50012,0,pretrain,ndAHAjgquwk,00017,0.3079011012624573,2.112
val,pretrain,PXMJobWlXks,00013,0,pretrain,bxkslfQc0EA,00027,-8.829025300802062,5.056
val,trainval,SFW0TEFKCxk,50003,0,pretrain,ofsncCF9OSU,00040,8.015667296505935,2.688
val,pretrain,SRSJX0qRVSw,00003,0,pretrain,7PRp8j75o6Y,00010,-8.242903571752002,4.096
val,pretrain,nshZ0SMsn9s,00015,0,pretrain,y5nbWUOc9tY,00009,8.590299131734898,8.768
val,pretrain,jE1j5Om7g0U,00018,0,pretrain,oAl82gFMZis,00012,2.253504523647237,3.648
val,pretrain,STsOdmkH5fI,00014,0,trainval,zwjLQgNd7XM,50011,7.141511511888247,2.432
val,pretrain,FX6j9jPF8Ss,00009,0,pretrain,drXnDLHKKPM,00030,-0.4224904353843968,11.264
val,pretrain,Lp5Ccer5NM8,00017,0,pretrain,hrpwRdijvCM,00024,2.173955705846552,16.448
val,pretrain,5RAJvzV9jSo,00001,0,pretrain,JDDGhGiaAZU,00006,4.231238404869311,11.52
val,trainval,ktOeFgmdIAo,50007,0,pretrain,Uwl012o8P7I,00022,-0.3286316983252906,6.208
val,pretrain,LhszKevcH30,00013,0,pretrain,8C2t8P809x8,00005,2.7136806428551203,6.72
val,trainval,2AZwSkHTkCU,50003,0,trainval,PSggxpMY9q0,50002,5.678157403063873,2.048
val,pretrain,gniDHWq0RSQ,00019,0,pretrain,Wtp7R97jz5k,00013,8.187478544226355,2.88
val,pretrain,r3afSFSG570,00006,0,pretrain,jVcaTtJmRNs,00003,-9.868553263686632,5.312
val,pretrain,zSXchYY3bnU,00009,0,pretrain,l5ZJ6bK1EIc,00007,7.809545549116926,5.568
val,pretrain,pWaxi4H2xPU,00001,0,pretrain,xbagFzcyNiM,00003,3.929941343483563,4.928
val,pretrain,FD5ZKiSmoMU,00007,0,pretrain,zXSrqdSohyA,00008,-5.124604905338086,4.288
val,trainval,CHxhjDPKfbY,50002,0,pretrain,4Rtfi4MSafA,00033,-4.740022209528981,6.144
val,pretrain,0FOlwct8k9M,00001,0,pretrain,DKISYPEF0Ls,00017,-1.1109974886527585,11.2
val,pretrain,q9Ou0cj3fF8,00034,0,pretrain,UJ7QaCFbizo,00024,-6.332223638833758,18.944
val,pretrain,LKAhTELkOV8,00008,0,pretrain,eRQdAOrqvGg,00032,8.663107304389893,5.824
val,pretrain,Zctk6MZaxMk,00013,0,pretrain,2Num0P3H7lU,00001,-6.348371064727793,6.72
val,pretrain,A4KMN9W4pRs,00003,0,pretrain,1joQ8ZhX2o4,00005,6.171583733515213,6.528
val,pretrain,XSuZ6ukuz5s,00010,0,pretrain,gzcwS02ZB1o,00028,-8.259406859208415,4.928
val,pretrain,31PyAjy6Nl0,00020,0,pretrain,Y81rCiw1LPY,00003,8.185559182879228,4.608
val,pretrain,lGbuCmuTJHg,00010,0,pretrain,d3B541KM3q4,00002,-9.857346968727699,4.736
val,trainval,G8w4UQL6aI0,50005,0,pretrain,fwm3azuoLr4,00013,6.410071505924915,3.136
val,pretrain,QxkxcsrveLw,00005,0,pretrain,sYySLEdYr8A,00017,-2.6534130390111503,4.928
val,trainval,PJUIXSpLoVk,50005,0,pretrain,9vKRj9yV8pI,00029,7.207251713835561,2.816
val,pretrain,Ligs82S0qN8,00014,0,pretrain,UJ7QaCFbizo,00022,-4.76832713390801,7.232
val,pretrain,ysln0YyjUok,00005,0,pretrain,fw30yjccnD4,00011,4.4775575276851,14.528
val,pretrain,XgRlrBlS7Yg,00053,0,pretrain,1HIxnTruN78,00005,7.567173440936234,3.712
val,pretrain,7p4zw4SqgUw,00010,0,trainval,H50eCfpquBI,50003,9.764298030612622,6.016
val,trainval,J6SSCMhcCfQ,50006,0,pretrain,85bqT904VWA,00031,8.598466788733802,5.952
val,pretrain,KvQRF6PKojA,00007,0,pretrain,y62pJTJkfbg,00016,5.030744719255367,7.68
val,pretrain,LH8MPbFoRjw,00025,0,trainval,sEOSCziWuP8,50003,-9.42590831608426,3.072
val,pretrain,JC7WnzM2Lsc,00001,0,pretrain,cHSQGnhdSi4,00020,-7.49107912718157,11.2
val,pretrain,gLgNjywpKsY,00004,0,pretrain,2Ikka0W3Wk8,00005,3.078538894532837,4.16
val,pretrain,SI3e6Mkfp7M,00004,0,pretrain,iRsCUJxIrVM,00002,-1.3330301573459664,7.68
val,trainval,IDSSieLCmS4,50018,0,pretrain,gK2AkxzFeDM,00025,-4.4003994872559975,3.392
val,pretrain,urKhVssiygA,00006,0,pretrain,6LmPq7DSds0,00004,-6.865983023425002,4.352
val,pretrain,HNOnvp5t7Do,00023,0,pretrain,4VDYo4k3xKk,00012,-2.8694812251149093,12.864
val,pretrain,4bHO8NZwmIg,00018,0,pretrain,cxGWGohIXiw,00015,-6.710033560869178,3.648
val,pretrain,deT1mILtFEY,00007,0,pretrain,FktsFcooIG8,00018,-6.671484953136122,35.968
val,trainval,lwcvhh4pLjE,50005,0,pretrain,kOPMqiKhoSc,00037,-5.608890840172009,3.84
val,pretrain,vIgWMzdgweI,00005,0,pretrain,KP5mzWDH4b8,00003,-8.768783788508587,6.784
val,trainval,lYdk1NK9Sr0,50021,0,pretrain,UiosQf4GqnQ,00006,-2.773596757902639,3.712
val,pretrain,5iqZzi9mj4M,00033,0,pretrain,VynSxLrtZaY,00025,-4.593704952911732,9.984
val,trainval,20adDr7Felw,50002,0,pretrain,7XFLTDQ4JMk,00003,3.6023320359650697,3.456
val,pretrain,l141Mauo74A,00002,0,pretrain,MAQihRikgZM,00030,-9.563232665588998,11.84
val,pretrain,7Xmr87nsl74,00003,0,pretrain,N9HF8mMe2pU,00007,-4.932251853165342,3.968
val,pretrain,u9GEmyZ8B3Q,00005,0,pretrain,2lJvr5UL2pQ,00003,-7.408325294805325,3.584
val,pretrain,QuaIMgzIOn8,00023,0,pretrain,ut5STVLAFDc,00011,-2.8668488984346086,11.648
val,pretrain,46wWjKTn4Ac,00006,0,pretrain,cWpRxyqDgpM,00009,0.2568475461769282,5.504
val,pretrain,SCEKKHyxgaw,00004,0,pretrain,t9EuJ9QlikY,00003,5.3837233803938656,9.92
val,pretrain,be03wdS5Klc,00017,0,pretrain,LlQXs0yofMs,00035,-3.978922877847653,8.512
val,pretrain,c73Q8oQmwzo,00019,0,pretrain,ab9rJPjU4RM,00005,-4.950196994648445,4.032
val,pretrain,VYU25aJpg5o,00021,0,pretrain,30kPKxGuHLA,00005,-1.9083218577537941,8.448
val,pretrain,ay8OMOsf6AQ,00020,0,pretrain,pz1TDXKSTHc,00026,-3.1956182381508196,8.96
val,pretrain,yDYCf4ONh5M,00034,0,pretrain,7p4zw4SqgUw,00008,9.507738422111352,3.648
val,trainval,P3fIZuW9PSM,50006,0,pretrain,qu7ZpWecIS8,00037,-5.88821882788687,2.432
val,pretrain,ue4L8kmaKXQ,00002,0,trainval,dsT5eVSm7BA,50004,6.741724553060806,3.008
val,pretrain,kOPMqiKhoSc,00042,0,pretrain,I9weytKalQQ,00006,-2.872497753154029,4.416
val,pretrain,gmSsyvrI2Xw,00019,0,pretrain,eJb3Z2RmRMo,00016,9.697976305979445,4.544
val,pretrain,Sid0oc0w3mQ,00010,0,pretrain,X41iulkRqZU,00005,9.117654645642471,7.808
val,pretrain,cC0KxNeLp1E,00031,0,pretrain,b64qvG2Jgro,00012,-6.670757771500528,5.184
val,pretrain,S7SXH1CBzGw,00001,0,pretrain,aSLSiIskEFU,00015,-0.430793246824976,4.224
val,pretrain,fgfQLTIhi1U,00028,0,pretrain,N9HF8mMe2pU,00018,7.480900501054478,5.376
val,pretrain,2SlbsnaSNNM,00002,0,pretrain,twG4mr6Jov0,00026,-7.24945801620275,6.72
val,trainval,j7c9b9A2AHc,50009,0,pretrain,8meWY0W40OA,00003,-9.32133011731687,2.56
val,pretrain,TT6qWghHkFI,00011,0,pretrain,lkVYV2P8dQE,00030,4.807998273949472,4.352
val,pretrain,UROCz70tlMY,00018,0,pretrain,2ZviHInGBJQ,00033,-2.033905008212658,3.584
val,pretrain,Bqx8abrSIYo,00020,0,pretrain,yJJtRWFLSgw,00002,0.12721897061137,3.2
val,pretrain,6StqiaPoS2U,00011,0,pretrain,JSswZaKN2Ic,00014,6.556113660960335,5.952
val,pretrain,uaJSNRAkr5I,00008,0,pretrain,c2tOp7OxyQ8,00025,4.98230493987014,4.16
val,pretrain,jh7TYJHec2s,00009,0,pretrain,UyQIKwSPZGM,00002,4.833733593132433,4.48
val,pretrain,PlQ3VdvvTvE,00014,0,pretrain,J9PgY1mbPgM,00023,-3.306122315640849,9.024
val,pretrain,7SfQLQ7eyA8,00007,0,pretrain,MacRhth2lMM,00011,-1.1324676241920244,14.016
val,pretrain,e450FJaS3no,00002,0,trainval,bbFF5n7S930,50007,7.021997964823218,3.008
val,pretrain,86xSuStz0MA,00016,0,pretrain,doVRMBPUOhA,00002,2.2026828314340214,6.784
val,trainval,tpH2fhwCzSM,50001,0,trainval,G1RRbupCxi0,50019,-7.174218476472407,5.888
val,pretrain,3E7hkPZSHTk,00014,0,pretrain,K8Dj0oSf1SA,00015,8.18533944023913,12.928
val,pretrain,eyq2Wo4eUDg,00009,0,pretrain,ilMwoEdqMTs,00008,-0.8382730282791755,6.976
val,pretrain,NXfYNdapq3Q,00031,0,pretrain,jeOumyTMCI8,00035,-8.528658023061572,9.024
val,pretrain,SyjbDUP1o0g,00003,0,trainval,iueVZJVEmEs,50009,0.3723540641540879,2.816
val,pretrain,5d4ZEgZU9Aw,00005,0,trainval,4sg9TlsMRVA,50004,-6.438218757044423,2.176
val,pretrain,LhszKevcH30,00022,0,pretrain,FauPVZxDXxk,00004,1.1754879291341052,3.136
val,pretrain,sPQViNNOAkw,00044,0,trainval,0iTehgSOZ8A,50022,-5.972674935355611,5.76
val,pretrain,iwlSPe0FbSg,00016,0,pretrain,EijI8QaExDg,00037,-8.149057899996908,6.784
val,pretrain,JDDGhGiaAZU,00037,0,trainval,Fb2J5eDoFko,50015,5.227411126029809,6.208
val,pretrain,ziGD7vQOwl8,00010,0,trainval,2SlbsnaSNNM,50002,-5.397590569614756,4.544
val,trainval,88SlA2EZxtY,50007,0,pretrain,V2PP3p4S4R8,00010,4.549448202755773,3.072
val,pretrain,YuEm03Ko0J8,00034,0,pretrain,IKZCw4xdESQ,00014,9.836105519994852,3.84
val,pretrain,70uaS1e9YN0,00008,0,trainval,BSxI3YxAPW4,50017,-8.188285407085864,2.24
val,pretrain,ISjk9ni4XWk,00007,0,pretrain,V2PP3p4S4R8,00010,-3.6533272706986075,4.608
val,pretrain,2NHV4AzSEzY,00019,0,pretrain,lxovD2LQVUQ,00013,-4.008211694828637,9.536
val,pretrain,dhMoQrLEJe0,00018,0,trainval,LizFrxTK5Qo,50003,-4.474161153385907,2.24
val,pretrain,ouXGIw7gBmk,00042,0,pretrain,c2tOp7OxyQ8,00027,2.076355298564355,4.288
val,pretrain,sPQViNNOAkw,00008,0,pretrain,Kk7kzUt3SLc,00021,6.6549949977079805,11.392
val,pretrain,TvW4yugCPZo,00007,0,pretrain,akOe5SUsQ2o,00035,8.974187023181738,3.84
val,pretrain,breDQqrkikM,00023,0,pretrain,1gAQ82IHyZ8,00030,-4.3046857452537,8.896
val,pretrain,lhP52caGW6s,00001,0,pretrain,AK9OBSx77S8,00016,-0.696493175842507,13.632
val,pretrain,EL9TBKSdHXU,00016,0,pretrain,Y4xCpqVaS6I,00008,1.5655175961885366,6.08
val,pretrain,potB0voQzNg,00048,0,pretrain,x7I5BWWS0c8,00006,-5.0490364914849994,5.248
val,trainval,W8OiVZrAj4c,50014,0,trainval,UwtYQFSJSQc,50007,-1.9346843607314579,5.248
val,pretrain,erg8sDIYjmw,00013,0,trainval,vwhSTukb07U,50005,-5.64853898481251,6.08
val,trainval,jSOPQgPIdKg,50035,0,pretrain,BMcduh1HEHA,00025,-5.101052234098232,3.968
val,pretrain,AhKevstJyrc,00023,0,pretrain,7Oe11XnBvA8,00024,4.659798654865403,4.8
val,pretrain,oXSyMUeAEec,00006,0,pretrain,2EeqUSQMjbw,00012,-8.292440341917724,5.888
val,pretrain,tFGCB51xb6U,00018,0,pretrain,nOHbn8Q1fBM,00025,-0.17899351919575146,7.936
val,pretrain,yXTtHmj1sr0,00022,0,pretrain,MEDgtjpycYg,00027,7.717690630477588,6.976
val,trainval,WSsjBMSWSYE,50003,0,pretrain,2jTdZSPBRRE,00020,0.14492750459933035,2.816
val,pretrain,LI8ix9IghkY,00014,0,pretrain,vVsXO9brK7M,00013,1.7409907009289967,10.752
val,pretrain,8zj8HJntlP4,00008,0,trainval,esugL07XANg,50021,-2.105131420723046,3.84
val,trainval,eqDgt12m26c,50028,0,pretrain,CsECS5qsGLs,00008,-5.188202049642094,5.44
val,pretrain,zMAU8SY8pMs,00014,0,pretrain,BltRufe5kkI,00008,-8.422664625466487,6.848
val,pretrain,VoCOzuWOgSY,00024,0,pretrain,gCWeVYCcKXw,00024,-0.04861059582064797,8.448
val,pretrain,IDqMB6C1uys,00003,0,pretrain,HJYDwS09coE,00019,-3.755469831547389,14.656
val,pretrain,14rYeATuCqQ,00022,0,pretrain,X55qpYxwoO4,00024,-2.2956446725481676,7.808
val,pretrain,lUO0xDSJQVI,00013,0,pretrain,dE1DuBesGYM,00064,-9.148378789043468,4.672
val,pretrain,F1Kml3zuTco,00007,0,trainval,SYwvyjIDk80,50003,9.895605308744877,3.968
val,trainval,G1RRbupCxi0,50023,0,pretrain,9KaMufF0rAY,00012,0.8654786380603561,5.44
val,pretrain,xlggecnjOY0,00006,0,pretrain,qS7zAkwAOYg,00001,7.442230577097398,8.768
val,pretrain,Lh9lDWPMWrM,00020,0,pretrain,w7T7KSNJ8m0,00012,-7.108485355026426,4.736
val,pretrain,VUT6GQveD0E,00023,0,pretrain,raCIUeGUr3s,00045,5.4047127428338015,6.016
val,pretrain,AQa3kUJPEko,00008,0,pretrain,T7ibjISKSdY,00041,-1.9796037588125515,12.608
val,pretrain,BMDSPhk7JSY,00033,0,trainval,p4tffKWs3BM,50003,7.752372593351442,3.52
val,pretrain,tVIaoQrnAxY,00019,0,trainval,LWULB9Aoopc,50007,-7.355843314876025,5.568
val,pretrain,TPA0qoemShQ,00008,0,pretrain,oEIYHTlbeLA,00008,-0.08257431264512327,6.912
val,pretrain,b2LbuqoNGGI,00017,0,pretrain,PVzcGhZ8Aeg,00011,8.074454244930173,11.904
val,trainval,YhG1Bgbsj2w,50009,0,pretrain,5nys6iebjHw,00056,-9.379487710834347,2.368
val,pretrain,mPCDOij0bB0,00021,0,pretrain,3HaBoNSlpHU,00009,3.241349061850789,4.48
val,pretrain,U2dHczVSCdo,00008,0,trainval,2Oe6HUgrRlQ,50052,-4.135873231374177,4.608
val,pretrain,asgdGSGQBgY,00005,0,pretrain,5TKRSIKtaCg,00002,-8.713355636705511,27.008
val,trainval,uHRG3Vr9qyI,50012,0,pretrain,OibJT7GSwyo,00023,2.566698130942184,6.208
val,pretrain,n34IjfcF1Yg,00002,0,pretrain,z5aAJGNSRHs,00022,4.9389835536146585,5.248
val,pretrain,8qIbZL80jSw,00012,0,pretrain,6fJRmouSDL4,00017,4.872993131593352,9.92
val,pretrain,zLNXIXingyU,00060,0,pretrain,jSdBXFkQ3S8,00006,-0.231091535121287,5.824
val,pretrain,xjuY3lUfkK8,00020,0,pretrain,DqCsQqy9MyU,00002,7.723871490391833,5.44
val,pretrain,I4fJPKSKbrA,00015,0,pretrain,FzAyOddR5u4,00020,4.897913383038208,10.24
val,pretrain,p9UC0chfXcg,00010,0,pretrain,J9PgY1mbPgM,00028,7.288084431580835,4.096
val,trainval,GRcvxDVDLCw,50003,0,pretrain,wvCMZBA7RiA,00004,-2.234234607845009,2.56
val,pretrain,YATYsgi3e5A,00002,0,pretrain,Cv8ttNerBEg,00005,3.6694800891883332,5.504
val,pretrain,X5uGLbV5zVo,00004,0,pretrain,nU5gOr1cSxU,00003,2.5577614644268447,14.72
val,pretrain,O9Hfqc3trhw,00019,0,pretrain,9IRv3TOjE1I,00017,-6.226609941164131,4.224
val,pretrain,DShPct3oIow,00015,0,pretrain,Lp5Ccer5NM8,00033,-8.528896290604953,8.832
val,pretrain,tlS3r8Gid90,00032,0,pretrain,mKPmlliPL0U,00006,6.129367427460945,7.36
val,pretrain,7DCofMA9eQA,00020,0,pretrain,hZ6uYagzwVE,00004,-2.573837003365476,13.632
val,trainval,sucza6EOIf0,50012,0,pretrain,BEcyzAcFFwU,00012,7.561479625051028,2.496
val,trainval,H3TFShI7zKc,50004,0,pretrain,kZP8KqrSbcw,00015,8.901558946340593,5.248
val,trainval,QG4Z185MBJE,50005,0,trainval,3yfFwDq4R5M,50005,-3.422123192119564,4.288
val,pretrain,5AN5fPFtV0U,00033,0,pretrain,sa1iS1MqUy4,00028,-2.6516249401505076,19.52
val,pretrain,LSn4OF7G9BM,00021,0,pretrain,3TXSNu5wTS8,00018,4.773357524706867,3.712
val,pretrain,UY2tyuSOcyo,00009,0,pretrain,B5MkpzMAOZM,00043,9.185536951238845,29.824
val,trainval,JM77aTk1XyI,50003,0,pretrain,BGcJXAXSSd0,00020,1.2815470720038302,5.824
val,pretrain,FD5ZKiSmoMU,00007,0,pretrain,0C5UQbWzwg8,00023,-8.440181202153292,4.8
val,pretrain,LsESSyMnwmU,00010,0,pretrain,tSK6bn9sc50,00008,1.2603809534162096,4.48
val,pretrain,AAsSqx2aLsA,00008,0,pretrain,mLufqwmPl1A,00003,4.9445277614042755,7.936
val,pretrain,S9ry1M7JlyE,00036,0,trainval,zBSaSy6aKTY,50004,6.111373444176017,2.944
val,pretrain,H1fvr9rGgSg,00027,0,pretrain,oSv7E8WK2Iw,00016,3.7331122674867103,7.68
val,pretrain,rSqYQXRVP0k,00017,0,pretrain,23vKtqo2t4k,00009,3.3713588723143673,15.04
val,pretrain,QOSPNVunyFQ,00004,0,pretrain,i2t8pN5ecMo,00003,-8.826842213840694,7.04
val,pretrain,FD5ZKiSmoMU,00010,0,trainval,VynSxLrtZaY,50001,2.3958263425727395,5.696
val,pretrain,wsIrdxDJpSQ,00005,0,trainval,M3mnUMmUAHQ,50001,9.334391669203004,4.48
val,pretrain,dnMeyvtJpsk,00011,0,pretrain,qzR62JJCMBQ,00011,-7.296067698325497,4.928
val,pretrain,GW02Vo641dU,00011,0,pretrain,qZYNWW4M7yM,00014,-8.038240112566337,7.36
val,trainval,7DLzXAjscXk,50041,0,trainval,f5udS4pbXPk,50013,3.005676094935513,2.432
val,pretrain,1InHN8JPazA,00019,0,pretrain,zZo3S5j1Pf8,00015,8.000286932752346,7.936
val,pretrain,PJy8vTu66tE,00018,0,pretrain,MF2Q6CcGN7E,00009,-0.5707394754423092,4.096
val,pretrain,xfDUGqGPSfo,00021,0,pretrain,MiYSCShJwKg,00002,1.6322579612887438,4.288
val,pretrain,NgVwPj54TEo,00029,0,pretrain,B4xOFsygwr4,00004,-8.52104446182851,11.2
val,pretrain,4VC0E1k77yI,00005,0,pretrain,kjmsb9pDrF0,00021,-4.4890736423340005,2.368
val,pretrain,MO0LSLY2hRA,00006,0,pretrain,tVoE8eSu4bw,00029,8.991992034654615,4.928
val,trainval,eCknUJJc3qU,50002,0,pretrain,tjkrKA1cVdU,00026,-8.450570305378744,5.632
val,pretrain,HSzqFSOft20,00002,0,trainval,j4LSwZ05laQ,50003,-3.7221462729721093,2.56
val,trainval,Qi8MoU6g8Sc,50009,0,pretrain,LlQXs0yofMs,00023,-6.639962748628438,2.176
val,pretrain,KkyzYjPuxK8,00018,0,pretrain,kFMZrEABdw4,00025,-6.8457457003175755,3.456
val,trainval,ygKNRnz7q5o,50007,0,pretrain,SJyE40koQyA,00007,9.898886333611102,4.16
val,pretrain,8n5O9tz30So,00012,0,pretrain,LS6TWtYWaPA,00009,9.209800880321332,11.328
val,pretrain,r9DDE7NV1Nw,00006,0,trainval,CSSBGTJgBGo,50001,7.414063321457782,6.08
val,pretrain,lv9QDjw8GJk,00013,0,pretrain,21jSOCNLuYg,00021,-5.853910761323391,3.584
val,pretrain,Cd0JH1AreDw,00004,0,trainval,n4YcornnWFI,50002,3.9542906721892486,6.208
val,trainval,gjfYohXoiz0,50008,0,pretrain,8woKcr7uSYQ,00003,-8.350257632818867,4.096
val,trainval,N4wFyRGilp4,50014,0,pretrain,8t987Lxt1t4,00017,-4.473509362972812,4.416
val,pretrain,UQzvNIIMayo,00017,0,trainval,Af5qUxl1ktI,50001,-3.3535963528437733,2.432
val,pretrain,xTBYcSL3MrI,00009,0,pretrain,FVSc2FnPnDE,00006,-3.726098582616453,3.456
val,pretrain,lwL4hjhkid4,00003,0,pretrain,pSCefSAYqaA,00033,7.862334285433999,6.976
val,trainval,hVsnkRoYfX0,50005,0,pretrain,28sa2zGgmwE,00009,3.133437434469686,2.176
val,pretrain,ZJPdJuhI03U,00002,0,pretrain,rAA8mMQi0is,00020,4.52219666187805,8.0
val,pretrain,ts9JpM0gHMU,00027,0,pretrain,LrBKcTTMlCQ,00009,-5.4023636735778435,8.96
val,trainval,axAxSDq3rn8,50008,0,pretrain,YiXdS9DFCOQ,00008,-0.7427528777802017,3.008
val,pretrain,KiPcxhJtuPQ,00055,0,pretrain,iE9HMudybyc,00008,-5.516151256326753,3.392
val,pretrain,mUJdzaLDRIo,00022,0,pretrain,uNDWvejza4c,00003,-8.8910186246226,4.928
val,pretrain,SSJkV8IzsZA,00015,0,pretrain,ttDM6ZtLUL4,00005,-2.878011346744829,5.568
val,pretrain,qKlzdSH2X9w,00050,0,pretrain,SJyE40koQyA,00040,-2.921871978699688,6.08
val,pretrain,34a7UEzZdsA,00032,0,pretrain,tS2aISc3Q8A,00012,-1.835244171434658,4.16
val,pretrain,1HIxnTruN78,00005,0,trainval,WNj1Y11tSx8,50002,2.2540279333434494,6.016
val,pretrain,Itmu78W9cOI,00008,0,pretrain,kZt3DNCcEtA,00029,-6.580675696653879,3.264
val,pretrain,buHSvs7LFzw,00011,0,pretrain,xRdZXhyrO6c,00001,5.6120872215055115,7.552
val,pretrain,zuLOT6GsAxw,00008,0,trainval,PgCmT0qkfQM,50005,-2.82454097728988,4.608
val,pretrain,yVwAodrjZMY,00021,0,pretrain,by3NnWvSCj8,00005,-1.331269394143412,8.32
val,pretrain,EEWTNYovKfE,00002,0,pretrain,nrVC977gOPc,00002,-4.133419203829341,4.864
val,pretrain,5d4ZEgZU9Aw,00004,0,pretrain,eQdFkSSgHYo,00024,9.708426445276498,4.416
val,trainval,j7c9b9A2AHc,50009,0,pretrain,fgfQLTIhi1U,00012,4.586818455783543,2.56
val,pretrain,8SG4H4sVSW8,00009,0,trainval,aIFFFGf1ZRE,50023,-9.940751076788112,4.992
val,pretrain,MywGrRvNkWQ,00007,0,trainval,UWKvpFZJwcE,50018,-3.1817182080814232,4.032
val,trainval,6bVhrpkp0WU,50018,0,pretrain,0qYTf9evWeY,00002,-8.013926027526892,3.328
val,pretrain,N7wF2AdVy2Q,00047,0,pretrain,P3fIZuW9PSM,00005,-7.026051368445783,5.888
val,pretrain,5FjuSwOaV3Y,00028,0,pretrain,q16f8km11Ms,00006,-4.925580479700685,7.04
val,pretrain,BwHAYgOnZSU,00015,0,pretrain,tNKdc6Lxcvo,00012,0.5158310491747429,11.136
val,pretrain,YATYsgi3e5A,00002,0,pretrain,KsSSMh1QhMc,00033,-8.040029888100339,5.504
val,pretrain,ZHOyfyGwpes,00015,0,pretrain,JSswZaKN2Ic,00014,-2.0294344029616855,6.208
val,pretrain,bzj1BTdfoeI,00052,0,pretrain,zIwLWfaAgS8,00029,9.867967704413438,12.416
val,pretrain,kTqgiF4HmgQ,00002,0,pretrain,SZWS8SNCKMw,00017,2.5306265420384317,9.088
val,pretrain,rGaj2VImQec,00043,0,pretrain,4GMtcj9bBek,00013,2.639055190830426,6.848
val,pretrain,8aSUUhW7SHU,00004,0,pretrain,ol1b5mMeP7s,00010,9.401972989226572,17.728
val,pretrain,FQdQhV1yjfc,00004,0,pretrain,49aWAHqi200,00034,-1.1708071486898923,3.584
val,pretrain,TZy5Srsksls,00004,0,pretrain,ASQpKiUSNHo,00008,8.71178746839184,3.84
val,pretrain,xP3SW546HYs,00002,0,pretrain,P65XdTlk4vA,00028,-9.038228992610222,3.584
val,pretrain,WmJwn4WDeLE,00016,0,pretrain,nFEgRt2EH1g,00006,-3.125820918110156,12.16
val,pretrain,x5LshSZn5RA,00035,0,pretrain,km4GiwSIFCo,00002,2.11908051948331,4.8
val,trainval,2L4BSVpvx1A,50002,0,pretrain,9h2dFSIsH0I,00010,-9.099019684567294,6.08
val,trainval,mDSuP2BsVy4,50006,0,pretrain,QG4Z185MBJE,00034,-3.0071304235207696,5.888
val,pretrain,MIRoB4LStDY,00005,0,pretrain,TDCYJ3Sgx2w,00003,4.153140939354575,5.504
val,pretrain,jyYjI7zQlaA,00008,0,pretrain,sLFqwXqe4Yk,00027,0.4319775909710444,5.376
val,pretrain,bhHJ4DRZNZM,00012,0,pretrain,o3VwYIazybI,00013,-5.7707583566403535,4.48
val,pretrain,SmoW9jvvMr4,00004,0,pretrain,erBJuxVR7IE,00004,3.200449307381767,8.576
val,pretrain,b6rAgHcuYtE,00030,0,pretrain,7LcSdlVrg5M,00001,4.028702944401804,3.008
val,pretrain,hbkBSjNGSzE,00006,0,pretrain,KChjQvXjk1g,00015,-3.2020981056230724,3.584
val,pretrain,YSmJDnSemqY,00014,0,pretrain,LI8ix9IghkY,00009,5.474752731803225,12.288
val,pretrain,drv3BP0Fdi8,00032,0,pretrain,LSdPxGLesE4,00051,6.929224669264752,6.976
val,pretrain,J9PgY1mbPgM,00004,0,pretrain,TvW4yugCPZo,00020,-0.916609655411925,9.28
val,pretrain,5iqZzi9mj4M,00012,0,pretrain,QSfFattg8N0,00012,0.7760916572473615,4.032
val,pretrain,bDbN8R6Gb6Q,00017,0,pretrain,FTUpFYo0rMI,00003,9.62349936947136,9.344
val,pretrain,Sttw2PxncIE,00024,0,pretrain,Sk0ywFgMpFk,00038,0.8235701806704014,6.848
val,pretrain,uTbASmxo858,00007,0,pretrain,2PR51JQkib4,00010,-2.761519027143242,5.824
val,pretrain,trxGZMm4nBQ,00024,0,pretrain,khRkIVPa1Vc,00020,5.976696243015379,6.976
val,trainval,9P73k8m3Ytw,50003,0,pretrain,ErexJkoDhGI,00007,4.859123396861225,4.736
val,pretrain,jE1j5Om7g0U,00014,0,pretrain,R84vqXjXWJc,00023,-4.3652606991269565,9.92
val,pretrain,Y2y7BzjbSNo,00044,0,pretrain,gjCwsdCssdk,00002,6.433432809945984,12.48
val,pretrain,Qlg6izBqKxM,00009,0,pretrain,X9NFPZGyDPg,00005,-6.964548088202509,4.608
val,trainval,2dRlssVF7fc,50002,0,pretrain,aSpHGbL5138,00011,4.643009950254589,4.16
val,pretrain,7CIq4mtiamY,00037,0,trainval,W8OiVZrAj4c,50014,0.1583221916191242,5.248
val,trainval,7Iv2nZnZOrM,50020,0,pretrain,XDBWEKBq0Sw,00015,-2.5630222630517636,4.864
val,pretrain,wvCMZBA7RiA,00026,0,trainval,5pGWV4KBDUs,50001,-7.773238546153665,4.736
val,pretrain,wvCMZBA7RiA,00004,0,pretrain,C74amJRp730,00027,1.6506200038324295,5.056
val,pretrain,Eu22Wgu98VE,00009,0,pretrain,sHJZRPWXQ9s,00009,-8.041474583848633,3.136
val,pretrain,NcPusGLnqAc,00002,0,pretrain,MKKGS38vCO8,00042,-4.307045000574585,2.816
val,trainval,n4EhJ898rSk,50007,0,pretrain,vQILP19qABk,00011,-8.483644179354728,5.824
val,trainval,jpuDyGgIeh0,50014,0,pretrain,ux1GxExRUUY,00013,7.825775486049881,3.52
val,pretrain,3nsoNSLS8RQ,00038,0,pretrain,qykDS2AXKIU,00033,-9.143662342385879,2.944
val,pretrain,0zvrGiPkVcs,00012,0,pretrain,20adDr7Felw,00037,-5.098004146683683,7.936
val,trainval,hqQSTqVNnOY,50003,0,pretrain,LS3wMC2BpxU,00005,1.6931082065356229,6.016
val,pretrain,oiZ42KUsxGo,00009,0,trainval,VehHPwAVL9g,50013,6.671415447530574,3.84
val,pretrain,JNSgdmKysxA,00014,0,pretrain,BepU74BYOtg,00006,9.549224509552083,3.072
val,pretrain,eR22lqzdIHU,00015,0,trainval,6zVS8HIPUng,50004,-7.00105395328743,5.632
val,pretrain,fnS9f5x0f1Q,00035,0,pretrain,J9PgY1mbPgM,00011,-0.03404404248584392,5.376
val,pretrain,RG5QP2EVUVY,00003,0,trainval,Q0Uo05JoZQo,50014,-2.8856176519067134,6.208
val,pretrain,imaWSTabxOE,00023,0,pretrain,lUHy84tSDrA,00007,8.570028719054726,12.16
val,pretrain,NNHAgXy5dxQ,00024,0,pretrain,CdxVbUjaSpY,00019,4.189533573052071,10.752
val,trainval,RRRDYBwjjU0,50003,0,pretrain,qL7UlSA6rRk,00022,9.604046639208836,3.136
val,pretrain,mozxTk3Brqw,00017,0,trainval,RS5O4n0TqlU,50003,-8.30719004542601,4.608
val,pretrain,y7LXwGfvxwo,00010,0,pretrain,vzi4AopBEBg,00030,-7.149703257088742,8.96
val,trainval,gXvblfSgwg4,50007,0,pretrain,gZpcTVqpaPw,00001,-7.89897256552112,2.24
val,pretrain,DG7kSeazMQ4,00006,0,pretrain,KVjkFqS7Y6A,00031,5.473014855531989,6.016
val,trainval,J9SXc9wxByM,50002,0,pretrain,796LfXwzIUk,00004,-0.16569143585357793,5.76
val,pretrain,vo2cse4CoGM,00009,0,pretrain,ImQrUjlyHUg,00059,7.7693474980292585,5.696
val,pretrain,LgBjU8ovWh0,00021,0,pretrain,3sUWSDHOVn0,00040,-4.374047578273624,4.8
val,trainval,p4tffKWs3BM,50008,0,pretrain,RtFFT4zjyTM,00008,3.7597321624997235,5.696
val,pretrain,2ju61VPdTzw,00003,0,pretrain,1QQ3gWmd20s,00013,4.570854937862535,7.68
val,pretrain,oAl82gFMZis,00005,0,pretrain,z4eSa6GXEsE,00005,7.301805667674287,13.12
val,trainval,LSdPxGLesE4,50002,0,pretrain,8sheoGMsy3Q,00002,6.1449777160201045,5.888
val,pretrain,fSRWTyY2YSM,00016,0,pretrain,y9ALB39wRKo,00018,3.9556084926181523,3.776
val,pretrain,BQnOTJH3w4s,00014,0,pretrain,iRSjlgWE9GQ,00021,6.7323997145314465,7.808
val,pretrain,ohGMgSLJCjs,00031,0,pretrain,bvAEJ8G9l9U,00024,4.945606617163952,16.64
val,pretrain,SABC5U4MvTI,00007,0,trainval,NVPxmzSPvUw,50006,-0.7576191218958765,5.504
val,pretrain,MtSE4rglxbY,00025,0,trainval,Zwwanld4T1w,50007,-6.200071458672738,2.496
val,trainval,q2k2Xbfuy1I,50002,0,pretrain,G5pvUaMgfC8,00013,-9.873493880697971,3.776
val,pretrain,DwQMDyyS42Q,00027,0,pretrain,Chr3rQ6Vpcw,00015,-0.9037890779119202,3.392
val,pretrain,pyWrZceeKNE,00007,0,pretrain,RGCVyI7x1kA,00001,7.100475952162963,2.688
val,pretrain,XDBWEKBq0Sw,00029,0,pretrain,cdpIwjTtLlg,00024,-0.6652156418319706,4.096
val,pretrain,golS4kh8ETY,00003,0,pretrain,B0ESVNX1SYk,00012,0.9346046886445052,6.976
val,pretrain,T9vLHFza8Uc,00019,0,pretrain,BsVzjd5HS9Y,00002,-5.870777895546919,9.792
val,pretrain,6rcvWcRMuzs,00013,0,pretrain,bhgonb4EqXI,00003,-1.962150242187386,10.496
val,trainval,H6n3iNh4XLI,50002,0,trainval,MV0Iob65Nq4,50003,3.952230831290022,2.24
val,trainval,DEmjzXi2lfI,50019,0,pretrain,Td2hfdXQ5x8,00046,9.664583326377311,2.24
val,pretrain,oDdcx5luv5s,00004,0,trainval,3Z6x5t5A9so,50014,1.4940714085413003,2.24
val,pretrain,MD23gIlr52Y,00006,0,pretrain,EEjyPqyFeSs,00036,4.25257006276016,6.336
val,trainval,3NQZOXtc9uo,50006,0,pretrain,7W8OJgeYy1w,00013,-2.7747501336020726,6.208
val,pretrain,mMYhgTgE6MU,00009,0,pretrain,WbuIl6phdco,00037,-9.271878538801916,4.736
val,pretrain,ruvWiXowiZ8,00013,0,pretrain,Eq1Aes1SWMU,00005,-4.069869901193801,5.824
val,trainval,SPSq3cW672s,50009,0,trainval,3f6xCzKx9CA,50009,-2.664994771717879,2.944
val,pretrain,u70RZtCJSrI,00003,0,pretrain,cdpIwjTtLlg,00028,1.2932424789027301,7.296
val,pretrain,xMjSPS6H69g,00009,0,pretrain,HJYDwS09coE,00025,9.788794768081797,8.832
val,trainval,s32OdFz9ttk,50002,0,trainval,hSSmmlridUM,50008,7.036984494353263,2.56
val,pretrain,uSTmKo75gJI,00004,0,pretrain,lUHy84tSDrA,00004,-7.66052061534687,8.32
val,trainval,bmFhWr693is,50005,0,pretrain,bxkslfQc0EA,00006,-0.4160878783336326,2.496
val,pretrain,ZpT0cw9bmiw,00001,0,pretrain,nU5gOr1cSxU,00020,7.623365104730784,4.8
val,pretrain,bvAEJ8G9l9U,00048,0,pretrain,LgBjU8ovWh0,00035,7.456653077249303,3.84
val,pretrain,EZwxKPv1CwA,00070,0,pretrain,eIho2S0ZahI,00021,2.7720083914987512,8.256
val,pretrain,o9DNWK6WfQw,00016,0,pretrain,pMUv6UWkuWw,00003,-6.6167399600487276,16.896
val,pretrain,Nx8RRIiP53Q,00017,0,pretrain,KiPcxhJtuPQ,00036,2.4417846385371806,6.4
val,pretrain,xV7IvRT5Qyw,00009,0,trainval,EUYLa7MAlPc,50008,6.211349860494984,6.144
val,pretrain,LuG2rf9enHE,00026,0,pretrain,o0q3veMwv6A,00015,-4.753594101997239,8.064
val,pretrain,w4RLfVxTGH4,00022,0,pretrain,m0ZPM5I1tTg,00046,2.51533417728648,7.68
val,trainval,g2J6YOiLNr4,50020,0,pretrain,FVSc2FnPnDE,00017,-6.267634114255403,2.048
val,pretrain,U5SyBjKKicA,00014,0,pretrain,HCG1petekXw,00002,-7.0146551775575805,7.936
val,trainval,IDqMB6C1uys,50003,0,pretrain,wcMnmCH6Gjg,00015,2.284347783601966,6.016
val,pretrain,JSswZaKN2Ic,00010,0,pretrain,dTwXeZ4GkzI,00027,3.007514668921168,6.208
val,pretrain,OwRAFCrsDS8,00006,0,pretrain,SGMVTJ9ZKVc,00008,4.606766135440491,10.368
val,pretrain,OSGHRMKrVM8,00024,0,pretrain,syjEN3peCJw,00029,3.4202931810865493,3.456
val,trainval,sFNmulAb4wM,50002,0,pretrain,MLvwTlbj1Y8,00005,8.37053877622392,3.584
val,pretrain,qgv8VoyJ3wA,00019,0,pretrain,Ctz4E2ARkCg,00008,9.550863569164832,9.536
val,pretrain,AQ8cpjEdpmI,00023,0,pretrain,SsU5CJRaKP8,00013,-4.030284833730966,3.776
val,pretrain,Ytw0I6ytRto,00027,0,pretrain,eJ89At9Xxws,00003,-3.0700092998886808,5.12
val,trainval,W9YBCwgrwQA,50016,0,pretrain,b81YwSOs8RM,00021,-2.3329718653552245,2.176
val,pretrain,sAMahX5hIgU,00030,0,pretrain,HCG1petekXw,00015,6.5035706474468284,12.48
val,pretrain,GlUS6KE67Vs,00023,0,trainval,9EVEmZ2cSes,50004,0.41645294571406133,4.032
val,pretrain,LETgWDSSzSI,00004,0,pretrain,pLqjQ55tzSU,00019,-8.76708127043874,9.344
val,trainval,jodhovumkHQ,50020,0,trainval,0pzIPHWR3iY,50002,3.082804017132858,2.56
val,pretrain,pLqjQ55tzSU,00008,0,trainval,cK74vhqzeeQ,50006,0.8127482793918794,4.16
val,pretrain,vJ66jv8ICjc,00012,0,trainval,CrsdoIOGCRw,50007,-4.92892426815692,6.144
val,pretrain,yBFCSRtfTfg,00003,0,pretrain,hscdmpKGqrQ,00030,-7.027423068763115,3.904
val,pretrain,TBIL2sdfoVc,00019,0,pretrain,Kk7kzUt3SLc,00028,-3.940087694883985,2.432
val,pretrain,lU1ISu1LOv4,00005,0,pretrain,gBGt5OeAQFk,00013,1.8009856692679946,15.616
val,pretrain,A27QjpQSIeo,00016,0,pretrain,FrgzvykPILc,00023,-8.590214668905336,4.672
val,pretrain,SS6ZojCzNGY,00028,0,pretrain,VHECIP6Tz0M,00008,6.601425497762602,4.416
val,pretrain,uKByBgqxOw4,00017,0,pretrain,FJFxLQCo83U,00005,7.5404267966406096,8.128
val,pretrain,BltRufe5kkI,00012,0,pretrain,UROCz70tlMY,00018,-0.9961556617605645,3.584
val,pretrain,c4oW6PcOUtc,00007,0,trainval,CTEhgUmSrro,50005,9.996467241742835,2.368
val,pretrain,tRjqFPwcJgY,00012,0,pretrain,HcTtoGhn0Dc,00004,1.6463247850047296,5.056
val,pretrain,k6qTwqiHnAM,00004,0,pretrain,H3TFShI7zKc,00002,-5.533314959927324,3.008
val,pretrain,QxkxcsrveLw,00032,0,pretrain,mGBHC1R3e7s,00001,-8.058797631923277,5.568
val,pretrain,f4DV2BFUmSA,00001,0,pretrain,IYpovgkaS9Q,00011,4.122426086889506,6.336
val,pretrain,C9XIVtUEgFE,00011,0,pretrain,A7ktYbVwr90,00020,-9.855984831242514,16.96
val,pretrain,xT8UwfwkCaY,00011,0,trainval,7hFy02TSH4U,50012,7.669628419277412,5.632
val,trainval,e450FJaS3no,50007,0,trainval,5OISkgjSjkA,50020,7.245485879778091,2.688
val,pretrain,BQj2ZSGPsY8,00014,0,pretrain,gVSyVSIybBM,00013,-9.951735278611428,9.792
val,pretrain,2t13Rq4oc7A,00034,0,pretrain,4Z75ASJMBx4,00046,-5.773433144487279,4.416
val,pretrain,P3fIZuW9PSM,00014,0,pretrain,LUO3jqMlWkE,00026,-4.832874192580865,5.12
val,pretrain,drv3BP0Fdi8,00032,0,trainval,SPSq3cW672s,50016,-5.257066760688083,3.968
val,pretrain,dTwXeZ4GkzI,00027,0,pretrain,ydzNAuqUAnc,00014,-0.7442642711546288,3.968
val,trainval,V48M5jS6zdE,50002,0,trainval,ALryABSAYiA,50004,-6.583994029169982,2.368
val,pretrain,trxGZMm4nBQ,00010,0,pretrain,2m9kC1yRnLQ,00026,-8.158492908073132,6.848
val,pretrain,5T9wSTaCrjA,00005,0,pretrain,mMasmrJOmEo,00011,9.411307202383913,4.288
val,trainval,iFTWM7HV2UI,50001,0,pretrain,EDLWWP8N6MU,00034,-0.6040102485255794,2.048
val,pretrain,vvhiNSqq6oo,00025,0,trainval,lDq9SQxvsNU,50004,9.292684664515686,2.24
val,trainval,p49rv25dx0g,50032,0,pretrain,8LQhhYgjlJ0,00016,3.3519043474079524,5.568
val,pretrain,g2J6YOiLNr4,00051,0,trainval,GOCUH7TxHRI,50015,-0.5409124868244479,2.688
val,trainval,sNV4yIyXXX0,50019,0,pretrain,lkVYV2P8dQE,00028,-6.420096326499323,4.288
val,pretrain,gypAjPp6eps,00027,0,pretrain,B9DdIivSGts,00003,6.87439809703125,6.208
val,pretrain,xjuY3lUfkK8,00013,0,trainval,3q3WOrs8kAM,50004,-9.574516711507641,2.048
val,pretrain,ayVm441iZfo,00003,0,pretrain,bCjfy8Z7dv8,00042,7.2643169242521175,6.4
val,pretrain,Hh09xlzxRmE,00013,0,pretrain,ofsncCF9OSU,00048,-8.24554741773005,4.928
val,pretrain,Mo2Ai7ESNL8,00040,0,pretrain,ws4GZvNeQhQ,00008,-6.8250868945263,13.376
val,pretrain,rpOwTspdwkI,00030,0,pretrain,dskNubEgzCk,00007,2.506803276879632,8.32
val,pretrain,gF9PSRLjGGw,00021,0,pretrain,JaFSfq2Zn7I,00014,7.563285194254785,7.104
val,trainval,iFTWM7HV2UI,50001,0,pretrain,4BwSMSCFdu0,00027,3.92975055083312,2.048
val,pretrain,N4wFyRGilp4,00011,0,pretrain,YzhSmnGcSkE,00002,2.4818991975824805,6.08
val,pretrain,HJY8gMsonU0,00006,0,pretrain,mk3KSVrveSE,00016,-6.680778422419289,4.928
val,pretrain,6XS8TA4RBog,00041,0,pretrain,lrYx7HaUlMY,00011,6.670463675798921,5.952
val,pretrain,I9cmQFj13rc,00001,0,pretrain,arj7oStGLkU,00028,4.359488631030297,4.16
val,pretrain,W3C23m71Yws,00030,0,pretrain,mLufqwmPl1A,00006,2.9842665020976824,3.456
val,pretrain,nbYQ7kdt0U4,00003,0,trainval,gWPFJgLAzu4,50010,3.839702631212914,6.016
val,pretrain,weyd0UMdP7g,00018,0,trainval,kpyc84kamhw,50014,-8.821065710876804,4.224
val,pretrain,B9DdIivSGts,00003,0,trainval,mkdSXHXhCcw,50032,8.958777388737278,4.544
val,pretrain,SQe8cR4Jl10,00014,0,trainval,dXqPaHQp4Xw,50009,-5.315102626385874,2.176
val,pretrain,SDjLpMj3BDU,00002,0,pretrain,7sqeoYOQ4qg,00034,-9.426940268840934,7.04
val,pretrain,SAm3gtFB8xU,00012,0,pretrain,1BXYSGepx7Q,00028,-2.2113680867785828,8.576
val,pretrain,NWUFjb8w9Ps,00014,0,pretrain,y3jYVe1RGaU,00002,3.6305001943932105,5.12
val,pretrain,AkUcaludrcI,00012,0,pretrain,y3ZrjRlIcgI,00010,-4.652601102827201,12.8
val,pretrain,7npLVcymHGc,00047,0,pretrain,2g9GedPylM8,00019,-0.46207247195070167,3.136
val,pretrain,1U2qMRGihGg,00006,0,pretrain,Qlg6izBqKxM,00025,-6.927215493583638,7.808
val,pretrain,UQzvNIIMayo,00001,0,pretrain,wAdwurHhvSI,00021,5.540850433468709,4.608
val,pretrain,J3pGKt7fESM,00026,0,trainval,6weGCM3sWKc,50001,8.535894370570372,4.8
val,pretrain,dwbP9iBxkdA,00011,0,pretrain,vvlozhvQPJw,00021,-6.586045592135292,9.28
val,pretrain,oTHSfmQo3Ok,00023,0,pretrain,qYfEYvo96Hg,00008,5.431214568626173,9.536
val,pretrain,SY78HMlWo6k,00012,0,pretrain,pY6ulSP70HY,00012,3.165263371727667,6.784
val,pretrain,3HaBoNSlpHU,00009,0,pretrain,vYV4tAq3wVg,00042,6.117924166704359,7.168
val,pretrain,eaelI0u4Sz0,00007,0,pretrain,BJsrYqPtXFM,00022,5.086151290157288,4.608
val,pretrain,2tBuvxXxlS4,00017,0,pretrain,IW8mHxAkOtA,00009,9.008391641446302,6.208
val,pretrain,2SIk5ofBKco,00004,0,pretrain,hTAXEq6zLo8,00022,-8.307926275295603,11.84
val,pretrain,gZga0AmCGdE,00010,0,pretrain,tbvUCrS5S5I,00026,4.955671322190886,4.48
val,pretrain,pcSlowAhvUk,00011,0,pretrain,NVPxmzSPvUw,00017,4.810624337680856,6.592
val,pretrain,P5Mpo4JQZhw,00023,0,trainval,k1luKASSXcg,50002,-1.863097953930879,2.112
val,pretrain,MpISFKqk0Ew,00020,0,pretrain,luoKOkTxOtU,00008,4.036940158234938,12.416
val,pretrain,fBQnQTkhsq4,00003,0,pretrain,2R3Njv0LjjM,00017,-4.373615121968744,4.288
val,pretrain,IJmr7MsS8fw,00009,0,pretrain,Vi8k6BG9KVk,00018,-6.885426230288596,19.648
val,pretrain,BwOd20Mv0hM,00008,0,pretrain,Possj5cXEnM,00009,2.760285431890079,3.584
val,pretrain,4mJ1aHFPS1M,00038,0,pretrain,oDdcx5luv5s,00010,-7.803170171720895,6.72
val,trainval,31iuh9pfFwg,50002,0,pretrain,9qd36SQPxSY,00034,-8.196129089915448,5.952
val,pretrain,PuroSL7O4eY,00003,0,pretrain,XvS83nXSf0k,00023,-3.666473871657643,3.648
val,pretrain,dciTrZxqbHE,00016,0,trainval,mvC3Qafe5Ms,50003,2.954558372229563,6.016
val,pretrain,vSjlCJaEwZE,00064,0,pretrain,dsMCVMVTdn0,00006,0.6010023769294079,4.8
val,pretrain,kWnsmzSSgdI,00021,0,pretrain,M9pPgIraoOM,00003,0.049706028656730794,5.76
val,pretrain,V6yixyiJcos,00005,0,trainval,M3mnUMmUAHQ,50016,4.818754654711146,4.608
val,pretrain,DdrcJLKyHtU,00002,0,trainval,6Af5tJzSR2w,50007,-8.05777757202401,5.696
val,pretrain,NhSTVcNFtVI,00028,0,trainval,SeBUcBfkVCo,50015,9.056808900140641,3.648
val,pretrain,y2yka9lyvMA,00039,0,trainval,jKAehegqTvg,50016,-4.185672160283572,2.048
val,pretrain,JDDGhGiaAZU,00006,0,pretrain,VSWkUKP1l3c,00002,-8.575777849593928,3.84
val,pretrain,KZIGekgoaz4,00025,0,trainval,uNDWvejza4c,50003,3.275093241050568,2.688
val,pretrain,uWfLwKHSEko,00031,0,trainval,SwMTKRixZIE,50006,3.799049338259895,2.176
val,pretrain,KNXOVpN8Wgg,00001,0,pretrain,ElJxUVJ8blw,00040,6.520824104235594,6.464
val,pretrain,SmsYxDvdcYc,00037,0,pretrain,dQijrruP9c4,00021,6.192355958840253,3.456
val,pretrain,AE0gO5wSaok,00039,0,trainval,ONXYcNS7k1Y,50004,0.5011084083976343,6.208
val,pretrain,AE0gO5wSaok,00039,0,trainval,hFgPtuzgw4o,50004,0.9921759073813057,3.008
val,pretrain,dwU8eavPInw,00061,0,pretrain,dQijrruP9c4,00002,3.54326822696164,6.208
val,pretrain,iZRGUADAu2Q,00009,0,pretrain,58eTdyeVwbA,00004,-1.9716657153490615,5.312
val,pretrain,BXcFEhl7ynM,00027,0,pretrain,uNQujCwCu88,00046,0.7855122462073894,12.288
val,trainval,iFTWM7HV2UI,50001,0,pretrain,G5pvUaMgfC8,00013,-3.2601378465663604,2.048
val,pretrain,4v4Pf5Dt8Hg,00007,0,trainval,GDnYDLERnRE,50016,-1.5228908469749278,3.456
val,pretrain,wyhF7q3Sbpk,00036,0,trainval,8xHrpO6p7dE,50026,7.084469935046222,3.328
val,trainval,b4sMMWJYUOs,50012,0,pretrain,jSdBXFkQ3S8,00008,1.5188812178735063,4.352
val,pretrain,85bqT904VWA,00005,0,pretrain,dJEwC4wCM70,00052,-7.435714077423254,10.816
val,pretrain,Ftow7dSpaiY,00028,0,pretrain,lnigGtrwAfs,00002,-2.473687114190599,4.928
val,pretrain,2Yt6rajSS1M,00004,0,pretrain,SMTRxRO5SRA,00007,-1.241499607622913,7.808
val,pretrain,gkKymhU7yi0,00005,0,pretrain,N4wFyRGilp4,00022,-9.502308117684873,10.56
val,pretrain,7DCofMA9eQA,00020,0,pretrain,g2m97gPI70I,00033,9.682929918915274,4.416
val,pretrain,c2tOp7OxyQ8,00053,0,pretrain,cS3f3rQRlug,00010,-5.455175456244021,12.736
val,pretrain,93hbqLBpSHI,00014,0,pretrain,G8cjIBwP52o,00018,-1.6162811560375339,5.696
val,pretrain,eZgSGgToBEE,00021,0,trainval,tic7X3ET4gE,50011,7.798880004838772,2.304
val,trainval,J6uL4vDAU3s,50006,0,pretrain,KSzkPSW4Hik,00027,3.9854027697342413,2.496
val,pretrain,8rzlrItooG4,00031,0,pretrain,Mo2Ai7ESNL8,00040,-7.316411790928612,14.528
val,pretrain,JGVU8n7jjHc,00016,0,pretrain,GqGksNRYu8s,00041,-5.368515128333842,8.96
val,pretrain,p2MEGk5q1WI,00020,0,pretrain,q49LtMyXK7Q,00010,-6.026329447347825,5.504
val,pretrain,f8nkcRMZKV4,00020,0,pretrain,nvSSeGObF4w,00016,-6.209943429637182,2.496
val,pretrain,ZChEFOGSn8Q,00017,0,trainval,P9B8PmUR64U,50004,1.3881364935177487,2.048
val,pretrain,ImQrUjlyHUg,00056,0,pretrain,488ZBeaGo6s,00010,-4.7268438863198,5.568
val,pretrain,yVwAodrjZMY,00032,0,pretrain,RmXiItk49Gw,00011,-9.842419484491051,10.048
val,pretrain,BoRUrWcdkQ4,00004,0,pretrain,dk60sYrU2RU,00017,-3.358276405319966,7.296
val,pretrain,AAsSqx2aLsA,00001,0,pretrain,eYe0Rca4NbM,00003,0.4061986138988125,16.256
val,pretrain,60OVlfAUPJg,00043,0,pretrain,Sttw2PxncIE,00010,4.967327562601948,4.608
val,trainval,c2tOp7OxyQ8,50041,0,pretrain,RWiI7AkDXSo,00003,5.283835423290334,6.08
val,pretrain,MvojSku8zk0,00008,0,pretrain,LKAhTELkOV8,00017,-4.110740055304685,20.096
val,pretrain,Kn5JRgz3W0o,00017,0,pretrain,ElJxUVJ8blw,00016,-5.190764945743654,5.696
val,pretrain,ztGkmruGPqM,00010,0,pretrain,drv3BP0Fdi8,00020,-0.7034471464322039,4.8
val,pretrain,M1yCvKASWdU,00021,0,pretrain,1HIxnTruN78,00005,-0.13866804182834613,6.4
val,trainval,uP3pg3alCRw,50009,0,pretrain,3f5lk3PZh74,00012,6.391880843519651,2.624
val,pretrain,XTf9Sdrq1zg,00020,0,pretrain,rufeSSlZJg8,00010,7.049230515145037,8.192
val,pretrain,GigYWy2UmOY,00001,0,pretrain,XgRlrBlS7Yg,00049,-2.989008588089604,9.92
val,pretrain,4EUAMe2ixCI,00027,0,pretrain,THJUvXkqmBk,00031,1.8491715246373808,9.28
val,pretrain,VQRjouwKDlU,00003,0,pretrain,pcSlowAhvUk,00022,-1.756536004098507,5.376
val,pretrain,uuwgtX2zU9Q,00012,0,pretrain,KCL8NjN7FMQ,00048,1.0460670303199286,4.416
val,pretrain,oZ2eT76Sb4I,00011,0,pretrain,RSl1ramE35s,00018,-4.403499619077806,2.112
val,pretrain,jpeSLKnS4gM,00020,0,pretrain,KaiwGb0csas,00011,-6.647839525127253,7.232
val,pretrain,vR8msiSohZM,00021,0,pretrain,H1fvr9rGgSg,00003,3.9581075483842927,7.296
val,trainval,W8OiVZrAj4c,50014,0,pretrain,rEgSZNB3qyI,00013,-4.25105586774956,5.248
val,pretrain,4lzs5wpLkeA,00010,0,pretrain,iOByGJskqks,00021,-6.341737393633496,4.928
val,pretrain,f8nkcRMZKV4,00020,0,pretrain,z5lZ9wciZQM,00012,-7.748417946743002,6.976
val,pretrain,0sYguTPLpHE,00017,0,pretrain,wvCMZBA7RiA,00012,-7.621775916141791,8.0
val,pretrain,RsiLLNziScM,00031,0,pretrain,xPK2Ch90xWo,00014,2.725643537144766,3.968
val,pretrain,LpNkuaVnlPY,00007,0,pretrain,lwz8KvS9NRA,00020,5.488871242061052,3.968
val,pretrain,CyElHdaqkjo,00015,0,pretrain,BXlnrFpCu0c,00020,-7.055963909789636,8.064
val,pretrain,hfznpykprP0,00019,0,pretrain,Let7s6SPgEU,00006,-1.3439205583597627,7.808
val,pretrain,lACQknq4sFI,00011,0,pretrain,5s61n2MLGRQ,00010,-2.7700010322327095,5.056
val,pretrain,8cboEp70nvg,00007,0,pretrain,2a2724wcfcc,00010,0.5079672213187223,5.824
val,pretrain,GMc8aSoCE30,00001,0,pretrain,YmRKlZEXVQM,00025,7.098281181925255,6.592
val,pretrain,PENkzh0tWJs,00005,0,pretrain,mLufqwmPl1A,00004,9.305111691945186,9.408
val,pretrain,2BogtvaCWvI,00013,0,trainval,DUd8XAS5HEk,50029,5.32177542895592,5.12
val,pretrain,6WeS1bXRBOk,00015,0,pretrain,SK095wuESeE,00036,-6.01105570914275,4.8
val,trainval,zawpbVpu5nY,50005,0,pretrain,5d4ZEgZU9Aw,00005,-6.437166869179709,6.144
val,pretrain,F1Kml3zuTco,00010,0,pretrain,avuhY7D71sQ,00009,7.099553922315437,7.232
val,pretrain,wjXClLxcFTQ,00012,0,pretrain,85bqT904VWA,00005,6.7696976448068895,13.696
val,pretrain,79zra755WgA,00009,0,pretrain,X41iulkRqZU,00005,-1.5389862246799613,4.288
val,pretrain,xHQbg4xH9lw,00003,0,pretrain,jeOumyTMCI8,00033,-1.627984003176108,5.056
val,pretrain,OISOhvOumT0,00028,0,pretrain,gSONUFFt2qM,00004,-6.521257688632427,9.024
val,pretrain,FyL9OkVgZA4,00012,0,pretrain,WF6SDe4USvE,00010,9.643752039746271,9.856
val,pretrain,MLU7qcMYKO8,00007,0,trainval,vo2cse4CoGM,50013,-1.620934791299133,3.776
val,pretrain,vhfcedpoCLo,00007,0,pretrain,mjUsobGWhs8,00002,-8.98610999893674,5.44
val,pretrain,7tu9nJmr4Xs,00001,0,trainval,bX32UShfri4,50003,-4.583734298147261,6.08
val,pretrain,gBkIyJ7kfSI,00005,0,trainval,t4tNALubJTA,50003,0.7888148258856749,4.992
val,pretrain,NVPxmzSPvUw,00002,0,pretrain,jv8m8rycnQs,00010,-0.2727002767754527,3.968
val,trainval,OF5VVrsnpzo,50012,0,pretrain,apbSsILLh28,00005,-6.447086089154008,4.16
val,pretrain,5sS3Yjh9Lw4,00013,0,pretrain,pPgd7Hj3ABQ,00028,-0.5980050129271479,9.088
val,pretrain,9UiK4llJOXc,00001,0,trainval,khRkIVPa1Vc,50009,-8.62345255408799,5.248
val,pretrain,BGRy5VUSLfI,00031,0,pretrain,EhM56Fk2aFk,00001,-2.6094982880004096,5.312
val,pretrain,BczB8oqYL0g,00012,0,pretrain,SwMTKRixZIE,00001,-2.7926724613418363,4.416
val,pretrain,zvvZEIGNLo0,00017,0,pretrain,asgdGSGQBgY,00021,-0.27066956670528874,8.512
val,pretrain,wvIyVZf3qZU,00007,0,trainval,bHLgTUV0XWI,50019,6.456063380309676,5.888
val,pretrain,GZyjTPEufLk,00007,0,pretrain,N2HgOWBXyc4,00008,8.168575290041453,6.016
val,pretrain,sHdYaMyR5S8,00007,0,pretrain,h8cF5QPPmWU,00022,-1.4542870183797945,5.632
val,pretrain,S9ry1M7JlyE,00036,0,pretrain,Mgbf3cq7lms,00028,-2.130756565320448,5.568
val,pretrain,T7ibjISKSdY,00018,0,pretrain,BczB8oqYL0g,00012,-0.7559313211944882,6.016
val,pretrain,zvwQXwJyaj0,00003,0,trainval,qty0NjF3pdQ,50005,4.676664318191701,2.24
val,pretrain,R9g3QSqvtss,00004,0,pretrain,qAYqK9lAxic,00007,-6.414834950094541,7.168
val,pretrain,VB9S4kELT2k,00015,0,trainval,LSdPxGLesE4,50001,-8.412348854647878,5.312
val,pretrain,YLGX78yqcsQ,00008,0,pretrain,ws4GZvNeQhQ,00008,-9.174616509715253,3.456
val,pretrain,gdg4mUSwuhI,00005,0,pretrain,PENkzh0tWJs,00003,5.37608334849301,8.064
val,pretrain,JDDGhGiaAZU,00009,0,pretrain,B9DdIivSGts,00021,-6.744502944322219,4.096
val,pretrain,EUYLa7MAlPc,00031,0,pretrain,1z3Fgtj8fqk,00013,-8.041353993600142,5.248
val,pretrain,y62pJTJkfbg,00005,0,trainval,FQdQhV1yjfc,50003,-8.425651710621915,4.992
val,pretrain,S9u71TB0VkA,00005,0,pretrain,5ftklsHZ4cU,00012,6.615893416522294,3.584
val,pretrain,bfAzi6D5FpM,00019,0,pretrain,PCupHgKGCcY,00005,7.92256043316538,3.136
val,pretrain,Kc0Kthyo0hU,00026,0,pretrain,6kuCSIemiCs,00012,9.124558939223881,7.872
val,pretrain,pbSSrJGgVIo,00044,0,pretrain,K8Dj0oSf1SA,00016,-4.04737265855009,6.464
val,pretrain,5tUnSuoYKoE,00091,0,pretrain,73cTNHEQhkQ,00016,0.2861764065578818,4.416
val,trainval,2Oe6HUgrRlQ,50030,0,pretrain,BA8XOF6IpXA,00035,0.030487541017995667,5.76
val,trainval,zwjLQgNd7XM,50011,0,pretrain,hoF4FHCbHwU,00015,-6.108772794230646,2.432
val,pretrain,KCr8s57hdzY,00053,0,pretrain,DWoAShyDSsY,00001,5.80458916413315,5.184
val,pretrain,1z3Fgtj8fqk,00005,0,pretrain,v84pD2g3gSk,00025,3.5714143270105474,3.072
val,trainval,IJmr7MsS8fw,50011,0,pretrain,oVw7HSe9Igo,00007,4.3855835923433855,2.56
val,pretrain,BYeYVuqD8kU,00025,0,pretrain,nSOSNWblMNE,00008,-2.940726294117308,4.736
val,pretrain,AAkEYcmCCCk,00036,0,pretrain,aIFFFGf1ZRE,00019,0.7297115917373205,7.68
val,pretrain,MExS7F0lGzI,00001,0,trainval,UY2tyuSOcyo,50001,8.091404354473973,3.648
val,pretrain,KVjkFqS7Y6A,00001,0,pretrain,iCvmsMzlF7o,00030,1.2995581653075643,8.256
val,pretrain,oDtZi2SUm8Q,00004,0,pretrain,MD23gIlr52Y,00009,5.8264720024999725,6.336
val,pretrain,wvCMZBA7RiA,00012,0,pretrain,QoTSdOkjEVs,00020,7.077992447721559,12.224
val,pretrain,WbuIl6phdco,00017,0,pretrain,VehHPwAVL9g,00020,-7.069892804170637,9.92
val,pretrain,emn28FrJ6CI,00007,0,pretrain,aSLSiIskEFU,00026,-3.9271907396492995,3.52
val,pretrain,855Now8h5Rs,00009,0,pretrain,u0VHC1SDOS8,00053,-1.68227162143938,6.528
val,pretrain,dqMj51Ea1K8,00002,0,trainval,Fb2J5eDoFko,50014,0.030092416056501037,4.096
val,pretrain,KM4Xe6Dlp0Y,00009,0,pretrain,Si1ZoKSFtSs,00008,-3.296767984527305,5.376
val,pretrain,m048uAa8L3k,00022,0,pretrain,KLjgBLwH3Wc,00007,-7.477315340703761,27.328
val,pretrain,NbpSibMSEiE,00008,0,pretrain,hsSYuHv0vUk,00021,-4.315556731908536,16.192
val,pretrain,2XiDdnDCD34,00033,0,pretrain,Cd0JH1AreDw,00012,-7.487757949071998,5.312
val,trainval,SVB39Jo8mAQ,50003,0,pretrain,iclWthSVvBs,00012,-6.463764882225174,4.096
val,pretrain,l1SdDWg7XBk,00003,0,pretrain,wvIyVZf3qZU,00014,-0.7987959494986789,7.168
val,pretrain,j12BBcKSgEQ,00009,0,pretrain,4VC0E1k77yI,00005,-4.4022129678158795,5.12
val,pretrain,Lp5Ccer5NM8,00009,0,pretrain,UfM7tSoqNDw,00029,7.792100716734929,8.32
val,pretrain,rbnBeSvXGQM,00015,0,pretrain,qp0HIF3SfI4,00039,-3.319569209369604,5.888
val,pretrain,YZa4sdIwV04,00003,0,trainval,luoKOkTxOtU,50010,-6.941422120498433,2.816
val,pretrain,eZWzNfOpbCQ,00011,0,pretrain,xh8el8m9mLM,00019,7.113736157892813,4.8
val,pretrain,sNbGUSI9HWw,00038,0,pretrain,0snNB1yS3IE,00023,-3.271848980909146,3.328
val,pretrain,Ztl2li6GTWg,00008,0,pretrain,P5Mpo4JQZhw,00005,-0.9225682149012009,4.992
val,trainval,dOt4NkcmIUg,50003,0,pretrain,dk60sYrU2RU,00033,8.659793949768996,6.016
val,pretrain,o0VrZPBskpg,00028,0,pretrain,DZfOvYiQtow,00017,-7.884064810021362,16.192
val,trainval,r9DDE7NV1Nw,50008,0,pretrain,wVGjQSnLg4Y,00003,8.978699780419554,4.608
val,pretrain,wfW3aZCFfLA,00042,0,pretrain,k7sKMj85hDw,00001,5.546975842660686,4.48
val,pretrain,wAIP6fI0NAI,00014,0,trainval,lw3YTbubyjI,50008,-1.2006747650213097,2.048
val,pretrain,NdKEy6vcCMw,00002,0,pretrain,rpOwTspdwkI,00038,-3.337812530332429,6.528
val,pretrain,Wai4ub90stQ,00002,0,pretrain,bDbN8R6Gb6Q,00010,4.940089595516335,9.856
val,trainval,FrsiPG3Cs08,50004,0,pretrain,CPVjktgYKo4,00023,-9.330957222071813,3.776
val,trainval,0MMSpsvqiG8,50022,0,trainval,RLh5CRUecfY,50001,-4.144423206304522,2.816
val,pretrain,mY2LIQbiGbo,00029,0,pretrain,IRhl1lr0nJg,00015,5.939329334901407,5.376
val,trainval,Ym6VkhUn0ec,50007,0,pretrain,bjNSaXg4S6Y,00017,-5.934028537737801,2.048
val,pretrain,pbSSrJGgVIo,00033,0,pretrain,WCj82W7XkjI,00012,5.414341581890502,12.096
val,pretrain,6a6vVIdQBd0,00019,0,pretrain,Ssl0043HgQU,00015,-6.311228511796583,7.36
val,trainval,iyfdWsa1zns,50004,0,pretrain,umgWcQ5uNu0,00009,-3.263452051214564,6.208
val,pretrain,7s2CoqypMLg,00023,0,trainval,GP4sBGbeF8w,50003,-0.6863862183039693,2.816
val,pretrain,tFGCB51xb6U,00018,0,trainval,PnMsSqLwaes,50002,-3.2921019092772603,2.048
val,pretrain,ygmlKMQ8kc4,00002,0,pretrain,tqf607N19Is,00017,9.02641574407457,5.44
val,pretrain,3z1cCT2NP4k,00008,0,pretrain,kbAac9DxM1I,00021,0.5355621405866433,5.504
val,pretrain,tFX1nQLZUVM,00006,0,pretrain,PB2OegI6wvI,00038,7.470682543795679,6.336
val,pretrain,1tcqfWkiShw,00002,0,pretrain,nCwwVjPNloY,00021,-7.689961013524449,11.264
val,trainval,TXaXvrd3jS4,50004,0,pretrain,zZo3S5j1Pf8,00008,-2.6822477055144445,4.608
val,pretrain,UUkAGboDMwI,00008,0,pretrain,59SRn1SkWAA,00025,4.1299144348309,12.48
val,pretrain,b81YwSOs8RM,00021,0,pretrain,HjSGqwAFRcc,00010,-6.349277368790236,4.096
val,trainval,0SW0HFy9Et4,50006,0,pretrain,yuu6o4AQwNI,00002,-4.184474135606678,2.24
val,pretrain,lwcvhh4pLjE,00059,0,pretrain,SryJK294Psw,00040,-5.44507983403266,10.048
val,pretrain,F0ofeD8VKMA,00072,0,pretrain,KE3SK9M3JjY,00011,7.131974782404683,5.056
val,pretrain,Wh9O3SciOYs,00029,0,trainval,kiDfwUQySEs,50014,6.029221054821157,5.568
val,pretrain,7Mqse6SLOds,00015,0,trainval,YO0lbdhF30g,50022,-5.154283250231884,2.88
val,pretrain,zb4bp2volBg,00007,0,pretrain,K926HAKRFvw,00022,5.6921196130441345,6.528
val,trainval,AvtStbwMQqs,50007,0,pretrain,dsmgvrcH94U,00007,5.309666093459388,3.84
val,pretrain,B9dm0PC0Sb8,00008,0,pretrain,fw01Sq0cxM8,00009,3.1371280242300426,5.76
val,pretrain,CHh6hWo1AFE,00009,0,trainval,CFtsHf1lVI4,50009,-8.467304220054949,3.264
val,pretrain,9SqHrhrTktc,00013,0,pretrain,LPrS7Skx9Y0,00030,3.897788917204508,10.496
val,trainval,SeJwaOCYWwM,50004,0,pretrain,ogXTSCI7KRU,00007,6.994507633377385,2.048
val,pretrain,SryJK294Psw,00015,0,pretrain,ea3HnhOLC9g,00012,7.953401746684371,9.856
val,pretrain,7Mn4PnGRuPk,00016,0,pretrain,7ShFmRzffOg,00011,6.987346658150699,3.072
val,trainval,6tpsSu5O0Ws,50008,0,pretrain,lVQ3KUTHDe0,00036,-9.542243104634737,6.208
val,pretrain,E6atIJ8RDzU,00013,0,pretrain,kSxhDZaLyVQ,00014,-1.0565781350910193,8.128
val,trainval,ZSRaJIMYSMs,50022,0,trainval,gXvblfSgwg4,50007,-4.91255559693462,2.24
val,pretrain,KQEWc3LVfyc,00028,0,pretrain,mGInCowjJ48,00005,-1.0091610749873006,5.248
val,trainval,hBtXiTumdY0,50006,0,pretrain,QLBtr2rOFkI,00015,-1.5860541542348834,3.456
val,pretrain,MOptnpjKJOM,00014,0,pretrain,St7SxHszKws,00008,5.549638924798867,6.656
val,pretrain,KaiwGb0csas,00025,0,trainval,kNhyOYv2ejw,50002,-4.281145798349688,3.328
val,trainval,zLNXIXingyU,50015,0,pretrain,fIw07IX6rG8,00010,4.166875865266045,6.144
val,pretrain,Tu01sNfs5SQ,00029,0,pretrain,6qTfX4U6CS0,00025,-5.100375846370817,5.056
val,pretrain,ltelQ3iKybU,00004,0,trainval,dLHWVTa5xZs,50016,-8.180923094502564,3.584
val,pretrain,KCL8NjN7FMQ,00030,0,pretrain,MOFdlEbu15g,00046,-3.4203745324970942,5.696
val,pretrain,0iTehgSOZ8A,00018,0,trainval,HQIi3nUXh0g,50009,9.223905775280183,2.24
val,pretrain,OaGEMSRms48,00017,0,pretrain,u8bsCiq6hvM,00014,-9.035622373538176,4.736
val,pretrain,y8qc8Aa3weE,00005,0,trainval,jxMvDpIeu9U,50004,-6.8287410704346385,2.304
val,pretrain,lPtPG2lAmm4,00009,0,trainval,ZVS5I2RMTGM,50002,5.845569975154088,4.672
val,pretrain,xNiBDGBw4Zs,00005,0,pretrain,9KaMufF0rAY,00019,6.89595083437634,2.24
val,trainval,0UmUgaJwEr0,50018,0,trainval,CiJ6ybBSm10,50003,9.166446078649987,2.56
val,trainval,VN357QrUdEc,50002,0,pretrain,mzy84VbSGxk,00017,-5.829792551929625,6.08
val,pretrain,VoCOzuWOgSY,00017,0,pretrain,IMjn62naclM,00031,2.219054213986505,9.088
val,pretrain,aT6vIq6S1OE,00023,0,pretrain,bq39x2HWjNk,00006,-3.582658212890597,4.8
val,pretrain,nHU9aLPyxf0,00010,0,pretrain,6wk4dkYSrV0,00022,-3.7206161187461584,11.2
val,pretrain,mSQmfZOVNPw,00018,0,pretrain,DZfOvYiQtow,00004,-8.871869788461165,12.16
val,trainval,LXQqrR9mDMo,50003,0,pretrain,dwU8eavPInw,00010,-6.32437478026767,4.096
val,pretrain,IOzdXNXzDqE,00007,0,pretrain,k5tCYg9s0HU,00012,2.012387872468132,8.704
val,pretrain,5aH2Ppjpcho,00024,0,pretrain,GZyjTPEufLk,00012,-9.794665517016227,7.36
val,trainval,CrsdoIOGCRw,50002,0,pretrain,KE3SK9M3JjY,00011,2.1806818482967554,6.08
val,trainval,S9PEogIrHSk,50014,0,trainval,xlggecnjOY0,50002,2.423005294791004,3.136
val,pretrain,yyW9W3e9VD0,00020,0,pretrain,HonUUtuCSwM,00004,-9.823487042933873,16.0
val,trainval,3GFG6Cvy9HQ,50003,0,pretrain,lrYx7HaUlMY,00013,4.731718368058633,4.416
val,trainval,nO69NjadSec,50002,0,trainval,eCknUJJc3qU,50009,-3.832431256477415,6.08
val,pretrain,MoSmgcxGYYE,00008,0,pretrain,dcySuzHPCWM,00002,4.49543087166486,6.976
val,pretrain,YSQSLapD3c0,00005,0,pretrain,uo7w3g24DWo,00020,1.9442001830950986,10.56
val,trainval,EZwxKPv1CwA,50001,0,pretrain,u4iOeHXObok,00004,-3.470358788563363,6.208
val,pretrain,JD4O7ama3o8,00022,0,trainval,lkzoQuzlW4M,50004,0.9069210764034032,3.968
val,trainval,4EUAMe2ixCI,50004,0,pretrain,CiSk3gmyjQ8,00007,-3.1006673969310805,2.496
val,trainval,8zj8HJntlP4,50010,0,trainval,5K57kcs15DY,50012,-7.307690243716705,4.416
val,pretrain,ORBf73HiJns,00034,0,pretrain,7Oe11XnBvA8,00032,-2.7144173421382938,6.4
val,pretrain,oSv7E8WK2Iw,00006,0,pretrain,9uuhxGhD9bo,00013,-5.597998307324962,8.896
val,trainval,DsSrzoyyfF0,50003,0,pretrain,Cd0JH1AreDw,00004,-9.672728676183933,2.816
val,pretrain,stAstsOxLPc,00012,0,pretrain,ZCRC5S0kfiw,00012,4.138179307530304,11.008
val,pretrain,aSpHGbL5138,00013,0,pretrain,u4iOeHXObok,00011,4.516373949382038,8.256
val,pretrain,apbSsILLh28,00020,0,pretrain,34a7UEzZdsA,00034,-9.14307083384571,3.52
val,trainval,utV1sdjr4PY,50015,0,pretrain,gdg4mUSwuhI,00005,0.3360240291147836,3.328
val,pretrain,lv9QDjw8GJk,00013,0,pretrain,iNOE0dZpHcY,00032,3.8045049872018204,3.584
val,pretrain,uUDu8jQ6qHo,00007,0,pretrain,2j00U6lUCSc,00018,0.11826107545267561,5.184
val,pretrain,8khcH5Lqxgk,00006,0,pretrain,IW8mHxAkOtA,00003,-9.101274752340775,4.288
val,pretrain,2NWpMqD8Qyk,00026,0,pretrain,qKlzdSH2X9w,00024,-0.5123898869735619,12.224
val,pretrain,gaY4m00wXpw,00011,0,pretrain,UVDgemuZdho,00032,-4.492943657493176,10.688
val,pretrain,T2jwSUhu7ok,00004,0,pretrain,V4Xw76SsHOM,00005,0.46856297875437747,10.112
val,pretrain,PsihkFWDt3Y,00018,0,pretrain,6Af5tJzSR2w,00025,6.128810056210469,6.464
val,pretrain,BXlnrFpCu0c,00003,0,pretrain,tlS3r8Gid90,00024,0.13576524548046187,6.08
val,pretrain,yP2niXStKVQ,00014,0,pretrain,lVQ3KUTHDe0,00035,7.371636844959998,11.008
val,pretrain,o5ojwGhKr20,00011,0,pretrain,pF72px2R3Hg,00048,-9.017613132788826,3.904
val,pretrain,k6qTwqiHnAM,00004,0,pretrain,u7SWcQaoaRQ,00008,-1.4306392567013262,7.36
val,pretrain,CLWRclarri0,00012,0,pretrain,pMYYxSim5QI,00012,-4.1687985046628695,8.896
val,pretrain,RcGyVTAoXEU,00008,0,pretrain,hmFnzc3oZ04,00006,7.436336164493127,12.544
val,trainval,dUdCToPPK5A,50003,0,pretrain,4ShLkgv6LSk,00009,-7.337796802584002,3.2
val,trainval,qtOIh93Hvuw,50013,0,trainval,DKISYPEF0Ls,50010,-4.598669195747882,2.88
val,pretrain,ASOvJjAw2Jo,00008,0,pretrain,Y0GHWogx0eg,00038,-4.733910940737496,6.4
val,trainval,gXvblfSgwg4,50007,0,pretrain,A9kQBAH1nK4,00019,-1.8752343424483229,2.24
val,pretrain,xZUzRDfQVYk,00003,0,pretrain,wfW3aZCFfLA,00023,9.460923881011002,6.912
val,pretrain,x8jdxSlf2Dw,00002,0,pretrain,yBFCSRtfTfg,00005,1.0227627743904488,5.44
val,trainval,cnDEVgxD6QQ,50003,0,pretrain,m7SuKQGPMSw,00019,8.837260677756234,4.672
val,pretrain,ROXUPr8Wqds,00020,0,trainval,d5wfMNNr3ak,50011,-5.781845898248861,6.208
val,pretrain,U5kIdtMJGc8,00002,0,pretrain,Ht6TTA8z3MI,00005,-2.453329561728161,6.08
val,pretrain,2tcEgqTWbxQ,00008,0,pretrain,wmE8dQcZgB4,00017,-2.4644972965741356,9.92
val,pretrain,0snNB1yS3IE,00033,0,pretrain,NwmGTM5Py8Y,00043,-5.144711784682632,6.08
val,pretrain,4BZuWrdCS9Q,00005,0,pretrain,x7I5BWWS0c8,00006,-5.942447292022511,5.248
val,pretrain,lnHXhYSeOJ0,00005,0,pretrain,4v4Pf5Dt8Hg,00040,2.1748279478133803,7.488
val,pretrain,jZxLsDkvkVQ,00018,0,pretrain,EZwxKPv1CwA,00046,-6.355782284545293,17.216
val,pretrain,XebNxUE3ugA,00008,0,trainval,HuWMO3M1HVQ,50002,5.1699419054646505,6.208
val,pretrain,5FjuSwOaV3Y,00021,0,pretrain,ta9jdCcqWiA,00015,-6.843221370849262,5.248
val,pretrain,eMMKxVcxjrI,00006,0,pretrain,vpTHi7O66pI,00002,5.284383699564563,4.416
val,pretrain,vVsXO9brK7M,00006,0,pretrain,gzcwS02ZB1o,00010,-8.156687745954303,15.296
val,pretrain,lPtPG2lAmm4,00011,0,pretrain,HJqtUUDhaxA,00045,5.1053147284174365,8.896
val,pretrain,jFd96USLjbM,00036,0,pretrain,wMWYLgj1ydw,00006,0.6922374438769108,7.68
val,pretrain,MAQihRikgZM,00010,0,trainval,XFOkSdlPafQ,50003,-0.5726505411757081,4.416
val,pretrain,iE7YRHxwoDs,00005,0,pretrain,6tpsSu5O0Ws,00009,-2.064587850438519,11.84
val,trainval,8zj8HJntlP4,50010,0,pretrain,8gSAkUOElsg,00039,5.541065571990394,4.416
val,pretrain,chXsLtHqfdM,00039,0,pretrain,evfgbVjb688,00011,-3.003362666961424,6.08
val,trainval,3sUWSDHOVn0,50006,0,pretrain,ElJxUVJ8blw,00003,0.2817254276048935,5.76
val,pretrain,sLiM2SizFl4,00030,0,pretrain,4BZuWrdCS9Q,00016,-9.274764328023945,4.736
val,pretrain,eJb3Z2RmRMo,00019,0,pretrain,5QGApheKRc0,00024,-8.7709040163473,4.736
val,trainval,MPMr5jPwA7I,50020,0,pretrain,QuaIMgzIOn8,00019,-0.680173350742324,4.8
val,pretrain,wX78iKhInsc,00004,0,pretrain,Qa2HpQI1Ufg,00014,-3.8522267259184524,4.224
val,pretrain,9YeQi5Zqy1I,00024,0,pretrain,xYemnKEKx0c,00023,4.7788198758304805,6.016
val,pretrain,jSS03JfgHEA,00009,0,pretrain,CFtsHf1lVI4,00038,-0.12098005278584978,6.912
val,pretrain,Qj4xf3U8dh8,00024,0,pretrain,az5vU9CT4CY,00033,-5.848585712644039,5.248
val,pretrain,umKKrbmdHFM,00004,0,pretrain,acJscdoP2a4,00002,7.087310624456997,5.44
val,pretrain,1QQ3gWmd20s,00007,0,pretrain,0GL5r3HVAZ0,00016,-7.206829177253969,6.72
val,pretrain,UUqr4P7P3gM,00006,0,pretrain,MF2Q6CcGN7E,00017,8.7947349910756,6.336
val,pretrain,2NcetHNXaxU,00027,0,pretrain,XDBWEKBq0Sw,00026,4.465626631141429,5.696
val,pretrain,0bop3D7SdDM,00001,0,pretrain,M1yCvKASWdU,00008,2.9309404380499355,5.952
val,pretrain,SeBUcBfkVCo,00031,0,pretrain,HNOnvp5t7Do,00017,-8.470617085629906,17.856
val,pretrain,Sb2qXygFm8U,00002,0,pretrain,PL9wP3pAl7A,00030,-5.013236582722243,17.408
val,pretrain,oVE5rRJa0D8,00008,0,pretrain,J3pGKt7fESM,00018,-0.47214175059292174,4.416
val,pretrain,jv8m8rycnQs,00010,0,pretrain,xEtXItg9hEE,00012,7.605164458436569,5.376
val,pretrain,AWEpeW7Ojzs,00011,0,pretrain,KQEWc3LVfyc,00044,-9.979562181942283,5.376
val,pretrain,ZcFRfJb2ONk,00001,0,pretrain,wZ2TF8SPGQ4,00002,5.5113725134592695,9.088
val,pretrain,QvSZ1MtaXME,00008,0,pretrain,0snNB1yS3IE,00002,-2.3497272816805452,3.2
val,pretrain,Ztgadh2C3So,00010,0,pretrain,OwRAFCrsDS8,00010,-5.95772794762879,8.32
val,pretrain,QUUFbS1hBtw,00013,0,pretrain,gypAjPp6eps,00029,-7.939125416591879,7.36
val,pretrain,tXlNvlzd9M8,00027,0,pretrain,lrZ2DJzbYYo,00026,-0.13100197993283658,3.392
val,pretrain,GqGksNRYu8s,00043,0,pretrain,ZHOyfyGwpes,00002,4.8633914422413405,5.44
val,pretrain,KCr8s57hdzY,00048,0,pretrain,oVE5rRJa0D8,00007,-5.087090909648411,9.472
val,pretrain,CqasLvlSWGU,00011,0,pretrain,8cwWSS29faQ,00011,7.6233469842372195,9.6
val,pretrain,Y81rCiw1LPY,00010,0,pretrain,xnovQVRHj5c,00020,-9.277949473776307,4.736
val,trainval,XPAG3I8P34k,50001,0,trainval,J6uL4vDAU3s,50001,-5.841162573801948,3.008
val,pretrain,W4I68CGUV3w,00002,0,pretrain,gmjSazFbpkA,00070,2.3239699078133462,9.536
val,pretrain,D9xJl4S6NsM,00009,0,pretrain,SbgwDk7A4as,00023,-0.3341721468498129,6.72
val,trainval,GDnYDLERnRE,50061,0,pretrain,g985z9Wq5gk,00042,9.37396975572155,3.392
val,pretrain,BcTOSxcv2So,00018,0,pretrain,STsOdmkH5fI,00035,-8.478020155690452,15.104
val,pretrain,SfHRcaS6r3w,00023,0,trainval,XS3m37czBfk,50034,-1.3081181223000033,4.096
val,pretrain,5nrn5fC001Q,00009,0,pretrain,Lrdn4lazVBc,00029,2.8021956948249827,7.936
val,pretrain,nLtUl2CP8ak,00026,0,pretrain,cbSts8fUhB8,00007,8.847376348658866,14.656
val,pretrain,h8cF5QPPmWU,00010,0,pretrain,eFwaRDqTUL8,00006,-0.4950155279423729,4.8
val,trainval,AU66C6HePfg,50005,0,pretrain,gEukNF40JTc,00011,-0.48661365551069125,2.432
val,trainval,aEjUlH7bNDo,50001,0,pretrain,vR8msiSohZM,00016,-4.659698897838438,6.208
val,pretrain,ym6OYelD5fA,00020,0,trainval,pQcFJSo3jpw,50002,-5.613037772250222,2.496
val,pretrain,2g9GedPylM8,00007,0,pretrain,wEM9c7RoVms,00017,0.9786622741093982,3.904
val,pretrain,HonUUtuCSwM,00025,0,pretrain,ATISgVUKetI,00007,0.1460862601500139,3.968
val,pretrain,gWD6g9CVSsc,00008,0,pretrain,1xgCI05l2GA,00036,-0.34237546679500497,7.936
val,trainval,sYySLEdYr8A,50001,0,pretrain,ldhppc7GmZg,00007,-3.2932240071036123,4.8
val,pretrain,LZAi7DlVN2g,00005,0,pretrain,aySy3tSYGYw,00011,-1.6918541754403371,3.968
val,pretrain,PzSw6OsEP9Q,00014,0,pretrain,b6rAgHcuYtE,00020,6.784410755214914,4.672
val,pretrain,AQcUeQsljSs,00006,0,pretrain,IkJTwfHPv6A,00016,-9.569768010325266,6.656
val,pretrain,h7qKzqQnjXw,00006,0,pretrain,g2m97gPI70I,00029,9.969726511929643,2.24
val,trainval,H3TFShI7zKc,50005,0,pretrain,ZbYDSIe5jsI,00002,-5.012334624365504,4.096
val,pretrain,kWnsmzSSgdI,00021,0,pretrain,ziGD7vQOwl8,00065,-4.6964738698309,4.224
val,pretrain,1pq5jnM1CSA,00010,0,trainval,F8bM8K7WSR8,50002,3.80855544607655,3.52
val,trainval,GOZOhpxSAFI,50015,0,pretrain,Rz8m1yDE0ms,00003,4.087214958744285,4.16
val,pretrain,YATYsgi3e5A,00020,0,trainval,lYdk1NK9Sr0,50017,-3.070581453794592,2.048
val,pretrain,BR9dbjubfuU,00010,0,trainval,7Iv2nZnZOrM,50023,-0.18129483272621805,4.736
val,pretrain,wX78iKhInsc,00012,0,trainval,vwhSTukb07U,50006,7.917793744456471,4.16
val,pretrain,YmlAl1SMtHk,00008,0,pretrain,2Shh4UkPVCc,00046,5.896928200477358,3.776
val,pretrain,lxYFURQ7Ehw,00017,0,pretrain,4AUSqB0RVNY,00028,7.086744129155505,5.184
val,pretrain,ao6WnXo8Fbo,00007,0,pretrain,LHd0vXDglb8,00002,1.4898298686620954,4.736
val,pretrain,xNiBDGBw4Zs,00015,0,pretrain,zIwLWfaAgS8,00029,8.362606202901585,12.8
val,pretrain,FwLeiY5f7sI,00030,0,trainval,dY7iATJVCso,50004,8.579519155678344,6.08
val,trainval,Oj8eFu72Sfc,50003,0,pretrain,cHSQGnhdSi4,00013,-3.437800377987024,2.048
val,pretrain,SYpHNImNsx8,00027,0,pretrain,mKe3QKctaS8,00032,-9.134524396700336,6.528
val,trainval,SeBUcBfkVCo,50021,0,trainval,0ZOqbO2jIKg,50001,-6.884769637032077,2.368
val,trainval,1O2l1dcSohA,50001,0,trainval,nVEvzeIXbpk,50003,-1.4989241576276786,4.8
val,trainval,DOYASAY7dO4,50002,0,pretrain,FjvjSlpJoqo,00005,0.012296300064846832,2.048
val,trainval,nQcgD5DpVlQ,50001,0,trainval,FnL7I6tESAs,50005,-5.690475654810614,5.76
val,trainval,2Pp9ONyxBr8,50004,0,trainval,ZLiUelSu7s8,50006,3.4835258536077838,2.688
val,pretrain,JaFSfq2Zn7I,00044,0,pretrain,XRP4xfN89Ss,00022,8.943150223178161,4.16
val,pretrain,kTqgiF4HmgQ,00015,0,pretrain,OISOhvOumT0,00008,6.938205383102517,5.632
val,pretrain,4mJ1aHFPS1M,00025,0,pretrain,jAGgKE82034,00007,-3.287631367149732,4.928
val,pretrain,PXMJobWlXks,00018,0,pretrain,6a6vVIdQBd0,00019,-9.172752494457184,7.168
val,pretrain,wtvhqeVoeqI,00006,0,trainval,YmlAl1SMtHk,50003,6.467588710552338,6.208
val,pretrain,U2dHczVSCdo,00013,0,pretrain,hZ6uYagzwVE,00009,1.3871867244682434,12.48
val,pretrain,WonC2e5aOGE,00021,0,pretrain,ydzNAuqUAnc,00011,-6.250434318615932,6.976
val,pretrain,JSLQxBbQPTY,00018,0,pretrain,UbVZ7rmDYrc,00020,7.010136486868575,3.008
val,pretrain,fBQnQTkhsq4,00003,0,trainval,EXo3qA9V3eI,50007,-8.068383263647243,5.952
val,pretrain,YdSSA7POsN0,00007,0,pretrain,FcoJt2KLC9k,00032,-5.01553201133726,4.16
val,pretrain,3WCwBVprDuQ,00024,0,pretrain,DLccHLwdS6Q,00019,-1.3805348615602178,3.328
val,pretrain,4BZuWrdCS9Q,00038,0,pretrain,xMS9HlSSLSA,00008,1.890599730328935,18.24
val,pretrain,GcJxRqTs5nk,00015,0,pretrain,7rMYfiRNT7g,00020,-8.510500252862126,8.384
val,trainval,MtSE4rglxbY,50001,0,pretrain,AFRmGkdXkxA,00002,-7.300002089798019,4.096
val,pretrain,ElJxUVJ8blw,00040,0,pretrain,Xv2gHiX9Bqw,00027,9.127935529720311,7.68
val,pretrain,5QGApheKRc0,00016,0,pretrain,D2IQkKE7h9I,00003,-4.203671999643488,5.696
val,pretrain,SB1JmOerYmY,00001,0,pretrain,3gSSNHO1dDs,00017,7.557770519069159,6.016
val,trainval,2OlhCITl1J4,50005,0,trainval,eAnHjuTQF3M,50002,-6.4669405701394655,4.992
val,pretrain,dm4fvbrMLPw,00014,0,pretrain,FktsFcooIG8,00010,-0.20659733155230597,10.432
val,pretrain,ihR9SX7dgRo,00018,0,pretrain,mLufqwmPl1A,00003,-3.627763177990076,6.976
val,pretrain,d3B541KM3q4,00002,0,pretrain,nn5k4snG3rA,00017,-0.6082596318324551,10.56
val,pretrain,7n9IOH0NvyY,00015,0,pretrain,IJmr7MsS8fw,00051,-9.205225431635355,4.736
val,pretrain,AQa3kUJPEko,00004,0,pretrain,rTJpJlVkRTA,00039,0.18890812075536445,8.256
val,pretrain,gyPoqFcvt9w,00002,0,pretrain,KsSSMh1QhMc,00023,1.487921031694654,9.728
val,pretrain,xnovQVRHj5c,00001,0,pretrain,PyXZvuxDkC4,00014,-6.6637638163885216,4.928
val,pretrain,mwzBJF5Q7Vw,00022,0,pretrain,wgPLGS1BvQo,00057,-7.368620331324671,9.728
val,pretrain,ab0PKt50RGs,00011,0,pretrain,mf5otGNbkuc,00011,-9.051762831553962,8.768
val,pretrain,LsESSyMnwmU,00052,0,trainval,RS5O4n0TqlU,50003,-0.6240694148227437,6.016
val,pretrain,sa0RUmGTCYY,00028,0,pretrain,GeDSgi0A7A8,00014,-5.242284847975389,13.056
val,pretrain,haTsrKptgIU,00009,0,pretrain,GqGksNRYu8s,00043,9.054525888416666,5.056
val,pretrain,KDBcoRLkut8,00036,0,pretrain,okQXrB7ySAw,00046,4.933350834330962,6.336
val,trainval,Wj7hmzfX5eQ,50003,0,trainval,tsFKSfItBoE,50003,9.46338148611401,5.696
val,pretrain,m0ZPM5I1tTg,00005,0,pretrain,y8ZMviYx9aY,00005,4.911673648022228,6.016
val,pretrain,DSbtkLA3GrY,00059,0,pretrain,3nsoNSLS8RQ,00016,6.632661703432877,4.48
val,trainval,AR6RiSHN7S0,50008,0,pretrain,S6pLPVfKFoQ,00002,0.17418242897017322,2.112
val,pretrain,weCFbknwZa8,00020,0,pretrain,ibcgMSS0mAs,00015,6.187727164002666,9.728
val,trainval,2S0aEezKvBE,50006,0,pretrain,I64CQp6z0Pk,00012,-7.231387602226171,6.016
val,pretrain,ibcgMSS0mAs,00005,0,pretrain,vzi4AopBEBg,00021,2.9052708706905115,15.04
val,trainval,Kxg0SEpOcWs,50001,0,pretrain,mLufqwmPl1A,00011,2.172257692596327,2.816
val,pretrain,PY9DcIMGxMs,00017,0,pretrain,SmQJYte4T2Q,00002,7.614145276480304,6.4
val,pretrain,5TKRSIKtaCg,00005,0,pretrain,VJRBx0JjMSM,00025,-0.9411404272230435,23.168
val,pretrain,3EvQGpQtX8o,00004,0,pretrain,3f6xCzKx9CA,00011,-5.497761055113328,11.52
val,pretrain,7JQbyvNjM74,00001,0,trainval,DJGreSgaOTc,50019,-5.961403196519088,2.688
val,pretrain,MLvwTlbj1Y8,00034,0,pretrain,19MSMRPgPYc,00014,1.314842653185977,13.44
val,pretrain,2Pp9ONyxBr8,00008,0,pretrain,6XNrzmh0EVs,00030,-7.549716425152109,7.296
val,pretrain,qmnVdzzAuQk,00008,0,pretrain,ISjk9ni4XWk,00007,7.657101176635216,8.128
val,trainval,zuAj2F54bdo,50007,0,trainval,Fb2J5eDoFko,50014,-6.313312993759643,4.096
val,pretrain,R84vqXjXWJc,00030,0,pretrain,Svo01ldlTQc,00003,-2.260174019516721,6.72
val,pretrain,SqgSz1UmcBM,00019,0,pretrain,kZP8KqrSbcw,00008,-0.8331250661342882,11.456
val,pretrain,SDSjySgNSTk,00008,0,pretrain,59SRn1SkWAA,00025,7.351986713390545,4.544
val,pretrain,eZgSGgToBEE,00014,0,pretrain,NPSelwWdPa0,00015,-0.013952437023901254,6.016
val,pretrain,gXvblfSgwg4,00015,0,pretrain,vzKA1y3cdYI,00018,-7.961899957655767,3.776
val,pretrain,d6eMdixkoRI,00012,0,pretrain,U23gPSGhW1w,00007,4.355659761153758,4.288
val,pretrain,6fJRmouSDL4,00004,0,pretrain,y3jYVe1RGaU,00025,8.575632409739747,5.76
val,pretrain,ZQBSh9k74aY,00011,0,pretrain,gyPoqFcvt9w,00005,0.682428063616447,4.544
val,pretrain,potB0voQzNg,00038,0,pretrain,bHLgTUV0XWI,00024,3.6299755171918697,7.808
val,pretrain,zawpbVpu5nY,00029,0,pretrain,ht1zFl7HyO8,00012,-0.9871069497059111,4.096
val,pretrain,PgCmT0qkfQM,00033,0,pretrain,v67c9gr4XnE,00001,0.18125259492924606,10.368
val,trainval,MpISFKqk0Ew,50005,0,pretrain,9RTkZaX1cH0,00020,6.212035551860062,6.144
val,pretrain,u4iOeHXObok,00013,0,trainval,nhrZHRqUaT0,50001,-6.909535592152405,5.696
val,pretrain,uPZw3ebk8oI,00001,0,pretrain,ea3HnhOLC9g,00023,-5.2688113851182,4.352
val,pretrain,V1gxziZwmkc,00012,0,pretrain,yq3TQoMjXTw,00025,1.0240593229121924,5.76
val,pretrain,NMfXycr7SOU,00002,0,pretrain,YyBk55G7Keo,00009,-3.3467017541038295,6.208
val,pretrain,FktsFcooIG8,00018,0,pretrain,6wk4dkYSrV0,00022,7.342940254150388,13.44
val,pretrain,wQ0NNmo42SA,00005,0,trainval,nx3GuO41Jyg,50045,5.680779585885844,2.432
val,pretrain,6hFxDLkWNPY,00016,0,pretrain,MvMUMShuMaI,00024,5.44631168750062,9.536
val,pretrain,2wseM6wWd74,00015,0,pretrain,CSeFjLZqXt8,00012,7.47795629880844,4.352
val,pretrain,kYZqyjzuaOw,00010,0,trainval,55n9pHSA0O8,50017,-0.9668778000891578,2.176
val,pretrain,A0V9Rk9tNL0,00005,0,pretrain,Ztl2li6GTWg,00003,-1.149993382349134,9.472
val,pretrain,stAstsOxLPc,00013,0,pretrain,eCknUJJc3qU,00009,-0.24091063168422622,8.64
val,pretrain,r2YiRiLAUSY,00028,0,pretrain,CtvIX4s1bTU,00023,-8.925789218185187,10.816
val,pretrain,xYemnKEKx0c,00024,0,pretrain,rTJpJlVkRTA,00032,5.767553316126575,4.864
val,pretrain,Lh9lDWPMWrM,00020,0,pretrain,kLIfeGflNp8,00024,-0.7978804923564198,4.736
val,pretrain,CHxhjDPKfbY,00019,0,pretrain,N0vRIqeoefs,00015,8.65905079684001,8.896
val,pretrain,tMSehhs1OSk,00003,0,pretrain,UWKvpFZJwcE,00027,-9.758496239454564,5.888
val,pretrain,N1R84S5DYEA,00006,0,pretrain,cWcVPpxezE0,00007,-4.233293185112393,12.16
val,pretrain,7H0USvVSfhU,00020,0,pretrain,I9tB6Q5bmcQ,00018,-5.392462792759318,7.424
val,pretrain,pY6ulSP70HY,00016,0,pretrain,tMSehhs1OSk,00010,7.515945542765966,7.488
val,trainval,K8Dj0oSf1SA,50003,0,trainval,MtSE4rglxbY,50020,3.4693066209148977,2.816
val,pretrain,QuaIMgzIOn8,00005,0,pretrain,eSBZigXlphY,00019,0.08988250367508321,22.336
val,pretrain,8woKcr7uSYQ,00023,0,pretrain,KzeQSZ3bQ2g,00006,-2.186834001631399,3.904
val,pretrain,evfgbVjb688,00037,0,pretrain,A9UmdY0E8hU,00014,-2.9361785614862956,3.648
val,pretrain,ZJPdJuhI03U,00021,0,pretrain,mYQx5n5SRVQ,00009,3.5629037541344672,4.032
val,trainval,uHRG3Vr9qyI,50005,0,pretrain,SmoW9jvvMr4,00030,4.877140183438904,2.624
val,pretrain,7p4zw4SqgUw,00019,0,pretrain,P1sbSJK1LiI,00012,-0.9348413530445931,3.968
val,pretrain,r9LelXa3USI,00028,0,pretrain,nLtUl2CP8ak,00014,0.36705141286093124,14.336
val,pretrain,lD69n6Ur2P8,00001,0,pretrain,fVhggGSjXVg,00002,-5.3926507186739965,5.76
val,pretrain,RGCVyI7x1kA,00001,0,pretrain,hscdmpKGqrQ,00018,8.79211016800745,8.0
val,pretrain,gEH4gSeSt3g,00006,0,pretrain,kFMZrEABdw4,00025,-4.4375604782845635,3.456
val,trainval,KvQRF6PKojA,50001,0,pretrain,haTsrKptgIU,00016,-2.5766653269420337,3.328
val,trainval,2j00U6lUCSc,50006,0,pretrain,aSLSiIskEFU,00052,0.14236252271439298,5.952
val,pretrain,iyfdWsa1zns,00023,0,pretrain,LgBjU8ovWh0,00027,-7.037529442470804,6.208
val,pretrain,ZuCX92wuw2g,00007,0,pretrain,8LQhhYgjlJ0,00004,-3.5768839478880254,7.168
val,pretrain,yXTtHmj1sr0,00005,0,pretrain,wWLf4u2xJVM,00006,8.302004536464995,4.672
val,pretrain,mAw2JSJPJQ0,00001,0,pretrain,YA87VEeoZLI,00012,8.467678581210464,6.208
val,pretrain,kTz52RWSbD0,00033,0,trainval,qxmEpmCtM3o,50005,8.296211144055135,5.504
val,pretrain,2URf46UY7SA,00011,0,pretrain,J9PgY1mbPgM,00023,-8.911868645602983,10.432
val,pretrain,pNttjJUtkA4,00010,0,pretrain,xHwMV35yjoE,00015,3.329141548071977,9.216
val,pretrain,Z41BTeAU7DI,00013,0,pretrain,dj4Qk5rUmRw,00008,-3.706101200334686,18.624
val,pretrain,415VX3QX4cU,00036,0,pretrain,BGcJXAXSSd0,00024,-8.618242930124014,5.632
val,pretrain,XKc9MJDeqj0,00008,0,trainval,4Lb5LSVEm34,50004,-0.4173266961930402,2.944
val,pretrain,5nys6iebjHw,00017,0,pretrain,VPweEhht9y4,00014,-0.5496463412692094,4.736
val,trainval,0Q1owhv3qAA,50003,0,pretrain,C2SVEM19NHA,00019,4.304177436514786,5.888
val,pretrain,HNOnvp5t7Do,00011,0,trainval,7SRGn75JcZ8,50015,-5.738090976020914,5.696
val,trainval,7Iv2nZnZOrM,50023,0,pretrain,gJv1WdMUz0w,00021,-9.107944003798796,4.736
val,pretrain,oPpE0AGqFuk,00014,0,trainval,BT2XlI8oeh0,50022,-4.268672515223411,2.176
val,pretrain,31PyAjy6Nl0,00020,0,trainval,FyL9OkVgZA4,50003,-7.104230018441136,2.88
val,pretrain,uDIyxxayNig,00029,0,pretrain,5iqZzi9mj4M,00012,-2.7044397412377474,4.032
val,pretrain,dSykikzbckE,00023,0,pretrain,nubSKdtzLcE,00013,-4.111824830741602,4.096
val,pretrain,bCGlWQnzDVE,00030,0,pretrain,WbuIl6phdco,00017,-9.556390372989954,9.92
val,trainval,fCKNScHMBGE,50008,0,pretrain,rSqYQXRVP0k,00014,-2.786358028726328,2.496
val,pretrain,FjnGdiqk96Y,00008,0,trainval,tF1oSdNwE8c,50002,-1.5377785770037633,5.248
val,trainval,qyecmU5r9SI,50002,0,pretrain,XGq3MXQlRJs,00012,-3.4193738461842926,3.136
val,pretrain,pj2YxCAnqx0,00003,0,pretrain,9VOHt1oULJ0,00026,-3.6089406137319973,13.376
val,pretrain,K5PEJPSwt0k,00007,0,pretrain,Cqj0sgrNL10,00035,3.4778113439535367,6.592
val,pretrain,FI8c14giiWQ,00004,0,pretrain,oGlsUYGMYks,00023,-4.810639363830996,8.384
val,pretrain,n8yhaFdSGpM,00015,0,pretrain,fqJAeReFr8I,00031,2.5960912135420493,7.424
val,trainval,bRuU02haIK8,50019,0,pretrain,lGbuCmuTJHg,00023,-1.682796871096988,3.008
val,pretrain,HS8y0WLm78U,00023,0,trainval,tVIaoQrnAxY,50001,-5.245169275683037,5.696
val,pretrain,8PQc3M2HQSs,00002,0,pretrain,mAvSoNUgMno,00024,-9.759907969461537,3.584
val,trainval,tbicAmaXYtM,50004,0,pretrain,qL7UlSA6rRk,00009,-4.233540353742706,4.48
val,trainval,BnC6IABJXOI,50018,0,pretrain,mkdSXHXhCcw,00045,-3.088901787127778,4.096
val,pretrain,KPPxXeoIzRY,00009,0,pretrain,uKByBgqxOw4,00008,1.537052701847072,3.968
val,pretrain,qItCBNzqdn8,00017,0,pretrain,lV3trdyDdHE,00006,5.330756741738398,6.016
val,pretrain,7JVTirBEfho,00025,0,pretrain,SwT0YLKbwoU,00003,-6.173385614535722,7.872
val,pretrain,aL00a3sfnYM,00003,0,pretrain,bCjfy8Z7dv8,00028,2.568405834276593,7.616
val,trainval,OwRAFCrsDS8,50007,0,pretrain,Jv5tn4MPJV4,00009,-4.452896640560901,4.288
val,pretrain,o0td5aw1KXA,00032,0,pretrain,Sm5xFSUYgdg,00007,-7.5169918641491895,10.176
val,pretrain,Hg9STIrY0No,00002,0,pretrain,V48M5jS6zdE,00034,-6.301473780761699,5.12
val,pretrain,CSeFjLZqXt8,00020,0,pretrain,U2dHczVSCdo,00013,4.952904985984496,12.48
val,pretrain,lV3trdyDdHE,00015,0,pretrain,hBOVuIIQUFc,00001,0.9247472777751433,5.376
val,pretrain,YmRKlZEXVQM,00021,0,trainval,f6CILJA110Y,50060,7.908093292542471,5.632
val,pretrain,UxtJtlgDkC8,00002,0,trainval,w6vVXmwYvgs,50001,0.36491638689684436,3.136
val,trainval,wn8S33NBB04,50014,0,pretrain,EU15c9hnftE,00019,3.074561145649181,4.672
val,pretrain,VfKWd7iXMSo,00004,0,pretrain,5OISkgjSjkA,00007,9.986340068897615,11.008
val,pretrain,W8OiVZrAj4c,00023,0,pretrain,gPQItVxvfZs,00001,-0.3154763568781771,9.92
val,trainval,IfqdMoKVIR0,50009,0,pretrain,lyu7v7nWzfo,00009,-0.6130566042183148,6.016
val,trainval,eH5qxw6Pd1c,50001,0,pretrain,JiwZQNYlGQI,00041,3.4676224099232584,3.136
val,trainval,1ZQmwVYNgPc,50001,0,pretrain,1SS2wOnkcSk,00004,1.6923431146613677,5.888
val,pretrain,ws4GZvNeQhQ,00028,0,pretrain,gSCSsL3it9Y,00014,-2.076948174718611,5.568
val,pretrain,1VRgmKiE0Js,00014,0,trainval,vQILP19qABk,50009,-0.939194746432042,6.08
val,trainval,CGksAjzI0go,50008,0,trainval,SRSJX0qRVSw,50002,5.448625196201666,3.648
val,pretrain,P2dlq8ZqjDM,00007,0,pretrain,4Lb5LSVEm34,00004,-9.160162753103325,8.256
val,trainval,wSepGxx36To,50018,0,trainval,9YeQi5Zqy1I,50008,-6.077913540084488,4.288
val,pretrain,pX8zZdLw7cs,00034,0,pretrain,0OkOQhXhsIE,00006,0.16241645367355773,15.68
val,pretrain,8sQ2p89P0Us,00007,0,trainval,IMjn62naclM,50006,-8.63232282767263,3.328
val,pretrain,WCGuG0uT6ks,00010,0,pretrain,xV7IvRT5Qyw,00014,4.12922763812087,7.872
val,trainval,20adDr7Felw,50002,0,pretrain,twWkGt33XSk,00008,9.544628052304706,3.456
val,pretrain,RKK7wGAYP6k,00002,0,pretrain,lQDxasFKQCA,00020,5.150400000434473,8.32
val,trainval,h7qKzqQnjXw,50005,0,trainval,SQB9zNWw9MA,50002,2.364623699735489,2.56
val,trainval,0bop3D7SdDM,50013,0,pretrain,SDSjySgNSTk,00020,-7.891179592812803,5.248
val,pretrain,gSHbRSAcN6Q,00007,0,pretrain,SJ5bDhMP9lQ,00027,7.639092320984709,7.488
val,pretrain,WxUf326kZ1I,00003,0,pretrain,nLeeTVmVrtA,00025,2.033719732690445,5.184
val,pretrain,wcSMzf3ztcs,00002,0,pretrain,LWQfeSSfNbs,00006,-0.546849963710919,3.84
val,pretrain,9o5jAaZn2p0,00028,0,pretrain,mA1vshSuyQU,00022,-4.951247622975458,5.888
val,pretrain,DhSoIwxWkkI,00032,0,trainval,KOtFDsC8JC0,50004,-7.650065221597917,5.056
val,pretrain,488ZBeaGo6s,00030,0,pretrain,Aoa20kFNYmY,00003,1.5524946797926482,4.288
val,pretrain,JD4O7ama3o8,00017,0,pretrain,gC1CVOn8JQk,00008,-0.7704245778339427,16.576
val,pretrain,qqNLSZ6SSSc,00028,0,trainval,CGksAjzI0go,50012,-6.193035069761457,5.824
val,pretrain,Ytw0I6ytRto,00031,0,trainval,9EglK8Mk18o,50027,4.045429185606009,3.2
val,trainval,jFG7jqJXbno,50007,0,pretrain,ZJPdJuhI03U,00008,7.997186270852101,3.264
val,pretrain,5J6jAC6XxAI,00032,0,pretrain,2NcetHNXaxU,00001,-9.461044744830732,12.608
val,pretrain,lv2SjZ6tIGg,00010,0,trainval,bvAEJ8G9l9U,50026,-1.6675226063859068,6.08
val,pretrain,31iuh9pfFwg,00029,0,pretrain,KshwSURVhZA,00007,3.6738411881388693,10.24
val,pretrain,lASzdhSbQBo,00016,0,pretrain,uVAaZVz9pDs,00044,5.496200183289011,11.904
val,pretrain,XxSSz2xiuyA,00001,0,pretrain,fSRWTyY2YSM,00036,-8.542564792140737,5.12
val,pretrain,drv3BP0Fdi8,00049,0,pretrain,dFC2pSkETas,00008,3.786427248178004,4.352
val,trainval,sIPvnWZ5O6Q,50004,0,pretrain,vUP0ytS6ba4,00015,-1.64428092925818,2.24
val,pretrain,o2WyXD7IaN0,00021,0,trainval,LSdPxGLesE4,50002,1.658003603989167,4.096
val,pretrain,MoSmgcxGYYE,00070,0,pretrain,CstD6O95LSo,00025,0.48302166584066697,3.456
val,trainval,55n9pHSA0O8,50017,0,pretrain,cdpIwjTtLlg,00008,-4.803342949923359,2.176
val,pretrain,teVE3VGrBhM,00023,0,pretrain,u9FSvAVQvGM,00017,-6.129441656690902,21.76
val,pretrain,eS5wqwp64MM,00005,0,pretrain,C8QCStOtqus,00021,-0.09950889224721493,5.888
val,trainval,Fb2J5eDoFko,50015,0,pretrain,zqLYcJ6Ib3c,00032,5.4324560404571365,6.208
val,trainval,BoRUrWcdkQ4,50042,0,pretrain,YeXcNpVkezI,00026,3.2619023291719103,2.112
val,pretrain,ZLiUelSu7s8,00009,0,pretrain,FcecqQkyKoM,00004,0.9720636675431855,18.944
val,pretrain,5ErKrSyUpEo,00039,0,pretrain,hvStFIuhD8E,00015,9.207267299132408,7.296
val,trainval,mQOOgDqUta0,50012,0,pretrain,UbVZ7rmDYrc,00020,6.094641054407774,3.456
val,pretrain,RSl1ramE35s,00018,0,pretrain,LMrzdkSYnYY,00016,-0.9715493869172,3.52
val,trainval,acJscdoP2a4,50005,0,pretrain,fDzj9vRw5yM,00002,-7.803886067005501,2.048
val,pretrain,bDbN8R6Gb6Q,00002,0,pretrain,1S9RVl1dSl4,00012,-2.018728710092052,9.92
val,pretrain,2Pp9ONyxBr8,00014,0,pretrain,4c1lqFXHvqI,00029,-0.7153518001446848,10.56
val,pretrain,xqahH6DLtbo,00001,0,pretrain,PGsQwAu3PzU,00007,-7.127221829108272,3.904
val,pretrain,IWjzT2l5C34,00006,0,pretrain,KzeQSZ3bQ2g,00006,8.463817596756982,11.2
val,trainval,I4fJPKSKbrA,50001,0,pretrain,hfznpykprP0,00018,4.523653167776411,3.136
val,pretrain,aUBawr1hUwo,00038,0,pretrain,raCIUeGUr3s,00045,8.048040565730346,7.168
val,pretrain,CstD6O95LSo,00031,0,pretrain,MLU7qcMYKO8,00007,6.131750383434078,5.056
val,trainval,weCFbknwZa8,50001,0,trainval,BwIGcvBGSRk,50012,4.012564384181642,3.648
val,pretrain,kEejVSZ5mLY,00017,0,pretrain,fSRWTyY2YSM,00024,9.701223624606953,6.208
val,trainval,E0M1beV91js,50003,0,pretrain,rTJpJlVkRTA,00039,-2.312951271767407,5.696
val,pretrain,rokPqHc9iD0,00016,0,pretrain,7Y9W1Gex660,00005,7.6279974584409835,8.96
val,pretrain,zuAj2F54bdo,00021,0,trainval,CiLnSGrcuEs,50006,-7.510460490161028,4.736
val,pretrain,gLDQr9i7LkM,00014,0,pretrain,S7rSSd1fiUc,00003,-3.214667011236765,3.712
val,pretrain,iP9QFSlBOyA,00021,0,pretrain,M4soSZ9aSu0,00003,5.938949494938848,12.16
val,pretrain,uYyvbgINZkQ,00037,0,pretrain,7Xmr87nsl74,00005,-1.8609345913757451,3.2
val,pretrain,Qm172DbaSbc,00016,0,pretrain,XzDNfLnUOYY,00036,-5.663557299364874,4.608
val,pretrain,JNcLKbJs3xk,00012,0,pretrain,1BHOflzxPjI,00022,3.0226724860072878,2.88
val,pretrain,5pXelS1clHs,00006,0,pretrain,EKy19WzkPxE,00013,-5.342372092894918,7.488
val,pretrain,oJfFMoAgbv8,00018,0,pretrain,wJttdkKo4nM,00005,-8.811872398217718,9.28
val,pretrain,xpnFeyMGUs8,00002,0,pretrain,BMOjVYgYaG8,00025,-2.0857035527598917,3.84
val,pretrain,ydZfSuzSHu8,00012,0,pretrain,03h0dNZoxr8,00005,-2.218346198011705,8.32
val,pretrain,CiJ6ybBSm10,00018,0,pretrain,1pq5jnM1CSA,00018,-8.823388212165833,12.48
val,trainval,AoAbPIbGLUo,50025,0,trainval,esugL07XANg,50013,7.050669115178238,2.176
val,pretrain,11Mq9ZuxZMc,00025,0,pretrain,dSKkk618ax0,00004,-2.3518679033722245,6.4
val,pretrain,v2jSfxnRPSE,00010,0,pretrain,LlQXs0yofMs,00023,-7.567941070945015,3.52
val,pretrain,2OH1xSaKSmI,00024,0,trainval,3gSSNHO1dDs,50004,4.909603108750737,2.496
val,pretrain,xSLkNjQyHww,00032,0,pretrain,M8CTOjQhJFo,00010,5.301011310239945,5.632
val,pretrain,f6CILJA110Y,00051,0,pretrain,ouXGIw7gBmk,00024,-0.10217398252648557,5.056
val,trainval,0K5OO2ybueM,50010,0,pretrain,RtFFT4zjyTM,00008,8.938792134236003,5.568
val,pretrain,ANFQPEkczYc,00008,0,trainval,60P7717SXOQ,50001,-3.371869369534604,2.688
val,pretrain,O90nfczjNHA,00007,0,pretrain,86Hyq4bBpA0,00005,1.60392717914762,16.256
val,trainval,PUh5msG0rG8,50002,0,pretrain,1o9NEtA2IEQ,00015,-5.694106697979993,2.176
val,pretrain,jSOPQgPIdKg,00025,0,trainval,gh5VhaicC6g,50050,-5.949048678281541,6.144
val,pretrain,b64qvG2Jgro,00012,0,pretrain,CqasLvlSWGU,00011,2.1517902264077886,5.44
val,pretrain,wfNX1cHkSfE,00002,0,pretrain,f8U2GwInI9o,00015,-1.1512350472212258,9.6
val,pretrain,WbuIl6phdco,00017,0,pretrain,zqnZCSVsqPw,00002,-1.4875761994767327,7.296
val,pretrain,ZzugJPASNB8,00033,0,pretrain,3UaOl8SYHes,00008,0.23814950107229116,9.472
val,trainval,XPkV1bDZDl4,50003,0,pretrain,lSYy6poJ2zs,00003,0.43918879943642786,6.08
val,pretrain,gLdBqrTOQxc,00021,0,pretrain,86xSuStz0MA,00031,-5.199981237529792,4.48
val,pretrain,WNj1Y11tSx8,00007,0,pretrain,breDQqrkikM,00037,6.715312226017922,8.128
val,pretrain,ddw1S3ZVjTE,00024,0,pretrain,k5tCYg9s0HU,00021,2.054111208045084,9.664
val,pretrain,pNttjJUtkA4,00049,0,pretrain,3rbVQNTzCh8,00020,-2.288121435602946,7.616
val,trainval,5pGWV4KBDUs,50001,0,pretrain,KCr8s57hdzY,00043,3.3794148757039455,6.016
val,pretrain,H03o2WCBoDU,00015,0,pretrain,GzB0BDstCI0,00005,-5.9989594912914335,13.12
val,pretrain,ZLiUelSu7s8,00018,0,pretrain,xTBYcSL3MrI,00013,3.2530949257614257,25.088
val,pretrain,aiDSQyFdd68,00031,0,trainval,y6FT80ZoVJY,50004,-6.997301560362812,6.08
val,pretrain,9SQYDFiWnSs,00027,0,pretrain,ShFk6FDrZBc,00015,-0.8165085729096191,7.68
val,pretrain,kjmsb9pDrF0,00021,0,pretrain,IKZCw4xdESQ,00042,5.408934624010456,2.368
val,pretrain,DlGUSNXOdpQ,00018,0,pretrain,IWjzT2l5C34,00040,9.162558024721783,5.952
val,pretrain,qty0NjF3pdQ,00011,0,pretrain,NAcuH7nSdLc,00048,-3.34838140639971,9.216
val,pretrain,3nsPcBJAdxI,00015,0,pretrain,F10t7i8wHaM,00024,6.29863373018053,5.376
val,pretrain,3UFGqjWcVU8,00032,0,pretrain,DhSoIwxWkkI,00004,0.5502967426384338,5.056
val,pretrain,jpeSLKnS4gM,00020,0,pretrain,c8re1U9rCo4,00007,-0.14031517016169204,6.016
val,pretrain,B9bDZ5SzPtY,00020,0,pretrain,2Yt6rajSS1M,00002,-1.038986379228934,7.232
val,pretrain,ramueKMLXZY,00010,0,pretrain,XRP4xfN89Ss,00007,-4.205367806267337,3.648
val,pretrain,ao3NtIZ0iBU,00004,0,pretrain,v2jSfxnRPSE,00013,-3.9685942761334996,9.216
val,pretrain,hPVLbEapUD0,00006,0,pretrain,vbHkhSfaQu8,00008,3.13537450327515,5.568
val,pretrain,CycOuSVQOnM,00014,0,pretrain,NcmxEPOQQzg,00016,-5.131493783068213,4.608
val,pretrain,5iqZzi9mj4M,00012,0,pretrain,EluxCgnQVzg,00019,7.88122209767435,4.032
val,pretrain,N8Votwxx8a0,00019,0,pretrain,hxPiz2sE0h4,00009,-1.7210189029396084,3.392
val,pretrain,hfznpykprP0,00009,0,trainval,xgKqX5Yj3b8,50006,3.8521922696833037,2.304
val,pretrain,asSNPOU5U3c,00012,0,pretrain,nshZ0SMsn9s,00015,4.716422521151349,8.768
val,pretrain,6qqqVwM6bMM,00008,0,pretrain,wmE8dQcZgB4,00001,9.993230337116849,3.968
val,trainval,uDIyxxayNig,50018,0,pretrain,zWxFhFZJDks,00018,-8.664064687087281,4.544
val,pretrain,pSCefSAYqaA,00020,0,pretrain,dcySuzHPCWM,00022,4.8425147608228425,2.688
val,trainval,VehHPwAVL9g,50013,0,pretrain,oSv7E8WK2Iw,00013,-3.5630403542325606,3.84
val,trainval,KI3WJXNhCJ8,50024,0,pretrain,CE3tL9MMk3U,00001,-4.55419154211757,5.184
val,pretrain,Zctk6MZaxMk,00005,0,pretrain,hrpwRdijvCM,00001,3.381998725041724,8.96
val,pretrain,q06YIWCR2Js,00025,0,pretrain,UdsUVjeJuPE,00026,5.814129399610991,11.52
val,pretrain,NFIOuy3JSIQ,00010,0,pretrain,ZIVSJYazE9s,00005,5.8635879839141225,5.248
val,pretrain,RvnS3cCrl9c,00017,0,trainval,DqbM1ZrpTQg,50007,8.917852009449994,6.208
val,pretrain,sHdYaMyR5S8,00030,0,pretrain,ElJxUVJ8blw,00035,3.924160123670621,6.976
val,pretrain,oKtALHe3Y9Q,00011,0,pretrain,SC3DVeWT09w,00029,1.2037662647850524,10.688
val,pretrain,IQDrStvBt9s,00002,0,trainval,buHSvs7LFzw,50002,-2.6367532892827628,2.56
val,pretrain,nOHbn8Q1fBM,00040,0,pretrain,9jRkACywckE,00013,-4.35812355390172,5.568
val,pretrain,5PhNVxr7Vtw,00020,0,pretrain,YhCkjRXgnDw,00025,-7.110090404082287,16.32
val,pretrain,fnhJUeCQfSo,00009,0,pretrain,XkiXXPShycA,00024,-5.965321009517737,9.024
val,pretrain,1Totz8aa2Gg,00004,0,pretrain,cMXFiYhm79g,00003,-0.861332817110041,7.232
val,pretrain,y2yka9lyvMA,00032,0,pretrain,Urk3xn7l3AM,00002,9.538642014225836,7.168
val,trainval,KTvSfeCRxe8,50003,0,pretrain,LI8ix9IghkY,00014,8.000506230752588,5.888
val,pretrain,lQflBowgVB4,00024,0,pretrain,KfK3eKSkOQA,00010,-5.476095461190569,4.16
val,pretrain,aTgPJQ9Dy7Q,00016,0,pretrain,dcySuzHPCWM,00046,-2.419197082687341,13.568
val,pretrain,VekRvcbL4yk,00039,0,pretrain,eMSonXncSjA,00002,-1.545005503614087,8.896
val,pretrain,ddek3gQVt9Y,00003,0,pretrain,nzj7Wg4DAbs,00048,-6.747442943942302,4.672
val,pretrain,A47JaOMDH4c,00020,0,pretrain,X4LOF6ftJVU,00005,7.934913615129723,5.44
val,pretrain,2XiDdnDCD34,00033,0,pretrain,Y8wol2nGSpY,00005,-4.206574901113793,5.312
val,pretrain,iCvmsMzlF7o,00036,0,pretrain,oZ2eT76Sb4I,00012,-3.2837343474153506,5.696
val,pretrain,r6nSmSTKHGc,00001,0,pretrain,M9pPgIraoOM,00020,4.3947416910602755,6.336
val,pretrain,xbagFzcyNiM,00016,0,pretrain,CFADnhYKDHg,00009,-4.184398940772782,34.176
val,pretrain,wDkH7Qpu6V4,00001,0,pretrain,uNQujCwCu88,00013,-8.79391880385006,4.736
val,pretrain,SNzyG5RzZyY,00002,0,trainval,zISxg4JhSRk,50036,-8.985883678631833,2.88
val,trainval,8aSUUhW7SHU,50035,0,trainval,K926HAKRFvw,50001,6.425324584135755,2.368
val,pretrain,u9GEmyZ8B3Q,00002,0,pretrain,qNvDRuGK84I,00017,-8.79696851253729,11.136
val,pretrain,LS3wMC2BpxU,00012,0,pretrain,eH5qxw6Pd1c,00003,6.1425138315080545,9.728
val,pretrain,F1Kml3zuTco,00007,0,pretrain,zLNXIXingyU,00012,-7.699034767485293,4.416
val,pretrain,QpmsftF2We4,00013,0,pretrain,lkzoQuzlW4M,00010,3.334795507787465,12.16
val,pretrain,n8eyF4UWG38,00026,0,pretrain,KPPxXeoIzRY,00002,-4.686079698905871,12.224
val,pretrain,GzB0BDstCI0,00002,0,pretrain,eQdFkSSgHYo,00024,-1.6985263948717115,4.416
val,pretrain,gXvblfSgwg4,00015,0,trainval,P4pKrxVcvJc,50015,2.3406200696696278,3.776
val,pretrain,td5Ld3nURAI,00002,0,pretrain,9VF7kffCgJU,00007,-4.27368691912041,10.24
val,trainval,8s3bdVxuFBs,50005,0,pretrain,asgdGSGQBgY,00004,-7.144142488733809,3.648
val,pretrain,7npLVcymHGc,00052,0,pretrain,Rv9SwZWVkOs,00012,3.219291083779847,6.336
val,trainval,79tRTivyMSM,50009,0,trainval,ZBg5QvcZQP8,50010,-3.9240208038910023,6.08
val,pretrain,druJDI6hiiY,00010,0,pretrain,AzcMEwAxSP8,00022,8.042933657706335,4.608
val,pretrain,7hFy02TSH4U,00002,0,pretrain,gZga0AmCGdE,00007,5.143570811129614,15.744
val,pretrain,a7cDt5r2pGY,00035,0,pretrain,tTvIEUGCigk,00009,7.452791566309273,9.856
val,pretrain,X41iulkRqZU,00033,0,pretrain,oXbhTHaMwTw,00034,-6.997875199209284,12.416
val,pretrain,2OH1xSaKSmI,00021,0,pretrain,9X68dm92HVI,00032,-8.08984742825884,10.496
val,pretrain,vwhSTukb07U,00030,0,pretrain,23Uuehgmd14,00021,-3.9805489183408627,4.736
val,trainval,B9DdIivSGts,50002,0,pretrain,gJv1WdMUz0w,00021,0.5365988719109822,4.416
val,pretrain,KElS5nZD5yc,00005,0,pretrain,bGBamfWasNQ,00027,-3.7472039548858955,7.232
val,pretrain,mArrNRWQEso,00084,0,pretrain,QxkxcsrveLw,00009,-5.541392807599321,13.12
val,pretrain,04VbxnzUwes,00002,0,trainval,f6CILJA110Y,50046,4.981501587398098,2.56
val,pretrain,F0ofeD8VKMA,00072,0,pretrain,dcwuBo4PvE0,00004,5.85841015434861,5.056
val,pretrain,w96osGZaS74,00030,0,trainval,Wtp7R97jz5k,50008,1.969456087720598,5.248
val,pretrain,Jp9b2Hf7QWg,00009,0,pretrain,USkXuQHZmWs,00009,-2.8960041661053886,8.576
val,pretrain,CFtsHf1lVI4,00038,0,pretrain,xBJwjuPXTzs,00005,-6.585446809109334,25.664
val,pretrain,8xHrpO6p7dE,00027,0,pretrain,tpODOkfrwyQ,00001,-7.680920680723425,10.816
val,pretrain,Cqj0sgrNL10,00006,0,trainval,NtOoDN0ojxo,50005,-7.3084475408382366,5.952
val,pretrain,YeXcNpVkezI,00024,0,pretrain,dvuh1Np35Pk,00005,-7.763938617413699,7.36
val,pretrain,uSMqkSqSgN4,00018,0,pretrain,N0vRIqeoefs,00046,4.06976462236983,3.328
val,pretrain,UTwRlz13NYI,00002,0,pretrain,vrU6YJle6Q4,00021,-6.042372706313051,3.2
val,trainval,DW5YctpK7pM,50009,0,pretrain,OH0dK208MNk,00003,-3.261945288753365,5.888
val,pretrain,az5vU9CT4CY,00008,0,pretrain,KQEWc3LVfyc,00074,9.002397218425358,5.568
val,pretrain,c2tOp7OxyQ8,00005,0,pretrain,n8eyF4UWG38,00003,-4.564543268645078,8.768
val,pretrain,FAubx3BBgLk,00009,0,pretrain,ay8OMOsf6AQ,00001,-0.45476138336398364,10.816
val,pretrain,KQbTvFHymLc,00033,0,pretrain,sS9ys09BkGE,00012,0.8925646603198416,5.44
val,pretrain,n4EhJ898rSk,00027,0,pretrain,Mb8x6vLcggc,00005,-9.7342288565333,21.568
val,pretrain,qYvXkSbqlBk,00002,0,pretrain,u0VHC1SDOS8,00053,-9.784221666362926,2.944
val,pretrain,nW5VhQyc4Fg,00008,0,trainval,iOByGJskqks,50009,8.992387025576,2.304
val,pretrain,sK4rgGgqzmY,00002,0,pretrain,nXOSQeZNjJo,00010,-8.464009459776214,18.112
val,trainval,uYyvbgINZkQ,50007,0,pretrain,gBkIyJ7kfSI,00004,6.880893242041044,3.136
val,pretrain,2xs8qmk0OPc,00024,0,pretrain,AFRmGkdXkxA,00022,-3.41210334299459,10.048
val,trainval,UpkAqPEcMyE,50002,0,trainval,KVhWqwnZ1eM,50019,-4.669134142705149,4.096
val,pretrain,fW6AndSUByo,00016,0,pretrain,Z6T37m4r3yo,00033,9.088777862813878,3.008
val,pretrain,CstD6O95LSo,00025,0,trainval,DBoShCrKfLQ,50010,0.7066965479868887,4.288
val,pretrain,5FjuSwOaV3Y,00028,0,pretrain,zuLOT6GsAxw,00026,-4.4034583442684365,7.04
val,pretrain,9YGZkgkj3fM,00028,0,pretrain,aILSY9g7Tg0,00019,5.458079986007222,20.8
val,pretrain,EijI8QaExDg,00011,0,pretrain,0ZhL7P7w3as,00044,8.362642593331199,6.272
val,trainval,Lh9lDWPMWrM,50006,0,pretrain,3bjSba3PScU,00004,-4.133711408216643,5.632
val,trainval,xbagFzcyNiM,50003,0,pretrain,xLuMcYn8Yk0,00018,5.2539083375920175,2.816
val,pretrain,7JVTirBEfho,00025,0,pretrain,GZGY0wPAnus,00015,7.569291156727555,9.6
val,pretrain,eQdFkSSgHYo,00026,0,pretrain,YPLGuwXomYQ,00002,5.5164853261100415,4.544
val,pretrain,uS3UYncNwz4,00034,0,pretrain,c00zfzk4gdg,00035,8.229220918549863,14.976
val,pretrain,RWiI7AkDXSo,00003,0,pretrain,mgBsSW5CFnw,00024,5.511395569870423,7.424
val,pretrain,Yagdvqn2YMU,00027,0,trainval,vdDFLzyk94k,50001,-2.6549386493736726,6.08
val,trainval,YO0lbdhF30g,50014,0,pretrain,wAIP6fI0NAI,00023,6.197713768431676,4.416
val,trainval,5pIGDw18mIQ,50004,0,pretrain,YSQSLapD3c0,00001,4.02155505871727,6.208
val,pretrain,VmP574ikRFs,00022,0,pretrain,QISHX5UKky0,00011,-9.110955809023642,4.416
val,pretrain,OAK1UIbSFio,00017,0,pretrain,Y28ARjfk4gg,00006,-2.1507043139457904,4.224
val,pretrain,2SIk5ofBKco,00007,0,pretrain,cSsxBTNF2U8,00029,-3.39221047170021,4.48
val,pretrain,lSYy6poJ2zs,00005,0,trainval,ouXGIw7gBmk,50009,-3.4809509998799326,3.776
val,pretrain,Pmbkx71iedM,00009,0,pretrain,7npLVcymHGc,00031,9.577753130680279,9.344
val,pretrain,3rbVQNTzCh8,00019,0,pretrain,97MWOERYSdE,00017,-3.4317738462679,3.648
val,pretrain,mMYhgTgE6MU,00021,0,pretrain,U7y4GlmwPLQ,00018,-9.693721392825111,7.104
val,pretrain,88SlA2EZxtY,00006,0,pretrain,DkyMCCnNI3Q,00006,6.130580983538973,6.656
val,pretrain,k9QTVIISlkg,00016,0,pretrain,gZCgWmose3c,00008,3.167192231432569,7.36
val,pretrain,iARReKKgETs,00008,0,pretrain,FDhlOovaGrI,00015,9.813043582678077,8.0
val,pretrain,TFvkq4BAvnw,00037,0,pretrain,7NJhq163t78,00011,7.0781808594026465,3.84
val,trainval,vdDFLzyk94k,50008,0,pretrain,fm9SH6NucHk,00005,-6.641259628765037,3.968
val,pretrain,ay8OMOsf6AQ,00022,0,pretrain,5tal0NkWW1E,00015,7.170257062689021,6.528
val,pretrain,b2qM1ISJCEQ,00017,0,pretrain,uJZWcKOIZMo,00003,6.134468206953919,7.744
val,pretrain,LS6TWtYWaPA,00007,0,pretrain,UROCz70tlMY,00033,9.190650170285089,9.6
val,pretrain,N7wF2AdVy2Q,00047,0,pretrain,y3EG6cO3ngc,00012,5.170296203298925,5.888
val,pretrain,8khcH5Lqxgk,00002,0,pretrain,SEDvD1IICfE,00024,-2.6500910751950872,3.648
val,pretrain,VHECIP6Tz0M,00003,0,trainval,v22SdEMzxO4,50017,1.1380886090414926,3.84
val,trainval,56WGgJNBRxQ,50032,0,pretrain,aiIxdFBA0Sw,00003,-8.825072562724468,5.888
val,pretrain,MLyguFQR5N4,00029,0,pretrain,DajRM7VyeZ4,00024,-1.828903585315988,17.216
val,pretrain,Fb2J5eDoFko,00012,0,pretrain,Fc1yN6uxZfQ,00055,6.638972524836667,13.632
val,pretrain,DZQe73IXZtU,00002,0,pretrain,iSRWMLMBkqk,00006,3.3079257385269774,9.728
val,pretrain,nFSdHdNOgSA,00021,0,pretrain,okQXrB7ySAw,00022,1.8924127202517376,6.208
val,pretrain,YeXcNpVkezI,00016,0,pretrain,y8ZMviYx9aY,00009,-2.4167655358383655,14.4
val,pretrain,erCApSBd0AQ,00018,0,pretrain,SYHG5y4tvLw,00018,-5.926153504425513,3.904
val,pretrain,s6rJLXq1Re0,00012,0,pretrain,nx3GuO41Jyg,00030,2.1795318598302433,4.416
val,pretrain,RxyQNEVOElU,00048,0,pretrain,C9XIVtUEgFE,00009,-0.32006831344446596,11.456
val,pretrain,zawpbVpu5nY,00016,0,pretrain,bJ8Kq1wucsk,00005,-0.5856545149951291,10.496
val,pretrain,nzj7Wg4DAbs,00048,0,pretrain,Melo1Bgporw,00007,8.093309636567533,5.12
val,pretrain,SS6ZojCzNGY,00044,0,trainval,hVsnkRoYfX0,50005,8.243077724535027,2.176
val,pretrain,LuG2rf9enHE,00028,0,pretrain,3sUWSDHOVn0,00028,-1.600667094598574,9.664
val,pretrain,ljqra3BcqWM,00021,0,pretrain,8cwWSS29faQ,00022,2.2175776568700307,4.928
val,pretrain,olPn5xr0L08,00009,0,trainval,ziGD7vQOwl8,50003,-9.062688620759635,2.048
val,pretrain,DWZsOe1j2w0,00017,0,pretrain,gto6w0a13B0,00031,6.907323352208632,8.512
val,pretrain,7LPJrzZaoZg,00005,0,pretrain,IMjn62naclM,00003,3.406679229213932,9.28
val,pretrain,ElJxUVJ8blw,00039,0,trainval,VbF2KPn3TrU,50006,-0.3337689921557274,6.016
val,pretrain,JD4O7ama3o8,00041,0,pretrain,jEHZSIAuYUY,00002,-6.875603586208696,6.08
val,pretrain,uEkgM9P2C5U,00043,0,pretrain,cXbXNV9SZAg,00024,5.0624684254452035,4.544
val,pretrain,qm0isl11BfY,00027,0,pretrain,TBnNbyi4AN4,00022,5.818564233787908,5.696
val,pretrain,kdqUhTnAgJU,00011,0,pretrain,8etnSTnX92g,00003,3.359411839873923,12.608
val,trainval,ulLFP8axZVQ,50007,0,trainval,LnnyuVG0krs,50002,-6.320296854832259,2.88
val,pretrain,XAvE61JqkQs,00030,0,pretrain,SwiaaqKdtjw,00010,-5.523988926417451,4.224
val,pretrain,yhMi0tkYyT8,00016,0,pretrain,P2y3Uspr8Bg,00015,3.573250238433179,7.552
val,trainval,dooLZNsHVDY,50007,0,trainval,4ZgwzSm7sRs,50010,-9.540081670024252,5.76
val,pretrain,NdKEy6vcCMw,00056,0,pretrain,SUkVcmKZyyQ,00014,-9.08567490376359,9.408
val,pretrain,NhYnouvrGS8,00031,0,pretrain,CpaFX6Ei0nU,00019,7.2235067489145806,10.496
val,trainval,ScvI1jKxlTM,50009,0,pretrain,eSBZigXlphY,00017,3.7348171430795176,3.84
val,pretrain,5Gtw7hgyLzI,00002,0,pretrain,vW99KFDSBk8,00007,1.0101828171599223,8.256
val,pretrain,WzDygsn0Djs,00007,0,pretrain,iAZwvTV3CyQ,00025,3.1638755143760235,3.008
val,pretrain,N7wF2AdVy2Q,00043,0,pretrain,H3YbZsStuSI,00010,6.294668092402041,3.008
val,pretrain,rSSSsisz2SM,00007,0,pretrain,dkmpRQdJslI,00013,-6.277813642289107,4.224
val,pretrain,9SQYDFiWnSs,00030,0,pretrain,LhszKevcH30,00002,2.7524998533688283,8.32
val,pretrain,lSYy6poJ2zs,00021,0,pretrain,5pW2b1vwwf4,00067,8.649092774311192,5.056
val,pretrain,whjLZogf9e0,00009,0,pretrain,HJqtUUDhaxA,00009,-5.4067036406889475,8.0
val,pretrain,kTqgiF4HmgQ,00009,0,pretrain,VL5zqmpiJlQ,00013,-2.8777924266614647,9.792
val,pretrain,nrVC977gOPc,00002,0,pretrain,av3SCLBU7sI,00022,7.878372130351284,4.864
val,pretrain,LSn4OF7G9BM,00021,0,pretrain,buHSvs7LFzw,00032,-8.172300408451596,3.712
val,pretrain,rmeGVhhbGrM,00036,0,trainval,NVPxmzSPvUw,50006,8.174047959527098,5.504
val,pretrain,fi8CYv9Dcr0,00021,0,pretrain,CiLnSGrcuEs,00030,1.3324430886565501,9.344
val,pretrain,DG7kSeazMQ4,00006,0,pretrain,YwSGTipx3As,00007,-6.65360173650325,8.64
val,pretrain,ZSRaJIMYSMs,00029,0,pretrain,H3TFShI7zKc,00014,3.0831790737494114,2.304
val,pretrain,mA1vshSuyQU,00019,0,pretrain,I9cmQFj13rc,00004,-9.655550219882752,14.656
val,trainval,0ygtX2nyexo,50036,0,pretrain,H74XsXCjKA8,00006,-0.5494696828076879,4.16
val,pretrain,uhRhtFFhNzQ,00013,0,pretrain,E6wlTtQBlhI,00002,5.32217773074801,7.872
val,pretrain,9bbX13SfsBw,00001,0,pretrain,S2uSeHHzRto,00029,0.1143875819745066,6.592
val,pretrain,59SRn1SkWAA,00025,0,pretrain,IQDrStvBt9s,00012,-2.602644764449737,9.792
val,pretrain,W7kZWmw3JxY,00008,0,pretrain,btF6nKHo2i0,00065,1.8234247877253313,4.416
val,pretrain,eOU3Tv0vN24,00019,0,pretrain,J9PgY1mbPgM,00023,2.7659575933023213,5.44
val,pretrain,YXWKuKSQsu4,00002,0,pretrain,DW5YctpK7pM,00030,9.206269912613624,6.208
val,pretrain,gwMjgSqFm0M,00011,0,pretrain,qYvXkSbqlBk,00035,-2.9981477955998663,4.224
val,pretrain,7vsO7SHLJMI,00022,0,pretrain,WMAunz9LqZU,00013,5.879652192116801,24.384
val,pretrain,PVzcGhZ8Aeg,00016,0,pretrain,2JSZ66uMRwc,00047,6.245121685252936,3.52
val,pretrain,MUOSpWJ0riQ,00033,0,pretrain,HCG1petekXw,00008,7.621542318142858,7.616
val,pretrain,EU15c9hnftE,00003,0,pretrain,1cQbMP3I5Sk,00003,-0.15607656446739426,3.392
val,pretrain,t9c7aheZxls,00025,0,pretrain,r92jUj7gNRw,00043,9.950873432027723,3.456
val,trainval,SPLooRl0PSU,50006,0,pretrain,iZRGUADAu2Q,00005,-6.004332204978109,6.144
val,pretrain,2NENlXsW4pM,00003,0,trainval,vu7eInSBt4I,50009,-5.459443292713817,2.176
val,pretrain,MpYrJs0rX84,00008,0,pretrain,Hh09xlzxRmE,00037,2.427504134173809,5.12
val,pretrain,vw5HJhIlJp4,00005,0,pretrain,5UH7uTpTa44,00001,-0.35385908224754736,9.792
val,pretrain,J6tgYBMXR6s,00013,0,pretrain,AzcMEwAxSP8,00013,1.7983911064007216,6.848
val,pretrain,5ODzO7LzSpw,00007,0,pretrain,QS0p8ZpBq04,00009,2.1765658823004514,8.256
val,pretrain,ZzugJPASNB8,00033,0,pretrain,kTsqFn33RiQ,00019,9.520992220276646,9.472
val,pretrain,j51HsRILGKI,00021,0,pretrain,bxkslfQc0EA,00048,-1.6441823350014388,3.968
val,pretrain,aIFFFGf1ZRE,00006,0,pretrain,bkeBjPS9ZR4,00002,-0.166601832812594,5.184
val,pretrain,0SUTgoPUTLQ,00013,0,pretrain,2jTdZSPBRRE,00007,1.6021450282647578,29.44
val,pretrain,XVXmYD0UPRQ,00026,0,pretrain,xSLkNjQyHww,00032,-1.938948162953407,7.68
val,pretrain,yDYCf4ONh5M,00030,0,pretrain,P2y3Uspr8Bg,00026,6.609856811651799,11.136
val,pretrain,BMdMSmtTgD0,00018,0,pretrain,nXOSQeZNjJo,00017,3.014071938215226,7.488
val,pretrain,2Shh4UkPVCc,00044,0,trainval,2tcEgqTWbxQ,50014,-7.7924907199943405,3.328
val,pretrain,qEZmFR1WS7g,00037,0,pretrain,Un2yBgIAxYs,00043,-4.113789487151697,7.936
val,pretrain,eZWzNfOpbCQ,00005,0,pretrain,uhRhtFFhNzQ,00025,-2.7506268930927043,7.68
val,pretrain,pimgaSjgwWQ,00003,0,pretrain,SZSvyLHi2us,00002,-5.409465769928747,14.272
val,pretrain,PS6vDLq64gE,00016,0,pretrain,bRuU02haIK8,00025,-9.543148433738548,11.328
val,pretrain,iNOE0dZpHcY,00058,0,trainval,LLmhQmicusM,50004,-6.7517069854954475,5.248
val,pretrain,x3AwnkR92EA,00024,0,pretrain,bC0hlK7WGcM,00022,-5.501233781673229,4.416
val,pretrain,GW02Vo641dU,00007,0,pretrain,dJEwC4wCM70,00038,-8.520554516440914,4.416
val,pretrain,qykSnLkPM7E,00009,0,pretrain,W4LYn4mIP18,00009,0.40378538669527053,5.056
val,pretrain,rueQgStScw0,00021,0,pretrain,HTf7Ziklcms,00015,9.383474312201429,11.136
val,pretrain,C2SVEM19NHA,00007,0,trainval,WNj1Y11tSx8,50002,-5.861233755936661,6.016
val,trainval,VC3H1lMEeS4,50015,0,pretrain,mArrNRWQEso,00044,-8.890730972568125,3.392
val,pretrain,SFOCpMAww28,00020,0,trainval,01GWGmg5jn8,50008,-4.165183745269481,2.496
val,pretrain,HDjM5lw8OYo,00019,0,pretrain,wVGjQSnLg4Y,00015,-2.010068915750816,3.264
val,pretrain,QekbuidfQKo,00030,0,pretrain,UQniNhS6LOY,00041,-9.11144253803746,6.848
val,pretrain,7JVTirBEfho,00038,0,pretrain,gDS1Eh6rqf8,00012,-2.3531530427057845,7.36
val,pretrain,FMJgZ4s2E3w,00006,0,pretrain,S6cX2p5cBVg,00040,4.341733670136314,8.576
val,trainval,W4LYn4mIP18,50007,0,pretrain,k0GQSJrpVhM,00019,-4.847677823163532,5.696
val,trainval,FnL7I6tESAs,50005,0,pretrain,lXNE4MD2X2w,00008,-4.167181743374801,5.76
val,pretrain,gj3ZnKlHqxI,00009,0,pretrain,m7SuKQGPMSw,00027,1.9808672760774275,15.04
val,pretrain,lwz8KvS9NRA,00006,0,trainval,sucza6EOIf0,50012,-1.3346929191216859,2.496
val,pretrain,0SW0HFy9Et4,00024,0,pretrain,lUO0xDSJQVI,00010,5.956614295623492,5.376
val,pretrain,CZNrOzgNWf4,00005,0,pretrain,5nys6iebjHw,00029,-5.635942248592669,11.648
val,pretrain,OaGk5BSO0Pg,00003,0,pretrain,7ShFmRzffOg,00037,6.430283970974095,3.072
val,pretrain,ZbYDSIe5jsI,00001,0,pretrain,om6SewSRwtU,00011,3.5777331432222255,5.312
val,pretrain,bzlYyhh3X0w,00008,0,pretrain,zG21nyJNBSA,00027,6.482075637091636,10.688
val,pretrain,SXYwKxdxfF8,00021,0,pretrain,ftWn4QOvTTo,00039,6.201285187125791,5.504
val,trainval,w3q89BTJj3o,50001,0,trainval,xkq8drS5ofs,50003,-9.715298722987862,4.416
val,trainval,SPLooRl0PSU,50005,0,pretrain,xy7SMVCRFbQ,00020,5.584269991606426,4.416
val,pretrain,wsIrdxDJpSQ,00005,0,pretrain,WFImhWa5oUw,00005,-2.2929532973476334,4.992
val,pretrain,FjnGdiqk96Y,00005,0,pretrain,NdKEy6vcCMw,00056,-1.3932184903258111,9.408
val,pretrain,FESv2CgyJag,00015,0,trainval,eNDhBSR1DZ0,50011,5.105225316899791,2.56
val,pretrain,jPyR3UDhOm4,00017,0,pretrain,59SRn1SkWAA,00087,-7.724518010790331,6.336
val,trainval,xY7kVVS2HVY,50024,0,pretrain,s32OdFz9ttk,00006,-3.5645983278556788,3.072
val,pretrain,NiKtZgImdlY,00019,0,pretrain,xT8UwfwkCaY,00004,4.169595454441035,6.656
val,trainval,MiOVX7qKQ24,50002,0,pretrain,deT1mILtFEY,00005,-3.291638537311565,6.208
val,pretrain,y62pJTJkfbg,00005,0,trainval,VS5CCbyap5Q,50001,-0.9848003704058357,2.56
val,trainval,KTvSfeCRxe8,50060,0,pretrain,qVJBlW0j6tw,00006,-5.576092920365767,2.24
val,trainval,aqhzFd4NUPI,50052,0,trainval,lwcvhh4pLjE,50005,6.4335922898901785,2.496
val,pretrain,7JVTirBEfho,00032,0,pretrain,HonUUtuCSwM,00023,-3.410914268589522,3.648
val,pretrain,FSNEIwDiCSw,00012,0,pretrain,TBnNbyi4AN4,00008,-4.3621846450608555,4.416
val,pretrain,dE1DuBesGYM,00060,0,pretrain,sJCBM9ajA5s,00006,1.5929447776233658,7.616
val,pretrain,cotBM0laSSo,00037,0,pretrain,QOSPNVunyFQ,00003,-1.2412178718611067,3.328
val,pretrain,zK8mdS7LJQQ,00004,0,pretrain,HbQZ7jAvgoI,00003,5.404153805578787,19.136
val,pretrain,BGRy5VUSLfI,00047,0,pretrain,wcSMzf3ztcs,00007,8.941630130818744,5.376
val,pretrain,pASKEZ1bSLg,00011,0,pretrain,zuAj2F54bdo,00035,-7.749793457582115,6.336
val,trainval,gLDQr9i7LkM,50016,0,pretrain,bbFF5n7S930,00010,-7.6833667411321205,2.88
val,pretrain,y62pJTJkfbg,00014,0,pretrain,5AN5fPFtV0U,00015,-0.8924101068040731,3.648
val,pretrain,ErexJkoDhGI,00037,0,trainval,iWHq2mSHwhw,50002,8.428056209038964,6.016
val,pretrain,SypPoKpQi6w,00018,0,pretrain,KTvSfeCRxe8,00036,0.9677959274676944,4.352
val,pretrain,86xSuStz0MA,00016,0,trainval,b9jb9UjCpik,50001,7.512111434328123,2.048
val,pretrain,b9jb9UjCpik,00002,0,pretrain,iSpwUpdQdyY,00030,7.959664465518859,8.64
val,pretrain,4oFGmxZ2nqE,00016,0,pretrain,iwlSPe0FbSg,00016,-9.819602661932707,6.784
val,pretrain,7vsO7SHLJMI,00005,0,trainval,j7RsRnYlz7I,50002,8.924318183514398,5.568
val,pretrain,afev0ZjAhUA,00012,0,pretrain,USnf5kbsMlg,00022,1.5301400718710862,5.12
val,pretrain,xuAAPsiD768,00007,0,pretrain,lyu7v7nWzfo,00012,1.9201864749330948,5.568
val,trainval,1gTNgijhKzw,50001,0,pretrain,CiZMZ7d7O0k,00011,5.203087459322951,3.136
val,pretrain,COwSbfCgXBw,00005,0,pretrain,nrVC977gOPc,00010,5.151833276786908,4.8
val,trainval,mj0CWrSB7E8,50003,0,pretrain,l5ZJ6bK1EIc,00030,0.5852884759827361,2.24
val,pretrain,OhYvDS7qSV8,00010,0,pretrain,eOvG4ZXQxUU,00023,8.439722167346247,15.68
val,pretrain,sWN13pKVp9s,00005,0,pretrain,o8NPllzkFhE,00010,2.7499405478028986,15.616
val,pretrain,C8OqQ2lmsEo,00007,0,pretrain,sFRrYQMgSOw,00001,-3.815836801257692,4.032
val,pretrain,KQEWc3LVfyc,00061,0,pretrain,YPLGuwXomYQ,00016,7.456705927500245,3.968
val,pretrain,cHSQGnhdSi4,00011,0,trainval,D4cV8yfgNyI,50004,1.3571627114183045,5.184
val,trainval,UpkAqPEcMyE,50002,0,pretrain,C74amJRp730,00035,-5.528704669663471,4.096
val,pretrain,jn0Ygp7pMbA,00039,0,pretrain,3OMgvtWNHp4,00015,-0.12006326891583896,8.0
val,pretrain,Ep2MAx95m20,00002,0,pretrain,qH4GAXXH29s,00018,6.6224761918922646,4.48
val,pretrain,A60UTjiEp4c,00040,0,pretrain,z9sa2ZAqHl0,00008,3.516590844252576,3.072
val,pretrain,aR6jLD1USW0,00004,0,pretrain,64fDIZiVSSM,00005,-0.5128985765352461,4.096
val,pretrain,GMc8aSoCE30,00030,0,pretrain,Xv2gHiX9Bqw,00006,0.28168422451843433,6.08
val,pretrain,AdHSwXl2nuQ,00001,0,pretrain,gOdAHe3SfVI,00012,0.09652638229776045,11.456
val,pretrain,WNj1Y11tSx8,00030,0,pretrain,14rYeATuCqQ,00015,-3.2454195456632124,6.272
val,pretrain,TOSSkVIkY6A,00006,0,pretrain,EluxCgnQVzg,00033,-3.4246300637821765,7.296
val,pretrain,k5tCYg9s0HU,00025,0,pretrain,jhm5OaXJVMQ,00023,-8.636754673278544,8.384
val,pretrain,AR6RiSHN7S0,00032,0,trainval,aEa11FZwTRY,50003,-5.609720268233211,4.352
val,pretrain,qp0HIF3SfI4,00021,0,pretrain,oxpJGynSHJU,00020,8.902519131603974,8.064
val,pretrain,70uaS1e9YN0,00024,0,pretrain,Y4xCpqVaS6I,00005,7.039403694175821,4.16
val,pretrain,LSGfqyhleUA,00006,0,pretrain,0sYguTPLpHE,00020,3.2418312981304904,2.944
val,pretrain,5LrThfSBeq0,00019,0,pretrain,gWPFJgLAzu4,00031,5.5096476683179745,5.12
val,pretrain,HR9956gDpUY,00005,0,pretrain,BoRUrWcdkQ4,00017,1.9772639749733436,19.52
val,pretrain,WNTk29zXl4A,00010,0,pretrain,mA1vshSuyQU,00017,-5.300496936316432,12.736
val,pretrain,4wOxJOPnSUg,00027,0,pretrain,3Y2Or0LlO6g,00008,-2.2602688001754228,2.24
val,pretrain,o0td5aw1KXA,00001,0,trainval,VoCOzuWOgSY,50014,-1.8280348244888227,2.368
val,pretrain,wC33HAqSSx8,00006,0,trainval,R1vskiVDwl4,50004,4.625463746117031,6.208
val,trainval,73rUjrow5pI,50001,0,pretrain,HWsehvUkISc,00012,3.2484916402639126,6.144
val,pretrain,XS85KAYKOT4,00012,0,trainval,pk35J2u8KqY,50001,0.6645894424221677,3.328
val,pretrain,Y81rCiw1LPY,00003,0,pretrain,xqPJKtFI42U,00011,1.7947044645916694,7.744
val,pretrain,pGyOwnqpCKk,00011,0,pretrain,Sf994ANuGIY,00034,-1.4295203112925048,5.76
val,pretrain,wtvhqeVoeqI,00007,0,pretrain,7O7BMa9XGXE,00015,6.113422711934131,9.536
val,trainval,DsSrzoyyfF0,50017,0,pretrain,RG5QP2EVUVY,00025,6.162792873878175,2.048
val,pretrain,QISHX5UKky0,00006,0,trainval,QhLLMBN57AU,50011,5.566679506469223,5.44
val,pretrain,o8NPllzkFhE,00010,0,pretrain,69szjo8bt14,00009,-4.869958932166738,3.712
val,pretrain,wcWD7fERQCc,00009,0,pretrain,ZQElzjCsl9o,00022,2.0978297192290345,4.544
val,pretrain,b4kSKPELNcc,00003,0,trainval,tTcl5I0Wbzk,50017,0.2131432349041411,5.824
val,pretrain,UJv5B7s1DdE,00004,0,pretrain,CycOuSVQOnM,00010,4.147874425863128,3.84
val,pretrain,0zvrGiPkVcs,00003,0,pretrain,d6PS4p3IXLQ,00042,-4.057695196301978,4.608
val,pretrain,JiwZQNYlGQI,00006,0,pretrain,fm9SH6NucHk,00006,-3.3507698032086353,9.856
val,pretrain,GeDSgi0A7A8,00002,0,pretrain,wSepGxx36To,00014,-9.737555555424631,6.272
val,pretrain,DERu2aAqqWM,00004,0,trainval,JC7WnzM2Lsc,50005,5.41298318156716,5.888
val,pretrain,URSuWwvpn5c,00039,0,trainval,IfqdMoKVIR0,50009,-0.5693022266931624,6.016
val,pretrain,yBFCSRtfTfg,00006,0,pretrain,nG1oCU0ijP0,00041,-5.0835693712419445,6.848
val,pretrain,1yVdhRyTxaM,00009,0,pretrain,pNttjJUtkA4,00022,2.9219264282053246,5.824
val,pretrain,CS9f7Qq4YZc,00006,0,pretrain,SQB9zNWw9MA,00008,9.25752118504586,5.12
val,pretrain,jMVAgCPYYHY,00027,0,pretrain,m048uAa8L3k,00016,-3.8159099489041832,7.616
val,pretrain,o1abyP4zfGg,00010,0,pretrain,utmiqwS2XBQ,00010,-9.730157850730652,6.208
val,pretrain,u9FSvAVQvGM,00009,0,pretrain,tSSNoFstCmQ,00013,-7.290930158281014,7.616
val,pretrain,lwcvhh4pLjE,00041,0,pretrain,1QX7aoxSTAQ,00020,-0.5494702141915511,13.76
val,pretrain,iE7YRHxwoDs,00017,0,pretrain,xT8UwfwkCaY,00004,1.259475216248159,16.704
val,pretrain,SDjLpMj3BDU,00002,0,pretrain,Kw5vyJ30djM,00012,8.357904476787265,7.04
val,pretrain,3B24RaqA33k,00030,0,pretrain,pbSSrJGgVIo,00022,-1.1224209818676751,4.736
val,trainval,cotBM0laSSo,50022,0,pretrain,aSJn0xD0TXs,00013,4.302777508651909,5.696
val,trainval,yoAqA6vgnCQ,50002,0,trainval,PyS1o4sX1hk,50002,3.355865609417492,2.176
val,pretrain,TjaM0tdxtYA,00018,0,pretrain,XiEQmcZi8cM,00024,2.8606871850993603,9.536
val,pretrain,tBoBC3nBoFs,00023,0,pretrain,ktbbm7ktuAM,00005,-7.83617738575418,3.648
val,trainval,g2J6YOiLNr4,50004,0,pretrain,LsESSyMnwmU,00024,6.813894392861883,5.888
val,trainval,AoAbPIbGLUo,50018,0,pretrain,MLvwTlbj1Y8,00034,-5.171213137232662,3.136
val,pretrain,sucza6EOIf0,00049,0,trainval,iU1bhHeCkoU,50009,8.868387079160478,2.688
val,pretrain,askcLEVCTko,00005,0,pretrain,o8NPllzkFhE,00050,-0.09320076908908348,5.248
val,trainval,iISw251TIgw,50002,0,pretrain,2Shh4UkPVCc,00013,-9.829428807321069,3.84
val,trainval,qyecmU5r9SI,50008,0,pretrain,ZJodZcGfTVE,00031,1.7283298106366747,2.048
val,pretrain,Ogce5D2XMZ0,00008,0,pretrain,HpiZTvlWx2g,00021,-5.097922105194179,4.224
val,pretrain,cdpIwjTtLlg,00024,0,pretrain,9YGZkgkj3fM,00033,9.107379076731888,4.096
val,pretrain,ema8O7xqjvk,00016,0,trainval,SKx2lfobPuU,50003,-3.9956983152406806,2.944
val,pretrain,kzhJb5jcH58,00003,0,pretrain,Yp3kmJ4kjHQ,00008,4.984543141523737,6.912
val,pretrain,x3AwnkR92EA,00024,0,pretrain,OOG65rSM5fA,00006,-6.283194655168735,4.928
val,pretrain,mArrNRWQEso,00066,0,pretrain,M8CTOjQhJFo,00012,-0.7838523873998291,5.44
val,pretrain,MOptnpjKJOM,00003,0,pretrain,rufeSSlZJg8,00004,9.39539257306469,8.32
val,pretrain,NXvITqGAiX8,00008,0,pretrain,TT6qWghHkFI,00016,-2.6986074604904964,7.36
val,trainval,GbYc9BOU30o,50001,0,pretrain,mbbMLOZjUYI,00023,-5.2331230468541134,4.608
val,pretrain,sLFqwXqe4Yk,00002,0,pretrain,04SEzifEsGg,00032,-8.805441190553383,6.016
val,pretrain,kLIfeGflNp8,00016,0,pretrain,eh3cdTlh7VM,00022,-9.94989613317945,5.504
val,pretrain,HirySSCYiwI,00007,0,pretrain,uVAaZVz9pDs,00023,-2.5300554759064138,6.336
val,pretrain,HWsehvUkISc,00015,0,pretrain,FDhlOovaGrI,00012,7.552918764279411,4.992
val,pretrain,xT8UwfwkCaY,00011,0,pretrain,lxYFURQ7Ehw,00018,7.388848880554967,3.52
val,pretrain,IYpovgkaS9Q,00013,0,pretrain,16cMSRFid9U,00036,0.33912284209883836,4.224
val,pretrain,rokPqHc9iD0,00019,0,pretrain,AAkEYcmCCCk,00010,1.154138329046317,15.36
val,pretrain,BQj2ZSGPsY8,00014,0,pretrain,iq5lXSj6Prg,00011,6.828223911316847,6.464
val,pretrain,iyfdWsa1zns,00026,0,pretrain,az5vU9CT4CY,00008,-2.108226532219133,9.216
val,pretrain,osBbP6Om4Mg,00004,0,trainval,2K6P014XXmQ,50004,-0.8063265558961579,5.312
val,pretrain,sucza6EOIf0,00049,0,pretrain,VRhjc3dJtOo,00001,5.599209975709664,8.576
val,pretrain,8khcH5Lqxgk,00002,0,pretrain,phUUjkSbtiY,00008,3.9216076562204467,3.648
val,pretrain,4GKTEDqbQIw,00008,0,pretrain,Jv2GGScsUc8,00034,-0.7114662443252211,10.048
val,pretrain,gVSyVSIybBM,00007,0,pretrain,zG21nyJNBSA,00028,0.17519776361617723,4.672
val,pretrain,U8XD0CcNhPU,00002,0,pretrain,wUKAVcj9NVA,00025,-8.12043775416468,12.48
val,pretrain,VYU25aJpg5o,00029,0,pretrain,kvpUiBqHoVM,00015,-6.093563269426648,3.84
val,pretrain,z0HsPBKfhoI,00025,0,pretrain,FD5ZKiSmoMU,00017,-9.802946022676798,6.4
val,pretrain,sDfhSIKFGz0,00015,0,pretrain,LBvHI1awWaI,00044,1.1952698551659413,4.736
val,pretrain,y8qc8Aa3weE,00037,0,trainval,bCGlWQnzDVE,50039,7.456087700276161,5.952
val,pretrain,rNgqQNovWTc,00001,0,pretrain,qyecmU5r9SI,00002,-6.407155035409346,7.168
val,pretrain,7Xmr87nsl74,00003,0,pretrain,OtUSnXV0i4E,00002,7.8843947979076,15.296
val,pretrain,ZJPdJuhI03U,00002,0,pretrain,xWVWhSvNLtU,00006,-1.5991588001015007,10.048
val,pretrain,b2LbuqoNGGI,00001,0,pretrain,5pIGDw18mIQ,00015,-0.6554015253218619,5.248
val,trainval,7DLzXAjscXk,50071,0,pretrain,iNOE0dZpHcY,00058,-4.654819773853172,4.736
val,pretrain,J6oMG7u9HGE,00007,0,pretrain,2zvjW9arAZ0,00064,6.73502643325207,4.096
val,pretrain,JmCtZzSRztQ,00013,0,pretrain,60OVlfAUPJg,00038,-8.112105065791763,6.208
val,pretrain,r6nSmSTKHGc,00016,0,pretrain,W4zepOS7dgk,00006,-1.9080362287934136,3.776
val,pretrain,bvAEJ8G9l9U,00029,0,pretrain,4Z75ASJMBx4,00036,-6.277265617642613,4.16
val,pretrain,AHfiKav9fcQ,00009,0,pretrain,7DCofMA9eQA,00035,-0.44881861615331786,12.096
val,pretrain,0YeVt2kpSSo,00020,0,pretrain,ApGeDdIaxo8,00014,-3.8946835335429046,21.76
val,pretrain,FSNEIwDiCSw,00063,0,trainval,HyQp3gGYf3I,50002,2.0704053718613764,5.44
val,trainval,LS6TWtYWaPA,50006,0,pretrain,jn0Ygp7pMbA,00028,-1.3063226700605917,5.12
val,pretrain,ao3NtIZ0iBU,00006,0,pretrain,CiJ6ybBSm10,00037,-9.77349657883973,8.448
val,pretrain,iCvmsMzlF7o,00027,0,pretrain,lSYy6poJ2zs,00021,7.422118032297124,18.112
val,pretrain,dk60sYrU2RU,00017,0,pretrain,FM5SDGprLpc,00035,-1.8645392713204227,7.296
val,pretrain,mFnS7wG1qXw,00010,0,pretrain,5K57kcs15DY,00025,-9.45035693865947,6.592
val,trainval,QoTSdOkjEVs,50011,0,pretrain,tXlNvlzd9M8,00010,5.408850204761276,5.952
val,pretrain,NdKEy6vcCMw,00053,0,pretrain,aPjvEaE6VXs,00004,0.8755147272648749,5.568
val,pretrain,C44r6knuJtU,00017,0,pretrain,CEN4XNth61o,00033,-2.582383152614671,3.264
val,pretrain,n8eyF4UWG38,00002,0,pretrain,qMppKiqMpAk,00026,1.2880369424860802,10.624
val,pretrain,n1ARQsdNvmI,00009,0,pretrain,2MifgJqOm3Q,00010,-6.476102486131891,13.312
val,pretrain,8rZzHkpyPkc,00014,0,pretrain,5SOHiN8Ne58,00007,-1.9455432761131757,3.968
val,pretrain,36m1oStM05g,00015,0,pretrain,34a7UEzZdsA,00001,-7.214744060056506,9.024
val,pretrain,BltRufe5kkI,00021,0,pretrain,BUhksjVTbEk,00029,6.719728541688422,14.72
val,pretrain,2i0dGoh3VUg,00019,0,pretrain,55n9pHSA0O8,00050,1.7308551616494725,18.88
val,pretrain,FLbEKpLS5Z0,00014,0,pretrain,VcMyX5R4dzs,00016,-1.5432359311265031,3.264
val,pretrain,GW02Vo641dU,00008,0,pretrain,5aLiFw8CSEA,00005,2.9207672243993894,6.4
val,pretrain,tRjqFPwcJgY,00011,0,pretrain,mgSx0q6AjdI,00004,-9.508183501230626,43.008
val,pretrain,mwrLVvORugw,00005,0,pretrain,FSNEIwDiCSw,00033,-5.773402094720388,4.224
val,pretrain,iSRWMLMBkqk,00006,0,pretrain,NXvITqGAiX8,00011,-4.815011212746327,4.096
val,pretrain,c73Q8oQmwzo,00047,0,pretrain,Qt1RPkbF4o4,00009,-6.246433250921157,6.08
val,pretrain,eosckjQ4mJ0,00010,0,trainval,8COaMKbNrX0,50005,9.102739699513013,2.048
val,pretrain,BsFxokC02sg,00008,0,pretrain,FJFxLQCo83U,00016,2.285468432561011,3.392
val,pretrain,eGoSdLNceEk,00017,0,pretrain,SZWS8SNCKMw,00018,-3.967459556202286,3.52
val,pretrain,vbHkhSfaQu8,00023,0,pretrain,gS3iLapiTCw,00011,-2.992571532717461,4.48
val,pretrain,E0k4IQ8fDCY,00006,0,pretrain,GXySSkBVq1M,00013,0.28919072030038784,6.656
val,pretrain,0JGarsZE1rk,00004,0,pretrain,4Lb5LSVEm34,00003,3.570485310326738,3.776
val,pretrain,RvnS3cCrl9c,00008,0,pretrain,T9vLHFza8Uc,00019,9.496326085109889,9.792
val,pretrain,rPh3c8Sa37M,00006,0,pretrain,HbQZ7jAvgoI,00010,4.501399789779676,5.44
val,pretrain,Br1AIvMrvAE,00012,0,pretrain,gXvblfSgwg4,00020,4.7253342322278264,6.08
val,trainval,FjibavNwOUI,50005,0,pretrain,c73Q8oQmwzo,00047,7.983935493579487,2.304
val,pretrain,j51HsRILGKI,00023,0,pretrain,93hbqLBpSHI,00004,-5.4762160720561965,4.608
val,pretrain,lv9QDjw8GJk,00024,0,pretrain,UJ7QaCFbizo,00024,-7.073680227637206,7.808
val,pretrain,KCr8s57hdzY,00016,0,pretrain,vwhSTukb07U,00024,-6.403503370687704,14.528
val,pretrain,gJv1WdMUz0w,00005,0,pretrain,LS6TWtYWaPA,00015,-1.8566790896979875,20.8
val,pretrain,mJxA8eIWQUc,00019,0,pretrain,SF242mxtZN8,00015,9.181531238150455,4.48
val,pretrain,0ZhL7P7w3as,00038,0,trainval,BDOSUiEh0eY,50004,-3.796973048068775,4.288
val,pretrain,BR9dbjubfuU,00015,0,pretrain,rufeSSlZJg8,00025,-9.263871483555741,9.408
val,pretrain,C2SVEM19NHA,00024,0,pretrain,tFGCB51xb6U,00003,-7.328123413981165,13.568
val,pretrain,r2YiRiLAUSY,00021,0,pretrain,TqxxCYnAxo8,00001,-5.6810697003867965,16.704
val,pretrain,HS8y0WLm78U,00006,0,pretrain,PrZwUTdFmis,00010,-9.966628927867697,6.656
val,pretrain,qQIwTWJSd2I,00032,0,pretrain,9XRPbFIN4lk,00019,-8.854547941671502,27.456
val,pretrain,KVjkFqS7Y6A,00001,0,pretrain,7Xmr87nsl74,00010,-7.080839107154846,8.256
val,pretrain,2R3Njv0LjjM,00008,0,pretrain,ulLFP8axZVQ,00009,-0.6927281218368542,8.128
val,trainval,LCuAu67OCDk,50006,0,pretrain,tHYtv5FLC6I,00008,-8.117800843520467,4.864
val,pretrain,r9LelXa3USI,00012,0,pretrain,cplaWsiu7Yg,00028,-0.6291213565132843,3.712
val,trainval,XMSQKG70a5s,50014,0,pretrain,iU1bhHeCkoU,00002,6.161300472741665,6.016
val,pretrain,gniDHWq0RSQ,00006,0,pretrain,H2rG4Dg6xyI,00009,6.006709893474401,23.36
val,pretrain,jeOumyTMCI8,00001,0,pretrain,k9fmJ5xQSmc,00003,8.685863441541748,7.616
val,pretrain,F5yvoSu2OV0,00002,0,pretrain,y9KeyKVuLHU,00019,9.190180507164357,3.968
val,pretrain,gmjSazFbpkA,00065,0,pretrain,CrsdoIOGCRw,00045,2.2242873533081813,10.176
val,pretrain,kZP8KqrSbcw,00015,0,pretrain,0UmUgaJwEr0,00039,-1.1642160439585663,8.64
val,trainval,BYeYVuqD8kU,50003,0,trainval,yG7v4ySxwzQ,50012,3.9026849173602525,4.416
val,pretrain,bpi6us7wQfE,00028,0,pretrain,oOE0kKteWkg,00014,-1.0720106438777002,10.688
val,pretrain,LgBjU8ovWh0,00020,0,pretrain,WvvuLDX7iIk,00042,7.53531114161451,9.472
val,pretrain,j51HsRILGKI,00023,0,trainval,CFtsHf1lVI4,50013,5.35777977527426,2.048
val,pretrain,kLIfeGflNp8,00003,0,pretrain,jgnqlZUI4n8,00018,7.862225364219931,7.488
val,trainval,gpSnhBdsKE4,50001,0,pretrain,MOFdlEbu15g,00033,-8.453729062465777,2.176
val,pretrain,QijH4UAqGD8,00020,0,pretrain,gXvblfSgwg4,00015,-5.896965485962678,3.776
val,pretrain,v7xAZ2lrel8,00021,0,pretrain,PkcBE74OYJw,00016,-9.187170462803504,6.848
val,pretrain,UQzvNIIMayo,00002,0,pretrain,FrxDrpi1XNU,00012,2.2105282361464322,5.824
val,trainval,7W8OJgeYy1w,50001,0,pretrain,SU1foLW8h54,00021,7.299594120259897,5.12
val,pretrain,bwMUQEMOP6w,00018,0,pretrain,UN8S8qSKmdE,00003,3.335834850639836,10.496
val,pretrain,M3fGS0tZDB4,00002,0,pretrain,In6iAXTnqEo,00005,6.184354868742997,14.912
val,pretrain,WvvuLDX7iIk,00023,0,pretrain,OwRAFCrsDS8,00010,9.06988820308197,8.32
val,pretrain,tFGCB51xb6U,00010,0,pretrain,JzLiCBCbAMY,00043,-3.7994349408548196,8.576
val,pretrain,FJFxLQCo83U,00027,0,pretrain,HJouIL6uaoc,00015,-8.194318302059315,4.544
val,pretrain,CGksAjzI0go,00050,0,pretrain,ZHOyfyGwpes,00002,9.108674725571987,5.184
val,pretrain,8cboEp70nvg,00007,0,pretrain,A4KMN9W4pRs,00001,-3.8509919568718853,5.824
val,trainval,zuLOT6GsAxw,50024,0,pretrain,QAd54DkXCr4,00013,-9.817170852025733,5.888
val,pretrain,ohGMgSLJCjs,00021,0,pretrain,ko32Hr1SoPc,00001,6.041028005589272,5.76
val,pretrain,8PQc3M2HQSs,00002,0,pretrain,AzcMEwAxSP8,00022,-1.4137604412252198,4.608
val,trainval,nVEvzeIXbpk,50003,0,pretrain,jpuDyGgIeh0,00002,7.247932029885714,4.8
val,pretrain,60OVlfAUPJg,00044,0,pretrain,F8R7S4AoGhs,00002,-3.1284007647616097,3.968
val,pretrain,Tg35UfOJhe4,00027,0,pretrain,sHdYaMyR5S8,00009,-3.208444584041496,3.84
val,pretrain,4GKTEDqbQIw,00021,0,trainval,SyIgLSfLCww,50003,7.046483936247178,2.048
val,pretrain,wOsQKjNoHmw,00018,0,trainval,KE3SK9M3JjY,50006,8.59309925584541,3.392
val,pretrain,HCG1petekXw,00001,0,pretrain,b1sQZxrBMXk,00020,-5.083035563019647,18.752
val,pretrain,HpAaSOgpi50,00004,0,pretrain,BpxVIwCbBK0,00007,-7.916865828545879,6.912
val,pretrain,aSLSiIskEFU,00015,0,trainval,ux1GxExRUUY,50010,-8.797409741438946,4.224
val,pretrain,IRxgDMSp9Gs,00009,0,trainval,G1RRbupCxi0,50007,8.947065646394677,5.376
val,pretrain,63XsokRPVSY,00014,0,pretrain,uSMqkSqSgN4,00027,-1.2508245420898163,5.696
val,pretrain,gypAjPp6eps,00027,0,pretrain,D5iFVKhLStU,00010,-8.97199517446757,6.784
val,trainval,SPLooRl0PSU,50006,0,pretrain,4a6ZRstYlgw,00014,1.9728717145183978,3.776
val,pretrain,JiwZQNYlGQI,00006,0,pretrain,GjYt5uQPu8o,00006,-0.8668948646256851,5.312
val,pretrain,wgKmdbTmbDk,00005,0,pretrain,MvojSku8zk0,00017,-2.16171419134513,6.656
val,pretrain,SZbNyp1jeGo,00014,0,pretrain,1sE96vd8W40,00012,-4.3147685547442975,14.336
val,pretrain,HXGwJevjOfs,00015,0,trainval,ayVm441iZfo,50005,4.448897514288642,2.56
val,pretrain,bXnTAnsVfN8,00016,0,trainval,gXvblfSgwg4,50007,6.550191931218894,2.24
val,trainval,GggL8lStP9I,50004,0,trainval,h7qKzqQnjXw,50001,-5.340460613460456,6.08
val,pretrain,on3KttMgbZE,00015,0,pretrain,PvT9tD3NZvo,00001,6.957655470513075,5.056
val,pretrain,8olL43PKJKw,00031,0,pretrain,0qYTf9evWeY,00031,6.26438118413127,9.088
val,pretrain,cI9vSC1eQ18,00025,0,pretrain,qyecmU5r9SI,00002,-1.1081266195504664,5.248
val,trainval,eNDhBSR1DZ0,50011,0,pretrain,XDBWEKBq0Sw,00013,1.2423265359863365,2.56
val,pretrain,gwWrkgV47F0,00004,0,pretrain,8aSUUhW7SHU,00013,7.629324807525958,7.296
val,pretrain,AS3Pyc4Qr2Q,00006,0,pretrain,apbSsILLh28,00047,4.917687332135802,4.032
val,pretrain,uXlSmKZ7aSc,00002,0,trainval,CWCWq155hyc,50002,-8.08953412574166,3.648
val,pretrain,DShPct3oIow,00016,0,pretrain,AoAbPIbGLUo,00032,7.017088807065498,17.536
val,pretrain,bvAEJ8G9l9U,00034,0,pretrain,qgv8VoyJ3wA,00023,8.921752162406587,4.992
val,pretrain,VL5zqmpiJlQ,00013,0,pretrain,drv3BP0Fdi8,00062,-0.5443769650575767,7.04
val,pretrain,Tu01sNfs5SQ,00010,0,pretrain,3uFbJG6tBpI,00022,-6.616965206202874,11.072
val,pretrain,MoSmgcxGYYE,00058,0,pretrain,cAsEeYSQE1U,00004,-8.520785127478367,8.576
val,pretrain,eCknUJJc3qU,00026,0,pretrain,SY78HMlWo6k,00007,0.3275155004875767,7.616
val,pretrain,xbagFzcyNiM,00028,0,pretrain,2Oe6HUgrRlQ,00021,0.7074270532833218,6.336
val,pretrain,7jRND5IU3Qg,00024,0,pretrain,GkRn9Lp16UI,00044,0.6374304826580985,8.128
val,pretrain,zuAj2F54bdo,00033,0,pretrain,g6VgDuuZaao,00005,6.390112498892599,8.448
val,pretrain,mj0CWrSB7E8,00013,0,pretrain,czfduTtXLbI,00018,-1.9606558672454373,8.32
val,pretrain,NDQ1Mi5I4rg,00007,0,pretrain,5XD2kNopsUs,00009,-7.786890826623811,3.2
val,pretrain,CGksAjzI0go,00027,0,pretrain,IRVdiHu1VCc,00009,5.711013864282343,7.808
val,pretrain,SZSul0GzzM4,00036,0,pretrain,W8OiVZrAj4c,00023,2.110911539621977,9.92
val,pretrain,CEN4XNth61o,00034,0,pretrain,KCL8NjN7FMQ,00013,-3.1258248684878165,4.864
val,pretrain,vR8msiSohZM,00017,0,pretrain,St7SxHszKws,00008,2.500011044353643,7.104
val,pretrain,sLFqwXqe4Yk,00018,0,pretrain,3U6tEcIIAIc,00024,2.319414855574596,6.4
val,pretrain,r3afSFSG570,00001,0,pretrain,97rrxS1yBU0,00004,-4.925435207151825,10.816
val,pretrain,i6SbQqqRVtM,00011,0,trainval,QUL0eSQtV8c,50003,-6.8316500902024835,2.752
val,trainval,zUS5GcqzHNM,50003,0,pretrain,ivfJJh9y1UI,00020,7.876214344465122,6.016
val,pretrain,IDqMB6C1uys,00008,0,pretrain,3TXSNu5wTS8,00017,-7.103799049121693,24.96
val,pretrain,YglyHzvBqpA,00005,0,pretrain,wX78iKhInsc,00004,-7.898023414868172,4.224
val,pretrain,rpOwTspdwkI,00008,0,pretrain,GDnYDLERnRE,00018,3.3575196734645925,3.584
val,pretrain,iSmdpCvfMg8,00004,0,pretrain,SFW0TEFKCxk,00022,5.034973450308161,5.376
val,pretrain,Cqj0sgrNL10,00050,0,pretrain,d6PS4p3IXLQ,00022,7.116153060036879,4.416
val,pretrain,OAK1UIbSFio,00006,0,pretrain,JNt1k3ohkbs,00008,9.166458056088118,5.696
val,pretrain,buHSvs7LFzw,00015,0,pretrain,csnxJFQw98k,00014,-3.911531069766168,3.2
val,pretrain,IRxgDMSp9Gs,00021,0,pretrain,rYwTA5RA9eU,00013,-4.203194227940523,17.472
val,pretrain,B1dkma6GRZo,00040,0,pretrain,pxzUDc1Zs4E,00002,-0.5726960745636198,5.376
val,pretrain,TureGeSxSew,00002,0,pretrain,jfqwHT3u1S8,00028,-4.3370590868273595,7.744
val,pretrain,S4rBC2lRmY0,00005,0,pretrain,ErexJkoDhGI,00046,5.269680490502196,6.016
val,pretrain,F8bM8K7WSR8,00027,0,pretrain,WCj82W7XkjI,00018,3.134840105130543,9.216
val,pretrain,f6CILJA110Y,00065,0,trainval,wSepGxx36To,50010,-7.019476693893328,3.264
val,pretrain,V2DgJBx3cyA,00007,0,trainval,vo2cse4CoGM,50013,1.8819141723683348,3.776
val,trainval,NRcPXtqdKjE,50003,0,pretrain,vZWokpaQ3NE,00004,5.896746318743647,2.56
val,trainval,NIjjaFCADSE,50004,0,pretrain,VObLitSe3K0,00021,-5.441395799680517,5.888
val,pretrain,zuAj2F54bdo,00021,0,pretrain,pX8zZdLw7cs,00012,-5.189664771612128,3.2
val,pretrain,w3q89BTJj3o,00042,0,pretrain,6WeS1bXRBOk,00015,7.808406983074146,4.8
val,trainval,kLIfeGflNp8,50008,0,pretrain,OlLFK8oSNEM,00006,7.8355962890500805,5.568
val,trainval,CiJ6ybBSm10,50003,0,pretrain,RxyQNEVOElU,00043,9.16174560798083,2.56
val,pretrain,hYR23GDjyvo,00001,0,trainval,TexXAuRSe0g,50007,-7.914051260382466,2.688
val,pretrain,59SRn1SkWAA,00060,0,pretrain,4bHO8NZwmIg,00020,2.985260204851844,9.216
val,pretrain,c2tOp7OxyQ8,00005,0,pretrain,UoBUXOOdLXY,00001,0.014668038945401918,7.68
val,pretrain,naSNfaSbOjA,00004,0,pretrain,7H0USvVSfhU,00037,9.76867480157006,4.736
val,pretrain,uSUOduS5MPc,00019,0,trainval,Vqm8fXFFHyY,50014,8.005541840070368,5.568
val,trainval,PiVB5niLrWg,50002,0,pretrain,F1U26PLiXjM,00032,2.772529408854698,5.44
val,pretrain,QhLLMBN57AU,00004,0,pretrain,qm0isl11BfY,00017,-2.924662183568514,6.976
val,trainval,4KhnSz9FPmU,50001,0,pretrain,QPiaadMporw,00016,2.269246170381038,3.648
val,trainval,zISxg4JhSRk,50036,0,pretrain,b2MSSeKey4o,00019,-6.008545689937453,2.88
val,trainval,3dqXHHCc5lA,50003,0,trainval,uXlSmKZ7aSc,50032,8.32800460234592,3.52
val,pretrain,gB23pKmyIHM,00007,0,pretrain,F8bM8K7WSR8,00030,1.166152932988032,6.336
val,pretrain,Svo01ldlTQc,00021,0,pretrain,DLccHLwdS6Q,00019,0.7707311336344347,5.888
val,pretrain,F0ofeD8VKMA,00006,0,pretrain,1HIxnTruN78,00011,6.98358294342,6.976
val,pretrain,dm4fvbrMLPw,00028,0,pretrain,lxovD2LQVUQ,00013,-6.693700487641879,6.208
val,pretrain,uPtP6SnAjJ0,00010,0,pretrain,DqsvwHG9cSM,00008,7.715890415101217,4.864
val,pretrain,Q80MfH7xPPE,00026,0,pretrain,YiXdS9DFCOQ,00008,-3.999913745609329,5.44
val,pretrain,YbtrDM1aJF0,00001,0,trainval,6bVhrpkp0WU,50027,-3.2370130260398504,6.08
val,trainval,txJGm6zhiBA,50004,0,pretrain,da1vvigy5tQ,00025,-4.055014489194808,3.328
val,trainval,acJscdoP2a4,50005,0,pretrain,OGhbCC9mNM8,00004,-8.516643137075743,2.048
val,trainval,vGDZmSnSkfo,50016,0,pretrain,xeFl0RE31x0,00004,3.2393569361023324,2.048
val,trainval,rjECbQ1rSk0,50006,0,pretrain,nhrZHRqUaT0,00020,8.72809549440695,6.016
val,pretrain,LUO3jqMlWkE,00026,0,pretrain,16cMSRFid9U,00026,-7.198722720667618,2.24
val,pretrain,J6oMG7u9HGE,00034,0,pretrain,TdBAHexVYzc,00029,0.5950447741554203,14.208
val,pretrain,855Now8h5Rs,00010,0,pretrain,Mb8x6vLcggc,00001,2.0519058188876897,7.488
val,pretrain,7jx0dTYUO5E,00008,0,pretrain,2XiDdnDCD34,00033,-1.8911411223926429,5.312
val,trainval,jSOPQgPIdKg,50013,0,pretrain,PvT9tD3NZvo,00009,-7.05419216545081,3.392
val,pretrain,zCvSZBy6SyU,00012,0,pretrain,W8OiVZrAj4c,00023,-5.509414115969613,8.832
val,pretrain,JaFSfq2Zn7I,00056,0,pretrain,2NHV4AzSEzY,00019,-8.66212324340668,9.856
val,pretrain,pSCefSAYqaA,00015,0,pretrain,6gSwRHScq6M,00044,3.204947536869973,7.808
val,pretrain,M1o3FS0awtk,00006,0,trainval,BCvzpm4d2gs,50008,7.099749467356233,3.2
val,pretrain,r9DDE7NV1Nw,00012,0,pretrain,iQsnObyii4Q,00007,5.966104001545517,9.344
val,pretrain,ZaSFy6RX3aE,00014,0,pretrain,1KS10q6N2A8,00019,9.374068136016714,13.888
val,trainval,cj5LZBmiQu4,50028,0,pretrain,WAuDCOl9qrk,00011,-7.903739776779455,2.688
val,pretrain,RVX8ZSAR4OY,00012,0,pretrain,S6cX2p5cBVg,00003,1.7726030567936952,6.528
val,pretrain,rokPqHc9iD0,00020,0,pretrain,bq39x2HWjNk,00021,-4.805140006076243,7.808
val,pretrain,CfmNXPMjChs,00008,0,pretrain,o0VrZPBskpg,00028,6.4090867218592535,13.632
val,pretrain,uhRhtFFhNzQ,00013,0,pretrain,1IxIDGyISzk,00018,4.663849605101834,9.28
val,pretrain,PRsopS7yTG8,00013,0,pretrain,WNj1Y11tSx8,00010,4.252949484484867,4.672
val,pretrain,gSUvy6pvLA4,00028,0,pretrain,8cwWSS29faQ,00021,-0.37235122172926793,9.408
val,pretrain,7JQbyvNjM74,00016,0,pretrain,6LmPq7DSds0,00024,-4.638245202952107,15.168
val,pretrain,cMhPOiuDzBc,00001,0,trainval,ljqra3BcqWM,50001,2.6119944397867467,6.016
val,pretrain,5ErKrSyUpEo,00019,0,pretrain,mkdSXHXhCcw,00101,3.107269484834303,3.456
val,pretrain,sDfhSIKFGz0,00001,0,pretrain,0sYguTPLpHE,00020,3.151276537814347,7.616
val,pretrain,SMi3rHuK0c4,00003,0,pretrain,HS8y0WLm78U,00090,2.1478240262294808,3.584
val,pretrain,4l3Kj3hVSVY,00012,0,pretrain,XkiXXPShycA,00024,4.506837647027675,8.96
val,pretrain,KZIGekgoaz4,00025,0,pretrain,T33vGEPLSwg,00008,8.641125295613804,6.848
val,pretrain,SmsYxDvdcYc,00009,0,pretrain,PMBWNbj2awk,00014,1.8119925517665827,3.648
val,pretrain,av3SCLBU7sI,00022,0,pretrain,v7UKkzIaSsQ,00048,7.548718850433843,6.016
val,pretrain,ZSRaJIMYSMs,00013,0,pretrain,SeEsTtedvBk,00001,-8.661668874936097,6.4
val,pretrain,FM5SDGprLpc,00030,0,pretrain,KyamsZXXF2w,00029,-9.847688572209368,4.48
val,pretrain,bmFhWr693is,00010,0,pretrain,b28brIs1OmM,00026,-4.317870449583645,4.096
val,pretrain,uSUOduS5MPc,00017,0,pretrain,UvbFr0eSsg8,00027,-7.131398741678816,6.912
val,pretrain,zUS5GcqzHNM,00006,0,pretrain,GjijgEch52Y,00002,6.815591216253967,4.288
val,pretrain,JM77aTk1XyI,00005,0,pretrain,czfduTtXLbI,00018,9.583107091252089,8.32
val,pretrain,golS4kh8ETY,00003,0,pretrain,LS6TWtYWaPA,00010,2.3758061606170404,8.256
val,pretrain,W4zepOS7dgk,00006,0,trainval,mi9B40hZYAo,50004,7.63168130223827,2.56
val,trainval,u9GEmyZ8B3Q,50005,0,pretrain,XWFvhGek3m0,00004,-7.3836280583658915,3.648
val,pretrain,x7I5BWWS0c8,00006,0,trainval,UoruUSrndBA,50010,1.4413428531494414,5.248
val,pretrain,RSW3xi2jMYI,00027,0,pretrain,pi9SMFWTzXw,00014,2.3288036901037135,9.792
val,trainval,e450FJaS3no,50004,0,pretrain,ibMjhQvAmcI,00019,-1.9973428292158246,4.48
val,pretrain,SSJkV8IzsZA,00023,0,pretrain,gypAjPp6eps,00008,2.279083844753629,4.736
val,pretrain,apbSsILLh28,00006,0,pretrain,BSxI3YxAPW4,00008,6.837941965354389,4.736
val,pretrain,tiwVMrTLUWg,00027,0,pretrain,t0pwKzTRG5E,00013,-7.6004710186853375,7.36
val,pretrain,f4DV2BFUmSA,00001,0,pretrain,bCjfy8Z7dv8,00044,-6.867132108433127,3.072
val,pretrain,MtSE4rglxbY,00019,0,pretrain,IyrcWMvu9ek,00010,5.345092488245511,18.688
val,pretrain,eaelI0u4Sz0,00017,0,trainval,KI3WJXNhCJ8,50046,2.0418341550334205,2.688
val,pretrain,MHN1gqrXMUM,00005,0,pretrain,khRkIVPa1Vc,00017,2.6198255792496674,8.192
val,pretrain,j7c9b9A2AHc,00040,0,pretrain,zStF2WEZMSs,00014,1.974811858785948,5.376
val,pretrain,k4N2SxUZwiU,00008,0,pretrain,XTf9Sdrq1zg,00002,-8.240501288325436,3.52
val,pretrain,cotBM0laSSo,00020,0,pretrain,chXKZC4D42k,00009,-0.4831798032654451,5.312
val,pretrain,9FCsyK4aRXQ,00009,0,trainval,BT2XlI8oeh0,50020,-5.782055041381959,2.88
val,pretrain,LhszKevcH30,00002,0,trainval,lwcvhh4pLjE,50005,1.344622795250217,5.568
val,trainval,VKwFSRsaoY0,50005,0,pretrain,cplaWsiu7Yg,00034,-5.2612198431097035,3.136
val,pretrain,jSS03JfgHEA,00032,0,pretrain,Si1ZoKSFtSs,00008,-4.400039344305473,5.376
val,pretrain,55n9pHSA0O8,00013,0,pretrain,IW8mHxAkOtA,00006,7.943170579837599,4.672
val,pretrain,9y7YEmyzSDo,00024,0,pretrain,JM77aTk1XyI,00011,-1.6170451206520404,15.744
val,trainval,aILSY9g7Tg0,50001,0,pretrain,CSSBGTJgBGo,00007,-6.818650838163778,3.584
val,pretrain,V48M5jS6zdE,00034,0,pretrain,6d6oq0zGGmw,00019,-2.8434045264562275,6.784
val,pretrain,NhYnouvrGS8,00004,0,pretrain,nO69NjadSec,00006,-0.6166191980644662,4.096
val,pretrain,iwlSPe0FbSg,00009,0,pretrain,sLFqwXqe4Yk,00010,1.3265339918192538,5.376
val,pretrain,raCIUeGUr3s,00036,0,pretrain,Qs9m8obl0AY,00010,-2.9819806160497553,7.104
val,pretrain,Qa2HpQI1Ufg,00010,0,pretrain,dLHWVTa5xZs,00018,2.06031735567975,3.776
val,pretrain,MOFdlEbu15g,00050,0,pretrain,o0VrZPBskpg,00005,-1.022074754254465,3.264
val,pretrain,eJ89At9Xxws,00016,0,trainval,2NHV4AzSEzY,50006,8.16392277206829,3.456
val,trainval,kZP8KqrSbcw,50008,0,pretrain,7Z9xCX4ifJo,00025,4.148254185875519,5.824
val,pretrain,Xw4K07eVuQE,00004,0,pretrain,RoS2q3pSrq4,00001,8.66896237316816,5.312
val,pretrain,F0ofeD8VKMA,00006,0,pretrain,jTfGAHroSSI,00005,1.9726361825675944,5.248
val,pretrain,SIKqVKyyW6w,00015,0,pretrain,hz2ONnzRANs,00031,-8.308876558255577,16.0
val,pretrain,YzhSmnGcSkE,00023,0,pretrain,nItwVO9stX8,00012,0.24743928412715732,14.464
val,trainval,UOn3zOp8JPE,50004,0,trainval,SeJwaOCYWwM,50001,8.286731398262656,3.008
val,pretrain,tTvIEUGCigk,00003,0,pretrain,nOHbn8Q1fBM,00014,2.9339004274565923,7.616
val,pretrain,SS6ZojCzNGY,00032,0,pretrain,iW4fCwfw1vg,00019,1.6254373296078413,6.528
val,pretrain,3B24RaqA33k,00008,0,pretrain,sDfhSIKFGz0,00007,-5.413905443547639,4.032
val,pretrain,AAkEYcmCCCk,00029,0,pretrain,vUP0ytS6ba4,00021,-5.221004185966962,11.84
val,pretrain,kKSUjBmHqQw,00004,0,pretrain,kpyc84kamhw,00020,-2.7261436409610473,4.608
val,pretrain,v84pD2g3gSk,00038,0,trainval,CiLnSGrcuEs,50006,-7.188258697212548,4.736
val,pretrain,h0dSQDgl3gI,00001,0,trainval,N7wF2AdVy2Q,50001,-0.6438285026662314,2.176
val,pretrain,SryJK294Psw,00040,0,trainval,1Yz7Snu6pnI,50008,-2.97237153275071,5.76
val,pretrain,aR6jLD1USW0,00024,0,pretrain,q16f8km11Ms,00006,-8.045426741563144,8.128
val,pretrain,Lrdn4lazVBc,00027,0,pretrain,QSfFattg8N0,00012,9.626007813493867,17.856
val,trainval,pF72px2R3Hg,50003,0,pretrain,dIh8KBOOkYU,00011,5.978193895676235,3.904
val,pretrain,q9Ou0cj3fF8,00034,0,pretrain,SgOTaXhbqPQ,00029,5.453909998928534,3.136
val,pretrain,8GOFoquSdkI,00010,0,pretrain,CHxhjDPKfbY,00036,-4.837499183867784,6.4
val,trainval,I2xDZlpInik,50016,0,pretrain,CilXrSYMA8U,00003,7.245075082399374,3.456
val,pretrain,YdSSA7POsN0,00011,0,pretrain,UJ7QaCFbizo,00019,1.0521097522609342,6.08
val,pretrain,S0hxl03JoA0,00045,0,trainval,vMwPTI54rqQ,50038,9.953946984264302,2.56
val,pretrain,LlQXs0yofMs,00023,0,pretrain,XiEQmcZi8cM,00043,0.5785227383200784,3.52
val,pretrain,pcSlowAhvUk,00076,0,trainval,XFOkSdlPafQ,50003,-2.9275069979207435,4.416
val,pretrain,Nhwq12TKkQQ,00015,0,pretrain,sFNmulAb4wM,00041,-1.714839450161156,7.744
val,trainval,KxDwieKpawg,50005,0,trainval,6V6p1tgHfm0,50003,2.8552339995380187,2.496
val,pretrain,CEN4XNth61o,00009,0,pretrain,5QGApheKRc0,00028,8.206405284034975,3.328
val,pretrain,VohNDqzWP9E,00004,0,pretrain,o0I0Poe3qlg,00024,-5.951010366192269,5.056
val,pretrain,xbagFzcyNiM,00002,0,pretrain,v3SZTqj2Skw,00028,9.321005332501848,7.936
val,pretrain,TOyygXMkWGQ,00003,0,trainval,qxmEpmCtM3o,50004,-2.2371907427552102,6.208
val,pretrain,93hbqLBpSHI,00001,0,pretrain,q319HSSLs9Q,00012,-5.510183707481464,3.84
val,pretrain,9ebJlcZMx3c,00010,0,trainval,3NQZOXtc9uo,50006,-7.590114781417467,3.968
val,pretrain,a2MR5XbJtXU,00049,0,pretrain,0hzSUUdTDUA,00013,6.2905641323636985,4.096
val,pretrain,5K57kcs15DY,00033,0,trainval,8b2vNkEtfpc,50003,-0.9221174146724316,2.176
val,pretrain,F0ofeD8VKMA,00030,0,pretrain,OtNpDaQqNSQ,00016,-6.4557572045187435,6.976
val,pretrain,bzlYyhh3X0w,00008,0,pretrain,lwcvhh4pLjE,00047,2.757583192126493,7.936
val,trainval,BcTOSxcv2So,50011,0,pretrain,hh2Z2hSgFIY,00023,6.851454651184106,3.072
val,pretrain,EzZzZSqpZ4w,00001,0,pretrain,Svo01ldlTQc,00006,1.305365363182867,4.096
val,pretrain,qMppKiqMpAk,00024,0,pretrain,Xw8U5LXaItM,00003,-0.9836733670142195,5.12
val,pretrain,Ftnb2fpJ664,00028,0,trainval,B1dkma6GRZo,50007,-0.010232821243217671,5.44
val,pretrain,hscdmpKGqrQ,00018,0,pretrain,2W1jvTEjc1s,00002,-4.2117771278484195,9.6
val,pretrain,rAA8mMQi0is,00002,0,pretrain,0iTehgSOZ8A,00011,7.69402869252896,9.984
val,pretrain,Kk7kzUt3SLc,00016,0,trainval,rjECbQ1rSk0,50011,5.502922508640353,6.144
val,trainval,IeblJdB2SVo,50002,0,trainval,avuhY7D71sQ,50014,-6.641473759740744,2.816
val,pretrain,fw30yjccnD4,00011,0,trainval,KTvSfeCRxe8,50009,5.656129598383931,4.096
val,pretrain,lwz8KvS9NRA,00010,0,pretrain,GzB0BDstCI0,00004,-3.975757593640676,9.536
val,pretrain,VbF2KPn3TrU,00004,0,pretrain,WIebxoTx408,00008,-2.401661617069455,12.928
val,pretrain,eqDgt12m26c,00021,0,pretrain,ppRtQCAbzPk,00002,0.5744440345241806,15.616
val,pretrain,WiNI6INAytE,00020,0,trainval,BcTOSxcv2So,50011,1.0079205187245357,3.072
val,pretrain,vhhgI4tSMwc,00035,0,pretrain,bzlYyhh3X0w,00002,4.191187428273116,7.552
val,pretrain,qykDS2AXKIU,00003,0,pretrain,sWnAtLt8kSs,00008,-7.9395652399008405,11.008
val,pretrain,zSWppsceZ1c,00005,0,pretrain,niASMK9RoAI,00015,3.4518303404017416,6.72
val,pretrain,g9M3HIjHuq0,00007,0,pretrain,SF242mxtZN8,00050,-8.55989760220169,5.952
val,pretrain,gmjSazFbpkA,00057,0,pretrain,kTqgiF4HmgQ,00012,-8.79688281826063,3.968
val,pretrain,St7SxHszKws,00006,0,pretrain,DZQe73IXZtU,00010,4.292642260980626,3.328
val,pretrain,2BOTS9GAjc4,00047,0,pretrain,aL00a3sfnYM,00006,-2.9058747502953004,4.48
val,pretrain,04VbxnzUwes,00010,0,pretrain,S7SXH1CBzGw,00021,5.980886863236417,2.56
val,pretrain,3UFGqjWcVU8,00029,0,pretrain,uVAaZVz9pDs,00070,7.9692125921860395,7.296
val,pretrain,tpODOkfrwyQ,00023,0,pretrain,Kc0Kthyo0hU,00018,-8.620201726897587,7.232
val,trainval,tsFKSfItBoE,50003,0,pretrain,XKiQl5WZQ5I,00018,-8.027280138973229,5.12
val,pretrain,G2Y6Am46eVU,00011,0,pretrain,Ogce5D2XMZ0,00009,-5.270615749901877,11.712
val,pretrain,pkGAMb5sYvg,00009,0,pretrain,7jx0dTYUO5E,00019,-3.98154005579687,4.16
val,pretrain,wfW3aZCFfLA,00027,0,pretrain,hHOX3dlhhZ0,00016,-9.798275507006466,7.296
val,trainval,GlUS6KE67Vs,50006,0,trainval,mAvSoNUgMno,50007,1.3776928018019756,2.176
val,pretrain,boSGZ3qSAys,00026,0,pretrain,nXOSQeZNjJo,00006,-6.618978080018511,5.824
val,pretrain,3MYEtQ5Zdn8,00018,0,trainval,3f6xCzKx9CA,50009,-4.6667078265313355,2.944
val,pretrain,mMDuakmEEV4,00015,0,pretrain,cj5LZBmiQu4,00007,-8.701311016067406,3.712
val,trainval,cnDEVgxD6QQ,50003,0,pretrain,7nAU7KXXHEI,00016,-2.40958291028742,4.672
val,pretrain,iARReKKgETs,00012,0,pretrain,KQEWc3LVfyc,00071,-6.39340253906785,6.016
val,trainval,lkzoQuzlW4M,50008,0,pretrain,BQj2ZSGPsY8,00025,3.6742454198330314,6.016
val,pretrain,NhSTVcNFtVI,00028,0,pretrain,xjuY3lUfkK8,00020,5.531858659028394,5.44
val,pretrain,EhM56Fk2aFk,00001,0,pretrain,7SfQLQ7eyA8,00001,6.469208824582132,5.312
val,pretrain,ddw1S3ZVjTE,00018,0,trainval,rPh3c8Sa37M,50011,-5.304119509503977,2.496
val,pretrain,hPsUXhXgWmI,00035,0,pretrain,LsESSyMnwmU,00010,7.41428171164635,4.48
val,pretrain,8XQ1onjXJK0,00004,0,pretrain,4BwSMSCFdu0,00019,-7.8519773849718995,4.224
val,pretrain,eJb3Z2RmRMo,00003,0,pretrain,7CIq4mtiamY,00010,-0.9170414281015624,3.776
val,pretrain,4a6ZRstYlgw,00061,0,pretrain,GjYt5uQPu8o,00005,2.7340575983588877,9.152
val,pretrain,8wSOZFBcwZc,00009,0,pretrain,khRkIVPa1Vc,00017,7.067205724598434,8.768
val,pretrain,7jx0dTYUO5E,00025,0,pretrain,k0GQSJrpVhM,00002,9.559334831942834,6.72
val,pretrain,69szjo8bt14,00009,0,pretrain,USnf5kbsMlg,00002,4.17168792461837,3.712
val,pretrain,3TXSNu5wTS8,00007,0,pretrain,Ftnb2fpJ664,00028,7.448694903909388,13.312
val,trainval,8JSMI8Xrwms,50006,0,pretrain,1HIxnTruN78,00011,2.96811017858043,6.208
val,trainval,xgKqX5Yj3b8,50006,0,pretrain,v3SZTqj2Skw,00003,-0.9630663280893881,2.304
val,pretrain,pY6ulSP70HY,00001,0,pretrain,gLgNjywpKsY,00005,-4.5562463569857155,23.04
val,pretrain,buRLc2eWGPQ,00008,0,pretrain,JD4O7ama3o8,00022,4.664147283767804,8.832
val,pretrain,HlnhCdujYco,00001,0,pretrain,F4Zu5ZZAG7I,00006,-5.364452438005028,17.792
val,pretrain,iPrDiPDTzYk,00007,0,pretrain,FrgzvykPILc,00038,8.18931724330151,6.656
val,pretrain,k6qTwqiHnAM,00003,0,pretrain,jqWHy6B0ADA,00012,5.03691536652936,8.384
val,pretrain,0GL5r3HVAZ0,00015,0,pretrain,PENkzh0tWJs,00009,-8.562220369771008,8.128
val,pretrain,NPSelwWdPa0,00027,0,pretrain,bRuU02haIK8,00017,-5.095243149922566,5.376
val,trainval,kj9HYBDSknQ,50001,0,pretrain,tic7X3ET4gE,00001,2.8765968963960393,5.888
val,trainval,HpiZTvlWx2g,50016,0,pretrain,vbHkhSfaQu8,00031,5.262384854449136,3.136
val,trainval,cbSts8fUhB8,50006,0,pretrain,r6nSmSTKHGc,00001,-0.7971946276465687,6.144
val,pretrain,UIAm1gSVgn0,00013,0,pretrain,lfrG2bidW5g,00003,-2.7372619185157347,15.424
val,trainval,xkq8drS5ofs,50003,0,trainval,cOIJGGgaSIY,50014,-8.30280258348306,2.368
val,pretrain,IaWeJ8V3pg4,00015,0,pretrain,zhKoy2QPThE,00018,2.7278818166604335,5.248
val,pretrain,zIwLWfaAgS8,00065,0,trainval,H8Pr9Jnulxk,50004,-7.583257431274369,6.08
val,pretrain,R9g3QSqvtss,00027,0,pretrain,YglyHzvBqpA,00003,6.296880398739905,7.104
val,pretrain,mT4Qbp89nIQ,00021,0,trainval,Kxg0SEpOcWs,50001,-4.692185452769531,2.816
val,trainval,uRdQS2sjF2s,50004,0,pretrain,qH4GAXXH29s,00025,0.3333841193367775,2.688
val,pretrain,4T9N3ZcRBSI,00013,0,pretrain,HNMQSw7hXTA,00008,-6.010610315048998,3.904
val,pretrain,1BHOflzxPjI,00016,0,pretrain,1z3Fgtj8fqk,00011,-1.1903539141062343,8.0
val,pretrain,Oj8eFu72Sfc,00014,0,pretrain,aUBawr1hUwo,00018,-2.9755960587136006,12.096
val,pretrain,nHU9aLPyxf0,00023,0,pretrain,U5kIdtMJGc8,00013,9.326744287989758,9.728
val,pretrain,Peu7eeGtmQ4,00018,0,pretrain,tlS3r8Gid90,00042,5.192432061479295,4.8
val,pretrain,HS8y0WLm78U,00023,0,pretrain,PVXQUItNEDQ,00018,-7.4133110002681875,17.408
val,pretrain,mkdSXHXhCcw,00066,0,pretrain,Ftow7dSpaiY,00005,9.496760069077542,6.848
val,pretrain,w3q89BTJj3o,00025,0,trainval,Jc2F3SnawnI,50004,6.342128207585549,6.08
val,pretrain,ws4GZvNeQhQ,00002,0,pretrain,7SrGFfZMJ6Q,00005,-1.2680556484130108,9.6
val,trainval,QISHX5UKky0,50009,0,trainval,cOIJGGgaSIY,50014,0.47713986748073367,2.368
val,pretrain,xp0O2vi8DX4,00018,0,pretrain,qBfwUkCGJHQ,00012,-8.19954691487824,3.392
val,trainval,xY7kVVS2HVY,50011,0,pretrain,by3NnWvSCj8,00016,1.705185624638169,4.48
val,pretrain,oD06XPtmLZY,00008,0,pretrain,QOSPNVunyFQ,00007,-5.932736871638378,7.36
val,pretrain,ao3NtIZ0iBU,00009,0,trainval,p4tffKWs3BM,50001,-8.90897657531071,6.08
val,pretrain,tTvIEUGCigk,00020,0,pretrain,8lXYZ6s3Dfk,00002,4.0587164903437145,4.416
val,pretrain,5HL1BEC024g,00018,0,pretrain,7hFy02TSH4U,00019,-6.126542585300914,4.736
val,trainval,NgDGlcxYrhQ,50017,0,pretrain,Ep2MAx95m20,00002,-6.932149641485559,5.888
val,pretrain,5AN5fPFtV0U,00013,0,pretrain,0iTehgSOZ8A,00002,-7.228625368536963,5.568
val,pretrain,04SEzifEsGg,00038,0,pretrain,Gk9T7ngEijs,00020,9.384738612889322,5.056
val,pretrain,rTJpJlVkRTA,00039,0,pretrain,MO0LSLY2hRA,00006,4.93711162848645,8.256
val,pretrain,S4XXhSwYASk,00004,0,pretrain,4wOxJOPnSUg,00013,4.697593125354684,5.632
val,pretrain,yVwAodrjZMY,00031,0,pretrain,EluxCgnQVzg,00015,-3.820972652004267,4.672
val,pretrain,potB0voQzNg,00038,0,pretrain,m4GQk4ufRKs,00004,5.749177284026274,3.52
val,pretrain,89Dhye1lgik,00019,0,pretrain,31iuh9pfFwg,00026,4.193759133370225,11.584
val,pretrain,SGnmDWtyhAs,00022,0,pretrain,SC3DVeWT09w,00002,-3.681505188540042,14.976
val,pretrain,P8GCjrDWWUM,00037,0,pretrain,V2gCKH91GJo,00001,-5.646823083638095,2.56
val,pretrain,JzLiCBCbAMY,00014,0,pretrain,NcmxEPOQQzg,00014,-5.6790757440268465,4.928
val,pretrain,tV2RLLtOgL4,00008,0,trainval,hVShA7g4Joc,50001,-4.782149250557719,2.944
val,pretrain,fWInyaMWBY8,00012,0,pretrain,K2mhMzVCfhI,00014,-9.702734677038512,4.864
val,pretrain,fDzj9vRw5yM,00022,0,pretrain,csnxJFQw98k,00026,2.462803167694055,6.016
val,trainval,VASXSkawBiY,50001,0,pretrain,oJfFMoAgbv8,00028,3.3329371541868706,3.328
val,trainval,4bHO8NZwmIg,50005,0,pretrain,RWiI7AkDXSo,00018,1.8056750733059523,3.52
val,trainval,ygRNoieAnzI,50005,0,pretrain,utV1sdjr4PY,00007,-9.479429758882228,4.416
val,pretrain,ASOvJjAw2Jo,00008,0,pretrain,ZuCX92wuw2g,00009,-3.7366783692482564,6.208
val,pretrain,iSRWMLMBkqk,00019,0,pretrain,osBbP6Om4Mg,00019,-7.334822029992134,13.184
val,pretrain,JaFSfq2Zn7I,00014,0,pretrain,RcGyVTAoXEU,00017,6.679797204761588,7.104
val,trainval,ZxVJt6vQWV8,50002,0,pretrain,lrZZoCmSnME,00004,-9.279675569992637,4.288
val,pretrain,9vpqilhW9uI,00023,0,pretrain,eJ89At9Xxws,00007,-4.476908835460116,6.016
val,pretrain,njESlZa2b10,00003,0,pretrain,NP8xt8o4S5Q,00021,-8.173021500230275,9.856
val,pretrain,9OECsmMont4,00026,0,pretrain,bf7BXwVeyWw,00014,-7.010245499582737,4.8
val,pretrain,lfykytI3A6k,00004,0,pretrain,mulbSSAULSo,00003,6.7211250915829766,13.568
val,trainval,syjEN3peCJw,50005,0,trainval,GggL8lStP9I,50004,-3.445656957247505,2.176
val,pretrain,p49rv25dx0g,00007,0,pretrain,rAA8mMQi0is,00008,-1.974320856940981,7.04
val,pretrain,D9S6G8J6VJg,00019,0,trainval,o9NUy12lgs4,50003,-0.4237489499259297,2.432
val,pretrain,XAvE61JqkQs,00018,0,pretrain,IMjn62naclM,00031,-7.450784105293411,8.448
val,pretrain,vcSn852sv3E,00009,0,pretrain,da1vvigy5tQ,00014,8.31741462001412,4.608
val,pretrain,u5GCetbP7Fg,00011,0,trainval,rTMqGbTNkNg,50021,-2.4431428030875484,2.688
val,pretrain,F8bM8K7WSR8,00005,0,trainval,jseHPnqXlPY,50003,-1.3168074812672952,6.144
val,pretrain,EXo3qA9V3eI,00035,0,pretrain,uUDu8jQ6qHo,00005,-5.450991474372591,5.44
val,pretrain,mp0SQQQgv7s,00016,0,pretrain,da1vvigy5tQ,00004,-4.998605171129626,9.856
val,pretrain,fIw07IX6rG8,00004,0,pretrain,iNDXvJjSniI,00001,0.5349641418690361,3.392
val,trainval,IdW9UYlxlVY,50018,0,trainval,GSmaUPREKlU,50001,-5.3121923037552765,4.416
val,pretrain,V2DgJBx3cyA,00011,0,pretrain,rEgSZNB3qyI,00030,5.331097754669731,5.504
val,pretrain,2EeqUSQMjbw,00005,0,pretrain,nwZkoAeOzuo,00012,-1.5602669237415956,3.456
val,pretrain,zuAj2F54bdo,00033,0,pretrain,FSS4Kv6MlG0,00002,2.9736923184218984,4.544
val,pretrain,0hzSUUdTDUA,00008,0,pretrain,aIFFFGf1ZRE,00005,-3.181665665162166,8.704
val,pretrain,YraU52j3y8s,00043,0,pretrain,gh5VhaicC6g,00016,-4.098247892200433,10.304
val,pretrain,xuAAPsiD768,00037,0,pretrain,vkEeNkHilIg,00028,6.523664487314715,6.336
val,trainval,zuLOT6GsAxw,50005,0,pretrain,fgfQLTIhi1U,00035,-0.2664294455288978,4.544
val,pretrain,uHnqvhWQMV0,00013,0,pretrain,XoBSE2C1u0s,00003,-9.135373369765105,4.096
val,pretrain,buHSvs7LFzw,00027,0,pretrain,O4Og5tFNiaU,00030,5.980682327228884,7.488
val,pretrain,NDWkSrKRTCs,00001,0,pretrain,AS3Pyc4Qr2Q,00023,-1.5656254803381096,4.8
val,pretrain,v7UKkzIaSsQ,00048,0,pretrain,cK74vhqzeeQ,00024,-5.994403146165217,13.44
val,pretrain,CbS6PPBJJB8,00017,0,pretrain,sHJZRPWXQ9s,00029,-3.5271418087382607,4.672
val,pretrain,GjYt5uQPu8o,00006,0,pretrain,Td2hfdXQ5x8,00045,3.1150398689290615,4.16
val,pretrain,pPBI8oUXZ8Q,00006,0,pretrain,sLiM2SizFl4,00038,9.883371210362853,6.848
val,pretrain,GigYWy2UmOY,00001,0,trainval,3f6xCzKx9CA,50009,-4.739962092883996,2.944
val,pretrain,HCJRXoYOoaI,00014,0,trainval,CHh6hWo1AFE,50017,6.814900200269726,6.08
val,pretrain,S9ZciGIBcS8,00011,0,pretrain,2dRlssVF7fc,00028,-2.5483544248318557,3.776
val,pretrain,PvT9tD3NZvo,00004,0,pretrain,MKKGS38vCO8,00042,3.5877576965733144,4.416
val,pretrain,nrVC977gOPc,00010,0,pretrain,tsgvhP07BC8,00023,0.8751708432470693,9.6
val,pretrain,R1vskiVDwl4,00006,0,trainval,j7c9b9A2AHc,50004,4.261191833336406,2.368
val,pretrain,HgRJNsTb08Q,00015,0,pretrain,SFW0TEFKCxk,00022,-2.91450936102458,5.376
val,pretrain,Zwwanld4T1w,00003,0,pretrain,rSSSsisz2SM,00023,4.415058353073789,12.032
val,pretrain,EZwxKPv1CwA,00009,0,pretrain,T9vLHFza8Uc,00030,0.6139891824069323,11.2
val,pretrain,R21MsHQA8vM,00046,0,trainval,gJv1WdMUz0w,50004,7.712167868876779,5.12
val,trainval,3dqXHHCc5lA,50003,0,trainval,bq39x2HWjNk,50004,-0.8651498816181125,3.84
val,pretrain,FPhZGDS6kVQ,00019,0,pretrain,WNTk29zXl4A,00010,-3.0686025201436635,8.0
val,pretrain,JcCQS4YiTb8,00005,0,pretrain,oKtALHe3Y9Q,00024,6.4256397170026,16.704
val,trainval,b8z6HfSq7l8,50001,0,pretrain,quJdL9ggETI,00012,-5.718011778322243,5.824
val,pretrain,3f5lk3PZh74,00012,0,trainval,BT2XlI8oeh0,50014,-3.2774933710220306,3.648
val,trainval,6ydYeyNSQVY,50001,0,pretrain,uYyvbgINZkQ,00012,-5.23423275715829,3.648
val,trainval,0TOkvcqeVQY,50001,0,pretrain,bvAEJ8G9l9U,00012,4.88429628119742,6.08
val,pretrain,u8bsCiq6hvM,00014,0,trainval,ZIhFcjcc568,50005,-5.990477409684603,3.328
val,pretrain,RPicL1AWrs8,00020,0,pretrain,9FCsyK4aRXQ,00021,4.490796996536551,7.36
val,pretrain,vdDFLzyk94k,00015,0,trainval,pk35J2u8KqY,50001,5.5550638556099745,3.328
val,pretrain,0SFkPxScSM4,00013,0,pretrain,wX78iKhInsc,00064,7.321919303081444,6.848
val,pretrain,kSGFq12w5WU,00014,0,trainval,JM77aTk1XyI,50004,4.6854713670007015,2.88
val,pretrain,gPEECGFJFb8,00001,0,pretrain,mk3KSVrveSE,00022,-2.582740102067353,6.016
val,pretrain,ONXYcNS7k1Y,00023,0,pretrain,FI8c14giiWQ,00006,-2.947789382868966,6.784
val,pretrain,SXKNASvfHWs,00019,0,pretrain,F0ofeD8VKMA,00040,-7.992305937614798,6.208
val,pretrain,A0V9Rk9tNL0,00005,0,pretrain,JSswZaKN2Ic,00022,-2.9234492146706614,16.704
val,pretrain,N7wF2AdVy2Q,00052,0,pretrain,DUd8XAS5HEk,00024,-3.8440440585687874,8.256
val,pretrain,hh2Z2hSgFIY,00019,0,pretrain,zMAU8SY8pMs,00003,-8.534466430662064,8.384
val,pretrain,ae38tl7uR28,00007,0,pretrain,HJYDwS09coE,00012,-5.797575290643426,8.0
val,pretrain,av3SCLBU7sI,00019,0,trainval,tlB1pFwGhA4,50018,5.077337408908889,5.824
val,trainval,IHyR7p6Shn0,50015,0,trainval,Fb2J5eDoFko,50014,-5.912708996526284,2.56
val,trainval,Re53vgaVFvI,50004,0,pretrain,9YR8jNtV4BE,00004,3.3402221771052947,3.776
val,pretrain,BczB8oqYL0g,00008,0,pretrain,GB4s5b9NL3I,00004,0.5826582839116021,15.936
val,trainval,zLNXIXingyU,50015,0,trainval,ZaSFy6RX3aE,50012,-5.234270570102655,5.44
val,pretrain,wMWYLgj1ydw,00024,0,pretrain,qS7zAkwAOYg,00025,-0.3699009585613027,9.856
val,pretrain,wgPLGS1BvQo,00041,0,pretrain,OH0dK208MNk,00003,8.436887654962163,7.36
val,pretrain,BGRy5VUSLfI,00045,0,pretrain,Dh5sPiuaO9Y,00014,-6.973421873779378,5.12
val,trainval,1cJiAS6NSUI,50009,0,trainval,T2jwSUhu7ok,50011,4.826579053445382,2.176
val,pretrain,7W8OJgeYy1w,00013,0,pretrain,vcSn852sv3E,00025,-5.504413706520079,6.528
val,pretrain,B905LapVP7I,00002,0,pretrain,b2qM1ISJCEQ,00050,-5.1687510243474915,9.088
val,pretrain,iZRGUADAu2Q,00009,0,pretrain,jryCoo0BrRk,00017,9.30469564618923,5.312
val,pretrain,lwcvhh4pLjE,00051,0,pretrain,5pGWV4KBDUs,00007,4.119522196246335,11.072
val,pretrain,8t987Lxt1t4,00017,0,pretrain,YmRKlZEXVQM,00029,5.519514849142455,6.016
val,trainval,iW4fCwfw1vg,50001,0,pretrain,uDIyxxayNig,00029,1.6011426281851833,6.016
val,pretrain,Melo1Bgporw,00015,0,pretrain,emn28FrJ6CI,00001,3.5373798857138112,6.784
val,pretrain,UIAm1gSVgn0,00013,0,pretrain,a17Z5Sk2XJY,00025,-6.251876059890698,10.368
val,pretrain,EijI8QaExDg,00047,0,pretrain,MnT1xgZgkpk,00011,8.445731287944977,4.672
val,pretrain,zqLYcJ6Ib3c,00010,0,pretrain,frrZbq2LpwI,00010,8.065131888487745,5.568
val,trainval,SjaWs87t5UM,50001,0,pretrain,cSiNSQubRs0,00030,-1.3886066927763903,3.584
val,pretrain,MvMUMShuMaI,00025,0,pretrain,6c0VtOdibcI,00012,-5.839641053307938,11.648
val,pretrain,6d6oq0zGGmw,00033,0,pretrain,7Y2sjSG4Njg,00011,8.266270450884104,12.288
val,trainval,gyM6rx69iqg,50012,0,pretrain,YraU52j3y8s,00031,5.008390002838272,4.416
val,pretrain,uHRG3Vr9qyI,00011,0,pretrain,mGInCowjJ48,00005,9.499095119918476,19.456
train,pretrain,488ZBeaGo6s,00036,0,trainval,fbeFn1Xcqo4,50004,-3.394832084915067,2.88
train,pretrain,6Co3dn0nSTk,00009,0,pretrain,J5jwEyDaRS0,00003,6.841627616932872,2.304
train,pretrain,NFIOuy3JSIQ,00002,0,pretrain,oIGBBPspTKM,00045,0.4247421960818514,7.68
train,pretrain,0kPu6eKpja8,00005,0,pretrain,3UaOl8SYHes,00020,-3.4208831120673278,3.008
train,pretrain,nOHbn8Q1fBM,00023,0,pretrain,n9ZSpccScW0,00037,0.9647648424221185,10.496
train,trainval,501FEzbB1JI,50014,0,trainval,GZGY0wPAnus,50020,-6.441005723490725,2.752
train,pretrain,dsfROmgVN5U,00006,0,pretrain,akOe5SUsQ2o,00030,-3.223453382397155,6.208
train,pretrain,apiScBmE6rA,00017,0,pretrain,KTvSfeCRxe8,00017,-4.870556726386434,5.376
train,pretrain,mArrNRWQEso,00087,0,pretrain,kCOV51S7Xqg,00011,4.167693196069859,8.768
train,pretrain,KZIGekgoaz4,00036,0,pretrain,ufJ7sOtuFd0,00007,-5.202855358590572,4.352
train,pretrain,Eo9bb3U9wPs,00018,0,pretrain,nccPghNJjBQ,00015,8.44601691732732,6.848
train,pretrain,SYpHNImNsx8,00028,0,pretrain,qErZ2AQDMB4,00028,5.622882591647798,5.888
train,pretrain,USnf5kbsMlg,00026,0,pretrain,fIqABIcKIvs,00014,2.739782322117307,6.656
train,pretrain,vbHkhSfaQu8,00016,0,pretrain,LiyaSr5aeho,00003,-7.366977188685963,3.776
train,pretrain,iOByGJskqks,00007,0,pretrain,cf3zxHuSM2Y,00036,-7.441805221894395,5.312
train,pretrain,PDKKOSJX6yQ,00007,0,pretrain,SwMTKRixZIE,00017,-8.842071265977616,3.904
train,pretrain,sLiM2SizFl4,00019,0,pretrain,0FOlwct8k9M,00017,-6.536667264199291,5.888
train,trainval,nyLYQYHGbvI,50002,0,pretrain,cgxZ4H3gJ8c,00019,5.569235174957512,5.568
train,pretrain,umgWcQ5uNu0,00003,0,pretrain,l2oywAEJ9hE,00004,-6.463086582010018,20.16
train,pretrain,csnxJFQw98k,00025,0,pretrain,bl8S81JF3b8,00005,-6.279380076332004,6.976
train,pretrain,w9xg5TAhuJc,00008,0,pretrain,pgmiPXAwiLg,00023,-0.04237878160295594,11.328
train,trainval,GP4sBGbeF8w,50008,0,pretrain,zZJSgrzZNdY,00002,-2.3368985311446533,4.8
train,pretrain,Fc1yN6uxZfQ,00008,0,pretrain,gHxr8uJeqsg,00012,9.611483757920528,3.136
train,pretrain,DWZsOe1j2w0,00018,0,pretrain,b2LbuqoNGGI,00005,3.3040130894951165,7.296
train,pretrain,2W1jvTEjc1s,00015,0,pretrain,KPzccnstSXg,00016,9.23461460142569,6.848
train,pretrain,EpFCykE9Lk0,00016,0,pretrain,C44r6knuJtU,00015,-9.77479714858854,5.248
train,trainval,pz1TDXKSTHc,50008,0,pretrain,wQJC2MMB8nA,00012,-6.651245793166205,6.144
train,pretrain,esugL07XANg,00025,0,pretrain,V84bSWIlNA0,00017,9.916146886361634,4.16
train,pretrain,Y2y7BzjbSNo,00013,0,pretrain,aL00a3sfnYM,00009,1.8789635078965805,5.952
train,pretrain,eCknUJJc3qU,00006,0,trainval,H3YbZsStuSI,50004,2.5029635585128407,4.736
train,pretrain,NRO0SJXuFMY,00010,0,trainval,DqCsQqy9MyU,50023,6.40944824972793,6.208
train,pretrain,GjINFuwLGvQ,00008,0,pretrain,wAIP6fI0NAI,00004,9.209497011642554,5.12
train,pretrain,3NdSVi38RM8,00019,0,pretrain,PcQwHHbjZ0A,00021,3.174341172462345,9.408
train,pretrain,n4EhJ898rSk,00005,0,pretrain,FM5SDGprLpc,00032,-7.774086724889758,4.032
train,pretrain,pbotabqHUys,00001,0,pretrain,ofsncCF9OSU,00061,6.3414163852396435,4.736
train,pretrain,bCjfy8Z7dv8,00027,0,pretrain,6yR5OUVb2gY,00017,4.93443624701097,9.92
train,trainval,imaWSTabxOE,50004,0,pretrain,wYCSHKl4RPU,00018,8.08630736516464,5.568
train,trainval,gh5VhaicC6g,50056,0,pretrain,gZpcTVqpaPw,00020,1.1401224859177557,3.52
train,pretrain,hz2ONnzRANs,00010,0,pretrain,bUaU9kdt9I8,00016,5.513966377142541,3.52
train,pretrain,BXcFEhl7ynM,00023,0,pretrain,cnDEVgxD6QQ,00026,2.744611674981577,5.44
train,pretrain,HSmKRshF1SA,00030,0,pretrain,gvGSfRhlvlw,00003,-9.390251467688824,6.72
train,pretrain,uTL9tm7S1Io,00023,0,pretrain,WLj0uepcPFs,00008,1.4244933236895037,12.928
train,trainval,Jc2F3SnawnI,50003,0,pretrain,OmMv9tShW8k,00007,-1.859364578999969,6.144
train,pretrain,SrqmuYvk3iQ,00028,0,pretrain,LlJJRGPfqwA,00002,-7.792626743008673,11.264
train,pretrain,FTUpFYo0rMI,00002,0,pretrain,gdg4mUSwuhI,00008,-9.626244552847387,5.248
train,pretrain,HuWMO3M1HVQ,00003,0,trainval,NDWkSrKRTCs,50008,-1.2848318115165842,2.112
train,pretrain,h27g5iT0tck,00029,0,trainval,gBkIyJ7kfSI,50011,9.478098751061388,4.16
train,pretrain,CprpSEjVtwA,00007,0,pretrain,NyQ1wLFj0f8,00001,2.666036942882714,9.216
train,pretrain,eHzLV1LM4Rs,00009,0,pretrain,pOWgXxoSTNM,00003,2.537616083088503,7.232
train,pretrain,tkIgSSxPzTA,00016,0,pretrain,TXaXvrd3jS4,00016,9.72813260801901,5.696
train,pretrain,eosckjQ4mJ0,00009,0,pretrain,aS1UEAGCo30,00003,5.284126412242699,6.72
train,pretrain,Itmu78W9cOI,00021,0,pretrain,z4vmzTZ7qLA,00017,0.43365780327813397,10.88
train,pretrain,wvIOoxPxpfQ,00007,0,pretrain,MvojSku8zk0,00011,-3.3705720732116218,4.096
train,pretrain,jUIfiLplNqQ,00005,0,trainval,6VWPHKABRQA,50004,9.193896812593831,4.544
train,pretrain,ZLiUelSu7s8,00008,0,pretrain,YdSSA7POsN0,00009,6.35540681294248,19.52
train,pretrain,36m1oStM05g,00024,0,pretrain,pcSlowAhvUk,00036,-5.659615861900164,12.48
train,pretrain,AhSSmLEMgis,00011,0,pretrain,3rbVQNTzCh8,00016,3.112449815247672,12.16
train,pretrain,u5GCetbP7Fg,00018,0,pretrain,QJORi5VO1F8,00008,4.121756040011483,9.6
train,pretrain,LiyaSr5aeho,00010,0,pretrain,moS9iMlmsP0,00036,-7.882511120604397,4.288
train,pretrain,AhUhpfKeLus,00011,0,pretrain,YXWKuKSQsu4,00008,2.265632468326885,7.168
train,pretrain,7tu9nJmr4Xs,00010,0,pretrain,dgYItsUBW1M,00006,-6.599150227026406,5.952
train,pretrain,80GqbW1MmQM,00028,0,pretrain,sY0PfSpfqCI,00020,-0.4130358046929459,13.76
train,pretrain,fv8KpQY0m6o,00004,0,trainval,aqhzFd4NUPI,50026,6.944967914476351,2.496
train,pretrain,Chfoo9NBEow,00002,0,pretrain,gniDHWq0RSQ,00001,-1.428629809802139,9.28
train,pretrain,bcSXtB5bQgs,00016,0,pretrain,acikxzM6GaY,00008,-2.9553561334811356,6.912
train,pretrain,zhKoy2QPThE,00015,0,pretrain,KExLCJAuTXA,00023,-7.9564553095817985,6.208
train,pretrain,eQdFkSSgHYo,00023,0,pretrain,rtsHUeKnkC8,00001,8.788228900243041,4.032
train,pretrain,ouXGIw7gBmk,00027,0,pretrain,Pzd7ReqiQnE,00001,-9.219527532269396,16.512
train,pretrain,trxGZMm4nBQ,00044,0,trainval,kyaiTGmwxnU,50002,4.8213914140150536,4.352
train,pretrain,k4vzhweOefs,00082,0,pretrain,A3yBxsDv8lM,00002,6.711634012195219,9.216
train,pretrain,cnxEP6bzg7o,00001,0,pretrain,ixsridS3qVs,00007,-8.352194623385035,5.056
train,trainval,vYV4tAq3wVg,50001,0,pretrain,pNTylSnUOVo,00007,1.1443666566334425,3.84
train,pretrain,y3ZrjRlIcgI,00008,0,pretrain,DzWjaWFLjgg,00005,-7.843255559969409,8.448
train,pretrain,jT5rRh9AZf4,00009,0,pretrain,2W1jvTEjc1s,00010,-6.021666900359408,3.392
train,pretrain,7JQbyvNjM74,00006,0,pretrain,bzlYyhh3X0w,00013,1.3410942532431527,6.4
train,pretrain,AOEQ9GteWbg,00009,0,pretrain,FcoJt2KLC9k,00041,-0.2283395712792533,3.648
train,pretrain,6XS8TA4RBog,00037,0,pretrain,CFtsHf1lVI4,00018,3.2133141000625205,10.24
train,trainval,UVDgemuZdho,50006,0,pretrain,N9HF8mMe2pU,00023,7.7739313386383095,3.968
train,pretrain,D1QoyTmeAYw,00028,0,pretrain,WpldYJ3sSIo,00019,-2.3499831642633247,11.456
train,pretrain,mWA2uL8zXPI,00030,0,pretrain,CPVjktgYKo4,00011,4.186799451895293,11.904
train,pretrain,f6nQJoEk7Ko,00012,0,pretrain,5d4ZEgZU9Aw,00019,9.176536347201907,8.64
train,pretrain,v2jSfxnRPSE,00007,0,pretrain,fCKNScHMBGE,00008,-3.4521104620755345,10.56
train,pretrain,osBbP6Om4Mg,00021,0,pretrain,3OMgvtWNHp4,00008,2.998983190365692,6.72
train,pretrain,wOiKRVH0nQ8,00009,0,pretrain,ZSRaJIMYSMs,00024,-8.781662972231459,11.584
train,pretrain,G8cjIBwP52o,00014,0,trainval,UQzvNIIMayo,50013,-8.576734029291632,2.176
train,trainval,LH8MPbFoRjw,50009,0,trainval,u9Lu85L111Y,50008,-4.51118019030436,5.632
train,pretrain,vPhM8lxibSU,00030,0,pretrain,wcMnmCH6Gjg,00006,-9.16662152108965,9.536
train,pretrain,wcMnmCH6Gjg,00020,0,pretrain,RtFFT4zjyTM,00020,-8.232809251683278,12.288
train,pretrain,gB23pKmyIHM,00028,0,pretrain,bp9KBrH8H04,00005,-0.12373138071922973,3.136
train,pretrain,6LmPq7DSds0,00012,0,pretrain,tH5iEf9oxaI,00003,-7.3561292544958174,5.696
train,trainval,70uaS1e9YN0,50011,0,pretrain,uSTmKo75gJI,00003,-5.315414716293596,4.736
train,pretrain,P5Mpo4JQZhw,00020,0,pretrain,6AvXhgXlGpE,00039,4.252689364915245,4.48
train,pretrain,hscdmpKGqrQ,00032,0,pretrain,u9Lu85L111Y,00047,2.6023319246594454,5.376
train,trainval,4SkoG9FWP4w,50009,0,pretrain,OAK1UIbSFio,00088,4.071260779789876,6.016
train,trainval,vzi4AopBEBg,50008,0,pretrain,Eewvsw027jg,00013,8.569454142079593,4.736
train,pretrain,Hg9STIrY0No,00001,0,pretrain,mKkF6mAlX4k,00003,-9.549193753062017,3.52
train,pretrain,AGivotqSrd0,00043,0,pretrain,PJUIXSpLoVk,00002,-8.27289899662336,12.544
train,pretrain,ZWfCi9WxK1E,00005,0,trainval,AR6RiSHN7S0,50004,-1.7843272032800996,6.08
train,pretrain,jZxLsDkvkVQ,00015,0,pretrain,BwHAYgOnZSU,00011,-9.077300721064901,3.968
train,pretrain,YhpMSjbVopo,00025,0,pretrain,hfDkDzZ9GsU,00005,4.743554365492814,14.08
train,pretrain,tkIgSSxPzTA,00019,0,pretrain,F4RMDoGCCK0,00015,1.978764968876888,3.008
train,trainval,SvBggxCNNno,50017,0,pretrain,jSOPQgPIdKg,00048,-3.447255106547871,5.248
train,pretrain,HS8y0WLm78U,00052,0,pretrain,DokhOtMp75A,00001,-1.9338696780837168,5.184
train,trainval,mclzytQQMGI,50012,0,pretrain,Sm5xFSUYgdg,00032,3.7270963085118787,5.76
train,trainval,55n9pHSA0O8,50011,0,pretrain,P8GCjrDWWUM,00004,-8.822035566260425,2.176
train,pretrain,vPn94XAUBoo,00014,0,pretrain,j97WsAz3CDY,00004,3.461591327496947,11.264
train,pretrain,qZYNWW4M7yM,00012,0,trainval,OLHh9E5ilZ4,50008,6.628728432668254,3.776
train,trainval,gUWWt30oZ3w,50010,0,pretrain,y7S4yQRCYHE,00012,-8.1394698202163,5.376
train,pretrain,H74XsXCjKA8,00005,0,pretrain,iW4fCwfw1vg,00004,-3.288376292940372,8.896
train,pretrain,n9ZSpccScW0,00023,0,pretrain,oVE5rRJa0D8,00003,-8.694379355274986,5.12
train,pretrain,IHBGLHgIWJM,00001,0,pretrain,XyCY6mjWOPc,00006,-4.362293455154971,4.48
train,pretrain,5EH1dS2aQVg,00005,0,pretrain,kFMZrEABdw4,00017,-3.926656780284718,5.696
train,trainval,4bHO8NZwmIg,50009,0,pretrain,VM6HZqQKhok,00003,2.9102698042927795,3.072
train,pretrain,J3pGKt7fESM,00019,0,trainval,R1vskiVDwl4,50032,-5.837403380977846,6.08
train,pretrain,n83zdD2Y8Zc,00005,0,trainval,0bop3D7SdDM,50010,1.8380447392803152,5.696
train,pretrain,0YeVt2kpSSo,00026,0,pretrain,dScYSVZtB7k,00019,5.032105356329133,3.584
train,pretrain,mLufqwmPl1A,00013,0,pretrain,0g2WE1qXiKM,00010,-1.0378061240680747,4.416
train,pretrain,xAXUqSQc8DI,00012,0,pretrain,DqbM1ZrpTQg,00020,-8.529421135222188,17.024
train,trainval,SVB39Jo8mAQ,50014,0,trainval,zIwLWfaAgS8,50013,1.1579778088436932,4.48
train,pretrain,LSdPxGLesE4,00034,0,pretrain,8n5O9tz30So,00019,-2.6602386924124533,7.04
train,pretrain,qNvDRuGK84I,00014,0,trainval,YeXcNpVkezI,50001,9.931203187260355,6.016
train,pretrain,H4Fwn3RHa14,00005,0,pretrain,CyElHdaqkjo,00033,9.688737103833162,2.496
train,pretrain,NZspSEdO2Xk,00006,0,pretrain,AAkEYcmCCCk,00008,-0.22478178444971775,5.312
train,pretrain,ea3HnhOLC9g,00038,0,pretrain,sHJZRPWXQ9s,00012,7.327365987584017,7.04
train,pretrain,bfAzi6D5FpM,00031,0,pretrain,BZsdiVTFt7Y,00001,0.24875444656158052,3.968
train,pretrain,wfNX1cHkSfE,00016,0,trainval,dsOSb0SrS5Y,50001,-6.847359718150015,3.136
train,pretrain,mArrNRWQEso,00007,0,pretrain,V4Xw76SsHOM,00009,1.083287356702547,9.408
train,trainval,28hGxw5DBK8,50004,0,trainval,IXBalykzauE,50001,-6.4817264055382395,2.048
train,pretrain,W14XWvAz3x4,00002,0,trainval,TT6qWghHkFI,50024,4.281272977223374,2.368
train,pretrain,fmZSIr2Z29s,00014,0,trainval,Qhomjw2PSV0,50017,3.6636659213804297,3.392
train,pretrain,1hxwsYYz5fI,00007,0,pretrain,I9tB6Q5bmcQ,00011,7.836538068903277,3.392
train,pretrain,Rv9SwZWVkOs,00016,0,pretrain,SQB9zNWw9MA,00001,-5.121872602142101,7.744
train,trainval,0snNB1yS3IE,50015,0,pretrain,Hh09xlzxRmE,00043,9.92493710909092,3.264
train,pretrain,h0dSQDgl3gI,00013,0,pretrain,lv2SjZ6tIGg,00009,4.372064318382618,15.424
train,pretrain,da1vvigy5tQ,00005,0,pretrain,2SlbsnaSNNM,00011,5.311367523815051,8.64
train,pretrain,SDjLpMj3BDU,00010,0,pretrain,cSsxBTNF2U8,00031,1.1099153036716736,3.456
train,pretrain,H1fvr9rGgSg,00010,0,pretrain,0z03xkwFbw4,00001,-8.582978245260113,6.016
train,pretrain,9MegHiL93B0,00009,0,pretrain,ATISgVUKetI,00017,6.302741372695696,7.296
train,pretrain,I1cGiNnJZgU,00001,0,pretrain,SGMVTJ9ZKVc,00013,2.909797899773361,4.096
train,pretrain,jobYTQTgeUE,00013,0,pretrain,KiPcxhJtuPQ,00014,4.209466382302365,5.76
train,pretrain,fKyljukBE70,00001,0,pretrain,DUd8XAS5HEk,00018,5.812435778514919,5.696
train,pretrain,WvvuLDX7iIk,00038,0,trainval,1Yz7Snu6pnI,50012,-5.5375039935340915,6.144
train,pretrain,jFG7jqJXbno,00005,0,pretrain,VJRBx0JjMSM,00005,7.586017879882913,5.376
train,pretrain,b1XHSPB6AmY,00001,0,pretrain,2dRlssVF7fc,00040,-7.401717364870148,10.304
train,pretrain,emn28FrJ6CI,00003,0,pretrain,796LfXwzIUk,00020,-3.6077768993662707,4.48
train,pretrain,dwbP9iBxkdA,00015,0,pretrain,S9O9vyJBQ6g,00005,2.3722731151109215,6.72
train,pretrain,BqSxYSOZrgU,00002,0,pretrain,RSl1ramE35s,00043,-7.13708248662498,9.856
train,pretrain,u1K6hnm09xs,00018,0,pretrain,u0VHC1SDOS8,00003,0.35731537170748773,6.272
train,pretrain,nQcgD5DpVlQ,00014,0,pretrain,65e2qScVSK8,00016,-8.540142819298948,5.376
train,pretrain,zStF2WEZMSs,00006,0,pretrain,8Dv2Hdf5TRg,00012,8.427649660661118,4.544
train,pretrain,hqQSTqVNnOY,00017,0,pretrain,qJ7A74Vx7YE,00011,8.817680753804183,4.352
train,pretrain,o5ojwGhKr20,00013,0,pretrain,FVSc2FnPnDE,00025,-6.362731077218655,5.376
train,pretrain,w32u2NwCve0,00007,0,pretrain,hgui64Kr0Go,00021,5.547406556714979,4.736
train,pretrain,mJxA8eIWQUc,00067,0,pretrain,qItCBNzqdn8,00018,-3.946761977507565,8.128
train,pretrain,KRrNST9OAcA,00010,0,pretrain,lVQ3KUTHDe0,00015,5.467216268577699,5.248
train,pretrain,GpKrM8GQwOg,00021,0,pretrain,0QbLI1U4cLE,00021,-8.498804237122204,4.416
train,pretrain,SrqmuYvk3iQ,00031,0,pretrain,ZHOyfyGwpes,00013,0.017234654595251087,9.28
train,pretrain,uP3pg3alCRw,00003,0,pretrain,4BwSMSCFdu0,00017,-0.20179776574546082,6.656
train,trainval,fnS9f5x0f1Q,50016,0,pretrain,A7ktYbVwr90,00006,-7.125320945228333,2.176
train,pretrain,H03o2WCBoDU,00017,0,pretrain,SGnmDWtyhAs,00035,2.027258006780471,10.048
train,pretrain,JNSgdmKysxA,00028,0,trainval,4jUdCy6Vghw,50009,-2.604340933334191,4.416
train,pretrain,rYwTA5RA9eU,00015,0,pretrain,BczB8oqYL0g,00017,-7.4484359824442326,8.832
train,pretrain,KVhWqwnZ1eM,00009,0,pretrain,86xSuStz0MA,00049,-7.311406481291341,6.08
train,pretrain,BoRUrWcdkQ4,00008,0,pretrain,zbHe4RpgV80,00029,-5.424360464385105,33.984
train,trainval,3PQrElyu9HY,50005,0,pretrain,yq3TQoMjXTw,00035,-8.61868229905575,2.368
train,pretrain,rufeSSlZJg8,00018,0,pretrain,DJMhz7JlPvA,00013,-7.4651717872958345,4.16
train,pretrain,LVFVaWCV1TE,00016,0,pretrain,YXrEVQFtJm0,00004,-1.322286703437051,5.44
train,pretrain,vhfcedpoCLo,00015,0,pretrain,breDQqrkikM,00003,8.481957781205452,2.944
train,pretrain,KaiwGb0csas,00012,0,pretrain,jPyR3UDhOm4,00028,9.68519803326005,4.416
train,pretrain,IHBGLHgIWJM,00021,0,pretrain,b28brIs1OmM,00029,-3.4184272463621586,13.12
train,trainval,qty0NjF3pdQ,50001,0,pretrain,FSNEIwDiCSw,00050,6.459975915987648,6.08
train,pretrain,nncPtxLCPrE,00017,0,pretrain,pj2YxCAnqx0,00015,2.0014234443589025,4.16
train,pretrain,ZuCtZJGcEMU,00001,0,pretrain,Mjl1i13JKNM,00021,-1.6828501168949188,3.968
train,pretrain,NtOoDN0ojxo,00001,0,pretrain,hJZ0pAoxksE,00002,8.474524347522099,10.944
train,pretrain,c6mhFgAjqwA,00003,0,trainval,SeJwaOCYWwM,50010,-6.242498251786801,6.208
train,pretrain,PS6vDLq64gE,00009,0,pretrain,rSqYQXRVP0k,00015,-2.9457272043330267,4.736
train,pretrain,pcSlowAhvUk,00043,0,pretrain,weCFbknwZa8,00008,3.4815358993011554,4.16
train,pretrain,2L4BSVpvx1A,00007,0,pretrain,MtSE4rglxbY,00021,8.512951736594417,8.704
train,pretrain,nC06omDS0kA,00003,0,pretrain,lXQ4HSMp1OA,00006,1.338457990534092,3.84
train,trainval,FSS4Kv6MlG0,50004,0,pretrain,1G8dQQrlbbA,00004,-1.654766853925036,4.8
train,pretrain,9AgCr2tTvng,00037,0,trainval,SeBUcBfkVCo,50041,9.985769483363015,2.368
train,pretrain,9VXOknUbzBM,00002,0,trainval,OT9poHSD2Iw,50004,-8.234034350901194,4.608
train,pretrain,BStjKYvEziI,00005,0,pretrain,NhSTVcNFtVI,00019,9.511125418206806,8.0
train,pretrain,Cqj0sgrNL10,00005,0,pretrain,3gSSNHO1dDs,00009,-1.3850184715227236,4.16
train,pretrain,quJdL9ggETI,00029,0,pretrain,DJGreSgaOTc,00053,6.911869421201981,10.496
train,trainval,ElJxUVJ8blw,50017,0,pretrain,kOPMqiKhoSc,00028,-1.7570977494476363,5.376
train,pretrain,xY7kVVS2HVY,00027,0,pretrain,qzwCujeSSSc,00030,-3.580726155835448,12.672
train,pretrain,ym6OYelD5fA,00008,0,pretrain,vvlozhvQPJw,00001,-4.433520946804526,5.184
train,pretrain,2Oe6HUgrRlQ,00039,0,pretrain,xjxyEwjG2Es,00002,2.4593723254883457,7.552
train,pretrain,iOByGJskqks,00014,0,pretrain,AAkEYcmCCCk,00024,-4.613469031077926,8.448
train,trainval,2JSZ66uMRwc,50004,0,pretrain,7H0USvVSfhU,00019,6.236967633346861,5.952
train,pretrain,iclWthSVvBs,00010,0,pretrain,qmnVdzzAuQk,00001,-6.9227159792710165,7.808
train,pretrain,A3Vpjwye9Mw,00003,0,pretrain,hWnZKAXSv3s,00004,-9.532082774475672,2.816
train,trainval,BMOjVYgYaG8,50008,0,trainval,16cMSRFid9U,50003,9.506521734185046,2.752
train,pretrain,8m1X26Auw6Q,00009,0,pretrain,HJY8gMsonU0,00016,7.5110431511703055,5.056
train,pretrain,nrVC977gOPc,00016,0,pretrain,EXo3qA9V3eI,00014,-2.3631424228206876,10.368
train,trainval,vMeEKBaiPbg,50003,0,trainval,cf3zxHuSM2Y,50008,-6.278700856546697,2.496
train,pretrain,SZSc5UCSZS0,00011,0,pretrain,cQl6jUjFjp4,00001,-4.567824437157815,6.528
train,pretrain,CHh6hWo1AFE,00002,0,pretrain,NcPusGLnqAc,00003,-8.70377916920111,5.12
train,pretrain,FrgzvykPILc,00004,0,pretrain,avuhY7D71sQ,00045,9.52229361787786,4.48
train,pretrain,Zwwanld4T1w,00031,0,pretrain,9EVEmZ2cSes,00007,-4.906425885008494,18.368
train,trainval,aIFFFGf1ZRE,50029,0,pretrain,KDBcoRLkut8,00026,5.733361344192321,4.288
train,pretrain,ramueKMLXZY,00012,0,pretrain,k0T6rfpYoqA,00009,2.094454316381654,4.096
train,pretrain,NJ9Iq7ReMDs,00003,0,pretrain,G1RRbupCxi0,00010,-6.299396165447703,10.56
train,pretrain,GZyjTPEufLk,00003,0,trainval,iP9QFSlBOyA,50003,-5.35011643340628,3.584
train,pretrain,XiDAztWWAuM,00004,0,pretrain,DtT6S1vtjzQ,00011,-8.269722231344854,3.904
train,pretrain,pNttjJUtkA4,00018,0,pretrain,PB2OegI6wvI,00037,2.0480732777755506,5.056
train,pretrain,7sqeoYOQ4qg,00047,0,pretrain,EvEj5zAJriw,00017,1.6696255174511485,7.168
train,pretrain,vPhM8lxibSU,00002,0,pretrain,JrqgyAoS6oI,00007,5.428286418220816,3.904
train,pretrain,cSsxBTNF2U8,00058,0,pretrain,hHOX3dlhhZ0,00010,0.7738836695755484,7.872
train,pretrain,7A66iZQXNh4,00019,0,pretrain,tpH2fhwCzSM,00003,4.201249321661496,4.48
train,pretrain,eHrcRquSEs4,00004,0,trainval,iRsCUJxIrVM,50007,-7.028125131844336,6.016
train,pretrain,JiwZQNYlGQI,00026,0,pretrain,dsCNuBSKBUw,00010,-2.1873036125164553,5.248
train,trainval,dooLZNsHVDY,50001,0,pretrain,AhSSmLEMgis,00022,-4.1769166143514695,2.816
train,pretrain,XDBWEKBq0Sw,00031,0,pretrain,lV3trdyDdHE,00056,5.44606805321366,3.52
train,pretrain,h9deGh8StEc,00005,0,pretrain,T33vGEPLSwg,00006,5.821517350808909,8.128
train,pretrain,Y0GHWogx0eg,00031,0,pretrain,0ZhL7P7w3as,00002,-8.841739995993843,5.888
train,pretrain,P2y3Uspr8Bg,00004,0,pretrain,J0WQz9qlgZI,00006,-0.90047870720859,15.936
train,pretrain,Gp5CqfHS5h0,00003,0,pretrain,tlB1pFwGhA4,00020,-3.066990929875317,16.64
train,trainval,RjrS5EqZlUs,50002,0,trainval,OXQwtTOnLvg,50009,-8.194421991807651,3.584
train,trainval,7sxpKhIbr0E,50004,0,pretrain,AA1BT0tfihw,00001,8.482112937350351,2.56
train,pretrain,AS3Pyc4Qr2Q,00032,0,pretrain,FzApYQDIXlg,00005,-7.896129678285204,15.616
train,pretrain,S4XXhSwYASk,00012,0,trainval,Bqx8abrSIYo,50003,5.45258212548565,6.08
train,pretrain,mlrB6npbwVQ,00004,0,pretrain,zpoGgUoqkkQ,00012,-8.757359719894328,6.336
train,trainval,nxRRqLpWi6Q,50027,0,pretrain,JLLpWtHbMAo,00022,0.21812774156947334,2.24
train,trainval,sa0RUmGTCYY,50021,0,pretrain,GjINFuwLGvQ,00006,-1.096519505577298,5.376
train,pretrain,GqGksNRYu8s,00004,0,pretrain,7ZoOyNTyjQE,00005,9.378999989811895,4.416
train,pretrain,njVJz0wZUfI,00005,0,pretrain,UbVZ7rmDYrc,00005,-5.364042747724975,22.528
train,pretrain,k3zZVQPaKKQ,00006,0,pretrain,mguvTfAw4wk,00002,-3.6359736672270078,4.16
train,trainval,TRE4Sll42lE,50012,0,pretrain,xeFl0RE31x0,00018,-8.404425128424624,3.328
train,pretrain,buRLc2eWGPQ,00022,0,pretrain,cF2dhWWUyQ4,00009,-8.805432234506998,12.928
train,pretrain,zvwQXwJyaj0,00036,0,pretrain,HYzrdn7YLCM,00017,-6.6634418237035,16.128
train,pretrain,up4hFjSjcTY,00021,0,pretrain,z0HsPBKfhoI,00019,-8.054218759102401,4.096
train,pretrain,dhDBxxOKGlg,00017,0,pretrain,DKISYPEF0Ls,00010,5.84297378979465,10.688
train,pretrain,Ftnb2fpJ664,00013,0,pretrain,iKHTawgyKWQ,00017,-8.479109988985098,4.736
train,pretrain,ozPqVGxKGMU,00010,0,pretrain,IkJTwfHPv6A,00012,-5.805205509929532,10.176
train,trainval,SjsGSNgmleA,50018,0,pretrain,N0vRIqeoefs,00030,-3.0770508630019826,3.264
train,trainval,ppRtQCAbzPk,50004,0,pretrain,OyahH2o9AAk,00012,4.329710397091999,5.696
train,pretrain,9yPlMBPNf2M,00024,0,trainval,4N5N0pQUFbI,50001,-9.247506471363977,5.056
train,pretrain,apiScBmE6rA,00019,0,pretrain,Sx4Gsh0r9HU,00006,-3.5473508317369955,4.608
train,trainval,ZOlBqdkN2jY,50005,0,pretrain,YXSOxBfsvbk,00013,-8.934162907671794,3.52
train,pretrain,ofsncCF9OSU,00006,0,trainval,E27DY3AVA98,50004,-1.2254410197829397,2.176
train,pretrain,qtcWebAYmKY,00018,0,pretrain,9h2dFSIsH0I,00054,-6.737919969164947,9.92
train,pretrain,zIwLWfaAgS8,00022,0,pretrain,EL9TBKSdHXU,00025,3.781278630010256,6.336
train,pretrain,NgDGlcxYrhQ,00024,0,pretrain,iQsnObyii4Q,00024,2.331433217066955,6.208
train,pretrain,C3DyhrDsNUA,00019,0,pretrain,yg8SBuTuoKk,00022,-4.68496257779512,6.4
train,trainval,2W1jvTEjc1s,50002,0,trainval,73rUjrow5pI,50010,9.815826360429234,3.2
train,pretrain,TZkNJFrfdR8,00006,0,pretrain,zLNXIXingyU,00041,-9.671977693974016,31.488
train,pretrain,SGnmDWtyhAs,00018,0,pretrain,dsCNuBSKBUw,00017,2.894839078073751,4.672
train,pretrain,FSS4Kv6MlG0,00001,0,trainval,ZBuT2wdYtpM,50009,7.792601300362644,3.776
train,pretrain,XsvgWEdydDI,00012,0,pretrain,QnJIjEAE41w,00012,8.496102996913823,16.576
train,trainval,5Walt8nPINM,50003,0,pretrain,LMrzdkSYnYY,00047,-0.5798890009628508,3.264
train,pretrain,NFIOuy3JSIQ,00016,0,pretrain,5ErKrSyUpEo,00018,-7.27748914652353,8.32
train,pretrain,XLi6iYnnsGc,00019,0,pretrain,HCG1petekXw,00004,8.882954215971225,15.424
train,pretrain,BXlnrFpCu0c,00032,0,pretrain,buHSvs7LFzw,00036,0.3180166773526629,3.968
train,trainval,KTvSfeCRxe8,50043,0,pretrain,KIysMV9wbVY,00022,-6.773305950234258,2.88
train,pretrain,dghBrSBC34Y,00002,0,trainval,1O2l1dcSohA,50006,9.89844713861741,2.816
train,pretrain,uNQujCwCu88,00010,0,pretrain,om6SewSRwtU,00003,5.39536362499566,6.848
train,pretrain,S9PEogIrHSk,00016,0,pretrain,Qt1RPkbF4o4,00015,-5.082029452836176,12.288
train,pretrain,34a7UEzZdsA,00045,0,pretrain,Nx8RRIiP53Q,00021,3.4075521515549045,5.888
train,trainval,BPMrcY9z0nM,50002,0,pretrain,NhSTVcNFtVI,00016,4.09850055339599,5.056
train,pretrain,mPCDOij0bB0,00007,0,pretrain,hiM48jSNZOU,00014,-7.714762220582587,3.328
train,pretrain,7LcSdlVrg5M,00033,0,pretrain,dhDBxxOKGlg,00007,-8.699362031414,5.824
train,pretrain,BMdMSmtTgD0,00030,0,pretrain,WWloIAQpMcQ,00001,-3.747296921253871,5.44
train,trainval,TPA0qoemShQ,50012,0,pretrain,Ydj28CDrHV4,00002,-9.665481575589094,3.328
train,pretrain,0wpCZxiAQzw,00023,0,pretrain,qpfq3xCdAu4,00009,1.5922382894509628,5.376
train,trainval,WzDygsn0Djs,50005,0,pretrain,kbAac9DxM1I,00022,1.9516342324365823,5.568
train,pretrain,shqLZyONA0M,00003,0,pretrain,UROCz70tlMY,00030,1.4312817150504316,3.84
train,pretrain,EszGIvRdgTE,00029,0,pretrain,DOYASAY7dO4,00017,6.749877601395255,14.912
train,pretrain,6yR5OUVb2gY,00032,0,pretrain,iFTWM7HV2UI,00038,5.204830007772824,6.336
train,trainval,NVPxmzSPvUw,50005,0,pretrain,zeSVMG4GkeQ,00031,4.360429853724737,3.264
train,trainval,DJMhz7JlPvA,50001,0,trainval,nx3GuO41Jyg,50014,-0.8467602247789792,3.328
train,pretrain,SGzenQjZSpU,00011,0,trainval,9h2dFSIsH0I,50005,9.444227195114046,4.928
train,pretrain,8Ug1MnU6LKw,00016,0,trainval,vCCdmGKtxPA,50004,1.9940472695177185,3.776
train,pretrain,OISOhvOumT0,00002,0,pretrain,Mu00S1dAMl4,00007,8.216571374630956,13.12
train,pretrain,40Aziot4aao,00004,0,pretrain,2PR51JQkib4,00020,8.783905891243073,9.088
train,pretrain,CsqSDpmgsQg,00016,0,trainval,tiWwrdMqvvM,50027,9.450714459552312,3.52
train,pretrain,G8w4UQL6aI0,00003,0,pretrain,rrkrvAUbU9Y,00034,-8.962304325850091,4.032
train,pretrain,0lYq5jXBfzE,00006,0,pretrain,apbSsILLh28,00064,-7.929563437835516,4.032
train,pretrain,0snNB1yS3IE,00054,0,trainval,9VXOknUbzBM,50031,1.3400916313780336,3.2
train,pretrain,150cqgYh8sQ,00017,0,trainval,n8Y8FK8gonc,50012,0.7929319642753825,5.696
train,pretrain,Qd7PiXg5fKE,00008,0,pretrain,6ORDQFh0Byw,00028,-7.983267706708597,4.16
train,pretrain,mlrB6npbwVQ,00011,0,pretrain,30KJRb4MzSg,00003,6.8486993469579005,5.056
train,trainval,CFtsHf1lVI4,50019,0,pretrain,3F2jACWwKdU,00030,-3.838228505343981,6.016
train,pretrain,o3VwYIazybI,00010,0,trainval,Cu3ILSqFJJQ,50001,1.0527736530965228,2.624
train,pretrain,Xe2nlti47kA,00015,0,pretrain,HaHeAdJNa70,00021,3.434287920262678,5.12
train,pretrain,qZRSPO8NtJc,00003,0,pretrain,7Mn4PnGRuPk,00011,5.190073041061991,8.192
train,pretrain,Z24sXLBnOu4,00006,0,pretrain,nwZkoAeOzuo,00001,8.386609443972134,10.176
train,pretrain,PDefVd8DRxM,00004,0,pretrain,ddw1S3ZVjTE,00001,5.572262451405162,4.544
train,pretrain,ivvKSx4Q6L4,00017,0,pretrain,ROW9FSc0kIQ,00002,9.310269799674195,5.44
train,pretrain,hbG89FYKzaY,00020,0,pretrain,LuG2rf9enHE,00012,-8.888973391855377,8.064
train,trainval,ydKcaIE6O1k,50001,0,pretrain,FJFxLQCo83U,00037,-1.125779347476179,3.776
train,pretrain,2tBuvxXxlS4,00004,0,pretrain,yFVXsjVdvmY,00030,8.735837347269598,10.304
train,pretrain,acikxzM6GaY,00002,0,pretrain,P4pKrxVcvJc,00006,2.322170957000573,4.416
train,pretrain,Wj7hmzfX5eQ,00013,0,pretrain,EDLWWP8N6MU,00003,-9.682537104664279,14.848
train,trainval,0ygtX2nyexo,50037,0,pretrain,mK2TDdEP58g,00017,9.127184014935391,5.056
train,pretrain,b2qM1ISJCEQ,00039,0,pretrain,HmHh8dn6MiA,00003,0.5626635675963403,7.296
train,pretrain,6XS8TA4RBog,00019,0,pretrain,mUJdzaLDRIo,00030,5.945865006671509,4.608
train,pretrain,zvvZEIGNLo0,00006,0,trainval,fIw07IX6rG8,50001,-9.327520646135895,4.864
train,pretrain,fw01Sq0cxM8,00030,0,pretrain,Tmk7nAvpMXQ,00012,9.485888668136568,6.4
train,pretrain,z5ncIwCZDGU,00012,0,pretrain,SbphPa7Wp4c,00008,-8.628519568650585,7.168
train,trainval,SIKqVKyyW6w,50001,0,pretrain,drXnDLHKKPM,00006,3.4200620174715564,6.208
train,pretrain,SqgSz1UmcBM,00007,0,pretrain,ZxVJt6vQWV8,00005,8.770278649908747,5.696
train,pretrain,2VWSSFSUeQI,00005,0,trainval,PL9wP3pAl7A,50001,-4.688187392383847,5.44
train,pretrain,SMi3rHuK0c4,00030,0,pretrain,JQ0iMulicgg,00009,2.333879187523216,5.824
train,pretrain,nDIdnlJHJCQ,00020,0,pretrain,PiVB5niLrWg,00019,9.613748557288485,10.752
train,pretrain,WR2kKw3kQEA,00003,0,pretrain,XyCY6mjWOPc,00022,-4.2232775281720265,5.248
train,pretrain,LMrzdkSYnYY,00006,0,pretrain,NMBNZspmn7I,00042,-3.5307785484772625,7.68
train,trainval,jEHZSIAuYUY,50002,0,pretrain,jSSqQDPGW2k,00027,-2.3790297865994336,3.072
train,trainval,MtSE4rglxbY,50004,0,trainval,k0T6rfpYoqA,50002,6.974031456795718,4.608
train,pretrain,atKSMfx4E3I,00019,0,pretrain,ivfJJh9y1UI,00004,3.942293789677782,6.144
train,trainval,8b2vNkEtfpc,50027,0,pretrain,YhG1Bgbsj2w,00038,-6.24351189051052,2.944
train,trainval,9P73k8m3Ytw,50020,0,pretrain,U2dHczVSCdo,00015,-3.9381261132295524,4.416
train,pretrain,CHxhjDPKfbY,00026,0,pretrain,ao3NtIZ0iBU,00020,4.106625232976349,9.472
train,pretrain,GMc8aSoCE30,00005,0,pretrain,Z6T37m4r3yo,00036,9.652086538864435,4.16
train,pretrain,lwz8KvS9NRA,00001,0,pretrain,f6CILJA110Y,00004,1.7639905097876998,6.08
train,pretrain,V1gxziZwmkc,00015,0,trainval,5LrThfSBeq0,50003,4.818457134503687,6.208
train,pretrain,xnovQVRHj5c,00055,0,pretrain,tXlNvlzd9M8,00015,3.5848307440005414,6.08
train,pretrain,O8e8TtfzSpY,00002,0,pretrain,ElJxUVJ8blw,00004,0.3405750314103635,6.08
train,pretrain,Qhomjw2PSV0,00005,0,pretrain,VM6HZqQKhok,00012,3.917935627477366,15.936
train,pretrain,3lxyiS3CGrk,00003,0,trainval,LWQfeSSfNbs,50010,5.465180468197325,2.56
train,pretrain,2j00U6lUCSc,00031,0,pretrain,HfotnZVEq80,00008,9.213858929423228,13.568
train,trainval,CFtsHf1lVI4,50025,0,pretrain,AdHSwXl2nuQ,00007,-9.772237653503868,3.328
train,trainval,OSz2v42F0E0,50007,0,pretrain,Ssl0043HgQU,00023,4.164447899978242,3.328
train,pretrain,NEC7TiHoxvI,00015,0,pretrain,kWnsmzSSgdI,00009,3.581822119563089,4.096
train,pretrain,9ebJlcZMx3c,00030,0,pretrain,8olL43PKJKw,00009,2.8528724672159527,10.24
train,pretrain,AkUcaludrcI,00018,0,pretrain,yzm4gpAKrBk,00024,0.2134363715558596,3.776
train,pretrain,FpHPVrsEkYY,00006,0,pretrain,mA1vshSuyQU,00020,-1.7432503174028255,6.4
train,pretrain,vPn94XAUBoo,00019,0,pretrain,mt4oSR9wzrs,00005,9.034290891693544,3.904
train,pretrain,zMWYQRKuc5M,00010,0,pretrain,P4X9ZfEx9So,00002,4.13804833468447,3.456
train,pretrain,nCwwVjPNloY,00015,0,pretrain,w4RLfVxTGH4,00002,-2.5822391940550693,10.048
train,pretrain,GpKrM8GQwOg,00003,0,pretrain,sAMahX5hIgU,00012,-1.9276655386474069,6.976
train,pretrain,NiKtZgImdlY,00001,0,pretrain,uNQujCwCu88,00005,-3.442792758853246,5.952
train,pretrain,UG2zHhgfAW0,00019,0,pretrain,MPMr5jPwA7I,00003,-1.386773226559745,43.456
train,pretrain,ydzNAuqUAnc,00023,0,pretrain,I2xDZlpInik,00007,-4.346487143187192,22.4
train,pretrain,ZuCX92wuw2g,00026,0,pretrain,sPQViNNOAkw,00037,6.961394609371169,7.232
train,trainval,1sgb2cUqFiY,50001,0,pretrain,y9Trdafp83U,00031,9.106910406550977,3.712
train,pretrain,k4vzhweOefs,00028,0,trainval,9EglK8Mk18o,50035,-4.195228815318417,6.016
train,pretrain,fkPISY2Vg5k,00009,0,pretrain,uRdQS2sjF2s,00036,-0.9111518648100834,3.648
train,pretrain,mYQx5n5SRVQ,00019,0,pretrain,6rcvWcRMuzs,00019,-6.053226566628995,5.12
train,trainval,Cu3ILSqFJJQ,50003,0,pretrain,2cYDyMnL4M8,00039,-6.972816193795614,2.752
train,trainval,1mUDw0sRZV0,50014,0,pretrain,DLccHLwdS6Q,00004,-1.9531921572904238,3.072
train,pretrain,319sQ9sSlyQ,00011,0,pretrain,0snNB1yS3IE,00037,4.749750524777758,6.08
train,pretrain,rSqYQXRVP0k,00016,0,pretrain,6xy5pWOgeBY,00005,0.6720431538615514,9.92
train,trainval,8SmeicgKjwA,50001,0,pretrain,LhszKevcH30,00021,-6.190644077814573,4.736
train,pretrain,j8T3bdqTdp4,00011,0,pretrain,UrqRudIUPWs,00007,8.919150599320616,4.48
train,pretrain,JiwZQNYlGQI,00021,0,pretrain,iKHTawgyKWQ,00011,7.005804730772201,4.928
train,pretrain,HpiZTvlWx2g,00009,0,pretrain,lyu7v7nWzfo,00002,2.6833228968025082,7.68
train,pretrain,xgYtUKFzHf8,00002,0,pretrain,tJ54irRmdC0,00012,-5.026320370646711,6.656
train,trainval,1SPazvfN9EU,50001,0,pretrain,xo4KYUOMmZo,00004,-5.826848741568305,2.048
train,pretrain,HlnhCdujYco,00024,0,pretrain,MSZS1wnjfhY,00002,-8.993105232248261,7.616
train,pretrain,qJ7A74Vx7YE,00010,0,trainval,d5wfMNNr3ak,50003,3.753333430255296,3.264
train,trainval,BwC4WRKi5QY,50005,0,pretrain,4a6ZRstYlgw,00032,1.8408928933728745,6.016
train,pretrain,eLz9TvxGoKs,00016,0,pretrain,TWPahtyJDsI,00013,-0.9336428872776796,5.696
train,pretrain,rptMkkcM9Sk,00007,0,pretrain,ukgnU2aXM2c,00026,5.239084146393099,12.8
train,pretrain,4Rtfi4MSafA,00010,0,pretrain,Qhomjw2PSV0,00003,-4.566519758548331,6.272
train,pretrain,4YS3gGpnPe8,00024,0,pretrain,qYfEYvo96Hg,00004,4.611732974173856,6.336
train,pretrain,UGtFXtnWME4,00039,0,pretrain,E2qmkUsf6Y4,00005,0.6177169646963261,2.688
train,pretrain,CHxhjDPKfbY,00004,0,pretrain,THJUvXkqmBk,00023,-9.403348760414186,3.968
train,pretrain,D5iFVKhLStU,00026,0,pretrain,d38LKbYfWrs,00012,-0.5203391240363491,4.16
train,pretrain,Svo01ldlTQc,00004,0,pretrain,YyBk55G7Keo,00029,-5.790646650110922,4.416
train,trainval,SCEKKHyxgaw,50020,0,pretrain,NS4bBu9Jyho,00010,-1.1631037995441655,5.632
train,pretrain,nZLO2PnGzMg,00014,0,pretrain,UiCJhSuLdok,00029,9.187740265366632,4.608
train,pretrain,HCG1petekXw,00017,0,pretrain,8rZzHkpyPkc,00024,-0.04376942847830634,7.296
train,pretrain,bXmDaykZobc,00009,0,pretrain,7Oe11XnBvA8,00037,4.581894520235446,13.44
train,pretrain,Wj7hmzfX5eQ,00016,0,pretrain,Zq7QPnqLoUk,00046,-5.07811923983348,5.76
train,pretrain,SvBggxCNNno,00009,0,pretrain,esugL07XANg,00035,1.4736258120827799,11.136
train,pretrain,y3jYVe1RGaU,00017,0,pretrain,m7SuKQGPMSw,00001,7.008486577431498,3.456
train,pretrain,gQShmD0C81U,00001,0,pretrain,ScGSlv9dCeY,00025,-4.142849793621599,10.368
train,pretrain,XBcPFhg0BC8,00009,0,pretrain,1HIxnTruN78,00007,8.339389806551353,4.736
train,pretrain,mxmT10Hk8IM,00018,0,pretrain,H2rG4Dg6xyI,00011,5.784595251612679,8.896
train,pretrain,nVEvzeIXbpk,00026,0,pretrain,Eu22Wgu98VE,00004,-8.85907971707745,2.752
train,pretrain,CFtsHf1lVI4,00058,0,pretrain,bSidnKdH5S4,00011,-6.627791681562682,6.336
train,pretrain,H03o2WCBoDU,00028,0,pretrain,DWZsOe1j2w0,00013,-8.571520489568755,9.6
train,trainval,H6n3iNh4XLI,50032,0,pretrain,LJhklPJz9U8,00035,-0.8782076021898977,2.944
train,trainval,BMOjVYgYaG8,50008,0,trainval,xp0O2vi8DX4,50015,-9.680762399728494,2.624
train,pretrain,Sv36Vt9GmH8,00003,0,pretrain,mAvSoNUgMno,00001,1.0128646851559715,7.936
train,trainval,RjrS5EqZlUs,50002,0,pretrain,G0ZjSInJ4BQ,00004,9.635487701926131,3.584
train,pretrain,0ZhL7P7w3as,00011,0,pretrain,I9tB6Q5bmcQ,00027,-0.9146983715185169,7.168
train,trainval,Q0lARjgVnIU,50002,0,pretrain,oX1C3Jn05OE,00014,-6.833559129113187,3.072
train,pretrain,uS3UYncNwz4,00033,0,pretrain,CstD6O95LSo,00001,-7.421673798699975,11.904
train,pretrain,L2M15ZeTLxc,00005,0,pretrain,G1Ke6JIZyX4,00012,2.7220751424639804,19.968
train,pretrain,mJxA8eIWQUc,00030,0,pretrain,ZbYDSIe5jsI,00005,5.198148619111244,6.72
train,pretrain,NhYnouvrGS8,00030,0,pretrain,0ygtX2nyexo,00017,8.809764285817927,21.696
train,trainval,vQILP19qABk,50010,0,pretrain,nTFEUsudhfs,00005,0.7974988447727505,6.016
train,trainval,OOhgwjEnfAA,50003,0,pretrain,VN357QrUdEc,00013,5.479312469533042,6.144
train,trainval,31PyAjy6Nl0,50001,0,pretrain,2PR51JQkib4,00005,6.607144519691047,3.52
train,pretrain,xf8zep5BADs,00010,0,pretrain,3rbVQNTzCh8,00031,3.8755199709667387,16.896
train,trainval,8qqLMFBGvWI,50001,0,pretrain,oDdcx5luv5s,00016,-9.017991444009033,4.416
train,pretrain,ScFWnnQF7A8,00003,0,pretrain,GjijgEch52Y,00004,0.8404116576028713,14.656
train,pretrain,7LcSdlVrg5M,00032,0,trainval,Wtp7R97jz5k,50004,3.5107959187415094,2.816
train,trainval,WSsjBMSWSYE,50011,0,pretrain,7npLVcymHGc,00005,-6.4642970072181765,2.56
train,pretrain,CGksAjzI0go,00059,0,pretrain,mclzytQQMGI,00015,1.3020060840282106,8.704
train,pretrain,U2dHczVSCdo,00007,0,pretrain,8u9Wvz1edxI,00007,-2.390895487202986,11.712
train,pretrain,SCCG81UbruY,00001,0,pretrain,oX1C3Jn05OE,00021,1.3733584669955228,4.416
train,pretrain,dY9f9bFctUE,00044,0,pretrain,risdUQ3dvrk,00006,6.389863694789419,13.76
train,pretrain,HDjM5lw8OYo,00028,0,pretrain,j12BBcKSgEQ,00015,-6.461160441203662,5.504
train,pretrain,qKlzdSH2X9w,00048,0,pretrain,yqWJuDBSWm4,00024,1.4168009959653798,5.76
train,pretrain,FcecqQkyKoM,00013,0,pretrain,Zwwanld4T1w,00016,-0.7554360387139365,9.536
train,pretrain,kjmsb9pDrF0,00031,0,pretrain,okQXrB7ySAw,00014,9.159556454583083,8.576
train,pretrain,Lp5Ccer5NM8,00016,0,pretrain,5aH2Ppjpcho,00043,-2.7266448568249713,11.2
train,pretrain,uo7w3g24DWo,00034,0,trainval,W4LYn4mIP18,50005,-9.956281770616632,3.968
train,pretrain,YraU52j3y8s,00087,0,pretrain,te3u3MSpk1c,00013,8.395641797498136,8.0
train,pretrain,ww4kNxYE0c4,00021,0,pretrain,llhT0BtSst0,00003,6.945887781331816,8.96
train,pretrain,0gMCZFHv9v8,00009,0,pretrain,IQDrStvBt9s,00020,-8.467868839850151,3.456
train,pretrain,sAINrzTddA0,00011,0,pretrain,vvEH93EQiKg,00004,1.0850718250958558,13.12
train,pretrain,3M29BY86bP4,00001,0,trainval,V2PP3p4S4R8,50001,5.682990641966468,4.352
train,trainval,VC3H1lMEeS4,50002,0,pretrain,LLmhQmicusM,00001,8.190696641762479,3.2
train,pretrain,py1RrSdVt5A,00039,0,pretrain,1oNlTrLIjU4,00004,6.025670733497336,6.08
train,pretrain,P6w7Eq7YhL8,00003,0,pretrain,MpISFKqk0Ew,00013,2.545164461184976,21.44
train,pretrain,FjnGdiqk96Y,00014,0,pretrain,g2J6YOiLNr4,00035,-5.392083643903305,4.8
train,pretrain,WQ2PFoHptK8,00018,0,pretrain,rni41c9iq54,00013,2.873708438368663,4.736
train,pretrain,TuD3IerTOms,00033,0,trainval,iW4fCwfw1vg,50003,0.5369787843256564,3.648
train,pretrain,WyOSqjIABe0,00012,0,pretrain,DSbtkLA3GrY,00002,-8.017744003864443,4.352
train,pretrain,ExcDNly1DbI,00002,0,pretrain,4BZuWrdCS9Q,00024,-5.00275363932607,12.096
train,pretrain,2W1jvTEjc1s,00032,0,pretrain,Sb2qXygFm8U,00021,-3.8811197202646426,4.608
train,pretrain,0d6iSvF1UmA,00030,0,pretrain,N37x4GgDVBM,00012,-6.219399501711593,3.008
train,pretrain,nw6u3fk88pY,00007,0,pretrain,6aRz72yxHQo,00011,-9.29247202289508,5.12
train,pretrain,LhszKevcH30,00010,0,pretrain,CLSSiaFuLo4,00018,-1.8267557686074873,6.784
train,pretrain,WfjzkO6SDEI,00019,0,pretrain,63XsokRPVSY,00003,1.147676611190299,7.36
train,pretrain,PYSkd46RfVE,00031,0,pretrain,q06YIWCR2Js,00023,6.760332066981061,8.448
train,pretrain,5FjuSwOaV3Y,00020,0,pretrain,6Co3dn0nSTk,00014,-3.0112969896533066,10.24
train,pretrain,X0VDy8s8FN4,00001,0,trainval,7A66iZQXNh4,50001,-4.488909543719258,2.688
train,trainval,Mr8nvXvlSy8,50001,0,pretrain,fkPISY2Vg5k,00018,6.119824438267582,5.376
train,trainval,imaWSTabxOE,50006,0,pretrain,BnC6IABJXOI,00058,-7.062606511329053,3.712
train,pretrain,6wk4dkYSrV0,00011,0,pretrain,9FBxfd7DL3E,00006,-0.5894244706971907,5.632
train,pretrain,WNTk29zXl4A,00014,0,trainval,6tSlMoMNSlY,50001,-0.03907769596860966,2.816
train,pretrain,sLiM2SizFl4,00001,0,pretrain,N9HF8mMe2pU,00037,-4.91510103660622,3.968
train,pretrain,hvJ4KlVlqV8,00025,0,pretrain,DZfOvYiQtow,00021,5.989586292266118,5.44
train,pretrain,XgRlrBlS7Yg,00005,0,pretrain,ta9jdCcqWiA,00007,-0.33794635398116313,5.888
train,pretrain,kpyc84kamhw,00042,0,pretrain,fbeFn1Xcqo4,00033,-4.79407869273307,5.056
train,pretrain,sJKFyDbWVqA,00003,0,pretrain,apbSsILLh28,00040,9.24463528556969,7.104
train,trainval,ea3HnhOLC9g,50014,0,trainval,jSOPQgPIdKg,50031,6.289494608258529,3.008
train,pretrain,jSSqQDPGW2k,00037,0,pretrain,jVcaTtJmRNs,00018,-2.384618363117572,7.616
train,pretrain,DLccHLwdS6Q,00013,0,pretrain,UoBUXOOdLXY,00016,-0.14318242514270096,4.288
train,pretrain,7s0CpRfyYp8,00020,0,pretrain,quJdL9ggETI,00014,-6.875199828015928,11.264
train,pretrain,wCf62ksaplI,00007,0,pretrain,LoXAAEy6YQU,00026,-6.082261264878889,6.976
train,pretrain,6yR5OUVb2gY,00011,0,pretrain,ZpT0cw9bmiw,00006,-8.913307952911369,5.824
train,pretrain,xp0O2vi8DX4,00036,0,pretrain,akOe5SUsQ2o,00038,9.435210614080212,3.648
train,pretrain,yA1O5gmP4eg,00015,0,pretrain,9MegHiL93B0,00010,-9.383889239068441,5.888
train,pretrain,i6SbQqqRVtM,00001,0,pretrain,DqCsQqy9MyU,00016,4.289790226095418,10.176
train,trainval,BoRUrWcdkQ4,50001,0,trainval,bVV2Zk88beY,50004,-3.118794631386894,6.144
train,pretrain,t5KNNlxLScc,00017,0,pretrain,v9dEgXR1iWE,00037,-1.9420700024240567,4.16
train,pretrain,RuVdkNdeVAc,00014,0,pretrain,1IxIDGyISzk,00001,-0.17165782984932143,5.12
train,pretrain,nLotSkXFSUg,00001,0,pretrain,LWULB9Aoopc,00025,-1.368151307236463,4.352
train,pretrain,lbIh6yngKHo,00016,0,pretrain,aIFFFGf1ZRE,00038,1.4177808779899514,14.4
train,pretrain,MiOVX7qKQ24,00011,0,pretrain,GSmaUPREKlU,00012,-4.745841117884078,6.72
train,pretrain,6bCHq1OvGR4,00023,0,pretrain,hxPiz2sE0h4,00015,1.9004186217279937,5.44
train,pretrain,haTsrKptgIU,00012,0,trainval,P65XdTlk4vA,50009,-8.149261034602622,3.776
train,pretrain,Let7s6SPgEU,00014,0,pretrain,EU15c9hnftE,00010,-1.7353554959372435,7.488
train,pretrain,lwz8KvS9NRA,00022,0,pretrain,wJttdkKo4nM,00004,5.19110215707582,5.696
train,pretrain,ofsncCF9OSU,00059,0,trainval,2Oe6HUgrRlQ,50025,3.433755921161721,2.048
train,pretrain,LWULB9Aoopc,00009,0,pretrain,h8cF5QPPmWU,00020,0.4194999558861916,4.864
train,pretrain,ESlb3D7AySM,00015,0,pretrain,k3zZVQPaKKQ,00015,-0.7423931359178919,3.776
train,pretrain,48NRknBcz6k,00004,0,pretrain,3E7hkPZSHTk,00021,-0.9160797703749584,8.128
train,pretrain,2G0wQfUl9EU,00008,0,pretrain,YiXdS9DFCOQ,00020,-9.740716662441253,4.224
train,pretrain,QdAG161FeT8,00013,0,trainval,j06dz9eDgqY,50002,-3.9574400164740187,5.888
train,trainval,ME0OeqjnVAw,50015,0,trainval,nPdUMWGWE28,50007,8.329831380187521,2.176
train,pretrain,6xy5pWOgeBY,00003,0,trainval,CWU13rx44j8,50013,-7.787662792144814,3.456
train,trainval,yRUCU5FsvTY,50013,0,pretrain,cHSQGnhdSi4,00017,-8.54734016198962,5.12
train,pretrain,BsFxokC02sg,00015,0,pretrain,b98IwSAeGQg,00005,-2.694243767379514,3.52
train,trainval,p9UC0chfXcg,50001,0,pretrain,aeiSXpmMQys,00005,-7.757123333212275,5.056
train,pretrain,rN7VcY1fS1Q,00013,0,trainval,OT9poHSD2Iw,50014,-0.23957268095555584,3.328
train,pretrain,rueQgStScw0,00014,0,pretrain,tYclUdcsdeo,00014,9.62088910130469,5.696
train,pretrain,Qao76IPXWSE,00011,0,pretrain,oAl82gFMZis,00006,5.681740971282954,17.216
train,pretrain,xEtXItg9hEE,00007,0,pretrain,EL9TBKSdHXU,00007,7.551991982846001,7.424
train,pretrain,zIwLWfaAgS8,00085,0,pretrain,F17SKiAZOxg,00046,-4.391881066985242,3.648
train,pretrain,zG21nyJNBSA,00004,0,trainval,hqQSTqVNnOY,50004,-5.621478900721266,5.696
train,pretrain,KVjkFqS7Y6A,00023,0,pretrain,AFRmGkdXkxA,00013,-2.605408025271654,9.024
train,trainval,asgdGSGQBgY,50008,0,pretrain,fSf5wNwS2c0,00006,-4.2553906377760775,3.584
train,pretrain,Ctz4E2ARkCg,00001,0,pretrain,vrU6YJle6Q4,00004,-4.3812583676681705,3.008
train,pretrain,RoS2q3pSrq4,00009,0,pretrain,SvZXgApsPCQ,00001,-7.021779198482361,3.456
train,pretrain,rTJpJlVkRTA,00034,0,pretrain,0C5UQbWzwg8,00006,-6.2193097577049405,9.408
train,pretrain,CDdpQSLr7YE,00003,0,pretrain,drv3BP0Fdi8,00021,-1.806426876051546,9.216
train,pretrain,9EVEmZ2cSes,00004,0,pretrain,5nys6iebjHw,00035,7.1330692496923405,3.648
train,pretrain,KaiwGb0csas,00012,0,pretrain,raCIUeGUr3s,00023,-3.1637351105287026,5.76
train,pretrain,jSOPQgPIdKg,00018,0,pretrain,YiXdS9DFCOQ,00020,1.7298288682750478,4.224
train,pretrain,6VWPHKABRQA,00032,0,pretrain,eCknUJJc3qU,00016,2.865201483694584,3.648
train,trainval,ESwp7HN9Zvs,50021,0,pretrain,5iqZzi9mj4M,00042,7.718481589274205,4.672
train,pretrain,RLh5CRUecfY,00023,0,pretrain,QnJIjEAE41w,00008,3.1791843613466,6.016
train,trainval,8b2vNkEtfpc,50020,0,pretrain,aSLSiIskEFU,00024,-0.02041454905145912,3.456
train,pretrain,fwm3azuoLr4,00006,0,trainval,FqSVvAxDBRY,50001,4.843779392258579,6.016
train,trainval,iARReKKgETs,50008,0,pretrain,jobYTQTgeUE,00011,-4.614313325580746,4.672
train,pretrain,mS8tQSTYLgk,00020,0,trainval,ihR9SX7dgRo,50001,4.818075156720333,2.88
train,pretrain,v2jSfxnRPSE,00009,0,pretrain,wSHYZv6HzAs,00007,9.49173936004155,3.712
train,pretrain,CfmNXPMjChs,00014,0,pretrain,zGEDHMF4rLI,00007,9.448663778373053,6.72
train,trainval,aSJn0xD0TXs,50004,0,pretrain,b3H9V1jq0A8,00017,-9.130031998300359,2.368
train,trainval,YGoI3B86iX4,50002,0,pretrain,nrVC977gOPc,00008,1.3861883657387946,2.24
train,pretrain,kmflTZnRuZI,00031,0,pretrain,GkRn9Lp16UI,00017,-9.123896806069657,12.416
train,pretrain,70VZ1SOzSnc,00021,0,trainval,5K57kcs15DY,50031,-7.3135269777827805,3.136
train,pretrain,kyaiTGmwxnU,00023,0,pretrain,iNPsDky1z94,00021,0.837909551851796,4.8
train,pretrain,r3L9n20myqk,00004,0,pretrain,cQvDUTOOkiI,00013,-8.071700785896233,3.328
train,pretrain,IfjI0tVUpbc,00002,0,pretrain,ixsridS3qVs,00007,4.024081434591251,5.056
train,pretrain,eh3cdTlh7VM,00025,0,pretrain,B8Z2G7d2kzs,00006,-4.036653927765952,9.216
train,pretrain,3q3WOrs8kAM,00001,0,pretrain,IW8mHxAkOtA,00017,7.277046340667056,12.288
train,pretrain,l141Mauo74A,00006,0,pretrain,zLNXIXingyU,00011,-5.555061777359489,7.36
train,pretrain,rtsHUeKnkC8,00014,0,pretrain,arj7oStGLkU,00020,0.2317659163863901,10.048
train,pretrain,FwFqvOFefqg,00014,0,pretrain,Y81rCiw1LPY,00013,-8.682969481364777,3.2
train,pretrain,fw30yjccnD4,00017,0,pretrain,KE3SK9M3JjY,00012,9.797287052341709,7.744
train,trainval,AAkEYcmCCCk,50023,0,pretrain,aqhzFd4NUPI,00009,-1.083444541822221,5.12
train,pretrain,4c1lqFXHvqI,00007,0,pretrain,C9XIVtUEgFE,00010,-9.637835193930346,3.968
train,pretrain,GDnYDLERnRE,00022,0,trainval,STsOdmkH5fI,50014,3.660035375013031,6.016
train,pretrain,osBbP6Om4Mg,00024,0,pretrain,F2dFiK3wkRA,00001,5.018407113663692,11.712
train,trainval,eyBEIx7fCfY,50036,0,trainval,wSepGxx36To,50014,-4.165725095704351,2.048
train,pretrain,v9dEgXR1iWE,00026,0,trainval,yJJtRWFLSgw,50002,-9.75412725974418,2.56
train,pretrain,Vqm8fXFFHyY,00004,0,pretrain,ky6KSWsx5RE,00011,5.489904430124206,9.088
train,trainval,BnC6IABJXOI,50019,0,pretrain,HNOnvp5t7Do,00001,0.7171093730752087,3.008
train,trainval,vg8WAv0YT9c,50005,0,pretrain,rueQgStScw0,00016,4.354095067840033,3.84
train,pretrain,2SEv4rU27HY,00006,0,pretrain,4a6ZRstYlgw,00045,-8.118133679670596,6.528
train,trainval,svNcoU59IQ0,50009,0,pretrain,cSsxBTNF2U8,00027,5.236575281108911,6.144
train,pretrain,AOEQ9GteWbg,00035,0,pretrain,0FOlwct8k9M,00010,3.5654844306718623,8.96
train,pretrain,LVFVaWCV1TE,00026,0,pretrain,2jTdZSPBRRE,00022,-2.131152177613642,8.512
train,pretrain,1BfMMoLYMlg,00022,0,pretrain,uKByBgqxOw4,00013,2.230756278977669,10.368
train,pretrain,eJCTAXbSBWs,00007,0,pretrain,n8eyF4UWG38,00028,-1.5811598917542895,5.76
train,pretrain,2L1R7OtJhWs,00016,0,pretrain,0lS9NDZ8VZA,00001,1.0151965045464344,7.616
train,pretrain,ANFQPEkczYc,00031,0,pretrain,lzSkIDxbzGA,00004,-6.76353074108895,6.976
train,trainval,d4Dj0qdWLnk,50001,0,pretrain,cotBM0laSSo,00008,-5.072392557509076,3.904
train,pretrain,Ftow7dSpaiY,00019,0,pretrain,hvStFIuhD8E,00004,-9.680528903448282,11.776
train,trainval,0ygtX2nyexo,50002,0,pretrain,YPLGuwXomYQ,00004,-2.093027754165389,6.144
train,pretrain,U6bYCiS1wF4,00008,0,pretrain,HfuZJVpNWR4,00025,8.849716702894657,4.608
train,pretrain,itLUXZnLRn8,00022,0,trainval,7c5t6FkvUG0,50003,-8.499051271460122,2.496
train,trainval,oDtZi2SUm8Q,50003,0,pretrain,qQIwTWJSd2I,00004,3.6641401461001024,6.08
train,pretrain,8FKYe2v0teI,00003,0,trainval,hiM48jSNZOU,50005,-5.692227065415834,4.48
train,pretrain,kOPMqiKhoSc,00013,0,pretrain,dm4fvbrMLPw,00010,2.7980653737179324,4.8
train,trainval,JvIbrDR1GSc,50014,0,pretrain,pPBI8oUXZ8Q,00004,9.61613376223066,4.096
train,pretrain,9UbnOKC1ioU,00003,0,pretrain,B5MkpzMAOZM,00051,4.990468276708405,7.36
train,pretrain,v84pD2g3gSk,00039,0,trainval,drXnDLHKKPM,50010,6.803675350428012,5.888
train,pretrain,K8Dj0oSf1SA,00005,0,pretrain,rrkrvAUbU9Y,00064,5.513671618920675,8.96
train,pretrain,acikxzM6GaY,00019,0,pretrain,5AN5fPFtV0U,00009,-4.464870021126606,18.432
train,pretrain,8khcH5Lqxgk,00013,0,pretrain,7A66iZQXNh4,00002,-1.1893217434859338,4.48
train,pretrain,VC3H1lMEeS4,00031,0,pretrain,ulLFP8axZVQ,00020,8.865669775126491,7.36
train,pretrain,pF72px2R3Hg,00031,0,pretrain,6EghiYSs2ts,00054,-7.388985305113391,7.936
train,pretrain,itLUXZnLRn8,00026,0,pretrain,aeVtSWlH1qY,00006,9.141059823492416,11.392
train,pretrain,fkPISY2Vg5k,00019,0,pretrain,9vpqilhW9uI,00034,-8.999452654014132,5.696
train,pretrain,ec9GyxEUGec,00013,0,pretrain,anmktfGYw8k,00023,4.51633760865853,3.84
train,pretrain,KI3WJXNhCJ8,00014,0,pretrain,4BwSMSCFdu0,00042,0.4520499943974272,26.24
train,trainval,vzKA1y3cdYI,50049,0,trainval,uHRG3Vr9qyI,50048,-8.41372455672144,2.048
train,pretrain,VRhjc3dJtOo,00006,0,pretrain,xp0O2vi8DX4,00006,-4.529869517316037,6.08
train,pretrain,5nys6iebjHw,00007,0,pretrain,tsgvhP07BC8,00039,-8.842146234925881,11.072
train,pretrain,7LE4MoJS2po,00020,0,pretrain,OOG65rSM5fA,00012,2.029051452266506,11.392
train,pretrain,be03wdS5Klc,00025,0,trainval,hS3dLASh3Yc,50001,4.141959599772189,6.08
train,pretrain,gto6w0a13B0,00037,0,pretrain,kNhyOYv2ejw,00057,7.221910799688324,8.96
train,pretrain,AU66C6HePfg,00032,0,pretrain,PYSkd46RfVE,00033,-4.255587057078609,9.728
train,pretrain,3UaOl8SYHes,00002,0,pretrain,voXOUWiJuLo,00006,9.872944159867643,3.008
train,pretrain,m45SshJqOP4,00016,0,pretrain,9SqHrhrTktc,00010,-5.387124671677435,10.624
train,trainval,P4pKrxVcvJc,50016,0,pretrain,ElJxUVJ8blw,00009,9.079037295501958,5.76
train,pretrain,eRQdAOrqvGg,00011,0,trainval,PL9wP3pAl7A,50015,7.331875617454113,2.688
train,pretrain,LgntY0dOfSc,00010,0,pretrain,ng7sf2SpeFg,00018,9.397685508089047,11.136
train,pretrain,hscdmpKGqrQ,00008,0,pretrain,CLSSiaFuLo4,00021,-6.4959299971362245,10.176
train,pretrain,rAA8mMQi0is,00006,0,pretrain,U7fFCaHZvVk,00024,-8.644977946421044,5.568
train,pretrain,86xSuStz0MA,00036,0,pretrain,Qy5A8dVYU3k,00002,-0.47297330386159686,5.888
train,pretrain,IDqMB6C1uys,00007,0,pretrain,U5SyBjKKicA,00008,8.123073154052843,13.44
train,pretrain,th3nnEpITz0,00026,0,pretrain,PB7xs7UpIfY,00011,8.084882401608741,8.704
train,pretrain,ea3HnhOLC9g,00031,0,pretrain,5AN5fPFtV0U,00041,9.193744067846694,6.08
train,pretrain,q9Ou0cj3fF8,00023,0,trainval,A71OktxTPac,50015,1.4111390531084727,6.208
train,pretrain,VYU25aJpg5o,00011,0,trainval,QekbuidfQKo,50004,-1.0283422441270318,2.432
train,pretrain,Fb3yp4uJhq0,00029,0,pretrain,ZChEFOGSn8Q,00031,-3.435466020126774,4.928
train,pretrain,8COaMKbNrX0,00015,0,pretrain,cXbXNV9SZAg,00032,-8.78694134839229,8.768
train,pretrain,2xKXLPuju8U,00018,0,pretrain,dvYYYlgVAao,00018,9.21493995429205,14.208
train,pretrain,CR5krXHkr2I,00015,0,pretrain,u1SdYypojbE,00024,3.3095447502824182,9.088
train,pretrain,ruvWiXowiZ8,00006,0,pretrain,2ZviHInGBJQ,00009,-7.944459744504984,6.784
train,pretrain,tiwVMrTLUWg,00015,0,pretrain,FIrgjCNcDBI,00007,1.846318208171196,4.416
train,pretrain,K74JqctvM2g,00015,0,pretrain,d25l1aPz2kc,00013,9.604015130990355,4.672
train,pretrain,RtFFT4zjyTM,00014,0,pretrain,jZxLsDkvkVQ,00007,-1.6293351672753769,5.568
train,pretrain,70VZ1SOzSnc,00002,0,pretrain,dSykikzbckE,00007,2.950036419167539,5.504
train,pretrain,W8OiVZrAj4c,00024,0,pretrain,XoBSE2C1u0s,00013,-5.602657030567812,7.296
train,pretrain,0tqq66zwa7g,00016,0,pretrain,nXOSQeZNjJo,00009,-3.8587260435400594,8.448
train,pretrain,z4kwU6z6ORg,00007,0,trainval,GJWSZgjz7G0,50005,5.449052661295969,5.696
train,pretrain,aS1UEAGCo30,00006,0,pretrain,lkVYV2P8dQE,00009,-2.1211654375168205,5.632
train,trainval,qKlzdSH2X9w,50009,0,pretrain,NgVwPj54TEo,00005,3.640342967055366,3.264
train,pretrain,BT2XlI8oeh0,00004,0,pretrain,oAl82gFMZis,00015,6.958363547945623,11.776
train,pretrain,5HL1BEC024g,00035,0,trainval,IJwlyf7rCtU,50004,6.027053415288872,5.632
train,pretrain,L7CqpVQDL0E,00002,0,pretrain,z9sa2ZAqHl0,00039,1.3641910462475426,4.096
train,pretrain,SQB9zNWw9MA,00007,0,pretrain,1SnQ27ZxS8A,00001,-6.018682471020915,4.992
train,pretrain,ASQpKiUSNHo,00007,0,pretrain,9vpqilhW9uI,00021,0.737538563371313,5.056
train,pretrain,KTvSfeCRxe8,00011,0,pretrain,tF1oSdNwE8c,00028,-4.918420990732972,12.48
train,trainval,XsvgWEdydDI,50002,0,pretrain,9OECsmMont4,00028,-1.0036736199555207,6.08
train,pretrain,MvojSku8zk0,00002,0,pretrain,RsxlLsHtoBI,00022,5.734452557372991,12.416
train,pretrain,3Z6x5t5A9so,00046,0,pretrain,8dSDMQNoikU,00004,1.4213142984197251,10.368
train,pretrain,EgU3iSg8ZRY,00015,0,pretrain,km4GiwSIFCo,00005,-5.351547093476037,5.76
train,pretrain,dgYItsUBW1M,00021,0,trainval,uHRG3Vr9qyI,50055,-1.412160282692609,5.696
train,trainval,01GWGmg5jn8,50003,0,pretrain,MUOSpWJ0riQ,00004,3.628714864738093,4.992
train,pretrain,oJfFMoAgbv8,00021,0,pretrain,stAstsOxLPc,00005,9.164517885233199,8.064
train,pretrain,rB6WmWvvyxg,00013,0,pretrain,J6ZzmqDMhi0,00022,9.87507712860273,14.336
train,pretrain,ESwp7HN9Zvs,00011,0,trainval,YwSGTipx3As,50006,-1.868471388718591,4.288
train,pretrain,J9SXc9wxByM,00004,0,pretrain,NhSTVcNFtVI,00008,8.287708037227361,14.144
train,pretrain,cnDEVgxD6QQ,00010,0,pretrain,cCdu67sSC5E,00002,-5.505425351774251,3.264
train,pretrain,zmDENxTPn8Q,00014,0,pretrain,IfqdMoKVIR0,00019,4.024757114049942,6.848
train,pretrain,buHSvs7LFzw,00001,0,pretrain,ARGkp6am3S8,00027,7.45292030057853,4.48
train,pretrain,zORUUqJd81M,00038,0,pretrain,1pq5jnM1CSA,00002,-3.719250353805248,6.208
train,pretrain,ElJxUVJ8blw,00034,0,pretrain,5K57kcs15DY,00029,8.012752104976894,4.096
train,pretrain,6xsvGYIxJok,00004,0,pretrain,F2dFiK3wkRA,00029,-2.8598322798924,6.976
train,pretrain,ttDM6ZtLUL4,00008,0,pretrain,J5jwEyDaRS0,00004,9.628620536463647,8.768
train,pretrain,xyIQFI865Sw,00017,0,pretrain,STdSfeMDeI4,00002,-3.19956650950129,7.68
train,pretrain,jPyR3UDhOm4,00022,0,pretrain,1Yz7Snu6pnI,00009,6.634417409170084,5.44
train,pretrain,BFK2knjj4lQ,00019,0,pretrain,RbNqU2K0qzo,00011,-6.292517601014538,3.968
train,pretrain,NAkkckxE9i8,00013,0,pretrain,HYzrdn7YLCM,00005,-0.8616208211250882,7.36
train,pretrain,v7UKkzIaSsQ,00045,0,pretrain,50m48lpi4AU,00007,-6.3318649473794135,5.568
train,pretrain,wAIP6fI0NAI,00021,0,pretrain,3DsHHfu4Sco,00003,-3.207059914201025,3.008
train,pretrain,O1j2A6ndEio,00003,0,pretrain,JaFSfq2Zn7I,00053,-0.29207632739337797,3.392
train,pretrain,SgjGcBTyScY,00001,0,pretrain,ZlKrvnB8YnU,00003,-6.4991187479125845,9.088
train,trainval,6vLrreR6YOE,50012,0,pretrain,ofsncCF9OSU,00053,8.395419777754427,5.952
train,pretrain,ayOmOaXC0Z0,00005,0,pretrain,nU5gOr1cSxU,00014,5.0148271038431265,9.92
train,pretrain,nvSSeGObF4w,00002,0,pretrain,dhMoQrLEJe0,00015,-7.559816334922127,10.176
train,pretrain,xAXUqSQc8DI,00001,0,pretrain,mPCDOij0bB0,00009,-8.999670666536556,7.936
train,trainval,cWcVPpxezE0,50004,0,trainval,OSz2v42F0E0,50007,-9.842913864510122,3.328
train,pretrain,BQOz6OVz1zc,00036,0,trainval,1BfMMoLYMlg,50003,-4.8447750849976305,5.888
train,pretrain,DJGreSgaOTc,00013,0,pretrain,fgfQLTIhi1U,00004,-0.1019311422947915,5.184
train,pretrain,oPBC15XYl3Q,00002,0,trainval,gyPoqFcvt9w,50001,7.013387325160785,6.144
train,pretrain,5tal0NkWW1E,00007,0,pretrain,PiVB5niLrWg,00010,-5.700203918498525,4.288
train,pretrain,lkVYV2P8dQE,00006,0,pretrain,56WGgJNBRxQ,00023,-4.346590017917604,6.976
train,pretrain,dwU8eavPInw,00041,0,pretrain,yG7v4ySxwzQ,00003,2.309882344093296,4.416
train,pretrain,OXQwtTOnLvg,00005,0,pretrain,iW4fCwfw1vg,00021,-0.5961693047204086,19.136
train,pretrain,EEjyPqyFeSs,00031,0,trainval,BxFvxKaSmWo,50011,-3.9061292025814183,2.368
train,pretrain,mJxA8eIWQUc,00014,0,pretrain,AdHSwXl2nuQ,00015,9.111221848040131,3.904
train,pretrain,DWoAShyDSsY,00018,0,trainval,xx310zM3tLs,50002,3.117740772545954,5.824
train,pretrain,lPtPG2lAmm4,00008,0,pretrain,Chfoo9NBEow,00028,-6.930445694270211,4.416
train,pretrain,Mh3SwYHdeVs,00002,0,pretrain,tj2jeYqfLuA,00001,-4.30814256709934,6.336
train,pretrain,rHbjwH2Blfg,00006,0,pretrain,pn8p3rOaA5I,00021,0.8295179849281524,4.928
train,pretrain,npFSbX7DZ6k,00028,0,trainval,1SPazvfN9EU,50017,1.1348795634314364,2.624
train,pretrain,LnQYJa9SaR0,00014,0,pretrain,4N5N0pQUFbI,00011,3.493094679809465,12.16
train,trainval,wC33HAqSSx8,50006,0,pretrain,F6NU0DMjv0Y,00017,9.31113534799917,6.016
train,trainval,ramueKMLXZY,50006,0,pretrain,y62pJTJkfbg,00007,0.4597120059237785,2.752
train,pretrain,tpODOkfrwyQ,00010,0,pretrain,wmE8dQcZgB4,00037,-7.400031118551311,4.032
train,pretrain,rueQgStScw0,00010,0,trainval,ktOeFgmdIAo,50013,-8.006132503671761,3.648
train,pretrain,GB4s5b9NL3I,00074,0,pretrain,YmlAl1SMtHk,00017,8.63413673854873,7.04
train,pretrain,IgKWPdJWuBQ,00011,0,pretrain,6ePXxeGrfvQ,00005,-2.3213518048040704,6.08
train,pretrain,9qd36SQPxSY,00024,0,pretrain,7XFLTDQ4JMk,00004,-4.367338500817457,4.288
train,pretrain,AGivotqSrd0,00043,0,pretrain,NRO0SJXuFMY,00005,-2.967444623250506,12.544
train,pretrain,H1fvr9rGgSg,00010,0,pretrain,vPhM8lxibSU,00035,-2.6406418339743283,4.736
train,pretrain,7rVK0VYPWHk,00011,0,pretrain,5HL1BEC024g,00015,8.970219742945648,7.168
train,pretrain,iUbfRzxNy20,00025,0,pretrain,UoBUXOOdLXY,00011,-5.335272792997832,4.928
train,trainval,bCGlWQnzDVE,50024,0,pretrain,UeKZYCq3s0E,00001,-9.67746963594381,2.56
train,pretrain,fbAj9JfCXng,00006,0,pretrain,sHdYaMyR5S8,00012,-1.3892591178031406,3.776
train,pretrain,8GOFoquSdkI,00011,0,pretrain,buHSvs7LFzw,00023,8.433189762942042,6.336
train,pretrain,3z1cCT2NP4k,00009,0,pretrain,mk3KSVrveSE,00019,9.950007656876068,10.24
train,pretrain,vdDFLzyk94k,00035,0,pretrain,BxFvxKaSmWo,00021,0.6164309130105856,4.16
train,trainval,jLOfXsFlb18,50003,0,pretrain,JHSi3vixhOs,00003,1.8530307658241156,5.568
train,pretrain,7SjWguOXVwE,00002,0,pretrain,fWInyaMWBY8,00003,-6.260706374888327,6.848
train,pretrain,ilMwoEdqMTs,00019,0,pretrain,OAK1UIbSFio,00003,-3.9863533654271865,7.36
train,pretrain,JSLQxBbQPTY,00013,0,trainval,H03o2WCBoDU,50004,9.690480877400848,2.688
train,pretrain,YzhSmnGcSkE,00006,0,trainval,BA8XOF6IpXA,50004,7.3587888245534785,4.032
train,pretrain,Kqm9AEvJgxU,00011,0,pretrain,oX1C3Jn05OE,00026,-8.918925450466627,4.864
train,pretrain,CZNrOzgNWf4,00010,0,pretrain,ws4GZvNeQhQ,00010,5.238777138673889,7.168
train,pretrain,ESlb3D7AySM,00007,0,pretrain,5qdZybHSLnI,00007,-2.1264634435465046,4.736
train,pretrain,8meWY0W40OA,00006,0,pretrain,WpldYJ3sSIo,00019,9.390279362974823,11.456
train,pretrain,rSSSsisz2SM,00027,0,pretrain,5iqZzi9mj4M,00004,-4.764870163261503,5.312
train,pretrain,AQ8cpjEdpmI,00015,0,trainval,73cTNHEQhkQ,50007,-7.357524366579879,2.176
train,pretrain,uRdQS2sjF2s,00019,0,pretrain,acJscdoP2a4,00011,-5.529297532378397,11.968
train,trainval,H2rG4Dg6xyI,50023,0,pretrain,fwm3azuoLr4,00032,-5.955546520543273,4.672
train,pretrain,AYzA2uyd9Ss,00018,0,pretrain,HAKea48B3oM,00028,3.9109103027829324,7.04
train,trainval,avuhY7D71sQ,50008,0,trainval,rKtmsVa4Kvk,50025,1.0442381590101277,2.752
train,pretrain,bkeBjPS9ZR4,00016,0,pretrain,LuG2rf9enHE,00041,7.630587891445838,4.48
train,trainval,GlpGBSBpxOE,50004,0,pretrain,UoXSYihVSew,00008,-9.746094535944266,6.016
train,pretrain,druJDI6hiiY,00021,0,pretrain,EaYS6muHSSI,00006,-6.329500515138515,3.84
train,pretrain,L51h8BBu7b8,00030,0,trainval,0SUTgoPUTLQ,50003,1.1893265839192289,3.136
train,pretrain,4wOxJOPnSUg,00039,0,pretrain,OH0dK208MNk,00004,-7.149841162021387,4.416
train,pretrain,mymMye4purU,00017,0,pretrain,pDsAqCEo5CY,00017,-6.235098251885196,6.272
train,pretrain,11Mq9ZuxZMc,00012,0,pretrain,sodSeJBf9Y0,00021,5.108911655523549,6.464
train,pretrain,cdpIwjTtLlg,00019,0,trainval,xY7kVVS2HVY,50032,2.855441118034161,2.496
train,pretrain,mf5otGNbkuc,00014,0,pretrain,RgqtrlixYR4,00022,-3.534703235548422,9.92
train,pretrain,AwS1mOwx5gM,00007,0,pretrain,buHSvs7LFzw,00008,-0.6736383211149928,4.928
train,pretrain,Af5qUxl1ktI,00002,0,trainval,sa0RUmGTCYY,50001,4.119122913698721,3.904
train,pretrain,NP8xt8o4S5Q,00003,0,trainval,nPGVm6OesQk,50003,-5.759105502224877,3.968
train,pretrain,6tpsSu5O0Ws,00039,0,pretrain,apiScBmE6rA,00030,-4.552847025035347,4.928
train,trainval,vdDFLzyk94k,50002,0,pretrain,XBcPFhg0BC8,00010,-5.766090725358428,6.208
train,pretrain,31PyAjy6Nl0,00016,0,pretrain,audakxABYUc,00015,7.135120744168098,5.696
train,pretrain,KTvSfeCRxe8,00039,0,trainval,uHRG3Vr9qyI,50004,-8.993075814030442,6.016
train,pretrain,n3qA8DNc2Ss,00020,0,trainval,8JSMI8Xrwms,50009,-5.9902573044171366,6.016
train,pretrain,iyfdWsa1zns,00001,0,pretrain,0Sdja9Ys4Sg,00001,8.672522874649005,10.048
train,pretrain,CzgS9C7gw0o,00006,0,pretrain,HQIi3nUXh0g,00003,3.6128530024718675,3.52
train,pretrain,Q80MfH7xPPE,00009,0,pretrain,2Shh4UkPVCc,00019,8.312226373053438,8.96
train,pretrain,Zx8uYIfUvh4,00037,0,pretrain,G8cjIBwP52o,00008,1.3047406480847137,8.128
train,trainval,H6n3iNh4XLI,50051,0,pretrain,sa1iS1MqUy4,00016,-3.403599861095177,4.224
train,pretrain,UROCz70tlMY,00027,0,pretrain,okQXrB7ySAw,00040,1.136113617132155,5.952
train,pretrain,h8cF5QPPmWU,00005,0,trainval,pOWgXxoSTNM,50006,-6.274665117462257,3.648
train,trainval,W4I68CGUV3w,50013,0,pretrain,gDMOcSWCTW0,00007,-6.078963953293579,2.816
train,pretrain,BLmBuz40BD8,00001,0,pretrain,w96osGZaS74,00022,9.477572954918557,2.304
train,pretrain,BISCnsKyOuk,00001,0,pretrain,lyRSK2CZIHQ,00020,2.2304847750289962,6.848
train,trainval,SvBggxCNNno,50010,0,pretrain,vcSn852sv3E,00022,2.485179604646161,4.864
train,pretrain,gXvblfSgwg4,00024,0,pretrain,SS6ZojCzNGY,00026,0.5451299365742237,13.312
train,pretrain,7CIq4mtiamY,00029,0,pretrain,SJWoKsfsSaA,00029,5.156521826182555,4.736
train,pretrain,y9Trdafp83U,00005,0,trainval,cWcVPpxezE0,50043,2.6626594120821867,3.072
train,pretrain,cI9vSC1eQ18,00016,0,pretrain,KiPcxhJtuPQ,00054,-5.687552123583841,6.528
train,pretrain,S1VpOweDio8,00026,0,pretrain,hiM48jSNZOU,00030,3.963493174320938,8.64
train,trainval,1IxIDGyISzk,50015,0,pretrain,l5Bbg96VODk,00032,9.059856511925975,2.112
train,pretrain,hgui64Kr0Go,00010,0,pretrain,dScYSVZtB7k,00018,7.4439826725314475,7.808
train,pretrain,ycB29FkoylE,00011,0,pretrain,7SfRgg9botI,00004,-9.729569894727916,4.928
train,pretrain,dskNubEgzCk,00027,0,trainval,5sS3Yjh9Lw4,50005,1.5915963980857697,4.288
train,pretrain,6AvXhgXlGpE,00015,0,trainval,ImmtTHYU5GQ,50049,9.702720610536495,6.208
train,pretrain,potB0voQzNg,00018,0,pretrain,iE9HMudybyc,00003,-2.351371526604802,5.44
train,pretrain,PlQ3VdvvTvE,00005,0,pretrain,pSCefSAYqaA,00011,6.6118509928741425,6.336
train,pretrain,ufUkAQOQaXU,00016,0,trainval,sNV4yIyXXX0,50020,5.72789516673685,3.2
train,pretrain,bf7BXwVeyWw,00024,0,pretrain,sUf1ajkIAhY,00023,0.8578191868263829,5.056
train,trainval,rPh3c8Sa37M,50019,0,trainval,KI3WJXNhCJ8,50039,-2.68598928566405,2.368
train,pretrain,SGzenQjZSpU,00009,0,pretrain,nPGVm6OesQk,00008,-1.6849431073827787,3.456
train,pretrain,9FCsyK4aRXQ,00032,0,pretrain,cI9vSC1eQ18,00027,8.795091699134186,8.128
train,pretrain,Syi9bqfFIdY,00007,0,pretrain,4T9N3ZcRBSI,00002,1.872882163109029,12.16
train,pretrain,FEeTLopLkEo,00006,0,pretrain,qty0NjF3pdQ,00002,-7.510451246335026,7.168
train,pretrain,ZpT0cw9bmiw,00012,0,pretrain,9XFeW9dgyIs,00009,-1.4951915105622504,4.16
train,pretrain,DSSAz5nZBBM,00044,0,pretrain,87vO1XhHuHI,00007,-6.120582626843922,6.656
train,pretrain,oiVSHkItqxo,00003,0,pretrain,BgbD67U0BAQ,00005,-9.855514682699502,14.528
train,pretrain,H3TFShI7zKc,00020,0,trainval,yRUCU5FsvTY,50011,4.53051717214735,5.44
train,pretrain,jpRqbP9Nv9k,00013,0,pretrain,8jPQjjsBbIc,00033,1.4025901815103445,7.168
train,pretrain,SvZXgApsPCQ,00016,0,pretrain,DBoShCrKfLQ,00023,4.288438264648919,5.12
train,pretrain,KTvSfeCRxe8,00030,0,pretrain,yq3TQoMjXTw,00008,-2.8424948381112447,4.352
train,pretrain,aR5N2Jl8k14,00001,0,pretrain,i5p3NC9OwB0,00014,4.224142455381855,3.968
train,pretrain,XiEQmcZi8cM,00027,0,pretrain,PsihkFWDt3Y,00014,-5.513227407076775,7.616
train,pretrain,LSGfqyhleUA,00029,0,pretrain,rTMqGbTNkNg,00014,-9.920423849792918,3.52
train,pretrain,fbAj9JfCXng,00002,0,pretrain,yXTtHmj1sr0,00010,-3.9797071246378586,4.16
train,pretrain,G8gJJuCdPSA,00013,0,pretrain,5tUnSuoYKoE,00077,-7.249993557894179,7.168
train,trainval,ROXUPr8Wqds,50002,0,pretrain,dJEwC4wCM70,00014,8.729507834246483,2.496
train,pretrain,1z3Fgtj8fqk,00016,0,pretrain,OLHh9E5ilZ4,00020,-1.2264542397646476,4.48
train,trainval,da1vvigy5tQ,50028,0,pretrain,mYQx5n5SRVQ,00010,1.0203443350462198,4.032
train,pretrain,rjECbQ1rSk0,00007,0,pretrain,0af00UcTOSc,00055,5.831518689381209,8.512
train,pretrain,tSSNoFstCmQ,00002,0,pretrain,fWInyaMWBY8,00004,-7.509067287195279,6.144
train,pretrain,8olL43PKJKw,00023,0,pretrain,ZQBSh9k74aY,00005,0.9604682005244509,2.624
train,pretrain,UQzvNIIMayo,00037,0,pretrain,UbVZ7rmDYrc,00005,9.548485657778823,3.84
train,pretrain,8FKYe2v0teI,00022,0,pretrain,BSiNIZ6zZqY,00002,3.754267307209183,3.968
train,pretrain,WNTk29zXl4A,00029,0,trainval,4fyvDMFriRI,50005,3.0780297874703706,3.072
train,pretrain,5sg4zxZMDN4,00020,0,trainval,GkRn9Lp16UI,50011,8.372849829215046,2.688
train,pretrain,NVPxmzSPvUw,00028,0,pretrain,wNokfBHccVI,00008,-5.567955077488762,6.528
train,pretrain,SvZXgApsPCQ,00024,0,trainval,QekbuidfQKo,50034,9.320271585816375,4.16
train,pretrain,bJ8Kq1wucsk,00024,0,pretrain,A9qqR8NVbtM,00019,-3.917596546478519,6.72
train,pretrain,9fyjlxizLFI,00003,0,pretrain,o5ojwGhKr20,00006,2.844216749973878,5.952
train,trainval,SwMTKRixZIE,50003,0,pretrain,LsESSyMnwmU,00028,5.469826488289936,5.888
train,pretrain,aSLSiIskEFU,00010,0,pretrain,VfKWd7iXMSo,00007,4.382323993017883,13.632
train,pretrain,2tCcoSRZqVY,00008,0,pretrain,SZWS8SNCKMw,00011,6.866199761204474,4.416
train,pretrain,wOiKRVH0nQ8,00007,0,pretrain,3WMuzhQXJoY,00017,6.756389474392094,6.208
train,pretrain,Zx8uYIfUvh4,00005,0,pretrain,zStF2WEZMSs,00015,2.8145967434743504,10.816
train,pretrain,e8JK3qVGuUg,00011,0,pretrain,gBkIyJ7kfSI,00036,3.5568171416343013,10.24
train,pretrain,RbNqU2K0qzo,00017,0,pretrain,i5p3NC9OwB0,00004,-2.5581429073022877,4.928
train,pretrain,SI3e6Mkfp7M,00005,0,pretrain,nLtUl2CP8ak,00012,3.181079914106924,3.648
train,pretrain,mMDuakmEEV4,00032,0,pretrain,5c6AADI7Pb4,00009,3.6257118943596645,10.816
train,trainval,OAK1UIbSFio,50012,0,pretrain,QC3EbSexmDw,00013,2.5311989738600698,2.88
train,trainval,vZWokpaQ3NE,50003,0,pretrain,QS0p8ZpBq04,00008,-2.9590362765833316,3.648
train,pretrain,6Af5tJzSR2w,00004,0,pretrain,04SEzifEsGg,00025,-7.480490020580286,6.4
train,pretrain,KZIGekgoaz4,00035,0,pretrain,jSS03JfgHEA,00007,9.147428242523482,7.616
train,pretrain,PYSkd46RfVE,00001,0,pretrain,mWfCqsFP05A,00029,0.29423997672644475,7.36
train,pretrain,E2qmkUsf6Y4,00007,0,trainval,eyBEIx7fCfY,50036,8.888459135350612,2.048
train,pretrain,vpTHi7O66pI,00008,0,trainval,NgDGlcxYrhQ,50018,5.6163214897936165,3.072
train,pretrain,DJGreSgaOTc,00010,0,pretrain,zawpbVpu5nY,00026,-9.839637751213841,7.232
train,pretrain,pzN4WGPC4kc,00024,0,pretrain,PDKKOSJX6yQ,00012,9.746806127822524,4.672
train,pretrain,BepU74BYOtg,00008,0,pretrain,SS6ZojCzNGY,00012,-7.9992241914295,14.272
train,pretrain,9vpqilhW9uI,00012,0,pretrain,FPhZGDS6kVQ,00023,-8.845361434038105,8.192
train,trainval,MtSE4rglxbY,50024,0,pretrain,7Mqse6SLOds,00041,6.382189827553635,2.816
train,pretrain,qL7UlSA6rRk,00008,0,pretrain,FqSVvAxDBRY,00014,-1.523113730855476,4.8
train,pretrain,FXYFLK0KZio,00019,0,trainval,LS6TWtYWaPA,50014,3.64782908454427,4.48
train,pretrain,iNOE0dZpHcY,00060,0,pretrain,dOt4NkcmIUg,00025,9.768582379512274,7.232
train,trainval,WvvuLDX7iIk,50002,0,pretrain,khRkIVPa1Vc,00012,4.8659963210192885,6.016
train,pretrain,hFgPtuzgw4o,00045,0,pretrain,L6PW0Nw35X0,00003,8.374702444862294,7.808
train,pretrain,EBKSa94IFHY,00018,0,pretrain,Mjl1i13JKNM,00017,-6.003138687659901,10.88
train,pretrain,0T2RS3ydRiY,00007,0,pretrain,LJhklPJz9U8,00010,-1.1275998825632492,5.76
train,pretrain,wQJC2MMB8nA,00019,0,trainval,oeL72c6scAs,50005,-4.0889089048062965,6.144
train,pretrain,V1xt7zgnuK0,00007,0,trainval,CpaFX6Ei0nU,50014,-5.1896290192924415,2.24
train,pretrain,gto6w0a13B0,00035,0,pretrain,0MMSpsvqiG8,00012,9.90478769765717,4.992
train,pretrain,43e6eAAeGCs,00037,0,pretrain,gmjSazFbpkA,00031,5.7556394058132945,6.4
train,pretrain,488ZBeaGo6s,00017,0,pretrain,XkiXXPShycA,00034,-9.814565126431658,18.56
train,pretrain,l92bqJNkIao,00002,0,pretrain,hvJ4KlVlqV8,00017,9.89997721892977,5.888
train,pretrain,4AUSqB0RVNY,00016,0,pretrain,TexXAuRSe0g,00009,-6.611193528917434,6.336
train,pretrain,8n5O9tz30So,00019,0,pretrain,IvtZBUSplr4,00028,-3.912671047542407,4.8
train,pretrain,XkiXXPShycA,00008,0,pretrain,pyWrZceeKNE,00010,-4.374257180495649,3.648
train,pretrain,rrkrvAUbU9Y,00052,0,pretrain,X6Zo53M0lcY,00016,6.55653643299852,7.36
train,trainval,gyPoqFcvt9w,50005,0,pretrain,ZUGOaSux6pU,00008,-7.65926628098952,6.208
train,pretrain,BMcduh1HEHA,00002,0,pretrain,tjkrKA1cVdU,00009,-8.759789606875403,3.776
train,pretrain,Urk3xn7l3AM,00035,0,pretrain,23vKtqo2t4k,00001,3.9083038645872588,6.4
train,pretrain,iP9QFSlBOyA,00028,0,pretrain,wgeh4xhSA2Q,00005,-7.320418881013156,8.128
train,pretrain,r2YiRiLAUSY,00016,0,trainval,QhLLMBN57AU,50005,4.206116783868957,4.16
train,trainval,CWU13rx44j8,50019,0,pretrain,N8Votwxx8a0,00029,-6.623263001674198,3.648
train,pretrain,gZlzCc57qX4,00005,0,pretrain,oHBKqCI4Fgg,00012,-7.491543009430792,4.672
train,pretrain,N3SCXzYOWBg,00012,0,pretrain,IgKWPdJWuBQ,00034,3.621172420958745,9.28
train,trainval,LLmhQmicusM,50009,0,pretrain,PYjWLqEScfE,00008,-4.542545313696329,6.144
train,pretrain,mclzytQQMGI,00015,0,pretrain,1BXYSGepx7Q,00010,-0.7496679315318477,5.504
train,pretrain,SQdPW8JrYzQ,00010,0,pretrain,QeAGu40vZzI,00001,-1.22238381462253,6.784
train,pretrain,3vJ4SUH38dQ,00029,0,pretrain,NZspSEdO2Xk,00033,-5.595931175067879,7.296
train,pretrain,fmZSIr2Z29s,00016,0,pretrain,MwzqSswl4cI,00048,-9.212044002326001,5.12
train,pretrain,JzLiCBCbAMY,00033,0,pretrain,pn8p3rOaA5I,00035,-3.86195682407293,15.68
train,pretrain,9vpqilhW9uI,00006,0,pretrain,iW4fCwfw1vg,00021,3.3143647198038035,11.392
train,pretrain,pLCeQyxVWB8,00019,0,pretrain,OLHh9E5ilZ4,00010,1.614946084279536,5.76
train,pretrain,k8OgHJ4WXR0,00007,0,pretrain,GW02Vo641dU,00026,4.113367019852831,7.936
train,pretrain,3YcZ3Zqk0a8,00002,0,pretrain,K8Dj0oSf1SA,00010,6.91616524810836,5.376
train,pretrain,eNDhBSR1DZ0,00027,0,trainval,bClWV3eeETA,50004,4.205851241764162,5.12
train,pretrain,MQtWJARMoLw,00012,0,trainval,ESwp7HN9Zvs,50005,-1.9096177170119493,3.328
train,pretrain,kZt3DNCcEtA,00030,0,pretrain,vw5HJhIlJp4,00003,4.365803130400508,6.912
train,trainval,VStEmE85QDE,50004,0,pretrain,93hbqLBpSHI,00025,-9.93539218280642,4.8
train,trainval,6c0VtOdibcI,50001,0,pretrain,ww4kNxYE0c4,00041,8.838384705845279,3.584
train,pretrain,8HplGZBS7FY,00011,0,pretrain,JrJJxnSgCdo,00004,-6.805080958518617,5.696
train,pretrain,2cU56SWXHFw,00006,0,pretrain,ttDM6ZtLUL4,00003,0.42024705477557767,6.144
train,pretrain,uSMqkSqSgN4,00021,0,trainval,0iTehgSOZ8A,50019,-7.628612339198164,2.368
train,pretrain,fw30yjccnD4,00014,0,pretrain,2NWpMqD8Qyk,00014,2.9708072043503257,10.048
train,pretrain,mlrB6npbwVQ,00001,0,pretrain,KLjgBLwH3Wc,00002,-5.901658036081596,3.648
train,pretrain,Ai7SOP5Zlc8,00010,0,pretrain,WOxSQHtJWlo,00005,0.34997611239306536,7.04
train,trainval,mA1vshSuyQU,50006,0,trainval,iW4fCwfw1vg,50004,6.606742063174785,5.696
train,pretrain,gIbIewxHQrk,00001,0,pretrain,XS3m37czBfk,00001,0.7425165223170218,5.248
train,pretrain,vhfcedpoCLo,00013,0,pretrain,jPyR3UDhOm4,00029,-2.55026310444892,16.0
train,pretrain,YKACzIrog24,00026,0,pretrain,MtSE4rglxbY,00012,8.951176478080868,4.288
train,pretrain,SDSjySgNSTk,00018,0,pretrain,ogXTSCI7KRU,00026,-3.325439945987574,2.688
train,pretrain,iWHq2mSHwhw,00024,0,trainval,RmXiItk49Gw,50010,-8.707453094827116,3.264
train,pretrain,01GWGmg5jn8,00034,0,pretrain,zK8mdS7LJQQ,00002,-8.946254543539261,27.008
train,pretrain,HS8y0WLm78U,00099,0,pretrain,N9HF8mMe2pU,00009,-0.44211117450516646,5.312
train,pretrain,C2SVEM19NHA,00040,0,pretrain,1VRgmKiE0Js,00015,-4.529509001928331,8.768
train,pretrain,xY7kVVS2HVY,00027,0,pretrain,V2PP3p4S4R8,00018,-5.742895492482907,9.6
train,pretrain,KkYuhwr3esg,00020,0,pretrain,nwZkoAeOzuo,00020,-4.524088174389245,4.992
train,pretrain,LUO3jqMlWkE,00019,0,pretrain,gCWeVYCcKXw,00016,-2.1303939630402997,5.696
train,trainval,SsnWLZvRNZc,50006,0,pretrain,B9DdIivSGts,00014,8.44636480198055,4.16
train,pretrain,A2aBKnr3Ep4,00013,0,pretrain,Y9DsAmzNkWk,00014,8.523204860053067,3.136
train,pretrain,URSuWwvpn5c,00016,0,pretrain,NAkkckxE9i8,00010,5.702393383150973,6.336
train,pretrain,fmS0sTNcDIo,00018,0,pretrain,SZWS8SNCKMw,00001,-9.091775292580326,7.36
train,pretrain,KPPxXeoIzRY,00017,0,pretrain,A3Vpjwye9Mw,00002,0.1763765866483773,10.816
train,pretrain,9y7YEmyzSDo,00020,0,pretrain,sSXv06gUX3Y,00013,-6.663239473178992,9.088
train,pretrain,eCknUJJc3qU,00020,0,pretrain,oiVSHkItqxo,00036,-1.7334194990910383,4.608
train,pretrain,kEejVSZ5mLY,00020,0,pretrain,mKe3QKctaS8,00031,2.4366147964290885,7.616
train,pretrain,nLtUl2CP8ak,00061,0,pretrain,mAEqvn7B2Qg,00005,2.453665825502826,6.592
train,trainval,9SQYDFiWnSs,50008,0,pretrain,dOOtM7ZpAS8,00012,8.744672948701758,5.12
train,pretrain,dE1DuBesGYM,00002,0,pretrain,ZQBSh9k74aY,00005,3.736428584467518,2.624
train,pretrain,KSzkPSW4Hik,00007,0,pretrain,08ZWROqoTZo,00033,1.4517614655019262,20.736
train,pretrain,IDSSieLCmS4,00055,0,pretrain,JVwLjC5etEQ,00009,2.4432224747958635,3.328
train,pretrain,VASXSkawBiY,00024,0,trainval,UpkAqPEcMyE,50010,-8.24948079680275,2.56
train,pretrain,F1U26PLiXjM,00046,0,pretrain,vLMKtb5bipc,00001,-3.52819721945834,5.568
train,pretrain,8oHvknJfklE,00022,0,pretrain,fenV3W7hQtw,00002,-3.21377060537984,8.0
train,trainval,txJGm6zhiBA,50002,0,pretrain,xh8el8m9mLM,00010,-3.1095490004489683,5.952
train,pretrain,sPQViNNOAkw,00043,0,pretrain,zLNXIXingyU,00069,-7.329278641775527,20.224
train,pretrain,gaY4m00wXpw,00007,0,trainval,K9SQUZbAIoY,50002,-5.168540645597983,5.76
train,pretrain,YhG1Bgbsj2w,00025,0,pretrain,B9DdIivSGts,00062,0.8555443622193515,4.16
train,pretrain,50m48lpi4AU,00040,0,pretrain,jryCoo0BrRk,00007,-4.660971467660977,3.584
train,pretrain,PGsQwAu3PzU,00011,0,pretrain,pPgd7Hj3ABQ,00014,1.552485422674689,2.368
train,trainval,wgPLGS1BvQo,50006,0,pretrain,YraU52j3y8s,00011,5.3665837241317895,4.096
train,pretrain,dcySuzHPCWM,00019,0,pretrain,hRSw8DBbFr8,00004,3.211896282346906,15.616
train,pretrain,XDBWEKBq0Sw,00027,0,trainval,sucza6EOIf0,50014,9.79608180435551,2.24
train,pretrain,LyOgVtNtEb4,00003,0,pretrain,qrNDkRHAA4E,00012,-6.436111373122941,5.888
train,pretrain,UwtYQFSJSQc,00033,0,pretrain,eMSonXncSjA,00005,-1.3710493952285692,4.032
train,pretrain,eH5qxw6Pd1c,00017,0,pretrain,6tpsSu5O0Ws,00010,-5.624908957656814,7.04
train,pretrain,Rpsf1YJsbbI,00010,0,trainval,BoRUrWcdkQ4,50026,-8.77168549964836,3.328
train,pretrain,RuVdkNdeVAc,00010,0,trainval,DjcZrtcBZi4,50021,-4.465165717412772,5.76
train,pretrain,P65XdTlk4vA,00011,0,trainval,XPa1RE59wpg,50004,-2.0246215937152385,2.368
train,pretrain,bxkslfQc0EA,00013,0,pretrain,fW6AndSUByo,00033,0.6288060513750189,8.64
train,pretrain,lw3YTbubyjI,00007,0,trainval,SvBggxCNNno,50004,5.740421737987184,2.432
train,pretrain,S9O9vyJBQ6g,00024,0,pretrain,WR2kKw3kQEA,00007,-0.555100661491208,4.544
train,pretrain,5l4cA8zSreQ,00017,0,pretrain,I4fJPKSKbrA,00006,9.619454024813457,5.376
train,pretrain,Fb3yp4uJhq0,00007,0,pretrain,eyq2Wo4eUDg,00005,-8.08708950613845,11.712
train,pretrain,CSeFjLZqXt8,00028,0,pretrain,P2SxoBj3daM,00006,0.6560071739935402,5.248
train,pretrain,ZzugJPASNB8,00015,0,pretrain,eOU3Tv0vN24,00004,-0.9064322772589684,11.584
train,pretrain,njESlZa2b10,00024,0,pretrain,ukgnU2aXM2c,00020,-3.87046486705178,13.568
train,pretrain,VPxEde3Q1F0,00001,0,trainval,ZhDgwrKSBWQ,50010,7.531338547301029,6.08
train,pretrain,C0byYFXjRJM,00006,0,pretrain,ddek3gQVt9Y,00017,3.4589637419427,7.744
train,pretrain,sLo97Bu8Fo0,00024,0,pretrain,SbphPa7Wp4c,00009,-0.8696737933893868,3.904
train,trainval,bxkslfQc0EA,50002,0,pretrain,N4wFyRGilp4,00032,-7.593224566177367,6.08
train,pretrain,RKEvMcte768,00006,0,pretrain,dcwuBo4PvE0,00002,5.322981655548311,5.888
train,pretrain,7LcSdlVrg5M,00037,0,pretrain,M1o3FS0awtk,00022,8.360136992148433,14.208
train,pretrain,w3q89BTJj3o,00010,0,pretrain,4a6ZRstYlgw,00060,2.7809483102597845,3.776
train,pretrain,XSuZ6ukuz5s,00017,0,pretrain,pvBlSFVmoaw,00011,-4.869351379805707,8.0
train,pretrain,VnzBGZA2z3w,00014,0,pretrain,rQSSSLRpsVs,00006,-4.42142301326707,7.872
train,pretrain,G88JZ1DIdg8,00006,0,pretrain,BDOSUiEh0eY,00015,9.615318523880994,3.392
train,pretrain,wmE8dQcZgB4,00043,0,trainval,S74wSYuesOI,50015,-7.105713571648833,2.816
train,pretrain,huzhvbrcgeQ,00024,0,pretrain,UoruUSrndBA,00012,6.642559261262765,6.528
train,pretrain,XzNLfw5lS4A,00001,0,pretrain,yxC30tEjZk8,00017,-1.0851885780271928,3.904
train,pretrain,CqasLvlSWGU,00004,0,trainval,DUd8XAS5HEk,50007,-7.787516863533406,3.456
train,pretrain,V48M5jS6zdE,00038,0,pretrain,KTTtn0iSZyA,00025,-3.5869357784366613,8.896
train,pretrain,FzAyOddR5u4,00022,0,pretrain,bCGlWQnzDVE,00009,9.010477519488692,19.456
train,trainval,iEySxTbcr2A,50006,0,pretrain,YFC5CwZVCEw,00008,2.331529200453474,5.44
train,pretrain,IfjI0tVUpbc,00014,0,pretrain,UMSWdzT6rV8,00004,7.574072303967949,6.784
train,pretrain,VM6HZqQKhok,00018,0,pretrain,szU2S1infqc,00003,-9.697810452178002,4.096
train,pretrain,hBtXiTumdY0,00010,0,pretrain,2zvjW9arAZ0,00039,4.310342888817786,4.288
train,pretrain,vvhiNSqq6oo,00030,0,pretrain,wgKmdbTmbDk,00001,-4.3794621387059625,5.568
train,pretrain,l5Bbg96VODk,00005,0,pretrain,CsECS5qsGLs,00014,-1.6475902902680524,5.76
train,pretrain,j8T3bdqTdp4,00018,0,pretrain,Kn5JRgz3W0o,00013,-7.080915499292204,11.008
train,pretrain,ZBg5QvcZQP8,00011,0,pretrain,pzN4WGPC4kc,00017,-8.52982452054617,3.84
train,pretrain,TcBrchkBSBE,00001,0,pretrain,1CdmpHLSZRU,00015,8.162507766857733,3.456
train,pretrain,LKAhTELkOV8,00003,0,trainval,FD5ZKiSmoMU,50001,9.554879578112718,2.752
train,pretrain,jsZDlBU36n0,00029,0,pretrain,a7cDt5r2pGY,00008,-4.33655015229953,8.256
train,trainval,CqasLvlSWGU,50003,0,trainval,SsU5CJRaKP8,50004,-6.037020854239263,5.76
train,trainval,DUd8XAS5HEk,50017,0,pretrain,OlLFK8oSNEM,00011,-2.076563356497669,2.432
train,trainval,ueOqYebVhtc,50008,0,trainval,lQDxasFKQCA,50012,-2.422654915513176,2.112
train,pretrain,qZRSPO8NtJc,00023,0,pretrain,6wk4dkYSrV0,00008,2.8144310308047267,4.16
train,pretrain,pF72px2R3Hg,00012,0,pretrain,atKSMfx4E3I,00026,-5.4688336160689595,4.416
train,pretrain,9ebJlcZMx3c,00015,0,pretrain,DSSAz5nZBBM,00037,-4.9188444612853015,15.68
train,pretrain,VmP574ikRFs,00004,0,pretrain,3GFG6Cvy9HQ,00025,-4.37179307189465,5.888
train,pretrain,3Z6x5t5A9so,00047,0,pretrain,WfTZ5iIUn4s,00003,5.627383194145176,11.008
train,pretrain,hRSw8DBbFr8,00004,0,pretrain,AOEQ9GteWbg,00025,9.990887656892017,9.536
train,pretrain,lrZ2DJzbYYo,00017,0,pretrain,oD06XPtmLZY,00007,-1.712164279834278,3.712
train,pretrain,cSsxBTNF2U8,00063,0,pretrain,NVPxmzSPvUw,00008,-8.626205790988967,4.736
train,pretrain,XiEQmcZi8cM,00028,0,pretrain,JRHzQG0aI8w,00018,-8.337647363296977,6.976
train,pretrain,5nys6iebjHw,00048,0,trainval,IshrD4mjnNU,50010,9.360948249047986,4.032
train,pretrain,C74amJRp730,00031,0,pretrain,GW02Vo641dU,00022,-2.5257888343014123,4.992
train,pretrain,ggPh4X7UKwY,00022,0,pretrain,mArrNRWQEso,00038,3.6092763142094135,7.808
train,pretrain,lfykytI3A6k,00001,0,pretrain,aeVtSWlH1qY,00009,8.532933767654509,7.36
train,pretrain,iCXfJVCg1LA,00016,0,pretrain,qykDS2AXKIU,00031,1.5727956632601714,8.32
train,pretrain,NXvITqGAiX8,00013,0,pretrain,fLJsdqxnZb0,00002,8.139136938240508,6.656
train,pretrain,12OAr0lt4bk,00039,0,pretrain,FESv2CgyJag,00023,-0.042809381831608206,7.552
train,pretrain,LS6TWtYWaPA,00003,0,pretrain,CqasLvlSWGU,00002,-3.6616587915632426,4.032
train,pretrain,1IxIDGyISzk,00003,0,pretrain,7PwvGfs6Pok,00011,9.386297076560314,20.096
train,pretrain,BnC6IABJXOI,00003,0,pretrain,TVfmUfr8VPA,00022,9.77525794957258,6.912
train,pretrain,Qj4xf3U8dh8,00021,0,pretrain,Wn1imxwGscs,00004,8.069534720078863,17.152
train,pretrain,7p4zw4SqgUw,00017,0,pretrain,BFK2knjj4lQ,00023,-8.814752913916298,4.992
train,pretrain,sSXv06gUX3Y,00019,0,pretrain,0wpCZxiAQzw,00001,-9.696233986322822,4.736
train,trainval,YGoI3B86iX4,50007,0,pretrain,iwlSPe0FbSg,00018,-4.462157602143901,2.816
train,pretrain,pbotabqHUys,00014,0,pretrain,TVfmUfr8VPA,00014,9.045692612030066,5.824
train,pretrain,cnDEVgxD6QQ,00024,0,pretrain,mFnS7wG1qXw,00004,9.594915637247063,5.056
train,pretrain,Eewvsw027jg,00007,0,pretrain,xpnFeyMGUs8,00025,6.140962655416278,4.288
train,trainval,eqDgt12m26c,50011,0,pretrain,dcySuzHPCWM,00047,9.903631385900255,4.16
train,pretrain,z9sa2ZAqHl0,00019,0,pretrain,QuaIMgzIOn8,00034,-0.23514392688586305,4.8
train,pretrain,79zra755WgA,00023,0,pretrain,HMYVHShBGWg,00014,7.550822685461476,5.696
train,pretrain,zqLYcJ6Ib3c,00035,0,pretrain,gLDQr9i7LkM,00009,7.848438930089198,8.128
train,pretrain,FETryXMpDl8,00014,0,pretrain,3LmjSv8N8hE,00023,1.7356490105208913,3.328
train,pretrain,UVDgemuZdho,00009,0,trainval,H8Pr9Jnulxk,50002,-8.917276530331593,2.688
train,pretrain,iSRWMLMBkqk,00017,0,trainval,IHyR7p6Shn0,50009,-7.895134975476113,6.144
train,pretrain,c8WMMSPUOj0,00017,0,pretrain,KI3WJXNhCJ8,00002,-9.268227256372718,4.8
train,trainval,a5xR4QB1ADw,50005,0,pretrain,hyHUVPG33QI,00038,-5.872912536812914,2.944
train,pretrain,D1QoyTmeAYw,00004,0,trainval,lwcvhh4pLjE,50012,-6.13561676742661,5.76
train,trainval,H1fvr9rGgSg,50006,0,pretrain,OXQwtTOnLvg,00018,3.0525119224037933,5.76
train,pretrain,NdKEy6vcCMw,00065,0,pretrain,qFOooWq2inA,00022,5.87237585793188,5.248
train,pretrain,Xe2nlti47kA,00019,0,trainval,QekbuidfQKo,50024,3.80314742121592,4.096
train,trainval,vo2cse4CoGM,50012,0,pretrain,RhgrbQmYOSY,00034,3.038013582689068,6.144
train,pretrain,kSR8G8mfp84,00025,0,trainval,lbBDoFp2HIQ,50002,5.880193371639464,2.816
train,pretrain,sodSeJBf9Y0,00016,0,pretrain,VSbjOJzB7LY,00023,-4.197375344381005,3.968
train,trainval,CHh6hWo1AFE,50014,0,pretrain,rGgoCm1hofM,00002,-6.93553547088765,3.264
train,pretrain,jobYTQTgeUE,00026,0,pretrain,yXTtHmj1sr0,00013,4.006768868387066,5.696
train,pretrain,NbpSibMSEiE,00003,0,trainval,DSPWxjBgvF4,50033,-9.672955623087372,6.208
train,pretrain,xfDUGqGPSfo,00011,0,pretrain,ofsncCF9OSU,00046,-5.055955689886236,5.696
train,pretrain,SK095wuESeE,00005,0,trainval,73cTNHEQhkQ,50002,-8.10918029569599,3.456
train,pretrain,y9Trdafp83U,00022,0,pretrain,Rz8m1yDE0ms,00010,-1.7217633631953237,5.44
train,pretrain,FETryXMpDl8,00011,0,pretrain,bVV2Zk88beY,00019,8.224365873094783,13.12
train,pretrain,N0vRIqeoefs,00052,0,pretrain,cOIJGGgaSIY,00035,-4.98964184143307,4.928
train,pretrain,RxyQNEVOElU,00012,0,pretrain,IMjn62naclM,00027,8.122907085932756,3.264
train,pretrain,mMDuakmEEV4,00023,0,pretrain,i6SbQqqRVtM,00008,-6.049638014463987,10.688
train,trainval,XS3m37czBfk,50018,0,pretrain,XzNLfw5lS4A,00018,3.267434633216599,2.56
train,pretrain,Mo2Ai7ESNL8,00039,0,pretrain,AkUcaludrcI,00020,9.453648163748344,6.016
train,pretrain,sucza6EOIf0,00044,0,pretrain,KQbTvFHymLc,00024,7.125503900716591,6.976
train,pretrain,0tqq66zwa7g,00018,0,pretrain,zQfB85apRy8,00010,-3.996740381223038,5.44
train,trainval,cotBM0laSSo,50015,0,pretrain,5AN5fPFtV0U,00036,-9.011006338162769,2.496
train,trainval,y2X7c9TUQJ8,50014,0,pretrain,5tUnSuoYKoE,00008,7.194469690461947,2.112
train,pretrain,z19gIaUmIBU,00014,0,pretrain,UVZyVz8gBeQ,00025,7.116757056355706,6.08
train,pretrain,wMOXHHadFyE,00001,0,pretrain,GW02Vo641dU,00030,0.25688140585343255,3.648
train,pretrain,F17SKiAZOxg,00033,0,pretrain,6tpsSu5O0Ws,00011,-9.993577061494062,7.744
train,trainval,l2S0V1DeDa4,50004,0,pretrain,AS3Pyc4Qr2Q,00034,-9.995665632938135,5.632
train,pretrain,YyuScSjkGSs,00042,0,pretrain,jyYjI7zQlaA,00004,8.165764362879841,4.608
train,pretrain,ok54sSWquT4,00036,0,pretrain,IshrD4mjnNU,00011,0.385119278494761,7.104
train,pretrain,ab9rJPjU4RM,00007,0,pretrain,0d6iSvF1UmA,00017,1.6008215244606951,4.608
train,trainval,kDXJhxLzmBQ,50008,0,pretrain,mLSFzBUAHuQ,00015,1.837738895223623,5.12
train,pretrain,3sWTLAS0m9U,00002,0,pretrain,nFQU5a5SByg,00018,7.651386402327436,14.016
train,pretrain,0qYTf9evWeY,00013,0,pretrain,lxYFURQ7Ehw,00006,-3.6670773196748847,6.4
train,pretrain,vFPkEIGUofc,00027,0,pretrain,4SSn83lCbTg,00014,6.377064534733069,10.56
train,pretrain,uRdQS2sjF2s,00010,0,pretrain,p9UC0chfXcg,00038,8.052005552029414,14.976
train,pretrain,2g9GedPylM8,00030,0,pretrain,cplaWsiu7Yg,00015,-9.644636189588232,6.08
train,pretrain,y7A4dZIyI0g,00011,0,pretrain,jT5rRh9AZf4,00033,-8.70148238404645,7.936
train,pretrain,C2SVEM19NHA,00025,0,trainval,d0yGdNEWdn0,50003,5.390624265734994,2.304
train,pretrain,TZkNJFrfdR8,00011,0,pretrain,7ZoOyNTyjQE,00016,-7.483533337478305,6.272
train,pretrain,a2MR5XbJtXU,00025,0,trainval,9X68dm92HVI,50018,-0.16264394580161579,3.968
train,pretrain,i18gxxnJ2nc,00013,0,trainval,2dRlssVF7fc,50004,-8.91725866851559,4.48
train,trainval,ONXYcNS7k1Y,50011,0,pretrain,pVQdpofMhwU,00014,-2.9692339293895547,3.136
train,trainval,0snNB1yS3IE,50021,0,trainval,OF5VVrsnpzo,50015,8.423604698899855,5.248
train,pretrain,fSOupkS4VVo,00019,0,pretrain,gh5VhaicC6g,00010,0.5067322199316067,42.496
train,pretrain,OtUSnXV0i4E,00005,0,pretrain,OmMv9tShW8k,00013,6.727534878317105,4.032
train,pretrain,tRjqFPwcJgY,00001,0,trainval,uHRG3Vr9qyI,50025,-1.4628914975732243,2.112
train,pretrain,9IRv3TOjE1I,00007,0,pretrain,i7Ssa6UEpUQ,00019,7.200234454936854,7.104
train,pretrain,PS6vDLq64gE,00007,0,pretrain,43e6eAAeGCs,00029,-6.971502551431548,6.336
train,pretrain,MOFdlEbu15g,00079,0,pretrain,YraU52j3y8s,00023,9.214853451917932,8.512
train,trainval,E27DY3AVA98,50005,0,pretrain,ttDM6ZtLUL4,00014,-0.5534595242689377,2.176
train,pretrain,H4Fwn3RHa14,00006,0,pretrain,lkzoQuzlW4M,00024,9.944839933767188,3.648
train,pretrain,D9Ihs241zeg,00011,0,trainval,ygKNRnz7q5o,50015,4.215501027691641,2.816
train,pretrain,y3jYVe1RGaU,00049,0,pretrain,KaiwGb0csas,00008,9.559451578753372,3.584
train,pretrain,Qd7PiXg5fKE,00023,0,pretrain,6XS8TA4RBog,00022,6.641559480893992,7.872
train,pretrain,Sf994ANuGIY,00041,0,pretrain,MExS7F0lGzI,00009,-8.194934615668384,4.096
train,pretrain,E6atIJ8RDzU,00006,0,pretrain,EHTmxmuhZ10,00016,7.463303681964405,4.48
train,pretrain,WCj82W7XkjI,00001,0,pretrain,C8pNGaSIFoU,00008,-8.482896367671454,9.216
train,pretrain,6qTfX4U6CS0,00028,0,pretrain,dvuh1Np35Pk,00011,2.409363211591021,7.232
train,pretrain,HYzrdn7YLCM,00001,0,pretrain,f8nkcRMZKV4,00015,3.972926921410913,17.728
train,pretrain,VT3XyORCFDA,00015,0,pretrain,PUh5msG0rG8,00001,-7.410165256202353,8.64
train,pretrain,0akiEFwtkyA,00022,0,pretrain,vWJwa7lntTs,00008,3.4838334737607806,22.016
train,pretrain,0sYguTPLpHE,00038,0,pretrain,eyq2Wo4eUDg,00005,-6.3973600346468,11.712
train,pretrain,oTHSfmQo3Ok,00009,0,pretrain,4KhnSz9FPmU,00031,6.651571668627035,3.456
train,pretrain,GtXyGFMBWBs,00035,0,pretrain,04SEzifEsGg,00046,-2.8939153468968897,6.592
train,pretrain,kCOV51S7Xqg,00019,0,pretrain,IDSSieLCmS4,00016,3.074277475642212,9.216
train,pretrain,dsmgvrcH94U,00020,0,pretrain,uDIyxxayNig,00020,4.433600922031239,9.728
train,pretrain,syqScVtnKuU,00031,0,pretrain,sbbzZYJSoJ4,00012,-4.705811626732361,8.0
train,pretrain,8JSMI8Xrwms,00010,0,pretrain,jSGzkjHtFiA,00022,2.938379425026474,5.056
train,pretrain,qKJv4S5peJQ,00021,0,pretrain,a3im2S5mQCM,00016,-7.186984873248081,4.608
train,pretrain,hsSYuHv0vUk,00014,0,trainval,u7SWcQaoaRQ,50011,-8.050492218390282,2.112
train,pretrain,3m6dV7Xo3Vc,00005,0,pretrain,0SW0HFy9Et4,00019,9.719447723894625,5.504
train,pretrain,YzhSmnGcSkE,00019,0,pretrain,J6ZzmqDMhi0,00003,-1.4029410820053219,5.056
train,pretrain,Bp2FvktSTRM,00018,0,pretrain,a17Z5Sk2XJY,00005,-9.960071143699547,9.216
train,pretrain,4GKTEDqbQIw,00010,0,pretrain,cf3zxHuSM2Y,00005,-6.872817834360532,4.864
train,pretrain,H1fvr9rGgSg,00058,0,pretrain,trxGZMm4nBQ,00038,-2.760545068618079,5.76
train,pretrain,SypPoKpQi6w,00007,0,pretrain,qtAZbSZESOU,00009,-9.855568131826736,5.696
train,pretrain,p9UC0chfXcg,00006,0,pretrain,bf7BXwVeyWw,00001,-1.0816609645052981,4.736
train,pretrain,rTMqGbTNkNg,00004,0,pretrain,QAd54DkXCr4,00020,0.40336029647324523,9.856
train,pretrain,aqhzFd4NUPI,00013,0,pretrain,xqPJKtFI42U,00024,2.6413737967454587,5.248
train,pretrain,3g968CCd3XQ,00006,0,pretrain,P1sbSJK1LiI,00006,-0.18532312804559403,5.76
train,trainval,LoXAAEy6YQU,50001,0,trainval,3PQrElyu9HY,50014,9.174228918128243,2.56
train,pretrain,nItwVO9stX8,00018,0,pretrain,ge3SS1hOm1s,00006,0.6855781011532098,13.056
train,pretrain,jvBaRf9LHDs,00023,0,pretrain,GlpGBSBpxOE,00023,-7.836854997233478,10.24
train,pretrain,85hbMtegrLc,00023,0,pretrain,OISOhvOumT0,00004,-3.4042631551923064,5.888
train,pretrain,GS1xL1qcBa4,00016,0,pretrain,rEgSZNB3qyI,00027,8.133670742795033,6.976
train,pretrain,iSpwUpdQdyY,00023,0,pretrain,UJv5B7s1DdE,00010,4.105594162525152,3.328
train,pretrain,ayOmOaXC0Z0,00004,0,pretrain,GB4s5b9NL3I,00009,3.163225087349101,11.776
train,pretrain,SbgwDk7A4as,00012,0,pretrain,SrqmuYvk3iQ,00037,2.7602865321970462,8.96
train,pretrain,5l4cA8zSreQ,00012,0,trainval,p49rv25dx0g,50006,9.020182021392195,3.456
train,pretrain,1cJiAS6NSUI,00011,0,pretrain,Qd7PiXg5fKE,00018,-4.15339231224976,10.048
train,pretrain,ts5MKtXNpMQ,00015,0,pretrain,23vKtqo2t4k,00021,-5.123914293412291,8.768
train,pretrain,Ssl0043HgQU,00004,0,pretrain,bczm0RsIZUM,00016,-8.154050757497409,5.632
train,pretrain,U7fFCaHZvVk,00030,0,pretrain,tBbyP0P7BRg,00014,-3.9015926408375545,4.608
train,pretrain,AA1BT0tfihw,00007,0,pretrain,wgPLGS1BvQo,00060,8.269427702537644,4.16
train,pretrain,uTL9tm7S1Io,00023,0,pretrain,z0HsPBKfhoI,00010,9.16976102460736,4.992
train,pretrain,00j9bKdiOjk,00001,0,pretrain,aiIxdFBA0Sw,00004,-5.890190784506764,4.864
train,pretrain,RvnS3cCrl9c,00010,0,pretrain,hrpwRdijvCM,00016,-1.4407586966686594,6.336
train,pretrain,lfBpsV1Hwqs,00031,0,pretrain,zISxg4JhSRk,00015,4.199362376515957,9.536
train,pretrain,UoBUXOOdLXY,00002,0,trainval,hSSmmlridUM,50014,4.387248083168574,3.008
train,pretrain,qm0isl11BfY,00030,0,trainval,ac1mOswXxLs,50003,7.930140914346293,3.2
train,pretrain,t9EuJ9QlikY,00005,0,pretrain,ddek3gQVt9Y,00050,-3.6532350624731924,5.76
train,pretrain,AdHSwXl2nuQ,00018,0,pretrain,luFjmQJpPSU,00001,-8.12460945099855,4.736
train,pretrain,nQcgD5DpVlQ,00009,0,pretrain,rokPqHc9iD0,00010,2.0629974637385846,7.104
train,pretrain,uXlSmKZ7aSc,00027,0,pretrain,5aLiFw8CSEA,00014,9.843233246639223,5.696
train,pretrain,r8Ff1XjSSeM,00001,0,pretrain,ayhhuxAu6rw,00025,8.212917017124997,4.416
train,pretrain,o4Nno6POrwE,00040,0,pretrain,KyamsZXXF2w,00014,-3.536064418585701,3.328
train,pretrain,WGBTz8ciZLg,00009,0,pretrain,YiXdS9DFCOQ,00011,4.897847402807539,6.72
train,trainval,mAAxykQH0Wo,50001,0,pretrain,kGZvNbfrNag,00007,-3.128074618399017,5.888
train,pretrain,lD69n6Ur2P8,00006,0,pretrain,V48M5jS6zdE,00003,2.3769953284008594,4.096
train,pretrain,DJGreSgaOTc,00010,0,pretrain,QuaIMgzIOn8,00010,-8.419922361023065,15.616
train,pretrain,7DCofMA9eQA,00023,0,pretrain,tF1oSdNwE8c,00009,-5.037649451343793,8.384
train,pretrain,pYgvVDCHRZM,00013,0,pretrain,Gv7Y0W0xmYQ,00015,-9.887491187174328,6.08
train,pretrain,BEcyzAcFFwU,00006,0,pretrain,T4SvurUIYI8,00018,1.0262152890197846,6.08
train,pretrain,G8gJJuCdPSA,00012,0,pretrain,VASXSkawBiY,00023,-5.942547579009146,9.728
train,pretrain,YWZmqpQi2y4,00001,0,pretrain,CE3tL9MMk3U,00006,-3.1006819385284405,31.616
train,pretrain,DzWjaWFLjgg,00012,0,pretrain,zb4bp2volBg,00016,1.5203993384494918,7.36
train,pretrain,SKWIlMZSMZo,00010,0,pretrain,UyUXxrSS3qs,00042,5.869517413298306,2.88
train,pretrain,vJ66jv8ICjc,00015,0,pretrain,erCApSBd0AQ,00032,-1.2779537787534991,6.016
train,pretrain,2BOTS9GAjc4,00031,0,pretrain,JSswZaKN2Ic,00011,-5.51718880901009,8.512
train,pretrain,hxJ8LELZCjo,00033,0,pretrain,0snNB1yS3IE,00049,-8.401648675687808,7.488
train,pretrain,XO1MeSMYSQ0,00027,0,pretrain,btF6nKHo2i0,00030,3.8602568152741448,8.96
train,pretrain,IXBalykzauE,00007,0,pretrain,URSuWwvpn5c,00021,-4.514578123456408,4.352
train,pretrain,KxDwieKpawg,00020,0,pretrain,DBoShCrKfLQ,00020,-6.40785394186967,8.576
train,trainval,2j00U6lUCSc,50004,0,pretrain,1l4B16s5i78,00007,-1.3526421902445325,4.096
train,pretrain,UVDgemuZdho,00002,0,trainval,6VWPHKABRQA,50005,-9.517672559371185,2.88
train,trainval,o0q3veMwv6A,50009,0,pretrain,66Smr600NjU,00009,-4.8217256737965,6.208
train,pretrain,a0x0r7aPI2M,00018,0,pretrain,OmMv9tShW8k,00034,-2.6645450141614058,4.096
train,pretrain,Y4QZzZgYUKg,00010,0,pretrain,VnzBGZA2z3w,00015,-3.321095670187855,5.248
train,pretrain,CEN4XNth61o,00057,0,pretrain,7O7BMa9XGXE,00001,-2.029148869640842,6.464
train,pretrain,R1vskiVDwl4,00007,0,pretrain,BzDEFAGvShc,00018,-5.308054871313351,18.496
train,pretrain,rB6WmWvvyxg,00012,0,pretrain,2BOTS9GAjc4,00036,-4.269789885597959,8.768
train,trainval,Mb8x6vLcggc,50017,0,trainval,o0TbaHimigw,50009,3.2736540978090645,2.048
train,pretrain,kLIfeGflNp8,00007,0,pretrain,8m5Ebx6nuGE,00012,-4.826760292134036,5.056
train,pretrain,uNQujCwCu88,00019,0,pretrain,uTbASmxo858,00025,-4.589616783631472,16.32
train,trainval,Rpsf1YJsbbI,50031,0,pretrain,IU4A4h1ACJs,00017,6.587334824747899,4.736
train,trainval,vGDZmSnSkfo,50005,0,pretrain,WjBwhwe5Scc,00009,6.3223761245687555,5.76
train,pretrain,h9x2SWgwhY4,00008,0,pretrain,9qd36SQPxSY,00007,-6.85556621354936,3.968
train,pretrain,V1xt7zgnuK0,00015,0,trainval,5qdZybHSLnI,50005,9.560887126373977,5.76
train,pretrain,OPtxa35JU6Y,00009,0,pretrain,9AgCr2tTvng,00022,5.613220522180637,6.336
train,pretrain,4a6ZRstYlgw,00040,0,pretrain,B9DdIivSGts,00053,6.8970225746226035,4.608
train,pretrain,VehHPwAVL9g,00012,0,pretrain,SbphPa7Wp4c,00019,9.49152720589504,4.096
train,pretrain,P7n2rYt9wfU,00001,0,pretrain,38OUCtzkT4Q,00014,4.883073454348331,3.008
train,pretrain,c6mhFgAjqwA,00014,0,trainval,xWVWhSvNLtU,50009,6.813041176592002,6.08
train,pretrain,ELgvDMTKyBE,00006,0,pretrain,MF2Q6CcGN7E,00018,3.9434842785624156,4.544
train,trainval,0ygtX2nyexo,50007,0,pretrain,zqnZCSVsqPw,00011,8.456451281743238,6.016
train,pretrain,OKIyDMaxh4w,00029,0,pretrain,CsECS5qsGLs,00023,6.739725296003122,12.032
train,pretrain,ZqeASpsKn2E,00006,0,pretrain,LUO3jqMlWkE,00023,3.871173606107039,7.296
train,trainval,a4ZBzM3L6ws,50003,0,pretrain,PzSw6OsEP9Q,00017,3.209551933421338,4.224
train,pretrain,qKmuMQT5E6Y,00007,0,pretrain,ImQrUjlyHUg,00067,9.161400293905537,4.48
train,trainval,8xHrpO6p7dE,50005,0,pretrain,G2Y6Am46eVU,00020,-1.3742477378452058,5.056
train,pretrain,cAsEeYSQE1U,00007,0,pretrain,J3pGKt7fESM,00014,-8.279215113978433,9.536
train,pretrain,SgYvy71CSSA,00004,0,pretrain,ptIecdCZ3dg,00017,-6.5084278790402195,4.096
train,trainval,BA8XOF6IpXA,50003,0,trainval,AAkEYcmCCCk,50021,-6.726335410573272,2.112
train,pretrain,t1sYh9itUvs,00045,0,pretrain,K5wCfYujRdE,00033,3.470959052762506,3.968
train,pretrain,jKl0tb3VmfQ,00015,0,pretrain,nLtUl2CP8ak,00046,-4.156675228528133,3.776
train,trainval,nxRRqLpWi6Q,50027,0,pretrain,sQNtu4kpd64,00018,3.894068135090418,2.24
train,trainval,WOxSQHtJWlo,50001,0,pretrain,qykDS2AXKIU,00020,-7.762696174166537,6.08
train,pretrain,N9HF8mMe2pU,00032,0,trainval,GOZOhpxSAFI,50018,-8.138929161312788,3.456
train,pretrain,eS5wqwp64MM,00006,0,pretrain,t6eFzt6kFGE,00011,-6.585513792199715,5.12
train,pretrain,4ZgwzSm7sRs,00073,0,trainval,cf3zxHuSM2Y,50005,-9.096804173699127,4.288
train,pretrain,QnJIjEAE41w,00011,0,pretrain,Uwl012o8P7I,00025,-5.193751248555731,4.864
train,trainval,P3fIZuW9PSM,50003,0,pretrain,ZChEFOGSn8Q,00036,-2.7820302690759906,2.24
train,pretrain,cWCSzDdF74s,00010,0,trainval,5Dn08yo9aiM,50001,8.519812413713886,2.048
train,pretrain,Wh9O3SciOYs,00013,0,pretrain,dcwuBo4PvE0,00011,3.9949854673391876,19.456
train,pretrain,aFBIPOSP7LM,00011,0,pretrain,ZCS0MZuVBwE,00015,-4.9785780787047,16.896
train,pretrain,r8WPIZJOJuk,00004,0,pretrain,t9c7aheZxls,00011,1.9766609803206414,8.32
train,pretrain,ibMjhQvAmcI,00017,0,pretrain,40riCqvRoMs,00007,-4.308981582874809,3.2
train,pretrain,tVIaoQrnAxY,00018,0,pretrain,apbSsILLh28,00054,-4.678058975986317,2.816
train,pretrain,aIFFFGf1ZRE,00037,0,pretrain,uSUOduS5MPc,00001,0.35347306793779865,10.176
train,pretrain,AS3Pyc4Qr2Q,00038,0,pretrain,GbYc9BOU30o,00013,-5.271018075631744,10.368
train,pretrain,eJZSzNuKX7c,00008,0,pretrain,cnDEVgxD6QQ,00012,3.037868102942877,5.952
train,pretrain,DwShSwvxPKs,00014,0,trainval,mMDuakmEEV4,50011,3.1992787241622906,5.376
train,pretrain,YdSSA7POsN0,00005,0,pretrain,Yagdvqn2YMU,00003,-0.36820214089797787,4.8
train,pretrain,7jx0dTYUO5E,00004,0,pretrain,59SRn1SkWAA,00030,5.101406391366567,4.416
train,pretrain,0jmST6bSUoc,00003,0,pretrain,audakxABYUc,00015,-6.819649531284484,5.696
train,pretrain,IDSSieLCmS4,00005,0,trainval,Yx2rjq1gSWA,50005,-2.2120427410631427,2.368
train,pretrain,Z9dt5qlgO24,00011,0,pretrain,uDIyxxayNig,00032,-0.9027515954358201,25.024
train,pretrain,hFgPtuzgw4o,00038,0,trainval,ktOeFgmdIAo,50003,-3.4327106723632728,5.504
train,pretrain,LETgWDSSzSI,00023,0,trainval,8S66QUJk3w4,50012,4.808228019569441,3.52
train,trainval,p7YRnLbmLGs,50007,0,pretrain,W3SRjJtd6Eo,00015,4.319549337684512,2.944
train,pretrain,fbAj9JfCXng,00010,0,pretrain,tMSU6k5SWXg,00004,-6.588993637642549,20.16
train,pretrain,DG7kSeazMQ4,00015,0,pretrain,zkQL7UJYDIY,00017,-2.939855251390256,5.12
train,pretrain,4EUAMe2ixCI,00020,0,trainval,f4DV2BFUmSA,50001,8.734006054610475,2.368
train,trainval,7rMYfiRNT7g,50001,0,pretrain,j7c9b9A2AHc,00027,-9.602207050782226,2.112
train,pretrain,Mjl1i13JKNM,00021,0,pretrain,EHNP7KqLrW4,00001,-7.339941622184583,3.968
train,pretrain,s3IPatkuByA,00009,0,pretrain,SrqmuYvk3iQ,00002,-0.47954306254045065,9.28
train,pretrain,nx3GuO41Jyg,00027,0,pretrain,j7c9b9A2AHc,00002,2.7544987369211107,3.904
train,trainval,K5wCfYujRdE,50001,0,pretrain,TYFH0DSjyqc,00017,7.873692881043393,2.56
train,pretrain,G0ZjSInJ4BQ,00002,0,pretrain,r92jUj7gNRw,00031,-5.559790764981381,3.84
train,pretrain,mkdSXHXhCcw,00105,0,pretrain,0SkdP36wiAU,00009,-9.505770158376297,12.096
train,pretrain,jT5rRh9AZf4,00028,0,pretrain,cF2dhWWUyQ4,00001,-7.746062460917605,8.768
train,pretrain,AOEQ9GteWbg,00017,0,pretrain,Syi9bqfFIdY,00043,-6.626767321650333,4.16
train,pretrain,5tUnSuoYKoE,00073,0,pretrain,fIXnJycnkaQ,00013,-0.8886619520529653,9.28
train,pretrain,mbbMLOZjUYI,00014,0,pretrain,lGbuCmuTJHg,00017,8.387476550844518,4.8
train,trainval,bRCo1Wxksfg,50001,0,pretrain,zvwQXwJyaj0,00030,0.15178583517149846,6.208
train,pretrain,SJWoKsfsSaA,00020,0,trainval,oGu0Ouxb3b8,50003,-2.1773081490610107,5.12
train,pretrain,eZWzNfOpbCQ,00006,0,pretrain,Pl8OlkkwRpc,00034,8.059045223137339,10.88
train,pretrain,9y7YEmyzSDo,00008,0,pretrain,twG4mr6Jov0,00023,-5.425639865156626,12.16
train,pretrain,jodhovumkHQ,00006,0,trainval,xjSQFZX2m9o,50002,7.878106723747258,4.608
train,pretrain,08ZWROqoTZo,00035,0,pretrain,xuAAPsiD768,00015,7.049440780230579,9.92
train,pretrain,0ZhL7P7w3as,00010,0,trainval,Sid0oc0w3mQ,50003,2.1864258450308967,3.968
train,pretrain,Y7QaqazOvSA,00002,0,pretrain,I4fJPKSKbrA,00020,-9.652723201711112,4.288
train,pretrain,d6wGSsAdP0U,00035,0,trainval,9EVEmZ2cSes,50028,1.3055049092427815,4.032
train,pretrain,G6dfUFgKmN4,00020,0,trainval,sgTjCpBOeCU,50038,1.568299642222808,5.76
train,pretrain,nUdsTizSxSI,00026,0,pretrain,Tmk7nAvpMXQ,00002,2.3241583326863946,8.896
train,trainval,7SRGn75JcZ8,50008,0,pretrain,6AvXhgXlGpE,00024,7.091421273337897,4.288
train,pretrain,7NJhq163t78,00018,0,trainval,4yyPSZSGLOI,50017,-0.18629618620297173,2.752
train,pretrain,Rr5Py1r9xjw,00006,0,pretrain,xfDUGqGPSfo,00023,-9.778479512839102,6.272
train,pretrain,tV2RLLtOgL4,00004,0,pretrain,Kxg0SEpOcWs,00002,7.679163912056598,5.952
train,trainval,oeL72c6scAs,50019,0,pretrain,ygKNRnz7q5o,00027,4.454402103591249,5.696
train,pretrain,3nsPcBJAdxI,00023,0,pretrain,MD23gIlr52Y,00002,3.073875194603964,9.728
train,pretrain,bczm0RsIZUM,00013,0,pretrain,EEjyPqyFeSs,00034,-7.397241543303199,3.648
train,pretrain,FqSVvAxDBRY,00008,0,pretrain,pMYYxSim5QI,00014,-6.047578950516375,24.704
train,pretrain,gJv1WdMUz0w,00022,0,trainval,BZsdiVTFt7Y,50003,-8.764517525740771,6.144
train,trainval,W9YBCwgrwQA,50012,0,trainval,AHcTWlxWzpE,50008,-5.770580034137174,2.24
train,pretrain,syqScVtnKuU,00063,0,pretrain,FETryXMpDl8,00030,0.9744626387007074,4.16
train,pretrain,cOIJGGgaSIY,00026,0,pretrain,IWjzT2l5C34,00028,-1.7224378815382924,5.248
train,pretrain,YYIXwJD7zeY,00006,0,pretrain,5s61n2MLGRQ,00015,3.0065903270251084,3.968
train,pretrain,hFgPtuzgw4o,00038,0,pretrain,VPweEhht9y4,00027,-0.8033051395073869,3.52
train,trainval,iEySxTbcr2A,50008,0,pretrain,1sE96vd8W40,00006,6.424718946085729,3.904
train,pretrain,X55qpYxwoO4,00012,0,trainval,gBkIyJ7kfSI,50020,-8.47109265530273,4.352
train,pretrain,Gv7Y0W0xmYQ,00001,0,trainval,l5d8GW6GdR0,50018,5.949791924441133,3.392
train,pretrain,PrZwUTdFmis,00005,0,pretrain,lYdk1NK9Sr0,00036,2.058012121288167,6.4
train,pretrain,05jJodDVJRQ,00005,0,pretrain,iNtNP6LGek8,00009,8.030519517165807,4.864
train,pretrain,KQbTvFHymLc,00006,0,pretrain,C8pNGaSIFoU,00009,0.5818123678060676,7.552
train,pretrain,IaWeJ8V3pg4,00008,0,pretrain,jqWHy6B0ADA,00006,-2.3435060296819232,7.616
train,pretrain,kiUnJ1d8vvw,00014,0,pretrain,FSS4Kv6MlG0,00010,0.9583588696226109,10.432
train,trainval,nC06omDS0kA,50002,0,pretrain,yVQ8fZB30JU,00007,-8.084039200166666,5.312
train,pretrain,zpoGgUoqkkQ,00014,0,pretrain,6bVhrpkp0WU,00001,6.959316115659895,15.616
train,pretrain,MywGrRvNkWQ,00006,0,pretrain,GOCUH7TxHRI,00012,-0.1306692587003191,10.368
train,pretrain,3z1cCT2NP4k,00009,0,pretrain,CpaFX6Ei0nU,00001,-3.7547725165696377,10.24
train,pretrain,vzKA1y3cdYI,00024,0,pretrain,bhHJ4DRZNZM,00032,2.7692967943005726,7.296
train,pretrain,0GL5r3HVAZ0,00009,0,pretrain,ukgnU2aXM2c,00029,-4.659972709501565,5.568
train,pretrain,GkRn9Lp16UI,00007,0,pretrain,MKlx1DLa9EA,00002,9.690594164334552,12.864
train,pretrain,NEW8RKyMDV0,00001,0,pretrain,oeL72c6scAs,00012,-8.078764124331661,5.376
train,pretrain,SJWoKsfsSaA,00021,0,pretrain,vqz49SrYRMk,00001,9.521235059392172,16.384
train,pretrain,60P7717SXOQ,00037,0,pretrain,KiPcxhJtuPQ,00048,3.1080472673404955,6.272
train,trainval,ElJxUVJ8blw,50014,0,pretrain,NwmGTM5Py8Y,00089,-8.67090341839547,4.8
train,pretrain,cQvDUTOOkiI,00025,0,pretrain,2vVAzRN5ez8,00007,-3.6408754565276036,6.016
train,pretrain,mSQmfZOVNPw,00007,0,pretrain,MoSmgcxGYYE,00061,7.353408865756336,5.184
train,pretrain,ab9rJPjU4RM,00013,0,trainval,C0byYFXjRJM,50010,7.471404964207753,3.072
train,pretrain,IRVdiHu1VCc,00001,0,trainval,9EglK8Mk18o,50026,-3.3209463516106386,3.136
train,pretrain,pF72px2R3Hg,00021,0,pretrain,5GZu8xECOdw,00003,7.429552192855308,3.904
train,pretrain,btlF4ZSAoFc,00017,0,pretrain,2wseM6wWd74,00031,-8.455179257355374,8.064
train,pretrain,dOOtM7ZpAS8,00033,0,pretrain,IXBalykzauE,00038,-5.9696103555543,6.208
train,trainval,IKZCw4xdESQ,50005,0,pretrain,txJGm6zhiBA,00002,1.0111309020025736,4.096
train,pretrain,2zvjW9arAZ0,00071,0,pretrain,scITIoJvMJ0,00004,9.393879565339688,9.6
train,pretrain,mozxTk3Brqw,00029,0,pretrain,ay8OMOsf6AQ,00011,-9.733526666739955,4.736
train,pretrain,hoF4FHCbHwU,00006,0,pretrain,50m48lpi4AU,00026,6.390551713272899,4.16
train,trainval,30e60EOO5mo,50001,0,pretrain,BxFvxKaSmWo,00016,-6.005366691409549,5.76
train,pretrain,X6Zo53M0lcY,00026,0,pretrain,ZzSVEj5RLWM,00003,-7.3794218992834075,4.096
train,pretrain,sGXeX7PPrCI,00004,0,trainval,LnQYJa9SaR0,50001,-5.334131089020548,3.776
train,pretrain,mgBsSW5CFnw,00026,0,pretrain,2j00U6lUCSc,00024,2.218106476204479,9.216
train,pretrain,7oDtWA9fFBU,00007,0,pretrain,mwrLVvORugw,00018,8.01377150531873,3.84
train,trainval,C8zY0oAdQrs,50003,0,trainval,kNhyOYv2ejw,50012,6.166536713318585,2.56
train,pretrain,v7xAZ2lrel8,00005,0,pretrain,Kqm9AEvJgxU,00016,1.8310769584165634,7.232
train,pretrain,DnbC2Tii0S8,00015,0,pretrain,Sid0oc0w3mQ,00011,-3.9396628288337965,25.344
train,pretrain,AHfiKav9fcQ,00018,0,trainval,HH3m1OSiOT0,50008,0.6839633170522657,2.432
train,pretrain,RWiI7AkDXSo,00002,0,pretrain,svIPBU31d0c,00001,-7.013588783721145,5.568
train,pretrain,FTUpFYo0rMI,00021,0,pretrain,f6CILJA110Y,00035,5.1764751968644855,14.272
train,trainval,3f6xCzKx9CA,50017,0,trainval,RbNqU2K0qzo,50003,-5.5126108858525384,5.824
train,pretrain,FdHJw0veVNY,00011,0,trainval,weCFbknwZa8,50015,1.6349052480583417,5.248
train,pretrain,iSpwUpdQdyY,00004,0,pretrain,SQdPW8JrYzQ,00001,-5.587416192737262,4.736
train,trainval,CK5w3wh4GSM,50005,0,pretrain,ayhhuxAu6rw,00013,4.748302159731264,6.016
train,pretrain,I4fJPKSKbrA,00014,0,trainval,h0dSQDgl3gI,50004,-3.657287635024451,5.952
train,trainval,UwtYQFSJSQc,50006,0,pretrain,Peu7eeGtmQ4,00037,-2.555118911517688,6.016
train,pretrain,e4PTvXtz4GM,00024,0,pretrain,wzvlw9O3IbQ,00001,0.4700222409951422,6.016
train,pretrain,zR8ReJoc1u4,00015,0,pretrain,GqGksNRYu8s,00050,-2.522558808890669,6.656
train,pretrain,P5Mpo4JQZhw,00034,0,pretrain,1gTNgijhKzw,00008,0.6863003681121764,8.192
train,pretrain,rni41c9iq54,00006,0,pretrain,wD3S6JIUF7M,00004,-5.921734136624948,16.32
train,trainval,QLBtr2rOFkI,50010,0,pretrain,PDKKOSJX6yQ,00004,-9.333816259436423,3.648
train,pretrain,nTFEUsudhfs,00013,0,pretrain,kFMZrEABdw4,00028,-5.788649192807471,3.52
train,pretrain,7wJTgUCxnKA,00035,0,trainval,jfqwHT3u1S8,50001,0.16155644981337147,6.016
train,pretrain,QoRZNSVpt3Q,00009,0,pretrain,NWUFjb8w9Ps,00024,-7.612237832227365,5.824
train,pretrain,lqbLSUhhyPk,00001,0,pretrain,7s0CpRfyYp8,00008,9.6577863270246,5.056
train,pretrain,GS1xL1qcBa4,00001,0,pretrain,TzNSuIVkfjg,00006,1.396579090122561,7.04
train,trainval,jPyR3UDhOm4,50007,0,trainval,PcDftBVDSlc,50015,0.5068553589422269,3.136
train,trainval,MF2Q6CcGN7E,50003,0,pretrain,k5tCYg9s0HU,00011,1.3197902934142203,5.376
train,pretrain,z5lZ9wciZQM,00001,0,trainval,A27QjpQSIeo,50005,7.199197748038504,2.24
train,trainval,N37x4GgDVBM,50010,0,pretrain,cpsRAk5HpK4,00025,3.372619441699925,3.712
train,trainval,7SRGn75JcZ8,50003,0,trainval,cn9Q4c3dXGU,50002,2.803737328890282,3.968
train,pretrain,JmZpFy1QUww,00004,0,pretrain,FSS4Kv6MlG0,00011,-7.488253891543932,30.848
train,pretrain,xnLoToJVQH4,00003,0,pretrain,PnMsSqLwaes,00013,3.8028025062489785,8.768
train,trainval,p49rv25dx0g,50011,0,trainval,8SmeicgKjwA,50001,-2.0564427327945634,5.248
train,pretrain,Mb8x6vLcggc,00009,0,pretrain,ukgnU2aXM2c,00037,-0.5967543629546661,22.848
train,pretrain,01GWGmg5jn8,00005,0,trainval,7rVK0VYPWHk,50001,-8.627650512160155,2.56
train,pretrain,j97WsAz3CDY,00022,0,pretrain,MLvwTlbj1Y8,00046,8.07078427163162,5.696
train,pretrain,r2YiRiLAUSY,00003,0,trainval,iueVZJVEmEs,50001,0.16091859568069644,6.08
train,pretrain,llhT0BtSst0,00001,0,pretrain,TBIL2sdfoVc,00032,7.797855861045189,6.08
train,pretrain,k4vzhweOefs,00010,0,trainval,WWloIAQpMcQ,50004,5.969238749158105,5.568
train,pretrain,j81saupKVpo,00013,0,pretrain,ZPBTnWWWUY4,00004,-6.7543129707147775,8.32
train,pretrain,aFDKHFsVRnY,00014,0,pretrain,ZJodZcGfTVE,00008,3.5879578655315836,11.136
train,pretrain,qQSPUXPVlos,00042,0,trainval,Df2JBnql8lc,50006,-9.813966161035,4.48
train,trainval,xMS9HlSSLSA,50001,0,pretrain,OLHh9E5ilZ4,00012,5.931543567019862,5.248
train,pretrain,ZmSF9gVz9pg,00024,0,pretrain,xQZxGCPjpqM,00001,1.234450866956891,5.632
train,pretrain,HNMQSw7hXTA,00014,0,pretrain,0SW0HFy9Et4,00016,-0.9794733578454373,42.368
train,pretrain,X55qpYxwoO4,00022,0,pretrain,4c1lqFXHvqI,00007,1.8448156664143145,6.08
train,pretrain,ovV7v2XYJAI,00001,0,pretrain,bDbN8R6Gb6Q,00007,4.120840367238159,6.464
train,pretrain,mK6IdD4GXPo,00015,0,pretrain,n3qA8DNc2Ss,00011,1.2474208658892394,4.48
train,pretrain,W0StyxgMk1o,00042,0,pretrain,c0mVa7d08tg,00003,-0.4747819331394467,5.376
train,trainval,wfNX1cHkSfE,50010,0,pretrain,h1Yg1rURKR0,00024,-1.4087036839792173,5.76
train,pretrain,MOFdlEbu15g,00060,0,trainval,8S6S5vZGSSk,50002,-0.1295562773226404,2.432
train,pretrain,bq39x2HWjNk,00001,0,pretrain,JiwZQNYlGQI,00013,-1.4216435684820645,2.56
train,pretrain,cpsRAk5HpK4,00030,0,pretrain,nncPtxLCPrE,00010,-1.1537102809479105,7.296
train,pretrain,F17SKiAZOxg,00041,0,pretrain,3GFG6Cvy9HQ,00045,4.007664043217677,5.376
train,pretrain,R7beBKnH9u0,00013,0,pretrain,4bHO8NZwmIg,00002,3.626734792823603,4.416
train,pretrain,V1gxziZwmkc,00028,0,pretrain,9FCsyK4aRXQ,00008,-4.667253300273952,7.808
train,pretrain,5duz42kHqPs,00024,0,trainval,nPdUMWGWE28,50009,1.8422827406475921,2.688
train,pretrain,2XiDdnDCD34,00010,0,pretrain,DOYASAY7dO4,00019,-0.8296971662663726,4.224
train,pretrain,HFFBkbsSFY0,00038,0,pretrain,0N1oA9LUEc4,00004,5.3787095121372595,10.816
train,pretrain,F10t7i8wHaM,00009,0,pretrain,h2KQoHMCwlw,00010,-2.3770931958960473,4.8
train,pretrain,Bk9wQD6eYts,00016,0,pretrain,XiDAztWWAuM,00005,-5.58343214977246,7.68
train,pretrain,gj3ZnKlHqxI,00014,0,trainval,LS6TWtYWaPA,50018,0.6460951619193551,2.368
train,pretrain,LBvHI1awWaI,00046,0,pretrain,Fc1yN6uxZfQ,00043,-4.287405108639366,10.688
train,trainval,xqPJKtFI42U,50001,0,pretrain,SpSGKCr8rq8,00033,-7.979058636009089,5.888
train,pretrain,11Mq9ZuxZMc,00013,0,pretrain,SQe8cR4Jl10,00015,-0.4704505726997983,4.416
train,pretrain,aqhzFd4NUPI,00007,0,pretrain,p9UC0chfXcg,00017,-5.314216337331368,5.696
train,pretrain,pcSlowAhvUk,00018,0,pretrain,I4fJPKSKbrA,00013,-3.237059326932541,3.776
train,pretrain,Qm172DbaSbc,00028,0,pretrain,PFVP8L3SlfQ,00014,-0.6369288779165831,12.416
train,pretrain,Ftnb2fpJ664,00039,0,pretrain,yrcaHGqTqHk,00038,8.018506554727097,9.216
train,pretrain,acNSymOsL6M,00012,0,pretrain,bCGlWQnzDVE,00016,-2.3198156529125447,6.656
train,pretrain,2G8C36aKnpU,00021,0,pretrain,hyHUVPG33QI,00007,9.237980523228742,5.824
train,pretrain,mYQx5n5SRVQ,00018,0,pretrain,iKEtQSzz4GA,00009,2.3923372536302008,9.856
train,pretrain,KjKBOo5tFX8,00005,0,pretrain,0ygtX2nyexo,00021,3.942563612863953,3.712
train,pretrain,MoSmgcxGYYE,00024,0,pretrain,nU5gOr1cSxU,00016,4.920967321314514,3.392
train,pretrain,KVjkFqS7Y6A,00022,0,pretrain,b6rAgHcuYtE,00025,8.990575564894282,7.68
train,trainval,gh5VhaicC6g,50024,0,pretrain,LyOgVtNtEb4,00014,-4.6473781974684485,3.136
train,pretrain,0sYguTPLpHE,00086,0,pretrain,ZJodZcGfTVE,00017,-5.664171446173539,6.08
train,pretrain,zcMj4Az1MwE,00031,0,pretrain,VMwjscSCcf0,00011,4.307372158383506,3.84
train,pretrain,yyW9W3e9VD0,00019,0,pretrain,tlS3r8Gid90,00013,-8.5245603021151,5.376
train,pretrain,h1Yg1rURKR0,00027,0,trainval,EXo3qA9V3eI,50001,-8.325894278664128,5.888
train,pretrain,WMAunz9LqZU,00002,0,pretrain,5tzEpqDtaPE,00004,6.727626920088113,7.68
train,pretrain,npFSbX7DZ6k,00003,0,pretrain,sSXv06gUX3Y,00030,-8.543176780082547,4.096
train,trainval,YATYsgi3e5A,50004,0,pretrain,qJ7A74Vx7YE,00026,-3.7676776808788563,2.048
train,pretrain,y9wzaxSPtIo,00023,0,pretrain,acikxzM6GaY,00025,8.172869915829676,6.848
train,pretrain,AfljJGTVcKE,00028,0,pretrain,wNokfBHccVI,00039,4.1182507618353235,3.072
train,pretrain,tic7X3ET4gE,00005,0,pretrain,wstksuaSMD4,00014,3.782368861898215,11.648
train,pretrain,MHN1gqrXMUM,00019,0,trainval,MtSE4rglxbY,50027,7.139541729027577,5.696
train,pretrain,NZspSEdO2Xk,00007,0,pretrain,MOFdlEbu15g,00016,-5.881797977724268,3.52
train,pretrain,EszGIvRdgTE,00021,0,pretrain,uCC3dS7FrkQ,00005,-7.607066682976553,3.456
train,pretrain,ay8OMOsf6AQ,00008,0,pretrain,emeEpzkf044,00020,9.470276063194,4.16
train,pretrain,qKJv4S5peJQ,00008,0,pretrain,iq5lXSj6Prg,00016,5.057150091688472,5.76
train,trainval,qBHIT9yEPh4,50001,0,pretrain,RjrS5EqZlUs,00004,7.78185743312002,2.176
train,trainval,m048uAa8L3k,50004,0,pretrain,mWA2uL8zXPI,00033,4.944595726428428,2.24
train,trainval,WvvuLDX7iIk,50001,0,pretrain,S9ZciGIBcS8,00010,2.9853699368916864,5.44
train,pretrain,POTosC2q6Hs,00014,0,pretrain,31PyAjy6Nl0,00003,3.2221607790359315,6.208
train,pretrain,1BHOflzxPjI,00031,0,pretrain,NyQ1wLFj0f8,00010,-9.241946370121942,6.848
train,pretrain,h7u6NScSWtY,00021,0,pretrain,YuEm03Ko0J8,00026,3.402363304719371,4.608
train,trainval,ESlb3D7AySM,50005,0,pretrain,B5MkpzMAOZM,00042,7.291369115152886,5.76
train,pretrain,ydKcaIE6O1k,00001,0,pretrain,F17SKiAZOxg,00046,4.9152636578484525,3.008
train,pretrain,5tUnSuoYKoE,00079,0,pretrain,co2enjjt3J0,00019,2.5110157833659983,4.736
train,pretrain,xsU10fX0aC0,00007,0,pretrain,ydKcaIE6O1k,00011,7.21638772614833,4.416
train,pretrain,m7C6aiZV9JE,00011,0,pretrain,56WGgJNBRxQ,00054,3.335129422718463,42.56
train,pretrain,rcdwNSDSTl4,00002,0,pretrain,MnT1xgZgkpk,00027,2.778685212410622,5.76
train,pretrain,wmE8dQcZgB4,00045,0,pretrain,9h2dFSIsH0I,00006,-9.70305148799806,4.096
train,pretrain,Kc0Kthyo0hU,00038,0,trainval,gmjSazFbpkA,50001,0.22589594520043477,3.84
train,pretrain,46wWjKTn4Ac,00026,0,pretrain,ao6WnXo8Fbo,00011,-6.595336912035621,6.656
train,pretrain,IDSSieLCmS4,00048,0,pretrain,RjrS5EqZlUs,00010,1.8645522544739457,6.4
train,pretrain,Sf8j5LFv3nI,00008,0,pretrain,19KkFCQz8WQ,00033,3.25432808930773,3.904
train,pretrain,SMi3rHuK0c4,00016,0,pretrain,8jPQjjsBbIc,00022,-0.7392648930482437,2.816
train,pretrain,ETFkztcoMVc,00014,0,pretrain,Cqj0sgrNL10,00034,0.5004129600637413,4.16
train,pretrain,YyuScSjkGSs,00027,0,pretrain,sSXv06gUX3Y,00005,-2.630046585518544,7.296
train,trainval,S2OzLREwHtI,50003,0,pretrain,Mr8nvXvlSy8,00016,-7.923885954368468,3.776
train,pretrain,B0YSGU3JqiQ,00011,0,pretrain,b2LbuqoNGGI,00005,6.957364373489067,7.296
train,pretrain,KIKqRFZ3r1I,00012,0,trainval,oDdcx5luv5s,50003,4.341534577756388,2.688
train,pretrain,0Bhk65bYSI0,00016,0,pretrain,i0QKBKWnkxg,00001,8.728725861492542,9.984
train,pretrain,ljqra3BcqWM,00015,0,pretrain,dO6AuQR9R7E,00011,-6.130890375781828,4.992
train,pretrain,Mr8nvXvlSy8,00005,0,pretrain,iueVZJVEmEs,00039,4.2455530807001,6.528
train,pretrain,PcQwHHbjZ0A,00043,0,trainval,0ueGFLVFi80,50008,-3.7684281121052177,6.08
train,pretrain,zOSaCQ6xHS8,00017,0,trainval,2dnSoGaEHxs,50001,9.94876400068491,5.696
train,pretrain,rH0AlC2TbR8,00006,0,pretrain,U7y4GlmwPLQ,00006,2.4918606867332613,6.336
train,pretrain,9FBxfd7DL3E,00014,0,pretrain,lwcvhh4pLjE,00070,-4.99266918593232,6.016
train,pretrain,6XS8TA4RBog,00010,0,pretrain,K8Dj0oSf1SA,00003,-2.2865282504579376,5.12
train,trainval,cpsRAk5HpK4,50003,0,pretrain,BczB8oqYL0g,00001,-6.566246648011392,2.624
train,trainval,LlQXs0yofMs,50002,0,pretrain,tSSNoFstCmQ,00010,-5.328471985863093,4.544
train,pretrain,iq5lXSj6Prg,00023,0,pretrain,qrNDkRHAA4E,00025,3.0075970793889972,3.904
train,pretrain,J6tgYBMXR6s,00026,0,pretrain,LhszKevcH30,00026,-1.6148829220800422,8.064
train,pretrain,bdEF9WEiO5g,00001,0,pretrain,iq5lXSj6Prg,00037,-2.5977938448977245,3.392
train,pretrain,Gk9T7ngEijs,00011,0,pretrain,ao3NtIZ0iBU,00023,-9.953214625706764,14.848
train,pretrain,8gSAkUOElsg,00020,0,pretrain,zeSVMG4GkeQ,00007,1.3167038500124377,3.648
train,pretrain,u0VHC1SDOS8,00020,0,trainval,2JSZ66uMRwc,50015,7.27970260240404,3.648
train,pretrain,1XrFiUrXyx8,00007,0,trainval,StqRJhHNUGA,50004,-1.2410157604302263,2.752
train,pretrain,DajRM7VyeZ4,00023,0,pretrain,twWkGt33XSk,00007,-1.6450171272732668,6.144
train,pretrain,4Z75ASJMBx4,00012,0,pretrain,kdqUhTnAgJU,00022,8.785741935847714,5.12
train,pretrain,TBIL2sdfoVc,00005,0,pretrain,Xe2nlti47kA,00055,5.94278498077141,4.288
train,pretrain,Sttw2PxncIE,00007,0,trainval,asgdGSGQBgY,50005,4.528134755763563,2.176
train,trainval,5uVtphj4b6c,50001,0,pretrain,z0HsPBKfhoI,00001,-3.5779337575078536,2.624
train,pretrain,KZIGekgoaz4,00041,0,trainval,1sgb2cUqFiY,50022,-7.905106395176029,3.136
train,pretrain,EKSF037iji0,00007,0,pretrain,wAIP6fI0NAI,00059,-3.646045135398155,4.352
train,pretrain,RG5QP2EVUVY,00034,0,pretrain,A0V9Rk9tNL0,00001,7.795395459475696,16.512
train,pretrain,SqCWAsd2GP8,00021,0,pretrain,dY9f9bFctUE,00038,0.5234216191289178,5.376
train,pretrain,6StqiaPoS2U,00010,0,trainval,6EghiYSs2ts,50010,-5.494930568297338,2.88
train,pretrain,ELET24AHnEg,00017,0,pretrain,T8VS0LUCgmk,00004,5.9182851560514145,4.8
train,pretrain,cOIJGGgaSIY,00028,0,trainval,wOiKRVH0nQ8,50009,6.488529828109964,3.008
train,pretrain,JLLpWtHbMAo,00012,0,pretrain,3NzgEwye6Uk,00014,-0.06954707410812944,13.184
train,pretrain,DkyMCCnNI3Q,00015,0,trainval,WzDygsn0Djs,50005,7.718079432096296,5.568
train,pretrain,iSpwUpdQdyY,00002,0,trainval,jJMBwqhD9DE,50004,2.4009212051392144,3.456
train,pretrain,bwMUQEMOP6w,00016,0,pretrain,8iZSsHd0IlU,00023,-5.910240337493933,6.4
train,trainval,gVLu99Ja2mA,50006,0,pretrain,c2tOp7OxyQ8,00019,1.3031598925501537,3.456
train,pretrain,YzQDnTPuNZM,00002,0,pretrain,j7c9b9A2AHc,00018,-2.6104735956823895,7.872
train,pretrain,cQvDUTOOkiI,00005,0,pretrain,V48M5jS6zdE,00023,7.890848418959926,5.696
train,trainval,HNOnvp5t7Do,50008,0,pretrain,5iqZzi9mj4M,00027,-6.979175801936721,2.048
train,pretrain,ts5MKtXNpMQ,00008,0,pretrain,wgPLGS1BvQo,00029,-5.790131842617312,10.496
train,pretrain,UQkIbUvcs7w,00037,0,trainval,aSLSiIskEFU,50020,4.721133235268965,6.144
train,pretrain,STsOdmkH5fI,00025,0,pretrain,fVLJU45SnLY,00004,-6.722378729310989,6.528
train,pretrain,jk0Y3Ss212w,00005,0,pretrain,ZFpbkCSHimY,00003,8.756410303520894,5.696
train,pretrain,cfR6tiSWSAM,00005,0,pretrain,9VXOknUbzBM,00026,-0.1187502099966391,4.352
train,trainval,nO69NjadSec,50009,0,trainval,ShY9QSdaReY,50004,-4.70938717936167,2.176
train,pretrain,JrRRvqgYgT0,00003,0,trainval,PzSw6OsEP9Q,50008,4.478306853754059,5.056
train,pretrain,T4SvurUIYI8,00019,0,pretrain,3NdSVi38RM8,00016,0.8795762358119212,10.688
train,pretrain,2j00U6lUCSc,00013,0,pretrain,St7SxHszKws,00003,3.8708283708564437,4.8
train,pretrain,VNGFep6rncY,00008,0,pretrain,EiTrl0W1QrM,00004,3.482217596039508,16.96
train,trainval,N37x4GgDVBM,50015,0,pretrain,LTtTfCwkIW0,00028,-7.748453047711925,3.968
train,pretrain,3nsPcBJAdxI,00008,0,trainval,J6tgYBMXR6s,50011,-8.667245393665379,3.712
train,pretrain,n3qA8DNc2Ss,00043,0,pretrain,4SY6Te9Y1ME,00008,-6.423747303774643,5.056
train,trainval,Ligs82S0qN8,50010,0,pretrain,qGSYmIPFO68,00004,-8.380654326438384,3.2
train,pretrain,zbHe4RpgV80,00023,0,pretrain,Zwwanld4T1w,00021,3.578405729866871,23.296
train,pretrain,ww4kNxYE0c4,00034,0,trainval,Zf0zAiS8CtY,50003,-7.3987732877572565,2.496
train,pretrain,vpTHi7O66pI,00029,0,pretrain,F4RMDoGCCK0,00010,-7.155071712589369,4.096
train,pretrain,lhP52caGW6s,00010,0,pretrain,IWjzT2l5C34,00021,0.37072797205990504,10.24
train,pretrain,1SS2wOnkcSk,00013,0,pretrain,M1o3FS0awtk,00025,-2.574471558125156,12.672
train,pretrain,4XESlSz0TLM,00014,0,pretrain,OAEodzGMavY,00013,-7.286448488107354,5.376
train,trainval,S74wSYuesOI,50005,0,pretrain,gh5VhaicC6g,00002,8.108351274675055,3.84
train,pretrain,aOW7JZaqKGA,00044,0,pretrain,a7B39MLVeIc,00015,3.4163991334382544,10.368
train,pretrain,UfM7tSoqNDw,00019,0,pretrain,S4XXhSwYASk,00032,0.7598616725289418,6.72
train,trainval,JCI9FBP0Abg,50002,0,pretrain,aTgPJQ9Dy7Q,00019,1.3452120772031115,3.52
train,pretrain,u1SdYypojbE,00035,0,pretrain,NIjjaFCADSE,00013,-4.689989948230813,6.72
train,trainval,ATISgVUKetI,50006,0,pretrain,UQkIbUvcs7w,00020,7.892271356472278,2.816
train,pretrain,aOW7JZaqKGA,00016,0,pretrain,pgmiPXAwiLg,00028,-1.5653447945037797,3.52
train,pretrain,py1RrSdVt5A,00003,0,pretrain,A27QjpQSIeo,00012,0.07653570795104692,4.48
train,pretrain,txJGm6zhiBA,00015,0,pretrain,fBLErez9ljw,00022,4.463012808017961,9.92
train,pretrain,m048uAa8L3k,00020,0,pretrain,Uvli7NBUfY4,00006,-6.4102684487238974,2.88
train,pretrain,dghBrSBC34Y,00010,0,pretrain,DGvPfD1Dd1U,00023,1.0302300736965293,9.216
train,pretrain,x8jdxSlf2Dw,00017,0,pretrain,kcwBHSUevxo,00001,-7.090916491174319,7.68
train,pretrain,HirySSCYiwI,00010,0,pretrain,7Oe11XnBvA8,00039,2.9782984897603253,2.88
train,pretrain,syqScVtnKuU,00057,0,pretrain,SryJK294Psw,00030,-5.162093519888726,9.088
train,pretrain,apbSsILLh28,00061,0,pretrain,Melo1Bgporw,00017,-8.321178319206401,2.688
train,pretrain,qvEU36woPB8,00014,0,pretrain,zuLOT6GsAxw,00005,5.4974470848849855,15.616
train,pretrain,HYGvts8hre8,00018,0,pretrain,BXlnrFpCu0c,00028,3.730417752162708,4.224
train,pretrain,7SfQLQ7eyA8,00038,0,pretrain,Cqj0sgrNL10,00021,2.6949782682204173,3.776
train,pretrain,ht1zFl7HyO8,00002,0,pretrain,y2yka9lyvMA,00030,-5.596318799044591,3.84
train,pretrain,Kqm9AEvJgxU,00002,0,trainval,druJDI6hiiY,50001,9.374973302300155,6.08
train,trainval,4GKTEDqbQIw,50031,0,pretrain,86xSuStz0MA,00030,-8.559788190025214,2.048
train,pretrain,m048uAa8L3k,00017,0,pretrain,6StqiaPoS2U,00002,8.94879411614308,6.976
train,pretrain,iF5SaDJOr6U,00010,0,pretrain,u1K6hnm09xs,00011,-1.1656845669220317,7.808
train,pretrain,OibJT7GSwyo,00025,0,trainval,cWcVPpxezE0,50011,-3.0432956863768617,4.544
train,trainval,SeJwaOCYWwM,50008,0,pretrain,fSf5wNwS2c0,00017,-4.806091648452786,3.904
train,pretrain,nLeeTVmVrtA,00008,0,pretrain,UiCJhSuLdok,00027,4.222602846710464,11.008
train,trainval,Bp2FvktSTRM,50004,0,pretrain,vSjlCJaEwZE,00029,7.684280743964528,2.176
train,trainval,SvBggxCNNno,50002,0,trainval,0ygtX2nyexo,50037,6.150420947766516,5.056
train,pretrain,ZBrbHy7l3tg,00024,0,pretrain,MLvwTlbj1Y8,00045,4.153753588475627,5.76
train,pretrain,mk3KSVrveSE,00014,0,pretrain,Mjoxh4c2Dj0,00032,-6.449631344872795,4.8
train,trainval,6XS8TA4RBog,50004,0,trainval,kFX2LrNE3VI,50002,8.736468757144124,2.368
train,pretrain,askcLEVCTko,00050,0,pretrain,gJv1WdMUz0w,00006,0.10811105267885246,5.12
train,pretrain,8qqLMFBGvWI,00014,0,pretrain,UTwRlz13NYI,00004,5.797773715478076,3.648
train,trainval,06M8qY7Q74Y,50004,0,pretrain,A9qqR8NVbtM,00011,8.408217008577548,2.048
train,pretrain,9YGZkgkj3fM,00017,0,pretrain,7HD3lrb6VtM,00010,-9.286504041005204,7.36
train,pretrain,N4wFyRGilp4,00038,0,pretrain,SQB9zNWw9MA,00011,6.200812445611152,8.896
train,trainval,aIFFFGf1ZRE,50021,0,trainval,1rTEOU67zCo,50012,-9.601114801400817,5.056
train,pretrain,WNTk29zXl4A,00025,0,pretrain,XiEQmcZi8cM,00011,6.891593751393064,10.304
train,pretrain,ROXUPr8Wqds,00004,0,pretrain,on3KttMgbZE,00030,0.5467839972661501,3.392
train,pretrain,SXYwKxdxfF8,00022,0,trainval,FdHJw0veVNY,50007,3.634194463301771,3.968
train,pretrain,xlggecnjOY0,00028,0,pretrain,ZbYDSIe5jsI,00008,-3.1931398026283215,8.512
train,trainval,cK74vhqzeeQ,50005,0,pretrain,gLDQr9i7LkM,00027,-4.737390433946633,4.416
train,pretrain,uH0aihGWB8U,00007,0,pretrain,SSZG5aPkZyM,00007,-4.291071264463399,6.784
train,pretrain,dySwrhMQdX4,00013,0,pretrain,6k8YBJ5sgko,00022,0.9905682107369103,4.544
train,trainval,sucza6EOIf0,50023,0,pretrain,Qa2HpQI1Ufg,00006,-4.783251971325879,6.08
train,pretrain,U2dHczVSCdo,00038,0,pretrain,7PwvGfs6Pok,00024,-5.455082169780394,6.208
train,pretrain,LSdPxGLesE4,00040,0,pretrain,LPwWYFOFTGU,00012,1.7803208080280228,3.84
train,pretrain,wEM9c7RoVms,00027,0,pretrain,dE1DuBesGYM,00071,1.3036822396185386,7.872
train,pretrain,0SW0HFy9Et4,00023,0,pretrain,HSmKRshF1SA,00017,-1.9036876359884864,3.776
train,pretrain,ldhppc7GmZg,00006,0,pretrain,Y350oOiunf4,00033,1.8052639121073693,3.968
train,trainval,wznroZvpVHU,50005,0,pretrain,TBIL2sdfoVc,00024,5.784637342248967,2.112
train,pretrain,FdHJw0veVNY,00005,0,pretrain,iAZwvTV3CyQ,00032,-5.3845857738927165,11.52
train,trainval,aeiSXpmMQys,50014,0,pretrain,5nys6iebjHw,00047,8.622313070432632,2.304
train,trainval,i0QKBKWnkxg,50004,0,pretrain,IWjzT2l5C34,00007,5.658760829024542,2.56
train,pretrain,tRqVPRwKn2o,00009,0,pretrain,hxPiz2sE0h4,00016,-8.607356002411146,7.616
train,pretrain,oDdcx5luv5s,00006,0,trainval,3NQZOXtc9uo,50012,4.478625684241873,2.176
train,pretrain,7JVTirBEfho,00018,0,pretrain,tXlNvlzd9M8,00024,1.630250925643427,3.456
train,pretrain,y62pJTJkfbg,00028,0,pretrain,sBsuIAscshE,00010,8.463128702819663,3.52
train,pretrain,DwYQHj7Hmik,00006,0,pretrain,WMAunz9LqZU,00001,8.644818089758846,3.84
train,pretrain,wsIrdxDJpSQ,00016,0,pretrain,0YeVt2kpSSo,00027,8.252254258798043,6.08
train,pretrain,H03o2WCBoDU,00006,0,pretrain,WtLMST8TyeY,00011,4.844445516884207,6.656
train,pretrain,1COwySxiwSg,00001,0,pretrain,qJ7A74Vx7YE,00011,8.338530588633994,4.352
train,pretrain,lYdk1NK9Sr0,00039,0,pretrain,5aLiFw8CSEA,00032,-5.745383389695289,3.328
train,pretrain,ASQpKiUSNHo,00047,0,trainval,wsIrdxDJpSQ,50003,-0.09607479990166112,6.144
train,trainval,X2et2KO8gcY,50001,0,pretrain,5w5BhwLzoqg,00033,6.081125692061853,6.144
train,trainval,yldVmMfMyIg,50013,0,trainval,AR6RiSHN7S0,50007,-1.4610340494522749,3.84
train,pretrain,jKl0tb3VmfQ,00011,0,pretrain,4ZgwzSm7sRs,00066,-0.37156455336278604,3.2
train,pretrain,AfnruW7yERA,00027,0,pretrain,55n9pHSA0O8,00004,-3.186241904066101,5.888
train,pretrain,gaY4m00wXpw,00043,0,pretrain,SJyE40koQyA,00033,2.791032989863215,8.32
train,trainval,hHOX3dlhhZ0,50002,0,trainval,IDSSieLCmS4,50013,-1.5260551337687112,2.048
train,trainval,h0C2LPXaEW4,50018,0,pretrain,Zx8uYIfUvh4,00016,-1.3369661912298785,5.696
train,pretrain,Jv2GGScsUc8,00001,0,pretrain,gDMOcSWCTW0,00008,6.926677003132763,7.296
train,pretrain,FjibavNwOUI,00001,0,pretrain,11Mq9ZuxZMc,00003,8.897498051750933,5.568
train,pretrain,DLccHLwdS6Q,00007,0,pretrain,PxQcnxSbivQ,00001,-6.645077841354176,6.464
train,trainval,jSSqQDPGW2k,50009,0,pretrain,30KJRb4MzSg,00007,2.2228255223293623,2.112
train,pretrain,2PNumSv80R4,00004,0,pretrain,aSLSiIskEFU,00055,8.188454596079186,5.76
train,pretrain,OmMv9tShW8k,00029,0,pretrain,pkZtRzc9rFQ,00002,8.121755042159808,4.096
train,pretrain,Ydj28CDrHV4,00015,0,trainval,KoXdjyJyxbE,50011,-2.0609519908826623,4.16
train,pretrain,SpUtz75lNaw,00008,0,pretrain,O8e8TtfzSpY,00015,1.1653957517059368,11.648
train,pretrain,iCvmsMzlF7o,00017,0,pretrain,JCI9FBP0Abg,00017,2.05108068642409,15.936
train,pretrain,YyBk55G7Keo,00023,0,pretrain,B0YSGU3JqiQ,00009,2.690368739683027,3.328
train,pretrain,LyOgVtNtEb4,00017,0,pretrain,Xv2gHiX9Bqw,00015,4.438886743588807,8.96
train,pretrain,kSGFq12w5WU,00006,0,pretrain,Hui5YHSD6Go,00005,9.67386989389884,6.784
train,pretrain,WNDWYW4yWEM,00001,0,pretrain,HJouIL6uaoc,00012,7.242328571360307,4.416
train,pretrain,SJ5bDhMP9lQ,00023,0,pretrain,KM4Xe6Dlp0Y,00001,4.206296822977171,10.112
train,pretrain,E3SSSS5SFHQ,00021,0,pretrain,DUd8XAS5HEk,00023,5.708909033068796,5.056
train,trainval,cK74vhqzeeQ,50007,0,pretrain,7DCofMA9eQA,00018,-1.2718592038412364,5.76
train,pretrain,NZspSEdO2Xk,00041,0,pretrain,4a6ZRstYlgw,00039,-9.585705097180067,5.568
train,pretrain,xbagFzcyNiM,00010,0,pretrain,X1DlJpPqDFo,00018,4.800768320945277,7.04
train,pretrain,hxJ8LELZCjo,00012,0,pretrain,zeSVMG4GkeQ,00002,2.8248388122936863,4.032
train,pretrain,mZqL7MC8Eys,00018,0,trainval,H6n3iNh4XLI,50041,-0.8285136987544917,2.496
train,pretrain,WjBwhwe5Scc,00009,0,pretrain,ZSRaJIMYSMs,00021,-3.9545792589901296,5.76
train,pretrain,sNV4yIyXXX0,00005,0,pretrain,64fDIZiVSSM,00003,7.177069586512527,3.072
train,pretrain,LFJ9WAHowcg,00030,0,trainval,FjnGdiqk96Y,50004,-1.127992631530148,3.264
train,pretrain,f8nkcRMZKV4,00019,0,pretrain,Nhwq12TKkQQ,00007,9.866527305410877,8.832
train,pretrain,IQDrStvBt9s,00018,0,pretrain,FdXUSZg9pcM,00005,9.9530650845495,4.16
train,trainval,mZqL7MC8Eys,50005,0,pretrain,6qqqVwM6bMM,00007,-6.543977991653902,6.08
train,pretrain,Zq7QPnqLoUk,00058,0,trainval,PENkzh0tWJs,50007,6.999151148778619,5.12
train,pretrain,UtA860ss1eU,00002,0,pretrain,nzUds0TIQMY,00003,2.0537232725463426,5.056
train,pretrain,wyhF7q3Sbpk,00033,0,pretrain,mMasmrJOmEo,00025,3.7715107029017823,4.096
train,trainval,SvZXgApsPCQ,50012,0,pretrain,13rqtiAPISY,00004,3.0680131727466673,2.112
train,pretrain,8pHzROP1DSw,00023,0,pretrain,zLNXIXingyU,00046,-9.326295585401436,16.256
train,pretrain,bzj1BTdfoeI,00026,0,pretrain,aTfwA1TaH3Q,00034,2.2355946587805526,4.096
train,pretrain,NDQ1Mi5I4rg,00035,0,pretrain,q9Ou0cj3fF8,00022,-7.6963588425754725,7.424
train,pretrain,LTtTfCwkIW0,00014,0,pretrain,OEydHbngSz0,00025,-4.094347879920739,4.48
train,pretrain,FXYFLK0KZio,00035,0,pretrain,UJ7QaCFbizo,00005,2.838586217504176,6.08
train,pretrain,WWRXOqYwRkM,00015,0,pretrain,eaelI0u4Sz0,00021,-4.505432216368863,4.16
train,pretrain,o0td5aw1KXA,00053,0,pretrain,nLecuOcB3dA,00003,-6.521368356019332,4.992
train,pretrain,SY78HMlWo6k,00018,0,pretrain,dciTrZxqbHE,00004,2.0598827081107647,7.872
train,pretrain,oiVSHkItqxo,00011,0,pretrain,fWInyaMWBY8,00018,-1.419560841764751,9.472
train,pretrain,jhm5OaXJVMQ,00014,0,trainval,itnoDEL5QjQ,50001,8.917563140249879,6.208
train,trainval,iSpwUpdQdyY,50004,0,pretrain,LLmhQmicusM,00019,-4.530310273115252,5.504
train,pretrain,lqSBVyou38s,00002,0,pretrain,dsCNuBSKBUw,00002,-3.2430855786620665,8.32
train,pretrain,Z41BTeAU7DI,00028,0,trainval,CS9f7Qq4YZc,50001,8.68666383511799,6.08
train,pretrain,pk35J2u8KqY,00025,0,pretrain,WzDygsn0Djs,00039,4.052342120472623,5.376
train,pretrain,vRK7KKQH9Ck,00009,0,pretrain,1gTNgijhKzw,00006,-5.835101113931344,6.656
train,trainval,xNiBDGBw4Zs,50001,0,pretrain,sa0RUmGTCYY,00043,3.5056934579107146,6.08
train,trainval,IRVdiHu1VCc,50021,0,pretrain,imaWSTabxOE,00006,-1.9671816941552471,2.688
train,trainval,q1pKLVX3VSA,50002,0,pretrain,nLtUl2CP8ak,00041,3.4016574294137474,5.76
train,pretrain,SXJ20tt5nPQ,00009,0,pretrain,mbbMLOZjUYI,00029,-8.401914171562197,5.696
train,pretrain,vpTHi7O66pI,00003,0,pretrain,yDpnTrF9N6w,00009,-2.337957894449927,6.208
train,pretrain,mGInCowjJ48,00008,0,pretrain,sucza6EOIf0,00023,-5.587183192295222,12.672
train,pretrain,vcfrsYWFR78,00008,0,trainval,Zf0zAiS8CtY,50002,-7.359276422874819,2.88
train,pretrain,KDBcoRLkut8,00012,0,trainval,AJYRJ92g4GI,50004,-0.9230390427372015,6.144
train,pretrain,HirySSCYiwI,00003,0,trainval,pQcFJSo3jpw,50006,8.276276531322036,3.392
train,pretrain,jNsgQiTS45s,00002,0,pretrain,6EghiYSs2ts,00040,4.125897872717301,20.736
train,trainval,Hc6yiSFtoNo,50014,0,pretrain,Iv3Ud7Shv9g,00021,-7.895098241728384,2.048
train,pretrain,ulLFP8axZVQ,00019,0,pretrain,CGksAjzI0go,00007,7.658062533423752,15.872
train,pretrain,wOsQKjNoHmw,00006,0,pretrain,Vi8k6BG9KVk,00017,0.5064595464404178,14.208
train,pretrain,G8gJJuCdPSA,00021,0,pretrain,BsFxokC02sg,00035,-6.997959981301514,4.032
train,pretrain,cVSg6uQfllk,00002,0,pretrain,uCC3dS7FrkQ,00019,-9.208765896304737,3.712
train,pretrain,vcSn852sv3E,00016,0,pretrain,asSNPOU5U3c,00025,-7.701109889047125,3.072
train,pretrain,bf7BXwVeyWw,00025,0,pretrain,JGVU8n7jjHc,00001,0.1443964745900832,4.672
train,pretrain,nPdUMWGWE28,00001,0,pretrain,OaGEMSRms48,00005,-3.2306104130296998,4.736
train,pretrain,HJqtUUDhaxA,00004,0,pretrain,5FjuSwOaV3Y,00008,-2.785384065620409,4.736
train,trainval,2K6P014XXmQ,50011,0,trainval,lfBpsV1Hwqs,50019,2.0095708867282625,2.304
train,pretrain,QEhT4caTVnY,00002,0,pretrain,2tcEgqTWbxQ,00012,8.314136023940549,5.44
train,pretrain,EEjyPqyFeSs,00006,0,pretrain,KnCqR2yUXoU,00003,8.749410233707696,7.36
train,pretrain,xp0O2vi8DX4,00008,0,pretrain,z9sa2ZAqHl0,00018,0.7464066772831046,5.12
train,trainval,3m6dV7Xo3Vc,50003,0,trainval,qP2W2k3L1Ow,50028,-2.5499131786789313,3.2
train,pretrain,wa7H1A81bdM,00006,0,pretrain,46wWjKTn4Ac,00033,5.861516185447236,10.112
train,pretrain,iOByGJskqks,00014,0,pretrain,2Oe6HUgrRlQ,00039,3.749331404975587,8.448
train,pretrain,QUL0eSQtV8c,00023,0,trainval,twWkGt33XSk,50001,7.868209534804542,6.144
train,trainval,0ZOqbO2jIKg,50004,0,pretrain,jSS03JfgHEA,00037,-7.049042546101914,2.688
train,trainval,z19gIaUmIBU,50004,0,pretrain,lV3trdyDdHE,00024,6.335382456016635,5.952
train,trainval,25onkAGt3Gs,50001,0,pretrain,G8cjIBwP52o,00005,0.26048685363793744,5.696
train,pretrain,gWD6g9CVSsc,00002,0,trainval,y2X7c9TUQJ8,50011,2.2046947342119374,3.776
train,pretrain,8QuAokSXiyg,00018,0,pretrain,Sv36Vt9GmH8,00012,0.702900178459414,3.328
train,pretrain,267BlUBordQ,00015,0,pretrain,sAMahX5hIgU,00005,-4.318752575137199,4.928
train,pretrain,KCr8s57hdzY,00033,0,pretrain,UwtYQFSJSQc,00028,5.9538339460904925,9.088
train,pretrain,gwPoM7lGYHw,00027,0,pretrain,3TXSNu5wTS8,00004,-1.4344128978808417,5.44
train,pretrain,PTUcj45juXg,00009,0,pretrain,c00zfzk4gdg,00045,6.151991558390154,10.368
train,pretrain,GigYWy2UmOY,00008,0,pretrain,BSxI3YxAPW4,00030,1.335441290375341,5.44
train,pretrain,F1U26PLiXjM,00019,0,pretrain,VQRjouwKDlU,00022,4.423557948825913,5.504
train,trainval,MtSE4rglxbY,50032,0,pretrain,VKwFSRsaoY0,00007,6.4074439209205565,5.696
train,pretrain,c8re1U9rCo4,00016,0,pretrain,LPrS7Skx9Y0,00031,-7.301736254894697,4.224
train,pretrain,cAsEeYSQE1U,00002,0,pretrain,mt4oSR9wzrs,00014,-3.826355755545901,5.44
train,pretrain,pbotabqHUys,00010,0,pretrain,LWULB9Aoopc,00005,1.1925856152438126,4.48
train,pretrain,v84pD2g3gSk,00030,0,pretrain,kdqUhTnAgJU,00006,-8.839229503010024,4.416
train,trainval,a2MR5XbJtXU,50009,0,pretrain,bZsn1SDARRs,00023,7.111035196195292,2.048
train,pretrain,56WGgJNBRxQ,00015,0,pretrain,k0GQSJrpVhM,00022,-1.3925434446421914,4.096
train,trainval,cPsP4F1qYCI,50013,0,pretrain,LMrzdkSYnYY,00011,-5.227302313287929,5.44
train,pretrain,xyIQFI865Sw,00026,0,pretrain,tsFKSfItBoE,00016,-0.8612178721284192,8.32
train,pretrain,dWZP8cUEB7Y,00009,0,pretrain,NyQ1wLFj0f8,00007,-8.384662185663005,9.6
train,pretrain,Possj5cXEnM,00001,0,pretrain,0qYTf9evWeY,00039,-6.096277483372892,11.008
train,pretrain,GgBpyNsSSjU,00019,0,pretrain,UIAm1gSVgn0,00024,-9.137679988360691,9.728
train,pretrain,150cqgYh8sQ,00009,0,pretrain,o2WyXD7IaN0,00013,-4.515876327487566,3.968
train,pretrain,VSbjOJzB7LY,00010,0,pretrain,mMDuakmEEV4,00014,-9.067959254496046,5.44
train,pretrain,5pW2b1vwwf4,00048,0,trainval,VbF2KPn3TrU,50012,0.6412036880842784,3.392
train,pretrain,97MWOERYSdE,00029,0,trainval,J6oMG7u9HGE,50009,6.477093352882594,5.12
train,pretrain,n9ZSpccScW0,00006,0,pretrain,sYUjyH8Y0No,00018,-2.7185345901868647,11.776
train,trainval,J6oMG7u9HGE,50059,0,pretrain,dE1DuBesGYM,00070,-7.834186654614506,4.096
train,trainval,Df2JBnql8lc,50005,0,pretrain,YZa4sdIwV04,00007,7.565793929193163,5.248
train,pretrain,B5MkpzMAOZM,00032,0,pretrain,2L1R7OtJhWs,00032,9.086955352516132,8.512
train,pretrain,mKkF6mAlX4k,00031,0,pretrain,u8bsCiq6hvM,00010,-7.8371327293009845,4.288
train,pretrain,uarlIjkHlAs,00009,0,trainval,UwtYQFSJSQc,50005,6.203868454690699,3.136
train,pretrain,AvtStbwMQqs,00024,0,trainval,gBkIyJ7kfSI,50002,-7.063219908681148,2.56
train,pretrain,n3qA8DNc2Ss,00033,0,pretrain,lwcvhh4pLjE,00060,-0.5644304237993616,6.528
train,trainval,AoAbPIbGLUo,50023,0,trainval,cyBeRNOxNBk,50001,9.082091168584721,3.008
train,pretrain,QPC5SP2SFu8,00005,0,trainval,aT6vIq6S1OE,50005,9.882674234983096,3.648
train,pretrain,sa1iS1MqUy4,00024,0,trainval,KI3WJXNhCJ8,50001,6.779682879892405,2.112
train,pretrain,MywGrRvNkWQ,00013,0,pretrain,VpvzrtPtqeE,00012,-3.3303539773562445,6.4
train,pretrain,7p4zw4SqgUw,00020,0,pretrain,7nAU7KXXHEI,00018,-7.578907103854872,4.224
train,trainval,kiDfwUQySEs,50022,0,pretrain,VMwjscSCcf0,00031,1.7024966164816568,3.136
train,pretrain,DOvbl3ZPPV4,00011,0,pretrain,F0ofeD8VKMA,00047,8.013956053767295,11.648
train,pretrain,VfKWd7iXMSo,00011,0,pretrain,mMDuakmEEV4,00032,9.322801239488776,10.816
train,trainval,Nhwq12TKkQQ,50001,0,pretrain,b2LbuqoNGGI,00030,0.9288045064623063,3.968
train,pretrain,xRL2vVAa47I,00007,0,trainval,SyjbDUP1o0g,50003,-2.656594632842073,5.632
train,pretrain,rYwTA5RA9eU,00021,0,pretrain,AhUhpfKeLus,00004,-8.36314205569775,8.512
train,trainval,B0YSGU3JqiQ,50001,0,pretrain,KabSmpUSYVM,00021,7.6758665666873185,6.144
train,pretrain,VObLitSe3K0,00011,0,pretrain,SgKCzdT60Uo,00002,7.0188644638644995,3.776
train,trainval,dcySuzHPCWM,50001,0,pretrain,SC3DVeWT09w,00023,-2.8857146473626845,2.624
train,trainval,JvIbrDR1GSc,50002,0,pretrain,ufp5iGh0agA,00002,3.471521138609596,5.696
train,trainval,6H6wKMYSiEU,50004,0,pretrain,GMc8aSoCE30,00037,4.50220112921258,5.76
train,trainval,LH8MPbFoRjw,50011,0,pretrain,DlGUSNXOdpQ,00009,-0.06017309480210997,4.928
train,pretrain,sBsuIAscshE,00049,0,pretrain,L51h8BBu7b8,00013,7.135821394387513,4.608
train,trainval,7SfRgg9botI,50002,0,pretrain,vPhM8lxibSU,00006,2.5910478332137092,2.048
train,pretrain,uS3UYncNwz4,00012,0,pretrain,q1sk47FLAmg,00007,7.291482773853794,3.904
train,pretrain,0wpCZxiAQzw,00016,0,pretrain,jAGgKE82034,00023,-6.579636521727612,5.888
train,pretrain,IRVdiHu1VCc,00073,0,pretrain,EXo3qA9V3eI,00014,-0.900250618753546,8.896
train,pretrain,8cboEp70nvg,00006,0,pretrain,uKByBgqxOw4,00021,-0.36317317518772363,23.936
train,pretrain,U4Lx5rcii38,00004,0,pretrain,sAMahX5hIgU,00010,5.371833016771134,4.864
train,pretrain,2zvjW9arAZ0,00040,0,pretrain,T7ibjISKSdY,00008,-1.3418131025659346,5.312
train,pretrain,vdDFLzyk94k,00005,0,pretrain,IMjn62naclM,00010,3.506152531118804,6.208
train,pretrain,MDqyOLCFJ3c,00021,0,pretrain,AHfiKav9fcQ,00019,-3.111883849862811,18.176
train,pretrain,zjvsA0v7r0g,00007,0,pretrain,BQOz6OVz1zc,00015,8.602894552063425,5.248
train,pretrain,iq5lXSj6Prg,00002,0,pretrain,jFd96USLjbM,00008,-5.877118168193203,4.928
train,pretrain,MoSmgcxGYYE,00017,0,pretrain,ATISgVUKetI,00004,4.5264946866776405,5.12
train,pretrain,2zvjW9arAZ0,00031,0,pretrain,tH5iEf9oxaI,00021,-4.944316796915009,5.824
train,pretrain,qBHIT9yEPh4,00002,0,pretrain,tAcQfn96yFk,00014,-5.814555422106473,4.288
train,trainval,LSGfqyhleUA,50003,0,pretrain,B9DdIivSGts,00060,-0.3917518575988961,3.84
train,pretrain,0af00UcTOSc,00040,0,pretrain,23Uuehgmd14,00014,4.696540027607501,8.128
train,pretrain,Mgbf3cq7lms,00010,0,pretrain,0SUTgoPUTLQ,00006,2.2568359587756603,4.928
train,pretrain,jzfV2xVsUKc,00003,0,pretrain,aSLSiIskEFU,00051,-0.1955494885719844,5.568
train,pretrain,Ftow7dSpaiY,00018,0,pretrain,YlmZkY1uqXM,00038,1.6751539803860318,6.4
train,pretrain,S2uSeHHzRto,00024,0,pretrain,ZUGOaSux6pU,00001,-7.540111266582203,6.976
train,pretrain,ppZ2WIlRvR8,00003,0,pretrain,2Oe6HUgrRlQ,00005,-9.791626416724872,15.36
train,pretrain,y3jYVe1RGaU,00045,0,pretrain,UQzvNIIMayo,00033,5.827440689118834,5.376
train,pretrain,jVBp2nDmg7E,00025,0,pretrain,V1gxziZwmkc,00016,-9.193489651423084,12.416
train,pretrain,UQkIbUvcs7w,00028,0,pretrain,ueOqYebVhtc,00012,-9.281330885057857,11.392
train,pretrain,9EglK8Mk18o,00015,0,pretrain,70uaS1e9YN0,00025,-1.7248253647041096,4.992
train,pretrain,2cYDyMnL4M8,00019,0,pretrain,pX8zZdLw7cs,00025,-2.2784333420608576,3.776
train,pretrain,UROCz70tlMY,00043,0,pretrain,fSRWTyY2YSM,00015,-6.3733227888186805,2.816
train,pretrain,GbYc9BOU30o,00007,0,pretrain,7LE4MoJS2po,00015,-6.112938068615854,22.464
train,pretrain,SpSGKCr8rq8,00009,0,trainval,S47ZRF02Cyo,50015,9.054766926984438,6.208
train,pretrain,pOWgXxoSTNM,00019,0,pretrain,YyBk55G7Keo,00033,2.2254880199348506,5.312
train,pretrain,KZIGekgoaz4,00024,0,pretrain,uVAaZVz9pDs,00006,-5.093579334767586,4.928
train,pretrain,5w5BhwLzoqg,00032,0,pretrain,xgYtUKFzHf8,00017,8.228122123400862,9.728
train,trainval,yRUCU5FsvTY,50008,0,pretrain,qp0HIF3SfI4,00053,7.309934555658373,4.288
train,trainval,1cJiAS6NSUI,50004,0,pretrain,JiwZQNYlGQI,00030,-0.32119773094233395,4.416
train,pretrain,ut5STVLAFDc,00019,0,pretrain,MbdxeFcQtaU,00007,5.342195706898858,10.88
train,pretrain,HpiZTvlWx2g,00012,0,pretrain,5nwSjRA3kQA,00008,3.9015201210780255,18.88
train,pretrain,Tg35UfOJhe4,00006,0,pretrain,HJqtUUDhaxA,00036,9.061506449952457,4.608
train,pretrain,dsfROmgVN5U,00007,0,pretrain,iunmpgOnpqM,00015,2.5005177520384265,8.896
train,pretrain,o08ykAqLOxk,00027,0,trainval,gjCwsdCssdk,50002,1.6154439327017585,5.952
train,trainval,LS6TWtYWaPA,50011,0,pretrain,8XQ1onjXJK0,00023,5.901401345624599,6.08
train,pretrain,IDqMB6C1uys,00014,0,pretrain,6VWPHKABRQA,00046,-4.268062376247235,5.824
train,pretrain,ppr6UyfBMlA,00005,0,pretrain,ESwp7HN9Zvs,00013,-7.858875279094906,5.568
train,pretrain,kU0ei9ApmsY,00007,0,pretrain,rrkrvAUbU9Y,00021,4.81191916566342,5.248
train,pretrain,nzj7Wg4DAbs,00007,0,trainval,zbHe4RpgV80,50010,-3.5862484319429777,6.144
train,pretrain,X2et2KO8gcY,00024,0,pretrain,Ogce5D2XMZ0,00011,7.176610740404101,8.0
train,trainval,qQSPUXPVlos,50001,0,pretrain,NXfYNdapq3Q,00041,6.784615441777412,2.368
train,pretrain,JSLQxBbQPTY,00017,0,pretrain,g2J6YOiLNr4,00059,5.897081139751876,2.304
train,pretrain,ZhDgwrKSBWQ,00012,0,pretrain,vtjbyBUYYzY,00006,-6.034031521631793,5.952
train,pretrain,OAEodzGMavY,00013,0,pretrain,vwTDeT4v7RM,00011,5.921404984951684,5.184
train,pretrain,4wOxJOPnSUg,00017,0,pretrain,PGsQwAu3PzU,00005,-7.039027081108267,6.528
train,pretrain,4AaSUyfNN4c,00006,0,pretrain,GW02Vo641dU,00001,-8.08799975894608,4.736
train,pretrain,DajRM7VyeZ4,00022,0,pretrain,IMjn62naclM,00008,-3.8864068599807267,5.44
train,pretrain,LPwWYFOFTGU,00007,0,trainval,H6n3iNh4XLI,50014,-3.238201529552591,2.496
train,pretrain,8OnsjVdEuRk,00001,0,pretrain,F8bM8K7WSR8,00010,7.001247447999347,3.776
train,pretrain,0snNB1yS3IE,00045,0,pretrain,0Y8SIzP01lw,00002,5.5806582514674385,3.712
train,pretrain,ogXTSCI7KRU,00032,0,pretrain,oiVSHkItqxo,00004,1.2019111457485323,5.568
train,trainval,GzzHawjP648,50002,0,pretrain,nXOSQeZNjJo,00015,-0.6629131965767048,3.648
train,pretrain,rEgSZNB3qyI,00024,0,pretrain,6tpsSu5O0Ws,00049,2.035543177981946,5.568
train,pretrain,TZkNJFrfdR8,00009,0,pretrain,boSGZ3qSAys,00015,-7.190464685161868,13.376
train,pretrain,odIXWv1m2a8,00016,0,pretrain,OHBaOyaltpU,00003,-2.273193827456126,10.24
train,pretrain,SeEsTtedvBk,00004,0,pretrain,lw3YTbubyjI,00007,-2.9259811017614368,6.336
train,pretrain,oiVSHkItqxo,00016,0,pretrain,quJdL9ggETI,00005,2.7700293769199025,7.04
train,pretrain,6Co3dn0nSTk,00014,0,trainval,oPpE0AGqFuk,50003,-3.218678162004494,3.136
train,pretrain,pzN4WGPC4kc,00005,0,pretrain,6gSwRHScq6M,00006,4.814743021896522,6.144
train,pretrain,L8YJtvHGeUU,00001,0,pretrain,U9BzgnX3z6Q,00003,0.07877164898507516,4.736
train,pretrain,CiLnSGrcuEs,00009,0,pretrain,h1Yg1rURKR0,00023,0.043997868809587004,6.976
train,pretrain,4c1lqFXHvqI,00008,0,pretrain,w2mJMS09Qjk,00001,8.998708496512645,6.08
train,pretrain,KJ3lcCa0G4Y,00009,0,trainval,DWZsOe1j2w0,50007,8.544815647074046,6.016
train,trainval,HALd9FY5SVQ,50013,0,pretrain,LWULB9Aoopc,00012,5.682833993810039,2.048
train,pretrain,aqVSMjKliW0,00002,0,pretrain,UUqr4P7P3gM,00008,6.088620195445856,7.808
train,pretrain,th3nnEpITz0,00019,0,pretrain,BDOSUiEh0eY,00019,9.931167229145665,2.56
train,pretrain,3z1cCT2NP4k,00015,0,pretrain,K7TEslQCwTY,00004,5.656422472466755,5.12
train,pretrain,rSfHY43qLWs,00007,0,trainval,J6oMG7u9HGE,50017,-0.27344486588272865,2.56
train,pretrain,8lEUvISNgEE,00004,0,pretrain,y3jYVe1RGaU,00050,3.8577187860271334,11.712
train,pretrain,6Af5tJzSR2w,00013,0,pretrain,a2MR5XbJtXU,00028,6.063590347971612,6.08
train,pretrain,nHU9aLPyxf0,00001,0,pretrain,NRcPXtqdKjE,00056,-8.48746756923364,4.672
train,pretrain,ShY9QSdaReY,00029,0,trainval,2wu28tI9VkM,50002,-1.2768111364141905,5.44
train,pretrain,ljqra3BcqWM,00005,0,trainval,I9tB6Q5bmcQ,50001,-2.9699464662808417,3.328
train,pretrain,jyYjI7zQlaA,00017,0,pretrain,h1Yg1rURKR0,00002,7.0978811954339065,7.168
train,pretrain,jEMfAJMw51A,00003,0,pretrain,U4Lx5rcii38,00033,-1.4141159841217803,19.392
train,pretrain,n8eyF4UWG38,00031,0,pretrain,6VWPHKABRQA,00012,8.37320619663225,6.848
train,pretrain,inxIM1aGvZY,00015,0,pretrain,KPN8LHVeFYA,00006,-6.708001004886965,7.36
train,pretrain,GwRzjFQaSOg,00003,0,pretrain,c00zfzk4gdg,00026,-6.992139108423235,11.712
train,pretrain,CLSSiaFuLo4,00050,0,pretrain,PENkzh0tWJs,00011,0.4143501543656356,4.608
train,pretrain,rRxdxIbSQbY,00017,0,trainval,mkdSXHXhCcw,50033,-0.43552429795213676,6.144
train,pretrain,gypAjPp6eps,00010,0,pretrain,KTvSfeCRxe8,00046,-6.04335800966213,4.928
train,pretrain,Yz1sNBv7oAo,00012,0,trainval,tkIgSSxPzTA,50002,-7.756504257135903,2.048
train,pretrain,aT6vIq6S1OE,00019,0,pretrain,apbSsILLh28,00057,5.40364449810782,11.008
train,pretrain,ufp5iGh0agA,00036,0,pretrain,nq0SzGzSc8g,00018,-1.330345583687329,6.848
train,pretrain,lDq9SQxvsNU,00007,0,pretrain,bCGlWQnzDVE,00019,7.570643655126947,5.248
train,pretrain,KaiwGb0csas,00003,0,pretrain,OAK1UIbSFio,00060,-8.66666707272655,4.864
train,pretrain,jPyR3UDhOm4,00042,0,pretrain,imaWSTabxOE,00003,5.409953789390769,3.52
train,pretrain,d6eMdixkoRI,00025,0,pretrain,0ygtX2nyexo,00035,-8.838861643016871,7.552
train,pretrain,7E9a24Nw6Cg,00019,0,pretrain,0Amg53UuRqE,00006,-7.012676042898867,3.648
train,pretrain,uXlSmKZ7aSc,00034,0,pretrain,59SRn1SkWAA,00056,1.8951909130042637,7.168
train,pretrain,DjcZrtcBZi4,00003,0,trainval,mjUsobGWhs8,50001,-5.894553314735306,2.688
train,pretrain,iNOE0dZpHcY,00036,0,pretrain,dE1DuBesGYM,00067,-8.668676194045048,7.232
train,pretrain,HAKea48B3oM,00031,0,pretrain,A3Vpjwye9Mw,00004,-6.400292186976557,4.928
train,trainval,lwVYaY39YbQ,50002,0,pretrain,1gTNgijhKzw,00027,8.947429831136947,3.008
train,pretrain,hxJ8LELZCjo,00022,0,pretrain,jFG7jqJXbno,00023,-3.113971107451288,9.408
train,trainval,bxkslfQc0EA,50005,0,pretrain,USnf5kbsMlg,00004,-7.01873012328914,3.2
train,pretrain,akOe5SUsQ2o,00016,0,pretrain,EEjyPqyFeSs,00004,3.5461055541870756,7.808
train,trainval,zvvZEIGNLo0,50003,0,pretrain,a0x0r7aPI2M,00028,2.2290908348117373,2.752
train,pretrain,PRsopS7yTG8,00011,0,trainval,jsZDlBU36n0,50005,-2.258588449120875,2.176
train,pretrain,UQniNhS6LOY,00042,0,pretrain,xgsnrg8wfbQ,00002,-5.47953280730527,8.128
train,pretrain,rGaj2VImQec,00019,0,pretrain,tTvIEUGCigk,00021,4.005761781786358,4.288
train,trainval,y8qc8Aa3weE,50005,0,pretrain,9VOHt1oULJ0,00016,-1.94096374070347,2.24
train,pretrain,tpODOkfrwyQ,00006,0,pretrain,oghkCpRYVjU,00002,-7.003435371820766,10.816
train,pretrain,0hzSUUdTDUA,00020,0,pretrain,PYjWLqEScfE,00015,-0.49736222161063814,4.8
train,trainval,TPA0qoemShQ,50014,0,pretrain,I9telSZCswM,00003,-8.574819165704096,6.208
train,pretrain,0bop3D7SdDM,00024,0,pretrain,ok54sSWquT4,00035,3.399074114613658,4.48
train,trainval,1SS2wOnkcSk,50003,0,pretrain,cXbXNV9SZAg,00004,-4.666137502655325,4.48
train,pretrain,C9mareySEAM,00025,0,pretrain,p2MEGk5q1WI,00014,5.15538838346869,3.968
train,pretrain,lVQ3KUTHDe0,00002,0,pretrain,DBoShCrKfLQ,00002,5.253187945520494,15.36
train,pretrain,5K57kcs15DY,00002,0,pretrain,VFaQtPw3Va4,00028,0.0640442154706733,13.568
train,pretrain,hFgPtuzgw4o,00060,0,pretrain,drv3BP0Fdi8,00035,4.315771559833886,11.712
train,pretrain,QJ28IC63hlI,00022,0,pretrain,ouXGIw7gBmk,00011,4.929889487944481,8.32
train,pretrain,9AgCr2tTvng,00008,0,pretrain,jn0Ygp7pMbA,00021,1.367786779857159,3.584
train,pretrain,HpAaSOgpi50,00010,0,pretrain,2VWSSFSUeQI,00001,1.302614559513815,12.928
train,trainval,EBebWBjpWIQ,50003,0,pretrain,NdKEy6vcCMw,00059,1.0755346061080377,3.328
train,pretrain,SgOTaXhbqPQ,00010,0,pretrain,t6eFzt6kFGE,00011,-7.823286890671595,7.616
train,pretrain,6xsvGYIxJok,00010,0,pretrain,oQql5kbCDEg,00013,-0.07778303886618865,5.056
train,trainval,KTvSfeCRxe8,50030,0,pretrain,fbeFn1Xcqo4,00002,-1.5962334039195518,3.008
train,pretrain,LBvHI1awWaI,00005,0,pretrain,x8QxdldkPNM,00016,-1.7464578122559455,6.592
train,pretrain,WjBwhwe5Scc,00012,0,pretrain,WKlIytaSlu4,00006,9.61533653975578,3.712
train,pretrain,4oFGmxZ2nqE,00009,0,pretrain,nubSKdtzLcE,00005,6.603921361128499,4.8
train,pretrain,sAINrzTddA0,00005,0,pretrain,fwm3azuoLr4,00009,-4.196931765770611,11.712
train,pretrain,y62pJTJkfbg,00026,0,pretrain,lrZ2DJzbYYo,00015,-6.181350878146404,4.288
train,pretrain,ApGeDdIaxo8,00004,0,pretrain,SGG97dDfZ7E,00002,-3.6309941183843364,4.096
train,pretrain,Td2hfdXQ5x8,00014,0,trainval,weWl6PqAdHY,50001,7.042597967232712,3.2
train,pretrain,S1VpOweDio8,00004,0,pretrain,MtSE4rglxbY,00021,6.425598238631586,6.528
train,pretrain,ZOYoTup1t3A,00012,0,trainval,kLIfeGflNp8,50009,-4.103838667809139,3.648
train,pretrain,d4Dj0qdWLnk,00006,0,pretrain,AFRmGkdXkxA,00018,-5.955669040705256,6.4
train,pretrain,EUYLa7MAlPc,00041,0,pretrain,tAReayFqUEY,00010,-4.792186612481384,5.888
train,pretrain,HoyNrlMNBvw,00011,0,pretrain,KChjQvXjk1g,00017,4.782818943216354,7.68
train,trainval,796LfXwzIUk,50038,0,pretrain,59K6SwHLtcw,00012,-6.589956836366313,3.328
train,pretrain,EEjyPqyFeSs,00033,0,pretrain,3ls2SgSAyvk,00001,-9.133168611226614,6.016
train,pretrain,HJYDwS09coE,00026,0,trainval,cWYcXhMhJF4,50013,4.968950749753038,5.76
train,pretrain,7LPJrzZaoZg,00003,0,pretrain,0qYTf9evWeY,00011,1.9589586324798542,3.328
train,pretrain,BFK2knjj4lQ,00007,0,pretrain,jKM0jlPW8x0,00008,-7.069848071614238,5.12
train,pretrain,Itmu78W9cOI,00015,0,trainval,vSjlCJaEwZE,50006,2.1900607805533596,6.144
train,pretrain,KVjkFqS7Y6A,00036,0,pretrain,wCf62ksaplI,00011,4.410084001202714,5.696
train,pretrain,C0nM8l9qeGY,00004,0,pretrain,HWsehvUkISc,00013,0.32816975291704686,6.336
train,pretrain,4ShLkgv6LSk,00023,0,trainval,sucza6EOIf0,50017,3.3020551504984645,2.112
train,pretrain,j7c9b9A2AHc,00066,0,pretrain,G1Ke6JIZyX4,00012,6.422977106215274,14.976
train,pretrain,OAEodzGMavY,00017,0,pretrain,Pro06WQG77M,00004,7.708131122798573,4.288
train,pretrain,SpSGKCr8rq8,00024,0,pretrain,ROXUPr8Wqds,00018,-0.61550418919877,4.736
train,pretrain,FzApYQDIXlg,00037,0,pretrain,CsqSDpmgsQg,00001,-1.8243043598469892,4.608
train,pretrain,VbF2KPn3TrU,00019,0,pretrain,K6YCcsDQX4w,00002,-3.3369608737978336,11.136
train,pretrain,yRUCU5FsvTY,00037,0,pretrain,QPC5SP2SFu8,00015,-3.6072715456320026,6.336
train,trainval,tBbyP0P7BRg,50008,0,pretrain,fzKxYlHmhmY,00007,8.831539358415753,2.304
train,pretrain,VfKWd7iXMSo,00003,0,pretrain,lwcvhh4pLjE,00004,-7.5762058924968105,12.096
train,trainval,S4rBC2lRmY0,50001,0,pretrain,Cqj0sgrNL10,00017,4.97218262381619,6.016
train,pretrain,JNcLKbJs3xk,00004,0,pretrain,GROCkg810R0,00021,-6.5153679920640055,5.952
train,pretrain,e8JK3qVGuUg,00028,0,pretrain,iSRWMLMBkqk,00025,-1.6028898587823477,4.416
train,trainval,GmSfwNFkNJ8,50001,0,pretrain,34a7UEzZdsA,00033,-7.536257505969015,5.248
train,pretrain,LpNkuaVnlPY,00011,0,pretrain,CK5w3wh4GSM,00008,4.100329606540518,8.896
train,pretrain,SSudEBkC4O0,00006,0,pretrain,CFADnhYKDHg,00018,-8.118974447914297,13.76
train,pretrain,RPjqPHCMJHU,00007,0,trainval,7ZWTG0SeCEg,50033,-8.882615916393169,2.304
train,pretrain,vcxwcWuq7KQ,00007,0,pretrain,x4lASM3zbdU,00003,6.580125881425076,19.072
train,pretrain,ohGMgSLJCjs,00025,0,pretrain,uebxlIrosiM,00008,4.341047660993052,28.736
train,pretrain,SsnWLZvRNZc,00013,0,pretrain,zqLYcJ6Ib3c,00021,2.376108339065464,6.336
train,trainval,HJqtUUDhaxA,50028,0,pretrain,5SOHiN8Ne58,00023,4.498625926119216,5.888
train,pretrain,O9Hfqc3trhw,00010,0,pretrain,tVoE8eSu4bw,00004,-3.1620330322352075,6.976
train,pretrain,dwU8eavPInw,00031,0,pretrain,gyPoqFcvt9w,00059,-0.27846275648743024,5.056
train,pretrain,qp0HIF3SfI4,00035,0,pretrain,WNDWYW4yWEM,00004,3.4433009752613053,13.056
train,pretrain,QJ28IC63hlI,00022,0,pretrain,aySy3tSYGYw,00009,1.0691276655476223,3.84
train,trainval,fnS9f5x0f1Q,50015,0,pretrain,5nwSjRA3kQA,00001,4.995193619988573,2.432
train,pretrain,JDDGhGiaAZU,00038,0,pretrain,UN8S8qSKmdE,00019,8.015247184625395,4.16
train,pretrain,TDCYJ3Sgx2w,00021,0,pretrain,OAK1UIbSFio,00047,-7.215405422605661,9.28
train,pretrain,3BgPFIKCaOQ,00001,0,pretrain,ESNiCniw0JE,00014,-0.11644767459963568,7.808
train,pretrain,jNsgQiTS45s,00012,0,pretrain,rFAdlU2ETjU,00001,-4.912571192406256,2.496
train,trainval,LETgWDSSzSI,50015,0,trainval,dkLcwHmnPV4,50004,2.3998652369806486,3.712
train,trainval,9qd36SQPxSY,50002,0,trainval,qG6SnAIinj0,50017,9.84508831771246,4.096
train,pretrain,4ShLkgv6LSk,00019,0,pretrain,4wOxJOPnSUg,00015,-7.942820710496239,3.968
train,pretrain,nncYSMA1Iu8,00004,0,pretrain,dE1DuBesGYM,00016,9.4600063138041,2.688
train,pretrain,AR6RiSHN7S0,00035,0,pretrain,c8re1U9rCo4,00006,-7.311359943395015,9.216
train,pretrain,53P0aypkpXY,00007,0,pretrain,NhmybGS7FLA,00002,1.267004726685272,14.528
train,pretrain,IzPcu0SETTU,00014,0,pretrain,YbtrDM1aJF0,00003,2.7203329691777434,6.72
train,pretrain,gPEECGFJFb8,00004,0,pretrain,k4vzhweOefs,00055,1.914303650044193,9.664
train,pretrain,qqNLSZ6SSSc,00006,0,pretrain,9YR8jNtV4BE,00062,-1.5526418542847118,13.952
train,pretrain,KCL8NjN7FMQ,00035,0,trainval,q06YIWCR2Js,50008,9.49550728498004,2.56
train,pretrain,qbeLy3Dkay4,00013,0,pretrain,A9qqR8NVbtM,00005,0.2252051100475576,3.968
train,pretrain,JaFSfq2Zn7I,00060,0,pretrain,8woKcr7uSYQ,00008,-0.5920613796138152,4.48
train,pretrain,8sQ2p89P0Us,00028,0,pretrain,bZsn1SDARRs,00005,4.879247609902757,6.208
train,pretrain,Lp5Ccer5NM8,00021,0,pretrain,HHwXlcHcTHc,00022,-9.171681829291146,4.864
train,pretrain,u9Lu85L111Y,00039,0,trainval,YraU52j3y8s,50018,6.90656847350666,2.368
train,pretrain,4uAAegPkCKo,00003,0,pretrain,XLi6iYnnsGc,00017,0.45626248300970573,7.936
train,pretrain,n3qA8DNc2Ss,00016,0,pretrain,cF2dhWWUyQ4,00015,-5.859177488521407,20.8
train,pretrain,EiqqvJgSG7o,00001,0,pretrain,cQvDUTOOkiI,00026,-7.127711057404955,12.992
train,pretrain,pysNMB033co,00018,0,pretrain,RvpXNXXP5Vc,00015,-8.688853251003172,9.28
train,trainval,HFqLoHyCTRc,50014,0,pretrain,lqSBVyou38s,00016,2.325921925373038,2.56
train,pretrain,URSuWwvpn5c,00004,0,pretrain,tH5iEf9oxaI,00031,6.378628357065232,6.592
train,pretrain,jqWHy6B0ADA,00011,0,trainval,0UmUgaJwEr0,50016,-1.3107549496869968,3.392
train,pretrain,TKOKD69jUA0,00010,0,pretrain,38OUCtzkT4Q,00002,8.100785823837725,8.0
train,pretrain,WoSHlZ54b6Y,00009,0,pretrain,zLNXIXingyU,00064,8.052262844029102,6.464
train,pretrain,PDefVd8DRxM,00016,0,pretrain,GDnYDLERnRE,00032,-1.51671966053976,16.448
train,pretrain,H2rG4Dg6xyI,00043,0,pretrain,YO0lbdhF30g,00006,4.266965387731588,3.52
train,pretrain,GOZOhpxSAFI,00018,0,pretrain,XZiNVGA78kA,00006,3.9577940936803273,14.912
train,pretrain,fDV4fDWUo6U,00016,0,pretrain,cXQrbxD9SNg,00021,2.220179665427901,14.4
train,pretrain,XgRlrBlS7Yg,00021,0,trainval,7s0CpRfyYp8,50003,6.55919322053397,2.048
train,trainval,SU1foLW8h54,50026,0,pretrain,66Smr600NjU,00007,6.216576539139535,3.392
train,pretrain,LgBjU8ovWh0,00031,0,pretrain,CKEGaSJi3bk,00009,7.608165981060605,12.288
train,pretrain,fLJsdqxnZb0,00015,0,pretrain,nz0cAjXVepg,00003,3.7654861129200228,8.256
train,pretrain,apiScBmE6rA,00019,0,trainval,31iuh9pfFwg,50006,-1.8599258585029528,3.52
train,pretrain,7nAU7KXXHEI,00015,0,trainval,6vLrreR6YOE,50014,-4.906679561627881,2.56
train,pretrain,MS4x6G0zzeg,00025,0,pretrain,2TDLN61HKKc,00030,-4.8816423225254795,16.128
train,pretrain,uVAaZVz9pDs,00022,0,pretrain,KSWL5iqvPlY,00013,-0.47407320687602805,3.008
train,pretrain,KaiwGb0csas,00027,0,pretrain,5duz42kHqPs,00010,4.289150875640518,12.8
train,pretrain,s32OdFz9ttk,00008,0,pretrain,K74JqctvM2g,00022,5.386803162662648,9.28
train,pretrain,Wh9O3SciOYs,00024,0,pretrain,C74amJRp730,00041,-0.23625591634677257,5.248
train,pretrain,zG21nyJNBSA,00019,0,pretrain,a5xR4QB1ADw,00023,-6.527571103840463,5.888
train,pretrain,Sf994ANuGIY,00005,0,pretrain,gLgNjywpKsY,00011,0.9490693929813414,15.04
train,pretrain,HIZmSSvXH98,00001,0,pretrain,y62pJTJkfbg,00012,6.316821060809726,7.808
train,pretrain,aR6jLD1USW0,00032,0,pretrain,MoSmgcxGYYE,00016,-9.515452476228521,15.36
train,pretrain,eJb3Z2RmRMo,00004,0,pretrain,rueQgStScw0,00009,-3.895174270454847,3.648
train,pretrain,FgSJcKSHUtQ,00008,0,pretrain,HS8y0WLm78U,00048,2.1038891032975986,4.736
train,trainval,P4pKrxVcvJc,50001,0,pretrain,319sQ9sSlyQ,00014,8.671920380141653,2.56
train,trainval,pMUv6UWkuWw,50003,0,trainval,DoRSyk7lA5Q,50010,-8.766608725422277,4.736
train,pretrain,HDjM5lw8OYo,00017,0,pretrain,dk60sYrU2RU,00035,5.732991953804147,8.448
train,trainval,vzi4AopBEBg,50007,0,pretrain,HAKea48B3oM,00004,2.876181106827646,2.496
train,pretrain,WmJwn4WDeLE,00024,0,pretrain,TBIL2sdfoVc,00028,-8.282307327415877,6.336
train,pretrain,xjxyEwjG2Es,00016,0,pretrain,5pIGDw18mIQ,00004,3.3069745266620654,6.848
train,pretrain,blfVA0aSCBc,00009,0,pretrain,rpOwTspdwkI,00022,-3.115996137012891,4.672
train,pretrain,0FkuRwU8HFc,00011,0,pretrain,FXYFLK0KZio,00011,7.295971000624057,4.224
train,pretrain,gyPoqFcvt9w,00041,0,trainval,joyi6anTSFQ,50002,-0.7877108212983881,3.968
train,pretrain,SfHRcaS6r3w,00001,0,pretrain,QdAG161FeT8,00004,1.439564492879903,14.912
train,pretrain,VLe84OkwKOA,00015,0,pretrain,Y350oOiunf4,00016,-0.02006714596818604,4.8
train,pretrain,x8jdxSlf2Dw,00008,0,pretrain,Sf994ANuGIY,00009,0.21179118240690542,11.2
train,pretrain,zSqYtUeKUl4,00014,0,pretrain,G0jxiJzIiz4,00003,-6.71169959840471,7.808
train,trainval,3WMuzhQXJoY,50001,0,trainval,sucza6EOIf0,50007,-4.716066183358276,3.776
train,pretrain,Sf8j5LFv3nI,00005,0,pretrain,EYgoqiX15Rw,00014,5.19264893378897,6.464
train,pretrain,40riCqvRoMs,00022,0,pretrain,kTqgiF4HmgQ,00001,-9.973636550323926,5.632
train,pretrain,2cU56SWXHFw,00005,0,pretrain,QWN5xhV6v1U,00028,5.5355093908087145,5.504
train,trainval,CHh6hWo1AFE,50009,0,pretrain,85bqT904VWA,00032,5.376060795771714,6.208
train,pretrain,UtA860ss1eU,00019,0,pretrain,KVhWqwnZ1eM,00009,-4.73755108942197,6.08
train,pretrain,KM4Xe6Dlp0Y,00011,0,pretrain,gmSsyvrI2Xw,00003,7.381062070089957,10.688
train,pretrain,7JVTirBEfho,00030,0,pretrain,1OQkdRdfyjI,00018,-5.8888637460182025,7.488
train,pretrain,mkdSXHXhCcw,00059,0,pretrain,CSSBGTJgBGo,00014,4.177149957356644,8.064
train,pretrain,Hc6yiSFtoNo,00024,0,pretrain,gVSyVSIybBM,00005,3.9866007657834786,5.76
train,pretrain,FjibavNwOUI,00007,0,pretrain,9SGSSQssNj4,00026,-3.2599183873631272,6.08
train,pretrain,ZCRC5S0kfiw,00018,0,pretrain,Ftnb2fpJ664,00002,0.7875652893073841,4.16
train,pretrain,W8OiVZrAj4c,00034,0,pretrain,W4LYn4mIP18,00016,-6.360957285321163,3.84
train,pretrain,jMBdQW2LLxw,00009,0,pretrain,3nsoNSLS8RQ,00027,7.5926108457525,15.872
train,trainval,6EghiYSs2ts,50005,0,pretrain,WWRXOqYwRkM,00001,1.0194859870586388,2.752
train,pretrain,5tUnSuoYKoE,00008,0,pretrain,V1ItvwxBENg,00031,-6.3180611241196205,6.144
train,pretrain,8olL43PKJKw,00023,0,trainval,wznroZvpVHU,50005,-2.6473202183871436,2.112
train,pretrain,gMNlRovT5x4,00004,0,pretrain,g985z9Wq5gk,00010,9.212974611547374,14.4
train,pretrain,6liIKYeUzaY,00009,0,pretrain,p9HPUiEdEj0,00002,-5.317999996904932,3.328
train,pretrain,j8T3bdqTdp4,00014,0,pretrain,iPrDiPDTzYk,00001,7.6067446345424194,8.768
train,pretrain,8u9Wvz1edxI,00004,0,pretrain,7s2CoqypMLg,00011,3.2597141340364537,6.72
train,trainval,sLo97Bu8Fo0,50002,0,pretrain,LCuAu67OCDk,00002,-5.555139589596713,2.24
train,pretrain,5CSDIcUsIJk,00034,0,pretrain,LTtTfCwkIW0,00025,-7.990438889931246,3.136
train,pretrain,b98IwSAeGQg,00005,0,pretrain,kYXiegTXsEs,00007,0.2509116565690732,7.68
train,pretrain,TWPahtyJDsI,00043,0,pretrain,IYDqtxvKDW4,00001,-9.816120552781422,3.264
train,pretrain,zLNXIXingyU,00064,0,pretrain,7Z9xCX4ifJo,00036,-6.553536283264448,6.464
train,pretrain,jeb0uZBp39o,00001,0,trainval,Kn5JRgz3W0o,50005,9.608705829049022,5.248
train,pretrain,WbuIl6phdco,00003,0,pretrain,XOU2ubWkoPw,00007,-1.8654284845985067,5.056
train,pretrain,ut5STVLAFDc,00017,0,pretrain,phUUjkSbtiY,00011,-5.725280171807647,17.6
train,pretrain,ddek3gQVt9Y,00010,0,pretrain,MOQcSzkKfbs,00006,-9.73257547509391,14.592
train,pretrain,bXRCVHVstEY,00032,0,pretrain,NMBNZspmn7I,00003,8.432649567579226,12.736
train,pretrain,afev0ZjAhUA,00020,0,pretrain,acikxzM6GaY,00010,8.347178182422759,3.776
train,pretrain,JiwZQNYlGQI,00043,0,pretrain,buhMdC7MO0U,00048,7.850683841263372,5.696
train,pretrain,zYhgy5ouYLM,00019,0,pretrain,b2qM1ISJCEQ,00005,-8.281817771100211,6.72
train,pretrain,BMOjVYgYaG8,00022,0,pretrain,b6rAgHcuYtE,00017,6.97301531681493,3.456
train,pretrain,jk6Y3f2c4SI,00023,0,pretrain,JaQNy0Ef4YY,00004,2.5041816446638716,11.072
train,pretrain,S6pLPVfKFoQ,00053,0,pretrain,yOc9mFvusDg,00004,-8.894310108208543,14.848
train,pretrain,hxJ8LELZCjo,00011,0,trainval,Uq1idqpX9SA,50011,5.9780337150280225,3.712
train,pretrain,zLNXIXingyU,00049,0,pretrain,HEFSHP2XE7E,00017,-8.087926198030013,6.464
train,pretrain,AHfiKav9fcQ,00025,0,trainval,GkRn9Lp16UI,50001,-5.861242556590993,4.672
train,pretrain,h4MhbkWJzKk,00034,0,pretrain,rzu845HV8n8,00008,7.159842727581161,4.48
train,pretrain,vNyZmSg92HI,00030,0,pretrain,IL2lb9fmIV8,00019,-3.673125690466277,6.72
train,trainval,KPzccnstSXg,50010,0,pretrain,jT5rRh9AZf4,00003,8.00222502201797,3.264
train,pretrain,zZJSgrzZNdY,00008,0,pretrain,GSmaUPREKlU,00017,-9.113096323619779,11.2
train,pretrain,ynSrWmoq7Is,00011,0,pretrain,KjKBOo5tFX8,00002,-6.591742116952759,8.64
train,pretrain,BSiNIZ6zZqY,00013,0,pretrain,QlyorcJ28UA,00008,6.899762543970958,9.92
train,trainval,hVsnkRoYfX0,50028,0,pretrain,lyu7v7nWzfo,00001,-0.26494906015234854,2.496
train,pretrain,Qm172DbaSbc,00015,0,pretrain,8t987Lxt1t4,00004,1.648805661772137,5.504
train,trainval,oKtALHe3Y9Q,50011,0,trainval,4sg9TlsMRVA,50010,-1.4410573440649692,3.136
train,pretrain,49aWAHqi200,00006,0,pretrain,fDzj9vRw5yM,00014,3.024901849105092,9.536
train,trainval,cpsRAk5HpK4,50013,0,pretrain,wUKAVcj9NVA,00016,-4.781245231005173,2.304
train,pretrain,iKHTawgyKWQ,00001,0,pretrain,LVFVaWCV1TE,00012,9.455895164532478,4.096
train,pretrain,xYemnKEKx0c,00028,0,pretrain,XzDNfLnUOYY,00008,6.239798070740516,5.696
train,pretrain,6kuCSIemiCs,00010,0,trainval,xbagFzcyNiM,50008,3.022988758362983,4.096
train,pretrain,7tu9nJmr4Xs,00007,0,pretrain,vGzBcBZrOSw,00007,7.746842675702336,19.84
train,trainval,MLKj1puoWCg,50010,0,pretrain,wAdwurHhvSI,00019,-7.885826900478112,4.352
train,pretrain,KnCqR2yUXoU,00021,0,pretrain,uKByBgqxOw4,00014,2.009228153713474,7.296
train,pretrain,VSbjOJzB7LY,00027,0,pretrain,HA7GwKXfJB0,00010,-6.9368375564474665,6.208
train,pretrain,bVV2Zk88beY,00031,0,pretrain,JKsHhXwqDqM,00052,7.951865150777341,7.488
train,pretrain,Cqj0sgrNL10,00062,0,pretrain,X9NFPZGyDPg,00026,-6.208801544664679,13.376
train,pretrain,wAdwurHhvSI,00028,0,pretrain,QPiaadMporw,00009,-3.8301919059719207,4.928
train,pretrain,1InHN8JPazA,00005,0,pretrain,UTwRlz13NYI,00005,0.5906968700727511,8.448
train,pretrain,dTwXeZ4GkzI,00023,0,pretrain,MBZyRlxVdSE,00030,7.486219741343348,20.928
train,pretrain,nU5gOr1cSxU,00007,0,pretrain,O6GimGZz6a8,00008,-7.365883965274646,3.84
train,pretrain,SmsYxDvdcYc,00011,0,trainval,JvIbrDR1GSc,50013,0.4482069392466954,5.44
train,trainval,lwcvhh4pLjE,50002,0,trainval,hiM48jSNZOU,50002,4.173838228230373,2.816
train,trainval,fIqABIcKIvs,50005,0,pretrain,zMAU8SY8pMs,00001,-0.9480497833857413,3.072
train,trainval,cswhOCKQZ7Q,50007,0,pretrain,lw3YTbubyjI,00007,-1.3134854291985416,2.176
train,pretrain,xV7IvRT5Qyw,00016,0,trainval,DqsvwHG9cSM,50008,-8.648743185220733,2.24
train,pretrain,9AgCr2tTvng,00035,0,pretrain,60P7717SXOQ,00021,3.9015816888705714,7.296
train,pretrain,7JQbyvNjM74,00007,0,trainval,zqnZCSVsqPw,50004,-1.5119151149664578,2.56
train,pretrain,5WI6ZqCUNk0,00011,0,pretrain,tVoE8eSu4bw,00021,-9.786454894788218,5.888
train,pretrain,qFOooWq2inA,00017,0,pretrain,hTAXEq6zLo8,00011,-1.8067399697851432,10.496
train,pretrain,A2aBKnr3Ep4,00010,0,pretrain,aMrCYPCsLUk,00016,8.759784875746817,3.968
train,pretrain,9ebJlcZMx3c,00019,0,pretrain,8HplGZBS7FY,00005,-3.54894129629119,3.84
train,pretrain,PzSw6OsEP9Q,00007,0,pretrain,lPtPG2lAmm4,00019,-0.17881237059514632,13.696
train,pretrain,aFBIPOSP7LM,00008,0,pretrain,r92jUj7gNRw,00020,-5.1467424185586115,5.184
train,pretrain,LFJ9WAHowcg,00032,0,pretrain,7ZoOyNTyjQE,00017,-9.006107808792105,4.288
train,pretrain,0lS9NDZ8VZA,00003,0,pretrain,8gSAkUOElsg,00012,5.023262447288243,4.8
train,trainval,SSJu0Jy9oSQ,50001,0,pretrain,gWD6g9CVSsc,00014,1.4835543800484494,3.584
train,pretrain,n8eyF4UWG38,00006,0,pretrain,OaGEMSRms48,00004,5.268092881225925,6.592
train,trainval,Q80MfH7xPPE,50010,0,pretrain,MacRhth2lMM,00010,3.2854418187876107,2.688
train,pretrain,LSdPxGLesE4,00054,0,pretrain,XO1MeSMYSQ0,00030,-8.760975523791982,5.696
train,pretrain,AIfBSkVI6NQ,00004,0,pretrain,H2rG4Dg6xyI,00041,-6.088569973937532,11.584
train,pretrain,t1sYh9itUvs,00016,0,pretrain,OH0dK208MNk,00004,7.75539157640803,4.8
train,pretrain,J6ZzmqDMhi0,00019,0,pretrain,8gSAkUOElsg,00023,-6.89913161694045,14.4
train,pretrain,LSdPxGLesE4,00029,0,trainval,sa0RUmGTCYY,50003,-3.273548761609659,2.368
train,trainval,8qqLMFBGvWI,50006,0,pretrain,mi9B40hZYAo,00020,9.178792893927007,2.496
train,pretrain,6zVS8HIPUng,00017,0,trainval,6bVhrpkp0WU,50020,8.555991335117742,2.176
train,pretrain,rni41c9iq54,00023,0,pretrain,JS8fYhwrYzI,00013,-2.6175176165599385,10.56
train,pretrain,FVSc2FnPnDE,00030,0,trainval,J0WQz9qlgZI,50001,7.16378903159908,3.776
train,pretrain,6StqiaPoS2U,00004,0,pretrain,4ZgwzSm7sRs,00054,6.952244830923998,4.288
train,pretrain,piCQ3StcRUQ,00015,0,pretrain,gyPoqFcvt9w,00066,-2.902996977276022,3.712
train,pretrain,b1bKfLaiSlI,00002,0,pretrain,hfDkDzZ9GsU,00011,4.994043410708201,3.904
train,pretrain,U5kIdtMJGc8,00051,0,trainval,1rTEOU67zCo,50006,8.128411392735465,3.84
train,pretrain,X41iulkRqZU,00040,0,trainval,n706Sqp20Mk,50001,2.8056083356366948,6.016
train,pretrain,L6PW0Nw35X0,00008,0,pretrain,S2HS8IfxzT4,00002,-8.632696699982322,10.624
train,pretrain,okQXrB7ySAw,00004,0,pretrain,pcSlowAhvUk,00006,-4.893590806603772,8.0
train,pretrain,0af00UcTOSc,00001,0,pretrain,X03jYXszD3Q,00003,0.9173272622854771,5.504
train,pretrain,wNokfBHccVI,00041,0,trainval,GpKrM8GQwOg,50003,-3.5172949116768475,5.696
train,trainval,gWPFJgLAzu4,50015,0,trainval,ERSZb2wHFDw,50001,-4.18197941454066,6.144
train,pretrain,ZHOyfyGwpes,00021,0,pretrain,luiz913mWM8,00001,4.530426674872658,19.264
train,pretrain,36m1oStM05g,00013,0,pretrain,BURbLmQL1BE,00030,-3.97594640497039,6.528
train,pretrain,v3oSF94S4FI,00022,0,trainval,6MBaFL7sCb8,50026,3.790726824984695,3.456
train,pretrain,oI7QJytJrco,00002,0,pretrain,bJ8Kq1wucsk,00026,-9.338228138371637,4.416
train,pretrain,snkrS1C2e7U,00027,0,pretrain,6c0VtOdibcI,00005,8.18650150176558,4.608
train,pretrain,b28brIs1OmM,00032,0,pretrain,ddek3gQVt9Y,00036,-8.146348013157995,15.552
train,pretrain,n1ARQsdNvmI,00019,0,pretrain,lDq9SQxvsNU,00026,9.919588742792744,8.0
train,pretrain,qykDS2AXKIU,00022,0,pretrain,zfSmvhtkASE,00014,5.581805010225654,3.52
train,pretrain,ScFWnnQF7A8,00018,0,pretrain,T33vGEPLSwg,00005,9.267818342434502,9.728
train,pretrain,gBGt5OeAQFk,00004,0,pretrain,boSGZ3qSAys,00011,-8.465953922502887,3.84
train,pretrain,CVdPhUPO5YU,00022,0,pretrain,9FCsyK4aRXQ,00032,-1.7042833567006603,8.128
train,pretrain,P3fIZuW9PSM,00007,0,pretrain,c8WMMSPUOj0,00001,9.360959938863843,7.104
train,pretrain,eHzLV1LM4Rs,00001,0,pretrain,4VDYo4k3xKk,00009,-2.789960995388128,8.576
train,pretrain,1yzoCFqKEhI,00018,0,pretrain,sJKFyDbWVqA,00005,-3.9474848246853096,3.648
train,trainval,Lp5Ccer5NM8,50003,0,pretrain,gdg4mUSwuhI,00002,-4.491763327955063,5.952
train,trainval,vo2cse4CoGM,50021,0,trainval,BltRufe5kkI,50007,5.43996060396357,2.496
train,pretrain,S2uSeHHzRto,00024,0,pretrain,SDjLpMj3BDU,00034,8.379670931145654,3.136
train,trainval,SVB39Jo8mAQ,50008,0,pretrain,SwMTKRixZIE,00013,-7.5677934514970735,6.08
train,pretrain,LS6TWtYWaPA,00013,0,pretrain,fW6AndSUByo,00045,9.163083052700138,20.8
train,pretrain,LNohxpJntZo,00023,0,pretrain,X9FFzWUInyA,00008,-1.907533539896285,7.04
train,pretrain,MJKSdMlATmM,00011,0,pretrain,ZJodZcGfTVE,00034,9.00549503495602,5.632
train,pretrain,uRdQS2sjF2s,00015,0,pretrain,iOByGJskqks,00017,9.600892973205323,8.96
train,pretrain,aiDSQyFdd68,00004,0,pretrain,g2J6YOiLNr4,00001,-6.439153603661898,5.376
train,pretrain,1BaBMyMVvnw,00003,0,pretrain,aiIxdFBA0Sw,00036,-2.206237312237609,3.328
train,pretrain,rokPqHc9iD0,00014,0,trainval,B5MkpzMAOZM,50003,-1.42424638406343,2.176
train,pretrain,jMVAgCPYYHY,00003,0,pretrain,oQql5kbCDEg,00006,6.312505281082583,3.904
train,trainval,k3zZVQPaKKQ,50001,0,pretrain,Hc6yiSFtoNo,00048,8.171970726361074,2.24
train,pretrain,X77DUi9PD4Y,00028,0,pretrain,qFza3W87eDg,00004,-0.1535565034907691,6.4
train,pretrain,MB7seqSbMvw,00008,0,pretrain,RhgrbQmYOSY,00010,-9.705749033697085,4.8
train,trainval,SVB39Jo8mAQ,50011,0,pretrain,UMSWdzT6rV8,00020,9.849500616446548,2.048
train,pretrain,kcwBHSUevxo,00004,0,pretrain,ocqn3wYTCRM,00004,4.474281680768481,3.584
train,pretrain,TureGeSxSew,00022,0,pretrain,NMBNZspmn7I,00021,8.467011917459232,3.968
train,pretrain,nPGVm6OesQk,00030,0,pretrain,jE1j5Om7g0U,00015,5.313246106158116,10.048
train,trainval,iSpwUpdQdyY,50008,0,trainval,hsSYuHv0vUk,50003,-8.549345015893664,2.24
train,pretrain,uOrZF8FdtLc,00003,0,pretrain,D5iFVKhLStU,00025,9.203421736286245,2.176
train,pretrain,goSQOzc79Uc,00005,0,pretrain,fYUaWgVF2XA,00011,-2.113400875327862,3.968
train,trainval,NMfXycr7SOU,50002,0,pretrain,u9FSvAVQvGM,00014,4.622418853018393,6.08
train,pretrain,2cYDyMnL4M8,00024,0,pretrain,KTTtn0iSZyA,00024,-2.225762868826264,5.312
train,pretrain,teVE3VGrBhM,00030,0,pretrain,buHSvs7LFzw,00044,-2.4952166421240696,5.696
train,pretrain,RJ0ldeMS9SM,00011,0,pretrain,4rttG3xyHcw,00014,5.5740362887478785,4.096
train,pretrain,SDSjySgNSTk,00019,0,trainval,C8zY0oAdQrs,50003,0.301007502389103,4.608
train,pretrain,SwaBFUgSoT8,00013,0,pretrain,fCKNScHMBGE,00025,-0.8729065417603028,11.776
train,pretrain,GMc8aSoCE30,00012,0,trainval,FzAyOddR5u4,50007,-8.334226554723436,4.608
train,trainval,5YL3LT1ZvOM,50006,0,trainval,QpmsftF2We4,50003,-4.530510399315075,2.112
train,trainval,fBQnQTkhsq4,50001,0,pretrain,y7LXwGfvxwo,00007,9.688532231861917,5.568
train,trainval,5qdZybHSLnI,50013,0,pretrain,AHcTWlxWzpE,00021,-9.181363663629668,4.416
train,pretrain,nz0cAjXVepg,00022,0,pretrain,Mr8nvXvlSy8,00020,-1.7298236809155494,5.696
train,pretrain,VnzBGZA2z3w,00015,0,pretrain,SasMjDCSyR4,00003,0.71401881399742,7.296
train,trainval,sPQViNNOAkw,50006,0,trainval,19Hj93IgbeQ,50001,-9.541393434527878,2.88
train,pretrain,DsSrzoyyfF0,00005,0,pretrain,n4EhJ898rSk,00021,-9.159072441680287,5.44
train,trainval,jdMv5x8SBuM,50004,0,trainval,MSE5Vryrd0I,50005,-4.07211470536891,3.584
train,pretrain,8iZSsHd0IlU,00026,0,pretrain,yhyzTTaMN7E,00005,-6.507077139414667,3.136
train,pretrain,6XS8TA4RBog,00029,0,pretrain,MgnnQ2CN6yY,00014,7.370647746600945,11.2
train,pretrain,2R1lZSN4SSo,00015,0,pretrain,FRKg49ySnNw,00032,8.992288288519564,3.648
train,pretrain,mWfCqsFP05A,00020,0,pretrain,JtSjYnXD83Q,00021,6.813635046532077,11.328
train,pretrain,jFG7jqJXbno,00012,0,pretrain,6H6wKMYSiEU,00005,4.473424943496823,11.136
train,pretrain,USmTQeKRaP4,00028,0,pretrain,doVRMBPUOhA,00005,-6.306517362264201,4.096
train,pretrain,RSl1ramE35s,00022,0,pretrain,2S0aEezKvBE,00011,-1.71941288701802,4.48
train,pretrain,oKtALHe3Y9Q,00042,0,trainval,2cYDyMnL4M8,50002,-5.138852435906287,3.776
train,pretrain,73jPh0eRPSY,00010,0,pretrain,Cd0JH1AreDw,00021,-3.0123284323258215,6.144
train,pretrain,V1xt7zgnuK0,00005,0,trainval,VmP574ikRFs,50020,5.496935247125656,3.136
train,pretrain,IRxgDMSp9Gs,00030,0,trainval,OKNpguWW3Sk,50002,1.3497995222471548,6.208
train,pretrain,8S6S5vZGSSk,00014,0,pretrain,qH66lTtW4Hg,00002,-9.026036281864503,2.816
train,pretrain,bXRCVHVstEY,00015,0,pretrain,1O2l1dcSohA,00014,7.905707103118598,4.8
train,pretrain,kdqUhTnAgJU,00010,0,trainval,aFBIPOSP7LM,50005,4.742073100006914,2.432
train,pretrain,J6ZzmqDMhi0,00022,0,pretrain,u5GCetbP7Fg,00046,-7.306363615604779,12.608
train,pretrain,m7SuKQGPMSw,00011,0,pretrain,JDDGhGiaAZU,00016,0.17515399681166777,4.928
train,trainval,zSbCNWyYams,50002,0,pretrain,HBSQR6xovSw,00031,8.314997102826702,6.208
train,pretrain,RtFFT4zjyTM,00011,0,pretrain,0UmUgaJwEr0,00045,5.004466414561772,14.336
train,pretrain,PcQwHHbjZ0A,00003,0,pretrain,yjtCDgjxRAw,00003,-1.1947291071319732,2.56
train,pretrain,lhP52caGW6s,00009,0,trainval,2MYsx6WArKY,50002,-1.1380089420369455,6.208
train,pretrain,Y2y7BzjbSNo,00027,0,pretrain,Hh09xlzxRmE,00035,-2.8323226044337773,8.64
train,pretrain,oXbhTHaMwTw,00005,0,trainval,HCG1petekXw,50001,-4.352110354610456,2.816
train,trainval,lw3YTbubyjI,50007,0,pretrain,oQql5kbCDEg,00015,0.17590065414139922,4.48
train,trainval,bNpx7gpSqbY,50004,0,pretrain,c00zfzk4gdg,00017,9.632334819562583,3.328
train,pretrain,wgPLGS1BvQo,00003,0,pretrain,lfykytI3A6k,00016,-5.205384148481162,11.456
train,pretrain,3nsPcBJAdxI,00010,0,trainval,1rTEOU67zCo,50012,3.362506802774984,6.08
train,pretrain,z4fsN1DSEVk,00007,0,pretrain,KNXOVpN8Wgg,00024,-4.627787411132136,5.376
train,pretrain,3fM9o72ykww,00006,0,pretrain,gmn7tjSNyAA,00011,-7.2144549094525985,12.096
train,pretrain,yqWJuDBSWm4,00012,0,trainval,DEmjzXi2lfI,50031,-6.734018004370224,3.968
train,pretrain,BltRufe5kkI,00002,0,pretrain,6xtmm0MnaS0,00019,0.49335089138404165,16.32
train,pretrain,exjlR7izakg,00017,0,pretrain,d25l1aPz2kc,00009,4.166663125268437,14.4
train,pretrain,7W8OJgeYy1w,00007,0,pretrain,zbHe4RpgV80,00002,-3.227504340890464,6.208
train,pretrain,vPhM8lxibSU,00032,0,pretrain,jn0Ygp7pMbA,00037,-8.034965991028384,6.08
train,trainval,4sg9TlsMRVA,50001,0,pretrain,ZBWsmoy5Re4,00012,-2.588860741878703,5.376
train,pretrain,y9wzaxSPtIo,00005,0,pretrain,IkJSZGQaeak,00028,6.382713717110715,5.44
train,pretrain,h4GEMYsrJSY,00019,0,pretrain,VcMyX5R4dzs,00001,-9.194654512702439,4.16
train,pretrain,B905LapVP7I,00021,0,pretrain,jvBaRf9LHDs,00016,9.977180873522087,5.376
train,pretrain,wcWD7fERQCc,00007,0,pretrain,upNONoxskiw,00008,5.539289070405998,5.504
train,pretrain,J3pGKt7fESM,00001,0,pretrain,vUP0ytS6ba4,00010,8.999734782448378,5.888
train,pretrain,MbdxeFcQtaU,00008,0,pretrain,UMSWdzT6rV8,00022,-4.543983367544175,13.76
train,pretrain,j3YjeARuilI,00003,0,trainval,IJmr7MsS8fw,50003,-2.073219708112781,3.264
train,pretrain,0x2SkWRB8SA,00027,0,pretrain,L2upTRjXeJM,00013,-1.4720999372477177,5.376
train,pretrain,mp0SQQQgv7s,00006,0,pretrain,SLyoVkOl24E,00016,-8.982777185912889,6.08
train,pretrain,j97WsAz3CDY,00002,0,pretrain,i5p3NC9OwB0,00014,-4.623118477411925,4.288
train,trainval,o0VrZPBskpg,50014,0,pretrain,2zvjW9arAZ0,00013,8.492221744244269,5.76
train,pretrain,Jp9b2Hf7QWg,00013,0,pretrain,fBQnQTkhsq4,00001,-3.095180292714157,9.408
train,pretrain,ZaSFy6RX3aE,00007,0,pretrain,be03wdS5Klc,00018,5.015858760657132,9.856
train,pretrain,2draXqXZmdM,00002,0,pretrain,QekbuidfQKo,00023,3.3988403160470284,8.768
train,pretrain,6bVhrpkp0WU,00010,0,pretrain,4EUAMe2ixCI,00058,-3.535557067921671,6.72
train,pretrain,Mtjatz9rSVc,00004,0,pretrain,Qm172DbaSbc,00031,8.224692748206223,15.68
train,pretrain,J6tgYBMXR6s,00011,0,pretrain,4O2JKS94g3Y,00006,1.9997553586815524,9.728
train,pretrain,85bqT904VWA,00032,0,pretrain,aeVtSWlH1qY,00009,-8.340400441247295,7.36
train,pretrain,GZyjTPEufLk,00023,0,pretrain,CHxhjDPKfbY,00004,5.9553612540921534,12.672
train,pretrain,fWqKalpYgLo,00010,0,pretrain,XS3m37czBfk,00011,-7.527365443905318,6.336
train,pretrain,E6ynZcLdi2Q,00003,0,pretrain,0ygtX2nyexo,00035,-6.227857449975098,7.552
train,pretrain,nOHbn8Q1fBM,00050,0,pretrain,U7fFCaHZvVk,00015,0.6401582524647935,7.68
train,pretrain,NwmGTM5Py8Y,00085,0,pretrain,EL9TBKSdHXU,00012,8.030843922311128,5.248
train,pretrain,AgMOJC5R4F8,00004,0,pretrain,A7ktYbVwr90,00022,7.018182614803571,9.536
train,pretrain,fW6AndSUByo,00033,0,pretrain,SJ5bDhMP9lQ,00013,-4.558005360721946,8.64
train,pretrain,6qTfX4U6CS0,00010,0,trainval,LLmhQmicusM,50012,-3.8347744301081566,3.776
train,pretrain,4SkoG9FWP4w,00004,0,pretrain,fDzj9vRw5yM,00012,-3.811155020817816,4.416
train,pretrain,zGEDHMF4rLI,00032,0,pretrain,1BXYSGepx7Q,00017,-9.458259920066464,4.096
train,pretrain,vSjlCJaEwZE,00030,0,pretrain,VnzBGZA2z3w,00018,-2.0319593227993504,6.848
train,pretrain,69szjo8bt14,00007,0,trainval,2zvjW9arAZ0,50003,2.8484132428757825,4.032
train,pretrain,y7l5QHRYSAI,00003,0,trainval,gObgox0tfgw,50004,-9.508021202510404,3.584
train,trainval,ziGD7vQOwl8,50008,0,pretrain,Kaq7FhvOtE0,00002,1.3565729956216632,2.176
train,trainval,GS1xL1qcBa4,50003,0,pretrain,ELgvDMTKyBE,00010,8.227208511855572,2.304
train,pretrain,iq5lXSj6Prg,00027,0,pretrain,SxwLfSlkJDI,00018,0.37461751750440087,4.48
train,pretrain,UvbFr0eSsg8,00003,0,pretrain,DBoShCrKfLQ,00004,-9.583514111415186,7.936
train,pretrain,BJsrYqPtXFM,00028,0,pretrain,cWpRxyqDgpM,00021,4.524648733980868,3.712
train,pretrain,3rbVQNTzCh8,00010,0,pretrain,5sS3Yjh9Lw4,00029,-1.9569360691807596,4.928
train,trainval,CWU13rx44j8,50003,0,pretrain,G2Y6Am46eVU,00006,3.6402942399422127,4.608
train,pretrain,jSdBXFkQ3S8,00023,0,pretrain,4BZuWrdCS9Q,00013,-7.145380525862956,28.48
train,pretrain,86xSuStz0MA,00052,0,pretrain,DM1SDVSFhc4,00007,9.34374044892548,10.368
train,pretrain,MIRoB4LStDY,00003,0,pretrain,Y0UB6g8Rsyw,00005,-7.427444457867498,8.128
train,pretrain,bkeBjPS9ZR4,00007,0,pretrain,piCQ3StcRUQ,00011,-1.3577142678412137,11.648
train,pretrain,SEDvD1IICfE,00006,0,pretrain,bxkslfQc0EA,00031,7.9391640336750235,3.776
train,pretrain,F2dFiK3wkRA,00005,0,trainval,cotBM0laSSo,50028,3.8527882529836184,2.048
train,pretrain,gkKymhU7yi0,00016,0,pretrain,xLuMcYn8Yk0,00011,-6.95707479594426,8.128
train,pretrain,U5kIdtMJGc8,00050,0,pretrain,4bsiMd1zQ3s,00003,-2.9129180414735867,3.84
train,pretrain,CPVjktgYKo4,00004,0,pretrain,HFqLoHyCTRc,00014,8.072066779523233,17.792
train,pretrain,pbSSrJGgVIo,00045,0,pretrain,A7ktYbVwr90,00023,9.50741557874926,9.344
train,pretrain,0x2SkWRB8SA,00003,0,pretrain,WonC2e5aOGE,00005,8.233247984752342,8.96
train,pretrain,0ueGFLVFi80,00019,0,pretrain,CzgS9C7gw0o,00007,-4.404585387772508,3.136
train,pretrain,guXxy8LH2QM,00001,0,pretrain,EUYLa7MAlPc,00037,5.442103301804037,4.416
train,pretrain,8xHrpO6p7dE,00034,0,trainval,SeBUcBfkVCo,50040,-2.2138247174647923,2.496
train,pretrain,IvtZBUSplr4,00026,0,pretrain,YwSGTipx3As,00001,3.7107142196184757,8.32
train,pretrain,BsFxokC02sg,00037,0,pretrain,KQEWc3LVfyc,00058,9.177216625973386,3.52
train,trainval,sPQViNNOAkw,50014,0,trainval,3QZp6smeSQA,50001,-8.257458096952652,3.904
train,pretrain,Yn9fTcSWMbo,00022,0,pretrain,GUSLEJB9SLU,00011,-0.5056749661227915,5.76
train,pretrain,huzhvbrcgeQ,00007,0,trainval,VC3H1lMEeS4,50027,8.170497855941573,4.8
train,pretrain,YnAVjkuQzSY,00003,0,trainval,0iTehgSOZ8A,50014,-1.8907438641800631,6.208
train,trainval,GB4s5b9NL3I,50007,0,trainval,GSIpG4t4Z5k,50001,1.8909399151255872,5.248
train,pretrain,HirySSCYiwI,00012,0,pretrain,bVJSSyLT3xo,00005,-5.345408391730815,18.56
train,pretrain,1E6ysoASrY4,00006,0,pretrain,IaWeJ8V3pg4,00012,-3.5874365113076934,12.672
train,pretrain,ZvSJE9n0GfA,00024,0,pretrain,ZzSVEj5RLWM,00003,-8.169347938118054,7.104
train,pretrain,tpODOkfrwyQ,00017,0,pretrain,p0p45l9NMto,00007,8.176554216687755,8.128
train,pretrain,WSKPrVG3Evs,00012,0,pretrain,hPsUXhXgWmI,00046,-1.0772500294806253,12.288
train,trainval,6MBaFL7sCb8,50028,0,pretrain,OyPGDBOqPFs,00012,9.748587083701402,4.16
train,pretrain,th3nnEpITz0,00028,0,trainval,2S0aEezKvBE,50003,-3.6547183039140796,2.112
train,pretrain,P65XdTlk4vA,00054,0,pretrain,AwS1mOwx5gM,00004,8.891114820022125,3.712
train,pretrain,breDQqrkikM,00018,0,pretrain,9o5jAaZn2p0,00026,8.336905300171164,4.864
train,pretrain,mj0CWrSB7E8,00011,0,pretrain,oIGBBPspTKM,00016,4.684117663961377,11.2
train,pretrain,O6jrLgvCUNs,00010,0,trainval,nyLYQYHGbvI,50002,5.626460529606321,5.568
train,pretrain,URSuWwvpn5c,00009,0,pretrain,ORBf73HiJns,00016,-8.487792471154856,4.416
train,pretrain,6liIKYeUzaY,00008,0,pretrain,oIGBBPspTKM,00018,-3.8806010902184163,13.632
train,pretrain,c00zfzk4gdg,00033,0,trainval,yuewc0SEn8M,50003,7.654853296473906,3.776
train,pretrain,OSz2v42F0E0,00010,0,trainval,yxC30tEjZk8,50002,-9.13788378984515,6.016
train,pretrain,Gj2pWl1vjCY,00021,0,pretrain,GbYc9BOU30o,00004,-8.336619685483942,4.096
train,trainval,jSS03JfgHEA,50010,0,trainval,gLDQr9i7LkM,50011,-9.09517658206746,3.648
train,pretrain,svIPBU31d0c,00017,0,pretrain,G8gJJuCdPSA,00002,-3.1217391715661176,19.648
train,pretrain,ONXYcNS7k1Y,00021,0,pretrain,SxMWqUe8FdU,00010,-2.5658434764283466,6.08
train,pretrain,GRcvxDVDLCw,00020,0,pretrain,5Dn08yo9aiM,00001,-6.267534469066954,8.704
train,pretrain,6wk4dkYSrV0,00020,0,pretrain,QW8muMXpkRg,00001,5.29554248626704,10.176
train,pretrain,K9SQUZbAIoY,00025,0,trainval,XKiQl5WZQ5I,50005,-4.867893416410157,4.992
train,pretrain,AHfiKav9fcQ,00008,0,pretrain,Z41BTeAU7DI,00027,-5.34155489623843,9.024
train,pretrain,MUOSpWJ0riQ,00023,0,pretrain,iNOE0dZpHcY,00006,7.935768004329841,3.136
train,pretrain,M5tre30cRwU,00022,0,pretrain,LSn4OF7G9BM,00018,-2.9942755572987556,6.016
train,pretrain,nItwVO9stX8,00003,0,pretrain,FpHPVrsEkYY,00003,1.5573020897227625,6.272
train,pretrain,5FjuSwOaV3Y,00015,0,pretrain,04SEzifEsGg,00011,-5.649629355350976,4.8
train,pretrain,73cTNHEQhkQ,00002,0,trainval,gJv1WdMUz0w,50003,4.786890542281068,3.328
train,pretrain,Syi9bqfFIdY,00046,0,pretrain,qQSPUXPVlos,00014,-0.671399023793299,7.936
train,trainval,IshrD4mjnNU,50013,0,pretrain,8dSDMQNoikU,00014,-7.488873404600989,5.888
train,trainval,9X68dm92HVI,50007,0,trainval,ZSRaJIMYSMs,50003,-9.65857063704981,3.328
train,pretrain,Zq7QPnqLoUk,00050,0,pretrain,F8pUtbSgrxc,00007,-8.954813243713398,3.456
train,pretrain,c2tOp7OxyQ8,00055,0,pretrain,hFgPtuzgw4o,00025,-7.244090899581808,13.376
train,pretrain,h0C2LPXaEW4,00012,0,pretrain,vPhM8lxibSU,00019,6.4985436515995865,10.24
train,trainval,IdW9UYlxlVY,50029,0,pretrain,GqGksNRYu8s,00020,0.31235040459548813,3.968
train,pretrain,CfqO1U6lfDs,00015,0,pretrain,Syi9bqfFIdY,00001,-8.930963265374636,5.888
train,pretrain,SgOTaXhbqPQ,00024,0,pretrain,NhmybGS7FLA,00007,6.013304625623576,10.688
train,pretrain,lYdk1NK9Sr0,00036,0,trainval,J6tgYBMXR6s,50025,-3.1387702863754647,2.048
train,trainval,DZfOvYiQtow,50017,0,trainval,IgKWPdJWuBQ,50001,1.5468636198818082,2.816
train,pretrain,U2dHczVSCdo,00007,0,trainval,yg8SBuTuoKk,50004,1.67171638614386,4.928
train,pretrain,Gv7Y0W0xmYQ,00008,0,pretrain,HfMhU6qjVVM,00016,-7.203729666970737,3.648
train,pretrain,dRic5yJC8UY,00008,0,pretrain,CTEhgUmSrro,00014,-0.5796015564531647,5.376
train,pretrain,inxIM1aGvZY,00002,0,pretrain,HTf7Ziklcms,00027,3.0657645081124496,8.256
train,pretrain,ohGMgSLJCjs,00004,0,pretrain,8JSMI8Xrwms,00009,-8.436615282529798,9.408
train,trainval,haTsrKptgIU,50008,0,pretrain,iF4s75ZPano,00007,0.11999969765189356,3.904
train,pretrain,36m1oStM05g,00013,0,pretrain,zGEDHMF4rLI,00028,-3.943703634075721,8.512
train,pretrain,zIwLWfaAgS8,00043,0,pretrain,1NG7FoC5XRo,00007,7.4386114632755245,3.584
train,pretrain,23vKtqo2t4k,00014,0,pretrain,kNhyOYv2ejw,00008,-9.055013249500623,8.32
train,pretrain,GSmaUPREKlU,00021,0,pretrain,v9dEgXR1iWE,00008,-6.644249234408699,12.416
train,pretrain,zIwLWfaAgS8,00042,0,pretrain,qH66lTtW4Hg,00015,3.1593642671235127,6.272
train,pretrain,zqLYcJ6Ib3c,00024,0,pretrain,DdrcJLKyHtU,00004,-0.3249914447122322,20.544
train,trainval,MoSmgcxGYYE,50001,0,pretrain,40Aziot4aao,00002,-5.086576079501732,3.008
train,pretrain,SZSul0GzzM4,00008,0,pretrain,SpQ1BCdSTTI,00010,-7.9438937474453315,3.584
train,pretrain,LWQfeSSfNbs,00024,0,pretrain,DokhOtMp75A,00018,4.727151066592828,7.04
train,pretrain,5GZu8xECOdw,00009,0,pretrain,eNDhBSR1DZ0,00031,-0.22745661252375626,5.632
train,trainval,G8w4UQL6aI0,50016,0,pretrain,ukgnU2aXM2c,00021,0.09469306454445103,2.624
train,pretrain,6VWPHKABRQA,00048,0,pretrain,i2a8pDbCabg,00005,3.0001889946537936,4.608
train,pretrain,zStF2WEZMSs,00009,0,pretrain,DSSAz5nZBBM,00006,-3.2609379992999443,5.056
train,pretrain,rTJpJlVkRTA,00020,0,pretrain,a0x0r7aPI2M,00006,7.227237992604707,12.16
train,pretrain,HCgvSHNoJrY,00020,0,pretrain,0sYguTPLpHE,00012,-6.511740873895489,8.896
train,pretrain,4B2qC7PIHxs,00019,0,pretrain,JBLc4Ekl3BA,00009,-3.802496593197546,3.2
train,pretrain,yDubrSRjlCE,00050,0,trainval,QxkxcsrveLw,50005,-2.524094376253492,4.48
train,pretrain,w2itwFJCgFQ,00005,0,trainval,CfqO1U6lfDs,50010,-4.635012514059021,3.072
train,pretrain,vR8msiSohZM,00004,0,pretrain,6tpsSu5O0Ws,00048,-5.39497387639968,8.064
train,pretrain,Peu7eeGtmQ4,00001,0,pretrain,a0x0r7aPI2M,00022,9.530652688690559,3.584
train,pretrain,buHSvs7LFzw,00021,0,pretrain,kOPMqiKhoSc,00049,-5.0522022938579925,2.944
train,pretrain,i0QKBKWnkxg,00002,0,pretrain,pMYYxSim5QI,00023,-7.353916520906734,19.2
train,pretrain,kFMZrEABdw4,00038,0,pretrain,aS1UEAGCo30,00019,7.468347238598547,8.896
train,pretrain,YXSOxBfsvbk,00006,0,pretrain,cbSts8fUhB8,00001,-2.145813126584077,6.08
train,pretrain,2Kk9R2rhwlQ,00010,0,pretrain,5UH7uTpTa44,00005,2.030770567825238,10.368
train,pretrain,RBElFl1aLtI,00018,0,pretrain,PYSkd46RfVE,00040,-0.5823277787144256,5.44
train,pretrain,bzj1BTdfoeI,00054,0,pretrain,8Dv2Hdf5TRg,00022,3.91653628475944,8.128
train,trainval,25onkAGt3Gs,50001,0,trainval,SPSq3cW672s,50013,0.6970745982473385,2.24
train,pretrain,gbDraZi7FS4,00003,0,pretrain,7VRzn8hc5mc,00007,6.897623806097279,11.456
train,pretrain,SEDvD1IICfE,00004,0,pretrain,2VWSSFSUeQI,00020,-7.713525425349057,6.208
train,pretrain,HH3m1OSiOT0,00042,0,pretrain,xbWcLYOniWU,00004,7.598666972503885,5.696
train,pretrain,M9pPgIraoOM,00023,0,pretrain,GjYt5uQPu8o,00007,3.0623980260789345,6.72
train,pretrain,12ud0nSTvro,00002,0,pretrain,MpISFKqk0Ew,00022,1.1949861562060011,5.12
train,pretrain,KVjkFqS7Y6A,00018,0,pretrain,dgYItsUBW1M,00009,-3.261047365020227,5.76
train,pretrain,nOHbn8Q1fBM,00043,0,pretrain,XxSSz2xiuyA,00002,-8.558767856226998,8.96
train,trainval,fv8KpQY0m6o,50016,0,pretrain,MKlx1DLa9EA,00001,-4.99117126483738,4.096
train,pretrain,wfNX1cHkSfE,00026,0,pretrain,UOo13qXVdy4,00002,9.428347049673366,4.544
train,pretrain,dk60sYrU2RU,00028,0,pretrain,IgKWPdJWuBQ,00031,2.4452572453929697,3.648
train,pretrain,Un2yBgIAxYs,00033,0,pretrain,BCvzpm4d2gs,00032,-8.780641092415868,6.08
train,pretrain,POTosC2q6Hs,00004,0,pretrain,7NJhq163t78,00013,9.524715965169552,10.496
train,pretrain,HEFSHP2XE7E,00036,0,pretrain,1z3Fgtj8fqk,00039,-3.8225623665729085,3.52
train,pretrain,Ep2MAx95m20,00009,0,trainval,qQIwTWJSd2I,50003,8.269003409576921,5.696
train,pretrain,Chfoo9NBEow,00010,0,pretrain,BJsrYqPtXFM,00036,-1.2758502588545984,6.144
train,trainval,0K5OO2ybueM,50003,0,pretrain,DZyaRAVcYuY,00002,-1.0190696537831982,6.208
train,pretrain,XgRlrBlS7Yg,00059,0,pretrain,2VLje8QRrwg,00003,9.784864370958061,6.848
train,pretrain,D9xJl4S6NsM,00010,0,pretrain,yq3TQoMjXTw,00014,9.331219524920876,2.816
train,pretrain,8gSAkUOElsg,00068,0,pretrain,r2YiRiLAUSY,00025,-8.23047097813727,8.768
train,pretrain,4Z75ASJMBx4,00011,0,pretrain,gtDS5rzd6R8,00007,0.21062920364196103,4.16
train,pretrain,RuVdkNdeVAc,00015,0,pretrain,oIGBBPspTKM,00033,-1.9032566872751193,3.008
train,pretrain,voLcX6SpF9g,00022,0,pretrain,1BXYSGepx7Q,00013,-2.614604513316685,3.2
train,trainval,W4LYn4mIP18,50008,0,pretrain,2BOTS9GAjc4,00021,-1.1886788241741222,6.08
train,pretrain,9UiK4llJOXc,00012,0,pretrain,jdpIKXLLYYM,00012,7.517880445503863,5.952
train,pretrain,dqMj51Ea1K8,00013,0,pretrain,ofsncCF9OSU,00042,5.010925246015905,10.688
train,pretrain,XAvE61JqkQs,00002,0,pretrain,dXqPaHQp4Xw,00004,2.41907353856657,14.4
train,pretrain,dhMoQrLEJe0,00009,0,pretrain,x4ESCiSBgdY,00006,5.329198023212365,4.8
train,pretrain,bGBamfWasNQ,00014,0,pretrain,WNTk29zXl4A,00040,6.45186215031292,9.6
train,pretrain,2FASIuDTMjE,00024,0,trainval,tSSNoFstCmQ,50010,3.8263386114511633,2.88
train,trainval,23Uuehgmd14,50003,0,pretrain,2xs8qmk0OPc,00020,0.6984952017349606,2.048
train,pretrain,CiSk3gmyjQ8,00006,0,trainval,tFX1nQLZUVM,50001,-9.499205973177903,5.952
train,pretrain,Qao76IPXWSE,00001,0,pretrain,hyHUVPG33QI,00014,-4.279289403368227,5.696
train,pretrain,Bc2wVyl8RLI,00028,0,trainval,Lp5Ccer5NM8,50003,-9.050741761791024,5.952
train,pretrain,F8bM8K7WSR8,00033,0,pretrain,lDq9SQxvsNU,00026,-4.1749545345311905,8.0
train,pretrain,4YS3gGpnPe8,00024,0,pretrain,jUIfiLplNqQ,00007,-0.3863460218005894,4.672
train,pretrain,XP8K4oS5TGE,00015,0,pretrain,0snNB1yS3IE,00019,-8.152957274915327,12.096
train,pretrain,v9dEgXR1iWE,00022,0,pretrain,IXBalykzauE,00041,9.245502614852693,4.416
train,trainval,4l3Kj3hVSVY,50001,0,pretrain,GMc8aSoCE30,00034,-6.831589726679308,2.496
train,pretrain,oIGBBPspTKM,00028,0,pretrain,1sgb2cUqFiY,00017,-4.5713569784153485,9.216
train,pretrain,cgxZ4H3gJ8c,00026,0,pretrain,5RAJvzV9jSo,00007,1.7811815391508539,4.096
train,pretrain,bmmnEJ4rtCI,00007,0,pretrain,Zwwanld4T1w,00010,3.973946958334336,3.328
train,pretrain,tMSU6k5SWXg,00007,0,pretrain,cxGWGohIXiw,00012,-2.5424875377797136,3.648
train,pretrain,gzthxdm7XNs,00011,0,pretrain,KVjkFqS7Y6A,00005,-2.8163503824527014,7.232
train,pretrain,YL1XwfyaS00,00014,0,pretrain,Jv5tn4MPJV4,00002,-4.232511110957901,3.52
train,pretrain,Sk0ywFgMpFk,00001,0,pretrain,lv9QDjw8GJk,00015,5.939411152294991,4.736
train,pretrain,nv0dObM5XGk,00007,0,pretrain,WonC2e5aOGE,00011,3.531139682099555,9.6
train,pretrain,VekRvcbL4yk,00012,0,pretrain,85hbMtegrLc,00014,4.749179259784297,4.224
train,pretrain,QbxinUJcLGg,00014,0,pretrain,qu7ZpWecIS8,00025,-0.5856071998584067,3.456
train,pretrain,VPweEhht9y4,00026,0,pretrain,ZBrbHy7l3tg,00021,2.3972132749625423,4.288
train,pretrain,5ErKrSyUpEo,00037,0,pretrain,79zra755WgA,00005,2.994873721484712,7.36
train,pretrain,4l3Kj3hVSVY,00025,0,pretrain,ZOlBqdkN2jY,00001,0.7036314681593936,5.632
train,pretrain,URSuWwvpn5c,00038,0,pretrain,gjq2BoAF0JA,00008,-8.75463319088253,8.64
train,trainval,urOCGSMlB9g,50013,0,pretrain,cbSts8fUhB8,00010,-6.805346561891092,3.648
train,pretrain,AQ8cpjEdpmI,00006,0,pretrain,p9HPUiEdEj0,00012,-9.970961992729102,3.776
train,pretrain,klUoJxGv9wg,00020,0,pretrain,JGVU8n7jjHc,00014,8.899846074222108,12.736
train,pretrain,POTosC2q6Hs,00010,0,pretrain,pOWgXxoSTNM,00002,1.6385172101667358,9.92
train,pretrain,wtvhqeVoeqI,00030,0,pretrain,CtvIX4s1bTU,00020,4.655536836162057,4.16
train,pretrain,SgOTaXhbqPQ,00026,0,pretrain,RjgBko1p5wY,00012,0.22701039378151755,3.712
train,pretrain,pysNMB033co,00020,0,pretrain,7Xnty9zSCrA,00001,1.734119488104934,6.272
train,pretrain,5RAJvzV9jSo,00022,0,pretrain,NgVwPj54TEo,00024,-9.15416696274685,6.336
train,trainval,f6CILJA110Y,50018,0,pretrain,5zuBDgBdyug,00001,0.2256535602329599,6.08
train,pretrain,gzcwS02ZB1o,00023,0,trainval,VehHPwAVL9g,50023,1.8540758825201653,5.376
train,pretrain,TOSSkVIkY6A,00010,0,pretrain,cOIJGGgaSIY,00038,3.349642866947102,4.416
train,pretrain,zUS5GcqzHNM,00016,0,trainval,MOFdlEbu15g,50027,1.0669177689981808,6.08
train,pretrain,b28brIs1OmM,00028,0,pretrain,04SEzifEsGg,00021,0.2702400908272047,7.936
train,pretrain,vJ66jv8ICjc,00013,0,pretrain,3bFabjnryE0,00005,7.963466481155802,3.776
train,pretrain,v84pD2g3gSk,00004,0,pretrain,GCOc31fQi7A,00029,3.8396110262252563,4.992
train,trainval,ATISgVUKetI,50021,0,trainval,3sWTLAS0m9U,50006,-1.8467929964952354,3.072
train,trainval,vdDFLzyk94k,50010,0,pretrain,Y0GHWogx0eg,00011,7.279002339591084,5.568
train,pretrain,ofjRnIpXBF0,00001,0,pretrain,cS3f3rQRlug,00018,-4.12692182874787,8.96
train,pretrain,FjnGdiqk96Y,00016,0,pretrain,GFivy8eFFBo,00006,-4.060812860295253,4.16
train,trainval,ayhhuxAu6rw,50007,0,pretrain,FTUpFYo0rMI,00007,7.475151384426397,2.816
train,pretrain,Ftnb2fpJ664,00004,0,pretrain,12ud0nSTvro,00022,-3.5037235238796853,8.64
train,pretrain,8qIbZL80jSw,00006,0,pretrain,RRRDYBwjjU0,00012,-4.132864142957424,6.4
train,trainval,mA1vshSuyQU,50015,0,pretrain,pwdPxj3gHQ0,00005,2.9116480112806524,6.208
train,pretrain,tpH2fhwCzSM,00014,0,pretrain,y1yK36RMyRE,00018,3.808670596118855,8.576
train,pretrain,LPrS7Skx9Y0,00004,0,pretrain,CijsvAGU6Sc,00020,4.744177668861891,5.76
train,pretrain,VMwjscSCcf0,00029,0,pretrain,YsXg3J1x4OY,00003,3.446802837423622,3.776
train,pretrain,694XUHVuGQo,00017,0,pretrain,bRuU02haIK8,00016,9.416711288919519,6.016
train,pretrain,Aa2JfigaNcs,00010,0,trainval,QAnNM3WJCYA,50001,-1.2439533332951918,4.096
train,pretrain,9SQYDFiWnSs,00002,0,pretrain,sG2K1S4M8U8,00011,0.4691158113187921,5.248
train,pretrain,IMTcuU0KLSw,00002,0,pretrain,HH3m1OSiOT0,00045,3.969966309304805,3.84
train,pretrain,MpYrJs0rX84,00003,0,pretrain,19KkFCQz8WQ,00024,7.700425658839251,3.968
train,pretrain,ZvSJE9n0GfA,00041,0,pretrain,sGXeX7PPrCI,00001,-8.234610511621575,5.376
train,pretrain,FESv2CgyJag,00023,0,pretrain,ydKcaIE6O1k,00015,-7.650185547533175,4.096
train,pretrain,jodhovumkHQ,00038,0,pretrain,jEHZSIAuYUY,00005,6.349676704227168,5.12
train,pretrain,vNyZmSg92HI,00016,0,pretrain,yDubrSRjlCE,00010,0.7563155377830775,8.192
train,trainval,lfBpsV1Hwqs,50003,0,pretrain,Wj7hmzfX5eQ,00035,4.038912536809523,4.608
train,pretrain,mUJdzaLDRIo,00040,0,pretrain,V1gxziZwmkc,00019,-8.39074135897356,3.584
train,pretrain,aiIxdFBA0Sw,00021,0,pretrain,XX30i6nC7ro,00008,5.567746819330658,7.616
train,pretrain,QoTSdOkjEVs,00008,0,pretrain,0g2WE1qXiKM,00003,-5.885868159465724,6.208
train,trainval,Zx8uYIfUvh4,50010,0,pretrain,uWfLwKHSEko,00014,8.070927163581143,5.76
train,trainval,0MD4Ymjyc2I,50006,0,pretrain,MoSmgcxGYYE,00017,8.423657021762686,3.84
train,pretrain,fWInyaMWBY8,00018,0,pretrain,USkXuQHZmWs,00002,-3.7772091461804003,6.144
train,pretrain,lSYy6poJ2zs,00022,0,trainval,nzj7Wg4DAbs,50003,-4.911248937494408,2.048
train,pretrain,mT4Qbp89nIQ,00020,0,pretrain,5CSDIcUsIJk,00007,5.660024590207618,5.12
train,pretrain,vY2l2xfDBcE,00020,0,pretrain,E2qmkUsf6Y4,00029,-1.3838943997503979,8.32
train,pretrain,SS3qnZrVy9o,00032,0,pretrain,3m6dV7Xo3Vc,00007,6.4947072413573395,10.688
train,pretrain,jv8m8rycnQs,00021,0,pretrain,UfM7tSoqNDw,00027,7.913248133834379,11.584
train,pretrain,gWPFJgLAzu4,00033,0,pretrain,gB23pKmyIHM,00023,-0.9424696532345234,4.48
train,trainval,5sS3Yjh9Lw4,50011,0,pretrain,8jkri0AeZWQ,00024,-2.890511661820689,4.288
train,pretrain,kOPMqiKhoSc,00017,0,pretrain,twG4mr6Jov0,00003,2.4177996020136767,5.184
train,pretrain,gZga0AmCGdE,00002,0,pretrain,hDLISEt8hBs,00003,7.584651729381509,4.992
train,pretrain,NiKtZgImdlY,00020,0,pretrain,GqGksNRYu8s,00017,-3.196163735144742,5.696
train,pretrain,UGtFXtnWME4,00002,0,pretrain,SryJK294Psw,00021,9.061000553512486,4.416
train,pretrain,nw52e0dfCaA,00002,0,trainval,wvIOoxPxpfQ,50003,2.123314606857253,4.736
train,pretrain,mSQmfZOVNPw,00019,0,pretrain,pmKNXZmfIMU,00013,0.6150903313242555,10.048
train,pretrain,r9LelXa3USI,00007,0,pretrain,tYclUdcsdeo,00015,-9.388594803789411,3.392
train,pretrain,LBvHI1awWaI,00029,0,trainval,jSOPQgPIdKg,50031,2.2180690260522304,3.52
train,pretrain,klUoJxGv9wg,00013,0,trainval,6e99DuPQ6j8,50002,3.83749725893483,4.928
train,pretrain,mArrNRWQEso,00013,0,pretrain,gdg4mUSwuhI,00004,-8.261178342484353,6.08
train,pretrain,CDdpQSLr7YE,00011,0,pretrain,8u9Wvz1edxI,00028,3.2344925709051875,8.384
train,pretrain,8s3bdVxuFBs,00002,0,trainval,lyu7v7nWzfo,50011,-1.8816965556648828,3.072
train,trainval,C0byYFXjRJM,50012,0,pretrain,8S66QUJk3w4,00018,-0.3275315065200406,4.928
train,pretrain,ppRtQCAbzPk,00013,0,pretrain,3Y2Or0LlO6g,00006,1.088685155429836,11.904
train,pretrain,J0WQz9qlgZI,00006,0,trainval,DzNNS4rcIjs,50009,2.177590456882843,5.824
train,pretrain,ZliT1BiEVvo,00009,0,pretrain,iEySxTbcr2A,00006,-2.971169239028617,10.56
train,pretrain,AfnruW7yERA,00046,0,pretrain,EiTrl0W1QrM,00073,8.557201019103779,3.52
train,pretrain,MLU7qcMYKO8,00018,0,pretrain,iNOE0dZpHcY,00011,-7.758407851732009,5.312
train,pretrain,7POkIJfbMyU,00010,0,pretrain,LVSRvzXGH2Y,00005,4.273479727345972,10.816
train,trainval,3ELnyoso6vI,50001,0,pretrain,Hc6yiSFtoNo,00006,-3.44698031904022,5.44
train,pretrain,JDDGhGiaAZU,00027,0,pretrain,7Xmr87nsl74,00008,-0.5734384153036949,13.12
train,trainval,UkLWzSxAQJU,50002,0,pretrain,ce31WjiVcY0,00025,7.540497048524909,4.48
train,pretrain,mLufqwmPl1A,00022,0,pretrain,iF5SaDJOr6U,00010,-8.906388319578017,7.808
train,pretrain,IJmr7MsS8fw,00015,0,pretrain,GXySSkBVq1M,00001,-7.361873903248455,5.952
train,trainval,GeDSgi0A7A8,50009,0,trainval,k8OgHJ4WXR0,50006,-9.120659630159583,5.376
train,pretrain,aOW7JZaqKGA,00012,0,pretrain,h4MhbkWJzKk,00015,-8.513498690991831,7.936
train,trainval,TexXAuRSe0g,50002,0,pretrain,V6yixyiJcos,00009,-0.7163772034220415,3.776
train,pretrain,LsESSyMnwmU,00055,0,trainval,sIPvnWZ5O6Q,50007,1.5549007017852148,2.496
train,trainval,bXnTAnsVfN8,50005,0,pretrain,9SGSSQssNj4,00025,2.2683181943527035,5.44
train,pretrain,5Gtw7hgyLzI,00005,0,pretrain,u4iOeHXObok,00023,-7.954704842287703,4.352
train,pretrain,iTdZn78u6pI,00003,0,pretrain,p9UC0chfXcg,00018,-5.871798306085491,4.8
train,pretrain,lAzQWtkPzbI,00007,0,pretrain,YSQUrUZ6ZTE,00002,-9.421541880955084,4.992
train,pretrain,3GVOSMfIl1Q,00023,0,pretrain,HwxjoBQdn0s,00022,1.8229479597663776,4.8
train,pretrain,501FEzbB1JI,00016,0,pretrain,0N1oA9LUEc4,00020,2.944156057680658,3.456
train,pretrain,rtsHUeKnkC8,00012,0,pretrain,8zj8HJntlP4,00003,2.4041200247550094,24.0
train,pretrain,0FkuRwU8HFc,00033,0,trainval,2L1R7OtJhWs,50019,-1.985445040994989,3.008
train,pretrain,rToBZSrxjgM,00023,0,pretrain,CfqO1U6lfDs,00028,3.218072557610691,3.776
train,pretrain,rxeLnx5UEEk,00018,0,pretrain,vdDFLzyk94k,00029,-4.974943931988658,4.352
train,pretrain,2zvjW9arAZ0,00046,0,pretrain,fBQnQTkhsq4,00022,-9.70701333006092,9.856
train,pretrain,NwmGTM5Py8Y,00019,0,pretrain,lXNE4MD2X2w,00025,-6.199197541284612,8.96
train,pretrain,aUYSDEYdmzw,00020,0,pretrain,mkdSXHXhCcw,00071,9.02089040454905,15.808
train,pretrain,KIKqRFZ3r1I,00024,0,pretrain,hiM48jSNZOU,00031,-7.064375507378767,7.488
train,pretrain,Mgbf3cq7lms,00027,0,pretrain,iueVZJVEmEs,00035,6.1797633455542815,9.984
train,pretrain,jSSqQDPGW2k,00041,0,pretrain,3WMuzhQXJoY,00018,1.6010685976809906,8.256
train,pretrain,1Hok1iGFNSk,00003,0,pretrain,f6CILJA110Y,00071,8.1941921947402,6.08
train,pretrain,Y2y7BzjbSNo,00037,0,trainval,f6CILJA110Y,50070,-2.5033321178785384,6.016
train,pretrain,MSZS1wnjfhY,00030,0,pretrain,XLi6iYnnsGc,00025,2.3756826380947604,15.168
train,pretrain,EUYLa7MAlPc,00004,0,pretrain,hgWie9dnssU,00010,-8.480968193162076,18.88
train,trainval,KoXdjyJyxbE,50019,0,pretrain,8dSDMQNoikU,00002,7.801839176076026,6.208
train,pretrain,2FMBSblpcrc,00003,0,pretrain,vR8msiSohZM,00020,-4.76167109596984,5.44
train,trainval,FktsFcooIG8,50005,0,pretrain,sFNmulAb4wM,00024,0.34684839106819254,6.208
train,pretrain,sbbzZYJSoJ4,00015,0,pretrain,I9telSZCswM,00001,-2.427281823339671,18.432
train,pretrain,k0T6rfpYoqA,00028,0,pretrain,CLSSiaFuLo4,00064,-1.052647607858713,7.168
train,trainval,M8CTOjQhJFo,50005,0,pretrain,bjNSaXg4S6Y,00021,-3.95066150278171,2.624
train,pretrain,P5Mpo4JQZhw,00028,0,pretrain,LZXUR4z2P9w,00026,2.4986110123065117,6.656
train,pretrain,fw30yjccnD4,00003,0,pretrain,iOByGJskqks,00014,7.31425467813013,8.448
train,pretrain,HB2SlA68YDU,00037,0,pretrain,vMiSf7LpFQE,00010,-6.645349413615609,5.44
train,pretrain,HBSQR6xovSw,00009,0,pretrain,naSNfaSbOjA,00002,9.81295190351711,7.168
train,pretrain,RrFSO62p0jk,00007,0,pretrain,Rz8m1yDE0ms,00001,-9.231254936107264,11.648
train,pretrain,zIwLWfaAgS8,00019,0,pretrain,KshwSURVhZA,00004,-0.4144152388941169,10.304
train,pretrain,oiVSHkItqxo,00021,0,pretrain,AjF0rquH11U,00015,6.393781643496382,6.656
train,trainval,VlC93dig40E,50003,0,pretrain,7Y9W1Gex660,00020,5.497648048030184,5.696
train,pretrain,bVV2Zk88beY,00002,0,pretrain,eyBEIx7fCfY,00013,-2.732262160386652,7.68
train,trainval,b6rAgHcuYtE,50009,0,pretrain,x8jdxSlf2Dw,00021,1.2859165086205575,2.752
train,pretrain,YlmZkY1uqXM,00052,0,pretrain,q06YIWCR2Js,00016,-1.2629148222602478,6.336
train,pretrain,GCOc31fQi7A,00012,0,pretrain,0gMCZFHv9v8,00006,7.261129366653222,3.84
train,pretrain,8XQ1onjXJK0,00011,0,trainval,VSUWNySSpLI,50002,3.9008919123835373,3.52
train,pretrain,gkKymhU7yi0,00021,0,trainval,1VRgmKiE0Js,50021,0.28314587495625254,6.016
train,pretrain,iq5lXSj6Prg,00039,0,pretrain,AIfwFLDXFyQ,00015,9.053071404953435,3.072
train,pretrain,AOEQ9GteWbg,00029,0,pretrain,eR22lqzdIHU,00009,-2.5722955977170265,3.584
train,pretrain,Iv3Ud7Shv9g,00002,0,pretrain,6E3zVSCSGYk,00001,8.61069739818129,4.608
train,pretrain,4c1lqFXHvqI,00008,0,pretrain,FdHJw0veVNY,00003,-9.626809857854024,6.08
train,pretrain,Sf994ANuGIY,00001,0,pretrain,RmXiItk49Gw,00017,2.8345255592703147,3.456
train,pretrain,QUUFbS1hBtw,00034,0,pretrain,kjmsb9pDrF0,00027,9.429173887297594,4.416
train,pretrain,8oHvknJfklE,00014,0,pretrain,6EghiYSs2ts,00044,-4.029968726123256,6.848
train,trainval,askcLEVCTko,50009,0,pretrain,UoMpbLSFsig,00003,5.021095232457952,2.624
train,pretrain,WKXmw7uZc5U,00007,0,pretrain,UbVZ7rmDYrc,00025,-2.9887549526672004,3.84
train,trainval,dE1DuBesGYM,50008,0,pretrain,wD3S6JIUF7M,00001,9.5263307794825,2.304
train,trainval,641aB1Dv1DY,50005,0,pretrain,bjNSaXg4S6Y,00032,-7.816260601068223,6.08
train,trainval,0ITHlySbhJE,50005,0,pretrain,6a6vVIdQBd0,00022,9.597392888417332,2.048
train,pretrain,oEIYHTlbeLA,00020,0,trainval,c2tOp7OxyQ8,50045,-4.92187883823407,4.096
train,pretrain,twWkGt33XSk,00013,0,pretrain,rB6WmWvvyxg,00028,5.413513516927939,3.712
train,pretrain,cxGWGohIXiw,00032,0,pretrain,2VWSSFSUeQI,00033,7.830430043307572,6.016
train,pretrain,d6PS4p3IXLQ,00006,0,pretrain,CBJMFvcR8PQ,00018,-5.5383644565519745,8.64
train,pretrain,YuEm03Ko0J8,00021,0,pretrain,fIw07IX6rG8,00009,-0.7156394520238756,8.256
train,pretrain,6a6vVIdQBd0,00003,0,trainval,IMTcuU0KLSw,50034,-1.3484669795559299,6.208
train,pretrain,tBoBC3nBoFs,00010,0,pretrain,eXp5QSfXLQU,00005,5.836617539261136,6.976
train,pretrain,SVB39Jo8mAQ,00010,0,pretrain,90AU6D8qEhc,00005,-7.41660872037555,4.608
train,pretrain,HdHW77blulg,00026,0,pretrain,Sb2qXygFm8U,00006,8.18766871531896,21.056
train,pretrain,paSYuxyRDuw,00004,0,pretrain,j81saupKVpo,00010,-0.08086831947666795,7.104
train,pretrain,d6KSsePuFAo,00015,0,pretrain,5Dn08yo9aiM,00009,9.927012039743119,12.224
train,pretrain,YhpMSjbVopo,00025,0,pretrain,ilMwoEdqMTs,00019,5.036964920293251,7.36
train,pretrain,5iqZzi9mj4M,00036,0,trainval,ME0OeqjnVAw,50009,-4.066512057804519,4.16
train,pretrain,0gMCZFHv9v8,00007,0,pretrain,wKIHuxe2fi0,00041,2.14631246435313,3.584
train,pretrain,ZCS0MZuVBwE,00018,0,pretrain,P2dlq8ZqjDM,00004,9.400720944924949,9.408
train,trainval,fa7SkR2fz3M,50010,0,pretrain,C2SVEM19NHA,00003,7.087495985042878,6.08
train,pretrain,f6CILJA110Y,00077,0,trainval,5ErKrSyUpEo,50008,9.352098882624798,5.376
train,pretrain,BSxI3YxAPW4,00004,0,pretrain,EBebWBjpWIQ,00028,0.7109661723830456,7.488
train,pretrain,nx3GuO41Jyg,00010,0,pretrain,F2dFiK3wkRA,00042,-7.346792892171774,6.784
train,pretrain,cXbXNV9SZAg,00014,0,pretrain,ht1zFl7HyO8,00006,-9.8843178516087,4.096
train,pretrain,aGSZeDqG8Zk,00015,0,pretrain,ioMpOr7Yx98,00040,-5.5211934402513,5.12
train,pretrain,TqxxCYnAxo8,00007,0,pretrain,FwFqvOFefqg,00011,6.36647710623453,4.48
train,trainval,NgbqXsA62Qs,50001,0,pretrain,xRL2vVAa47I,00033,-1.6461625852436832,2.688
train,pretrain,sJKFyDbWVqA,00008,0,pretrain,nnYhZCUYOxs,00005,7.344015733223976,29.568
train,pretrain,pgmiPXAwiLg,00025,0,pretrain,Se8kcnUSuZw,00023,2.513658661353741,6.72
train,trainval,YhpMSjbVopo,50002,0,pretrain,9YR8jNtV4BE,00065,3.6659433741606033,3.2
train,pretrain,vY2l2xfDBcE,00024,0,pretrain,6qTfX4U6CS0,00015,-6.990453473870528,4.352
train,pretrain,I6M54p8VQFA,00006,0,pretrain,IBoJcDlqmo0,00020,1.835650041676974,3.136
train,pretrain,AWEpeW7Ojzs,00002,0,pretrain,bZsn1SDARRs,00022,8.04019096892948,3.648
train,pretrain,WfjzkO6SDEI,00038,0,trainval,lGbuCmuTJHg,50002,2.6342661181147946,2.368
train,pretrain,CijsvAGU6Sc,00004,0,pretrain,LH8MPbFoRjw,00003,5.086915951694147,4.864
train,pretrain,oI7QJytJrco,00001,0,pretrain,ts5MKtXNpMQ,00028,-0.8425557047598247,3.84
train,pretrain,UoMpbLSFsig,00011,0,pretrain,TZkNJFrfdR8,00008,2.5394499741369536,16.064
train,pretrain,ZWfCi9WxK1E,00006,0,trainval,Mgbf3cq7lms,50070,-3.3287331883536586,5.696
train,pretrain,J6oMG7u9HGE,00029,0,pretrain,NJ9Iq7ReMDs,00005,5.248610182333557,11.968
train,pretrain,uVAaZVz9pDs,00034,0,pretrain,twG4mr6Jov0,00023,8.328576430030466,5.184
train,pretrain,tNKdc6Lxcvo,00021,0,pretrain,VekRvcbL4yk,00029,7.2338878879654125,6.208
train,pretrain,bhgonb4EqXI,00007,0,pretrain,gwMjgSqFm0M,00003,-1.4981196311478513,9.6
train,pretrain,CVdPhUPO5YU,00003,0,trainval,LNohxpJntZo,50003,-5.273813907218329,5.248
train,pretrain,wznroZvpVHU,00003,0,pretrain,FVSc2FnPnDE,00015,-8.143064404569152,3.712
train,pretrain,u2V0vOFexY4,00007,0,pretrain,bVV2Zk88beY,00021,1.4129460787624595,8.896
train,trainval,kLIfeGflNp8,50002,0,pretrain,ygRNoieAnzI,00003,0.4443923571622115,2.624
train,pretrain,9X68dm92HVI,00028,0,pretrain,sBsuIAscshE,00026,7.41296980495488,3.52
train,pretrain,6Co3dn0nSTk,00012,0,pretrain,d6PS4p3IXLQ,00037,-2.792155601467732,9.92
train,pretrain,jFd96USLjbM,00011,0,pretrain,S9O9vyJBQ6g,00029,-9.333678528607232,4.992
train,pretrain,AA1BT0tfihw,00011,0,pretrain,Zctk6MZaxMk,00030,-8.88838573855798,4.288
train,pretrain,N6wjC0sxD2o,00003,0,pretrain,kTsqFn33RiQ,00018,0.9720105113213062,8.96
train,pretrain,t6eFzt6kFGE,00024,0,pretrain,LzMJCFSAtf4,00009,-7.097320570438958,8.64
train,trainval,yDubrSRjlCE,50014,0,trainval,fm9SH6NucHk,50001,-7.150541063446587,2.368
train,pretrain,e4PTvXtz4GM,00025,0,pretrain,rN7VcY1fS1Q,00003,-9.296702871111986,4.224
train,pretrain,6lFvXTxgokY,00004,0,pretrain,huzhvbrcgeQ,00006,-3.985120263832906,4.608
train,pretrain,NVPxmzSPvUw,00043,0,pretrain,y7S4yQRCYHE,00007,1.2294482978516967,5.568
train,pretrain,ZLgGoHXp8s4,00003,0,pretrain,r92jUj7gNRw,00023,4.7072347570172735,6.016
train,pretrain,UGtFXtnWME4,00024,0,pretrain,wAdwurHhvSI,00020,2.279324987549611,5.888
train,pretrain,HyZV8Ql1PI0,00002,0,pretrain,qbeLy3Dkay4,00004,-6.457364811902515,6.656
train,pretrain,NCPzjiSS2Oo,00003,0,pretrain,nko6uV5u9vg,00006,-1.496443315503413,4.8
train,pretrain,gJv1WdMUz0w,00014,0,pretrain,gPQItVxvfZs,00008,-2.2101079316887295,4.48
train,pretrain,XvS83nXSf0k,00021,0,pretrain,Qd7PiXg5fKE,00020,3.150587313834791,17.408
train,pretrain,pWrgvI4nyyg,00020,0,pretrain,Z6T37m4r3yo,00041,-0.020426156553446262,3.456
train,pretrain,Si644sBMaOY,00003,0,pretrain,MQtWJARMoLw,00019,2.3249181610797383,2.816
train,pretrain,MAQihRikgZM,00013,0,pretrain,9X68dm92HVI,00043,3.0788261778384474,8.448
train,pretrain,up4hFjSjcTY,00018,0,pretrain,wNokfBHccVI,00013,-4.741639878212089,5.056
train,pretrain,Rf8qS8gbfrw,00001,0,pretrain,w3q89BTJj3o,00004,-7.296046206342075,5.888
train,pretrain,h4GEMYsrJSY,00033,0,pretrain,MKKGS38vCO8,00007,-1.3434667227288433,2.816
train,pretrain,doVRMBPUOhA,00006,0,pretrain,AfljJGTVcKE,00012,2.4694936526422424,10.752
train,pretrain,Ftnb2fpJ664,00032,0,pretrain,ShFk6FDrZBc,00019,5.985087792054777,8.64
train,pretrain,kmNxhFFZWpM,00007,0,pretrain,HfotnZVEq80,00011,4.068225166575175,6.784
train,pretrain,XII0TdSvloM,00010,0,trainval,d5wfMNNr3ak,50009,9.349669708265715,4.096
train,pretrain,ce31WjiVcY0,00030,0,pretrain,lECfUfqNVoo,00003,-3.107551156995143,6.656
train,pretrain,OAK1UIbSFio,00011,0,pretrain,rTMqGbTNkNg,00007,-2.546343951188299,8.256
train,trainval,oeL72c6scAs,50017,0,pretrain,E2qmkUsf6Y4,00023,-5.672131919258452,5.44
train,pretrain,28hGxw5DBK8,00006,0,pretrain,zG21nyJNBSA,00031,9.406504687786065,20.8
train,pretrain,yVwAodrjZMY,00005,0,pretrain,9H38oQBw2HU,00019,2.102979188330849,4.288
train,pretrain,buRLc2eWGPQ,00025,0,pretrain,Q80MfH7xPPE,00016,-9.594782494926474,4.288
train,pretrain,xTMZJvfzxGY,00023,0,pretrain,0wpCZxiAQzw,00034,-0.6305966631643223,3.968
train,pretrain,CVdPhUPO5YU,00027,0,pretrain,SmQadYi4F14,00003,-2.0002225768223036,9.856
train,trainval,Fc1yN6uxZfQ,50031,0,pretrain,BKOqq21S4Nw,00006,1.4099209654860267,3.84
train,pretrain,1YO1FmVAPrA,00009,0,pretrain,3nsPcBJAdxI,00014,-3.77789575257186,13.504
train,pretrain,MSLHHgSXloM,00021,0,pretrain,sHdYaMyR5S8,00043,-3.633759752684953,9.408
train,pretrain,aR6jLD1USW0,00026,0,pretrain,IRVdiHu1VCc,00089,-7.865698934091927,3.52
train,pretrain,wD3S6JIUF7M,00007,0,pretrain,ufUkAQOQaXU,00003,-3.683868397666883,5.568
train,pretrain,OOG65rSM5fA,00018,0,pretrain,eZgSGgToBEE,00006,-9.781202267560518,8.32
train,pretrain,JDDGhGiaAZU,00008,0,pretrain,OF5VVrsnpzo,00019,5.58979359485431,7.36
train,pretrain,uYaF8pSTNSU,00008,0,pretrain,fLJsdqxnZb0,00030,-9.780500531269034,4.736
train,pretrain,Ftnb2fpJ664,00008,0,pretrain,6XNrzmh0EVs,00032,-3.604502981246034,4.48
train,pretrain,KCL8NjN7FMQ,00040,0,pretrain,6a6vVIdQBd0,00007,-6.283550768876918,3.456
train,pretrain,YXWKuKSQsu4,00024,0,pretrain,HaHeAdJNa70,00006,5.337361337544266,3.904
train,pretrain,VoCOzuWOgSY,00026,0,pretrain,AS3Pyc4Qr2Q,00025,6.18558354558909,16.128
train,trainval,Q0Uo05JoZQo,50019,0,pretrain,HA7GwKXfJB0,00029,-8.431476827116043,4.16
train,trainval,mwzBJF5Q7Vw,50006,0,trainval,bczm0RsIZUM,50001,1.2347678996907163,2.176
train,pretrain,xpnFeyMGUs8,00021,0,pretrain,PGsQwAu3PzU,00023,1.850593299103318,4.032
train,pretrain,lcZyzcTS5GU,00009,0,pretrain,AS3Pyc4Qr2Q,00050,-8.408941354642593,4.736
train,pretrain,M0yhHKWUa0g,00006,0,trainval,1sgb2cUqFiY,50014,9.772100630514718,2.048
train,pretrain,2ju61VPdTzw,00021,0,pretrain,wD3S6JIUF7M,00023,-4.931750829153505,8.256
train,pretrain,kFMZrEABdw4,00022,0,pretrain,U8XD0CcNhPU,00011,-3.507830587433805,9.856
train,trainval,1BfMMoLYMlg,50007,0,pretrain,GgBpyNsSSjU,00019,0.5538221829886485,4.864
train,pretrain,08ZWROqoTZo,00022,0,pretrain,hVShA7g4Joc,00021,-5.4658518092465735,7.68
train,pretrain,nyLYQYHGbvI,00015,0,pretrain,ogeGJS0GEF4,00010,-6.96774871014269,3.968
train,pretrain,0HEXx3SP8kk,00034,0,trainval,IwWuLSwSMvI,50001,1.5162694953162426,4.16
train,pretrain,ufp5iGh0agA,00026,0,trainval,SvZXgApsPCQ,50012,-2.66776987582986,2.112
train,pretrain,4sg9TlsMRVA,00035,0,trainval,O6jrLgvCUNs,50017,5.128196542384524,5.952
train,trainval,86xSuStz0MA,50006,0,pretrain,aFBIPOSP7LM,00020,3.4530241390639667,2.944
train,pretrain,LCuAu67OCDk,00013,0,pretrain,8aSUUhW7SHU,00009,5.4056814266622855,15.616
train,pretrain,PUh5msG0rG8,00017,0,pretrain,a3im2S5mQCM,00002,3.9310929380396598,7.168
train,trainval,JeHqgambbcI,50011,0,trainval,Mr8nvXvlSy8,50042,-9.840756164269877,4.416
train,pretrain,FwLeiY5f7sI,00014,0,pretrain,N39xSWTPix0,00001,-7.979633176242009,7.36
train,pretrain,L7CqpVQDL0E,00010,0,pretrain,ofsncCF9OSU,00073,-7.776729052975435,10.752
train,pretrain,gxuQp1X4mx8,00010,0,pretrain,nCwwVjPNloY,00014,-5.490528475284455,4.928
train,pretrain,56WGgJNBRxQ,00003,0,pretrain,QuaIMgzIOn8,00006,-1.474009982694497,7.488
train,pretrain,Wn1imxwGscs,00006,0,trainval,ZZodGSsPrRE,50003,1.8495108981365593,2.496
train,trainval,a7B39MLVeIc,50007,0,pretrain,dhMoQrLEJe0,00005,5.099339439876182,2.24
train,pretrain,8olL43PKJKw,00029,0,trainval,9y7YEmyzSDo,50003,9.329829646818496,3.072
train,pretrain,h0dSQDgl3gI,00011,0,pretrain,7pVPmmwSeJQ,00001,5.996217065742304,3.84
train,pretrain,u9hauSrihYQ,00014,0,pretrain,C9XIVtUEgFE,00006,2.38880609048271,3.904
train,pretrain,yP2niXStKVQ,00002,0,pretrain,FdXUSZg9pcM,00004,8.779565614815926,4.032
train,pretrain,Tg35UfOJhe4,00019,0,pretrain,MEDgtjpycYg,00032,6.55341113530919,3.584
train,pretrain,uNDWvejza4c,00013,0,pretrain,RxqyO5hafdk,00005,7.315916281308098,11.84
train,pretrain,OISOhvOumT0,00038,0,pretrain,askcLEVCTko,00028,-5.096278355989099,4.736
train,trainval,YhpMSjbVopo,50001,0,pretrain,tBoBC3nBoFs,00013,2.9202993334525402,3.2
train,trainval,ulLFP8axZVQ,50009,0,pretrain,SVB39Jo8mAQ,00039,6.27427871156797,6.016
train,pretrain,KCr8s57hdzY,00014,0,pretrain,SwaBFUgSoT8,00018,-2.7028626833936675,5.568
train,trainval,8etnSTnX92g,50011,0,pretrain,XzDNfLnUOYY,00027,8.235649228952933,3.328
train,pretrain,xWVWhSvNLtU,00010,0,pretrain,r3afSFSG570,00007,-3.601791215868248,5.568
train,pretrain,N0vRIqeoefs,00024,0,pretrain,S3SnIMZ43EQ,00021,8.41479066690382,9.664
train,pretrain,XSHE4HfaSOY,00003,0,pretrain,pWX1oQEGl90,00017,-6.957243062282139,4.8
train,pretrain,PJy8vTu66tE,00004,0,pretrain,q319HSSLs9Q,00006,-6.330498973290844,10.048
train,pretrain,5XD2kNopsUs,00007,0,pretrain,gaY4m00wXpw,00003,3.747880720850432,4.288
train,pretrain,8jPQjjsBbIc,00008,0,pretrain,x7I5BWWS0c8,00010,6.921711137223362,4.096
train,pretrain,D9Ihs241zeg,00013,0,pretrain,jpuDyGgIeh0,00011,-5.483899880238203,26.176
train,pretrain,W1KIgMXPR28,00017,0,pretrain,IL2lb9fmIV8,00005,1.5521626202340357,4.352
train,trainval,7H0USvVSfhU,50003,0,trainval,gjq2BoAF0JA,50002,-7.254770331903879,3.136
train,pretrain,aSLSiIskEFU,00048,0,pretrain,iNtNP6LGek8,00004,7.867624159293641,5.44
train,pretrain,8HplGZBS7FY,00009,0,trainval,xSLkNjQyHww,50001,4.651884092227354,4.096
train,pretrain,PY9DcIMGxMs,00018,0,trainval,j51HsRILGKI,50002,1.5870892486975219,2.176
train,pretrain,kZt3DNCcEtA,00001,0,pretrain,tMQ4OxOxgrc,00022,-4.564876130435209,8.064
train,pretrain,YzhSmnGcSkE,00006,0,pretrain,jzfV2xVsUKc,00008,-2.972832572562309,4.032
train,pretrain,yPGwA7t6bpI,00012,0,pretrain,oW91ATcgXVc,00016,4.932736284298924,15.808
train,trainval,Kn5JRgz3W0o,50007,0,pretrain,j4LSwZ05laQ,00001,-2.075464857646212,4.544
train,pretrain,b8z6HfSq7l8,00008,0,pretrain,yzm4gpAKrBk,00001,-1.0373893219368462,7.68
train,trainval,p49rv25dx0g,50052,0,trainval,sJKFyDbWVqA,50017,1.016734019939685,2.24
train,trainval,ByuWS1bBwpc,50007,0,trainval,UxLRv0FEndM,50013,-6.687008179498672,3.648
train,pretrain,ultonpeO0ZA,00017,0,pretrain,z19gIaUmIBU,00010,-6.738453197816227,15.936
train,pretrain,g9M3HIjHuq0,00015,0,pretrain,qVJBlW0j6tw,00013,-0.32768743517585186,5.376
train,pretrain,tsFKSfItBoE,00008,0,pretrain,1bXAkbCyjpo,00011,-4.305424054369402,6.336
train,pretrain,DWZsOe1j2w0,00024,0,pretrain,XbgdpsXDU2o,00003,-1.94772079571932,6.528
train,pretrain,dY9f9bFctUE,00012,0,pretrain,KIysMV9wbVY,00001,6.787176259264815,8.192
train,pretrain,J9SXc9wxByM,00003,0,pretrain,5p0ptQizXjg,00003,3.02687801186668,4.288
train,pretrain,K5wCfYujRdE,00033,0,pretrain,y9ALB39wRKo,00049,8.756050897827123,4.8
train,pretrain,KsSSMh1QhMc,00039,0,pretrain,23FRUuLcQ6A,00015,-8.702122441874664,6.656
train,pretrain,Y2y7BzjbSNo,00012,0,trainval,zwjLQgNd7XM,50014,4.741996030161973,5.76
train,trainval,p49rv25dx0g,50002,0,pretrain,vUQLN4o63SY,00011,3.149553598249227,6.208
train,pretrain,dJEwC4wCM70,00011,0,pretrain,OfL5JmZnkI8,00006,-0.6374330881543511,16.0
train,pretrain,Fb3yp4uJhq0,00023,0,trainval,xbagFzcyNiM,50001,5.969918991142954,3.84
train,pretrain,AS3Pyc4Qr2Q,00015,0,pretrain,wVGjQSnLg4Y,00007,8.222665668538909,4.992
train,pretrain,o0td5aw1KXA,00055,0,pretrain,tMQ4OxOxgrc,00005,8.49343083270723,7.168
train,pretrain,d5wfMNNr3ak,00008,0,pretrain,a4PUlSHZvf8,00013,-8.75214237826878,26.432
train,pretrain,FwFqvOFefqg,00002,0,pretrain,vwTDeT4v7RM,00003,4.668238339312033,11.456
train,pretrain,3aYWvujaT6M,00027,0,pretrain,VpvzrtPtqeE,00004,-7.381903562835632,6.08
train,pretrain,W9YBCwgrwQA,00001,0,pretrain,U5kIdtMJGc8,00006,2.793683154128569,4.416
train,pretrain,gBGt5OeAQFk,00001,0,pretrain,NMBNZspmn7I,00044,-1.8048034515927203,12.928
train,pretrain,no809a9j25w,00018,0,pretrain,58eTdyeVwbA,00007,6.502412597327805,8.0
train,pretrain,YyBk55G7Keo,00018,0,pretrain,gJv1WdMUz0w,00032,2.2048558920376333,2.88
train,pretrain,9EVEmZ2cSes,00011,0,pretrain,bxkslfQc0EA,00021,-2.965367696016572,17.728
train,pretrain,apbSsILLh28,00053,0,pretrain,buHSvs7LFzw,00021,1.0238841188073877,4.096
train,pretrain,cnDEVgxD6QQ,00004,0,pretrain,XTf9Sdrq1zg,00010,2.9343698270049394,7.68
train,pretrain,Kaq7FhvOtE0,00011,0,pretrain,mWm2qtEeBjE,00010,-5.0192333573101795,4.16
train,pretrain,G6dfUFgKmN4,00030,0,pretrain,RuVdkNdeVAc,00003,-3.8562225609950573,5.12
train,pretrain,jJXMvOqS5bM,00024,0,pretrain,MDL85fzdc1g,00003,3.6717391909977053,5.184
train,pretrain,3nsoNSLS8RQ,00001,0,pretrain,cdpIwjTtLlg,00014,-5.133827221959065,4.608
train,trainval,xAXUqSQc8DI,50009,0,pretrain,bRuU02haIK8,00036,-5.81797253937167,6.016
train,trainval,Cd0JH1AreDw,50003,0,pretrain,MpISFKqk0Ew,00008,-7.947496215382818,5.952
train,pretrain,AQa3kUJPEko,00017,0,trainval,bXnTAnsVfN8,50002,-1.4866268946394285,4.16
train,pretrain,pMUv6UWkuWw,00005,0,pretrain,mRgSUwk1hnE,00016,8.811325989782087,7.808
train,pretrain,i2t8pN5ecMo,00006,0,pretrain,g2m97gPI70I,00024,6.522955266085116,5.248
train,pretrain,IRVdiHu1VCc,00069,0,pretrain,e8JK3qVGuUg,00007,7.868041669890825,13.76
train,trainval,a7B39MLVeIc,50006,0,pretrain,UJ7QaCFbizo,00015,-6.037406410726738,2.112
train,pretrain,hbG89FYKzaY,00022,0,trainval,vGDZmSnSkfo,50011,-3.4077810170878635,2.88
train,pretrain,gCWeVYCcKXw,00007,0,pretrain,yjtCDgjxRAw,00022,-7.079854752021191,10.112
train,pretrain,0JGarsZE1rk,00026,0,pretrain,kLIfeGflNp8,00025,-6.363784252608832,6.848
train,pretrain,rGaj2VImQec,00009,0,pretrain,NhmybGS7FLA,00001,-8.06473400995955,4.736
train,pretrain,TRE4Sll42lE,00020,0,pretrain,fDV4fDWUo6U,00015,-7.931000656388623,4.096
train,pretrain,S9PEogIrHSk,00009,0,pretrain,AkUcaludrcI,00014,-0.651252640160088,7.04
train,pretrain,zLNXIXingyU,00070,0,pretrain,es4w3WUcrN0,00001,9.078343670262548,12.16
train,trainval,tTvIEUGCigk,50005,0,pretrain,h4MhbkWJzKk,00034,9.92297126168306,2.688
train,pretrain,eOU3Tv0vN24,00002,0,pretrain,o0VrZPBskpg,00017,4.962968700209602,10.304
train,pretrain,Qhomjw2PSV0,00011,0,pretrain,B4xOFsygwr4,00044,-3.1523459049057756,10.688
train,pretrain,v2jSfxnRPSE,00011,0,pretrain,a3im2S5mQCM,00002,-2.7131248749413235,7.168
train,pretrain,5duz42kHqPs,00015,0,pretrain,rN7VcY1fS1Q,00007,3.9793723388265043,6.656
train,pretrain,dwU8eavPInw,00048,0,pretrain,vY2l2xfDBcE,00024,5.25751034998053,4.352
train,pretrain,SoJnEQ6bJKE,00001,0,pretrain,SpQ1BCdSTTI,00009,-0.19533833008695112,5.888
train,pretrain,X03jYXszD3Q,00007,0,pretrain,GcJxRqTs5nk,00003,-5.878821798083944,7.616
train,trainval,70uaS1e9YN0,50008,0,pretrain,MpISFKqk0Ew,00015,-0.9011351406379493,3.328
train,pretrain,pF72px2R3Hg,00015,0,trainval,ESwp7HN9Zvs,50001,9.361499644151486,4.224
train,pretrain,h4GEMYsrJSY,00017,0,trainval,Qa2HpQI1Ufg,50006,6.397915728144682,5.888
train,pretrain,xEtXItg9hEE,00021,0,pretrain,npFSbX7DZ6k,00019,3.588951897655626,5.696
train,pretrain,WXOd4qh3JKk,00018,0,pretrain,SXKNASvfHWs,00016,-3.556658928264671,18.88
train,pretrain,u4m65sbqbhY,00006,0,pretrain,oeL72c6scAs,00028,5.141774238335062,12.928
train,pretrain,bIiXsBVTfHc,00004,0,pretrain,vUP0ytS6ba4,00017,1.5627693827096145,38.272
train,trainval,O817Q8G5WL4,50001,0,pretrain,zeSVMG4GkeQ,00017,3.264293573783416,2.24
train,trainval,8Ug1MnU6LKw,50007,0,pretrain,OaGk5BSO0Pg,00009,-6.893036168234692,2.944
train,trainval,FzmXULKUNJU,50003,0,pretrain,LGtNFHtM81A,00013,-1.5475430877329206,5.824
train,pretrain,Bc2wVyl8RLI,00026,0,pretrain,kySSXxxiWHg,00007,8.340613889659384,8.32
train,pretrain,DUd8XAS5HEk,00041,0,pretrain,1hxwsYYz5fI,00012,-9.597409794101548,3.456
train,trainval,rTMqGbTNkNg,50024,0,pretrain,vNDhu2uqfdo,00022,-6.217564388778167,6.208
train,pretrain,cSsxBTNF2U8,00024,0,pretrain,dsfROmgVN5U,00032,0.15195116967916178,7.616
train,pretrain,v3oSF94S4FI,00039,0,trainval,FTUpFYo0rMI,50007,7.333719783174235,4.096
train,pretrain,GtXyGFMBWBs,00020,0,pretrain,Cqj0sgrNL10,00011,7.418896931366458,5.12
train,trainval,iwlSPe0FbSg,50014,0,trainval,o0td5aw1KXA,50006,-1.55174521619195,3.52
train,trainval,yOc9mFvusDg,50006,0,pretrain,kYZqyjzuaOw,00017,1.7280384029829179,5.696
train,pretrain,NdKEy6vcCMw,00037,0,pretrain,3yfFwDq4R5M,00027,-3.1028789736719364,7.04
train,pretrain,CFtsHf1lVI4,00052,0,pretrain,CyKmpyYy14k,00004,-3.1162104719374906,12.928
train,pretrain,jAGgKE82034,00019,0,pretrain,S9PEogIrHSk,00041,-2.1356289886097324,5.632
train,pretrain,KSWL5iqvPlY,00006,0,pretrain,SSudEBkC4O0,00003,-6.827340289404365,8.448
train,pretrain,Z41BTeAU7DI,00020,0,pretrain,l3uttHEZnTY,00006,4.154189208373726,11.136
train,pretrain,0qYTf9evWeY,00037,0,pretrain,9o2CRjTRKIA,00017,-8.668022669922662,3.968
train,pretrain,N9HF8mMe2pU,00043,0,pretrain,8lXYZ6s3Dfk,00005,0.31812545426173244,9.216
train,pretrain,FdHJw0veVNY,00010,0,pretrain,9EVEmZ2cSes,00022,5.040030638978216,19.904
train,pretrain,Sid0oc0w3mQ,00004,0,pretrain,jSOPQgPIdKg,00035,-9.005878122587752,16.448
train,pretrain,qG6SnAIinj0,00008,0,pretrain,syqScVtnKuU,00005,4.268156834778701,11.584
train,pretrain,ScGSlv9dCeY,00003,0,pretrain,KSWL5iqvPlY,00003,-4.409121060402144,3.84
train,pretrain,KVjkFqS7Y6A,00014,0,pretrain,SS6ZojCzNGY,00012,-5.108601792044542,4.864
train,pretrain,43e6eAAeGCs,00063,0,pretrain,W3C23m71Yws,00006,-6.735035058474333,14.08
train,pretrain,uRdQS2sjF2s,00017,0,pretrain,9EVEmZ2cSes,00037,-9.745551965058342,3.712
train,pretrain,2MifgJqOm3Q,00003,0,trainval,LgBjU8ovWh0,50009,1.7561426279288064,4.672
train,pretrain,VM6HZqQKhok,00049,0,pretrain,THJUvXkqmBk,00003,-5.824350045078233,5.824
train,pretrain,pcSlowAhvUk,00073,0,pretrain,8n5O9tz30So,00025,0.950122982367791,4.096
train,pretrain,BjclkhNAO0s,00026,0,trainval,bGBamfWasNQ,50014,-8.236326224438905,2.432
train,trainval,3F2jACWwKdU,50011,0,pretrain,pvBlSFVmoaw,00005,7.214424867143162,3.52
train,pretrain,akOe5SUsQ2o,00051,0,pretrain,t5dSmG8SI34,00015,-0.8836055885175131,9.28
train,pretrain,CsqSDpmgsQg,00014,0,pretrain,j51HsRILGKI,00001,-1.2720999558213855,7.872
train,pretrain,ue4L8kmaKXQ,00012,0,pretrain,2SEv4rU27HY,00025,0.3238122898564626,22.4
train,pretrain,MJKSdMlATmM,00020,0,pretrain,sAMahX5hIgU,00013,6.735119430567202,7.872
train,pretrain,ZmSF9gVz9pg,00030,0,pretrain,YeXcNpVkezI,00010,-1.910818342601189,5.76
train,trainval,kLIfeGflNp8,50002,0,pretrain,PVXQUItNEDQ,00025,2.0492523229102755,2.624
train,trainval,Q0Uo05JoZQo,50010,0,pretrain,huzhvbrcgeQ,00023,-3.164169930988039,5.696
train,pretrain,tsgvhP07BC8,00024,0,trainval,ESNiCniw0JE,50006,6.970104294084326,3.008
train,pretrain,U7fFCaHZvVk,00037,0,pretrain,JSLUS3qLv0I,00003,7.971123042704583,5.376
train,pretrain,X41iulkRqZU,00008,0,pretrain,GsqiJqMFcvM,00002,1.0880940139076216,6.528
train,pretrain,UQkIbUvcs7w,00014,0,trainval,mkdSXHXhCcw,50006,9.107248872570018,3.264
train,pretrain,wQ0NNmo42SA,00020,0,pretrain,SLyoVkOl24E,00013,1.6789773125283638,5.248
train,pretrain,h2KQoHMCwlw,00012,0,pretrain,GqGksNRYu8s,00014,-7.0397891841063025,4.224
train,pretrain,Itmu78W9cOI,00006,0,pretrain,iISw251TIgw,00005,2.1482406444139706,8.576
train,pretrain,uaB6Bdgp3WU,00007,0,pretrain,h1Yg1rURKR0,00003,-3.347360585980379,7.04
train,pretrain,Soe7yjlFEJ8,00002,0,trainval,aqhzFd4NUPI,50041,2.606476604286632,5.696
train,pretrain,gaY4m00wXpw,00017,0,pretrain,hSSmmlridUM,00002,3.49265441123025,4.416
train,pretrain,mWfCqsFP05A,00007,0,pretrain,IWjzT2l5C34,00035,-6.842503852686004,5.376
train,pretrain,v8YoSPXN7UA,00013,0,pretrain,qCrVpRBBSvY,00014,4.926506401900227,6.336
train,pretrain,czfduTtXLbI,00009,0,pretrain,25onkAGt3Gs,00011,4.917413760498686,15.872
train,pretrain,raCIUeGUr3s,00035,0,pretrain,o9NUy12lgs4,00015,4.393115959002161,6.08
train,pretrain,8XQ1onjXJK0,00044,0,pretrain,3dy4SGkSD8M,00021,-6.636151120117173,8.064
train,pretrain,UN8S8qSKmdE,00001,0,pretrain,ihR9SX7dgRo,00013,3.503681716866879,9.536
train,pretrain,p9UC0chfXcg,00040,0,trainval,pOWgXxoSTNM,50001,9.156229791981335,5.376
train,pretrain,SXKNASvfHWs,00015,0,pretrain,vC1uxXvPG0Q,00006,-6.378946535357361,3.904
train,pretrain,LCuAu67OCDk,00008,0,pretrain,lACQknq4sFI,00015,4.563821310328324,2.496
train,pretrain,0akiEFwtkyA,00027,0,trainval,19KkFCQz8WQ,50004,1.186468839039943,3.52
train,pretrain,J6tgYBMXR6s,00046,0,pretrain,fSRWTyY2YSM,00002,5.30717991729354,3.648
train,pretrain,1BHOflzxPjI,00045,0,pretrain,NZspSEdO2Xk,00007,0.46295360529167695,3.52
train,pretrain,MOFdlEbu15g,00009,0,pretrain,wIkvIKeRNoY,00008,2.4136554977659337,7.168
train,pretrain,CyElHdaqkjo,00030,0,pretrain,p0p45l9NMto,00007,9.177573047283506,8.128
train,trainval,DJGreSgaOTc,50024,0,pretrain,itLUXZnLRn8,00024,-6.699985839748004,6.08
train,trainval,MLKj1puoWCg,50006,0,pretrain,pF72px2R3Hg,00026,7.251568921288406,4.096
train,pretrain,06M8qY7Q74Y,00020,0,pretrain,oIGBBPspTKM,00026,-4.501449119115395,9.216
train,pretrain,eyq2Wo4eUDg,00024,0,pretrain,VSTGxJI4JwA,00007,1.951245835570404,4.224
train,pretrain,tAcQfn96yFk,00019,0,pretrain,GOCUH7TxHRI,00005,-4.295443955223721,20.736
train,pretrain,yyemG7V5ynQ,00007,0,pretrain,voLcX6SpF9g,00020,1.8869268939739854,5.312
train,trainval,H1fvr9rGgSg,50006,0,pretrain,P9B8PmUR64U,00011,6.861669478239627,5.76
train,pretrain,14rYeATuCqQ,00014,0,trainval,OAK1UIbSFio,50022,-9.436341030531965,3.136
train,pretrain,0SUTgoPUTLQ,00014,0,pretrain,tlS3r8Gid90,00004,8.474795830948864,13.056
train,trainval,04SEzifEsGg,50033,0,trainval,9jRkACywckE,50003,1.010130037073333,2.048
train,trainval,HEFSHP2XE7E,50002,0,trainval,D9S6G8J6VJg,50014,-8.917583416550732,4.928
train,pretrain,WjOSVcngDHo,00001,0,pretrain,B12syeJflbQ,00031,-6.49741928563863,6.528
train,pretrain,UqyOedEHIrw,00008,0,pretrain,0x2SkWRB8SA,00037,4.689200106422009,5.696
train,pretrain,5tUnSuoYKoE,00077,0,pretrain,RjrS5EqZlUs,00005,-4.400454874215556,7.168
train,pretrain,8Dv2Hdf5TRg,00024,0,pretrain,arj7oStGLkU,00031,5.798835266767334,5.248
train,trainval,bbT8jSPS2LA,50012,0,pretrain,LUO3jqMlWkE,00032,-8.046491614152442,3.968
train,trainval,TureGeSxSew,50003,0,pretrain,P65XdTlk4vA,00022,3.5469304540360387,4.096
train,pretrain,56WGgJNBRxQ,00045,0,trainval,BoRUrWcdkQ4,50006,1.8839271332390837,6.208
train,pretrain,iTdZn78u6pI,00018,0,pretrain,3GBrJiSMFu0,00003,3.9705682271088634,5.184
train,trainval,QgZfyTguSPM,50004,0,pretrain,AhKevstJyrc,00027,9.179830825513491,5.376
train,pretrain,4Lb5LSVEm34,00013,0,pretrain,bX32UShfri4,00015,-2.900099824380808,20.608
train,pretrain,f6CILJA110Y,00005,0,pretrain,4cJ08wOqloc,00015,7.466174889187126,4.544
train,pretrain,5aLiFw8CSEA,00008,0,pretrain,40ieXxoJwZw,00011,9.14585721153668,3.584
train,pretrain,Gv7Y0W0xmYQ,00009,0,trainval,HbQZ7jAvgoI,50002,-2.9445715818443734,5.056
train,pretrain,TQMbvJNRpLE,00030,0,pretrain,n3qA8DNc2Ss,00020,6.7551334804009535,3.84
train,pretrain,esPRsTSlmw8,00014,0,pretrain,R6XSIhgJLzA,00004,-2.7878142617911683,8.896
train,pretrain,5qdZybHSLnI,00003,0,pretrain,dskNubEgzCk,00032,1.0395038662316374,17.344
train,pretrain,NhSTVcNFtVI,00009,0,pretrain,A60UTjiEp4c,00015,7.956930977266193,3.136
train,pretrain,F73O3Sim0Wo,00016,0,trainval,jqWHy6B0ADA,50003,6.969078948441997,3.776
train,pretrain,urKhVssiygA,00003,0,pretrain,lnigGtrwAfs,00006,-5.741244691672436,8.96
train,pretrain,PyS1o4sX1hk,00002,0,pretrain,4EUAMe2ixCI,00043,-8.19780125934793,12.8
train,pretrain,4v4Pf5Dt8Hg,00027,0,pretrain,5aLiFw8CSEA,00025,-4.703958431761926,4.8
train,pretrain,o5ojwGhKr20,00003,0,pretrain,cAsEeYSQE1U,00012,-7.556088062318571,5.632
train,pretrain,c73Q8oQmwzo,00042,0,pretrain,8S66QUJk3w4,00020,1.4387064733370494,8.896
train,pretrain,nshZ0SMsn9s,00005,0,pretrain,16cMSRFid9U,00012,9.712529888438603,6.208
train,pretrain,EL9TBKSdHXU,00003,0,pretrain,JC7WnzM2Lsc,00010,-0.9458544850641175,9.664
train,pretrain,J3pGKt7fESM,00006,0,trainval,S9u71TB0VkA,50002,2.7328015657113376,2.496
train,pretrain,3gSSNHO1dDs,00022,0,pretrain,Oj8eFu72Sfc,00029,-7.017475104568414,7.168
train,pretrain,aiDSQyFdd68,00013,0,pretrain,IKZCw4xdESQ,00015,7.516350715272466,5.12
train,pretrain,btF6nKHo2i0,00057,0,pretrain,KTvSfeCRxe8,00046,6.560910785721113,4.736
train,pretrain,F1U26PLiXjM,00047,0,trainval,zdSdqUuvLk4,50001,0.00772313515420997,2.944
train,pretrain,d38LKbYfWrs,00003,0,trainval,gCWeVYCcKXw,50014,7.105394872276477,6.208
train,pretrain,qykSnLkPM7E,00010,0,pretrain,2G8C36aKnpU,00026,6.933978044190937,4.096
train,pretrain,A3yBxsDv8lM,00002,0,pretrain,dRic5yJC8UY,00002,-4.690468174475566,4.736
train,pretrain,D5iFVKhLStU,00027,0,pretrain,30e60EOO5mo,00006,2.421699368391428,3.776
train,pretrain,xAXUqSQc8DI,00001,0,pretrain,Br1AIvMrvAE,00023,-3.457314044370639,7.936
train,pretrain,y1yK36RMyRE,00017,0,trainval,79tRTivyMSM,50001,-6.844744403991616,5.504
train,trainval,6MBaFL7sCb8,50025,0,pretrain,b2MSSeKey4o,00032,7.102156501537255,5.952
train,pretrain,9YeQi5Zqy1I,00001,0,pretrain,0K5OO2ybueM,00014,-8.706198342929987,10.048
train,pretrain,DZT6YpCsapg,00053,0,pretrain,odIvobLv7C4,00008,-2.5293111784587037,5.184
train,pretrain,6gSwRHScq6M,00032,0,pretrain,9IgOVOPLTYI,00016,9.025119605368104,3.392
train,pretrain,lbIh6yngKHo,00003,0,pretrain,piCQ3StcRUQ,00003,-5.68939854846983,2.816
train,pretrain,Qj4xf3U8dh8,00043,0,pretrain,6xsvGYIxJok,00011,-1.662865693049568,8.256
train,pretrain,jZxLsDkvkVQ,00014,0,pretrain,FauPVZxDXxk,00014,-5.206120103606883,5.056
train,pretrain,y2yka9lyvMA,00063,0,trainval,jVcaTtJmRNs,50001,-4.2699633487046835,2.496
train,pretrain,qGSYmIPFO68,00019,0,pretrain,R84vqXjXWJc,00015,6.053183304465204,3.52
train,trainval,XPkV1bDZDl4,50012,0,pretrain,dLmK4gZ0oz8,00019,7.76771783975218,5.44
train,pretrain,CiSk3gmyjQ8,00008,0,pretrain,dE1DuBesGYM,00050,7.024120838206848,6.336
train,pretrain,sodSeJBf9Y0,00018,0,pretrain,y62pJTJkfbg,00023,0.6126773762885342,3.648
train,pretrain,tbicAmaXYtM,00002,0,pretrain,QPiaadMporw,00021,-5.606821059408524,5.44
train,pretrain,nq0SzGzSc8g,00022,0,pretrain,3vJ4SUH38dQ,00026,-7.509556513930549,4.736
train,pretrain,5LrThfSBeq0,00015,0,pretrain,buRLc2eWGPQ,00009,0.12469953222349872,3.584
train,pretrain,mMYhgTgE6MU,00013,0,trainval,jnS66SszwEs,50006,-4.062994264958846,3.456
train,pretrain,O2OQxHNVLNY,00005,0,pretrain,12OAr0lt4bk,00007,6.642132239294426,4.928
train,pretrain,9P73k8m3Ytw,00002,0,pretrain,XiEQmcZi8cM,00003,6.176503638985274,5.888
train,pretrain,g2J6YOiLNr4,00034,0,pretrain,ohGMgSLJCjs,00030,-6.022332041922698,4.8
train,pretrain,RVX8ZSAR4OY,00026,0,pretrain,rYwTA5RA9eU,00010,8.765922919963845,3.264
train,trainval,3NzgEwye6Uk,50016,0,trainval,8pqStCgDkT4,50005,4.928255981852146,2.56
train,pretrain,0N1oA9LUEc4,00003,0,pretrain,OISOhvOumT0,00006,-1.0711623785796665,7.104
train,pretrain,QoTSdOkjEVs,00017,0,trainval,NI0yARyFoIM,50001,-5.022090263491162,2.24
train,pretrain,BUhksjVTbEk,00021,0,trainval,KE3SK9M3JjY,50010,2.1261046282704417,6.208
train,pretrain,k4N2SxUZwiU,00014,0,pretrain,UyUXxrSS3qs,00007,9.32700600113088,4.928
train,pretrain,E3SSSS5SFHQ,00005,0,pretrain,Tmk7nAvpMXQ,00017,-3.119494975882457,6.016
train,pretrain,x8QxdldkPNM,00022,0,pretrain,b81YwSOs8RM,00002,4.914413817764585,2.816
train,trainval,pY6ulSP70HY,50017,0,trainval,ATISgVUKetI,50005,2.3921917896116263,3.52
train,pretrain,Hh09xlzxRmE,00008,0,pretrain,BWWPZlaq35U,00014,-5.168191918973253,15.488
train,pretrain,COwSbfCgXBw,00021,0,pretrain,e450FJaS3no,00018,-2.720916493671801,9.792
train,pretrain,Nhwq12TKkQQ,00022,0,pretrain,4mFzIumKKsc,00003,9.929134377112803,15.68
train,pretrain,8COaMKbNrX0,00037,0,pretrain,sLiM2SizFl4,00067,-5.399112297127539,4.16
train,trainval,6XNrzmh0EVs,50016,0,trainval,6bVhrpkp0WU,50009,5.842180477676774,2.24
train,pretrain,MOFdlEbu15g,00012,0,pretrain,9AgCr2tTvng,00027,-5.973858705217645,8.64
train,pretrain,IXBalykzauE,00007,0,trainval,FEeTLopLkEo,50015,-2.270963926470495,3.136
train,pretrain,cfR6tiSWSAM,00002,0,pretrain,HDjM5lw8OYo,00032,-6.2193635843191934,4.736
train,pretrain,qH4GAXXH29s,00028,0,pretrain,PyXZvuxDkC4,00005,-9.991164711865306,7.616
train,pretrain,moS9iMlmsP0,00004,0,pretrain,4wOxJOPnSUg,00014,-2.001898352767933,3.968
train,pretrain,BwC4WRKi5QY,00004,0,pretrain,3GBrJiSMFu0,00013,-9.794531367243112,10.112
train,pretrain,q1pKLVX3VSA,00011,0,pretrain,1mUDw0sRZV0,00019,-3.4580684275571887,10.56
train,pretrain,dY9f9bFctUE,00045,0,pretrain,1O2l1dcSohA,00022,2.624078949359049,6.4
train,trainval,q06YIWCR2Js,50003,0,pretrain,X41iulkRqZU,00008,5.794062286601587,3.328
train,pretrain,C74amJRp730,00020,0,trainval,3YAF5JdsMm8,50004,-2.8994618628643405,5.632
train,pretrain,AU66C6HePfg,00030,0,pretrain,iF5SaDJOr6U,00002,-7.213732033374411,6.208
train,pretrain,2ZviHInGBJQ,00040,0,pretrain,FwFqvOFefqg,00009,3.3142646767322184,11.072
train,pretrain,hvStFIuhD8E,00010,0,pretrain,h27g5iT0tck,00026,5.6001974417216775,5.696
train,pretrain,BKOqq21S4Nw,00013,0,pretrain,tRqVPRwKn2o,00025,7.8637949742454865,5.696
train,pretrain,pn8p3rOaA5I,00019,0,pretrain,6k8YBJ5sgko,00013,4.677110944119336,2.752
train,pretrain,7VRzn8hc5mc,00010,0,pretrain,LETgWDSSzSI,00008,4.360227313748323,6.208
train,pretrain,omGbKQIzoWY,00009,0,pretrain,zfSmvhtkASE,00010,-6.784360718973721,7.488
train,pretrain,kQa11RMCeSI,00006,0,pretrain,AE0gO5wSaok,00004,-3.670384930107941,19.136
train,trainval,6xsvGYIxJok,50008,0,pretrain,TXaXvrd3jS4,00010,-5.002136113877866,3.264
train,pretrain,tMSU6k5SWXg,00017,0,pretrain,sYUjyH8Y0No,00006,9.48421244538499,7.36
train,pretrain,VLe84OkwKOA,00024,0,trainval,7Z9xCX4ifJo,50005,5.849386813143276,3.008
train,pretrain,lzSkIDxbzGA,00015,0,trainval,BBSVLGf7zPI,50002,2.3516098886591212,5.312
train,pretrain,LS6TWtYWaPA,00011,0,pretrain,4jUdCy6Vghw,00016,2.584865941329209,11.968
train,pretrain,uHs2Auz5s6w,00008,0,pretrain,MqnbE5WRPEU,00003,1.5515743234167196,14.72
train,pretrain,UN8S8qSKmdE,00009,0,trainval,bbT8jSPS2LA,50019,-6.734200914538471,6.208
train,pretrain,kLIfeGflNp8,00025,0,pretrain,BWWPZlaq35U,00019,-4.875806581581779,6.848
train,pretrain,jodhovumkHQ,00013,0,pretrain,k4vzhweOefs,00017,-8.664141381919993,9.088
train,pretrain,XSHE4HfaSOY,00004,0,pretrain,uP3pg3alCRw,00019,7.3309363293811245,4.416
train,pretrain,hVsnkRoYfX0,00013,0,pretrain,luiz913mWM8,00001,8.498000525382846,27.008
train,pretrain,WKXmw7uZc5U,00014,0,trainval,J6tgYBMXR6s,50014,9.238274091942579,3.2
train,pretrain,ufp5iGh0agA,00003,0,pretrain,7pVPmmwSeJQ,00020,4.495249697459586,6.976
train,pretrain,5WI6ZqCUNk0,00008,0,pretrain,lECfUfqNVoo,00019,-0.1491911437642628,4.864
train,pretrain,o3oDpCb7VqI,00037,0,pretrain,xLuMcYn8Yk0,00014,3.2655078745214787,6.208
train,pretrain,WfDSFRPjQTo,00006,0,pretrain,Gp5CqfHS5h0,00003,6.193011969415714,12.928
train,pretrain,PiVB5niLrWg,00024,0,pretrain,B905LapVP7I,00003,-4.996870763095,12.416
train,pretrain,1gTNgijhKzw,00005,0,pretrain,HjSGqwAFRcc,00007,-1.6682107713542393,13.44
train,pretrain,w3q89BTJj3o,00028,0,pretrain,U9cGdRNMdQQ,00008,6.188160128144457,5.632
train,pretrain,ts9JpM0gHMU,00014,0,pretrain,1xgCI05l2GA,00032,8.476507610649083,6.208
train,pretrain,HH3m1OSiOT0,00010,0,pretrain,BR9dbjubfuU,00005,8.329022971767802,19.648
train,trainval,uXlSmKZ7aSc,50015,0,trainval,zcwySEjaQlc,50001,-0.9093252052269527,3.456
train,pretrain,MoSmgcxGYYE,00063,0,trainval,IHBGLHgIWJM,50001,2.1706267983403436,3.968
train,pretrain,IwidCkCmWg4,00002,0,pretrain,s6rJLXq1Re0,00034,5.603326920742608,4.288
train,trainval,AHcTWlxWzpE,50010,0,pretrain,5OISkgjSjkA,00012,-1.2296962548301806,4.736
train,trainval,LgntY0dOfSc,50012,0,trainval,cgxZ4H3gJ8c,50006,1.2711633493087788,2.368
train,trainval,EijI8QaExDg,50013,0,trainval,z19gIaUmIBU,50011,5.393316051238926,2.048
train,pretrain,ywgdCrcx6oM,00019,0,pretrain,0wpCZxiAQzw,00003,-2.2770088944298745,3.968
train,pretrain,1Yz7Snu6pnI,00018,0,pretrain,4wOxJOPnSUg,00048,2.5318651674117927,8.64
train,pretrain,Bp2FvktSTRM,00003,0,pretrain,0NV1KdWRHck,00061,5.292088197596742,9.344
train,pretrain,ulLFP8axZVQ,00002,0,pretrain,GROCkg810R0,00035,6.408714689306169,6.4
train,pretrain,bczm0RsIZUM,00001,0,pretrain,kTsqFn33RiQ,00026,2.7317674356570123,8.256
train,pretrain,Eo9bb3U9wPs,00015,0,pretrain,shqLZyONA0M,00001,-2.4150782596570224,4.224
train,pretrain,CWU13rx44j8,00015,0,pretrain,2OH1xSaKSmI,00018,-2.5574939601109055,5.056
train,pretrain,6XS8TA4RBog,00018,0,pretrain,5pXelS1clHs,00019,8.247579967858712,4.608
train,pretrain,QOSPNVunyFQ,00026,0,pretrain,Cqj0sgrNL10,00046,-7.135402052013253,4.864
train,pretrain,wX78iKhInsc,00016,0,pretrain,ImQrUjlyHUg,00074,0.581315980908343,5.696
train,trainval,L6N06hTuESE,50013,0,trainval,QuaIMgzIOn8,50016,-1.7961019142955497,2.496
train,pretrain,qMppKiqMpAk,00014,0,pretrain,9KACXVScWS4,00027,-1.6698580907715268,5.76
train,pretrain,jyZAgG8SSXg,00002,0,pretrain,AAsSqx2aLsA,00009,-7.571597623091931,11.648
train,pretrain,1bXAkbCyjpo,00003,0,trainval,oeL72c6scAs,50006,3.2377106912443825,6.016
train,pretrain,63tVsJI31Tk,00003,0,pretrain,adijpJHdWIU,00001,6.696627260001293,7.36
train,pretrain,MQtWJARMoLw,00009,0,pretrain,zkQL7UJYDIY,00015,-7.776898110489392,8.0
train,pretrain,NZspSEdO2Xk,00033,0,pretrain,paSYuxyRDuw,00010,-6.63641834429749,8.96
train,pretrain,rbnBeSvXGQM,00017,0,pretrain,EszGIvRdgTE,00025,-4.535935256878787,25.664
train,trainval,J6tgYBMXR6s,50015,0,pretrain,PTUcj45juXg,00010,1.6360318498237785,4.48
train,pretrain,U2dHczVSCdo,00027,0,pretrain,20DZsCdCuOg,00004,0.055513089732230014,4.608
train,trainval,qqNLSZ6SSSc,50001,0,pretrain,SFW0TEFKCxk,00014,-6.935404912134144,5.248
train,pretrain,S8DwxjDrNNM,00009,0,pretrain,FsSKVSf1EJk,00009,3.052290284157042,9.856
train,pretrain,OmMv9tShW8k,00008,0,pretrain,4EUAMe2ixCI,00034,1.2001643154894701,2.368
train,trainval,cfR6tiSWSAM,50008,0,pretrain,wAIP6fI0NAI,00032,-5.387180254005384,4.288
train,pretrain,ibcgMSS0mAs,00007,0,pretrain,7jRND5IU3Qg,00025,7.104666118126886,16.192
train,pretrain,dFC2pSkETas,00014,0,pretrain,pz1TDXKSTHc,00007,-7.78832150678401,6.208
train,pretrain,ROXUPr8Wqds,00009,0,pretrain,LgBjU8ovWh0,00034,4.921896206537733,7.616
train,pretrain,g1bOpgoOI3g,00014,0,trainval,VPweEhht9y4,50003,6.691126359214511,3.392
train,pretrain,bJkv9b9o9lo,00004,0,pretrain,yg8SBuTuoKk,00015,-2.230104411407541,5.632
train,pretrain,KiPcxhJtuPQ,00063,0,pretrain,U1a72bvusS0,00006,6.8306259078146745,4.288
train,pretrain,fSErHToV8IU,00009,0,pretrain,MwzqSswl4cI,00027,5.473923780767414,3.2
train,pretrain,YMyofREc5Jk,00011,0,pretrain,fWqKalpYgLo,00006,-2.106666382422528,4.864
train,pretrain,415VX3QX4cU,00020,0,pretrain,I2xDZlpInik,00001,4.405484365403151,6.016
train,pretrain,eFwaRDqTUL8,00003,0,pretrain,potB0voQzNg,00071,5.746449152449479,4.992
train,pretrain,fIqABIcKIvs,00022,0,pretrain,d8s8e8JdGCc,00017,-0.48168985600176306,4.608
train,pretrain,rcdwNSDSTl4,00031,0,pretrain,Mjl1i13JKNM,00027,7.325218846085207,8.064
train,pretrain,G9wIXAGzn1w,00010,0,pretrain,ORBf73HiJns,00030,4.115450086809302,9.216
train,pretrain,rOVkASt39Uc,00006,0,pretrain,3OMgvtWNHp4,00002,-9.27259004799714,8.512
train,pretrain,D5iFVKhLStU,00006,0,trainval,bHLgTUV0XWI,50003,7.59972284413821,3.136
train,trainval,uHRG3Vr9qyI,50040,0,pretrain,RxmzCJug9HE,00015,-9.551327990633862,6.08
train,pretrain,DOYASAY7dO4,00035,0,trainval,8SAWKDRHZuw,50006,-4.712400393414697,2.496
train,pretrain,nAMrtHC2Ev0,00015,0,trainval,7Xmr87nsl74,50011,8.395391292298452,6.208
train,pretrain,NdKEy6vcCMw,00033,0,pretrain,Ogce5D2XMZ0,00002,9.246458555754423,4.608
train,pretrain,C9XIVtUEgFE,00013,0,pretrain,nshZ0SMsn9s,00001,6.128352018342117,4.224
train,pretrain,mw2z9lV3W1g,00018,0,trainval,Br1AIvMrvAE,50008,-2.0411300434488444,6.208
train,trainval,zuLOT6GsAxw,50019,0,pretrain,oW91ATcgXVc,00021,4.943042555960801,5.888
train,pretrain,folTvNDL08A,00003,0,pretrain,3sWTLAS0m9U,00008,2.0123224834337563,27.2
train,trainval,Sv36Vt9GmH8,50001,0,pretrain,dhMoQrLEJe0,00009,-6.23391366234763,3.52
train,trainval,nC06omDS0kA,50001,0,pretrain,SFOCpMAww28,00010,-8.345331890540574,2.816
train,pretrain,I6M54p8VQFA,00001,0,pretrain,R7beBKnH9u0,00034,1.4773120354080955,3.52
train,pretrain,l5ZJ6bK1EIc,00011,0,pretrain,5pIGDw18mIQ,00006,9.622453407852817,10.816
train,pretrain,XYEChpVS04s,00002,0,pretrain,6bCHq1OvGR4,00007,-9.132131634590737,3.584
train,trainval,R2kOgSVF2Uk,50005,0,trainval,sYUjyH8Y0No,50020,8.581843089934644,2.176
train,pretrain,P3fIZuW9PSM,00023,0,pretrain,Y2y7BzjbSNo,00025,-4.01858260777932,6.464
train,pretrain,3Z6x5t5A9so,00017,0,pretrain,DUd8XAS5HEk,00049,5.876552944150983,8.128
train,pretrain,PcQwHHbjZ0A,00031,0,pretrain,5K57kcs15DY,00030,9.15945359280931,11.84
train,pretrain,DW5YctpK7pM,00001,0,pretrain,iTdZn78u6pI,00015,1.8458607432034508,6.528
train,pretrain,NtOoDN0ojxo,00018,0,pretrain,sLo97Bu8Fo0,00016,9.296250700875099,15.168
train,pretrain,QSfFattg8N0,00006,0,trainval,h0C2LPXaEW4,50026,4.989462048633662,4.16
train,pretrain,VMwjscSCcf0,00026,0,trainval,fbeFn1Xcqo4,50006,-2.970804809200094,2.048
train,pretrain,Ytw0I6ytRto,00030,0,pretrain,ZliT1BiEVvo,00001,0.6619490956983825,12.928
train,pretrain,kZP8KqrSbcw,00002,0,pretrain,c6mhFgAjqwA,00043,-7.252303098191777,6.016
train,pretrain,25onkAGt3Gs,00002,0,pretrain,E6ynZcLdi2Q,00009,-0.3055039074544119,7.68
train,pretrain,LSdPxGLesE4,00032,0,pretrain,4mJ1aHFPS1M,00008,9.20461401328214,8.448
train,trainval,H6n3iNh4XLI,50032,0,pretrain,2g9GedPylM8,00023,6.564301570983272,2.944
train,pretrain,FcoJt2KLC9k,00008,0,pretrain,A0V9Rk9tNL0,00008,-0.837086501875719,4.928
train,pretrain,96HHmILhyrE,00018,0,trainval,twG4mr6Jov0,50003,0.7905978085893608,2.88
train,pretrain,vNyZmSg92HI,00007,0,trainval,56WGgJNBRxQ,50015,0.12244927879099521,5.824
train,pretrain,YkzwHuf6C2U,00019,0,pretrain,b2qM1ISJCEQ,00037,-0.6738157181913493,5.248
train,pretrain,5RLqVpo3j20,00001,0,pretrain,LTnI7cmpDZI,00008,4.026264160428347,6.656
train,pretrain,OlLFK8oSNEM,00035,0,pretrain,ZWfCi9WxK1E,00026,-6.169655997244368,3.584
train,pretrain,n9ZSpccScW0,00018,0,trainval,fKyljukBE70,50001,-9.435382948631332,4.928
train,trainval,tBbyP0P7BRg,50006,0,pretrain,qykDS2AXKIU,00004,-0.2448802222395301,6.08
train,pretrain,sBaiRpIpPKQ,00015,0,pretrain,paSYuxyRDuw,00002,6.141757186412427,5.76
train,pretrain,7SfQLQ7eyA8,00009,0,pretrain,l3uttHEZnTY,00010,-1.1622585760261686,2.624
train,pretrain,Td2hfdXQ5x8,00006,0,pretrain,tTcl5I0Wbzk,00001,-7.5856031974625875,4.928
train,trainval,ALTvG9MIR64,50004,0,pretrain,KExLCJAuTXA,00021,3.305915533013321,2.496
train,trainval,xMS9HlSSLSA,50004,0,pretrain,bSiGZPtWXzE,00005,9.028460180662602,5.632
train,pretrain,JiwZQNYlGQI,00019,0,pretrain,sYOS4qOHxdg,00011,9.535195559231099,3.392
train,pretrain,k7djE1X16og,00027,0,pretrain,rSqYQXRVP0k,00002,-3.770738079965666,6.848
train,pretrain,eRQdAOrqvGg,00014,0,pretrain,CycOuSVQOnM,00015,-2.137887687092512,9.28
train,pretrain,eRQdAOrqvGg,00038,0,pretrain,TXaXvrd3jS4,00015,0.21798817915343704,16.448
train,trainval,GB4s5b9NL3I,50011,0,pretrain,VObLitSe3K0,00024,0.9570973930954825,6.08
train,pretrain,RPicL1AWrs8,00019,0,trainval,bkeBjPS9ZR4,50003,-0.2657885142018017,2.56
train,pretrain,x2sT9KoIISM,00005,0,pretrain,Peu7eeGtmQ4,00006,0.6139451586725109,3.84
train,pretrain,1G8dQQrlbbA,00002,0,pretrain,byHcqsGvcj8,00020,5.536817971231724,5.504
train,pretrain,lxovD2LQVUQ,00019,0,pretrain,4ZB29iqSZd8,00009,2.466233310253152,5.888
train,pretrain,o0q3veMwv6A,00010,0,pretrain,0N1oA9LUEc4,00023,0.2319332340975162,9.856
train,pretrain,P3fIZuW9PSM,00011,0,pretrain,ZJPdJuhI03U,00010,9.518072285052636,6.336
train,pretrain,YeXcNpVkezI,00012,0,pretrain,EEjyPqyFeSs,00024,7.184158085582791,5.12
train,pretrain,BjclkhNAO0s,00003,0,pretrain,O6jrLgvCUNs,00007,-3.0468524899228155,27.456
train,trainval,CiSk3gmyjQ8,50004,0,pretrain,UoruUSrndBA,00009,9.019341713761506,6.016
train,pretrain,NRcPXtqdKjE,00024,0,pretrain,NdKEy6vcCMw,00020,2.053889913197093,4.48
train,pretrain,JRHzQG0aI8w,00025,0,trainval,uVAaZVz9pDs,50005,3.0339949647047515,3.264
train,trainval,wD3S6JIUF7M,50006,0,pretrain,2JSZ66uMRwc,00043,8.788121165940066,2.432
train,pretrain,mKe3QKctaS8,00012,0,pretrain,RhgrbQmYOSY,00016,1.8610173652183786,7.808
train,pretrain,CFrrgfEuMwc,00016,0,pretrain,UMSWdzT6rV8,00012,8.784875962214041,5.376
train,pretrain,3uFbJG6tBpI,00020,0,trainval,wfNX1cHkSfE,50011,4.939596708868448,3.264
train,pretrain,aOW7JZaqKGA,00017,0,trainval,MOFdlEbu15g,50027,9.912395016388878,5.76
train,pretrain,lnigGtrwAfs,00005,0,pretrain,1YO1FmVAPrA,00014,-8.128008784295526,42.496
train,pretrain,2wseM6wWd74,00004,0,pretrain,Mjl1i13JKNM,00023,-6.753276716166196,10.304
train,pretrain,RvnS3cCrl9c,00009,0,pretrain,7A66iZQXNh4,00016,-2.78713832367107,4.8
train,pretrain,O6jrLgvCUNs,00008,0,pretrain,bhgonb4EqXI,00010,4.5351924089071805,11.968
train,pretrain,V1gxziZwmkc,00019,0,pretrain,9o2CRjTRKIA,00016,8.65932869421982,3.584
train,pretrain,1hxwsYYz5fI,00012,0,pretrain,bmFhWr693is,00011,-3.1423901711448305,3.456
train,pretrain,yDubrSRjlCE,00038,0,pretrain,xRL2vVAa47I,00016,3.0874088769694126,5.952
train,pretrain,oDdcx5luv5s,00002,0,pretrain,lAzQWtkPzbI,00004,9.848946519804553,10.624
train,pretrain,7wJTgUCxnKA,00013,0,trainval,0ygtX2nyexo,50007,-4.532558458961631,4.16
train,pretrain,BMDSPhk7JSY,00012,0,pretrain,6weGCM3sWKc,00001,2.193124494935379,2.496
train,pretrain,SJ5bDhMP9lQ,00011,0,trainval,wQJC2MMB8nA,50049,-4.025624260122278,2.752
train,pretrain,aIFFFGf1ZRE,00030,0,pretrain,paiRIkWVy0o,00003,5.407121955599894,8.256
train,pretrain,lw3YTbubyjI,00010,0,pretrain,zXCiv4sc5eY,00023,6.500687563072091,7.296
train,trainval,2m9kC1yRnLQ,50005,0,pretrain,y3jYVe1RGaU,00053,-3.4896596812372493,3.008
train,pretrain,BwOd20Mv0hM,00015,0,pretrain,5p0ptQizXjg,00001,-9.634459275783943,4.416
train,trainval,UwtYQFSJSQc,50001,0,pretrain,RsxlLsHtoBI,00028,2.3115140840533677,6.208
train,pretrain,pQcFJSo3jpw,00005,0,trainval,abMQhaMdQu0,50003,0.16669799893639592,2.816
train,pretrain,buRLc2eWGPQ,00039,0,pretrain,WXOd4qh3JKk,00003,8.986748385253943,8.96
train,pretrain,kOPMqiKhoSc,00047,0,pretrain,y9ALB39wRKo,00034,5.420663013999912,6.336
train,pretrain,BzDEFAGvShc,00016,0,pretrain,2dRlssVF7fc,00019,-5.115499014719531,4.608
train,pretrain,FTUpFYo0rMI,00012,0,pretrain,xjxyEwjG2Es,00011,-3.696114739390632,6.208
train,trainval,U7fFCaHZvVk,50001,0,pretrain,XGq3MXQlRJs,00023,8.017973559924613,6.208
train,pretrain,kTz52RWSbD0,00015,0,trainval,XGq3MXQlRJs,50016,-2.798997630322444,2.688
train,pretrain,2t13Rq4oc7A,00008,0,pretrain,ok54sSWquT4,00017,0.379818783377317,4.48
train,trainval,S6BLFdBfgfU,50009,0,pretrain,LBvHI1awWaI,00005,0.7581048359773064,2.176
train,pretrain,8J622Kyt4r0,00001,0,pretrain,eMVWSUeeg8A,00005,-2.9802732926758457,3.904
train,pretrain,ShY9QSdaReY,00019,0,pretrain,Nhx1SyXMwCg,00005,-0.9489589774856011,7.616
train,pretrain,jpuDyGgIeh0,00003,0,pretrain,0nI65jgHG9o,00023,-2.4827144038085596,10.496
train,trainval,P6w7Eq7YhL8,50002,0,pretrain,9P73k8m3Ytw,00018,9.996675833309908,4.16
train,pretrain,G8gJJuCdPSA,00024,0,trainval,sNV4yIyXXX0,50027,-3.2985234953489257,2.624
train,pretrain,W8OiVZrAj4c,00025,0,pretrain,x5LshSZn5RA,00010,3.0307581428200088,8.384
train,pretrain,ERSZb2wHFDw,00009,0,trainval,fnS9f5x0f1Q,50019,7.341421316426697,2.944
train,pretrain,lACQknq4sFI,00001,0,pretrain,lXNE4MD2X2w,00004,1.5759266725081744,5.056
train,pretrain,6tpsSu5O0Ws,00054,0,trainval,YhG1Bgbsj2w,50011,9.980978990956011,5.12
train,pretrain,cnDEVgxD6QQ,00034,0,pretrain,dwU8eavPInw,00005,-8.576146785050893,3.648
train,pretrain,VnzBGZA2z3w,00003,0,pretrain,uTbASmxo858,00021,0.5942343753393793,13.056
train,pretrain,mKe3QKctaS8,00025,0,pretrain,7Iv2nZnZOrM,00011,-8.820314435935636,7.552
train,pretrain,NEW8RKyMDV0,00018,0,pretrain,LpNkuaVnlPY,00006,5.937579167843465,28.16
train,pretrain,pbSSrJGgVIo,00011,0,pretrain,AK9OBSx77S8,00014,1.6508919984853705,9.216
train,pretrain,PcQwHHbjZ0A,00048,0,pretrain,gVSyVSIybBM,00003,-0.9813431695496071,4.096
train,pretrain,gWD6g9CVSsc,00003,0,pretrain,2i0dGoh3VUg,00009,4.091371200539184,3.2
train,pretrain,vC1uxXvPG0Q,00038,0,pretrain,VLe84OkwKOA,00034,8.935713608138947,8.0
train,pretrain,FN0fjOsJIxk,00017,0,trainval,GzzHawjP648,50002,-0.15360465427289682,3.648
train,pretrain,6bCHq1OvGR4,00018,0,pretrain,YPLGuwXomYQ,00011,5.812091468865967,3.712
train,pretrain,lYdk1NK9Sr0,00041,0,pretrain,OIpgrZ8ySSQ,00018,-0.6629169517454407,3.84
train,pretrain,o4Nno6POrwE,00043,0,pretrain,lUHy84tSDrA,00010,-5.3912036535983905,5.696
train,trainval,VC3H1lMEeS4,50014,0,trainval,7Y9W1Gex660,50002,-7.712960633594701,2.56
train,pretrain,ImQrUjlyHUg,00010,0,trainval,bCjfy8Z7dv8,50002,-4.042550746533442,2.368
train,pretrain,4BwSMSCFdu0,00012,0,trainval,UyUXxrSS3qs,50002,8.527610790456709,6.208
train,trainval,OEydHbngSz0,50003,0,pretrain,LUNBiST4KSs,00011,2.6570175363987865,6.208
train,pretrain,3gSSNHO1dDs,00007,0,pretrain,4mFzIumKKsc,00004,-5.20862172058139,6.528
train,pretrain,w6vVXmwYvgs,00003,0,pretrain,p7YRnLbmLGs,00008,-5.932046561854132,8.256
train,pretrain,z4fsN1DSEVk,00004,0,pretrain,DBoShCrKfLQ,00020,-3.185078987862515,3.84
train,pretrain,oA0ws8rwdSc,00003,0,pretrain,BXlnrFpCu0c,00007,3.0269548403902586,3.2
train,pretrain,rSxVSM0KPo0,00011,0,pretrain,gZga0AmCGdE,00011,4.584317254965622,5.056
train,pretrain,PUh5msG0rG8,00011,0,pretrain,Svm5Czaf82k,00009,-9.276298610293361,3.584
train,pretrain,Fr26scqsIwk,00012,0,pretrain,JBLc4Ekl3BA,00029,1.3130791926315162,11.2
train,pretrain,8jkri0AeZWQ,00004,0,trainval,rGgoCm1hofM,50006,-2.6423086389333665,2.56
train,pretrain,sAINrzTddA0,00007,0,pretrain,DGvPfD1Dd1U,00013,-1.0276698756604787,12.096
train,pretrain,t1ZSoufuQg4,00006,0,pretrain,jPyR3UDhOm4,00008,-6.549349576336157,6.656
train,pretrain,t9c7aheZxls,00005,0,pretrain,SQwRsVyk7us,00011,6.625751102225138,7.296
train,pretrain,OtUSnXV0i4E,00022,0,pretrain,lACQknq4sFI,00014,-4.554536906864048,7.168
train,pretrain,j2ax758kW6o,00001,0,pretrain,FPhHHtn8On8,00014,-8.417475700404871,22.208
train,pretrain,ouXGIw7gBmk,00020,0,pretrain,Qi8MoU6g8Sc,00005,-7.156038971589811,9.472
train,pretrain,iUbfRzxNy20,00037,0,pretrain,2NENlXsW4pM,00005,-8.469418389781731,4.608
train,pretrain,c2tOp7OxyQ8,00004,0,pretrain,0gMCZFHv9v8,00016,-0.9435137741716559,5.44
train,pretrain,yjtCDgjxRAw,00004,0,pretrain,XS85KAYKOT4,00027,7.879651652602469,11.648
train,pretrain,KE3SK9M3JjY,00010,0,pretrain,sS9ys09BkGE,00025,-5.747641842153046,28.736
train,trainval,deT1mILtFEY,50023,0,pretrain,y3EG6cO3ngc,00005,-3.2141381960983173,2.816
train,pretrain,unSnvLgyf3o,00005,0,pretrain,MCeaijwHxS0,00010,3.9225365631100786,12.224
train,pretrain,FsGu5YTM1NI,00018,0,pretrain,LMrzdkSYnYY,00039,8.952631726525539,3.776
train,pretrain,sYUjyH8Y0No,00041,0,pretrain,GCOc31fQi7A,00006,-8.798108030081135,23.04
train,pretrain,4v4Pf5Dt8Hg,00013,0,pretrain,IwWuLSwSMvI,00007,4.069622924406598,5.44
train,pretrain,RtFFT4zjyTM,00029,0,pretrain,H03o2WCBoDU,00032,-6.985505555099898,11.712
train,pretrain,iueVZJVEmEs,00027,0,pretrain,hVsnkRoYfX0,00008,5.596823249888237,20.736
train,pretrain,Pr57T0RaSjc,00003,0,pretrain,xh8el8m9mLM,00017,-6.52315194373652,5.568
train,pretrain,HNMQSw7hXTA,00006,0,pretrain,mkdSXHXhCcw,00073,-3.9821452257129764,8.896
train,pretrain,SpUtz75lNaw,00009,0,pretrain,vHhn7z6BA0w,00049,6.637135502719236,5.504
train,pretrain,IXBalykzauE,00057,0,pretrain,bp9KBrH8H04,00001,-7.885532730791924,7.616
train,trainval,Ftow7dSpaiY,50003,0,trainval,ce31WjiVcY0,50012,6.804521698783958,4.224
train,pretrain,wgeh4xhSA2Q,00008,0,pretrain,iUbfRzxNy20,00024,4.986625382596259,6.208
train,pretrain,0d6iSvF1UmA,00008,0,pretrain,QOjVk3cQFB8,00014,-2.028173634160355,12.928
train,pretrain,mhJumNSd9OI,00003,0,trainval,VPxEde3Q1F0,50001,8.546024015985012,6.016
train,pretrain,lnigGtrwAfs,00016,0,pretrain,5AN5fPFtV0U,00012,-2.894436595549445,6.912
train,pretrain,F8bM8K7WSR8,00016,0,pretrain,QPC5SP2SFu8,00003,-0.9357376967072497,11.52
train,pretrain,xnovQVRHj5c,00011,0,pretrain,syjEN3peCJw,00037,8.677364246898534,8.32
train,pretrain,mRgSUwk1hnE,00002,0,pretrain,MLyguFQR5N4,00026,9.079468088166788,3.648
train,pretrain,LETgWDSSzSI,00003,0,pretrain,4YS3gGpnPe8,00001,4.9931934611563396,10.432
train,trainval,hQ4XmSR9zw8,50004,0,trainval,SI3v6KS2Zgs,50006,-7.018569188821637,2.56
train,pretrain,PYSkd46RfVE,00035,0,trainval,W9YBCwgrwQA,50012,7.503748231825661,6.144
train,trainval,SKx2lfobPuU,50018,0,pretrain,YdSSA7POsN0,00008,1.7464134155698368,3.776
train,trainval,tiWwrdMqvvM,50015,0,trainval,3E46oWB4V0s,50039,-2.4600893698624304,2.368
train,pretrain,gevXeQwS1jg,00039,0,pretrain,MwzqSswl4cI,00037,7.624484618738894,4.48
train,pretrain,2Kk9R2rhwlQ,00011,0,pretrain,kZt3DNCcEtA,00020,-7.744219441150408,6.08
train,trainval,vcSn852sv3E,50006,0,pretrain,40riCqvRoMs,00011,2.898033154831124,4.096
train,pretrain,cI9vSC1eQ18,00026,0,trainval,DsSrzoyyfF0,50021,-7.531483073979333,4.416
train,trainval,CzgS9C7gw0o,50012,0,pretrain,ZzugJPASNB8,00012,-1.2498161973631206,3.328
train,trainval,p49rv25dx0g,50022,0,pretrain,FuahzV12mi0,00006,-8.786914602063911,6.016
train,pretrain,ncwpzEoVZCk,00024,0,pretrain,iueVZJVEmEs,00012,1.7766400215186806,5.568
train,pretrain,enW2OUGzqtQ,00019,0,trainval,0SkdP36wiAU,50002,7.619390290592747,3.2
train,pretrain,O6GimGZz6a8,00001,0,pretrain,3yfFwDq4R5M,00009,3.8267351950358233,3.904
train,pretrain,dsfROmgVN5U,00032,0,pretrain,shqLZyONA0M,00006,0.9189213315046789,7.616
train,pretrain,FJFxLQCo83U,00029,0,pretrain,HpAaSOgpi50,00025,-7.682571168055117,9.088
train,pretrain,B4xOFsygwr4,00033,0,pretrain,fmS0sTNcDIo,00018,5.486274506742143,6.976
train,trainval,90mj79GqWhc,50004,0,trainval,APPbSStpGHk,50001,5.2100084930006325,2.816
train,trainval,48NRknBcz6k,50001,0,pretrain,MQrhPhan5Gw,00014,-9.219091087214814,2.88
train,trainval,3E46oWB4V0s,50027,0,pretrain,ywgdCrcx6oM,00003,-2.134807088805699,3.52
train,pretrain,2OlhCITl1J4,00021,0,pretrain,m048uAa8L3k,00034,4.989011736523246,13.376
train,pretrain,CzgS9C7gw0o,00019,0,pretrain,9YGZkgkj3fM,00030,-1.4234677367619692,3.776
train,pretrain,AbqsMDfX9Ig,00026,0,pretrain,SgYvy71CSSA,00027,-9.160330763626156,5.632
train,pretrain,FsSKVSf1EJk,00021,0,pretrain,LSdPxGLesE4,00022,-0.9660953651592497,5.504
train,trainval,LJhklPJz9U8,50006,0,pretrain,46w99bZ3WSM,00024,3.653989663920079,5.568
train,pretrain,KiPcxhJtuPQ,00012,0,trainval,59SRn1SkWAA,50007,-0.036956476385114456,5.888
train,pretrain,Hc6yiSFtoNo,00026,0,pretrain,esugL07XANg,00081,9.518160067987722,4.352
train,pretrain,SXJ20tt5nPQ,00032,0,trainval,SU1foLW8h54,50023,9.953236077804462,6.144
train,pretrain,ddek3gQVt9Y,00047,0,pretrain,rSqYQXRVP0k,00012,-7.228285371704503,4.544
train,pretrain,MSLHHgSXloM,00027,0,pretrain,y2yka9lyvMA,00023,-7.350624553909544,15.872
train,pretrain,vQUCSHUlNSk,00004,0,pretrain,ZJodZcGfTVE,00025,7.172414472750436,6.464
train,pretrain,qvEU36woPB8,00024,0,pretrain,Yn9fTcSWMbo,00019,-7.163816919110895,7.36
train,pretrain,ALTvG9MIR64,00022,0,pretrain,BnC6IABJXOI,00029,-4.606906932432953,3.84
train,pretrain,fYUaWgVF2XA,00012,0,trainval,ggPh4X7UKwY,50010,-0.6171616874136898,2.24
train,pretrain,4bsiMd1zQ3s,00008,0,pretrain,Sm5xFSUYgdg,00002,-1.3823933361709333,11.904
train,pretrain,NVPxmzSPvUw,00025,0,pretrain,o4Nno6POrwE,00043,4.469655363803106,5.696
train,pretrain,qQSPUXPVlos,00023,0,pretrain,46w99bZ3WSM,00002,-6.759480453510087,6.272
train,pretrain,jgnqlZUI4n8,00002,0,pretrain,XOU2ubWkoPw,00009,0.941651386677842,4.608
train,pretrain,ww4kNxYE0c4,00031,0,pretrain,uP3pg3alCRw,00008,7.851488455472076,4.672
train,pretrain,lQDxasFKQCA,00008,0,pretrain,XRWTyUVh0BQ,00003,-3.7116732927341767,4.8
train,pretrain,eyq2Wo4eUDg,00004,0,pretrain,hgui64Kr0Go,00010,-6.5205246208239,24.448
train,trainval,GDnYDLERnRE,50055,0,pretrain,KIysMV9wbVY,00013,-4.2059229198154835,5.696
train,pretrain,xMjSPS6H69g,00017,0,pretrain,4uAAegPkCKo,00002,7.210321972840358,4.416
train,pretrain,2Shh4UkPVCc,00037,0,pretrain,gC1CVOn8JQk,00006,-0.13107642578371426,5.12
train,pretrain,eaelI0u4Sz0,00006,0,trainval,1sgb2cUqFiY,50011,-0.45840795813882274,4.288
train,trainval,GOCUH7TxHRI,50010,0,pretrain,oHDq1PcYkT4,00030,-1.6781489270184338,3.52
train,pretrain,Peu7eeGtmQ4,00027,0,pretrain,3UFGqjWcVU8,00037,-1.6876464374442328,4.032
train,pretrain,HTf7Ziklcms,00024,0,pretrain,7icexlbjQnE,00012,-0.8471699022293748,7.488
train,pretrain,6fJRmouSDL4,00008,0,pretrain,5UH7uTpTa44,00003,-0.3826103480295533,9.856
train,pretrain,bvAEJ8G9l9U,00050,0,pretrain,dDZoGcQVjJg,00008,8.35269301708838,8.832
train,pretrain,PB2OegI6wvI,00021,0,pretrain,lyRSK2CZIHQ,00020,4.550645378064784,7.04
train,trainval,zyet9fPS24k,50010,0,pretrain,t4kyRyKyOpo,00004,7.961766714799019,3.84
train,pretrain,JNSgdmKysxA,00033,0,trainval,s3IPatkuByA,50003,4.740646770500387,5.76
train,pretrain,DERu2aAqqWM,00010,0,pretrain,8XQ1onjXJK0,00044,5.765861022493384,13.952
train,pretrain,cSrWtqConY8,00015,0,pretrain,u9hauSrihYQ,00030,8.88962774953702,11.648
train,trainval,rTMqGbTNkNg,50028,0,pretrain,JVwLjC5etEQ,00008,2.403692106408638,5.568
train,pretrain,YeXcNpVkezI,00014,0,pretrain,yVwAodrjZMY,00046,-8.71487876867376,22.144
train,pretrain,wPFA8n7goio,00001,0,pretrain,FwZoYqui2O8,00003,-0.22191412769269547,9.6
train,pretrain,N7wF2AdVy2Q,00023,0,pretrain,EvEj5zAJriw,00008,-4.529492561883714,7.552
train,pretrain,KDBcoRLkut8,00042,0,pretrain,WvvuLDX7iIk,00044,-9.767645135963468,8.832
train,trainval,PiVB5niLrWg,50003,0,pretrain,dSykikzbckE,00021,-4.499798789156291,3.2
train,trainval,wfNX1cHkSfE,50008,0,pretrain,Oa82WNk0mis,00011,-2.408350721440364,2.432
train,pretrain,kvpUiBqHoVM,00009,0,pretrain,KIMWfSe7ZJI,00003,-6.975896476472401,9.856
train,pretrain,kKeUISJko3o,00013,0,pretrain,2JSZ66uMRwc,00012,0.05070092001494508,8.32
train,pretrain,mUJdzaLDRIo,00055,0,pretrain,IU1i2IlkLbU,00012,-6.730989842484969,9.408
train,pretrain,jnS66SszwEs,00010,0,pretrain,mCZCokSu37w,00001,-2.4420780358319005,11.072
train,pretrain,5K57kcs15DY,00013,0,pretrain,JaFSfq2Zn7I,00071,2.5899378882658937,8.576
train,pretrain,5sg4zxZMDN4,00018,0,pretrain,CLSSiaFuLo4,00017,-5.283602494658011,6.72
train,trainval,rOVkASt39Uc,50003,0,pretrain,xjSQFZX2m9o,00008,2.7585460214693818,6.016
train,pretrain,BBSVLGf7zPI,00023,0,pretrain,wEM9c7RoVms,00018,0.4800502946788967,5.696
train,pretrain,es4w3WUcrN0,00001,0,pretrain,RsxlLsHtoBI,00031,-3.6693203398943597,6.016
train,pretrain,f8U2GwInI9o,00019,0,pretrain,P2y3Uspr8Bg,00021,2.8273603198284025,15.36
train,trainval,X41iulkRqZU,50009,0,pretrain,KCr8s57hdzY,00015,9.644414726405461,2.688
train,pretrain,5ErKrSyUpEo,00038,0,pretrain,Gv7Y0W0xmYQ,00014,2.8881132388475415,3.968
train,pretrain,GjYt5uQPu8o,00009,0,pretrain,vvlozhvQPJw,00022,-9.345763539587095,4.288
train,pretrain,SSJu0Jy9oSQ,00012,0,pretrain,GIt6Z0k3PQo,00008,6.249200891608911,12.416
train,pretrain,VnzBGZA2z3w,00016,0,pretrain,9MegHiL93B0,00010,-2.531217747067254,3.776
train,pretrain,kSR8G8mfp84,00020,0,pretrain,Peu7eeGtmQ4,00017,-0.945840320831957,5.184
train,pretrain,lv9QDjw8GJk,00010,0,pretrain,y7LXwGfvxwo,00007,-0.4233971134740564,3.968
train,pretrain,YXWKuKSQsu4,00015,0,trainval,joyi6anTSFQ,50003,-5.950216527352341,2.432
train,pretrain,NZspSEdO2Xk,00052,0,pretrain,uVAaZVz9pDs,00065,-1.8701141345802448,7.232
train,pretrain,bvAEJ8G9l9U,00002,0,trainval,Pro06WQG77M,50002,5.763400888052249,5.12
train,pretrain,anmktfGYw8k,00021,0,pretrain,pWX1oQEGl90,00005,6.260447778805251,9.088
train,pretrain,ht1zFl7HyO8,00016,0,pretrain,JaQNy0Ef4YY,00021,-8.062686950158998,4.352
train,pretrain,ldhppc7GmZg,00016,0,pretrain,nq0SzGzSc8g,00031,-5.519541614911521,3.456
train,pretrain,IU4A4h1ACJs,00009,0,pretrain,gZCgWmose3c,00010,2.359449816355987,9.856
train,pretrain,AK9OBSx77S8,00003,0,pretrain,WzDygsn0Djs,00042,3.4398082739758085,9.856
train,pretrain,OLHh9E5ilZ4,00010,0,trainval,h4GEMYsrJSY,50001,-9.29226045468473,2.24
train,pretrain,btlF4ZSAoFc,00005,0,pretrain,cotBM0laSSo,00015,-1.8748462111171271,3.328
train,pretrain,vcfrsYWFR78,00020,0,pretrain,h27g5iT0tck,00033,-6.647257531238308,4.416
train,pretrain,NP8xt8o4S5Q,00016,0,pretrain,Melo1Bgporw,00021,7.673993794383996,14.4
train,pretrain,ayOmOaXC0Z0,00014,0,pretrain,VHECIP6Tz0M,00006,-3.9404313774999427,5.952
train,pretrain,X98Fbe0Ccis,00014,0,pretrain,RPicL1AWrs8,00033,2.469535645695524,5.76
train,pretrain,iWHq2mSHwhw,00003,0,pretrain,d6eMdixkoRI,00021,5.217282014231126,6.208
train,pretrain,0sYguTPLpHE,00086,0,trainval,ATISgVUKetI,50016,-3.869499774084826,6.144
train,pretrain,qykDS2AXKIU,00011,0,trainval,vg8WAv0YT9c,50033,5.8014280271047,2.624
train,pretrain,dOOtM7ZpAS8,00018,0,pretrain,c00zfzk4gdg,00005,-3.8405845452906773,17.792
train,pretrain,pxzUDc1Zs4E,00007,0,pretrain,RKmxL8VYy0M,00019,-0.5367148545036962,4.8
train,pretrain,56WGgJNBRxQ,00033,0,pretrain,iE7YRHxwoDs,00023,-7.207711605900153,8.32
train,trainval,oeL72c6scAs,50013,0,pretrain,qm0isl11BfY,00009,5.827045778632316,4.16
train,pretrain,jSOPQgPIdKg,00019,0,pretrain,ZCRC5S0kfiw,00017,-1.9418306160947285,6.784
train,pretrain,SXYwKxdxfF8,00009,0,pretrain,qtcWebAYmKY,00008,-8.434850470253995,7.936
train,pretrain,mi9B40hZYAo,00030,0,pretrain,nqj6fH2i9go,00008,9.28571559343839,23.744
train,pretrain,qGSYmIPFO68,00029,0,pretrain,buHSvs7LFzw,00006,-5.421505301591716,7.488
train,trainval,xY7kVVS2HVY,50007,0,pretrain,lQflBowgVB4,00016,9.822090130213269,2.816
train,pretrain,cj5LZBmiQu4,00012,0,trainval,gPEECGFJFb8,50002,4.901942405581378,6.016
train,pretrain,cxGWGohIXiw,00011,0,pretrain,u70RZtCJSrI,00019,-0.16462386016896247,11.392
train,pretrain,0LxPAY9yis8,00016,0,pretrain,jJMBwqhD9DE,00020,-9.194175271538006,6.72
train,pretrain,tVoE8eSu4bw,00014,0,pretrain,ohGMgSLJCjs,00027,4.511454148171211,6.272
train,pretrain,dQijrruP9c4,00027,0,pretrain,YVfR2sBWJ2E,00003,0.1763164979429419,4.288
train,pretrain,n9OhxKlrWwc,00013,0,pretrain,0UmUgaJwEr0,00024,1.435027624766331,4.288
train,pretrain,1BfMMoLYMlg,00006,0,pretrain,CLSSiaFuLo4,00010,4.270351868551108,5.44
train,pretrain,hFGLqkDnSVI,00015,0,pretrain,5pW2b1vwwf4,00056,-7.151034482344965,3.712
train,pretrain,TBnNbyi4AN4,00019,0,pretrain,9ebJlcZMx3c,00001,0.7032061765948505,4.928
train,trainval,cnDEVgxD6QQ,50005,0,trainval,iTdZn78u6pI,50002,-1.1112150348387537,3.264
train,pretrain,o9NUy12lgs4,00010,0,trainval,iZRGUADAu2Q,50006,2.2633488980505216,2.88
train,pretrain,b1sQZxrBMXk,00010,0,pretrain,xS8jLsYoSic,00010,-1.542517887782509,12.544
train,pretrain,aIFFFGf1ZRE,00014,0,pretrain,X03jYXszD3Q,00001,6.9177432689119165,5.44
train,pretrain,kZt3DNCcEtA,00009,0,pretrain,x8QxdldkPNM,00012,8.57739984546956,4.096
train,trainval,mZqL7MC8Eys,50007,0,pretrain,RoS2q3pSrq4,00014,-4.532402899508419,2.048
train,pretrain,xMjSPS6H69g,00008,0,pretrain,4v4Pf5Dt8Hg,00039,-7.180133526999355,7.616
train,pretrain,FWTSBLVOASI,00007,0,trainval,KI3WJXNhCJ8,50011,-6.476390279993989,5.888
train,pretrain,ol1b5mMeP7s,00029,0,pretrain,K5PEJPSwt0k,00012,7.96346942003909,21.056
train,pretrain,L6N06hTuESE,00027,0,pretrain,PFVP8L3SlfQ,00008,-0.14613986954177882,6.72
train,pretrain,uYaF8pSTNSU,00008,0,pretrain,aR6jLD1USW0,00032,-3.797000827314559,4.736
train,pretrain,dm4fvbrMLPw,00001,0,pretrain,UUkAGboDMwI,00001,9.64884724621377,5.12
train,pretrain,aFBIPOSP7LM,00018,0,pretrain,NJ9Iq7ReMDs,00001,0.8782811856029618,7.744
train,trainval,B0YSGU3JqiQ,50001,0,pretrain,q1pKLVX3VSA,00015,4.320618947628137,4.416
train,pretrain,FEeTLopLkEo,00007,0,trainval,FzAyOddR5u4,50005,-9.201998915625065,4.672
train,pretrain,iEySxTbcr2A,00012,0,trainval,h0dSQDgl3gI,50008,-6.309095835732337,6.016
train,pretrain,GIt6Z0k3PQo,00020,0,pretrain,LS3wMC2BpxU,00015,4.601378094077441,3.392
train,pretrain,MIRoB4LStDY,00012,0,trainval,fm9SH6NucHk,50003,9.238283916502319,3.456
train,trainval,zSbCNWyYams,50007,0,pretrain,B7c0W5FZw64,00002,8.179727969295538,2.944
train,pretrain,ZR4LdnFGzPk,00002,0,pretrain,O4Og5tFNiaU,00027,-3.488250797851138,4.16
train,pretrain,SMBiP3G2Pzc,00017,0,trainval,VfKWd7iXMSo,50007,-6.5187970848246435,6.208
train,pretrain,Tg35UfOJhe4,00030,0,pretrain,o5SrKh9BNHg,00002,-4.251332023785112,5.184
train,pretrain,trxGZMm4nBQ,00006,0,pretrain,DajRM7VyeZ4,00023,3.9974572992957587,5.248
train,pretrain,PKbet4RdSo4,00003,0,pretrain,zjvsA0v7r0g,00006,2.9186915668797084,10.24
train,pretrain,Qz6V5OA4ymA,00012,0,trainval,GROCkg810R0,50001,-5.807859680965699,3.52
train,pretrain,6EghiYSs2ts,00035,0,trainval,wcSMzf3ztcs,50001,-6.118858400846503,6.016
train,pretrain,7FecGsXFgcQ,00015,0,pretrain,gqpErbFnbiY,00022,-4.319038471227731,8.576
train,pretrain,3NzgEwye6Uk,00008,0,pretrain,mUJdzaLDRIo,00010,6.003553089508056,5.568
train,pretrain,oD06XPtmLZY,00020,0,pretrain,tV2RLLtOgL4,00001,0.5207902331347931,5.056
train,pretrain,potB0voQzNg,00028,0,pretrain,VM6HZqQKhok,00007,-5.0307494395519425,5.312
train,pretrain,B9dm0PC0Sb8,00002,0,pretrain,mclzytQQMGI,00016,7.121993749189393,9.92
train,pretrain,dk60sYrU2RU,00037,0,pretrain,HoyNrlMNBvw,00004,1.3075662318007613,6.016
train,pretrain,ycB29FkoylE,00013,0,pretrain,lnHXhYSeOJ0,00001,-4.654776833215051,3.776
train,pretrain,k7djE1X16og,00002,0,pretrain,289ZxBZdKvY,00007,-7.9282373377321225,4.736
train,pretrain,46wWjKTn4Ac,00009,0,pretrain,moS9iMlmsP0,00022,5.348135053280757,3.52
train,pretrain,6qTfX4U6CS0,00030,0,trainval,bLGTrz1Zolk,50003,-1.7791320046091776,2.688
train,trainval,sgTjCpBOeCU,50010,0,pretrain,jv8m8rycnQs,00025,8.51409098742024,3.648
train,pretrain,p7YRnLbmLGs,00001,0,pretrain,dskNubEgzCk,00033,-0.2855802760077797,17.728
train,pretrain,MDL85fzdc1g,00037,0,pretrain,ZChEFOGSn8Q,00004,-8.404450515300885,6.016
train,pretrain,uB2BTxu6cF0,00002,0,pretrain,R5PHGMRoZMA,00005,-8.642123131499691,6.208
train,pretrain,9EVEmZ2cSes,00001,0,pretrain,xbWcLYOniWU,00019,1.6247426026285527,6.08
train,pretrain,SY78HMlWo6k,00002,0,pretrain,Bwj3SVZZOHo,00006,0.7715355197109712,4.416
train,trainval,lwz8KvS9NRA,50005,0,pretrain,kTsqFn33RiQ,00026,3.6232025225042115,5.184
train,pretrain,u0VHC1SDOS8,00013,0,trainval,zvvZEIGNLo0,50003,5.984645751101784,2.752
train,pretrain,5XD2kNopsUs,00041,0,pretrain,4KhnSz9FPmU,00020,-6.26851054824574,4.416
train,trainval,om6SewSRwtU,50019,0,trainval,r3afSFSG570,50013,1.2261501373841845,5.568
train,pretrain,kTz52RWSbD0,00016,0,pretrain,Ydj28CDrHV4,00015,-9.406975344633485,4.16
train,pretrain,aiIxdFBA0Sw,00015,0,pretrain,0ueGFLVFi80,00002,-6.675700471030153,8.32
train,pretrain,zORUUqJd81M,00040,0,pretrain,P82edb1SCNs,00032,1.296364413096292,4.352
train,pretrain,uNQujCwCu88,00001,0,pretrain,qx6KKSeT4qw,00005,-1.5690985208112842,16.0
train,trainval,ZliT1BiEVvo,50002,0,pretrain,gVLu99Ja2mA,00021,-5.036739296850938,3.2
train,pretrain,gSCSsL3it9Y,00001,0,trainval,eHlu6ViSwxo,50006,8.488579626572953,5.888
train,pretrain,gypAjPp6eps,00035,0,pretrain,gBGt5OeAQFk,00016,-7.405276674667778,5.376
train,pretrain,cC0KxNeLp1E,00028,0,pretrain,ZzugJPASNB8,00017,-9.446611240470324,8.896
train,pretrain,JNcLKbJs3xk,00029,0,pretrain,u5GCetbP7Fg,00046,-5.32674132511278,7.424
train,pretrain,mT4Qbp89nIQ,00013,0,pretrain,njESlZa2b10,00006,9.35224412940719,6.336
train,pretrain,BFK2knjj4lQ,00020,0,pretrain,D1QoyTmeAYw,00008,-3.468115249245958,5.12
train,pretrain,FjnGdiqk96Y,00002,0,pretrain,btF6nKHo2i0,00058,1.1494346789189684,3.328
train,pretrain,46w99bZ3WSM,00028,0,pretrain,IKZCw4xdESQ,00028,7.185534081794273,6.08
train,trainval,GIt6Z0k3PQo,50014,0,pretrain,Gv7Y0W0xmYQ,00014,1.6712681031070034,2.944
train,pretrain,9vpqilhW9uI,00003,0,pretrain,f6CILJA110Y,00035,-4.539114086649874,14.272
train,pretrain,AoAbPIbGLUo,00002,0,pretrain,MSLHHgSXloM,00017,3.8017022283097095,15.488
train,trainval,Nhx1SyXMwCg,50003,0,pretrain,TdtoAQFStBk,00005,-5.814951422922299,2.944
train,pretrain,Y8wol2nGSpY,00003,0,trainval,p7YRnLbmLGs,50003,4.409352251461378,4.608
train,pretrain,KIysMV9wbVY,00016,0,pretrain,J0WQz9qlgZI,00005,-3.4259511225501793,7.36
train,pretrain,5HL1BEC024g,00003,0,pretrain,AAkEYcmCCCk,00042,-0.07071143511278066,3.776
train,pretrain,iyfdWsa1zns,00022,0,pretrain,CS9f7Qq4YZc,00009,-1.4807157566068305,5.248
train,pretrain,syqScVtnKuU,00064,0,pretrain,0S3YDofSvGs,00005,5.901250140588733,9.152
train,pretrain,BRETz2FSheQ,00006,0,pretrain,lD69n6Ur2P8,00008,5.655889974855084,9.216
train,pretrain,FMD2cMjrMDM,00004,0,pretrain,eLz9TvxGoKs,00014,-0.9228555350842971,6.336
train,trainval,T4SvurUIYI8,50001,0,pretrain,V1gxziZwmkc,00015,-9.952615766818196,3.008
train,pretrain,oDdcx5luv5s,00021,0,pretrain,o8NPllzkFhE,00024,2.6526925525391505,9.92
train,pretrain,yOc9mFvusDg,00010,0,pretrain,gtDS5rzd6R8,00007,0.37239377354372216,9.28
train,pretrain,6fJRmouSDL4,00002,0,pretrain,0bop3D7SdDM,00020,-9.337334533947367,9.28
train,pretrain,sj3PnSpogXw,00018,0,pretrain,4EUAMe2ixCI,00029,7.929520081532708,4.736
train,pretrain,OrAo8oBBFIo,00001,0,pretrain,NiKtZgImdlY,00011,-9.939527279835021,6.656
train,pretrain,BsFxokC02sg,00027,0,pretrain,u2V0vOFexY4,00001,1.6126545426576584,3.328
train,trainval,urOCGSMlB9g,50005,0,pretrain,lXNE4MD2X2w,00023,-0.4484254744764833,6.144
train,trainval,GOZOhpxSAFI,50032,0,pretrain,SpUtz75lNaw,00002,-5.925235671492843,4.352
train,pretrain,gZCgWmose3c,00001,0,pretrain,fSRWTyY2YSM,00026,0.9386540464117346,4.608
train,pretrain,0sYguTPLpHE,00065,0,pretrain,OSz2v42F0E0,00027,-2.511605853189325,7.616
train,pretrain,EjSuaeVfE9I,00008,0,pretrain,xEtXItg9hEE,00009,-8.317493759344025,4.48
train,pretrain,XoBSE2C1u0s,00006,0,pretrain,bzj1BTdfoeI,00001,-4.036075340000098,6.336
train,trainval,qFza3W87eDg,50017,0,pretrain,fgfQLTIhi1U,00008,-4.84235421073957,6.08
train,pretrain,8jkri0AeZWQ,00007,0,trainval,SGG97dDfZ7E,50002,-0.3258439201435692,6.208
train,pretrain,w5T0wS1OdMo,00019,0,pretrain,6Af5tJzSR2w,00017,2.8277906736856195,10.496
train,pretrain,8S66QUJk3w4,00006,0,pretrain,3nsoNSLS8RQ,00031,6.380324992610447,9.664
train,pretrain,xyfS0SMAsFA,00003,0,pretrain,bRuU02haIK8,00015,3.778342697065993,5.44
train,pretrain,0C5UQbWzwg8,00038,0,pretrain,GMc8aSoCE30,00008,-9.983620203052588,3.968
train,trainval,GeDSgi0A7A8,50019,0,pretrain,CfqO1U6lfDs,00041,-0.28662522278840186,4.224
train,pretrain,GROCkg810R0,00033,0,pretrain,ab0PKt50RGs,00022,0.5407427649088952,5.568
train,pretrain,aGSZeDqG8Zk,00007,0,pretrain,855Now8h5Rs,00025,1.7949501912951753,8.768
train,pretrain,ImmtTHYU5GQ,00022,0,pretrain,bClWV3eeETA,00007,8.743820024700138,4.928
train,pretrain,haTsrKptgIU,00002,0,pretrain,ilMwoEdqMTs,00002,-0.8640718249776835,7.552
train,pretrain,ZVS5I2RMTGM,00002,0,pretrain,NRcPXtqdKjE,00035,9.44784006749633,3.328
train,trainval,XKc9MJDeqj0,50004,0,pretrain,ZvSJE9n0GfA,00017,5.906384057017416,4.16
train,pretrain,SIKqVKyyW6w,00003,0,pretrain,buHSvs7LFzw,00025,0.9971246004024543,7.808
train,pretrain,iISw251TIgw,00013,0,pretrain,PY9DcIMGxMs,00029,7.8638588272967205,5.056
train,trainval,gZlzCc57qX4,50001,0,pretrain,sodSeJBf9Y0,00020,1.5954037637260026,4.096
train,pretrain,TT6qWghHkFI,00025,0,pretrain,e4PTvXtz4GM,00004,-4.509158779948697,18.048
train,pretrain,23vKtqo2t4k,00031,0,pretrain,2BOTS9GAjc4,00009,7.546855066370032,6.208
train,trainval,9qd36SQPxSY,50004,0,pretrain,GkRn9Lp16UI,00040,6.682332203845839,4.096
train,pretrain,weCFbknwZa8,00006,0,trainval,arj7oStGLkU,50004,4.003710685658815,2.88
train,pretrain,K5wCfYujRdE,00005,0,trainval,IfG7WVSbN6Y,50003,8.131794278159209,2.24
train,pretrain,t4tNALubJTA,00001,0,trainval,GOZOhpxSAFI,50017,4.188055860971252,2.24
train,pretrain,7H0USvVSfhU,00019,0,pretrain,hHOX3dlhhZ0,00005,3.6929002012211303,6.848
train,pretrain,IQDrStvBt9s,00009,0,pretrain,IwidCkCmWg4,00003,5.087786935442997,4.672
train,pretrain,DSbtkLA3GrY,00024,0,pretrain,M4soSZ9aSu0,00006,0.01694357851973649,5.824
train,trainval,dcwuBo4PvE0,50020,0,trainval,Kk7kzUt3SLc,50001,2.5547960383266783,2.88
train,pretrain,lU1ISu1LOv4,00014,0,pretrain,s9jsZPeqFCw,00012,-6.016685419585379,11.712
train,pretrain,cn9Q4c3dXGU,00028,0,pretrain,NcPusGLnqAc,00010,7.110936656316106,3.392
train,pretrain,w96osGZaS74,00019,0,trainval,Wj7hmzfX5eQ,50006,5.875815412461636,3.648
train,pretrain,Nhwq12TKkQQ,00045,0,pretrain,yrcaHGqTqHk,00017,8.563589544094267,10.304
train,pretrain,1sE96vd8W40,00033,0,pretrain,Wai4ub90stQ,00042,4.335407868845609,5.12
train,trainval,vC1uxXvPG0Q,50001,0,pretrain,b2qM1ISJCEQ,00004,-5.60586080856319,6.08
train,pretrain,j06dz9eDgqY,00004,0,pretrain,MtSE4rglxbY,00003,2.709675400549303,9.792
train,pretrain,9vpqilhW9uI,00010,0,pretrain,CGksAjzI0go,00049,-1.0491377484432451,8.0
train,pretrain,ERSZb2wHFDw,00013,0,pretrain,7SfRgg9botI,00003,7.131776813536874,12.608
train,pretrain,wMWYLgj1ydw,00033,0,pretrain,aOW7JZaqKGA,00031,6.585627062652119,13.504
train,pretrain,fu4PRmu2EXo,00002,0,pretrain,6V6p1tgHfm0,00004,-2.4438933490413906,6.144
train,pretrain,Hc6yiSFtoNo,00010,0,pretrain,FSS4Kv6MlG0,00007,0.8411521514641507,4.032
train,pretrain,xjSQFZX2m9o,00002,0,pretrain,uuwgtX2zU9Q,00014,1.290129426704807,7.744
train,trainval,mMDuakmEEV4,50017,0,pretrain,E0k4IQ8fDCY,00002,5.086279973791719,2.24
train,pretrain,415VX3QX4cU,00020,0,trainval,jqWHy6B0ADA,50007,-5.286540993248254,4.096
train,pretrain,3UFGqjWcVU8,00037,0,pretrain,1KFUSfbcwfw,00012,-4.483968327834504,4.8
train,trainval,oKtALHe3Y9Q,50001,0,pretrain,6tSlMoMNSlY,00011,8.010823582713918,2.56
train,trainval,6xsvGYIxJok,50005,0,pretrain,1InHN8JPazA,00008,3.27800842702022,3.136
train,pretrain,aeVtSWlH1qY,00007,0,pretrain,QPiaadMporw,00033,0.2582498996945546,21.056
train,pretrain,YodRXxzhb7s,00009,0,pretrain,v3FDwQVb0Nw,00008,8.548906841758939,4.288
train,pretrain,ozmowWZ1YYU,00002,0,pretrain,hyHUVPG33QI,00014,-7.259052171310298,5.696
train,pretrain,7Mqse6SLOds,00036,0,pretrain,KnFZpoplGQo,00008,-8.860872752845667,5.376
train,pretrain,2XiDdnDCD34,00047,0,pretrain,HwxjoBQdn0s,00001,-3.863435332581064,6.016
train,pretrain,vMwPTI54rqQ,00012,0,pretrain,Uq1idqpX9SA,00030,-5.365718123994263,14.4
train,pretrain,qBfwUkCGJHQ,00005,0,pretrain,eLrBw8BKOWI,00016,5.791962198802853,8.832
train,pretrain,xmlekZSSOWE,00003,0,pretrain,bxkslfQc0EA,00045,8.82156643930357,22.528
train,pretrain,0hzSUUdTDUA,00021,0,pretrain,7s2CoqypMLg,00028,4.980653502769616,12.16
train,pretrain,q06YIWCR2Js,00029,0,trainval,IaWeJ8V3pg4,50005,-3.1263876669116497,2.56
train,pretrain,N1R84S5DYEA,00018,0,pretrain,06M8qY7Q74Y,00031,-1.1735428778594859,4.8
train,pretrain,0wpCZxiAQzw,00031,0,pretrain,tSSNoFstCmQ,00023,-2.3708909053688565,4.416
train,pretrain,l5d8GW6GdR0,00014,0,trainval,X7uiSiAp8Pc,50001,-3.5631204063510307,6.016
train,trainval,hh2Z2hSgFIY,50007,0,pretrain,nIo31mMB4P8,00001,-1.52600975446693,6.144
train,pretrain,WHjKnNbYiOs,00009,0,pretrain,SeEsTtedvBk,00009,-9.68901992263407,3.968
train,trainval,ce31WjiVcY0,50011,0,pretrain,Xw4K07eVuQE,00003,-3.2885114719444397,4.864
train,trainval,fBLErez9ljw,50002,0,trainval,drv3BP0Fdi8,50003,-1.543800072690754,5.888
train,pretrain,yA9xQB547Yo,00009,0,pretrain,fBQnQTkhsq4,00022,-9.693840908708593,4.992
train,pretrain,mkdSXHXhCcw,00002,0,pretrain,3LmjSv8N8hE,00009,1.318909260685217,15.488
train,pretrain,vYV4tAq3wVg,00015,0,pretrain,vvEH93EQiKg,00018,-9.171221733484892,9.216
train,pretrain,Jc2F3SnawnI,00007,0,trainval,U5SyBjKKicA,50002,-1.2402043383093169,5.696
train,trainval,8Ug1MnU6LKw,50002,0,trainval,XGq3MXQlRJs,50016,1.93750439742362,2.624
train,trainval,5nrn5fC001Q,50002,0,pretrain,bfAzi6D5FpM,00043,-3.2054685542071892,6.08
train,trainval,PFVP8L3SlfQ,50001,0,pretrain,xV7IvRT5Qyw,00001,-8.02209776359973,3.456
train,pretrain,da1vvigy5tQ,00012,0,pretrain,hCop3IGZH2o,00007,-4.1814241684743365,26.112
train,pretrain,sFNmulAb4wM,00011,0,pretrain,5RLqVpo3j20,00011,1.7541901253185586,4.48
train,pretrain,2SEv4rU27HY,00006,0,pretrain,WF6SDe4USvE,00008,3.4113249990874586,6.528
train,pretrain,EvEj5zAJriw,00018,0,trainval,kOPMqiKhoSc,50002,6.3635492193289664,2.176
train,trainval,RLh5CRUecfY,50004,0,pretrain,6e99DuPQ6j8,00013,0.3741986592490498,6.144
train,trainval,ShY9QSdaReY,50001,0,pretrain,c73Q8oQmwzo,00035,-8.247633731476661,5.952
train,pretrain,QHIocNOHd7A,00021,0,pretrain,C14bXC7zi84,00024,-4.649482817508566,5.568
train,pretrain,eh3cdTlh7VM,00009,0,pretrain,j51HsRILGKI,00044,8.824486227998666,5.888
train,trainval,i6SbQqqRVtM,50001,0,pretrain,dLmK4gZ0oz8,00017,-5.180302093053609,6.144
train,pretrain,seARHjX8Ssg,00013,0,pretrain,iKHTawgyKWQ,00035,6.3764037318528075,3.456
train,pretrain,iE7YRHxwoDs,00004,0,pretrain,ErexJkoDhGI,00043,-9.910876721096958,3.712
train,pretrain,G8w4UQL6aI0,00011,0,pretrain,mArrNRWQEso,00053,1.1526470309572208,8.064
train,pretrain,MLKj1puoWCg,00027,0,pretrain,6WeS1bXRBOk,00014,0.5561950159864555,8.256
train,pretrain,b2MSSeKey4o,00022,0,pretrain,GqGksNRYu8s,00057,-4.7392254308061865,5.44
train,pretrain,bwMUQEMOP6w,00004,0,pretrain,PsihkFWDt3Y,00021,3.7776715128381966,3.328
train,pretrain,RGCVyI7x1kA,00003,0,trainval,nCwwVjPNloY,50005,-1.1900127131033837,3.456
train,pretrain,k4vzhweOefs,00054,0,trainval,bXnTAnsVfN8,50014,-5.386928734956027,4.224
train,trainval,u0VHC1SDOS8,50012,0,pretrain,Y6U728AZnV0,00025,-4.4729354977681375,4.928
train,pretrain,JLLpWtHbMAo,00032,0,pretrain,iF5SaDJOr6U,00011,-8.075412575814571,11.712
train,pretrain,nUdsTizSxSI,00005,0,trainval,4xnVNvd8lBg,50002,0.012262498133782884,3.136
train,trainval,TUtxSwC5mqA,50008,0,trainval,k0T6rfpYoqA,50001,0.8249593848183849,2.816
train,pretrain,SJ5bDhMP9lQ,00031,0,pretrain,czfduTtXLbI,00023,5.039491454180867,12.096
train,pretrain,6VnKV1sr5VQ,00021,0,pretrain,IkJSZGQaeak,00030,1.1234514391064394,3.328
train,pretrain,7p4zw4SqgUw,00013,0,trainval,raCIUeGUr3s,50011,-8.274118837126302,5.76
train,pretrain,YyuScSjkGSs,00031,0,pretrain,H3TFShI7zKc,00010,-6.718609281675549,4.992
train,pretrain,j3BKOnw9mD8,00011,0,pretrain,NEC7TiHoxvI,00018,0.6978342226656729,5.12
train,pretrain,f6CILJA110Y,00063,0,pretrain,HSzqFSOft20,00008,-9.294619871796904,16.32
train,pretrain,PYSkd46RfVE,00006,0,pretrain,jKM0jlPW8x0,00003,-5.552917101888166,4.032
train,pretrain,WSKPrVG3Evs,00010,0,trainval,Xv2gHiX9Bqw,50012,-0.3773447847847713,2.56
train,trainval,cSrWtqConY8,50001,0,pretrain,nLB8ASSQdHc,00014,1.4037215973108825,4.736
train,pretrain,2MifgJqOm3Q,00014,0,pretrain,6tpsSu5O0Ws,00008,-6.742977323072785,8.832
train,pretrain,1fZ4XOnnh1c,00007,0,trainval,mDSuP2BsVy4,50007,-7.0834366046843815,3.648
train,pretrain,dghBrSBC34Y,00005,0,pretrain,O4g60zB4Un4,00002,0.48988884696553825,3.712
train,pretrain,vQUCSHUlNSk,00005,0,pretrain,ERSZb2wHFDw,00002,-6.537280784328646,5.376
train,trainval,sjPRN2XGSts,50004,0,pretrain,GggL8lStP9I,00002,2.6912628044944142,4.416
train,pretrain,SeEsTtedvBk,00008,0,trainval,zuAj2F54bdo,50019,4.621740249583244,5.568
train,pretrain,6SdtkXAQq3k,00006,0,pretrain,o4Nno6POrwE,00017,-0.9274110805376434,4.416
train,pretrain,ERSZb2wHFDw,00010,0,pretrain,JzLiCBCbAMY,00019,7.1250163999489295,3.84
train,pretrain,mvC3Qafe5Ms,00001,0,pretrain,vvhiNSqq6oo,00020,-2.166532192543224,8.256
train,pretrain,bnvnBwP9sTo,00001,0,pretrain,fnS9f5x0f1Q,00031,-0.2185446747187143,3.968
train,pretrain,ELgvDMTKyBE,00002,0,pretrain,SGMVTJ9ZKVc,00013,7.557913635913739,4.096
train,pretrain,y8qc8Aa3weE,00003,0,pretrain,mAEqvn7B2Qg,00003,-7.8470644322880805,3.776
train,pretrain,cI9vSC1eQ18,00028,0,pretrain,VekRvcbL4yk,00031,-0.6123225939170034,10.24
train,pretrain,WCj82W7XkjI,00025,0,pretrain,zmDENxTPn8Q,00029,-7.429101670987254,8.64
train,trainval,Mgbf3cq7lms,50043,0,pretrain,VohNDqzWP9E,00013,-1.7760387986319905,2.752
train,trainval,KDBcoRLkut8,50002,0,trainval,IJmr7MsS8fw,50003,-4.611339301880626,3.264
train,trainval,4ZgwzSm7sRs,50040,0,pretrain,WNDWYW4yWEM,00015,2.7630919575115946,5.376
train,pretrain,CLSSiaFuLo4,00053,0,pretrain,2j00U6lUCSc,00041,0.4699250966687636,5.12
train,pretrain,12ud0nSTvro,00022,0,pretrain,7tu9nJmr4Xs,00012,9.86071921742355,4.736
train,pretrain,8HplGZBS7FY,00014,0,trainval,SJWoKsfsSaA,50007,-9.285228833429146,2.176
train,pretrain,E5BOBs3Nmbw,00005,0,pretrain,GpKrM8GQwOg,00005,8.65674702799986,7.04
train,pretrain,XOU2ubWkoPw,00020,0,pretrain,MOFdlEbu15g,00061,5.793450218045393,3.968
train,pretrain,moS9iMlmsP0,00040,0,pretrain,I64CQp6z0Pk,00024,4.584492597528936,6.784
train,pretrain,s3IPatkuByA,00014,0,pretrain,ISSupr6ayqw,00039,-3.3843261691026827,3.456
train,pretrain,w96osGZaS74,00033,0,pretrain,cQl6jUjFjp4,00001,-9.195876939008302,6.528
train,pretrain,Phf66nAoMIk,00014,0,pretrain,OWq7ToR2U8Q,00021,-9.853358864416247,4.48
train,pretrain,ptIecdCZ3dg,00003,0,pretrain,MExS7F0lGzI,00008,4.195950606426795,5.632
train,pretrain,ec9GyxEUGec,00014,0,pretrain,Un2yBgIAxYs,00008,5.883247848438284,7.936
train,pretrain,0P0mBj09vwk,00008,0,pretrain,6AvXhgXlGpE,00019,-2.2105700132979393,9.472
train,trainval,S4XXhSwYASk,50002,0,pretrain,hxJ8LELZCjo,00025,7.447609722925151,4.416
train,trainval,ISjk9ni4XWk,50020,0,pretrain,I9tB6Q5bmcQ,00007,7.345421291109055,2.752
train,pretrain,oIGBBPspTKM,00079,0,pretrain,jSSqQDPGW2k,00035,-1.3362134003829258,10.816
train,pretrain,Qprd1VNNNec,00002,0,pretrain,OSGHRMKrVM8,00012,5.209959980887021,5.824
train,pretrain,Uieh3RfkCng,00005,0,trainval,quJdL9ggETI,50003,5.003724179905806,3.328
train,trainval,qtOIh93Hvuw,50009,0,pretrain,NiMgOklgeos,00029,-5.552132379879735,2.496
train,pretrain,fHfhorJnAEI,00017,0,pretrain,nq0SzGzSc8g,00002,7.962201235877632,4.672
train,pretrain,mSQmfZOVNPw,00014,0,pretrain,qp0HIF3SfI4,00033,4.841693669750928,6.592
train,pretrain,VT3XyORCFDA,00016,0,pretrain,mKe3QKctaS8,00031,8.050674678055223,6.848
train,trainval,drXnDLHKKPM,50013,0,trainval,dLHWVTa5xZs,50003,-8.725239158560749,3.264
train,pretrain,5ErKrSyUpEo,00029,0,pretrain,TFvkq4BAvnw,00008,6.244422548771581,4.864
train,trainval,e4PTvXtz4GM,50003,0,pretrain,bZ3qQySIPgI,00007,-3.5000963679085118,2.944
train,pretrain,SIKqVKyyW6w,00001,0,pretrain,S1VpOweDio8,00021,1.5458684239743334,2.432
train,pretrain,gqpErbFnbiY,00018,0,pretrain,mK6IdD4GXPo,00014,-7.117347629363328,5.248
train,pretrain,P65XdTlk4vA,00017,0,pretrain,iEySxTbcr2A,00017,2.410060913886225,5.952
train,pretrain,93fJ33L9OKw,00036,0,pretrain,NR33yerZgso,00013,0.4033020199673043,6.272
train,pretrain,buhMdC7MO0U,00011,0,pretrain,4qKAse8388k,00003,-8.533862797673704,6.08
train,pretrain,XKc9MJDeqj0,00025,0,pretrain,Cqj0sgrNL10,00051,-8.219652637215031,4.416
train,pretrain,ut5STVLAFDc,00003,0,pretrain,JcCQS4YiTb8,00011,4.2773962280463635,11.328
train,pretrain,XFOkSdlPafQ,00022,0,pretrain,gqpErbFnbiY,00002,8.156435358206203,18.112
train,pretrain,mPCDOij0bB0,00017,0,trainval,bLGTrz1Zolk,50021,4.273118327229117,4.16
train,pretrain,AWEpeW7Ojzs,00027,0,pretrain,gS3iLapiTCw,00005,9.175960158920454,3.456
train,trainval,TT6qWghHkFI,50021,0,pretrain,YhG1Bgbsj2w,00007,3.6174335658014094,5.312
train,pretrain,b8z6HfSq7l8,00011,0,pretrain,JRWC1UlMjZQ,00003,-3.570108793399287,6.72
train,pretrain,aILSY9g7Tg0,00020,0,pretrain,JVwLjC5etEQ,00024,4.069364194995073,7.68
train,pretrain,o8NPllzkFhE,00028,0,trainval,UpkAqPEcMyE,50007,-2.5422539686287244,6.208
train,pretrain,blfVA0aSCBc,00008,0,pretrain,OkKhI6St40w,00036,6.7562111161774645,4.672
train,trainval,wEM9c7RoVms,50004,0,pretrain,gBkIyJ7kfSI,00065,-8.979488314166908,4.48
train,pretrain,CsqSDpmgsQg,00009,0,pretrain,1fZk6aWnqGg,00005,-5.50606904997752,15.936
train,pretrain,AE0gO5wSaok,00015,0,pretrain,GS1xL1qcBa4,00015,7.911943292427242,4.928
train,pretrain,SpSGKCr8rq8,00011,0,pretrain,Qlg6izBqKxM,00015,8.56978636717988,7.616
train,pretrain,eMdh57x1UBQ,00016,0,pretrain,PktUzdnBqWI,00003,-4.728648190855862,4.16
train,trainval,VASXSkawBiY,50004,0,pretrain,cbSts8fUhB8,00008,-3.0543264813420956,5.952
train,trainval,bXnTAnsVfN8,50001,0,pretrain,j3YjeARuilI,00008,-1.4601289191286622,5.952
train,pretrain,PS6vDLq64gE,00007,0,pretrain,xQZxGCPjpqM,00014,-6.796934089605493,6.336
train,pretrain,fvoWoMIwrSg,00015,0,pretrain,HpiZTvlWx2g,00022,-2.465648041988464,4.928
train,pretrain,iCXfJVCg1LA,00007,0,pretrain,bZS7T5eF3hY,00003,5.852019399044163,4.16
train,pretrain,nLotSkXFSUg,00003,0,pretrain,eNDhBSR1DZ0,00009,1.2571952868760086,9.344
train,pretrain,4Rtfi4MSafA,00016,0,pretrain,bDbN8R6Gb6Q,00024,-8.289378955883782,5.568
train,pretrain,xLuMcYn8Yk0,00004,0,pretrain,cxGWGohIXiw,00030,5.645035858557444,5.824
train,pretrain,ScFWnnQF7A8,00011,0,pretrain,5PhNVxr7Vtw,00007,8.055004845606419,8.704
train,pretrain,xTBYcSL3MrI,00026,0,pretrain,PyS1o4sX1hk,00019,4.110714475529171,2.88
train,pretrain,W3C23m71Yws,00010,0,trainval,jUHE4SE3Mcg,50001,7.373874347989638,2.304
train,pretrain,CSUmoS40pqA,00001,0,trainval,aI8KiPiVLyY,50010,1.7893699715869786,3.52
train,pretrain,63XsokRPVSY,00004,0,pretrain,HSpqhMO3ZSY,00034,-7.405635052850306,3.648
train,pretrain,paSYuxyRDuw,00005,0,pretrain,93fJ33L9OKw,00029,-1.2524868399082294,4.736
train,pretrain,eSBZigXlphY,00020,0,pretrain,iwlSPe0FbSg,00013,7.975028483253432,4.352
train,pretrain,9yEl0SbCA9M,00017,0,pretrain,W0StyxgMk1o,00028,-9.728934884653878,5.888
train,trainval,0iTehgSOZ8A,50023,0,pretrain,mT4Qbp89nIQ,00027,1.808968909802875,4.288
train,pretrain,S2HS8IfxzT4,00016,0,pretrain,O8e8TtfzSpY,00005,3.085510440066548,6.848
train,pretrain,YeXcNpVkezI,00027,0,pretrain,LnQYJa9SaR0,00014,1.0613037416322069,12.16
train,pretrain,iU1bhHeCkoU,00033,0,pretrain,ByEoeBYUwOo,00006,-9.405198419559577,9.728
train,pretrain,nUdsTizSxSI,00002,0,pretrain,ufUkAQOQaXU,00001,-4.071847724944204,7.104
train,pretrain,pOWgXxoSTNM,00011,0,pretrain,BISCnsKyOuk,00007,6.145482704233352,9.216
train,pretrain,WvvuLDX7iIk,00002,0,trainval,0LxPAY9yis8,50002,-9.129108391428677,2.752
train,pretrain,LpNkuaVnlPY,00017,0,pretrain,h27g5iT0tck,00029,5.987352445465525,6.528
train,trainval,GOZOhpxSAFI,50032,0,trainval,BoRUrWcdkQ4,50032,9.75282243221988,3.904
train,pretrain,hvJ4KlVlqV8,00011,0,pretrain,MnT1xgZgkpk,00027,6.729322888522468,5.76
train,pretrain,SS6ZojCzNGY,00005,0,pretrain,rCplocVemjo,00006,0.60036098824947,13.12
train,trainval,nU5gOr1cSxU,50017,0,pretrain,E3SSSS5SFHQ,00006,-6.188694689108766,6.08
train,pretrain,MEDgtjpycYg,00010,0,pretrain,gto6w0a13B0,00019,0.6068347737850601,7.616
train,pretrain,hYbSavnaJSE,00006,0,pretrain,i2a8pDbCabg,00012,9.01309678035102,9.6
train,pretrain,mi9B40hZYAo,00024,0,trainval,hFgPtuzgw4o,50006,9.188673922397712,3.008
train,pretrain,tMSehhs1OSk,00011,0,pretrain,0NV1KdWRHck,00024,-5.749671299833842,5.12
train,trainval,SC3DVeWT09w,50010,0,pretrain,XiEQmcZi8cM,00038,4.580730486074902,5.568
train,trainval,56WGgJNBRxQ,50021,0,pretrain,IdW9UYlxlVY,00015,4.161352006848823,2.048
train,pretrain,cbSts8fUhB8,00008,0,pretrain,2BOTS9GAjc4,00045,-6.594432781905109,9.088
train,trainval,KTvSfeCRxe8,50013,0,pretrain,VQRjouwKDlU,00011,6.4598804691790725,3.008
train,trainval,mzy84VbSGxk,50003,0,trainval,YmlAl1SMtHk,50006,6.443084921761731,5.12
train,pretrain,5HL1BEC024g,00038,0,pretrain,eJb3Z2RmRMo,00005,8.959975945618368,4.608
train,pretrain,4bHO8NZwmIg,00014,0,pretrain,tBoBC3nBoFs,00007,8.019475166734477,4.032
train,pretrain,Si644sBMaOY,00008,0,pretrain,HV4loecFZh8,00011,3.167744440007585,5.76
train,pretrain,VASXSkawBiY,00007,0,pretrain,S2HS8IfxzT4,00007,5.050790471910469,7.168
train,pretrain,SgOTaXhbqPQ,00021,0,pretrain,HJYDwS09coE,00024,8.210666331026072,8.448
train,pretrain,30kPKxGuHLA,00003,0,pretrain,zw9NXY3xOOI,00002,-1.6829872039447498,9.664
train,pretrain,HHwXlcHcTHc,00003,0,pretrain,Qj4xf3U8dh8,00014,-8.365873391636514,13.12
train,pretrain,1cQbMP3I5Sk,00006,0,pretrain,syjEN3peCJw,00056,-5.730346430317923,4.032
train,pretrain,wEM9c7RoVms,00010,0,pretrain,X41iulkRqZU,00048,-7.466962911855475,11.52
train,pretrain,bmFhWr693is,00019,0,pretrain,drv3BP0Fdi8,00060,-0.0849910819536639,3.328
train,pretrain,pyWrZceeKNE,00015,0,trainval,kiUnJ1d8vvw,50006,-9.85462582133392,2.496
train,pretrain,5pXelS1clHs,00002,0,pretrain,0S3YDofSvGs,00005,-8.50296064444764,7.616
train,pretrain,FWTSBLVOASI,00004,0,pretrain,Pr57T0RaSjc,00003,-0.5875248014562757,5.568
train,pretrain,JhcCHjqSiBo,00018,0,pretrain,7CIq4mtiamY,00029,-4.321769592207225,3.648
train,pretrain,wNokfBHccVI,00036,0,pretrain,oZ2eT76Sb4I,00022,-8.201920188386874,6.016
train,pretrain,chXKZC4D42k,00003,0,pretrain,nx3GuO41Jyg,00009,7.58967779885181,6.528
train,pretrain,7Iv2nZnZOrM,00020,0,pretrain,20DZsCdCuOg,00002,-7.494899835676792,3.136
train,pretrain,j3YjeARuilI,00021,0,trainval,Df2JBnql8lc,50002,-3.3748146306399534,5.952
train,pretrain,vbKKoniUxMk,00020,0,pretrain,SDjLpMj3BDU,00023,-6.896050569464012,6.016
train,pretrain,fkPISY2Vg5k,00023,0,pretrain,udNJCRSABvw,00003,4.172771212877411,10.112
train,pretrain,qywLsqI5YeY,00002,0,pretrain,VnzBGZA2z3w,00005,5.0273819474997605,7.488
train,pretrain,b6uOb1fm5bg,00001,0,pretrain,G8w4UQL6aI0,00003,0.990741980522202,8.128
train,trainval,0MMSpsvqiG8,50015,0,pretrain,tbicAmaXYtM,00028,3.6758481555739912,4.8
train,pretrain,4Lb5LSVEm34,00012,0,pretrain,cI9vSC1eQ18,00038,4.374216412511098,8.0
train,pretrain,FESv2CgyJag,00023,0,pretrain,tSSNoFstCmQ,00012,-9.76099353703086,7.936
train,pretrain,7s0CpRfyYp8,00020,0,pretrain,FSNEIwDiCSw,00029,4.959215864298114,8.192
train,pretrain,tVIaoQrnAxY,00008,0,pretrain,bfAzi6D5FpM,00011,3.9589181091727035,8.448
train,pretrain,MpISFKqk0Ew,00004,0,pretrain,da1vvigy5tQ,00020,8.39690296473205,7.808
train,pretrain,D9xJl4S6NsM,00017,0,pretrain,zXCiv4sc5eY,00044,-4.408934750020359,10.496
train,trainval,qFza3W87eDg,50016,0,trainval,VbF2KPn3TrU,50010,-1.4937246693387962,2.816
train,pretrain,j51HsRILGKI,00015,0,pretrain,pMYYxSim5QI,00031,0.984178749064748,3.2
train,pretrain,RGRlkq4Xl1s,00006,0,pretrain,3TXSNu5wTS8,00024,-4.012897897432666,7.296
train,pretrain,c0Z7KeNCi7g,00008,0,pretrain,B8Z2G7d2kzs,00004,5.793383785884753,7.936
train,pretrain,z9CabT4Kcz8,00007,0,pretrain,HdHW77blulg,00028,-6.344497436352183,2.816
train,pretrain,uYyvbgINZkQ,00021,0,trainval,3q3WOrs8kAM,50010,-6.934209175300692,2.496
train,pretrain,cXbXNV9SZAg,00027,0,trainval,w96osGZaS74,50003,-9.821296727580082,6.08
train,pretrain,65e2qScVSK8,00018,0,pretrain,1EIQ6nSSXxk,00009,-9.75873995368467,3.968
train,pretrain,arj7oStGLkU,00023,0,trainval,mp0SQQQgv7s,50008,-9.9887403689016,3.072
train,pretrain,SGnmDWtyhAs,00024,0,pretrain,DBoShCrKfLQ,00015,-8.995237379274002,11.52
train,pretrain,73jPh0eRPSY,00016,0,pretrain,6a6vVIdQBd0,00035,9.883656179423976,3.84
train,pretrain,6a6vVIdQBd0,00028,0,trainval,c8re1U9rCo4,50004,3.9435868219063224,2.816
train,pretrain,kLRanIhp2jg,00022,0,pretrain,u7SWcQaoaRQ,00003,-5.723077398710707,9.536
train,pretrain,5EH1dS2aQVg,00010,0,pretrain,2Num0P3H7lU,00002,2.9558556220659042,9.408
train,pretrain,ndAHAjgquwk,00011,0,pretrain,MSE5Vryrd0I,00001,-0.11168538244437975,7.744
train,pretrain,dOt4NkcmIUg,00023,0,pretrain,4ef6KJ7vfIw,00035,0.28096104507446285,12.8
train,pretrain,uCC3dS7FrkQ,00002,0,trainval,uBgRo9tnvSI,50006,-9.63035354032021,2.496
train,pretrain,jk0Y3Ss212w,00002,0,trainval,OH0dK208MNk,50009,7.637966627540209,5.568
train,pretrain,EEjyPqyFeSs,00033,0,pretrain,frrZbq2LpwI,00007,-1.9651677538865915,6.016
train,pretrain,DtT6S1vtjzQ,00033,0,pretrain,iNOE0dZpHcY,00025,-3.4382428699384704,14.656
train,pretrain,mRgSUwk1hnE,00008,0,trainval,mJxA8eIWQUc,50008,5.669399152487104,2.816
train,pretrain,uVAaZVz9pDs,00040,0,pretrain,pbotabqHUys,00012,-9.240654536455583,7.68
train,pretrain,0FQXicAGy5U,00016,0,pretrain,WmJwn4WDeLE,00013,-9.116714847237384,4.48
train,pretrain,lASzdhSbQBo,00029,0,pretrain,bSiGZPtWXzE,00014,-0.5706839121133971,7.808
train,pretrain,50m48lpi4AU,00032,0,trainval,IfqdMoKVIR0,50004,8.424355957551931,5.248
train,trainval,1rTEOU67zCo,50004,0,pretrain,uHnqvhWQMV0,00017,-0.5549993027638873,3.392
train,pretrain,hvJ4KlVlqV8,00036,0,pretrain,VCRcGKpjWtU,00018,-6.81501365019532,11.328
train,pretrain,tqf607N19Is,00011,0,pretrain,BXcFEhl7ynM,00008,-8.808491342365963,7.552
train,pretrain,Jz064FJMmKw,00003,0,pretrain,IRVdiHu1VCc,00014,6.728260470040357,5.12
train,pretrain,WNTk29zXl4A,00023,0,trainval,xY7kVVS2HVY,50031,-5.629554507925089,4.416
train,trainval,0GL5r3HVAZ0,50012,0,trainval,LWQfeSSfNbs,50015,5.342803931293499,2.24
train,pretrain,ciStnd9Y2ak,00002,0,pretrain,1Totz8aa2Gg,00006,-8.765458773191321,6.912
train,pretrain,7Oe11XnBvA8,00013,0,pretrain,AzcMEwAxSP8,00006,-3.2126110318058876,7.744
train,trainval,C14bXC7zi84,50003,0,pretrain,MwzqSswl4cI,00047,-9.252455698126408,3.072
train,pretrain,xlGG1OSpbKk,00004,0,pretrain,M1yCvKASWdU,00004,-0.5468679044995302,8.96
train,trainval,WNDWYW4yWEM,50002,0,pretrain,HQzXqjT0w3k,00012,-5.26583462477523,2.048
train,pretrain,z0HsPBKfhoI,00006,0,pretrain,5OqqAKHfHv8,00001,9.254527126483776,7.552
train,pretrain,sfIpMJwRFk8,00004,0,pretrain,5AcjM5BKfRQ,00011,-9.658973247216382,3.456
train,pretrain,axRSF7ku0Zg,00022,0,pretrain,iARReKKgETs,00009,6.177155319341459,3.328
train,trainval,xSLkNjQyHww,50001,0,pretrain,rQNisRKhSiU,00003,8.241891306595697,4.096
train,pretrain,U4Lx5rcii38,00012,0,pretrain,ltelQ3iKybU,00012,-5.848817507993996,3.968
train,pretrain,jkEgngW766Y,00009,0,pretrain,SgYvy71CSSA,00022,1.3481649166016911,3.008
train,pretrain,kTsqFn33RiQ,00001,0,pretrain,YO0lbdhF30g,00016,-7.902152298548383,9.728
train,trainval,CfqO1U6lfDs,50004,0,pretrain,i1MRJrm9Gts,00010,-0.9095861559839804,4.608
train,pretrain,7s0CpRfyYp8,00043,0,pretrain,WWRXOqYwRkM,00009,0.27153832308172454,5.888
train,pretrain,u1SdYypojbE,00009,0,pretrain,wEM9c7RoVms,00008,3.178715897830209,6.336
train,pretrain,4T9N3ZcRBSI,00018,0,trainval,GDnYDLERnRE,50020,-0.8300547438031742,2.624
train,pretrain,buhMdC7MO0U,00004,0,pretrain,F5yvoSu2OV0,00001,-4.625558025797403,7.168
train,pretrain,DG7kSeazMQ4,00033,0,trainval,JRWC1UlMjZQ,50008,-1.0459564847153722,2.048
train,pretrain,AhUhpfKeLus,00002,0,pretrain,ZCS0MZuVBwE,00024,-2.9144462666246795,7.232
train,pretrain,jAGgKE82034,00031,0,pretrain,xMjSPS6H69g,00028,-6.36451555892358,8.128
train,pretrain,LNHBMFCzznE,00019,0,pretrain,BFK2knjj4lQ,00016,-9.399488397653048,3.776
train,pretrain,u8bsCiq6hvM,00002,0,pretrain,SF242mxtZN8,00030,-1.6750953864277918,3.776
train,trainval,8s3bdVxuFBs,50011,0,pretrain,hTAXEq6zLo8,00005,3.5252993767523506,4.544
train,pretrain,12OAr0lt4bk,00038,0,pretrain,B9DdIivSGts,00004,-0.9461291116730148,6.336
train,pretrain,iyfdWsa1zns,00019,0,pretrain,ETFkztcoMVc,00010,-6.806287239096303,9.728
train,pretrain,ziGD7vQOwl8,00045,0,trainval,BBSVLGf7zPI,50002,-7.356669168927419,5.696
train,pretrain,XyCY6mjWOPc,00008,0,pretrain,SSV07QKguBI,00024,4.028612599913092,4.096
train,trainval,8Ug1MnU6LKw,50008,0,pretrain,MqnbE5WRPEU,00001,-1.6848318263246007,2.368
train,pretrain,q06YIWCR2Js,00017,0,pretrain,MSE5Vryrd0I,00017,2.456776368585709,6.656
train,pretrain,uWfLwKHSEko,00052,0,pretrain,iPrDiPDTzYk,00012,6.879517613431862,5.504
train,pretrain,SQe8cR4Jl10,00010,0,pretrain,UQkIbUvcs7w,00014,-7.436230922641163,5.824
train,pretrain,G1Ke6JIZyX4,00004,0,pretrain,bC0hlK7WGcM,00019,-1.3156714768766449,8.96
train,pretrain,nn5k4snG3rA,00010,0,trainval,phUUjkSbtiY,50004,9.50961669352031,2.688
train,pretrain,bCGlWQnzDVE,00018,0,pretrain,nVEvzeIXbpk,00035,1.4295685519479377,8.256
train,pretrain,NPSelwWdPa0,00044,0,pretrain,FqSVvAxDBRY,00004,5.0602590406475745,23.936
train,pretrain,ZbYDSIe5jsI,00008,0,pretrain,7LcSdlVrg5M,00014,2.9509282763218625,4.352
train,pretrain,W3C23m71Yws,00022,0,trainval,b64qvG2Jgro,50004,-9.829489231953053,4.416
train,pretrain,65e2qScVSK8,00012,0,pretrain,fmS0sTNcDIo,00001,6.810692877287622,5.12
train,pretrain,CsqSDpmgsQg,00024,0,pretrain,txJGm6zhiBA,00009,8.246628109379955,5.248
train,pretrain,vYV4tAq3wVg,00009,0,pretrain,iq5lXSj6Prg,00002,-1.2842973780618507,4.928
train,pretrain,38OUCtzkT4Q,00014,0,pretrain,Bwj3SVZZOHo,00004,7.54521583935222,8.768
train,pretrain,ALryABSAYiA,00009,0,pretrain,2G8C36aKnpU,00023,0.8764432400711968,4.8
train,pretrain,I9tB6Q5bmcQ,00021,0,trainval,uDIyxxayNig,50003,-5.668827007117243,4.16
train,pretrain,OLHh9E5ilZ4,00038,0,pretrain,TZkNJFrfdR8,00016,-2.421830421688891,11.648
train,trainval,X55qpYxwoO4,50004,0,trainval,7n9IOH0NvyY,50006,-3.1543743646996454,2.112
train,pretrain,vUQLN4o63SY,00015,0,pretrain,2wseM6wWd74,00024,2.1621232834400494,7.296
train,pretrain,8cboEp70nvg,00005,0,pretrain,70uaS1e9YN0,00003,-0.6671465843186635,5.056
train,pretrain,aSpHGbL5138,00008,0,pretrain,0UmUgaJwEr0,00004,-8.084792731547202,6.912
train,pretrain,9KACXVScWS4,00055,0,pretrain,oOE0kKteWkg,00011,9.290908836075314,5.44
train,pretrain,WMAunz9LqZU,00002,0,pretrain,BxFvxKaSmWo,00004,-7.56655478277954,7.488
train,trainval,SQB9zNWw9MA,50003,0,pretrain,VOXikTyZxPA,00004,8.512367975008075,6.016
train,pretrain,B9DdIivSGts,00051,0,pretrain,4GMtcj9bBek,00016,-6.153245688519451,5.888
train,trainval,C14bXC7zi84,50004,0,pretrain,fqJAeReFr8I,00016,-5.824745464788938,2.752
train,pretrain,DWZsOe1j2w0,00006,0,pretrain,x3AwnkR92EA,00003,5.411440541492027,4.16
train,pretrain,2zvjW9arAZ0,00025,0,pretrain,dskNubEgzCk,00008,-0.14229476382316086,5.248
train,pretrain,KDBcoRLkut8,00002,0,pretrain,BXcFEhl7ynM,00007,3.1458574803658212,5.376
train,pretrain,1Gtc0ounD5I,00005,0,pretrain,0Sdja9Ys4Sg,00005,-7.164944463560241,3.328
train,pretrain,3LmjSv8N8hE,00005,0,pretrain,6MBaFL7sCb8,00001,0.20281786227993948,6.272
train,pretrain,GzzHawjP648,00015,0,pretrain,DG7kSeazMQ4,00031,5.2421804258211235,6.72
train,pretrain,OaGk5BSO0Pg,00002,0,pretrain,xYIGNOHhNe4,00003,-7.782688771282569,5.568
train,pretrain,QbxinUJcLGg,00002,0,pretrain,pz1TDXKSTHc,00038,9.022702994265853,4.352
train,trainval,7Iv2nZnZOrM,50013,0,pretrain,53P0aypkpXY,00002,-8.752848350654709,5.248
train,pretrain,n4EhJ898rSk,00003,0,pretrain,imaWSTabxOE,00014,-5.07864227077625,8.832
train,pretrain,11Mq9ZuxZMc,00013,0,pretrain,A3yBxsDv8lM,00010,0.2198608122365151,3.136
train,pretrain,IRVdiHu1VCc,00043,0,pretrain,ht1zFl7HyO8,00004,8.675830085568705,4.8
train,pretrain,jdMv5x8SBuM,00027,0,pretrain,pew48bbrob0,00001,8.868099887027412,3.456
train,trainval,vzKA1y3cdYI,50058,0,pretrain,tPgQsv2KPwc,00003,4.735086196144094,2.88
train,pretrain,sW9sr2SZ5kk,00004,0,pretrain,DtT6S1vtjzQ,00030,-0.15066935011859428,10.112
train,pretrain,d6eMdixkoRI,00001,0,pretrain,30kPKxGuHLA,00004,2.7600819209663783,4.032
train,pretrain,6XS8TA4RBog,00010,0,pretrain,ESfBSsSTC5k,00006,2.9338102753135527,4.48
train,pretrain,X41iulkRqZU,00032,0,pretrain,yjtCDgjxRAw,00002,-2.1291798685690555,9.6
train,pretrain,uWfLwKHSEko,00024,0,trainval,by3NnWvSCj8,50005,6.208950597443174,3.648
train,pretrain,SAm3gtFB8xU,00014,0,pretrain,UCFg9bcW7Bk,00020,-8.693064486838832,5.568
train,pretrain,rtsHUeKnkC8,00018,0,pretrain,6wk4dkYSrV0,00008,1.1754621839179862,4.16
train,pretrain,zStF2WEZMSs,00007,0,pretrain,wznroZvpVHU,00011,-5.458851419452529,8.512
train,pretrain,v7UKkzIaSsQ,00043,0,pretrain,2XiDdnDCD34,00006,-9.499937328798435,3.712
train,pretrain,6yR5OUVb2gY,00021,0,pretrain,axAxSDq3rn8,00006,-7.519180478843341,5.184
train,trainval,sLFqwXqe4Yk,50004,0,pretrain,ulLFP8axZVQ,00001,5.1068673096641,5.76
train,pretrain,FMD2cMjrMDM,00008,0,pretrain,J0WQz9qlgZI,00004,3.0042106018544423,11.84
train,trainval,jKAehegqTvg,50005,0,pretrain,acNSymOsL6M,00030,-1.4798011572211394,2.496
train,pretrain,SHt4qiDRZE8,00009,0,pretrain,F1U26PLiXjM,00041,-7.508770682073653,9.216
train,pretrain,ww4kNxYE0c4,00026,0,pretrain,iNOE0dZpHcY,00042,4.813061550253044,3.52
train,pretrain,tH5iEf9oxaI,00043,0,trainval,7pVPmmwSeJQ,50002,9.895675749947696,6.016
train,pretrain,p8KSCPXuYwI,00011,0,pretrain,pvqgsvA2XiQ,00003,3.3596169938344893,4.928
train,trainval,tiWwrdMqvvM,50001,0,pretrain,vwhSTukb07U,00015,9.934803262679367,6.08
train,trainval,Fb3yp4uJhq0,50007,0,pretrain,B5MkpzMAOZM,00019,2.2141973819605827,2.56
train,trainval,4ZgwzSm7sRs,50012,0,pretrain,2URf46UY7SA,00020,3.885854878762686,3.136
train,pretrain,akOe5SUsQ2o,00017,0,pretrain,qKJv4S5peJQ,00021,0.6407979308193461,4.608
train,trainval,L6N06hTuESE,50007,0,pretrain,f6CILJA110Y,00011,7.404368229964501,4.16
train,pretrain,9vKRj9yV8pI,00005,0,pretrain,KabSmpUSYVM,00020,-6.449173906666809,5.504
train,pretrain,HjSGqwAFRcc,00004,0,pretrain,uNQujCwCu88,00031,8.726435737108083,6.656
train,pretrain,oYpS4qQNmSs,00010,0,pretrain,ttRhMPgpoOQ,00007,5.70225142374313,3.776
train,pretrain,A9kQBAH1nK4,00003,0,pretrain,IfjI0tVUpbc,00022,-0.7617908922022281,5.824
train,pretrain,gCWeVYCcKXw,00028,0,pretrain,2SlbsnaSNNM,00014,-3.0647432553506615,16.128
train,pretrain,VT3XyORCFDA,00007,0,pretrain,11Mq9ZuxZMc,00036,-6.599783829303865,4.608
train,pretrain,hJnEQCMA5Sg,00014,0,pretrain,YkzwHuf6C2U,00015,-5.784254041857859,7.36
train,pretrain,rToBZSrxjgM,00013,0,pretrain,lPtPG2lAmm4,00017,-2.0178023099461413,7.296
train,pretrain,NFIOuy3JSIQ,00002,0,pretrain,LSn4OF7G9BM,00022,0.7867234532647398,4.608
train,pretrain,0SUTgoPUTLQ,00015,0,pretrain,LhszKevcH30,00018,-8.98793020054661,5.44
train,pretrain,s9jsZPeqFCw,00016,0,pretrain,h4MhbkWJzKk,00027,5.412631258714429,10.176
train,trainval,cSrWtqConY8,50003,0,pretrain,PY9DcIMGxMs,00029,7.1466824433717555,5.056
train,pretrain,JCI9FBP0Abg,00030,0,pretrain,sucza6EOIf0,00054,6.02179186224377,18.688
train,trainval,SvBggxCNNno,50007,0,pretrain,AHfiKav9fcQ,00017,3.8297366430666138,4.096
train,trainval,lbBDoFp2HIQ,50005,0,pretrain,F2SIP2nSEoc,00003,-0.690027906154171,5.76
train,pretrain,uHRG3Vr9qyI,00009,0,pretrain,2W1jvTEjc1s,00010,-6.191417453971275,3.392
train,pretrain,gyM6rx69iqg,00021,0,trainval,td1PbsV6B80,50007,-1.851545918079264,2.176
train,pretrain,0d6iSvF1UmA,00020,0,trainval,d5wfMNNr3ak,50001,-0.29953147573650085,5.184
train,pretrain,aSLSiIskEFU,00003,0,trainval,P4X9ZfEx9So,50003,-4.873421356432212,6.08
train,pretrain,MOFdlEbu15g,00074,0,pretrain,lASzdhSbQBo,00045,0.11288558864011122,3.968
train,pretrain,tBoBC3nBoFs,00018,0,pretrain,NDWkSrKRTCs,00006,-3.966073130404391,3.84
train,pretrain,HzySGhX8SCc,00005,0,pretrain,Y0GHWogx0eg,00025,6.878046501185263,4.608
train,pretrain,qFza3W87eDg,00050,0,pretrain,SpSGKCr8rq8,00011,-8.360640915324309,7.616
train,pretrain,qAYqK9lAxic,00003,0,trainval,zuAj2F54bdo,50015,-5.823382490656206,2.56
train,pretrain,U9BzgnX3z6Q,00007,0,trainval,BQj2ZSGPsY8,50005,-0.22823228830902664,6.144
train,pretrain,W3SRjJtd6Eo,00027,0,pretrain,BwC4WRKi5QY,00002,-6.3257677019823255,6.272
train,pretrain,D1QoyTmeAYw,00022,0,pretrain,34a7UEzZdsA,00018,-2.4475644874880276,8.832
train,pretrain,JNSgdmKysxA,00019,0,pretrain,qYfEYvo96Hg,00002,-3.8797933675065988,8.96
train,pretrain,6tpsSu5O0Ws,00027,0,pretrain,RlQEoJaLQRA,00027,-7.23625301940652,5.248
train,trainval,73rUjrow5pI,50002,0,pretrain,YXWKuKSQsu4,00017,-9.521678302196916,4.928
train,pretrain,1z3Fgtj8fqk,00040,0,pretrain,m048uAa8L3k,00036,-6.217833337012646,7.424
train,pretrain,NPSelwWdPa0,00035,0,trainval,p7YRnLbmLGs,50007,8.884856290316797,2.944
train,pretrain,5tUnSuoYKoE,00073,0,pretrain,oghkCpRYVjU,00008,-2.9281512535505483,4.736
train,pretrain,r92jUj7gNRw,00005,0,pretrain,ema8O7xqjvk,00025,-8.98107920303232,7.488
train,trainval,h9SKyrHRhDo,50001,0,pretrain,dLmK4gZ0oz8,00018,4.729877276748535,6.208
train,pretrain,JCJ9BMSmqAY,00001,0,trainval,IMTcuU0KLSw,50023,-1.5199165920168252,4.16
train,trainval,4BwSMSCFdu0,50014,0,pretrain,LSdPxGLesE4,00043,-0.8261016408362103,2.176
train,pretrain,gS3iLapiTCw,00023,0,pretrain,2ju61VPdTzw,00004,8.107350532412553,5.824
train,pretrain,4bHO8NZwmIg,00023,0,pretrain,abMQhaMdQu0,00033,-5.469005621004197,3.968
train,pretrain,huzhvbrcgeQ,00012,0,pretrain,1EHZAQmw2JA,00007,8.875031252019472,8.256
train,pretrain,apbSsILLh28,00042,0,pretrain,SU1foLW8h54,00035,6.811754677769226,5.44
train,pretrain,atKSMfx4E3I,00015,0,pretrain,6fJRmouSDL4,00005,-4.309298740800025,10.048
train,pretrain,aILSY9g7Tg0,00013,0,pretrain,HdHW77blulg,00009,3.26802973596574,4.8
train,pretrain,lkzoQuzlW4M,00001,0,pretrain,Y4QZzZgYUKg,00012,-0.5129382447681774,14.976
train,pretrain,bpi6us7wQfE,00008,0,trainval,7sxpKhIbr0E,50008,-2.822240731469421,4.288
train,pretrain,DLEbNRdqX0U,00018,0,pretrain,acNSymOsL6M,00030,-6.206039719708936,3.2
train,pretrain,FESv2CgyJag,00009,0,pretrain,jpeSLKnS4gM,00039,2.914258454312499,3.84
train,pretrain,sBsuIAscshE,00021,0,pretrain,3qyVvDGDGQs,00020,-1.3706943529385498,4.608
train,pretrain,pMYYxSim5QI,00035,0,pretrain,bpi6us7wQfE,00039,8.304673322086977,5.76
train,trainval,deT1mILtFEY,50027,0,pretrain,jSS03JfgHEA,00010,9.656133916890692,4.16
train,pretrain,c6mhFgAjqwA,00015,0,pretrain,jodhovumkHQ,00001,-4.552546917151554,6.4
train,pretrain,AfljJGTVcKE,00029,0,pretrain,iq5lXSj6Prg,00021,2.8406532818295833,4.16
train,trainval,CyElHdaqkjo,50002,0,trainval,rKtmsVa4Kvk,50015,3.7332115979589915,2.496
train,pretrain,BWWPZlaq35U,00005,0,trainval,QSfFattg8N0,50009,-8.00476007843556,6.144
train,pretrain,dJEwC4wCM70,00004,0,trainval,NIjjaFCADSE,50008,2.1353500034633583,5.952
train,trainval,Df2JBnql8lc,50005,0,pretrain,jSS03JfgHEA,00031,2.738358548293359,5.248
train,pretrain,N0vRIqeoefs,00024,0,pretrain,12OAr0lt4bk,00038,-3.6097520093211255,9.6
train,pretrain,G8cjIBwP52o,00014,0,pretrain,R21MsHQA8vM,00039,-7.219183291342135,4.16
train,pretrain,FzmXULKUNJU,00015,0,pretrain,tV2RLLtOgL4,00034,-9.688842386851972,6.272
train,pretrain,ydZfSuzSHu8,00010,0,pretrain,CSeFjLZqXt8,00015,-0.4484209490649871,13.248
train,pretrain,lXNE4MD2X2w,00030,0,pretrain,7Oe11XnBvA8,00035,-6.8329201979000835,7.552
train,pretrain,IKZCw4xdESQ,00025,0,pretrain,vYV4tAq3wVg,00043,-0.2141839410707611,5.056
train,pretrain,G2Y6Am46eVU,00019,0,pretrain,ZmSF9gVz9pg,00024,-0.4325624814778273,11.904
train,pretrain,HfuZJVpNWR4,00003,0,pretrain,wN3ovSzal3g,00012,9.717972649450243,8.064
train,pretrain,cOIJGGgaSIY,00042,0,pretrain,ErexJkoDhGI,00024,-8.104903516502633,4.8
train,trainval,hi4QzyuSi6o,50001,0,pretrain,Y0GHWogx0eg,00011,-8.178618382406954,2.112
train,pretrain,6xsvGYIxJok,00004,0,pretrain,YraU52j3y8s,00035,-0.591136120500753,6.976
train,pretrain,LSn4OF7G9BM,00013,0,pretrain,A27QjpQSIeo,00009,0.5391551911298791,7.424
train,pretrain,XLi6iYnnsGc,00018,0,trainval,lw3YTbubyjI,50011,-6.185029296484683,6.016
train,pretrain,lUHy84tSDrA,00003,0,pretrain,LJhklPJz9U8,00035,4.552340755447577,8.576
train,pretrain,3TXSNu5wTS8,00009,0,pretrain,Zq7QPnqLoUk,00010,4.0808485193775805,12.288
train,pretrain,jLOfXsFlb18,00016,0,pretrain,iNOE0dZpHcY,00040,-2.102364285393934,3.776
train,trainval,DgofaSv4MA4,50005,0,pretrain,B9DdIivSGts,00010,-1.446861636618877,3.712
train,pretrain,fgfQLTIhi1U,00003,0,pretrain,J9PgY1mbPgM,00002,2.6370961893118956,11.456
train,pretrain,odyakQwtWwo,00007,0,trainval,tV2RLLtOgL4,50001,4.29558877716029,6.208
train,pretrain,TVfmUfr8VPA,00008,0,pretrain,EvEj5zAJriw,00019,-5.0086883241405715,5.184
train,pretrain,jAemhSJxgOk,00004,0,pretrain,qqNLSZ6SSSc,00007,-3.0093107225648597,3.648
train,trainval,t0pwKzTRG5E,50003,0,pretrain,ZK3S2rCHmPA,00011,6.687179183299037,3.648
train,pretrain,bB5zR2xYhm4,00037,0,trainval,OH0dK208MNk,50005,-1.2603223422737777,2.752
train,trainval,UqyOedEHIrw,50001,0,pretrain,FVSc2FnPnDE,00031,8.199049428081292,2.304
train,pretrain,hi4QzyuSi6o,00017,0,pretrain,Pl8OlkkwRpc,00008,8.639919332831745,4.544
train,pretrain,kySSXxxiWHg,00014,0,pretrain,jodhovumkHQ,00019,5.58354132376512,27.648
train,pretrain,7HD3lrb6VtM,00003,0,pretrain,xo4KYUOMmZo,00003,7.808053581174374,8.448
train,trainval,6Eu964BbJO4,50003,0,pretrain,5Yikqlc7yl8,00021,6.701975701463994,4.416
train,pretrain,Y350oOiunf4,00012,0,pretrain,A60UTjiEp4c,00002,9.090521164624484,4.8
train,pretrain,sucza6EOIf0,00050,0,pretrain,k3zZVQPaKKQ,00008,6.431724774432151,5.824
train,pretrain,BnC6IABJXOI,00054,0,pretrain,vVY8L56oxSM,00003,-4.484963051152604,5.184
train,pretrain,1S9RVl1dSl4,00001,0,trainval,weCFbknwZa8,50017,-0.5343448365868042,4.736
train,pretrain,7Z9xCX4ifJo,00027,0,pretrain,TpC8wNkjSvs,00003,-6.046671075764529,13.376
train,pretrain,d1D2SGSBhlA,00003,0,pretrain,iGHzqmnGH4A,00006,-1.5530420654056094,8.0
train,pretrain,h27g5iT0tck,00024,0,pretrain,gaY4m00wXpw,00010,2.4609809354551455,6.08
train,pretrain,KI3WJXNhCJ8,00005,0,trainval,VLe84OkwKOA,50007,-3.545715602105144,6.144
train,pretrain,ueOqYebVhtc,00015,0,pretrain,sodSeJBf9Y0,00004,7.6740609869570875,3.904
train,pretrain,asSNPOU5U3c,00044,0,pretrain,fi8CYv9Dcr0,00003,-1.4921961108461126,3.136
train,pretrain,3nsoNSLS8RQ,00007,0,pretrain,NZspSEdO2Xk,00046,1.8700212639982983,5.248
train,trainval,ZJPdJuhI03U,50004,0,pretrain,3yfFwDq4R5M,00030,0.7757879994435157,5.056
train,pretrain,fvoWoMIwrSg,00006,0,pretrain,LZXUR4z2P9w,00013,-7.534949146555123,5.12
train,pretrain,rTMqGbTNkNg,00009,0,pretrain,z5lZ9wciZQM,00006,4.811110211173958,23.616
train,pretrain,SGzenQjZSpU,00029,0,pretrain,ARGkp6am3S8,00026,0.6510715135104093,11.968
train,pretrain,E3SSSS5SFHQ,00050,0,pretrain,8agz9FcDcPk,00001,-7.074531704845956,5.568
train,pretrain,PY9DcIMGxMs,00043,0,pretrain,jUIfiLplNqQ,00026,-0.8290680948724614,9.088
train,pretrain,G1Ke6JIZyX4,00001,0,pretrain,czWSxBvDtHY,00004,-4.012549338406477,7.488
train,pretrain,HALd9FY5SVQ,00006,0,pretrain,GMc8aSoCE30,00038,-3.6813638334036147,7.296
train,pretrain,VPxEde3Q1F0,00010,0,pretrain,04VbxnzUwes,00021,-1.6488009499445901,22.144
train,pretrain,Fc1yN6uxZfQ,00035,0,pretrain,4yyPSZSGLOI,00020,9.493938907975014,8.128
train,pretrain,85hbMtegrLc,00008,0,pretrain,bB5zR2xYhm4,00030,-7.1983004019968515,5.632
train,trainval,ElJxUVJ8blw,50039,0,pretrain,wgKmdbTmbDk,00026,-0.9777466653198079,5.888
train,pretrain,uqc56GMOYWY,00001,0,pretrain,UVDgemuZdho,00011,-7.857540294396486,5.376
train,trainval,dooLZNsHVDY,50006,0,pretrain,MLU7qcMYKO8,00022,-0.4321953200527737,6.208
train,pretrain,oAUU7cQmYiE,00005,0,trainval,v3SZTqj2Skw,50003,5.890357199916494,4.992
train,pretrain,GIt6Z0k3PQo,00022,0,trainval,vo2cse4CoGM,50017,-0.7941950739229053,5.696
train,pretrain,saXfavo1OQo,00028,0,trainval,Qi8MoU6g8Sc,50005,8.564606978133202,3.968
train,pretrain,RsxlLsHtoBI,00027,0,pretrain,ayVm441iZfo,00023,4.148746590568024,6.976
train,trainval,YAV96XSdMQo,50005,0,trainval,VfKWd7iXMSo,50018,-9.154864219601953,2.048
train,pretrain,9UbnOKC1ioU,00001,0,pretrain,cOIJGGgaSIY,00023,-7.049031406417868,8.256
train,trainval,9VXOknUbzBM,50007,0,pretrain,eOvG4ZXQxUU,00012,2.547712920799496,5.888
train,pretrain,WNj1Y11tSx8,00011,0,pretrain,tiwVMrTLUWg,00012,7.96274993154767,4.416
train,pretrain,Mtjatz9rSVc,00019,0,pretrain,LGtNFHtM81A,00019,0.08281054174742941,4.48
train,pretrain,yDYCf4ONh5M,00011,0,pretrain,t6eFzt6kFGE,00020,-7.109273634446495,4.992
train,trainval,3LzX36sShcs,50007,0,pretrain,iP9QFSlBOyA,00032,5.961821384560883,6.208
train,pretrain,A9UmdY0E8hU,00016,0,trainval,AhKevstJyrc,50001,5.01608850232202,3.84
train,pretrain,EZSf3Fc0ZRA,00040,0,pretrain,mymMye4purU,00025,3.9610976950896966,4.416
train,pretrain,V4Xw76SsHOM,00016,0,pretrain,iONu2ndDmHM,00010,2.034461528426121,9.152
train,pretrain,J6ZzmqDMhi0,00004,0,pretrain,RRRDYBwjjU0,00005,4.79739204963648,10.752
train,pretrain,TjaM0tdxtYA,00026,0,pretrain,EXo3qA9V3eI,00026,3.130702500250951,6.848
train,pretrain,WF6SDe4USvE,00003,0,pretrain,6XNrzmh0EVs,00031,3.2140804631968596,2.432
train,pretrain,zLNXIXingyU,00022,0,pretrain,qH4GAXXH29s,00010,0.5308372851518168,6.528
train,pretrain,8iZSsHd0IlU,00016,0,trainval,v22SdEMzxO4,50013,3.2787999100386163,5.696
train,pretrain,RsiLLNziScM,00002,0,pretrain,1BHOflzxPjI,00012,-1.8702810796730667,4.672
train,pretrain,rToBZSrxjgM,00006,0,pretrain,1QQ3gWmd20s,00019,-9.449685134093052,4.352
train,trainval,MV0Iob65Nq4,50006,0,pretrain,CdxVbUjaSpY,00018,0.5975291161485856,5.632
train,pretrain,RKK7wGAYP6k,00024,0,pretrain,yDubrSRjlCE,00052,7.680945464940052,8.448
train,pretrain,BISCnsKyOuk,00016,0,pretrain,f6CILJA110Y,00022,4.5479858690985075,8.32
train,pretrain,ufJ7sOtuFd0,00015,0,pretrain,vqz49SrYRMk,00002,3.1036130672439874,4.928
train,trainval,4bsiMd1zQ3s,50003,0,pretrain,hiM48jSNZOU,00016,2.7160068824091184,4.928
train,pretrain,OaGEMSRms48,00027,0,pretrain,uarlIjkHlAs,00015,-4.132205698308454,4.16
train,pretrain,nx3GuO41Jyg,00016,0,pretrain,gmSsyvrI2Xw,00025,8.900368183828068,9.6
train,pretrain,BGcJXAXSSd0,00002,0,pretrain,VMwjscSCcf0,00027,-6.843947067102247,4.16
train,pretrain,HEFSHP2XE7E,00020,0,pretrain,jJMBwqhD9DE,00023,1.9792003524279842,10.176
train,pretrain,b3H9V1jq0A8,00002,0,pretrain,PRsopS7yTG8,00006,-4.565282323285866,4.544
train,pretrain,OOhgwjEnfAA,00020,0,pretrain,vrU6YJle6Q4,00014,5.416226374860058,4.416
train,pretrain,RkTE1LZStLk,00004,0,pretrain,AzcMEwAxSP8,00016,-1.1788012015363272,4.48
train,pretrain,mkdSXHXhCcw,00020,0,pretrain,d8s8e8JdGCc,00005,-7.311425317120803,10.496
train,pretrain,kEejVSZ5mLY,00008,0,pretrain,CVaSIZVzUoc,00009,0.1295047290321456,4.096
train,pretrain,jSdBXFkQ3S8,00025,0,pretrain,C6mNITMY7e0,00004,8.930530762800991,3.2
train,pretrain,6EghiYSs2ts,00035,0,trainval,G1RRbupCxi0,50030,-4.358853883604697,5.888
train,pretrain,3WMuzhQXJoY,00003,0,pretrain,dkmpRQdJslI,00006,9.915802296072311,12.16
train,trainval,wNokfBHccVI,50001,0,pretrain,G1RRbupCxi0,00009,-1.6751674098613574,2.56
train,pretrain,seARHjX8Ssg,00011,0,pretrain,OmMv9tShW8k,00004,0.32848963163997524,4.096
train,pretrain,3sWTLAS0m9U,00011,0,pretrain,5tUnSuoYKoE,00082,1.8517418831619352,8.64
train,pretrain,Chfoo9NBEow,00002,0,pretrain,CGksAjzI0go,00051,-7.416492523502969,11.84
train,pretrain,vtjbyBUYYzY,00008,0,pretrain,AhKevstJyrc,00036,-6.290157801175502,5.696
train,pretrain,9EVEmZ2cSes,00043,0,pretrain,rToBZSrxjgM,00006,-4.790577511920279,7.68
train,pretrain,xSUw0NiseBM,00032,0,trainval,mMDuakmEEV4,50041,2.328824799162394,3.2
train,pretrain,YFC5CwZVCEw,00001,0,pretrain,4VDYo4k3xKk,00014,-3.9949013463373557,4.032
train,pretrain,STsOdmkH5fI,00046,0,trainval,K0PJbPlZoNI,50001,7.456432422082713,5.696
train,pretrain,St7SxHszKws,00026,0,pretrain,Iv3Ud7Shv9g,00012,-3.478046284674276,4.096
train,pretrain,fgfQLTIhi1U,00022,0,trainval,rTJpJlVkRTA,50007,4.963569851679665,5.696
train,pretrain,uKByBgqxOw4,00011,0,pretrain,GB4s5b9NL3I,00058,-8.660831920708423,5.76
train,pretrain,0ygtX2nyexo,00013,0,pretrain,okQXrB7ySAw,00013,-6.862864623984004,5.696
train,pretrain,2t13Rq4oc7A,00016,0,pretrain,bk65ivyQZy8,00017,5.482201058106224,6.208
train,trainval,gUWWt30oZ3w,50007,0,pretrain,LH8MPbFoRjw,00010,7.915039375056367,2.432
train,pretrain,ONXYcNS7k1Y,00002,0,trainval,sUf1ajkIAhY,50007,8.857696686177416,2.24
train,pretrain,jSaLUnl3qpA,00008,0,pretrain,OaGEMSRms48,00004,-6.712554511426745,6.592
train,pretrain,T3I6LwDSfPE,00018,0,trainval,7sqeoYOQ4qg,50009,8.20390234497587,3.52
train,pretrain,yDubrSRjlCE,00005,0,trainval,9YR8jNtV4BE,50004,1.1713109060023115,6.08
train,pretrain,ONXYcNS7k1Y,00001,0,pretrain,lbBDoFp2HIQ,00021,7.991582134474292,11.328
train,pretrain,dO6AuQR9R7E,00028,0,pretrain,4cJ08wOqloc,00009,-3.307733120314107,3.968
train,pretrain,yq3TQoMjXTw,00033,0,pretrain,RcGyVTAoXEU,00014,4.731333552784946,7.04
train,pretrain,utV1sdjr4PY,00018,0,pretrain,7H0USvVSfhU,00003,-9.683609393048535,3.776
train,pretrain,ovV7v2XYJAI,00001,0,pretrain,nv0dObM5XGk,00014,-1.097168886733872,3.904
train,pretrain,XgRlrBlS7Yg,00072,0,pretrain,p2MEGk5q1WI,00022,5.709614253337634,4.096
train,pretrain,UVDgemuZdho,00025,0,pretrain,IRxgDMSp9Gs,00018,6.93148839134588,11.712
train,pretrain,kCOV51S7Xqg,00017,0,pretrain,edEs4sjlmJY,00007,2.1444675486825915,6.912
train,pretrain,23vKtqo2t4k,00038,0,trainval,lUaSg8ZNswU,50002,-5.0928700285023325,2.88
train,pretrain,OlLFK8oSNEM,00024,0,pretrain,HS8y0WLm78U,00073,-7.359832357784883,12.288
train,pretrain,bf7BXwVeyWw,00043,0,pretrain,C2SVEM19NHA,00009,8.42108503634228,5.248
train,trainval,8pHzROP1DSw,50007,0,pretrain,WKlIytaSlu4,00011,-8.649522466866495,5.952
train,pretrain,tSK6bn9sc50,00007,0,pretrain,B8ofWFx525s,00007,0.8808836690243904,4.992
train,pretrain,nPGVm6OesQk,00030,0,pretrain,WvvuLDX7iIk,00039,-3.4224125950508473,14.912
train,pretrain,DM1SDVSFhc4,00009,0,pretrain,aqhzFd4NUPI,00013,8.449428105914592,5.248
train,pretrain,uRdQS2sjF2s,00034,0,trainval,2wseM6wWd74,50005,7.786231438304828,5.76
train,pretrain,bCjfy8Z7dv8,00027,0,pretrain,N37x4GgDVBM,00017,1.175138757809913,9.92
train,pretrain,1aEKPfi37Mc,00001,0,pretrain,UdsUVjeJuPE,00008,8.141008340480006,4.416
train,pretrain,tMSU6k5SWXg,00013,0,pretrain,ESPCyHjmRsQ,00003,-8.674798983405713,5.824
train,pretrain,jsZDlBU36n0,00036,0,pretrain,uPE0G00XFV0,00024,7.475745605417121,4.8
train,pretrain,Lp5Ccer5NM8,00001,0,pretrain,C14bXC7zi84,00023,6.317097545168565,4.032
train,pretrain,potB0voQzNg,00004,0,pretrain,16p9YRF0lSg,00003,1.155535628493844,11.84
train,pretrain,jVcaTtJmRNs,00017,0,pretrain,UoXSYihVSew,00003,-0.7746053369757444,8.96
train,pretrain,C2SVEM19NHA,00015,0,pretrain,6ePXxeGrfvQ,00005,-6.415477449923557,17.536
train,trainval,mxmT10Hk8IM,50006,0,pretrain,hWnZKAXSv3s,00019,1.5997211237420892,2.112
train,pretrain,rHbjwH2Blfg,00020,0,pretrain,tV2RLLtOgL4,00005,-7.556205258771971,6.4
train,pretrain,kmflTZnRuZI,00033,0,pretrain,85hbMtegrLc,00015,0.2530505827715963,7.616
train,pretrain,ElJxUVJ8blw,00055,0,pretrain,uS3UYncNwz4,00027,7.986554411463722,5.376
train,pretrain,Lp5Ccer5NM8,00008,0,pretrain,tkIgSSxPzTA,00007,-2.1555034220183167,2.368
train,pretrain,UbVZ7rmDYrc,00015,0,pretrain,zXSrqdSohyA,00012,-5.813721238739049,4.352
train,pretrain,MgUTzbGakRw,00010,0,pretrain,VC0taBVUF2o,00011,-0.004025062823584946,4.736
train,pretrain,RGRlkq4Xl1s,00009,0,pretrain,qty0NjF3pdQ,00006,0.47278710517109346,12.544
train,pretrain,xuAAPsiD768,00033,0,pretrain,IMjn62naclM,00020,-6.4526853954995715,6.72
train,pretrain,CpkXmtJOH84,00007,0,pretrain,4lzs5wpLkeA,00007,-6.755562802416031,6.912
train,pretrain,gzthxdm7XNs,00004,0,pretrain,T33vGEPLSwg,00005,8.159962876001693,5.12
train,pretrain,B9DdIivSGts,00035,0,pretrain,gv1ApCmctVQ,00004,-2.442091446535011,3.712
train,trainval,RGRlkq4Xl1s,50003,0,pretrain,cpsRAk5HpK4,00008,9.990269194087581,4.288
train,pretrain,A27QjpQSIeo,00004,0,pretrain,n3qA8DNc2Ss,00003,-8.07210704074939,12.288
train,trainval,cn9Q4c3dXGU,50017,0,pretrain,OVSNSeFTaso,00009,7.872832119272104,3.968
train,pretrain,DgofaSv4MA4,00009,0,trainval,rPh3c8Sa37M,50001,7.253160665998006,6.08
train,pretrain,AkUcaludrcI,00004,0,pretrain,NyQ1wLFj0f8,00003,5.2105040127331055,7.424
train,pretrain,SJ5bDhMP9lQ,00006,0,pretrain,rN7VcY1fS1Q,00028,-3.283791380755643,10.688
train,pretrain,eJCTAXbSBWs,00014,0,pretrain,GDnYDLERnRE,00028,-1.961178176816114,5.12
train,pretrain,oiVSHkItqxo,00041,0,pretrain,iUbfRzxNy20,00038,-4.899901780706095,7.616
train,pretrain,xf8zep5BADs,00011,0,trainval,VehHPwAVL9g,50007,-9.905381345191106,2.816
train,pretrain,XVXmYD0UPRQ,00012,0,pretrain,UQzvNIIMayo,00015,-4.881758840973667,8.576
train,pretrain,UhC2U8VFgB4,00004,0,pretrain,QC3EbSexmDw,00002,-2.919372599865455,5.76
train,pretrain,9qd36SQPxSY,00017,0,trainval,4BwSMSCFdu0,50015,-9.343106667339494,3.456
train,pretrain,nU5gOr1cSxU,00008,0,pretrain,MLKj1puoWCg,00021,7.643440917688892,14.72
train,pretrain,6ORDQFh0Byw,00031,0,trainval,esugL07XANg,50004,1.0951593833965418,4.16
train,pretrain,QYGO5tepBLY,00004,0,pretrain,yA9xQB547Yo,00018,1.1425358165325523,6.464
train,trainval,DjcZrtcBZi4,50041,0,pretrain,xbWcLYOniWU,00015,-0.1174164319795441,4.288
train,pretrain,VObLitSe3K0,00001,0,pretrain,JD4O7ama3o8,00016,-2.347585957459424,12.544
train,pretrain,bvAEJ8G9l9U,00020,0,trainval,cj5LZBmiQu4,50036,3.570419083524353,2.496
train,pretrain,BFygtNQSJcU,00010,0,pretrain,uSUOduS5MPc,00007,0.10193790265421043,4.288
train,pretrain,inxIM1aGvZY,00004,0,pretrain,SxwLfSlkJDI,00015,-3.754147365641918,5.696
train,pretrain,8zw7AXwnb8M,00010,0,pretrain,SGnmDWtyhAs,00017,-5.195179534827783,3.264
train,pretrain,DlGUSNXOdpQ,00003,0,pretrain,31PyAjy6Nl0,00008,8.34279049525302,4.224
train,pretrain,DqbM1ZrpTQg,00027,0,pretrain,lyRSK2CZIHQ,00002,-9.475051754589733,10.432
train,pretrain,N9HF8mMe2pU,00028,0,pretrain,KCr8s57hdzY,00054,4.123136445190861,5.376
train,pretrain,T8VS0LUCgmk,00024,0,pretrain,M5tre30cRwU,00009,-8.983519601001387,31.744
train,trainval,Nhwq12TKkQQ,50022,0,trainval,vdDFLzyk94k,50002,2.7769133811013944,2.176
train,pretrain,gjCwsdCssdk,00004,0,pretrain,nPGVm6OesQk,00024,6.91600201027439,12.544
train,pretrain,UPRxyy2UB3c,00001,0,trainval,cK74vhqzeeQ,50003,-7.180719636330489,3.2
train,pretrain,w2mJMS09Qjk,00017,0,pretrain,rKtmsVa4Kvk,00037,-3.226403734979815,4.288
train,trainval,VfKWd7iXMSo,50006,0,pretrain,dJEwC4wCM70,00050,-0.8172468512748221,2.24
train,pretrain,g985z9Wq5gk,00041,0,pretrain,xSUw0NiseBM,00015,-7.858910613464419,9.6
train,pretrain,ilMwoEdqMTs,00018,0,trainval,HjcKVB10Ucc,50004,-1.7784177785241866,2.048
train,pretrain,UdsUVjeJuPE,00027,0,trainval,3ELnyoso6vI,50001,-2.532014785465293,5.952
train,pretrain,HXGwJevjOfs,00003,0,pretrain,rSSSsisz2SM,00005,5.360809875649959,7.808
train,pretrain,ElJxUVJ8blw,00038,0,pretrain,wOiKRVH0nQ8,00020,-3.9613009640558055,3.968
train,pretrain,OAEodzGMavY,00020,0,pretrain,p9HPUiEdEj0,00015,6.387717652288607,5.696
train,pretrain,xYemnKEKx0c,00050,0,pretrain,KZIGekgoaz4,00032,4.69878570768622,4.16
train,pretrain,zGEDHMF4rLI,00018,0,pretrain,D4cV8yfgNyI,00012,6.310679729493913,3.84
train,pretrain,NXfYNdapq3Q,00001,0,pretrain,IKZCw4xdESQ,00024,-7.479353043619692,12.224
train,pretrain,AhUhpfKeLus,00009,0,pretrain,bmFhWr693is,00023,-8.933332364763608,8.192
train,pretrain,QAd54DkXCr4,00015,0,pretrain,z5LSvPkorBU,00008,-3.300528170278434,4.224
train,pretrain,dLmK4gZ0oz8,00012,0,pretrain,D1QoyTmeAYw,00011,4.966802507853661,10.432
train,pretrain,KsSSMh1QhMc,00014,0,pretrain,V1gxziZwmkc,00013,8.328030607835977,13.76
train,pretrain,rugSZIFY7mc,00021,0,pretrain,GP4sBGbeF8w,00001,2.0770783489090956,22.144
train,pretrain,et3SeEX62aU,00006,0,pretrain,K74JqctvM2g,00040,-8.387570302543404,3.968
train,pretrain,DZT6YpCsapg,00047,0,pretrain,VSbjOJzB7LY,00024,-6.961669559870529,3.392
train,pretrain,DqCsQqy9MyU,00025,0,pretrain,tRqJysISyiw,00010,-6.004671082810691,17.088
train,pretrain,YrSpoWSKK1Q,00004,0,pretrain,oIGBBPspTKM,00012,-1.152347210461338,5.76
train,pretrain,nPGVm6OesQk,00021,0,pretrain,dRic5yJC8UY,00017,-5.703567663222233,8.576
train,trainval,JCJ9BMSmqAY,50001,0,pretrain,IkJTwfHPv6A,00022,0.4264034496916693,2.624
train,pretrain,qYvXkSbqlBk,00010,0,pretrain,1z3Fgtj8fqk,00002,2.9622335824872597,11.648
train,pretrain,TM4HiNOhkM0,00015,0,pretrain,QuaIMgzIOn8,00024,7.358069614594822,9.664
train,trainval,7SfQLQ7eyA8,50001,0,pretrain,O4bGOvkkHcM,00002,-1.5070463453542864,3.2
train,pretrain,mgBsSW5CFnw,00008,0,pretrain,8jPQjjsBbIc,00034,0.4534287907167851,3.456
train,pretrain,6gSwRHScq6M,00039,0,pretrain,k8OgHJ4WXR0,00014,0.042272241935883414,4.608
train,pretrain,E7sqRrUoL3U,00006,0,trainval,Kn5JRgz3W0o,50007,-5.756531310717481,6.144
train,pretrain,P5Mpo4JQZhw,00007,0,pretrain,UVqoIgh7bcw,00020,3.96977241206198,4.608
train,pretrain,RjgBko1p5wY,00012,0,pretrain,M8CTOjQhJFo,00017,5.5313280027161245,10.688
train,pretrain,vUP0ytS6ba4,00009,0,pretrain,8olL43PKJKw,00017,-1.9863229850571678,13.248
train,pretrain,04VbxnzUwes,00014,0,trainval,CiLnSGrcuEs,50015,3.7209008382166626,3.648
train,trainval,nC06omDS0kA,50001,0,pretrain,tsFKSfItBoE,00020,-4.488097095329562,2.816
train,pretrain,YMyofREc5Jk,00010,0,pretrain,nC06omDS0kA,00013,3.4792076715639535,5.76
train,pretrain,rrkrvAUbU9Y,00019,0,pretrain,FcoJt2KLC9k,00030,-0.9081794473770479,5.44
train,pretrain,Xe2nlti47kA,00045,0,pretrain,P4X9ZfEx9So,00003,2.252462023676072,6.72
train,pretrain,dOt4NkcmIUg,00034,0,pretrain,jh7TYJHec2s,00014,-6.707327712011526,10.368
train,trainval,UQniNhS6LOY,50010,0,trainval,3GFG6Cvy9HQ,50004,7.344652056851405,2.816
train,pretrain,XS85KAYKOT4,00030,0,pretrain,Nhx1SyXMwCg,00021,1.4396509954619177,6.08
train,pretrain,w3q89BTJj3o,00008,0,pretrain,o5ojwGhKr20,00002,2.6709399294569085,7.104
train,pretrain,Cr1usGUSuL4,00009,0,pretrain,JTX0diTlUFU,00002,7.721247158114359,3.008
train,pretrain,2bvoJAfjWMM,00010,0,pretrain,g3TyY9y8mBc,00003,-8.399141295846999,18.816
train,pretrain,z0USUSGggf8,00011,0,pretrain,kZkQBmKf1qg,00001,2.6336138459875595,8.0
train,pretrain,kZt3DNCcEtA,00037,0,pretrain,HXMrzZkHKGs,00004,-7.044016649738425,3.776
train,pretrain,SMi3rHuK0c4,00029,0,pretrain,BsFxokC02sg,00037,-5.094877562811981,3.52
train,pretrain,LNHBMFCzznE,00005,0,pretrain,QoRZNSVpt3Q,00006,-3.718730622335018,7.488
train,pretrain,0Bhk65bYSI0,00004,0,pretrain,jSOPQgPIdKg,00048,3.12419443574381,10.688
train,pretrain,EZ9tC3PigiU,00008,0,pretrain,GDnYDLERnRE,00025,-7.530732617234122,11.392
train,pretrain,Svo01ldlTQc,00031,0,pretrain,CrsdoIOGCRw,00015,7.520030278513794,6.208
train,pretrain,VM6HZqQKhok,00029,0,pretrain,jodhovumkHQ,00007,-1.2713686731414438,4.544
train,pretrain,Fkd9TWUtFm0,00009,0,pretrain,aUBawr1hUwo,00002,-4.093259828073896,3.968
train,pretrain,UVqoIgh7bcw,00028,0,trainval,itnoDEL5QjQ,50003,8.26653233987059,3.008
train,pretrain,YsASJTeHJ6A,00005,0,trainval,zqnZCSVsqPw,50003,1.7388856544379685,2.048
train,pretrain,8QuAokSXiyg,00013,0,pretrain,GYcP2BR8EtY,00005,-1.7606168095346177,2.88
train,pretrain,0ZhL7P7w3as,00042,0,pretrain,D4cV8yfgNyI,00021,-6.039930786130514,4.928
train,pretrain,E0M1beV91js,00001,0,trainval,V2u6CzpRqts,50002,1.8656449428054422,3.52
train,pretrain,co2enjjt3J0,00018,0,pretrain,YS9vd4HWlVA,00001,-8.381493303911352,7.68
train,pretrain,Uq1idqpX9SA,00007,0,pretrain,OyPGDBOqPFs,00011,8.896645397641223,7.36
train,pretrain,4RSgUhgg70Q,00009,0,pretrain,saXfavo1OQo,00011,-1.9134098974230653,8.0
train,trainval,SQB9zNWw9MA,50001,0,pretrain,yq3TQoMjXTw,00008,6.598061589127525,4.352
train,pretrain,HH3m1OSiOT0,00003,0,pretrain,GqGksNRYu8s,00045,-5.225201131610291,4.544
train,pretrain,DZQe73IXZtU,00001,0,trainval,f6nQJoEk7Ko,50003,-3.060345800281265,5.376
train,pretrain,CbS6PPBJJB8,00002,0,pretrain,6VnKV1sr5VQ,00001,-7.267423143980809,14.4
train,trainval,Fc1yN6uxZfQ,50001,0,trainval,audakxABYUc,50010,-7.514509839853519,3.2
train,pretrain,x5LshSZn5RA,00038,0,pretrain,5l4cA8zSreQ,00018,-7.392681285793675,6.4
train,pretrain,sFNmulAb4wM,00009,0,trainval,AAkEYcmCCCk,50024,-8.337244291229148,3.264
train,pretrain,3rbVQNTzCh8,00023,0,pretrain,JRWC1UlMjZQ,00003,-7.877027050153009,3.776
train,pretrain,LgntY0dOfSc,00029,0,pretrain,qQSPUXPVlos,00046,5.099485075720388,5.44
train,pretrain,NlzanAw0RP4,00011,0,pretrain,B5MkpzMAOZM,00051,-4.39506794249076,15.808
train,pretrain,mymMye4purU,00028,0,pretrain,njESlZa2b10,00027,1.3857873308918016,2.944
train,trainval,59SRn1SkWAA,50002,0,trainval,FcoJt2KLC9k,50024,-6.680957155346339,2.496
train,trainval,SwMTKRixZIE,50014,0,pretrain,PS6vDLq64gE,00023,5.899034894434816,5.696
train,pretrain,y9Trdafp83U,00044,0,trainval,S2HS8IfxzT4,50001,4.466081138786036,6.208
train,pretrain,UUqr4P7P3gM,00017,0,pretrain,4wOxJOPnSUg,00011,-9.243094108826392,6.08
train,pretrain,U9BzgnX3z6Q,00009,0,pretrain,9RTkZaX1cH0,00015,3.0425109980192424,6.976
train,pretrain,Kp13yOhLEbU,00043,0,pretrain,DSPWxjBgvF4,00011,0.4909025480820812,6.72
train,pretrain,VC0taBVUF2o,00017,0,pretrain,5vXRgT6egSU,00023,-3.7885174583565178,9.792
train,trainval,Df2JBnql8lc,50003,0,pretrain,ddek3gQVt9Y,00019,9.226379703783351,5.056
train,pretrain,lYdk1NK9Sr0,00015,0,pretrain,ht1zFl7HyO8,00011,9.380540141682523,3.648
train,pretrain,70uaS1e9YN0,00028,0,pretrain,avuhY7D71sQ,00042,4.160700426129033,6.464
train,pretrain,6wk4dkYSrV0,00050,0,trainval,ImmtTHYU5GQ,50020,-0.8288491046267659,2.24
train,pretrain,zORUUqJd81M,00028,0,trainval,SCCG81UbruY,50004,-8.081058670834679,4.288
train,pretrain,on3KttMgbZE,00016,0,pretrain,Ym6VkhUn0ec,00002,-8.843883263467953,5.056
train,pretrain,xLuMcYn8Yk0,00011,0,pretrain,ZQBSh9k74aY,00013,-8.016331092393457,9.408
train,pretrain,mWfCqsFP05A,00006,0,pretrain,c6mhFgAjqwA,00008,-2.2595343379814636,4.16
train,pretrain,g2J6YOiLNr4,00044,0,trainval,5OISkgjSjkA,50024,-2.744685708493419,3.328
train,pretrain,SwT0YLKbwoU,00007,0,pretrain,6V6p1tgHfm0,00005,-1.6535541206242712,5.184
train,pretrain,VNGFep6rncY,00012,0,pretrain,pxzUDc1Zs4E,00005,6.6669953045314045,3.712
train,pretrain,aySy3tSYGYw,00005,0,pretrain,gZlzCc57qX4,00004,7.267151777607495,4.224
train,trainval,0N6cjPWqpSk,50002,0,pretrain,Sttw2PxncIE,00031,-7.574102564783858,6.08
train,pretrain,HdHW77blulg,00015,0,pretrain,9KaMufF0rAY,00020,1.9695921598461226,4.8
train,pretrain,7ZWTG0SeCEg,00011,0,pretrain,T9nFC6dkRxU,00015,-6.174501224408795,10.048
train,pretrain,wVGjQSnLg4Y,00024,0,pretrain,paiRIkWVy0o,00010,3.1889540869539683,7.04
train,pretrain,IkJTwfHPv6A,00026,0,pretrain,mWm2qtEeBjE,00016,-3.3442808539092717,6.592
train,pretrain,FktsFcooIG8,00011,0,pretrain,pcNxS2i7SvQ,00006,-5.800381500757517,9.344
train,pretrain,5p0ptQizXjg,00006,0,pretrain,A60UTjiEp4c,00019,1.5275335630423612,8.576
train,pretrain,DW5YctpK7pM,00006,0,pretrain,JKsHhXwqDqM,00018,-4.680918470617184,9.856
train,pretrain,pgmiPXAwiLg,00010,0,pretrain,Mo2Ai7ESNL8,00018,4.850763330835701,9.984
train,pretrain,c2tOp7OxyQ8,00016,0,pretrain,lV3trdyDdHE,00038,-4.812792096512471,8.576
train,pretrain,h8cF5QPPmWU,00018,0,pretrain,lv9QDjw8GJk,00027,6.100809348679935,4.288
train,pretrain,2jTdZSPBRRE,00019,0,pretrain,nubSKdtzLcE,00019,-3.3272152733207783,5.056
train,pretrain,gZpcTVqpaPw,00011,0,pretrain,qxmEpmCtM3o,00023,7.242659107557596,4.416
train,trainval,Vj3gCWmJSiE,50001,0,pretrain,KCL8NjN7FMQ,00044,0.9217589277725331,6.08
train,pretrain,yA9xQB547Yo,00015,0,pretrain,h4MhbkWJzKk,00019,-2.830771974122042,3.84
train,pretrain,lDq9SQxvsNU,00007,0,pretrain,J10EaonNV2A,00038,-7.434154436323832,5.248
train,trainval,In6iAXTnqEo,50004,0,trainval,J6tgYBMXR6s,50031,-7.003029848548758,4.352
train,pretrain,sWN13pKVp9s,00012,0,trainval,W9YBCwgrwQA,50007,2.7321396768421415,6.016
train,pretrain,2L1R7OtJhWs,00023,0,pretrain,rThUrXYaneo,00018,8.834930803955068,5.568
train,pretrain,Rz8m1yDE0ms,00002,0,pretrain,5CSDIcUsIJk,00004,4.43514584960586,7.68
train,pretrain,RtRufOPFug0,00005,0,pretrain,pMYYxSim5QI,00019,-6.527440343025608,5.76
train,pretrain,A3yBxsDv8lM,00006,0,trainval,O6cmKeRV3Z0,50015,-5.641196186390191,2.688
train,pretrain,Sx4Gsh0r9HU,00007,0,pretrain,h8cF5QPPmWU,00009,9.41909755578568,3.648
train,pretrain,E5BOBs3Nmbw,00004,0,pretrain,PB2OegI6wvI,00046,-2.6413514447265634,3.776
train,trainval,KVhWqwnZ1eM,50017,0,pretrain,lfBpsV1Hwqs,00024,0.2793288081986134,2.048
train,trainval,GlUS6KE67Vs,50004,0,pretrain,Br1AIvMrvAE,00027,-0.8173449818914662,2.176
train,pretrain,20adDr7Felw,00023,0,pretrain,mYQx5n5SRVQ,00007,-2.792650742706173,4.416
train,pretrain,2t13Rq4oc7A,00038,0,pretrain,Oe1cDSPfbh8,00009,-3.468102688812582,4.096
train,pretrain,9YGZkgkj3fM,00003,0,pretrain,mk3KSVrveSE,00002,6.808551718127667,6.848
train,pretrain,PGsQwAu3PzU,00050,0,trainval,pMNxSROBwrg,50001,3.252332797890965,2.368
train,trainval,lyu7v7nWzfo,50002,0,pretrain,KExLCJAuTXA,00024,2.0754139328830394,4.096
train,trainval,PVzcGhZ8Aeg,50007,0,pretrain,Zp0pEmSkXiM,00006,-5.480133654431518,4.032
train,pretrain,uSTmKo75gJI,00021,0,pretrain,b1XHSPB6AmY,00001,-6.051697590726484,8.832
train,pretrain,48oiapTn3K0,00018,0,pretrain,wxCtIdI3xL0,00018,7.1769607591536975,5.568
train,pretrain,U7y4GlmwPLQ,00043,0,pretrain,2ju61VPdTzw,00009,-3.364215591748936,4.288
train,pretrain,itnoDEL5QjQ,00006,0,pretrain,k7djE1X16og,00002,-6.812855554512507,6.72
train,pretrain,2tcEgqTWbxQ,00001,0,pretrain,nFEgRt2EH1g,00007,1.7470979564257796,9.28
train,pretrain,HBSQR6xovSw,00042,0,pretrain,xMS9HlSSLSA,00016,-7.646806391774614,7.616
train,pretrain,FEeTLopLkEo,00005,0,trainval,gBkIyJ7kfSI,50014,6.016367427771176,4.16
train,pretrain,mKe3QKctaS8,00029,0,trainval,DSPWxjBgvF4,50030,6.470890982962111,6.144
train,pretrain,JmZpFy1QUww,00001,0,pretrain,5HL1BEC024g,00008,-3.389733887496023,4.288
train,trainval,GDnYDLERnRE,50053,0,pretrain,DeUDQo1sYAw,00004,-5.46409323212843,6.08
train,pretrain,K926HAKRFvw,00019,0,trainval,kvpUiBqHoVM,50020,9.5037697819837,3.648
train,pretrain,3rbVQNTzCh8,00002,0,pretrain,SvSSb7cJn2A,00003,-4.784611555107967,6.08
train,pretrain,KCL8NjN7FMQ,00023,0,pretrain,audakxABYUc,00014,-1.7176508444789569,8.576
train,pretrain,ayVm441iZfo,00022,0,pretrain,XiDAztWWAuM,00001,3.719049863996794,4.608
train,pretrain,t4kyRyKyOpo,00001,0,pretrain,EDLWWP8N6MU,00011,7.63640251768059,12.288
train,pretrain,CSUmoS40pqA,00024,0,pretrain,AkUcaludrcI,00019,4.739272981424168,11.008
train,pretrain,iF4s75ZPano,00012,0,pretrain,aTfwA1TaH3Q,00016,5.387682022548969,10.176
train,pretrain,R9g3QSqvtss,00022,0,pretrain,DwQMDyyS42Q,00019,-4.3604326061941485,3.968
train,pretrain,LWQfeSSfNbs,00016,0,pretrain,HjnclEhy960,00006,6.519751556977273,23.68
train,pretrain,q06YIWCR2Js,00034,0,trainval,8Ug1MnU6LKw,50013,0.5066303187054579,4.992
train,pretrain,Sf8j5LFv3nI,00007,0,pretrain,bf7BXwVeyWw,00024,7.096952609336245,5.056
train,pretrain,ayhhuxAu6rw,00028,0,pretrain,0S3YDofSvGs,00019,9.425753858443521,4.096
train,pretrain,iF5SaDJOr6U,00006,0,pretrain,2j00U6lUCSc,00033,2.5099434966840484,4.8
train,pretrain,DSSAz5nZBBM,00002,0,pretrain,7tu9nJmr4Xs,00033,-0.19987620997908806,6.848
train,pretrain,Wh9O3SciOYs,00022,0,pretrain,BltRufe5kkI,00011,4.904740568922104,4.16
train,pretrain,YdSSA7POsN0,00016,0,pretrain,ESfBSsSTC5k,00005,1.7558780858457208,6.976
train,pretrain,U1a72bvusS0,00004,0,pretrain,FwFqvOFefqg,00017,1.1612461138616368,11.52
train,pretrain,eNC1h5H5cJA,00011,0,pretrain,pj2YxCAnqx0,00010,-9.507057875990181,7.232
train,pretrain,wIkvIKeRNoY,00004,0,pretrain,aMkNASF9lwE,00003,-2.7819059931369132,3.776
train,pretrain,ydzNAuqUAnc,00003,0,pretrain,VS5CCbyap5Q,00017,4.745134199518402,5.248
train,pretrain,1gAQ82IHyZ8,00008,0,trainval,KZIGekgoaz4,50001,-7.33512000971825,2.048
train,pretrain,9h2dFSIsH0I,00019,0,pretrain,3LzX36sShcs,00016,9.834525584745482,3.776
train,pretrain,Svm5Czaf82k,00007,0,pretrain,TYFH0DSjyqc,00015,-3.756022656609339,3.2
train,pretrain,4BwSMSCFdu0,00012,0,pretrain,qrNDkRHAA4E,00009,3.8252897144478677,5.568
train,trainval,NVPxmzSPvUw,50007,0,pretrain,IJwlyf7rCtU,00024,3.0270492578418775,5.888
train,trainval,6fJRmouSDL4,50002,0,pretrain,wN3ovSzal3g,00015,-0.4085368891962382,4.928
train,trainval,HB2SlA68YDU,50006,0,pretrain,fmZSIr2Z29s,00010,9.619999253675864,3.328
train,pretrain,Nhx1SyXMwCg,00025,0,pretrain,k4vzhweOefs,00067,-5.346410332501388,6.528
train,pretrain,NVPxmzSPvUw,00037,0,pretrain,VLze6W7SvyY,00012,-7.137020382526675,7.872
train,pretrain,gDS1Eh6rqf8,00021,0,trainval,0K5OO2ybueM,50004,-6.810765412862725,4.096
train,pretrain,ulLFP8axZVQ,00023,0,pretrain,1bXAkbCyjpo,00035,9.070483962345183,6.848
train,pretrain,zIwLWfaAgS8,00090,0,trainval,o1abyP4zfGg,50005,7.137392859454838,2.688
train,pretrain,3F2jACWwKdU,00033,0,pretrain,F2hc2FLOdhI,00010,6.47429538863458,56.448
train,pretrain,HJqtUUDhaxA,00048,0,pretrain,7PwvGfs6Pok,00022,-1.6521860384909886,14.272
train,trainval,2cYDyMnL4M8,50002,0,pretrain,ZbYDSIe5jsI,00016,-1.3638000780687705,5.888
train,pretrain,vhhgI4tSMwc,00019,0,trainval,ImmtTHYU5GQ,50025,5.185936976548893,6.208
train,pretrain,TgRy2KmcPhw,00002,0,pretrain,WbuIl6phdco,00039,-3.2531984845477213,6.528
train,pretrain,NhYnouvrGS8,00017,0,pretrain,dcwuBo4PvE0,00020,-7.353395042204824,4.288
train,pretrain,ww4kNxYE0c4,00010,0,pretrain,Fb3yp4uJhq0,00038,-7.251621361165377,5.248
train,trainval,Mgbf3cq7lms,50005,0,pretrain,PS6vDLq64gE,00030,5.90805847522104,2.112
train,trainval,6yR5OUVb2gY,50013,0,pretrain,8XQ1onjXJK0,00016,5.711873366756556,2.304
train,pretrain,1BHOflzxPjI,00003,0,pretrain,Qt1RPkbF4o4,00001,6.88268634363736,3.84
train,pretrain,73rUjrow5pI,00006,0,pretrain,yJJtRWFLSgw,00052,-3.3200911383751386,15.296
train,pretrain,nDIdnlJHJCQ,00001,0,pretrain,2JSZ66uMRwc,00016,-0.8168166100606875,8.576
train,pretrain,BMdMSmtTgD0,00025,0,pretrain,9X68dm92HVI,00047,9.502078162327223,11.584
train,pretrain,6JcKbNSGjCE,00013,0,pretrain,BGRy5VUSLfI,00009,-2.015044700885589,8.064
train,pretrain,cj5LZBmiQu4,00030,0,pretrain,PyS1o4sX1hk,00019,9.10897999927117,2.88
train,pretrain,HJqtUUDhaxA,00037,0,pretrain,VNGFep6rncY,00005,-6.229767405803006,14.144
train,pretrain,vtjbyBUYYzY,00006,0,pretrain,d0a0eXJ5TJM,00015,8.061949518581677,5.568
train,pretrain,X98Fbe0Ccis,00013,0,pretrain,sodSeJBf9Y0,00017,-0.8287376948008216,7.68
train,pretrain,Smhe7COLiR0,00009,0,pretrain,JDDGhGiaAZU,00008,-0.0774536755441062,3.968
train,pretrain,cMXFiYhm79g,00004,0,pretrain,wOiKRVH0nQ8,00022,-4.886016486740312,6.784
train,pretrain,WWRXOqYwRkM,00004,0,trainval,5TKRSIKtaCg,50003,8.806136389589408,3.2
train,pretrain,iq5lXSj6Prg,00006,0,pretrain,uYaF8pSTNSU,00044,-6.0909511072593965,6.592
train,pretrain,08ZWROqoTZo,00006,0,pretrain,8gSAkUOElsg,00033,0.0899741903758855,3.2
train,pretrain,vkEeNkHilIg,00015,0,pretrain,bB5zR2xYhm4,00033,0.4818225286825495,6.72
train,pretrain,TWPahtyJDsI,00024,0,pretrain,txJGm6zhiBA,00007,8.080248118465914,7.552
train,pretrain,FsSKVSf1EJk,00002,0,pretrain,n3qA8DNc2Ss,00020,-1.7216201264337823,17.984
train,pretrain,KabSmpUSYVM,00006,0,pretrain,ok54sSWquT4,00022,1.2264374481801337,10.496
train,pretrain,GP4sBGbeF8w,00021,0,pretrain,eqDgt12m26c,00025,-0.5238214041829377,12.544
train,pretrain,OT9poHSD2Iw,00008,0,pretrain,BXlnrFpCu0c,00025,9.143466324353454,4.096
train,pretrain,znO7UHpxgTI,00011,0,pretrain,M0yhHKWUa0g,00007,-2.710625968406868,3.84
train,pretrain,4uAAegPkCKo,00017,0,pretrain,eHzLV1LM4Rs,00004,-7.090468278256729,5.312
train,pretrain,70VZ1SOzSnc,00001,0,pretrain,0snNB1yS3IE,00007,-3.907291223606901,4.416
train,trainval,QcnuWDZuYy0,50002,0,trainval,zuLOT6GsAxw,50008,-6.910411908557846,2.688
train,pretrain,8JSMI8Xrwms,00010,0,trainval,mgSx0q6AjdI,50007,8.023697015984176,5.056
train,pretrain,BFK2knjj4lQ,00011,0,pretrain,PYSkd46RfVE,00050,-6.697589560122276,9.792
train,pretrain,pWaxi4H2xPU,00013,0,pretrain,7oQY0uC52jY,00004,-6.927786268792991,9.92
train,trainval,2wseM6wWd74,50004,0,pretrain,4RSgUhgg70Q,00016,-7.885473198637802,6.144
train,pretrain,9EVEmZ2cSes,00042,0,pretrain,ttRhMPgpoOQ,00036,-8.64722027810658,5.248
train,pretrain,CEN4XNth61o,00013,0,pretrain,9RTkZaX1cH0,00023,9.002196903163174,6.528
train,pretrain,SGMVTJ9ZKVc,00004,0,pretrain,BsFxokC02sg,00023,1.2658833874195992,5.504
train,pretrain,lJGtXuCmZBM,00014,0,pretrain,aIcwIH1vZ9w,00021,7.009086517860787,4.928
train,pretrain,sW9sr2SZ5kk,00002,0,trainval,AvtStbwMQqs,50009,2.958955536590693,5.568
train,pretrain,gBkIyJ7kfSI,00021,0,pretrain,LH8MPbFoRjw,00010,4.962257882964263,7.296
train,pretrain,Uq1idqpX9SA,00006,0,pretrain,MoSmgcxGYYE,00067,9.022551743586593,4.16
train,pretrain,q06YIWCR2Js,00001,0,pretrain,7npLVcymHGc,00048,-7.969817230573028,13.696
train,pretrain,cn9Q4c3dXGU,00022,0,pretrain,oJfFMoAgbv8,00036,-2.162547233255565,10.24
train,trainval,eyBEIx7fCfY,50029,0,pretrain,Yn9fTcSWMbo,00015,6.60037843431768,5.12
train,pretrain,5sS3Yjh9Lw4,00006,0,pretrain,89Dhye1lgik,00002,-9.54077693989871,6.016
train,trainval,qS7zAkwAOYg,50004,0,pretrain,Jk0AknXMXmc,00011,4.174452820276496,5.504
train,pretrain,yDubrSRjlCE,00016,0,pretrain,qty0NjF3pdQ,00004,-2.6390976490157625,10.112
train,pretrain,kFMZrEABdw4,00026,0,pretrain,eH5qxw6Pd1c,00012,-6.214530155762523,4.288
train,pretrain,8rZzHkpyPkc,00006,0,trainval,uHRG3Vr9qyI,50017,-8.87570508952415,4.8
train,pretrain,5HL1BEC024g,00011,0,pretrain,BXlnrFpCu0c,00008,3.9433653703970606,13.056
train,pretrain,eZWzNfOpbCQ,00013,0,trainval,2NcetHNXaxU,50003,4.285821289032704,5.632
train,pretrain,WruaJOkaXCU,00005,0,pretrain,eJb3Z2RmRMo,00006,-2.1176184732523033,4.352
train,pretrain,gF9PSRLjGGw,00003,0,pretrain,EfXidZmAW1s,00028,-7.808844184267844,4.48
train,pretrain,speKlXgUTX8,00001,0,trainval,xuAAPsiD768,50007,7.676651091573955,2.24
train,pretrain,UdsUVjeJuPE,00034,0,pretrain,r9LelXa3USI,00033,4.849524135406986,10.688
train,pretrain,x5LshSZn5RA,00026,0,pretrain,EiTrl0W1QrM,00066,-4.3421375611776725,6.08
train,pretrain,b3H9V1jq0A8,00028,0,pretrain,vSjlCJaEwZE,00050,-8.284581152543673,4.096
train,pretrain,5p0ptQizXjg,00011,0,pretrain,tiWwrdMqvvM,00014,-3.65498478980951,7.936
train,pretrain,GggL8lStP9I,00009,0,pretrain,FETryXMpDl8,00027,3.8403723452217537,12.288
train,pretrain,3UFGqjWcVU8,00023,0,pretrain,S6pLPVfKFoQ,00012,-4.207868951012723,7.936
train,pretrain,evfgbVjb688,00033,0,pretrain,UzuUljhS9uI,00007,-4.523651468497287,4.8
train,pretrain,DUd8XAS5HEk,00016,0,pretrain,97MWOERYSdE,00012,6.659071190776892,4.544
train,pretrain,u0VHC1SDOS8,00052,0,pretrain,mCZCokSu37w,00022,9.749750486095895,5.568
train,pretrain,0SFkPxScSM4,00005,0,pretrain,Sb2qXygFm8U,00014,7.303759178853348,4.736
train,pretrain,6JcKbNSGjCE,00005,0,trainval,W0StyxgMk1o,50006,-7.161269311544729,5.824
train,pretrain,3rbVQNTzCh8,00031,0,pretrain,5tUnSuoYKoE,00090,4.547729099391178,8.768
train,pretrain,uFIc7XEVyM0,00023,0,pretrain,jsZDlBU36n0,00034,8.030502122018987,8.0
train,pretrain,zORUUqJd81M,00016,0,trainval,Df2JBnql8lc,50007,9.294434036506889,3.584
train,pretrain,bCGlWQnzDVE,00025,0,pretrain,CQ6by9cmt54,00006,-2.3611586913492655,11.328
train,trainval,BnC6IABJXOI,50013,0,pretrain,0NV1KdWRHck,00007,3.065897015487092,2.496
train,pretrain,uXlSmKZ7aSc,00006,0,pretrain,xqPJKtFI42U,00017,-3.131012286203414,6.272
train,pretrain,9X68dm92HVI,00009,0,pretrain,P5Mpo4JQZhw,00002,2.4234453692115228,8.768
train,pretrain,cSsxBTNF2U8,00060,0,pretrain,D089tSF9yUU,00015,-0.45930999827369234,10.816
train,trainval,A3Vpjwye9Mw,50005,0,pretrain,ultonpeO0ZA,00009,-6.925935296543749,5.888
train,trainval,MOFdlEbu15g,50025,0,pretrain,hVsnkRoYfX0,00016,4.896729910289203,4.416
train,pretrain,y62pJTJkfbg,00033,0,pretrain,HMYVHShBGWg,00009,-6.1130787910969975,4.608
train,trainval,MLKj1puoWCg,50012,0,pretrain,JbuSeMcEF3s,00010,-4.159851672221917,2.432
train,pretrain,Ztl2li6GTWg,00014,0,pretrain,RBElFl1aLtI,00013,3.424437450118763,7.168
train,trainval,g985z9Wq5gk,50007,0,pretrain,LsESSyMnwmU,00009,-6.996482114113949,4.928
train,trainval,XX30i6nC7ro,50004,0,pretrain,bTE0MRRXNzs,00012,5.590290640694203,2.048
train,trainval,aqhzFd4NUPI,50051,0,pretrain,oTHSfmQo3Ok,00026,7.718560027388516,2.752
train,pretrain,ZWfCi9WxK1E,00017,0,trainval,wgPLGS1BvQo,50010,7.99764016872626,5.376
train,pretrain,CwpvSWtUP3o,00007,0,pretrain,dSKkk618ax0,00014,-2.0406890731466865,4.416
train,pretrain,0Bhk65bYSI0,00002,0,pretrain,5ldhLuX4vSM,00035,-3.5921962972798527,5.824
train,pretrain,ZMGZQZRIsJE,00007,0,pretrain,QUL0eSQtV8c,00018,-0.41882409658936126,9.088
train,pretrain,FTUpFYo0rMI,00001,0,pretrain,0sYguTPLpHE,00022,-1.4981577259792278,4.8
train,pretrain,wNokfBHccVI,00034,0,pretrain,bcSXtB5bQgs,00026,-1.0435883889508624,6.592
train,trainval,weCFbknwZa8,50007,0,pretrain,3z1cCT2NP4k,00006,4.05530975904985,5.888
train,pretrain,G8cjIBwP52o,00011,0,pretrain,w4RLfVxTGH4,00020,8.882608812515684,5.696
train,pretrain,qJ7A74Vx7YE,00012,0,pretrain,uCC3dS7FrkQ,00001,-7.21021676207126,10.88
train,trainval,VehHPwAVL9g,50019,0,pretrain,BQOz6OVz1zc,00017,-5.784579388725131,5.12
train,pretrain,UCFg9bcW7Bk,00003,0,pretrain,gIuhIo7mO5A,00006,9.359110785681409,3.648
train,pretrain,7hFy02TSH4U,00025,0,trainval,ziGD7vQOwl8,50012,2.2532478306670427,5.568
train,pretrain,sNbGUSI9HWw,00029,0,pretrain,pLCeQyxVWB8,00022,5.51331939601155,4.736
train,pretrain,ZJXxySanins,00010,0,pretrain,N7wF2AdVy2Q,00021,8.07054830842296,11.776
train,pretrain,XebNxUE3ugA,00007,0,pretrain,DJGreSgaOTc,00021,-8.07434262914538,5.12
train,pretrain,JD4O7ama3o8,00012,0,pretrain,3yfFwDq4R5M,00025,-9.754580779399708,11.52
train,trainval,ALTvG9MIR64,50005,0,trainval,anmktfGYw8k,50002,1.7719279668400212,5.76
train,pretrain,dcwuBo4PvE0,00031,0,pretrain,E0M1beV91js,00006,-9.366978366346368,8.0
train,pretrain,LSGfqyhleUA,00052,0,pretrain,MEDgtjpycYg,00004,8.133814315988726,10.688
train,pretrain,o08ykAqLOxk,00007,0,pretrain,2K6P014XXmQ,00009,7.514858758775482,5.376
train,pretrain,wc3VhvgUtB8,00016,0,pretrain,BJsrYqPtXFM,00001,-7.865365042626529,17.728
train,pretrain,bVV2Zk88beY,00003,0,pretrain,lECfUfqNVoo,00004,-5.510731746567319,4.416
train,pretrain,3UaOl8SYHes,00001,0,pretrain,2t13Rq4oc7A,00015,8.153020120342731,3.392
train,pretrain,KTTtn0iSZyA,00015,0,pretrain,ivfJJh9y1UI,00018,0.8637393353941683,3.52
train,pretrain,mclzytQQMGI,00028,0,pretrain,p8KSCPXuYwI,00004,-8.960415687282348,14.976
train,pretrain,MLvwTlbj1Y8,00011,0,pretrain,oAl82gFMZis,00020,0.48998955927924115,3.84
train,pretrain,g1bOpgoOI3g,00017,0,pretrain,SXOZflB1BKo,00015,3.4921339487907073,7.04
train,pretrain,ac1mOswXxLs,00026,0,pretrain,m2SLpM5uL5g,00011,3.46569746588375,3.648
train,trainval,VktGgoVvgXo,50001,0,pretrain,QekbuidfQKo,00015,-7.348303407863426,3.2
train,pretrain,AoAbPIbGLUo,00028,0,pretrain,okQXrB7ySAw,00004,9.291432804070332,8.896
train,pretrain,oOE0kKteWkg,00019,0,trainval,VSJpBJal3F8,50004,7.883745352797902,2.176
train,trainval,89Dhye1lgik,50003,0,pretrain,A9qqR8NVbtM,00021,4.770075367020825,5.76
train,pretrain,sfIpMJwRFk8,00002,0,pretrain,LizFrxTK5Qo,00023,-0.027726341798505416,3.52
train,pretrain,Bp2FvktSTRM,00001,0,trainval,y8ZMviYx9aY,50004,0.9453149005368306,3.072
train,pretrain,H1fvr9rGgSg,00017,0,pretrain,ec9GyxEUGec,00008,-8.831733055292535,6.016
train,pretrain,KDBcoRLkut8,00019,0,pretrain,gtDS5rzd6R8,00005,0.8368907727331667,7.36
train,pretrain,J3pGKt7fESM,00012,0,pretrain,JzLiCBCbAMY,00021,8.145784272389555,9.28
train,pretrain,BGcJXAXSSd0,00011,0,pretrain,CEN4XNth61o,00054,1.9533984382416154,4.288
train,pretrain,QlyorcJ28UA,00004,0,pretrain,SxwLfSlkJDI,00014,7.005838756602454,4.288
train,pretrain,z8UevNKDFKU,00005,0,pretrain,28sa2zGgmwE,00017,-8.411548840167477,11.328
train,pretrain,CycOuSVQOnM,00015,0,pretrain,RgtoZ2ue05w,00004,-8.465048888429765,9.664
train,pretrain,nTFEUsudhfs,00017,0,trainval,SsnWLZvRNZc,50006,6.187861015367382,6.016
train,pretrain,S8201wl4jjw,00011,0,pretrain,Ytw0I6ytRto,00019,2.866158045509337,5.696
train,pretrain,cMhPOiuDzBc,00018,0,pretrain,bfAzi6D5FpM,00006,-6.5844457666869305,14.208
train,pretrain,ezVk1ahRF78,00007,0,pretrain,mmhedbY8wjU,00020,5.9910478280767805,9.152
train,trainval,SvBggxCNNno,50007,0,pretrain,hSSmmlridUM,00033,2.821226973008354,4.096
train,pretrain,2NWpMqD8Qyk,00001,0,pretrain,H3YbZsStuSI,00004,-6.599866211018359,8.32
train,pretrain,oXbhTHaMwTw,00001,0,pretrain,7npLVcymHGc,00040,0.8816606336798429,5.12
train,pretrain,C74amJRp730,00021,0,trainval,vSONFixSe4k,50009,-8.279637432608746,2.496
train,pretrain,qzwCujeSSSc,00027,0,pretrain,WF6SDe4USvE,00011,-1.560141511942879,3.648
train,pretrain,YodRXxzhb7s,00022,0,pretrain,CijsvAGU6Sc,00005,-8.921998229136246,4.928
train,pretrain,CSUmoS40pqA,00018,0,pretrain,9h2dFSIsH0I,00051,7.1061825633897975,10.24
train,pretrain,NNHAgXy5dxQ,00018,0,pretrain,qYvXkSbqlBk,00022,-2.0256211424789488,11.328
train,trainval,9UiK4llJOXc,50001,0,pretrain,VPxEde3Q1F0,00006,1.7213699261011683,5.824
train,pretrain,WF6SDe4USvE,00003,0,trainval,uDIyxxayNig,50011,-2.055230919627773,3.712
train,pretrain,dvuh1Np35Pk,00028,0,trainval,wgPLGS1BvQo,50008,-6.365838953848009,3.136
train,pretrain,0YeVt2kpSSo,00023,0,pretrain,jsZDlBU36n0,00005,-0.543093803482666,16.96
train,pretrain,SRKgDP1YPUo,00007,0,pretrain,u9FSvAVQvGM,00001,4.2134000861326,14.528
train,pretrain,u1SdYypojbE,00027,0,pretrain,wAdwurHhvSI,00030,-5.545524649178177,10.816
train,pretrain,VvpUZjRVoBI,00018,0,pretrain,jEMfAJMw51A,00001,-1.1690437607083908,6.528
train,pretrain,5XnRSw682bw,00001,0,pretrain,NFIOuy3JSIQ,00016,-4.232260483221131,4.608
train,pretrain,a7whovUoYu4,00001,0,pretrain,PsihkFWDt3Y,00019,-3.8963883275502447,4.16
train,pretrain,gto6w0a13B0,00029,0,trainval,ce31WjiVcY0,50012,-1.3168685023003732,4.224
train,pretrain,urOCGSMlB9g,00005,0,pretrain,UTwRlz13NYI,00004,-9.011291699421118,15.04
train,pretrain,hS3dLASh3Yc,00004,0,pretrain,saXfavo1OQo,00030,2.971666013787793,10.88
train,pretrain,oeL72c6scAs,00024,0,pretrain,SRKgDP1YPUo,00002,-2.2452504467749286,14.528
train,pretrain,O6cmKeRV3Z0,00006,0,pretrain,gJv1WdMUz0w,00034,9.261914579602632,17.216
train,trainval,IJmr7MsS8fw,50012,0,pretrain,5RAJvzV9jSo,00012,6.301903672399167,4.544
train,pretrain,rokPqHc9iD0,00012,0,trainval,F8pUtbSgrxc,50005,7.559087852144014,2.88
train,pretrain,9SqHrhrTktc,00011,0,trainval,a5xR4QB1ADw,50012,-6.917781243189491,6.08
train,pretrain,HB2SlA68YDU,00006,0,pretrain,2W1jvTEjc1s,00006,2.8363223823023347,5.632
train,pretrain,3VwxWDVKs8k,00010,0,pretrain,1N39Z0ODeME,00011,-3.7540413020613794,4.736
train,trainval,d25l1aPz2kc,50005,0,pretrain,quJdL9ggETI,00028,-1.5391898258200758,5.824
train,pretrain,TZkNJFrfdR8,00009,0,pretrain,FwLeiY5f7sI,00012,-4.762197153754714,22.272
train,pretrain,8oeiOeDqSNc,00005,0,pretrain,twWkGt33XSk,00002,6.282824480147248,5.504
train,pretrain,ZuCX92wuw2g,00026,0,pretrain,haTsrKptgIU,00020,-3.2987271817006274,7.232
train,pretrain,AJYRJ92g4GI,00010,0,pretrain,ZJPdJuhI03U,00024,-8.47144830887361,12.928
train,pretrain,g2J6YOiLNr4,00056,0,pretrain,uVAaZVz9pDs,00027,-0.4346670499341183,5.696
train,pretrain,8woKcr7uSYQ,00019,0,pretrain,hWnZKAXSv3s,00003,2.616163056260003,9.472
train,pretrain,9YR8jNtV4BE,00062,0,pretrain,g2J6YOiLNr4,00045,-4.810820772299012,4.736
train,trainval,sEOSCziWuP8,50004,0,pretrain,Rs5CDLgjSsI,00015,-0.23109108000644518,2.176
train,pretrain,iKHTawgyKWQ,00027,0,pretrain,iNtNP6LGek8,00010,3.3719487762903526,4.736
train,trainval,Qj4xf3U8dh8,50003,0,pretrain,X77DUi9PD4Y,00012,3.623591290306445,3.52
train,pretrain,4v4Pf5Dt8Hg,00013,0,pretrain,Mr8nvXvlSy8,00006,-6.257019158107456,5.44
train,pretrain,nyLYQYHGbvI,00012,0,pretrain,R84vqXjXWJc,00002,0.8371914986455398,4.608
train,pretrain,DOvbl3ZPPV4,00001,0,pretrain,LoXAAEy6YQU,00024,-2.946065395070989,9.6
train,trainval,sjPRN2XGSts,50012,0,pretrain,UvbFr0eSsg8,00029,9.41923074727545,2.368
train,pretrain,sFNmulAb4wM,00023,0,pretrain,A60UTjiEp4c,00044,-9.522383965628942,5.888
train,pretrain,jSOPQgPIdKg,00040,0,trainval,yDubrSRjlCE,50014,-9.81695813958568,3.136
train,pretrain,jNsgQiTS45s,00018,0,pretrain,EZ9tC3PigiU,00008,5.8718447945958765,3.52
train,pretrain,OwRAFCrsDS8,00040,0,pretrain,fTznEIZRkLg,00013,-2.214032450962387,5.056
train,pretrain,bClWV3eeETA,00005,0,pretrain,VMwjscSCcf0,00028,-3.5901174318759406,2.88
train,pretrain,7wJTgUCxnKA,00031,0,pretrain,mUJdzaLDRIo,00019,-2.6373322963052566,4.096
train,pretrain,1QQ3gWmd20s,00005,0,pretrain,JzLiCBCbAMY,00025,9.862674411231676,9.472
train,trainval,gmjSazFbpkA,50021,0,pretrain,lqbLSUhhyPk,00007,1.1169184445834333,4.992
train,pretrain,UqyOedEHIrw,00018,0,pretrain,3E46oWB4V0s,00026,0.3036331108330437,13.632
train,pretrain,SEDvD1IICfE,00019,0,pretrain,SgYvy71CSSA,00023,-6.30596719578193,5.12
train,pretrain,uo7w3g24DWo,00013,0,pretrain,jSSqQDPGW2k,00006,-3.3200677519156407,10.944
train,pretrain,oxpJGynSHJU,00029,0,pretrain,kmflTZnRuZI,00010,-8.975034751684646,4.096
train,pretrain,tFX68SJs2S0,00008,0,pretrain,URSuWwvpn5c,00032,1.4511942387104764,3.712
train,pretrain,UQniNhS6LOY,00011,0,pretrain,B4UnVlU5hAY,00003,2.9704476208812274,8.448
train,pretrain,WQ82Uukl6rg,00007,0,pretrain,J9PgY1mbPgM,00025,5.566387324746433,7.488
train,pretrain,L51h8BBu7b8,00007,0,pretrain,nq0SzGzSc8g,00004,-4.883432016740958,3.968
train,pretrain,OF5VVrsnpzo,00016,0,pretrain,wX78iKhInsc,00069,-1.8059929775473655,4.096
train,trainval,wxCtIdI3xL0,50001,0,pretrain,zR8ReJoc1u4,00017,0.6213630950853126,4.608
train,trainval,01GWGmg5jn8,50025,0,trainval,qzR62JJCMBQ,50001,4.017294076195121,6.016
train,pretrain,FwFqvOFefqg,00019,0,pretrain,ruvWiXowiZ8,00015,-2.200869788250735,4.096
train,pretrain,rKtmsVa4Kvk,00041,0,trainval,LH8MPbFoRjw,50011,0.3373131941500276,4.928
train,pretrain,Cd0JH1AreDw,00033,0,pretrain,I6M54p8VQFA,00002,9.059987204637562,19.52
train,pretrain,Wj7hmzfX5eQ,00027,0,pretrain,4Z75ASJMBx4,00030,-3.102789974134179,6.656
train,pretrain,j644FLPS5oE,00004,0,pretrain,5pXelS1clHs,00015,-0.06940059396627873,6.336
train,pretrain,Svo01ldlTQc,00030,0,pretrain,DUd8XAS5HEk,00049,-8.861866187028465,8.896
train,pretrain,X6Zo53M0lcY,00019,0,pretrain,eZWzNfOpbCQ,00014,-3.2000858510879127,4.544
train,trainval,VMwjscSCcf0,50001,0,pretrain,gSUvy6pvLA4,00002,6.501755125241683,3.072
train,trainval,vHhn7z6BA0w,50009,0,pretrain,vCCdmGKtxPA,00020,3.480686197721301,5.12
train,trainval,VjQ3ufqnfSM,50002,0,pretrain,arj7oStGLkU,00022,-8.93631941763253,3.52
train,pretrain,E3SSSS5SFHQ,00028,0,trainval,zuAj2F54bdo,50006,-5.021851895215123,3.328
train,pretrain,bhgonb4EqXI,00012,0,pretrain,DhSoIwxWkkI,00023,3.3284291094455476,4.352
train,pretrain,YraU52j3y8s,00013,0,pretrain,7DESF3jSPVo,00002,-3.408452606911294,4.608
train,pretrain,BoRUrWcdkQ4,00009,0,pretrain,kmNxhFFZWpM,00031,-6.455346512620812,8.704
train,pretrain,xMS9HlSSLSA,00030,0,pretrain,5TKRSIKtaCg,00007,-0.4235156125182282,3.328
train,pretrain,MywGrRvNkWQ,00003,0,pretrain,nq0SzGzSc8g,00010,5.841009408606496,4.288
train,trainval,X41iulkRqZU,50003,0,trainval,Bp2FvktSTRM,50005,-3.181602237893813,2.496
train,pretrain,WAuDCOl9qrk,00025,0,pretrain,9RTkZaX1cH0,00017,-1.7294046698653087,5.888
train,pretrain,2G0wQfUl9EU,00019,0,pretrain,wjXClLxcFTQ,00001,-8.15237761708088,6.336
train,pretrain,qMppKiqMpAk,00007,0,pretrain,P65XdTlk4vA,00056,-5.260700249932276,8.128
train,pretrain,Qz6V5OA4ymA,00007,0,pretrain,CSLy17buxlI,00007,-1.4573605665146498,12.928
train,pretrain,hz2ONnzRANs,00022,0,pretrain,SSHpklbuPtE,00002,-5.485295035111976,6.528
train,pretrain,klUoJxGv9wg,00003,0,pretrain,5LgCl7ZyYGs,00008,-3.568145869959551,19.904
train,pretrain,r3L9n20myqk,00023,0,pretrain,q9Ou0cj3fF8,00029,7.815186960093101,6.72
train,trainval,TT6qWghHkFI,50005,0,pretrain,lqSBVyou38s,00014,2.0920770267391227,4.608
train,pretrain,mKPmlliPL0U,00008,0,pretrain,Mh3SwYHdeVs,00007,7.832882378790426,7.104
train,pretrain,DcKdClnpz4k,00019,0,pretrain,58eTdyeVwbA,00010,-3.112866103388914,6.656
train,pretrain,ac1mOswXxLs,00018,0,trainval,F8R7S4AoGhs,50002,7.894372420083023,6.016
train,pretrain,cXbXNV9SZAg,00029,0,pretrain,vdDFLzyk94k,00004,-0.5258250702890894,7.36
train,pretrain,tp4Z4EVFA0g,00014,0,pretrain,zmDENxTPn8Q,00004,-1.0818007799196412,5.504
train,trainval,JD4O7ama3o8,50019,0,pretrain,xossR6eHv3I,00001,-3.955094394379241,6.208
train,pretrain,MD23gIlr52Y,00004,0,pretrain,SbgwDk7A4as,00022,8.693744564892619,5.12
train,pretrain,sYUjyH8Y0No,00021,0,pretrain,lfykytI3A6k,00022,-7.264665108398278,5.952
train,pretrain,3bjSba3PScU,00012,0,pretrain,QxkxcsrveLw,00003,-6.809644924766438,4.096
train,pretrain,MS4x6G0zzeg,00030,0,trainval,W9YBCwgrwQA,50001,9.515306841162886,5.056
train,pretrain,Qj4xf3U8dh8,00028,0,trainval,1lUAhRSACKQ,50005,-0.1316925683516761,5.44
train,pretrain,Diuv3XZQXyc,00019,0,pretrain,KVjkFqS7Y6A,00034,3.891934559738905,8.32
train,pretrain,HH3m1OSiOT0,00032,0,pretrain,EszGIvRdgTE,00007,1.3684950333803805,10.24
train,pretrain,G6dfUFgKmN4,00034,0,trainval,mMDuakmEEV4,50011,9.99103451981329,5.376
train,pretrain,bczm0RsIZUM,00009,0,pretrain,gMNlRovT5x4,00007,-8.860116086658426,16.896
train,pretrain,bCGlWQnzDVE,00013,0,pretrain,pn8p3rOaA5I,00026,1.3921997819050684,5.184
train,pretrain,CwSXwgyjgcI,00001,0,pretrain,k9QTVIISlkg,00007,3.0003401057436143,11.648
train,pretrain,7POkIJfbMyU,00006,0,pretrain,TZkNJFrfdR8,00004,-9.71899551021367,5.312
train,pretrain,FXYFLK0KZio,00016,0,pretrain,lbIh6yngKHo,00001,-8.01363868363662,7.936
train,pretrain,MOFdlEbu15g,00001,0,pretrain,OibJT7GSwyo,00039,5.525375637099071,4.16
train,pretrain,DWZsOe1j2w0,00010,0,trainval,0ZOqbO2jIKg,50006,-2.3117645879794253,6.144
train,trainval,34a7UEzZdsA,50005,0,pretrain,tRqVPRwKn2o,00038,4.377722491433239,2.56
train,pretrain,Bc2wVyl8RLI,00034,0,pretrain,4RSgUhgg70Q,00014,-1.5556352811527034,4.288
train,pretrain,BoRUrWcdkQ4,00011,0,pretrain,B4xOFsygwr4,00030,-8.173896831981706,12.288
train,pretrain,HAKea48B3oM,00031,0,pretrain,qAYqK9lAxic,00012,-2.5305632514067167,3.52
train,trainval,exjlR7izakg,50001,0,pretrain,mSvyBpWueu4,00011,4.478439855372983,3.264
train,pretrain,0x2SkWRB8SA,00003,0,pretrain,c6mhFgAjqwA,00035,9.339454079914322,8.96
train,trainval,9VXOknUbzBM,50019,0,trainval,by3NnWvSCj8,50005,6.832820684587567,3.648
train,pretrain,CijsvAGU6Sc,00001,0,pretrain,KI3WJXNhCJ8,00019,-8.217110524008833,4.288
train,pretrain,6JM9JD2iYrk,00008,0,pretrain,04SEzifEsGg,00006,-7.553675919689981,3.776
train,pretrain,qErZ2AQDMB4,00028,0,pretrain,ooIxHVXgLbc,00042,-3.787966928595649,3.968
train,pretrain,5l4cA8zSreQ,00005,0,pretrain,z4kwU6z6ORg,00030,6.816163859503778,4.288
train,pretrain,ErexJkoDhGI,00026,0,pretrain,J6oMG7u9HGE,00031,8.427077892626812,8.576
train,trainval,qYvXkSbqlBk,50001,0,trainval,IshrD4mjnNU,50011,5.564913856954902,5.76
train,pretrain,f68AdM1m4hk,00021,0,pretrain,X7uiSiAp8Pc,00002,8.93255509271842,3.776
train,pretrain,pgmiPXAwiLg,00018,0,pretrain,P7n2rYt9wfU,00003,6.688723855288281,3.776
train,pretrain,B4a0NvLTebw,00005,0,pretrain,FD5ZKiSmoMU,00038,-8.690720488378982,3.968
train,pretrain,xzT6iH2CX4k,00011,0,pretrain,koOpvazE9VQ,00009,8.131416977576244,8.128
train,pretrain,H8Pr9Jnulxk,00007,0,pretrain,QnJIjEAE41w,00020,1.512119815613648,2.88
train,trainval,WSKPrVG3Evs,50011,0,pretrain,3GBrJiSMFu0,00015,-8.68450590041149,2.048
train,pretrain,IXBalykzauE,00002,0,pretrain,8sQ2p89P0Us,00002,-0.3197374139448108,3.456
train,pretrain,lwcvhh4pLjE,00056,0,pretrain,x3AwnkR92EA,00015,-2.9697818173075863,17.792
train,trainval,lQDxasFKQCA,50009,0,pretrain,86xSuStz0MA,00025,-0.2967211843324371,5.248
train,pretrain,BGRy5VUSLfI,00024,0,pretrain,ZIVSJYazE9s,00026,-9.796736578324834,3.84
train,pretrain,8rZzHkpyPkc,00013,0,pretrain,kOPMqiKhoSc,00008,-6.10690850329269,5.952
train,trainval,Df2JBnql8lc,50021,0,pretrain,yldVmMfMyIg,00004,-3.553357825101793,2.24
train,trainval,7DLzXAjscXk,50036,0,trainval,WSKPrVG3Evs,50003,-4.373979968249911,3.136
train,pretrain,zeSVMG4GkeQ,00036,0,pretrain,b9fqIoZoQJE,00013,-5.979719481430681,9.088
train,pretrain,xnLoToJVQH4,00004,0,pretrain,mSvyBpWueu4,00007,-0.7081322165206778,19.392
train,pretrain,rGaj2VImQec,00016,0,trainval,y8qc8Aa3weE,50013,-6.898901981109226,5.696
train,pretrain,QxkxcsrveLw,00029,0,pretrain,cf3zxHuSM2Y,00018,-0.7968423784493588,14.72
train,trainval,p7YRnLbmLGs,50011,0,pretrain,yDpnTrF9N6w,00010,-6.3871265385862745,4.352
train,pretrain,Oj8eFu72Sfc,00018,0,pretrain,RKmxL8VYy0M,00002,3.100687235147184,4.736
train,trainval,CE3tL9MMk3U,50004,0,trainval,kU7veyGGps4,50006,0.8034996396883383,2.112
train,pretrain,EvEj5zAJriw,00024,0,pretrain,raCIUeGUr3s,00006,-6.924892470021582,3.52
train,trainval,MBZyRlxVdSE,50016,0,pretrain,8COaMKbNrX0,00032,1.8957834642313376,2.048
train,pretrain,Qhomjw2PSV0,00009,0,pretrain,nshZ0SMsn9s,00013,7.987009321760642,8.448
train,pretrain,5tUnSuoYKoE,00004,0,trainval,vMwPTI54rqQ,50035,-3.1491512557516526,6.144
train,pretrain,FzAyOddR5u4,00018,0,pretrain,VMXdSkW6hns,00010,6.741685276214586,19.136
train,pretrain,7s0CpRfyYp8,00054,0,pretrain,SgOTaXhbqPQ,00037,-2.5548248794030997,4.16
train,trainval,NdKEy6vcCMw,50003,0,pretrain,Sf994ANuGIY,00003,-6.911590806188244,3.648
train,pretrain,C74amJRp730,00022,0,trainval,IHyR7p6Shn0,50025,6.69389271043045,4.608
train,pretrain,Aqc2SgiOVr8,00004,0,trainval,HAKea48B3oM,50003,-6.260185269615324,3.648
train,pretrain,5pXelS1clHs,00034,0,pretrain,bdEF9WEiO5g,00007,-2.2650283315712443,2.816
train,trainval,gdg4mUSwuhI,50004,0,pretrain,Qy5A8dVYU3k,00006,0.41433111773174325,2.496
train,pretrain,qKJv4S5peJQ,00010,0,trainval,VN357QrUdEc,50035,-4.454792136327885,3.904
train,pretrain,u4iOeHXObok,00007,0,pretrain,TFvkq4BAvnw,00026,-3.182664849645689,10.368
train,pretrain,F0ofeD8VKMA,00058,0,pretrain,WSsjBMSWSYE,00014,6.012475372555691,4.416
train,pretrain,jAGgKE82034,00023,0,trainval,Mb8x6vLcggc,50017,-4.574654539593121,4.864
train,pretrain,JSuTsrxfYWQ,00008,0,pretrain,ultonpeO0ZA,00006,-6.663029755003849,3.776
train,pretrain,Wj7hmzfX5eQ,00024,0,pretrain,AhUhpfKeLus,00011,1.5880265655814902,7.168
train,pretrain,FPhHHtn8On8,00002,0,trainval,SeBUcBfkVCo,50037,3.307292213960636,5.76
train,pretrain,cSsxBTNF2U8,00006,0,pretrain,I9cmQFj13rc,00007,-9.913373371061287,6.976
train,trainval,5tzEpqDtaPE,50001,0,trainval,3NzgEwye6Uk,50014,6.10468765846467,3.968
train,pretrain,pMUv6UWkuWw,00020,0,pretrain,cK74vhqzeeQ,00026,7.731775353385128,11.072
train,pretrain,PYSkd46RfVE,00015,0,pretrain,p9HPUiEdEj0,00013,4.454131845978269,3.968
train,pretrain,G88JZ1DIdg8,00028,0,pretrain,5sS3Yjh9Lw4,00015,1.1148517973585257,7.36
train,pretrain,V1qHNrQQHZI,00012,0,pretrain,ofjRnIpXBF0,00030,-3.606855794083099,12.8
train,pretrain,p49rv25dx0g,00010,0,trainval,uVAaZVz9pDs,50005,-1.2828359531356188,3.264
train,pretrain,kTsqFn33RiQ,00024,0,trainval,XFOkSdlPafQ,50010,-9.904967700800658,6.08
train,pretrain,ww4kNxYE0c4,00008,0,pretrain,Wgt8QUHQjw8,00029,0.7237057336681474,8.896
train,pretrain,6vLrreR6YOE,00033,0,pretrain,tSN0n2yqIJI,00009,7.645643899509334,13.056
train,pretrain,mozxTk3Brqw,00001,0,pretrain,k5hspA18IU0,00012,8.883114246439558,5.056
train,pretrain,T7ibjISKSdY,00010,0,pretrain,fnS9f5x0f1Q,00027,-6.715876428820717,5.952
train,pretrain,bmmnEJ4rtCI,00010,0,pretrain,dkLcwHmnPV4,00003,-0.2492828370014326,7.168
train,trainval,nC06omDS0kA,50002,0,pretrain,uNQujCwCu88,00025,-0.08255605916693654,5.696
train,pretrain,3lxyiS3CGrk,00014,0,pretrain,rgPrf3YyByI,00001,-3.941944498877783,13.888
train,pretrain,tTcl5I0Wbzk,00021,0,trainval,NtOoDN0ojxo,50004,2.63708670508802,2.816
train,pretrain,lfBpsV1Hwqs,00018,0,pretrain,Z1R1z9ipFnM,00015,-5.36826261784201,5.568
train,pretrain,kFh3Q2eOZ1U,00004,0,pretrain,hupHAPF1fHY,00032,-4.020656262033421,8.384
train,pretrain,P82edb1SCNs,00010,0,trainval,BjclkhNAO0s,50004,-0.9180901894236211,3.648
train,pretrain,mAvSoNUgMno,00022,0,trainval,ZBuT2wdYtpM,50011,-6.169667318036101,2.752
train,pretrain,FSNEIwDiCSw,00029,0,trainval,5qdZybHSLnI,50001,-4.585307521734688,2.56
train,pretrain,hFcQpNrSKA4,00006,0,pretrain,d6eMdixkoRI,00019,5.086740598967632,7.488
train,pretrain,x5LshSZn5RA,00033,0,pretrain,dskNubEgzCk,00006,-3.0065398579666684,3.584
train,pretrain,yq3TQoMjXTw,00004,0,pretrain,A47JaOMDH4c,00005,-5.924629454338948,3.648
train,pretrain,qH4GAXXH29s,00014,0,trainval,jSOPQgPIdKg,50020,9.714295084411052,5.824
train,trainval,Rs5CDLgjSsI,50001,0,pretrain,2AZwSkHTkCU,00007,3.044606306823816,2.624
train,pretrain,pj2YxCAnqx0,00010,0,pretrain,ktbbm7ktuAM,00014,-8.293982595975713,6.656
train,pretrain,eSBZigXlphY,00011,0,pretrain,qykDS2AXKIU,00025,3.200489628545336,3.008
train,pretrain,ySrroSgNk4o,00018,0,trainval,2dRlssVF7fc,50004,5.341342088150663,5.568
train,pretrain,IzPcu0SETTU,00017,0,pretrain,SxPeQda00Co,00016,8.316797741583223,7.104
train,trainval,p7YRnLbmLGs,50007,0,pretrain,NwmGTM5Py8Y,00097,1.1079480596273577,2.944
train,pretrain,3NdSVi38RM8,00023,0,pretrain,UxtJtlgDkC8,00005,-9.708843128755769,10.688
train,pretrain,PDKKOSJX6yQ,00004,0,pretrain,uVAaZVz9pDs,00018,1.1675210558538591,4.608
train,pretrain,WNTk29zXl4A,00015,0,pretrain,BISCnsKyOuk,00017,-0.1903226879358506,13.184
train,pretrain,u8bsCiq6hvM,00019,0,trainval,da1vvigy5tQ,50010,-2.4483841850513315,2.496
train,pretrain,6wk4dkYSrV0,00029,0,pretrain,0C5UQbWzwg8,00001,5.563596787014124,4.928
train,pretrain,gniDHWq0RSQ,00010,0,pretrain,S6BLFdBfgfU,00014,8.921120374455164,4.736
train,pretrain,SResvScvMkE,00002,0,pretrain,yzm4gpAKrBk,00019,-3.7711268572501115,11.776
train,pretrain,SF242mxtZN8,00022,0,pretrain,xYemnKEKx0c,00002,-7.571389449591708,6.848
train,trainval,jYperQKUkcs,50005,0,pretrain,GtXyGFMBWBs,00018,5.551182333336424,4.672
train,trainval,n4YcornnWFI,50005,0,pretrain,DGIuSNks3DA,00005,6.236836599637531,2.752
train,pretrain,Sttw2PxncIE,00028,0,pretrain,0N1oA9LUEc4,00001,-8.753317695091043,4.736
train,pretrain,G8gJJuCdPSA,00022,0,pretrain,RF6qTlgtHU0,00001,-5.999026595086043,6.848
train,trainval,mkdSXHXhCcw,50014,0,pretrain,OMhLrHPI0Tw,00005,-9.470212143097568,5.824
train,pretrain,b0vDWqp6J7Y,00003,0,pretrain,NuJg8auo7FE,00008,-3.5679876492236335,14.976
train,pretrain,dIh8KBOOkYU,00006,0,pretrain,wc3VhvgUtB8,00001,-0.20584764324147997,13.12
train,pretrain,hbkBSjNGSzE,00014,0,pretrain,S9O9vyJBQ6g,00005,4.1042738611952245,5.76
train,pretrain,V1gxziZwmkc,00022,0,pretrain,PyS1o4sX1hk,00003,7.994757266049039,6.976
train,pretrain,f8nkcRMZKV4,00017,0,pretrain,fSErHToV8IU,00009,-5.699344117025622,3.2
train,pretrain,dciTrZxqbHE,00018,0,pretrain,Pl8OlkkwRpc,00051,-0.5924113197702763,11.968
train,trainval,tSSNoFstCmQ,50001,0,pretrain,TRE4Sll42lE,00013,-6.519304097870114,2.496
train,pretrain,qvEU36woPB8,00010,0,pretrain,8rZzHkpyPkc,00053,-8.067084720870309,7.616
train,trainval,zSWppsceZ1c,50004,0,trainval,joyi6anTSFQ,50005,1.2265347407805915,5.952
train,trainval,1IxIDGyISzk,50008,0,pretrain,OAEodzGMavY,00015,-5.723850728672155,3.008
train,pretrain,gDMOcSWCTW0,00019,0,pretrain,FrxDrpi1XNU,00010,-7.458219098064694,6.528
train,pretrain,mGBHC1R3e7s,00007,0,pretrain,RvnS3cCrl9c,00002,1.2177411143651717,6.656
train,pretrain,YsYHqfk0X2A,00008,0,pretrain,qu7ZpWecIS8,00017,8.389326311195557,8.64
train,pretrain,0SUTgoPUTLQ,00036,0,trainval,HQIi3nUXh0g,50016,3.4011708197081614,3.456
train,trainval,pOWgXxoSTNM,50003,0,trainval,XYEChpVS04s,50012,4.177157112057358,3.2
train,trainval,6bCHq1OvGR4,50002,0,pretrain,GZyjTPEufLk,00022,1.7865271194398815,2.24
train,trainval,ux1GxExRUUY,50004,0,trainval,BJsrYqPtXFM,50001,3.755332261542323,4.288
train,pretrain,xjSQFZX2m9o,00013,0,trainval,by3NnWvSCj8,50011,-2.975095561578538,2.624
train,pretrain,Ftnb2fpJ664,00037,0,pretrain,xp0O2vi8DX4,00005,-1.7763076351289513,4.608
train,pretrain,Kaq7FhvOtE0,00015,0,pretrain,8QuAokSXiyg,00024,5.63861084979791,12.096
train,pretrain,zwjLQgNd7XM,00011,0,pretrain,o4Nno6POrwE,00034,7.093906302364353,7.424
train,pretrain,OibJT7GSwyo,00007,0,pretrain,jLOfXsFlb18,00009,-2.0177686621545465,15.04
train,pretrain,p9UC0chfXcg,00022,0,pretrain,KCr8s57hdzY,00027,2.142647371075645,4.032
train,pretrain,a19lSbFPRqY,00023,0,pretrain,U9BzgnX3z6Q,00009,-5.878763688511752,6.976
train,pretrain,xMjSPS6H69g,00002,0,pretrain,iU1bhHeCkoU,00046,2.8754230893398223,4.8
train,pretrain,q1pKLVX3VSA,00006,0,pretrain,o4Nno6POrwE,00021,-3.927758521494704,7.808
train,trainval,HH3m1OSiOT0,50005,0,trainval,ESlb3D7AySM,50002,5.2038422727818485,3.584
train,pretrain,xx310zM3tLs,00002,0,trainval,IKZCw4xdESQ,50010,8.790607138479292,3.456
train,pretrain,jodhovumkHQ,00043,0,pretrain,Kw5vyJ30djM,00010,6.229304931189613,7.68
train,pretrain,PY9DcIMGxMs,00039,0,pretrain,f8U2GwInI9o,00013,-9.085114268349015,10.56
train,pretrain,SC3DVeWT09w,00027,0,pretrain,RSl1ramE35s,00039,1.4590717979728947,4.224
train,pretrain,JeHqgambbcI,00026,0,trainval,DqCsQqy9MyU,50019,6.9287461680753495,3.712
train,pretrain,R7vmHGAshi8,00026,0,pretrain,e8JK3qVGuUg,00011,9.652918170507544,10.24
train,pretrain,u5GCetbP7Fg,00017,0,pretrain,qKJv4S5peJQ,00002,8.211494946039679,5.76
train,pretrain,fLJsdqxnZb0,00019,0,pretrain,eNC1h5H5cJA,00032,3.452937038541716,12.416
train,trainval,yuD6ozE9rtc,50001,0,pretrain,mWA2uL8zXPI,00023,3.7317175526873108,5.568
train,pretrain,MD23gIlr52Y,00001,0,trainval,ZLgGoHXp8s4,50001,7.6076731434915,3.776
train,pretrain,xY7kVVS2HVY,00031,0,pretrain,sNbGUSI9HWw,00030,1.2862714832026239,15.424
train,pretrain,erg8sDIYjmw,00018,0,pretrain,5pW2b1vwwf4,00001,-5.127671303075023,9.216
train,pretrain,cZ7LzE3u7Bw,00011,0,pretrain,q06YIWCR2Js,00008,-5.8454889129515,13.056
train,pretrain,Qao76IPXWSE,00024,0,pretrain,8QuAokSXiyg,00003,-3.6905029202037642,7.04
train,trainval,3sUWSDHOVn0,50007,0,pretrain,bXmDaykZobc,00010,0.9629772899562727,2.56
train,trainval,Rpsf1YJsbbI,50034,0,pretrain,FnL7I6tESAs,00018,-2.884447119961475,3.712
train,pretrain,eQdFkSSgHYo,00017,0,pretrain,D1QoyTmeAYw,00026,-5.185232538217759,8.256
train,pretrain,QuaIMgzIOn8,00011,0,pretrain,1KS10q6N2A8,00017,7.393585003915739,24.96
train,pretrain,5mug2UKGwp4,00007,0,pretrain,TFbv757kup4,00007,5.84504064634775,5.056
train,pretrain,mGS7sGyRjqE,00008,0,pretrain,SQB9zNWw9MA,00024,-1.3125575884701508,3.456
train,pretrain,tpH2fhwCzSM,00001,0,trainval,P65XdTlk4vA,50002,8.547513431732572,3.648
train,pretrain,u5GCetbP7Fg,00049,0,pretrain,8t4Vj6lmzVo,00005,5.3621283223452885,6.208
train,pretrain,acikxzM6GaY,00009,0,pretrain,p9UC0chfXcg,00046,-6.230738346221374,8.576
train,pretrain,ME0OeqjnVAw,00017,0,trainval,7Iv2nZnZOrM,50011,0.9572425435300289,6.208
train,pretrain,OLHh9E5ilZ4,00024,0,pretrain,PyXZvuxDkC4,00016,-3.358473876305707,5.056
train,pretrain,YwSGTipx3As,00019,0,pretrain,Svo01ldlTQc,00010,-2.376813892793461,5.76
train,pretrain,SB1JmOerYmY,00007,0,pretrain,JNSgdmKysxA,00009,-3.6153864990145763,4.352
train,pretrain,hVsnkRoYfX0,00014,0,trainval,1O2l1dcSohA,50005,-9.130707670939515,2.24
train,pretrain,d8s8e8JdGCc,00031,0,pretrain,NMBNZspmn7I,00001,5.112355367368872,12.352
train,pretrain,dLHWVTa5xZs,00003,0,pretrain,q9Ou0cj3fF8,00054,-3.3387357273333995,8.32
train,pretrain,dm4fvbrMLPw,00023,0,pretrain,nFSdHdNOgSA,00032,0.16642711629597784,5.248
train,pretrain,2m9kC1yRnLQ,00032,0,pretrain,CS9f7Qq4YZc,00025,9.021938613080316,2.624
train,pretrain,N7wF2AdVy2Q,00019,0,pretrain,EKy19WzkPxE,00022,-2.955763510778768,7.552
train,pretrain,cGrFSZYPAyk,00011,0,trainval,YXrEVQFtJm0,50005,-3.29958430880652,6.144
train,trainval,XZiNVGA78kA,50006,0,pretrain,tbvUCrS5S5I,00025,1.216296815964295,5.888
train,pretrain,OISOhvOumT0,00004,0,pretrain,aSLSiIskEFU,00018,-6.090943340698525,5.888
train,pretrain,7udZ5ux0dYE,00032,0,pretrain,ZLiUelSu7s8,00002,-3.1372781086495376,4.864
train,pretrain,MLvwTlbj1Y8,00030,0,pretrain,jSSqQDPGW2k,00030,-1.6382804527476953,12.544
train,pretrain,vrU6YJle6Q4,00035,0,pretrain,GjINFuwLGvQ,00007,-9.825082166434436,9.408
train,pretrain,4Lb5LSVEm34,00008,0,pretrain,6bVhrpkp0WU,00024,8.184637429214611,7.104
train,pretrain,hiM48jSNZOU,00011,0,pretrain,iUbfRzxNy20,00019,7.067036274093297,12.8
train,pretrain,esPRsTSlmw8,00022,0,pretrain,hxJ8LELZCjo,00028,-6.874356753902296,6.976
train,pretrain,4wOxJOPnSUg,00003,0,pretrain,vvEH93EQiKg,00019,4.997041792566453,3.392
train,pretrain,L6N06hTuESE,00009,0,pretrain,hZ6uYagzwVE,00002,-4.526740924581016,5.44
train,trainval,HQIi3nUXh0g,50025,0,pretrain,ao3NtIZ0iBU,00024,-3.417308464608868,5.888
train,pretrain,jSOPQgPIdKg,00006,0,pretrain,3nsoNSLS8RQ,00008,1.9053742678552048,12.48
train,trainval,8aSUUhW7SHU,50031,0,pretrain,dY9f9bFctUE,00039,-4.569626067237246,2.752
train,trainval,XAcARiiK5uY,50012,0,trainval,fSOupkS4VVo,50014,-8.332841587679368,3.648
train,pretrain,l141Mauo74A,00009,0,pretrain,2Shh4UkPVCc,00007,-5.513123232787301,16.64
train,pretrain,IMTcuU0KLSw,00016,0,pretrain,34a7UEzZdsA,00052,-5.298802690374904,3.968
train,pretrain,oHDq1PcYkT4,00023,0,trainval,CfqO1U6lfDs,50001,-2.8396671644058324,2.112
train,pretrain,B9DdIivSGts,00056,0,trainval,qx6KKSeT4qw,50009,-0.7400503074489801,6.08
train,pretrain,maMU4XZYdtQ,00015,0,trainval,eHlu6ViSwxo,50006,5.953299467097207,5.888
train,pretrain,FM5SDGprLpc,00014,0,trainval,DKISYPEF0Ls,50007,-7.728782099772888,5.12
train,pretrain,huzhvbrcgeQ,00025,0,pretrain,RmXiItk49Gw,00026,4.349237257472662,4.544
train,pretrain,hgui64Kr0Go,00020,0,pretrain,y7LXwGfvxwo,00026,1.0632031332682583,7.424
train,pretrain,HJqtUUDhaxA,00049,0,pretrain,dvYYYlgVAao,00008,-6.025008694071832,9.856
train,trainval,sjPRN2XGSts,50001,0,pretrain,AQ8cpjEdpmI,00012,1.3776802747727661,5.376
train,pretrain,B9DdIivSGts,00052,0,pretrain,JhcCHjqSiBo,00015,1.1256072535144508,5.056
train,pretrain,LNHBMFCzznE,00012,0,pretrain,D1QoyTmeAYw,00024,4.995682722749699,10.432
train,trainval,wD3S6JIUF7M,50003,0,trainval,RjrS5EqZlUs,50003,8.141525793564611,2.368
train,trainval,1BfMMoLYMlg,50009,0,trainval,4yyPSZSGLOI,50019,-9.270089618086224,3.072
train,pretrain,hLltkCSG5dY,00005,0,pretrain,fgfQLTIhi1U,00025,-4.243638662260423,7.04
train,pretrain,Fr26scqsIwk,00027,0,pretrain,JNcLKbJs3xk,00018,4.700957582190224,4.48
train,pretrain,8iQnrM3DkVI,00029,0,pretrain,6a6vVIdQBd0,00045,9.890608508483258,7.232
train,pretrain,SUkVcmKZyyQ,00031,0,pretrain,1BXYSGepx7Q,00013,4.94757446411027,11.776
train,pretrain,DnJHaveemUk,00005,0,pretrain,ZBWsmoy5Re4,00007,6.755041350276802,9.472
train,trainval,9OECsmMont4,50011,0,pretrain,3bFabjnryE0,00020,0.7752511519299414,6.016
train,pretrain,dQijrruP9c4,00014,0,pretrain,SfHRcaS6r3w,00013,-2.1640340591328027,5.568
train,pretrain,hCop3IGZH2o,00007,0,pretrain,gXlIASSrI4E,00023,7.072528778922425,4.608
train,pretrain,XOU2ubWkoPw,00014,0,pretrain,CsqSDpmgsQg,00025,-7.374956072720917,7.36
train,pretrain,SJyE40koQyA,00001,0,pretrain,iyfdWsa1zns,00006,-8.573811157859431,3.968
train,pretrain,HHwXlcHcTHc,00022,0,pretrain,iTdZn78u6pI,00009,4.1083880963093815,33.152
train,pretrain,6hFxDLkWNPY,00019,0,pretrain,QPC5SP2SFu8,00011,1.457897228713314,3.712
train,pretrain,eLrBw8BKOWI,00014,0,pretrain,1gAQ82IHyZ8,00002,-0.7875593070152505,9.216
train,pretrain,v3SZTqj2Skw,00019,0,pretrain,fLJsdqxnZb0,00006,-8.915138518346293,10.944
train,pretrain,3PQrElyu9HY,00002,0,pretrain,bKQA6I4BA7o,00019,-5.359501197541727,8.896
train,pretrain,MS4x6G0zzeg,00027,0,pretrain,04SEzifEsGg,00030,2.1341964834162113,3.52
train,trainval,4RSgUhgg70Q,50001,0,trainval,xp0O2vi8DX4,50015,1.2052563675209438,2.624
train,pretrain,u70RZtCJSrI,00006,0,pretrain,vdDFLzyk94k,00014,3.4046978801827965,10.688
train,pretrain,rrkrvAUbU9Y,00028,0,pretrain,3HaBoNSlpHU,00017,8.447372184033828,7.68
train,pretrain,Pl8OlkkwRpc,00007,0,pretrain,8u9Wvz1edxI,00014,6.584326913036829,4.48
train,pretrain,2wseM6wWd74,00019,0,pretrain,wX78iKhInsc,00020,2.757185558121895,6.592
train,pretrain,LMrzdkSYnYY,00051,0,trainval,EijI8QaExDg,50008,6.386992467374249,3.2
train,pretrain,0snNB1yS3IE,00026,0,pretrain,6diqpGKOvic,00006,-1.6472403416753636,3.648
train,pretrain,6bCHq1OvGR4,00025,0,pretrain,UxLRv0FEndM,00041,-1.6995663732502901,6.656
train,pretrain,KTvSfeCRxe8,00046,0,pretrain,d6KSsePuFAo,00009,-5.9726644819431085,5.696
train,pretrain,OT9poHSD2Iw,00008,0,pretrain,JoGCaI1HzYo,00006,-7.9371008765702555,4.096
train,pretrain,1OQkdRdfyjI,00002,0,pretrain,YwSGTipx3As,00003,-9.801911178213471,8.896
train,pretrain,4yyPSZSGLOI,00023,0,pretrain,D5iFVKhLStU,00025,-4.498569026506067,2.176
train,pretrain,hbkBSjNGSzE,00002,0,trainval,MqnbE5WRPEU,50005,-6.13832517575688,2.816
train,pretrain,Wtp7R97jz5k,00007,0,pretrain,PDKKOSJX6yQ,00016,8.15438117617489,3.712
train,pretrain,eIho2S0ZahI,00029,0,trainval,6SdtkXAQq3k,50005,-8.890860541221953,5.12
train,pretrain,b4sMMWJYUOs,00006,0,pretrain,y7A4dZIyI0g,00005,-7.358685478617495,9.92
train,pretrain,UyQIKwSPZGM,00001,0,pretrain,Hc6yiSFtoNo,00034,-0.25774542382462506,9.728
train,pretrain,pkGAMb5sYvg,00005,0,pretrain,xjxyEwjG2Es,00015,2.0965688144727643,19.328
train,pretrain,fBLErez9ljw,00010,0,pretrain,wtvhqeVoeqI,00023,2.487056150834281,11.776
train,pretrain,rGaj2VImQec,00010,0,pretrain,JcCQS4YiTb8,00010,7.740030579019635,3.52
train,trainval,V1qHNrQQHZI,50005,0,pretrain,WzuWMf3WPPc,00005,1.314535177924057,5.056
train,pretrain,5aH2Ppjpcho,00022,0,pretrain,t6eFzt6kFGE,00018,-7.856188530052459,5.056
train,pretrain,5AcjM5BKfRQ,00017,0,pretrain,STdSfeMDeI4,00020,-9.414625255687895,9.856
train,pretrain,QAnNM3WJCYA,00011,0,pretrain,EU15c9hnftE,00002,3.236752082397887,4.288
train,pretrain,WOxSQHtJWlo,00003,0,pretrain,uVAaZVz9pDs,00055,7.143843160405435,7.232
train,trainval,KChjQvXjk1g,50006,0,pretrain,KOtFDsC8JC0,00007,-9.313706227919788,6.208
train,pretrain,ReCvreRPdeY,00003,0,pretrain,qZYNWW4M7yM,00006,-9.780591707722206,6.592
train,trainval,r4KQfepEqWQ,50008,0,pretrain,ohGMgSLJCjs,00027,-1.7742864126323195,5.632
train,pretrain,EU15c9hnftE,00013,0,trainval,EijI8QaExDg,50013,9.84751476743012,2.048
train,trainval,WSsjBMSWSYE,50007,0,pretrain,Peu7eeGtmQ4,00027,-3.787349748902809,2.688
train,pretrain,46wWjKTn4Ac,00021,0,trainval,4GKTEDqbQIw,50032,-5.882100177582947,5.952
train,pretrain,qp0HIF3SfI4,00017,0,pretrain,ac1mOswXxLs,00031,5.32472583054582,8.192
train,pretrain,5FjuSwOaV3Y,00010,0,pretrain,HS8y0WLm78U,00092,-8.454627239624728,5.312
train,pretrain,e8JK3qVGuUg,00038,0,pretrain,WDbxqM4Oy1Y,00010,1.854859226076858,4.16
train,pretrain,M5tre30cRwU,00006,0,pretrain,Gv7Y0W0xmYQ,00014,3.7897110511211256,3.968
train,trainval,yg8SBuTuoKk,50009,0,pretrain,Lrdn4lazVBc,00010,7.40469662563406,4.032
train,pretrain,6ORDQFh0Byw,00045,0,pretrain,Sx1qkuvUxuI,00018,-6.94572576591848,7.68
train,pretrain,lkVYV2P8dQE,00033,0,pretrain,vHhn7z6BA0w,00049,3.5817533552359855,5.312
train,pretrain,a3im2S5mQCM,00014,0,pretrain,DUd8XAS5HEk,00060,-7.528539299510724,6.72
train,pretrain,5HL1BEC024g,00023,0,pretrain,Cd0JH1AreDw,00031,3.338722314895495,6.656
train,pretrain,D9ZNpt6FVTY,00012,0,pretrain,yyW9W3e9VD0,00001,-0.3631275909212732,19.84
train,trainval,cPsP4F1qYCI,50005,0,pretrain,pNTylSnUOVo,00005,5.127668099600644,2.432
train,pretrain,fnS9f5x0f1Q,00010,0,pretrain,oeL72c6scAs,00008,8.338046922013383,11.904
train,pretrain,DqbM1ZrpTQg,00005,0,pretrain,hFkI69zJzLI,00003,-2.9732635808163854,4.608
train,pretrain,Si644sBMaOY,00017,0,pretrain,xP3SW546HYs,00009,8.351053664355021,6.592
train,trainval,q06YIWCR2Js,50051,0,pretrain,sa0RUmGTCYY,00003,-2.555802347711113,5.312
train,pretrain,d5zjjJYqixo,00009,0,pretrain,d6PS4p3IXLQ,00004,1.2954945053466957,2.496
train,pretrain,rjECbQ1rSk0,00021,0,pretrain,jJXMvOqS5bM,00009,-8.87858022528431,3.2
train,pretrain,CypPMzZinys,00011,0,pretrain,SXJ20tt5nPQ,00004,-2.3011139274607073,10.24
train,pretrain,LMrzdkSYnYY,00034,0,pretrain,F2hc2FLOdhI,00009,-8.162614688833331,10.048
train,pretrain,mArrNRWQEso,00047,0,pretrain,cHSQGnhdSi4,00007,-0.5594635856666166,13.44
train,pretrain,1z3Fgtj8fqk,00029,0,pretrain,FD5ZKiSmoMU,00011,9.352157645162752,3.008
train,pretrain,vEli4dfAXrM,00002,0,pretrain,S6pLPVfKFoQ,00030,-8.425241417267848,9.408
train,pretrain,zLNXIXingyU,00041,0,trainval,zyet9fPS24k,50007,9.188999004889244,5.76
train,trainval,WonC2e5aOGE,50007,0,trainval,wQJC2MMB8nA,50001,-5.241369096748903,3.328
train,pretrain,oIGBBPspTKM,00022,0,pretrain,YO0lbdhF30g,00022,7.7313706238944455,8.0
train,pretrain,QVSqg1CRvl0,00001,0,trainval,jAGgKE82034,50001,2.857627530733261,2.752
train,pretrain,uRdQS2sjF2s,00020,0,pretrain,ukgnU2aXM2c,00020,2.3587019122483923,9.344
train,pretrain,QuaIMgzIOn8,00013,0,pretrain,LHd0vXDglb8,00009,4.838149442691908,14.528
train,pretrain,UY2tyuSOcyo,00003,0,trainval,LNHBMFCzznE,50001,9.802329711413943,3.072
train,trainval,co2enjjt3J0,50009,0,pretrain,C74amJRp730,00056,-2.428500646746068,2.368
train,pretrain,ym6OYelD5fA,00011,0,pretrain,9o5jAaZn2p0,00011,-0.4045289829484311,6.592
train,pretrain,yDYCf4ONh5M,00039,0,pretrain,LH8MPbFoRjw,00011,-3.8092526711895713,3.52
train,pretrain,hCop3IGZH2o,00023,0,pretrain,tUAepQYyMY4,00024,4.157949903845907,16.448
train,pretrain,DUd8XAS5HEk,00005,0,pretrain,B4a0NvLTebw,00017,-4.2600568922154185,6.464
train,pretrain,VehHPwAVL9g,00019,0,pretrain,qNvDRuGK84I,00009,2.1357608115669535,5.696
train,pretrain,6wk4dkYSrV0,00016,0,pretrain,25onkAGt3Gs,00010,-2.389450180242852,4.736
train,pretrain,n9ZSpccScW0,00020,0,pretrain,xkq8drS5ofs,00013,6.966649857518632,20.608
train,pretrain,h1Yg1rURKR0,00019,0,pretrain,YWBwsS3lkXU,00023,5.715794699095813,4.288
train,pretrain,Jp9b2Hf7QWg,00013,0,pretrain,1X7fZoDs9KU,00024,-1.8779751971926029,9.408
train,trainval,GeDSgi0A7A8,50018,0,pretrain,qtOIh93Hvuw,00010,9.287665689683049,6.08
train,trainval,0ygtX2nyexo,50020,0,pretrain,gypAjPp6eps,00031,7.9291140208316016,3.904
train,pretrain,fm9SH6NucHk,00004,0,pretrain,6tpsSu5O0Ws,00034,-5.40723968945374,5.056
train,pretrain,IDSSieLCmS4,00003,0,trainval,mwzBJF5Q7Vw,50006,-9.763782348610189,5.696
train,trainval,gdg4mUSwuhI,50001,0,trainval,9uuhxGhD9bo,50003,-9.438263318957015,3.968
train,pretrain,KzeQSZ3bQ2g,00014,0,pretrain,1TYPldG99dk,00038,-0.7124368598306283,6.144
train,pretrain,wvCMZBA7RiA,00023,0,trainval,rThUrXYaneo,50002,7.222219472236123,6.08
train,trainval,pX8zZdLw7cs,50020,0,trainval,KOtFDsC8JC0,50003,4.736427208317139,2.944
train,pretrain,4AaSUyfNN4c,00004,0,pretrain,4oFGmxZ2nqE,00017,5.267444199888045,4.352
train,pretrain,GeDSgi0A7A8,00030,0,trainval,yDubrSRjlCE,50001,4.282729679392698,2.752
train,pretrain,SMTRxRO5SRA,00012,0,trainval,bGBamfWasNQ,50016,9.211144589789974,2.496
train,trainval,p4tffKWs3BM,50011,0,pretrain,dOOtM7ZpAS8,00022,-6.39265571972115,3.648
train,pretrain,h1Yg1rURKR0,00015,0,pretrain,AOEQ9GteWbg,00029,-5.083195750060385,3.584
train,pretrain,b6rAgHcuYtE,00006,0,pretrain,2BOTS9GAjc4,00037,0.06085538179049976,8.448
train,pretrain,mulbSSAULSo,00017,0,pretrain,J6uL4vDAU3s,00007,-5.670116385346935,12.736
train,pretrain,O4bGOvkkHcM,00008,0,pretrain,E6wlTtQBlhI,00003,-5.119848756259384,9.088
train,pretrain,aIFFFGf1ZRE,00021,0,pretrain,UyUXxrSS3qs,00019,5.696398576591545,5.376
train,pretrain,DwYQHj7Hmik,00006,0,pretrain,Sf8j5LFv3nI,00002,2.3192527801740486,8.128
train,pretrain,FPhHHtn8On8,00013,0,pretrain,4bsiMd1zQ3s,00013,1.6110761066263208,10.432
train,pretrain,4AUSqB0RVNY,00030,0,pretrain,8OkzozrUEHY,00007,-1.1941208908263405,6.528
train,pretrain,4Rtfi4MSafA,00031,0,pretrain,Ftnb2fpJ664,00017,4.093120766911742,7.808
train,pretrain,FRKg49ySnNw,00010,0,pretrain,LTtTfCwkIW0,00026,3.9515237191182795,7.936
train,pretrain,R7beBKnH9u0,00010,0,trainval,Xl6wxnnSStI,50008,-2.2212461958396457,2.048
train,pretrain,jUIfiLplNqQ,00017,0,pretrain,pxr2GRJ6tjc,00010,0.8417650756297039,5.888
train,pretrain,7pVPmmwSeJQ,00026,0,pretrain,4yyPSZSGLOI,00017,-5.150522347636746,7.552
train,pretrain,HtSRNn0kSSw,00002,0,trainval,2Oe6HUgrRlQ,50017,-6.110149472504114,6.016
train,trainval,3XDdhbrg2kw,50002,0,pretrain,QgZfyTguSPM,00004,8.63063730103579,3.328
train,pretrain,c0H1zU2ytxA,00002,0,pretrain,BQOz6OVz1zc,00001,-9.721641012285323,6.336
train,pretrain,xyIQFI865Sw,00020,0,pretrain,GRcvxDVDLCw,00006,-9.35759728517187,9.152
train,pretrain,kyaiTGmwxnU,00018,0,pretrain,N4wFyRGilp4,00012,5.9447916254081825,8.448
train,pretrain,Bc2wVyl8RLI,00014,0,pretrain,bJ8Kq1wucsk,00013,0.6344525445784583,8.896
train,pretrain,YdSSA7POsN0,00016,0,trainval,IXBalykzauE,50015,-8.68887046019031,2.624
train,pretrain,ouXGIw7gBmk,00034,0,pretrain,jT8G44XPYW8,00001,2.5306583528492617,5.696
train,pretrain,NRXCxJGQ4KY,00007,0,pretrain,Gk9T7ngEijs,00024,-7.318214601045865,6.592
train,pretrain,hVsnkRoYfX0,00002,0,pretrain,0LxPAY9yis8,00030,9.729627404083601,7.936
train,pretrain,68c2M4r9oQg,00014,0,pretrain,xX1Job6O60E,00009,-9.845433328020787,9.408
train,pretrain,7tu9nJmr4Xs,00034,0,trainval,sNV4yIyXXX0,50017,0.14244567620823823,4.288
train,pretrain,GsqiJqMFcvM,00003,0,pretrain,p9HPUiEdEj0,00013,-6.25636465171564,3.968
train,pretrain,30KJRb4MzSg,00001,0,pretrain,yLjxoscCi0A,00003,0.5239475617232348,5.376
train,trainval,2dnSoGaEHxs,50005,0,pretrain,0ueGFLVFi80,00027,9.729514672779011,5.248
train,trainval,2tcEgqTWbxQ,50013,0,pretrain,wyhF7q3Sbpk,00035,4.600757279292338,2.688
train,pretrain,lV3trdyDdHE,00005,0,pretrain,FRKg49ySnNw,00030,-6.807616523037252,7.168
train,pretrain,MS4x6G0zzeg,00041,0,pretrain,N7wF2AdVy2Q,00001,0.8526005774889924,7.744
train,pretrain,zESeeaFDVSw,00003,0,pretrain,LZXUR4z2P9w,00028,-5.566402531515826,15.296
train,pretrain,01GWGmg5jn8,00001,0,pretrain,omGbKQIzoWY,00024,8.332934411209852,6.464
train,pretrain,IeblJdB2SVo,00012,0,pretrain,VKwFSRsaoY0,00005,7.272896074394893,12.544
train,pretrain,LJhklPJz9U8,00014,0,pretrain,YL1XwfyaS00,00024,-8.475069499577303,5.76
train,pretrain,f6nQJoEk7Ko,00014,0,pretrain,HS8y0WLm78U,00074,-7.394591138580047,6.528
train,pretrain,Ep2MAx95m20,00021,0,trainval,SfQVotsYV0Q,50003,3.738413020730322,4.224
train,pretrain,jeOumyTMCI8,00037,0,pretrain,xpnFeyMGUs8,00025,9.355847326038326,4.288
train,pretrain,nmVDcD2olOA,00005,0,trainval,7ZWTG0SeCEg,50025,2.134697306779765,2.752
train,pretrain,GzPpH9WexDc,00011,0,pretrain,Sf8j5LFv3nI,00012,6.348294523971148,6.016
train,pretrain,lGbuCmuTJHg,00003,0,pretrain,EYgoqiX15Rw,00010,-6.935014493408909,6.848
train,pretrain,mY2LIQbiGbo,00010,0,pretrain,KQEWc3LVfyc,00083,-2.736265557275299,4.096
train,pretrain,8QuAokSXiyg,00015,0,pretrain,th3nnEpITz0,00001,3.7140379863573116,4.48
train,pretrain,sDfhSIKFGz0,00029,0,pretrain,mJxA8eIWQUc,00028,7.243628808649451,5.696
train,pretrain,iP9QFSlBOyA,00014,0,pretrain,eGoSdLNceEk,00002,-9.37912031102287,3.52
train,pretrain,jYperQKUkcs,00015,0,pretrain,b3H9V1jq0A8,00018,5.640958019073587,3.712
train,pretrain,W1KIgMXPR28,00009,0,pretrain,ohGMgSLJCjs,00011,-4.313910951773354,8.256
train,pretrain,Mr8nvXvlSy8,00018,0,pretrain,tsgvhP07BC8,00046,-6.722968447963041,3.968
train,pretrain,rpOwTspdwkI,00015,0,pretrain,fgfQLTIhi1U,00036,-3.730464183227838,5.888
train,pretrain,y8qc8Aa3weE,00006,0,trainval,m1LeGwELv9o,50012,-1.789128194277552,4.16
train,pretrain,Wh9O3SciOYs,00017,0,pretrain,UyUXxrSS3qs,00038,-9.111428446404329,7.296
train,pretrain,r3afSFSG570,00053,0,pretrain,qzR62JJCMBQ,00006,5.114404288771935,9.92
train,pretrain,VJRBx0JjMSM,00021,0,pretrain,nxRRqLpWi6Q,00013,9.13991685045438,7.616
train,pretrain,HQIi3nUXh0g,00017,0,pretrain,5MgBikgcWnY,00035,-9.334762988863758,6.208
train,trainval,sa1iS1MqUy4,50012,0,pretrain,B4xOFsygwr4,00042,-6.684612667691172,3.968
train,trainval,1N6e0DnGq38,50005,0,pretrain,NbpSibMSEiE,00005,-1.5214810532803806,5.952
train,pretrain,0MYq1WJMmts,00006,0,trainval,mWA2uL8zXPI,50001,-4.617019964979363,6.208
train,pretrain,wN3ovSzal3g,00001,0,pretrain,Qao76IPXWSE,00015,9.445534555234605,10.24
train,pretrain,Acsv55lctGY,00009,0,pretrain,SCEKKHyxgaw,00023,7.113116051155746,8.192
train,pretrain,IJmr7MsS8fw,00012,0,pretrain,qu7ZpWecIS8,00012,-0.4031072149597321,4.16
train,pretrain,kOPMqiKhoSc,00035,0,pretrain,ddek3gQVt9Y,00021,1.0166573843389397,7.168
train,pretrain,GDnYDLERnRE,00012,0,pretrain,yzm4gpAKrBk,00048,-4.898984144221121,4.096
train,pretrain,Xe2nlti47kA,00027,0,pretrain,Ctz4E2ARkCg,00006,3.3015585326081176,5.76
train,pretrain,Ydj28CDrHV4,00005,0,pretrain,tTvIEUGCigk,00004,-0.9587396231631828,5.632
train,pretrain,v7UKkzIaSsQ,00019,0,pretrain,xDe346z233Y,00023,-0.9544224886035799,5.568
train,pretrain,KxDwieKpawg,00037,0,trainval,7ZWTG0SeCEg,50013,-7.803625837219899,6.016
train,trainval,31iuh9pfFwg,50001,0,pretrain,jUIfiLplNqQ,00011,-0.6350177670972208,2.24
train,pretrain,r4KQfepEqWQ,00002,0,pretrain,rSfHY43qLWs,00007,-8.610233225229816,4.288
train,pretrain,xzT6iH2CX4k,00017,0,pretrain,SJWoKsfsSaA,00052,9.326362577420564,9.344
train,pretrain,AS3Pyc4Qr2Q,00011,0,pretrain,2BogtvaCWvI,00009,-8.04994337894001,4.608
train,pretrain,P5Mpo4JQZhw,00044,0,pretrain,OwRAFCrsDS8,00015,2.5474096071522467,9.024
train,pretrain,NMfXycr7SOU,00022,0,pretrain,zIwLWfaAgS8,00076,9.792269473586941,7.04
train,pretrain,syqScVtnKuU,00072,0,pretrain,c2tOp7OxyQ8,00007,-3.4230634022214845,9.536
train,pretrain,4RSgUhgg70Q,00003,0,pretrain,yLjxoscCi0A,00034,3.013971916105474,7.488
train,pretrain,I9tB6Q5bmcQ,00021,0,pretrain,NgDGlcxYrhQ,00012,-3.195912278963524,12.48
train,pretrain,GtXyGFMBWBs,00033,0,pretrain,AAkEYcmCCCk,00044,-4.637078003322737,8.704
train,pretrain,IyrcWMvu9ek,00008,0,trainval,mDSuP2BsVy4,50019,-7.871184065889971,2.176
train,pretrain,EwuunRJgoBw,00001,0,pretrain,syqScVtnKuU,00062,-7.441821430810657,4.48
train,pretrain,7LcSdlVrg5M,00019,0,pretrain,0tqq66zwa7g,00018,-7.898301870239671,5.568
train,pretrain,w2itwFJCgFQ,00015,0,pretrain,4tQee2SJgUo,00019,-9.354653850055692,5.44
train,pretrain,6wk4dkYSrV0,00013,0,pretrain,Qlg6izBqKxM,00014,5.302403494529253,3.84
train,pretrain,6iFCm5ZokBI,00019,0,trainval,JmZpFy1QUww,50016,-5.0043333285792,3.648
train,trainval,bbT8jSPS2LA,50040,0,pretrain,vGDZmSnSkfo,00012,-8.504986208318513,3.2
train,trainval,k7djE1X16og,50005,0,pretrain,dk60sYrU2RU,00001,3.2329205482180257,2.176
train,trainval,jSSqQDPGW2k,50002,0,trainval,tiWwrdMqvvM,50016,-4.014466324079839,3.52
train,trainval,ST4JS67J0Y4,50021,0,pretrain,MtSE4rglxbY,00005,-3.7460454315663494,3.584
train,pretrain,EmuzDrI7TM0,00003,0,pretrain,LuG2rf9enHE,00011,4.338466110712954,4.8
train,pretrain,3aYWvujaT6M,00029,0,pretrain,twG4mr6Jov0,00018,3.2950079054658925,8.448
train,trainval,fv8KpQY0m6o,50013,0,trainval,tTb3d5cjSFI,50006,7.578536606346773,2.368
train,pretrain,ZuCX92wuw2g,00014,0,pretrain,gaY4m00wXpw,00023,-0.717708263679464,3.2
train,pretrain,oxpJGynSHJU,00027,0,pretrain,D5iFVKhLStU,00024,-5.313452788217658,7.168
train,pretrain,QC3EbSexmDw,00002,0,pretrain,IgKWPdJWuBQ,00002,7.99078317531357,5.248
train,pretrain,sa1iS1MqUy4,00014,0,pretrain,jDfeDOWiw3g,00013,9.468732338569883,4.288
train,pretrain,CqasLvlSWGU,00017,0,pretrain,F0ofeD8VKMA,00037,-3.3289144230130407,10.048
train,pretrain,UoBUXOOdLXY,00018,0,trainval,bCGlWQnzDVE,50035,-8.089522919324265,2.176
train,pretrain,2m9kC1yRnLQ,00022,0,pretrain,syjEN3peCJw,00046,-4.076964773048202,6.848
train,pretrain,6gSwRHScq6M,00057,0,pretrain,43e6eAAeGCs,00060,-7.503264891782804,9.856
train,pretrain,PiVB5niLrWg,00020,0,pretrain,jEHZSIAuYUY,00004,-8.580360249981888,6.528
train,pretrain,vdDFLzyk94k,00016,0,pretrain,q4TJEASZRys,00009,6.725606732666041,7.744
train,pretrain,WQ82Uukl6rg,00006,0,pretrain,03h0dNZoxr8,00016,4.934118299967105,3.328
train,pretrain,YglyHzvBqpA,00020,0,pretrain,J3pGKt7fESM,00019,-8.045391661290733,5.632
train,pretrain,hLltkCSG5dY,00011,0,pretrain,YkzwHuf6C2U,00012,-6.477999936435981,11.52
train,pretrain,VOXikTyZxPA,00019,0,trainval,DsSrzoyyfF0,50024,5.524013045106312,2.112
train,pretrain,65e2qScVSK8,00004,0,pretrain,iueVZJVEmEs,00002,-8.484317434813594,8.256
train,pretrain,A9qqR8NVbtM,00019,0,trainval,GSIpG4t4Z5k,50004,7.647024201226344,3.072
train,pretrain,xNiBDGBw4Zs,00019,0,pretrain,70uaS1e9YN0,00016,-4.268740408618066,6.208
train,pretrain,SXJ20tt5nPQ,00009,0,trainval,CpaFX6Ei0nU,50014,0.2482397871812978,2.24
train,pretrain,AdHSwXl2nuQ,00006,0,pretrain,05jJodDVJRQ,00006,-9.076983975972876,8.256
train,pretrain,M8CTOjQhJFo,00009,0,pretrain,BMcduh1HEHA,00031,-2.475344576538383,5.184
train,pretrain,tZsQP9gl6RQ,00004,0,pretrain,TFvkq4BAvnw,00029,5.955381496557038,4.48
train,pretrain,16p9YRF0lSg,00006,0,pretrain,b6uOb1fm5bg,00007,-7.780971824191334,13.312
train,pretrain,P1sbSJK1LiI,00020,0,pretrain,DLccHLwdS6Q,00007,4.270564777533991,13.824
train,trainval,Erm4vP1vTn8,50009,0,pretrain,TT6qWghHkFI,00012,-5.090567945097659,3.456
train,pretrain,LizFrxTK5Qo,00025,0,pretrain,CrsdoIOGCRw,00014,2.7961487710977124,6.592
train,trainval,VN357QrUdEc,50027,0,trainval,o0td5aw1KXA,50001,2.890370255040594,3.648
train,pretrain,AQ8cpjEdpmI,00025,0,pretrain,k5hspA18IU0,00034,-0.92108329941858,5.44
train,pretrain,7tu9nJmr4Xs,00024,0,trainval,501FEzbB1JI,50004,4.534747188837269,6.016
train,pretrain,ok54sSWquT4,00033,0,trainval,pmKNXZmfIMU,50002,8.119321008350322,3.648
train,pretrain,BPMrcY9z0nM,00005,0,pretrain,gto6w0a13B0,00018,-5.543204599260005,5.696
train,pretrain,RrFSO62p0jk,00007,0,pretrain,golS4kh8ETY,00005,6.391845440525806,6.208
train,trainval,jobYTQTgeUE,50026,0,pretrain,VL5zqmpiJlQ,00001,-5.1128586308946815,3.2
train,pretrain,uYyvbgINZkQ,00019,0,pretrain,89Dhye1lgik,00002,-4.429356928355115,11.328
train,pretrain,bf7BXwVeyWw,00036,0,pretrain,xnovQVRHj5c,00031,-6.001596510277181,9.088
train,pretrain,luoKOkTxOtU,00019,0,pretrain,o08ykAqLOxk,00026,8.933868415228552,6.016
train,trainval,r92jUj7gNRw,50018,0,trainval,BltRufe5kkI,50006,9.188981401732125,2.176
train,trainval,TT6qWghHkFI,50012,0,pretrain,QeAGu40vZzI,00006,-3.3773451775794445,4.992
train,pretrain,nW5VhQyc4Fg,00018,0,pretrain,kEejVSZ5mLY,00024,4.443601212875464,5.504
train,pretrain,NiKtZgImdlY,00006,0,pretrain,acJscdoP2a4,00024,0.9084026571254249,4.8
train,pretrain,2a2724wcfcc,00003,0,pretrain,D9S6G8J6VJg,00017,4.763542187424685,4.16
train,pretrain,DOYASAY7dO4,00005,0,pretrain,BR9dbjubfuU,00005,2.6493183230966206,3.648
train,pretrain,wxCtIdI3xL0,00001,0,trainval,Ctz4E2ARkCg,50001,-0.9794050601910431,6.08
train,pretrain,12OAr0lt4bk,00025,0,pretrain,sPQViNNOAkw,00035,4.770716952758207,7.744
train,pretrain,IJmr7MsS8fw,00008,0,pretrain,SgKCzdT60Uo,00011,-6.822169896453678,8.128
train,pretrain,FgSJcKSHUtQ,00005,0,pretrain,uUDu8jQ6qHo,00006,-7.785069042825858,5.376
train,pretrain,RxqyO5hafdk,00008,0,pretrain,ok54sSWquT4,00029,5.9716933716178655,3.52
train,pretrain,7TXEZ4tP06c,00009,0,pretrain,iQsnObyii4Q,00002,2.190910256095906,11.52
train,pretrain,nzZA9XTdSLM,00005,0,pretrain,yXTtHmj1sr0,00020,-3.953544111529932,4.352
train,trainval,BltRufe5kkI,50008,0,pretrain,ixsridS3qVs,00018,-9.74275981814939,3.392
train,pretrain,W14XWvAz3x4,00006,0,pretrain,qEZmFR1WS7g,00027,-4.910967944897527,17.216
train,pretrain,3GFG6Cvy9HQ,00042,0,trainval,wPFA8n7goio,50001,8.105438597256637,2.88
train,pretrain,yqc9zX04DXs,00024,0,pretrain,aUBawr1hUwo,00042,0.3999047733047352,6.464
train,pretrain,MV0Iob65Nq4,00003,0,pretrain,ELET24AHnEg,00030,-9.625192273138081,12.8
train,pretrain,W0StyxgMk1o,00046,0,pretrain,5aLiFw8CSEA,00021,1.6091433168167928,4.096
train,pretrain,nnYhZCUYOxs,00010,0,pretrain,4BZuWrdCS9Q,00001,-5.769848575724497,11.456
train,pretrain,IvtZBUSplr4,00023,0,trainval,DWZsOe1j2w0,50007,3.6717198154328337,4.288
train,pretrain,iSmdpCvfMg8,00006,0,pretrain,fXf3CCyhLGU,00002,-9.417280235027528,3.2
train,pretrain,sLFqwXqe4Yk,00017,0,pretrain,PYSkd46RfVE,00035,9.725338585719342,5.952
train,pretrain,SK095wuESeE,00018,0,pretrain,6yR5OUVb2gY,00022,5.553507965914164,4.736
train,pretrain,8wSOZFBcwZc,00021,0,pretrain,fSmQIWnO3Ag,00002,-6.172903352040773,7.104
train,pretrain,iRsCUJxIrVM,00003,0,pretrain,b1XHSPB6AmY,00004,8.136389819277309,31.488
train,pretrain,q49LtMyXK7Q,00009,0,pretrain,FIrgjCNcDBI,00016,-3.0372983629473937,9.92
train,pretrain,syqScVtnKuU,00027,0,pretrain,J6ZzmqDMhi0,00002,-4.401430272844948,6.336
train,pretrain,M8CTOjQhJFo,00002,0,pretrain,HA7GwKXfJB0,00007,1.993208430955665,4.928
train,trainval,01GWGmg5jn8,50017,0,pretrain,L7CqpVQDL0E,00017,1.71274880937011,2.496
train,pretrain,BXlnrFpCu0c,00037,0,pretrain,PYjWLqEScfE,00006,0.3848499810192525,7.296
train,pretrain,5nys6iebjHw,00010,0,pretrain,nQcgD5DpVlQ,00018,7.077806569541451,6.144
train,pretrain,UJ7QaCFbizo,00011,0,pretrain,KaiwGb0csas,00009,7.165062434938932,23.68
train,pretrain,jodhovumkHQ,00041,0,pretrain,3Z6x5t5A9so,00036,2.6326917669194767,5.312
train,pretrain,y2yka9lyvMA,00027,0,pretrain,iHWIZsIBj3Q,00003,6.094092670944967,4.608
train,pretrain,gBkIyJ7kfSI,00038,0,pretrain,H74XsXCjKA8,00005,-3.1843443584856352,8.896
train,pretrain,vMeEKBaiPbg,00007,0,pretrain,zhKoy2QPThE,00008,-0.22673743030903815,34.432
train,pretrain,HNOnvp5t7Do,00028,0,pretrain,OSz2v42F0E0,00004,-1.9326299281163362,8.896
train,pretrain,SCEKKHyxgaw,00022,0,pretrain,q49LtMyXK7Q,00012,4.317448470188609,8.448
train,pretrain,0N6cjPWqpSk,00013,0,pretrain,9IRv3TOjE1I,00014,-0.3739220165232986,8.384
train,trainval,aeiSXpmMQys,50004,0,pretrain,A71OktxTPac,00027,-0.5841055784824256,3.008
train,pretrain,SDjLpMj3BDU,00013,0,pretrain,8S66QUJk3w4,00007,8.62728194083886,18.24
train,pretrain,E0M1beV91js,00007,0,pretrain,FrgzvykPILc,00003,7.5070244724742,15.936
train,pretrain,oimk352QvAg,00012,0,pretrain,4ZgwzSm7sRs,00004,-1.421177498732792,5.696
train,pretrain,cmFSHbPSjd0,00006,0,pretrain,EiTrl0W1QrM,00044,0.3709341231774417,7.296
train,pretrain,jT5rRh9AZf4,00008,0,pretrain,f6CILJA110Y,00073,3.035934195878056,7.616
train,trainval,4SY6Te9Y1ME,50002,0,trainval,sgTjCpBOeCU,50013,7.715919216634827,2.688
train,trainval,t4kyRyKyOpo,50002,0,pretrain,aR6jLD1USW0,00021,-2.5278612144547896,2.88
train,pretrain,WfjzkO6SDEI,00011,0,pretrain,AIfwFLDXFyQ,00022,2.4012817109326274,4.864
train,pretrain,av3SCLBU7sI,00010,0,pretrain,lQDxasFKQCA,00007,3.989125011315462,7.296
train,pretrain,HJYDwS09coE,00001,0,trainval,vhhgI4tSMwc,50002,3.3703269439675427,2.496
train,pretrain,4N5N0pQUFbI,00004,0,pretrain,aiIxdFBA0Sw,00029,-8.427959044716252,4.992
train,pretrain,ywgdCrcx6oM,00014,0,pretrain,4ZB29iqSZd8,00001,4.262456196486665,4.736
train,pretrain,iclWthSVvBs,00025,0,trainval,H7Gn2a0GnAc,50002,-6.376820649590178,2.56
train,pretrain,NdKEy6vcCMw,00060,0,pretrain,PcQwHHbjZ0A,00031,-9.569939671135252,7.808
train,pretrain,LM3ISST2eg8,00006,0,pretrain,CwSXwgyjgcI,00005,-7.464023033024048,5.568
train,pretrain,o8NPllzkFhE,00008,0,pretrain,JDDGhGiaAZU,00003,-6.999538351054822,4.8
train,trainval,nzj7Wg4DAbs,50001,0,pretrain,STsOdmkH5fI,00015,5.7697071897101075,3.904
train,pretrain,rSSSsisz2SM,00008,0,pretrain,59SRn1SkWAA,00017,3.406095984741171,4.288
train,pretrain,Ftow7dSpaiY,00024,0,pretrain,4ZgwzSm7sRs,00056,-6.701399654122826,10.496
train,pretrain,0FkuRwU8HFc,00006,0,pretrain,2dRlssVF7fc,00010,5.681143561173311,4.16
train,pretrain,AzW2iKdSITM,00008,0,pretrain,hFgPtuzgw4o,00009,3.553577768204361,6.016
train,pretrain,jn0Ygp7pMbA,00026,0,trainval,fHfhorJnAEI,50001,2.6282309411331894,5.696
train,pretrain,oHDeULyOqmM,00011,0,pretrain,i0a61wFaF8A,00021,0.0818876402023978,4.16
train,pretrain,M1o3FS0awtk,00011,0,pretrain,k3zZVQPaKKQ,00009,1.2451350045473024,5.504
train,pretrain,8etnSTnX92g,00005,0,pretrain,V84bSWIlNA0,00016,-4.9828284249791714,8.064
train,pretrain,aqhzFd4NUPI,00026,0,pretrain,k8OgHJ4WXR0,00009,0.7012815342599872,4.16
train,pretrain,cQvDUTOOkiI,00042,0,pretrain,3OMgvtWNHp4,00030,4.940271113393205,4.16
train,pretrain,NiKtZgImdlY,00021,0,pretrain,nubSKdtzLcE,00019,7.332612601774425,9.664
train,pretrain,WkNpElapS9s,00020,0,pretrain,IXBalykzauE,00006,-7.9933446241223205,6.976
train,pretrain,UVZyVz8gBeQ,00011,0,pretrain,FcoJt2KLC9k,00002,-8.163143034812649,3.776
train,pretrain,mRgSUwk1hnE,00010,0,pretrain,yVwAodrjZMY,00030,5.622917728607549,13.824
train,pretrain,v3FDwQVb0Nw,00018,0,pretrain,uXlSmKZ7aSc,00011,7.539150778058289,3.648
train,trainval,CycOuSVQOnM,50005,0,pretrain,AyWtIwwEgS0,00035,-6.902582789164717,2.368
train,pretrain,q4TJEASZRys,00004,0,pretrain,xcR1SWhjZys,00004,2.7669113221571813,8.832
train,pretrain,HNMQSw7hXTA,00015,0,pretrain,Bc2wVyl8RLI,00041,1.2870627786942102,5.568
train,pretrain,7JQbyvNjM74,00004,0,pretrain,1mUDw0sRZV0,00017,-1.3878945386333328,5.376
train,pretrain,UG2zHhgfAW0,00027,0,pretrain,5UH7uTpTa44,00018,0.7070832607647084,16.64
train,pretrain,y7LXwGfvxwo,00034,0,pretrain,QuaIMgzIOn8,00018,5.266774941284355,9.216
train,trainval,NNHAgXy5dxQ,50001,0,pretrain,5nys6iebjHw,00028,-3.190142649594301,3.328
train,pretrain,Pl8OlkkwRpc,00012,0,trainval,VN357QrUdEc,50005,-3.0962399049320837,2.24
train,pretrain,90mj79GqWhc,00004,0,pretrain,Vi8k6BG9KVk,00013,0.6261423203476078,34.176
train,trainval,jnS66SszwEs,50003,0,trainval,T2jwSUhu7ok,50012,-3.404262556890572,2.56
train,pretrain,vygSSFKXms4,00001,0,pretrain,8lEUvISNgEE,00009,1.005464714956016,3.776
train,pretrain,moS9iMlmsP0,00013,0,pretrain,n9ZSpccScW0,00006,-1.0360804311987142,6.336
train,pretrain,S6BLFdBfgfU,00001,0,pretrain,1k89OTpDvIU,00003,2.5388296483491413,4.352
train,pretrain,WNTk29zXl4A,00029,0,pretrain,7hWUhEA6hxk,00012,9.86543995483872,9.088
train,pretrain,cdpIwjTtLlg,00020,0,trainval,tbicAmaXYtM,50019,-9.775447692075181,6.144
train,pretrain,UdsUVjeJuPE,00029,0,trainval,TdBAHexVYzc,50004,-5.349980961773397,5.76
train,pretrain,DcKdClnpz4k,00012,0,pretrain,jdMv5x8SBuM,00034,1.9158962836044928,6.848
train,pretrain,Nhwq12TKkQQ,00011,0,trainval,hbG89FYKzaY,50012,1.6201768837186687,5.44
train,pretrain,6fJRmouSDL4,00008,0,pretrain,b2MSSeKey4o,00003,-3.453362381477718,9.856
train,pretrain,ScvI1jKxlTM,00002,0,trainval,Qhomjw2PSV0,50015,-4.3581684520064705,4.16
train,pretrain,acNGOQO7URc,00011,0,pretrain,UqyOedEHIrw,00013,3.69528374249599,6.912
train,pretrain,jSGzkjHtFiA,00020,0,pretrain,N7wF2AdVy2Q,00005,-8.07138336111226,6.976
train,trainval,S9PEogIrHSk,50013,0,pretrain,BBSVLGf7zPI,00016,-6.112869705725819,3.776
train,trainval,ImmtTHYU5GQ,50015,0,trainval,pj2YxCAnqx0,50006,-5.350341115709845,3.008
train,pretrain,GYzLcpN8dso,00002,0,pretrain,CVaSIZVzUoc,00009,-3.2042495291683792,3.52
train,pretrain,UG2zHhgfAW0,00022,0,pretrain,M8CTOjQhJFo,00014,-4.345061889728116,3.712
train,pretrain,QdAG161FeT8,00010,0,pretrain,Wai4ub90stQ,00009,2.754829249601798,5.632
train,pretrain,05jJodDVJRQ,00016,0,pretrain,2L1R7OtJhWs,00002,-2.637880759070679,8.64
train,pretrain,xcR1SWhjZys,00016,0,pretrain,LGtNFHtM81A,00009,5.946750535465078,5.44
train,pretrain,xbWcLYOniWU,00035,0,pretrain,xjSQFZX2m9o,00005,1.8857682046737327,5.056
train,pretrain,6AvXhgXlGpE,00051,0,pretrain,GeDSgi0A7A8,00004,-4.630008783499793,4.608
train,trainval,aQ8T4sySLxw,50004,0,pretrain,pj2YxCAnqx0,00022,5.990136018081735,2.368
train,pretrain,ofjRnIpXBF0,00015,0,pretrain,SwaBFUgSoT8,00008,6.132866428323133,3.84
train,pretrain,y3EG6cO3ngc,00003,0,pretrain,U9BzgnX3z6Q,00018,-1.7598209086604406,7.488
train,trainval,EiTrl0W1QrM,50016,0,pretrain,Zq7QPnqLoUk,00011,9.64555975323303,4.672
train,pretrain,uH0aihGWB8U,00003,0,pretrain,Mjl1i13JKNM,00026,-8.874382242755768,7.936
train,trainval,pkZtRzc9rFQ,50001,0,pretrain,AJg9SXIcPiM,00006,0.019170106967450806,2.24
train,pretrain,TUtxSwC5mqA,00006,0,pretrain,UxDhMEkV0DM,00004,7.630827883080155,20.288
train,pretrain,lkVYV2P8dQE,00010,0,pretrain,2NWpMqD8Qyk,00005,-1.5564060835191142,6.08
train,pretrain,2OH1xSaKSmI,00014,0,pretrain,WvvuLDX7iIk,00005,0.36249838152252245,6.656
train,pretrain,9YR8jNtV4BE,00024,0,pretrain,5pXelS1clHs,00005,-6.05175776792811,7.488
train,pretrain,5nys6iebjHw,00012,0,trainval,Zwwanld4T1w,50009,8.641389602974225,3.264
train,pretrain,4YS3gGpnPe8,00020,0,pretrain,0af00UcTOSc,00055,-0.7429236943162607,11.2
train,pretrain,F17SKiAZOxg,00054,0,pretrain,CLSSiaFuLo4,00057,5.642299120355963,12.096
train,pretrain,wgeh4xhSA2Q,00007,0,pretrain,W3C23m71Yws,00004,-6.056391547485724,6.848
train,pretrain,3MYEtQ5Zdn8,00009,0,pretrain,LKAhTELkOV8,00004,6.613788988406331,36.544
train,pretrain,sSXv06gUX3Y,00018,0,pretrain,2VWSSFSUeQI,00030,-3.9974322710773347,4.224
train,pretrain,xY7kVVS2HVY,00017,0,pretrain,ElJxUVJ8blw,00021,8.12018356958609,3.776
train,pretrain,YzQDnTPuNZM,00007,0,pretrain,jzfV2xVsUKc,00028,4.4862227500717715,7.04
train,pretrain,YyBk55G7Keo,00027,0,pretrain,LSdPxGLesE4,00032,6.7525740779106656,8.448
train,pretrain,eOvG4ZXQxUU,00030,0,pretrain,IfqdMoKVIR0,00010,7.955785243490755,12.288
train,pretrain,VFaQtPw3Va4,00013,0,pretrain,ziGD7vQOwl8,00043,-6.368307024510118,8.576
train,pretrain,UVDgemuZdho,00034,0,pretrain,GgBpyNsSSjU,00002,-6.156502449354766,11.84
train,pretrain,im03Zni5BJw,00004,0,pretrain,vhfcedpoCLo,00005,0.39400883175730606,5.12
train,pretrain,bz3AtnMH7nU,00003,0,pretrain,OmMv9tShW8k,00028,3.309889880818396,7.104
train,pretrain,mMYhgTgE6MU,00003,0,trainval,796LfXwzIUk,50027,-8.115767710247075,5.696
train,pretrain,7Z9xCX4ifJo,00047,0,trainval,9VXOknUbzBM,50030,-8.31001939109498,6.016
train,pretrain,JS8fYhwrYzI,00028,0,pretrain,xf8zep5BADs,00012,7.699603349189836,5.056
train,pretrain,C8pNGaSIFoU,00008,0,pretrain,mWm2qtEeBjE,00025,-0.6546264776969899,9.216
train,pretrain,B905LapVP7I,00019,0,pretrain,MQtWJARMoLw,00020,-2.3651631128450408,4.608
train,pretrain,5ErKrSyUpEo,00020,0,pretrain,iXHil1TPxvA,00009,-4.5769320198559775,14.848
train,pretrain,nvSSeGObF4w,00008,0,pretrain,cVSg6uQfllk,00003,-1.4530827747213984,3.008
train,pretrain,odIXWv1m2a8,00001,0,pretrain,86xSuStz0MA,00007,2.231991304321552,9.152
train,trainval,7CmqNpCofc8,50007,0,pretrain,pGyOwnqpCKk,00012,-3.444572415624398,6.208
train,pretrain,AbqsMDfX9Ig,00009,0,pretrain,urOCGSMlB9g,00005,-0.9331883188238876,12.48
train,pretrain,G2Y6Am46eVU,00045,0,pretrain,haA6QtH0PIc,00025,5.068039670081417,15.168
train,pretrain,KVjkFqS7Y6A,00028,0,trainval,Fb2J5eDoFko,50017,-0.1631213884677134,4.032
train,trainval,w3q89BTJj3o,50025,0,pretrain,twWkGt33XSk,00004,-8.294043633015422,2.048
train,pretrain,6wk4dkYSrV0,00021,0,trainval,fbeFn1Xcqo4,50026,1.444722277288001,2.304
train,pretrain,d25l1aPz2kc,00008,0,trainval,CFtsHf1lVI4,50002,-2.754935999433094,5.568
train,pretrain,GZyjTPEufLk,00020,0,trainval,RGRlkq4Xl1s,50002,-3.8211710522219207,2.88
train,pretrain,iFTWM7HV2UI,00035,0,pretrain,4SSn83lCbTg,00013,3.04010558659982,19.392
train,pretrain,pWrgvI4nyyg,00024,0,pretrain,mjUsobGWhs8,00016,1.861757895760686,14.464
train,pretrain,SS3qnZrVy9o,00013,0,pretrain,3uFbJG6tBpI,00010,4.370520528649884,3.968
train,pretrain,HbQZ7jAvgoI,00005,0,pretrain,maCww8AXIvg,00013,-3.864634435342129,6.528
train,pretrain,BISCnsKyOuk,00037,0,pretrain,0GL5r3HVAZ0,00035,3.912759483605514,12.928
train,pretrain,o4Nno6POrwE,00039,0,pretrain,lXNE4MD2X2w,00033,4.2386058856799345,8.832
train,pretrain,OLHh9E5ilZ4,00011,0,pretrain,OPASrQyKeLY,00007,-5.8124870408565865,5.184
train,pretrain,btlF4ZSAoFc,00006,0,pretrain,W0StyxgMk1o,00035,-2.92869634238291,6.976
train,trainval,M3mnUMmUAHQ,50020,0,pretrain,4XESlSz0TLM,00012,7.55230276343196,2.88
train,trainval,qykDS2AXKIU,50001,0,pretrain,Gk9T7ngEijs,00006,-7.660316659223825,5.76
train,pretrain,niASMK9RoAI,00014,0,pretrain,SKWIlMZSMZo,00007,7.71092873747363,7.808
train,trainval,c8WMMSPUOj0,50002,0,pretrain,NyQ1wLFj0f8,00012,-8.22355785343931,5.376
train,pretrain,cKGFSkQh1h4,00005,0,trainval,2L1R7OtJhWs,50016,-3.37082331798711,3.968
train,pretrain,HQNfpElOiZY,00002,0,trainval,cSsxBTNF2U8,50007,7.785579398167613,6.208
train,pretrain,ddek3gQVt9Y,00019,0,pretrain,qBfwUkCGJHQ,00005,1.986668503115114,5.056
train,pretrain,JaQNy0Ef4YY,00014,0,pretrain,1BHOflzxPjI,00030,-5.0195686028692466,4.48
train,pretrain,AyWtIwwEgS0,00036,0,trainval,Bp2FvktSTRM,50008,2.2881015953656423,2.24
train,pretrain,5aH2Ppjpcho,00002,0,trainval,Rz8m1yDE0ms,50005,-4.895466914812352,4.608
train,pretrain,uYyvbgINZkQ,00044,0,trainval,s2F41IQSPGE,50001,-7.943740521225074,6.144
train,pretrain,dghBrSBC34Y,00026,0,pretrain,Va07q3HFEZQ,00010,-3.083753980434933,4.032
train,trainval,NRXCxJGQ4KY,50006,0,pretrain,DUd8XAS5HEk,00042,6.119275543112085,2.624
train,pretrain,lQflBowgVB4,00030,0,pretrain,vu7eInSBt4I,00009,-7.758888033900497,6.4
train,pretrain,vNyZmSg92HI,00015,0,pretrain,nn5k4snG3rA,00005,-3.85933557026096,5.76
train,pretrain,zuLOT6GsAxw,00016,0,pretrain,lzSkIDxbzGA,00015,-4.1038092796249614,5.312
train,pretrain,OAK1UIbSFio,00086,0,pretrain,YrSpoWSKK1Q,00003,-2.6942571836283324,13.952
train,pretrain,stAstsOxLPc,00021,0,pretrain,8rZzHkpyPkc,00048,-7.93058231795345,8.576
train,trainval,FdHJw0veVNY,50015,0,pretrain,8rZzHkpyPkc,00049,-8.530537329523863,2.24
train,pretrain,BnC6IABJXOI,00025,0,pretrain,BPMrcY9z0nM,00006,9.518072605043443,5.248
train,pretrain,5pW2b1vwwf4,00059,0,pretrain,GIRDD1n6Pqs,00004,4.632522932861001,4.416
train,pretrain,B4a0NvLTebw,00009,0,pretrain,QUL0eSQtV8c,00007,5.187796427798423,3.776
train,pretrain,HfotnZVEq80,00029,0,pretrain,LizFrxTK5Qo,00030,-1.218796600251256,7.616
train,pretrain,5sS3Yjh9Lw4,00035,0,pretrain,TdtoAQFStBk,00001,-4.86615086295555,15.872
train,trainval,mWA2uL8zXPI,50002,0,pretrain,LGtNFHtM81A,00030,1.7369667018844765,5.568
train,pretrain,8b2vNkEtfpc,00020,0,pretrain,jv8m8rycnQs,00006,-8.856652826270793,5.376
train,pretrain,WFImhWa5oUw,00009,0,pretrain,xMjSPS6H69g,00033,-1.19436652488886,14.336
train,pretrain,6iFCm5ZokBI,00019,0,pretrain,j3BKOnw9mD8,00020,-9.63522395158574,7.104
train,pretrain,Y0GHWogx0eg,00033,0,pretrain,pCHWOt3FOgY,00005,-2.8699418694532763,12.16
train,trainval,khRkIVPa1Vc,50003,0,pretrain,YAV96XSdMQo,00007,4.407662675295722,5.696
train,pretrain,SLk5nU8FrXo,00002,0,pretrain,GhpFTQfiqCs,00001,-5.898089980137888,6.08
train,pretrain,Df2JBnql8lc,00024,0,pretrain,GB4s5b9NL3I,00045,-0.8942081174705159,4.48
train,trainval,Possj5cXEnM,50008,0,pretrain,s3IPatkuByA,00002,-3.101211915052584,6.144
train,pretrain,rN7VcY1fS1Q,00001,0,pretrain,RVX8ZSAR4OY,00003,-8.780122215926486,6.976
train,pretrain,U8XD0CcNhPU,00008,0,pretrain,qQSPUXPVlos,00021,2.9401577862611834,10.688
train,trainval,16p9YRF0lSg,50001,0,pretrain,8olL43PKJKw,00013,9.918750771332927,3.008
train,pretrain,93hbqLBpSHI,00023,0,pretrain,MIRoB4LStDY,00002,7.731613768044291,3.52
train,trainval,O6jrLgvCUNs,50020,0,pretrain,oIGBBPspTKM,00008,-5.114458871477325,2.112
train,pretrain,qGSYmIPFO68,00036,0,pretrain,fSSNmDcLMKA,00003,-1.9005676889804501,8.064
train,pretrain,khRkIVPa1Vc,00034,0,pretrain,bxkslfQc0EA,00007,0.39124416175715737,7.808
train,trainval,6LpSNMaU0r8,50002,0,pretrain,XS85KAYKOT4,00013,8.015075237955386,3.648
train,pretrain,fhCYS8avhWM,00013,0,pretrain,jUIfiLplNqQ,00032,6.316307971085504,6.336
train,pretrain,bpi6us7wQfE,00011,0,pretrain,5c6AADI7Pb4,00010,-6.637552863343612,7.296
train,trainval,Possj5cXEnM,50011,0,pretrain,ZbYDSIe5jsI,00015,-7.613484989974819,6.208
train,pretrain,v3SZTqj2Skw,00009,0,pretrain,Xe2nlti47kA,00023,3.5718511977017346,6.4
train,pretrain,25onkAGt3Gs,00033,0,pretrain,7ShFmRzffOg,00013,-0.427527828653524,5.056
train,pretrain,fqJAeReFr8I,00016,0,trainval,59SRn1SkWAA,50029,2.0796740752380742,5.952
train,pretrain,UqyOedEHIrw,00010,0,pretrain,8tEuaj4h8dw,00016,2.5502022566297526,3.648
train,pretrain,sE3gxX5CiW0,00009,0,pretrain,H2rG4Dg6xyI,00027,4.994959661316329,11.84
train,pretrain,IAAK7GWQ32Y,00001,0,pretrain,1BHOflzxPjI,00046,6.561780565928686,5.312
train,pretrain,ONXYcNS7k1Y,00009,0,pretrain,tTvIEUGCigk,00039,-0.4288531658842665,5.824
train,pretrain,raCIUeGUr3s,00044,0,pretrain,V1gxziZwmkc,00027,7.865631744410514,3.136
train,pretrain,BUhksjVTbEk,00010,0,pretrain,n83zdD2Y8Zc,00008,1.7532167397578888,15.04
train,pretrain,ofsncCF9OSU,00034,0,pretrain,tVoE8eSu4bw,00012,6.921044362123926,8.768
train,pretrain,pSCefSAYqaA,00013,0,trainval,rPh3c8Sa37M,50012,6.017863138516439,2.496
train,trainval,rzwJXUieD0U,50004,0,trainval,bLGTrz1Zolk,50016,0.5488553218323489,2.24
train,pretrain,CSLy17buxlI,00012,0,trainval,yxC30tEjZk8,50002,9.945816762931212,5.632
train,pretrain,9h2dFSIsH0I,00035,0,pretrain,dSykikzbckE,00013,1.70665038866154,4.48
train,trainval,xWVWhSvNLtU,50009,0,pretrain,2j00U6lUCSc,00003,-0.34335110336381547,4.352
train,pretrain,3qyVvDGDGQs,00004,0,pretrain,P2y3Uspr8Bg,00022,-8.378821088678123,11.008
train,trainval,SKx2lfobPuU,50018,0,trainval,hFgPtuzgw4o,50006,3.5251542537802294,3.008
train,pretrain,QOSPNVunyFQ,00034,0,pretrain,hvJ4KlVlqV8,00045,-7.939023392493539,2.88
train,pretrain,RWiI7AkDXSo,00017,0,pretrain,gzcwS02ZB1o,00023,-8.521939238300615,11.52
train,pretrain,wQJC2MMB8nA,00027,0,pretrain,AkUcaludrcI,00020,-1.3600474884357183,8.384
train,pretrain,u2V0vOFexY4,00001,0,pretrain,CVdPhUPO5YU,00040,-5.558163116351922,8.064
train,pretrain,UWKvpFZJwcE,00035,0,pretrain,9h2dFSIsH0I,00009,7.009486267017401,7.296
train,pretrain,acikxzM6GaY,00007,0,pretrain,BURbLmQL1BE,00022,1.8744928579106617,3.328
train,trainval,SgjGcBTyScY,50002,0,pretrain,5pXelS1clHs,00020,-1.0744544171107684,5.248
train,pretrain,St7SxHszKws,00038,0,trainval,iueVZJVEmEs,50010,-7.5497375161890545,5.44
train,pretrain,KyamsZXXF2w,00033,0,pretrain,wYCSHKl4RPU,00005,-3.459101321004889,3.84
train,trainval,nPGVm6OesQk,50004,0,pretrain,r9DDE7NV1Nw,00007,-7.509135353677497,3.904
train,pretrain,fw01Sq0cxM8,00022,0,trainval,6liIKYeUzaY,50001,5.722156395619075,3.008
train,pretrain,yFVXsjVdvmY,00003,0,pretrain,e4PTvXtz4GM,00019,6.219242559849349,7.808
train,pretrain,2zvjW9arAZ0,00073,0,pretrain,huzhvbrcgeQ,00022,6.001984496344072,4.608
train,pretrain,LifvSfll2dw,00012,0,trainval,PJUIXSpLoVk,50006,9.488360664316517,4.736
train,pretrain,LKAhTELkOV8,00021,0,pretrain,D9S6G8J6VJg,00008,5.341833697605114,6.336
train,trainval,QG4Z185MBJE,50007,0,pretrain,sSXv06gUX3Y,00007,-6.139615568156311,6.08
train,pretrain,z19gIaUmIBU,00013,0,pretrain,pgmiPXAwiLg,00029,4.53974054753022,8.384
train,pretrain,aSLSiIskEFU,00051,0,pretrain,rSqYQXRVP0k,00007,6.337963497632899,14.656
train,pretrain,kZt3DNCcEtA,00021,0,pretrain,xDe346z233Y,00027,-8.898907225610627,10.496
train,pretrain,sYUjyH8Y0No,00046,0,pretrain,fYUaWgVF2XA,00018,-9.159719404737626,3.392
train,pretrain,ec9GyxEUGec,00005,0,pretrain,DqsvwHG9cSM,00005,-0.7636854800576351,8.512
train,pretrain,tsgvhP07BC8,00019,0,pretrain,DShPct3oIow,00018,7.302381885788801,9.6
train,trainval,gjq2BoAF0JA,50002,0,pretrain,oEIYHTlbeLA,00012,1.4841672828713115,3.136
train,trainval,zawpbVpu5nY,50001,0,pretrain,sYUjyH8Y0No,00024,-5.43509309420505,6.08
train,pretrain,ooIxHVXgLbc,00010,0,pretrain,uHs2Auz5s6w,00007,-1.4459874417564578,4.736
train,pretrain,5RAJvzV9jSo,00017,0,pretrain,K0PJbPlZoNI,00007,-1.3776168024547797,6.464
train,pretrain,sYUjyH8Y0No,00049,0,pretrain,EDLWWP8N6MU,00007,-0.13648195589589562,12.736
train,pretrain,qtOIh93Hvuw,00029,0,pretrain,AhUhpfKeLus,00001,8.038068043496484,3.776
train,pretrain,Ja5UAq09lps,00005,0,pretrain,GlpGBSBpxOE,00008,-6.985927263313238,8.128
train,pretrain,ivvKSx4Q6L4,00025,0,pretrain,0N6cjPWqpSk,00005,0.03781845583519505,6.592
train,pretrain,w2mJMS09Qjk,00014,0,pretrain,93hbqLBpSHI,00019,9.738846254762752,8.704
train,pretrain,QekbuidfQKo,00023,0,pretrain,Sid0oc0w3mQ,00004,-8.102193513057564,8.768
train,pretrain,xYemnKEKx0c,00015,0,pretrain,DW5YctpK7pM,00013,-4.614222426458728,4.992
train,pretrain,yg8SBuTuoKk,00022,0,pretrain,3Z6x5t5A9so,00025,-8.700461472136373,5.12
train,pretrain,zCvSZBy6SyU,00015,0,pretrain,AgMOJC5R4F8,00003,-1.903977625513292,7.104
train,pretrain,UwtYQFSJSQc,00022,0,pretrain,ZR4LdnFGzPk,00003,3.0555307393836646,5.44
train,pretrain,kSGFq12w5WU,00020,0,pretrain,MSE5Vryrd0I,00011,6.045197956971698,3.776
train,pretrain,aFBIPOSP7LM,00003,0,pretrain,x8jdxSlf2Dw,00021,-8.014750029903848,5.312
train,trainval,uM1Ygy0tSp0,50012,0,pretrain,EZwxKPv1CwA,00003,7.423904009099854,5.76
train,trainval,IJmr7MsS8fw,50010,0,pretrain,OKIyDMaxh4w,00018,5.3719850529062985,2.112
train,trainval,ZOlBqdkN2jY,50004,0,trainval,zORUUqJd81M,50021,-0.2910836272246442,2.304
train,pretrain,EiTrl0W1QrM,00016,0,trainval,cWYcXhMhJF4,50013,-7.976204252487062,5.76
train,trainval,7TXEZ4tP06c,50012,0,pretrain,vPhM8lxibSU,00010,-5.812149956426202,4.736
train,trainval,uHRG3Vr9qyI,50025,0,pretrain,BMcduh1HEHA,00013,-9.531307565670081,2.112
train,pretrain,7pVPmmwSeJQ,00015,0,pretrain,B12syeJflbQ,00026,-3.532978075188062,13.76
train,trainval,l5d8GW6GdR0,50019,0,pretrain,v7UKkzIaSsQ,00007,-9.207281496420451,2.304
train,pretrain,wtvhqeVoeqI,00031,0,pretrain,ZCRC5S0kfiw,00004,-3.6387091310144655,3.584
train,pretrain,6LmPq7DSds0,00023,0,pretrain,QOjVk3cQFB8,00011,8.065436756997613,9.024
train,pretrain,4AUSqB0RVNY,00020,0,pretrain,mxmT10Hk8IM,00014,9.603040039104947,5.696
train,pretrain,bRuU02haIK8,00039,0,pretrain,ukgnU2aXM2c,00007,5.064060268444981,2.176
train,trainval,eRQdAOrqvGg,50013,0,pretrain,LbIXYEW9CSQ,00009,8.864747827918645,2.496
train,pretrain,j12BBcKSgEQ,00015,0,pretrain,Qs9m8obl0AY,00015,-5.672363740024869,5.504
train,pretrain,kTqgiF4HmgQ,00018,0,pretrain,oS4R8TG9e5Y,00001,9.202173911967463,15.168
train,pretrain,28sa2zGgmwE,00018,0,pretrain,sPQViNNOAkw,00030,-0.5763790906367916,7.68
train,pretrain,lXNE4MD2X2w,00015,0,pretrain,CstD6O95LSo,00018,-7.855914252513894,12.928
train,pretrain,9VXOknUbzBM,00012,0,pretrain,gmjSazFbpkA,00014,5.173441183827487,5.824
train,trainval,8Ug1MnU6LKw,50023,0,pretrain,pg63A6WaCSc,00005,-3.047458465639032,6.208
train,pretrain,H7Gn2a0GnAc,00014,0,pretrain,gWD6g9CVSsc,00013,-1.755204465107445,4.288
train,pretrain,uo7w3g24DWo,00018,0,pretrain,HJqtUUDhaxA,00036,6.575979891254352,4.608
train,pretrain,1isiSaTSXb8,00010,0,pretrain,YkzwHuf6C2U,00028,-9.426960452116226,6.528
train,pretrain,P82edb1SCNs,00006,0,pretrain,lyRSK2CZIHQ,00008,-1.756374444637741,2.048
train,pretrain,IkJSZGQaeak,00031,0,pretrain,MUOSpWJ0riQ,00002,-2.4323643282126035,5.696
train,pretrain,4v4Pf5Dt8Hg,00039,0,pretrain,eNC1h5H5cJA,00031,8.115874706924927,5.952
train,pretrain,9uuhxGhD9bo,00014,0,pretrain,KPPxXeoIzRY,00012,-6.647134729605875,12.352
train,trainval,MgUTzbGakRw,50003,0,pretrain,bq39x2HWjNk,00030,7.950051860210962,4.16
train,pretrain,3icoSeGqQtY,00002,0,pretrain,1QX7aoxSTAQ,00017,-2.266145143599127,10.432
train,pretrain,iISw251TIgw,00005,0,pretrain,g2J6YOiLNr4,00050,0.4235934073892622,8.576
train,trainval,3f5lk3PZh74,50003,0,trainval,SjsGSNgmleA,50018,-8.3632793428086,3.264
train,pretrain,NlzanAw0RP4,00006,0,pretrain,wgPLGS1BvQo,00017,1.3151692849576264,4.288
train,trainval,YraU52j3y8s,50006,0,pretrain,gF9PSRLjGGw,00010,7.682241268734344,5.76
train,pretrain,WfjzkO6SDEI,00041,0,pretrain,5l4cA8zSreQ,00018,-6.36425158839957,6.4
train,pretrain,PGsQwAu3PzU,00027,0,pretrain,gyM6rx69iqg,00023,-4.37342988264745,4.096
train,pretrain,boSGZ3qSAys,00016,0,trainval,iTdZn78u6pI,50008,0.22745297480260618,3.008
train,pretrain,fDzj9vRw5yM,00012,0,pretrain,gBkIyJ7kfSI,00034,3.663968216164257,4.416
train,pretrain,mrZ6q4uUVL4,00005,0,pretrain,imhUmLtlZpw,00037,8.147408533213444,9.92
train,trainval,6bCHq1OvGR4,50001,0,trainval,aqhzFd4NUPI,50025,-8.427068575343688,6.144
train,trainval,gyPoqFcvt9w,50005,0,pretrain,X55qpYxwoO4,00008,1.5654977937511632,4.736
train,trainval,XiSPD5aZT7Q,50002,0,pretrain,VM6HZqQKhok,00016,-1.5380781413359266,2.688
train,pretrain,IDkSDPgrtjs,00012,0,pretrain,vrU6YJle6Q4,00004,6.2909176716536095,3.008
train,pretrain,XgRlrBlS7Yg,00009,0,pretrain,iCvmsMzlF7o,00037,-1.1111271750567564,5.888
train,pretrain,gUWWt30oZ3w,00008,0,pretrain,RxqyO5hafdk,00021,5.938534881569817,33.856
train,pretrain,Va07q3HFEZQ,00024,0,pretrain,WHjKnNbYiOs,00014,-2.907350601510295,13.696
train,pretrain,MHN1gqrXMUM,00029,0,pretrain,KNXOVpN8Wgg,00025,-0.19406663614412523,7.68
train,pretrain,hFgPtuzgw4o,00009,0,pretrain,4mJ1aHFPS1M,00028,-7.841323018658876,6.016
train,trainval,Mpge4XQqfac,50001,0,pretrain,jk6Y3f2c4SI,00021,8.201823985293235,6.016
train,pretrain,ioMpOr7Yx98,00010,0,pretrain,fv8KpQY0m6o,00013,6.029218753672026,8.96
train,pretrain,xyIQFI865Sw,00010,0,pretrain,MLvwTlbj1Y8,00045,-6.664647977190765,5.76
train,pretrain,Y350oOiunf4,00003,0,trainval,uKByBgqxOw4,50004,5.181534324538875,2.304
train,pretrain,G6dfUFgKmN4,00008,0,pretrain,7Xmr87nsl74,00001,2.536575972542469,13.568
train,pretrain,CWU13rx44j8,00017,0,trainval,RVX8ZSAR4OY,50006,0.6664501353575414,2.816
train,pretrain,eNC1h5H5cJA,00013,0,pretrain,Let7s6SPgEU,00001,5.787222373774911,10.24
train,pretrain,UVDgemuZdho,00013,0,pretrain,eZWzNfOpbCQ,00013,-2.2359311143135656,14.848
train,pretrain,iUbfRzxNy20,00004,0,pretrain,5aH2Ppjpcho,00007,-9.10794992425123,5.44
train,pretrain,YSQSLapD3c0,00002,0,pretrain,jxKUDXrtDFI,00002,-0.19704307477196714,14.528
train,pretrain,pGSQG0IyNTo,00012,0,trainval,AU66C6HePfg,50006,-6.511512156578318,5.248
train,pretrain,S47ZRF02Cyo,00006,0,trainval,uXlSmKZ7aSc,50018,4.4528351302153,5.248
train,pretrain,lyRSK2CZIHQ,00022,0,pretrain,teVE3VGrBhM,00021,2.7463283158445506,4.416
train,pretrain,ORBf73HiJns,00023,0,pretrain,J6oMG7u9HGE,00018,1.0337351904980903,5.632
train,pretrain,oeL72c6scAs,00024,0,pretrain,gXlIASSrI4E,00013,-9.878263125944756,5.44
train,trainval,pDsAqCEo5CY,50001,0,pretrain,jSSqQDPGW2k,00041,5.431822012445888,2.368
train,pretrain,6XS8TA4RBog,00021,0,pretrain,M1o3FS0awtk,00009,-1.0334452540242918,8.96
train,pretrain,j51HsRILGKI,00059,0,pretrain,piCQ3StcRUQ,00017,-7.435638705503513,6.656
train,pretrain,yVwAodrjZMY,00008,0,pretrain,gtDS5rzd6R8,00008,-2.5949417512204276,10.816
train,pretrain,3B24RaqA33k,00032,0,pretrain,sa1iS1MqUy4,00005,-8.97437499142537,6.144
train,trainval,7SfRgg9botI,50005,0,pretrain,lUHy84tSDrA,00012,5.9799566283099175,2.816
train,pretrain,qxmEpmCtM3o,00026,0,pretrain,vcfrsYWFR78,00002,3.4173987120333553,3.84
train,pretrain,dXqPaHQp4Xw,00011,0,trainval,p49rv25dx0g,50013,-3.729138196024433,3.84
train,pretrain,5iqZzi9mj4M,00018,0,pretrain,cS3f3rQRlug,00017,-3.0408314212250565,3.968
train,pretrain,mt4oSR9wzrs,00014,0,pretrain,BgbD67U0BAQ,00003,-2.196939452133961,5.44
train,trainval,TPA0qoemShQ,50001,0,trainval,7Mqse6SLOds,50003,4.082759770136661,6.208
train,trainval,HyZV8Ql1PI0,50010,0,pretrain,nC06omDS0kA,00015,5.270482995676245,3.648
train,pretrain,ScFWnnQF7A8,00022,0,pretrain,SF242mxtZN8,00034,0.7696435344593731,8.96
train,pretrain,1xgCI05l2GA,00015,0,pretrain,Kqm9AEvJgxU,00019,4.3222439859819755,4.928
train,pretrain,KVhWqwnZ1eM,00024,0,pretrain,Xe2nlti47kA,00008,9.938383834947292,4.608
train,pretrain,Jk0AknXMXmc,00007,0,trainval,oKtALHe3Y9Q,50022,-0.06303110541062651,4.864
train,pretrain,0tqq66zwa7g,00002,0,pretrain,B905LapVP7I,00022,9.280020612916328,4.608
train,pretrain,XLi6iYnnsGc,00006,0,pretrain,0wpCZxiAQzw,00014,0.11547105196975949,3.968
train,pretrain,dk60sYrU2RU,00009,0,pretrain,HS8y0WLm78U,00033,-6.619727077178101,8.576
train,pretrain,N37x4GgDVBM,00014,0,pretrain,DlGUSNXOdpQ,00008,0.016908036531537718,4.48
train,pretrain,WSsjBMSWSYE,00021,0,pretrain,DZT6YpCsapg,00055,-6.3371227110975,3.392
train,trainval,YodRXxzhb7s,50002,0,pretrain,12OAr0lt4bk,00032,9.346698741070682,5.952
train,pretrain,T9vLHFza8Uc,00017,0,pretrain,1gAQ82IHyZ8,00028,3.4244982501336096,11.968
train,pretrain,gyM6rx69iqg,00038,0,pretrain,nvSSeGObF4w,00017,-9.923199737540859,4.608
train,pretrain,aSJn0xD0TXs,00005,0,pretrain,16p9YRF0lSg,00025,-0.7818234547990421,6.72
train,pretrain,EszGIvRdgTE,00006,0,pretrain,Y6U728AZnV0,00017,2.706930886751655,9.216
train,pretrain,mLufqwmPl1A,00015,0,pretrain,FwLeiY5f7sI,00002,5.6542740222396155,10.048
train,trainval,bSiGZPtWXzE,50078,0,pretrain,h9deGh8StEc,00012,-8.557284489912394,4.48
train,pretrain,yBdyFKqwKy0,00010,0,trainval,SltDJynTduY,50010,-2.7662844100077795,2.368
train,pretrain,Eewvsw027jg,00017,0,pretrain,lrZ2DJzbYYo,00010,-7.060314598535111,4.672
train,pretrain,xmlekZSSOWE,00003,0,pretrain,B8ofWFx525s,00014,2.643111298622319,6.208
train,pretrain,xeFl0RE31x0,00026,0,pretrain,1BXYSGepx7Q,00009,2.4567093353047724,3.84
train,pretrain,Y4QZzZgYUKg,00012,0,pretrain,Ja5UAq09lps,00010,-0.9348997203297778,10.688
train,pretrain,Ysxz5Ug70G0,00017,0,pretrain,q9Ou0cj3fF8,00032,-7.802578062146872,6.144
train,trainval,SJ0G1iCLzCA,50002,0,pretrain,hha0NsYXS5c,00009,4.36051443875286,5.888
train,trainval,lqbLSUhhyPk,50002,0,pretrain,a7B39MLVeIc,00010,1.707559235978806,3.904
train,pretrain,aiIxdFBA0Sw,00027,0,pretrain,rSSSsisz2SM,00015,-9.527916881135901,3.712
train,pretrain,ec9GyxEUGec,00004,0,pretrain,kGZvNbfrNag,00001,6.512558795420638,4.736
train,pretrain,gBkIyJ7kfSI,00066,0,pretrain,b6uOb1fm5bg,00003,-1.5762457230380562,6.016
train,pretrain,MOFdlEbu15g,00047,0,pretrain,wEM9c7RoVms,00002,9.323649957866024,3.84
train,pretrain,qesLGw23SzQ,00017,0,trainval,apZ2pCGi8RA,50006,8.159220919000308,4.032
train,pretrain,r1qdSnDm67s,00001,0,pretrain,319sQ9sSlyQ,00012,-8.759351791799563,4.416
train,pretrain,HTf7Ziklcms,00027,0,pretrain,jvBaRf9LHDs,00020,8.086433750022735,8.256
train,pretrain,9jk2NZpSLWo,00009,0,pretrain,W0StyxgMk1o,00023,-1.1919620495019139,5.632
train,pretrain,S9PEogIrHSk,00010,0,pretrain,73cTNHEQhkQ,00013,6.178424384454605,5.12
train,pretrain,6Af5tJzSR2w,00017,0,pretrain,ihR9SX7dgRo,00013,6.1595500194166135,9.536
train,pretrain,06M8qY7Q74Y,00002,0,pretrain,xV7IvRT5Qyw,00016,-7.282325872945239,4.416
train,pretrain,pzN4WGPC4kc,00012,0,pretrain,0K5OO2ybueM,00023,2.6779663178348923,11.52
train,pretrain,WNDWYW4yWEM,00001,0,trainval,uEkgM9P2C5U,50001,5.420171989159632,5.312
train,pretrain,3ELnyoso6vI,00021,0,pretrain,Wj4E90stS2c,00010,-2.782105731044071,4.48
train,pretrain,dLHWVTa5xZs,00003,0,pretrain,SwT0YLKbwoU,00007,-7.888278491278555,5.184
train,pretrain,qvEU36woPB8,00021,0,trainval,c2tOp7OxyQ8,50058,-9.550194208873531,3.328
train,trainval,2L4BSVpvx1A,50006,0,pretrain,VM6HZqQKhok,00059,-0.4678158200589202,4.608
train,pretrain,FwLeiY5f7sI,00012,0,pretrain,ppRtQCAbzPk,00010,3.2826090469443905,21.12
train,pretrain,U7fFCaHZvVk,00021,0,pretrain,S6pLPVfKFoQ,00045,-9.150697632626354,3.456
train,pretrain,93fJ33L9OKw,00007,0,trainval,7DLzXAjscXk,50002,-9.931198413387142,2.496
train,trainval,PYjWLqEScfE,50003,0,pretrain,80USSKwX0iU,00015,-5.787861757168482,6.208
train,pretrain,uJZWcKOIZMo,00014,0,pretrain,J6tgYBMXR6s,00003,-7.750124859349937,5.44
train,pretrain,ScFWnnQF7A8,00008,0,pretrain,LSdPxGLesE4,00062,-5.750862190288282,4.416
train,pretrain,4sg9TlsMRVA,00026,0,pretrain,0kPu6eKpja8,00017,-9.253918196034833,5.184
train,pretrain,lECfUfqNVoo,00004,0,pretrain,Uq1idqpX9SA,00035,9.968027978847608,4.416
train,pretrain,XyCY6mjWOPc,00003,0,pretrain,0gMCZFHv9v8,00005,-1.4611010218993652,3.264
train,pretrain,EHTmxmuhZ10,00006,0,pretrain,XnhhoRSnisc,00009,-1.6132336724016678,5.056
train,pretrain,iGHzqmnGH4A,00003,0,pretrain,Z6T37m4r3yo,00012,-6.653869784515416,3.904
train,pretrain,xkq8drS5ofs,00004,0,pretrain,VUT6GQveD0E,00024,-3.794412061747254,4.864
train,trainval,YglyHzvBqpA,50003,0,trainval,FD5ZKiSmoMU,50011,-8.336025235504811,2.304
train,pretrain,7Iv2nZnZOrM,00002,0,pretrain,potB0voQzNg,00002,-0.8061056580985237,11.008
train,pretrain,uWfLwKHSEko,00055,0,pretrain,fv8KpQY0m6o,00014,-2.303502946779026,10.368
train,trainval,9qd36SQPxSY,50015,0,pretrain,aZWxtQ19JsE,00001,8.113018192531992,6.208
train,pretrain,5pIGDw18mIQ,00012,0,pretrain,ynSrWmoq7Is,00003,4.2984126704013,5.632
train,pretrain,tNKdc6Lxcvo,00021,0,pretrain,xeFl0RE31x0,00005,4.067595621190318,3.648
train,pretrain,501FEzbB1JI,00014,0,pretrain,qm0isl11BfY,00006,9.45347657773577,6.72
train,pretrain,AhKevstJyrc,00034,0,pretrain,ZPBTnWWWUY4,00005,-2.5521854066256626,8.256
train,pretrain,ZSRaJIMYSMs,00003,0,pretrain,y3EG6cO3ngc,00020,-1.5149178252297464,3.456
train,pretrain,VvQSG24Zwek,00005,0,pretrain,B5MkpzMAOZM,00031,-3.4733531433838642,4.16
train,pretrain,sHJZRPWXQ9s,00028,0,pretrain,w5T0wS1OdMo,00008,5.6190657394296295,4.992
train,pretrain,iNPsDky1z94,00014,0,pretrain,kiDfwUQySEs,00025,-0.021276195966040135,9.088
train,pretrain,Td2hfdXQ5x8,00026,0,pretrain,weyd0UMdP7g,00011,8.918285802469278,3.52
train,pretrain,DWoAShyDSsY,00020,0,pretrain,FD5ZKiSmoMU,00037,-5.565188184803307,4.352
train,pretrain,2zvjW9arAZ0,00054,0,pretrain,j3YjeARuilI,00015,-4.711677870054441,3.968
train,trainval,bVV2Zk88beY,50006,0,pretrain,y9ALB39wRKo,00041,-5.636772558817206,6.208
train,pretrain,B9bDZ5SzPtY,00022,0,pretrain,x4lASM3zbdU,00003,3.131305084070954,5.248
train,pretrain,u0VHC1SDOS8,00001,0,pretrain,OIpgrZ8ySSQ,00015,7.362895328467644,10.24
train,pretrain,jsZDlBU36n0,00009,0,pretrain,wmE8dQcZgB4,00029,-6.003476889766716,6.912
train,pretrain,AOEQ9GteWbg,00036,0,pretrain,Z9dt5qlgO24,00010,-7.540939214042666,8.448
train,pretrain,h8cF5QPPmWU,00021,0,pretrain,m1LeGwELv9o,00012,8.247093636946609,6.72
train,pretrain,v7UKkzIaSsQ,00007,0,pretrain,cK74vhqzeeQ,00013,6.892848234840521,6.016
train,pretrain,HFFBkbsSFY0,00038,0,pretrain,NZspSEdO2Xk,00047,7.855277328663185,9.92
train,pretrain,bS7A7S8AZSQ,00004,0,pretrain,z8UevNKDFKU,00005,-5.399861757061643,6.08
train,pretrain,zZo3S5j1Pf8,00011,0,pretrain,S1JErHOwZCE,00004,-8.105024268771125,10.56
train,pretrain,Lrdn4lazVBc,00016,0,pretrain,SY78HMlWo6k,00004,-8.022770980804681,3.52
train,pretrain,pqTkuaAykBw,00002,0,pretrain,tMSU6k5SWXg,00009,9.001362822714256,5.568
train,pretrain,KsSSMh1QhMc,00010,0,pretrain,xlggecnjOY0,00003,7.217640718787379,3.904
train,pretrain,bfAzi6D5FpM,00011,0,pretrain,Fc1yN6uxZfQ,00006,-3.389166672866894,20.608
train,pretrain,B4xOFsygwr4,00018,0,pretrain,IL2lb9fmIV8,00022,-3.697452835625379,6.208
train,pretrain,2VWSSFSUeQI,00016,0,trainval,C6mNITMY7e0,50006,5.853287009561111,6.144
train,pretrain,1Gtc0ounD5I,00001,0,trainval,ggPh4X7UKwY,50011,-9.994715592584933,3.072
train,pretrain,vHhn7z6BA0w,00018,0,pretrain,QJ28IC63hlI,00019,-2.071059298382904,8.192
train,pretrain,nOHbn8Q1fBM,00039,0,pretrain,HTf7Ziklcms,00021,0.7666342603877219,3.968
train,pretrain,oJfFMoAgbv8,00040,0,pretrain,jSdBXFkQ3S8,00002,2.5853256738097468,3.2
train,pretrain,XBaRdmEVy8s,00016,0,pretrain,ppZ2WIlRvR8,00015,5.856132544648091,6.4
train,pretrain,itnoDEL5QjQ,00002,0,trainval,DJGreSgaOTc,50012,-3.070531231076055,5.44
train,pretrain,THJUvXkqmBk,00007,0,pretrain,SypPoKpQi6w,00012,8.882003614005765,3.776
train,pretrain,7sqeoYOQ4qg,00041,0,pretrain,CSLy17buxlI,00010,4.073586718135564,11.008
train,pretrain,HFFBkbsSFY0,00017,0,trainval,pOWgXxoSTNM,50011,2.3075042217665143,5.888
train,trainval,KsSSMh1QhMc,50005,0,pretrain,SrqmuYvk3iQ,00017,-6.200097431671489,3.2
train,pretrain,xjSQFZX2m9o,00009,0,pretrain,nSOSNWblMNE,00012,0.3804371183251458,4.608
train,trainval,SmsYxDvdcYc,50009,0,pretrain,NiMgOklgeos,00022,-1.2036152727432654,2.048
train,pretrain,hiM48jSNZOU,00016,0,pretrain,19KkFCQz8WQ,00033,1.7780737348916382,3.904
train,pretrain,MtSE4rglxbY,00020,0,trainval,YeXcNpVkezI,50002,5.070304337878863,2.944
train,trainval,F5yvoSu2OV0,50003,0,pretrain,hFGLqkDnSVI,00011,9.325632043463493,3.84
train,pretrain,8qqLMFBGvWI,00013,0,trainval,nU5gOr1cSxU,50019,3.5870368641565804,6.208
train,trainval,GROCkg810R0,50009,0,pretrain,qykDS2AXKIU,00012,1.1593983644959849,4.608
train,pretrain,HCJRXoYOoaI,00001,0,trainval,tiWwrdMqvvM,50027,-4.851788795110803,3.52
train,pretrain,4jUdCy6Vghw,00003,0,pretrain,SwiaaqKdtjw,00014,-4.526744865818162,5.312
train,pretrain,I4PU2JlhO80,00005,0,trainval,S6BLFdBfgfU,50015,-6.001266751542049,2.624
train,pretrain,aEa11FZwTRY,00011,0,pretrain,eJCTAXbSBWs,00011,9.724099321177238,5.568
train,pretrain,Yagdvqn2YMU,00029,0,pretrain,WOxSQHtJWlo,00002,1.9944900748927896,8.704
train,pretrain,CprpSEjVtwA,00002,0,pretrain,wZzHnZzmS58,00005,-3.8562178046428013,5.824
train,pretrain,EiTrl0W1QrM,00009,0,pretrain,tHSTfiMtSDE,00013,-7.276257198872756,8.448
train,pretrain,NEW8RKyMDV0,00015,0,trainval,Df2JBnql8lc,50008,5.125889394559371,6.08
train,pretrain,5pXelS1clHs,00005,0,pretrain,TDCYJ3Sgx2w,00007,-7.828699423352148,3.392
train,pretrain,Y4xCpqVaS6I,00004,0,trainval,sNV4yIyXXX0,50020,0.24949438497935006,3.2
train,trainval,RxqyO5hafdk,50005,0,pretrain,SrqmuYvk3iQ,00012,-6.957551096821087,5.056
train,trainval,wn8S33NBB04,50004,0,pretrain,fXf3CCyhLGU,00001,-7.910592490985784,6.144
train,pretrain,wBObnvIZGwE,00026,0,pretrain,LPrS7Skx9Y0,00038,-4.562107040312872,6.528
train,pretrain,bq39x2HWjNk,00008,0,pretrain,6hFxDLkWNPY,00001,-7.516583473577341,4.416
train,trainval,oeL72c6scAs,50014,0,pretrain,bRuU02haIK8,00040,-7.410281537935823,6.016
train,pretrain,SfHRcaS6r3w,00004,0,pretrain,5AN5fPFtV0U,00004,1.8685025646627,5.44
train,trainval,J6oMG7u9HGE,50081,0,pretrain,l5ZJ6bK1EIc,00029,3.667100777812495,2.88
train,pretrain,nTFEUsudhfs,00002,0,trainval,VSUWNySSpLI,50002,-9.214686852635328,3.52
train,trainval,qKlzdSH2X9w,50009,0,pretrain,yqWJuDBSWm4,00024,-0.7292701201918668,3.264
train,pretrain,cWCSzDdF74s,00016,0,pretrain,3ELnyoso6vI,00021,-0.06831645289246246,3.648
train,pretrain,tX6YpAf6Sco,00016,0,pretrain,zbHe4RpgV80,00016,5.137696060033816,7.232
train,pretrain,MB7seqSbMvw,00001,0,pretrain,SXYwKxdxfF8,00024,6.6489180819946405,8.32
train,pretrain,JSuTsrxfYWQ,00023,0,pretrain,jfqwHT3u1S8,00032,5.495995261651947,3.072
train,trainval,GDnYDLERnRE,50041,0,pretrain,vkEeNkHilIg,00006,7.95489034170226,5.504
train,pretrain,dOt4NkcmIUg,00031,0,pretrain,UROCz70tlMY,00031,4.158144810504556,3.648
train,pretrain,ZVRbSuY3h9w,00021,0,trainval,WKXmw7uZc5U,50001,3.264677550524107,2.304
train,pretrain,1COwySxiwSg,00007,0,pretrain,0GL5r3HVAZ0,00005,8.522070303084007,9.856
train,trainval,7DLzXAjscXk,50069,0,pretrain,fCKNScHMBGE,00023,-0.435986147715397,2.048
train,pretrain,rCplocVemjo,00004,0,trainval,7DCofMA9eQA,50003,1.0973087641088775,5.888
train,pretrain,wAIP6fI0NAI,00028,0,pretrain,2dnSoGaEHxs,00001,-7.444402832618109,5.44
train,pretrain,VNGFep6rncY,00009,0,pretrain,bXnTAnsVfN8,00012,-8.536002929745596,4.096
train,pretrain,KZIGekgoaz4,00032,0,pretrain,mSvyBpWueu4,00018,-9.024898632546376,4.16
train,trainval,5qdZybHSLnI,50023,0,trainval,BltRufe5kkI,50002,-0.2161973515997655,2.112
train,trainval,LFJ9WAHowcg,50001,0,pretrain,WmJwn4WDeLE,00009,1.3216100118380467,2.24
train,pretrain,uKByBgqxOw4,00018,0,pretrain,iSicXZ2tMRM,00003,-6.336987314379032,6.08
train,pretrain,yDubrSRjlCE,00017,0,pretrain,pvBlSFVmoaw,00004,3.1956732793611344,4.544
train,trainval,tqf607N19Is,50009,0,pretrain,zjvsA0v7r0g,00011,-6.838223215575163,6.144
train,pretrain,MvMUMShuMaI,00020,0,trainval,ALTvG9MIR64,50007,5.235398640269599,5.76
train,pretrain,sLFqwXqe4Yk,00013,0,pretrain,4Rtfi4MSafA,00002,-2.7555319524881767,4.992
train,pretrain,oAl82gFMZis,00018,0,pretrain,40ieXxoJwZw,00039,8.39625811085665,6.72
train,pretrain,JNcLKbJs3xk,00026,0,trainval,r92jUj7gNRw,50008,7.210570857336595,2.944
train,pretrain,YXrEVQFtJm0,00018,0,pretrain,cSsxBTNF2U8,00020,-9.170218923339732,4.096
train,pretrain,ultonpeO0ZA,00006,0,pretrain,NiMgOklgeos,00003,1.883168911249161,8.128
train,pretrain,U5SyBjKKicA,00016,0,pretrain,3B24RaqA33k,00044,1.6908256526967254,5.696
train,pretrain,HoyNrlMNBvw,00013,0,trainval,855Now8h5Rs,50011,-4.845952326165477,6.016
train,pretrain,upNONoxskiw,00008,0,trainval,MoSmgcxGYYE,50018,-8.459570515205161,2.88
train,pretrain,IfG7WVSbN6Y,00028,0,pretrain,G2Y6Am46eVU,00036,2.3422463629152688,10.752
train,pretrain,O4Og5tFNiaU,00036,0,pretrain,50m48lpi4AU,00021,9.849065254108865,11.456
train,pretrain,v22SdEMzxO4,00011,0,pretrain,HmHh8dn6MiA,00011,-7.056146835683743,13.376
train,pretrain,fCKNScHMBGE,00014,0,pretrain,PY9DcIMGxMs,00046,-8.972680859761194,12.16
train,pretrain,d6PS4p3IXLQ,00018,0,trainval,gLgNjywpKsY,50001,7.025457367884478,3.264
train,pretrain,U8XD0CcNhPU,00017,0,pretrain,CPVjktgYKo4,00029,6.458984293355105,7.68
train,pretrain,5ErKrSyUpEo,00006,0,pretrain,tVIaoQrnAxY,00014,-6.463224844442095,6.016
train,trainval,mS8tQSTYLgk,50017,0,pretrain,o0I0Poe3qlg,00018,-9.650679124848605,4.544
train,pretrain,l5ZJ6bK1EIc,00028,0,pretrain,QJ28IC63hlI,00006,-6.369191965665298,12.608
train,pretrain,Ftnb2fpJ664,00038,0,pretrain,gZlzCc57qX4,00016,3.5140600875022248,7.616
train,pretrain,QekbuidfQKo,00020,0,pretrain,iFTWM7HV2UI,00009,8.02377808926028,10.368
train,pretrain,b2qM1ISJCEQ,00001,0,pretrain,QbSD6PTcmfs,00007,7.457518539425539,4.48
train,pretrain,yLjxoscCi0A,00006,0,pretrain,TPA0qoemShQ,00016,-4.0661792238557375,7.04
train,pretrain,wUKAVcj9NVA,00006,0,pretrain,0NV1KdWRHck,00004,6.734704284290427,4.672
train,pretrain,JzLiCBCbAMY,00027,0,pretrain,ofsncCF9OSU,00027,8.053373397145556,4.096
train,pretrain,AR6RiSHN7S0,00022,0,pretrain,8gSAkUOElsg,00050,-9.888613144057954,4.224
train,pretrain,SGMVTJ9ZKVc,00017,0,trainval,hJZ0pAoxksE,50005,6.509339054218344,6.016
train,pretrain,8jkri0AeZWQ,00019,0,trainval,J45cWdDEbm0,50005,-1.279246126803816,5.888
train,pretrain,LsESSyMnwmU,00016,0,trainval,U9BzgnX3z6Q,50003,-4.491849314524739,5.824
train,pretrain,eRQdAOrqvGg,00023,0,pretrain,oA0ws8rwdSc,00008,-3.871353441435499,6.208
train,pretrain,KZIGekgoaz4,00045,0,pretrain,sLiM2SizFl4,00014,1.3905671255350995,14.016
train,pretrain,fSSNmDcLMKA,00035,0,pretrain,u70RZtCJSrI,00020,4.052731501603839,3.968
train,pretrain,o08ykAqLOxk,00001,0,pretrain,jseHPnqXlPY,00006,1.4865309534516946,10.176
train,pretrain,aR5N2Jl8k14,00009,0,pretrain,5EORxJsoUJQ,00020,2.228301743146128,5.76
train,pretrain,LyOgVtNtEb4,00016,0,pretrain,L7CqpVQDL0E,00015,-6.263902254232299,5.568
train,pretrain,8qIbZL80jSw,00014,0,pretrain,mGInCowjJ48,00002,-6.72279715481122,3.2
train,pretrain,M4soSZ9aSu0,00010,0,pretrain,I9weytKalQQ,00010,-5.434562695489554,4.928
train,pretrain,7A66iZQXNh4,00004,0,trainval,UQniNhS6LOY,50004,8.657653541328088,3.712
train,pretrain,mkdSXHXhCcw,00004,0,trainval,GRcvxDVDLCw,50002,-4.601429901658596,3.328
train,pretrain,dQijrruP9c4,00045,0,pretrain,rThUrXYaneo,00001,-0.25213545278595717,9.536
train,pretrain,iFTWM7HV2UI,00006,0,pretrain,HdHW77blulg,00024,-7.708812946504429,10.816
train,pretrain,mGbMwP8MDjg,00003,0,trainval,bRuU02haIK8,50012,-3.27429981704745,5.568
train,pretrain,luoKOkTxOtU,00023,0,trainval,3qyVvDGDGQs,50008,-7.449516350476175,3.456
train,pretrain,2SlbsnaSNNM,00016,0,pretrain,G8w4UQL6aI0,00027,5.004737926777899,10.688
train,pretrain,nncPtxLCPrE,00010,0,pretrain,exjlR7izakg,00005,-8.819620275830056,9.216
train,pretrain,xDe346z233Y,00007,0,pretrain,5pW2b1vwwf4,00027,-7.853056550271247,4.224
train,trainval,SvZXgApsPCQ,50025,0,pretrain,yDYCf4ONh5M,00003,4.342222313586072,3.968
train,pretrain,hbG89FYKzaY,00022,0,pretrain,ndAHAjgquwk,00004,2.885582326997408,17.088
train,pretrain,paiRIkWVy0o,00013,0,pretrain,NPSelwWdPa0,00052,8.412368468680384,4.928
train,pretrain,7vsO7SHLJMI,00035,0,pretrain,Ftow7dSpaiY,00012,5.089650480512427,13.632
train,pretrain,jnS66SszwEs,00005,0,pretrain,gLDQr9i7LkM,00013,4.82309444631105,5.248
train,pretrain,nTFEUsudhfs,00019,0,pretrain,jfqwHT3u1S8,00005,-5.963553899808938,5.184
train,pretrain,iueVZJVEmEs,00031,0,pretrain,Mr8nvXvlSy8,00004,8.617441509539368,8.0
train,pretrain,y9ALB39wRKo,00030,0,pretrain,HQIi3nUXh0g,00006,-2.2792304565566983,9.216
train,pretrain,lDq9SQxvsNU,00053,0,pretrain,DkyMCCnNI3Q,00009,6.592565460583245,12.48
train,pretrain,DShPct3oIow,00009,0,pretrain,MS4x6G0zzeg,00025,6.521028734529327,5.12
train,pretrain,DGvPfD1Dd1U,00001,0,trainval,h0C2LPXaEW4,50009,-1.186131881973914,5.952
train,trainval,W8OiVZrAj4c,50016,0,trainval,f6CILJA110Y,50013,-6.145757430715859,3.2
train,pretrain,MBZyRlxVdSE,00031,0,trainval,XS3m37czBfk,50020,3.523525388623156,6.08
train,pretrain,LSdPxGLesE4,00005,0,pretrain,7jx0dTYUO5E,00010,1.0227217426668052,3.2
train,pretrain,Kqm9AEvJgxU,00005,0,pretrain,S2OzLREwHtI,00019,1.9977414388728043,2.432
train,trainval,ZIhFcjcc568,50008,0,trainval,qJ7A74Vx7YE,50003,-9.82458858068259,2.688
train,pretrain,KJ3lcCa0G4Y,00012,0,trainval,289ZxBZdKvY,50003,7.495908191419055,4.736
train,pretrain,JD4O7ama3o8,00054,0,pretrain,hHOX3dlhhZ0,00001,-9.018369234879168,7.36
train,pretrain,D5iFVKhLStU,00027,0,pretrain,PS6vDLq64gE,00038,1.5182952845381337,3.776
train,pretrain,bk65ivyQZy8,00010,0,pretrain,u9hauSrihYQ,00029,-0.3302144886716807,8.128
train,pretrain,mYQx5n5SRVQ,00003,0,pretrain,JrJJxnSgCdo,00008,-6.02692520586019,13.312
train,pretrain,G0ZjSInJ4BQ,00003,0,trainval,mJxA8eIWQUc,50008,-9.281450448665552,2.816
train,pretrain,eHlu6ViSwxo,00001,0,pretrain,c8re1U9rCo4,00021,-9.371874151049337,9.664
train,pretrain,xossR6eHv3I,00009,0,trainval,sa0RUmGTCYY,50007,4.752291612866934,2.24
train,pretrain,2dRlssVF7fc,00022,0,pretrain,MgUTzbGakRw,00015,4.34218899102714,10.752
train,pretrain,5XD2kNopsUs,00036,0,trainval,X55qpYxwoO4,50006,6.8350414145093055,2.496
train,pretrain,mLSFzBUAHuQ,00013,0,pretrain,H2vN2QXZGnc,00007,-5.438971260711494,4.992
train,pretrain,rThUrXYaneo,00009,0,pretrain,ivfJJh9y1UI,00005,8.020750189382586,5.44
train,pretrain,bjNSaXg4S6Y,00021,0,pretrain,qzwCujeSSSc,00003,9.905973986602469,8.384
train,pretrain,afev0ZjAhUA,00003,0,trainval,5OISkgjSjkA,50004,4.161493654297823,2.24
train,pretrain,ozmowWZ1YYU,00004,0,trainval,BSxI3YxAPW4,50011,-2.2345026558493704,4.224
train,pretrain,IDSSieLCmS4,00001,0,pretrain,IxjwJ0Y1bxE,00010,1.4986949701979668,22.656
train,pretrain,jMVAgCPYYHY,00015,0,pretrain,iOByGJskqks,00027,9.197487912518088,6.656
train,trainval,cn9Q4c3dXGU,50019,0,trainval,znO7UHpxgTI,50010,-7.619226635485214,5.888
train,pretrain,RKmxL8VYy0M,00025,0,pretrain,dnMeyvtJpsk,00012,-0.2999663326268376,3.648
train,trainval,vMwPTI54rqQ,50034,0,pretrain,fw01Sq0cxM8,00039,-4.817381279179291,2.688
train,pretrain,wyhF7q3Sbpk,00006,0,pretrain,57FMau29OSg,00007,-9.204746889229485,6.72
train,trainval,6gSwRHScq6M,50005,0,trainval,8aSUUhW7SHU,50023,-3.674635060178022,2.048
train,pretrain,mCZCokSu37w,00011,0,pretrain,XknIGenqHxQ,00011,6.259451332328485,5.248
train,pretrain,VHECIP6Tz0M,00015,0,pretrain,HR9956gDpUY,00012,-1.7679633532644434,7.872
train,trainval,ZLiUelSu7s8,50005,0,pretrain,b64qvG2Jgro,00011,4.853356361226302,4.288
train,trainval,NhYnouvrGS8,50008,0,pretrain,GbYc9BOU30o,00012,6.1691238894288425,5.632
train,pretrain,AgMOJC5R4F8,00020,0,trainval,vhhgI4tSMwc,50006,8.350632838962305,6.144
train,pretrain,tBoBC3nBoFs,00012,0,pretrain,AGivotqSrd0,00043,-8.337445864067462,10.176
train,trainval,nC06omDS0kA,50001,0,pretrain,syqScVtnKuU,00035,0.945752782852999,2.816
train,pretrain,lxYFURQ7Ehw,00021,0,trainval,CfqO1U6lfDs,50010,-8.765103626812913,3.456
train,trainval,hscdmpKGqrQ,50012,0,pretrain,h9SKyrHRhDo,00033,6.0364116074858565,3.136
train,pretrain,5K57kcs15DY,00013,0,pretrain,UGtFXtnWME4,00013,-1.1289303389053789,8.384
train,pretrain,fYUaWgVF2XA,00023,0,trainval,aI8KiPiVLyY,50013,5.91012554095548,6.08
train,pretrain,ZBWsmoy5Re4,00011,0,pretrain,CVaSIZVzUoc,00002,-1.8659509886386854,4.864
train,pretrain,oDdcx5luv5s,00013,0,pretrain,46wWjKTn4Ac,00019,-9.508134962540066,7.232
train,trainval,W8OiVZrAj4c,50013,0,pretrain,yvSQiSvuLLM,00009,-7.470990605642564,3.968
train,pretrain,JzLiCBCbAMY,00005,0,pretrain,KQEWc3LVfyc,00016,1.2844782693564696,4.736
train,pretrain,0SUTgoPUTLQ,00017,0,pretrain,3UFGqjWcVU8,00036,5.547960970244855,4.864
train,pretrain,avuhY7D71sQ,00029,0,trainval,t1sYh9itUvs,50001,-8.838218025709637,2.688
train,pretrain,tTb3d5cjSFI,00016,0,trainval,WaGq9XwSVys,50001,5.6587853127934,6.208
train,pretrain,bC0hlK7WGcM,00002,0,pretrain,d6wGSsAdP0U,00031,9.389396959388108,9.28
train,pretrain,7LcSdlVrg5M,00038,0,pretrain,GwRzjFQaSOg,00010,8.050070216601174,7.68
train,trainval,FTUpFYo0rMI,50025,0,pretrain,7SfQLQ7eyA8,00009,7.06507499626645,2.56
train,pretrain,sLiM2SizFl4,00046,0,pretrain,p9UC0chfXcg,00001,6.2426887618617535,3.904
train,pretrain,Hul8htHa9AY,00016,0,pretrain,qEZmFR1WS7g,00038,-2.5984309442318843,19.392
train,pretrain,SYpHNImNsx8,00026,0,pretrain,LTtTfCwkIW0,00011,-7.341016612767309,4.096
train,pretrain,01GWGmg5jn8,00022,0,pretrain,2JSZ66uMRwc,00016,-6.992733893317295,9.408
train,pretrain,Zq7QPnqLoUk,00025,0,pretrain,PL9wP3pAl7A,00036,0.3945521421942022,7.488
train,trainval,ZVRbSuY3h9w,50003,0,pretrain,PYSkd46RfVE,00038,5.936953615658426,3.2
train,pretrain,pQcFJSo3jpw,00005,0,pretrain,0SkdP36wiAU,00003,-8.052932303496,12.48
train,pretrain,FzApYQDIXlg,00019,0,pretrain,MLyguFQR5N4,00007,6.9643048454847545,9.856
train,pretrain,3M29BY86bP4,00017,0,pretrain,MOFdlEbu15g,00032,-1.2889293963764832,8.704
train,pretrain,85hbMtegrLc,00014,0,trainval,YglyHzvBqpA,50003,5.689062478713199,2.304
train,pretrain,xnovQVRHj5c,00031,0,pretrain,ema8O7xqjvk,00010,-8.188985847190253,3.264
train,pretrain,AyWtIwwEgS0,00010,0,trainval,qG6SnAIinj0,50005,-8.054823000003012,5.44
train,pretrain,yVwAodrjZMY,00033,0,pretrain,uYaF8pSTNSU,00015,-3.5789620680870353,4.544
train,pretrain,Fc1yN6uxZfQ,00048,0,trainval,cWcVPpxezE0,50027,9.285847723933973,3.328
train,pretrain,RBfdvib2irc,00009,0,pretrain,T4SvurUIYI8,00018,6.3516223991534275,6.08
train,pretrain,bEdvQjTGYP8,00017,0,pretrain,OAK1UIbSFio,00023,-1.134692265841192,4.864
train,trainval,b1sQZxrBMXk,50002,0,pretrain,MgnnQ2CN6yY,00028,2.4754262342271094,2.368
train,pretrain,lzSkIDxbzGA,00012,0,pretrain,Zq7QPnqLoUk,00041,-8.74211685925127,7.936
train,pretrain,kZP8KqrSbcw,00001,0,pretrain,VbeovM4RCh4,00022,-4.798458520646658,5.888
train,pretrain,4yyPSZSGLOI,00026,0,pretrain,esugL07XANg,00066,5.028246844929365,3.904
train,pretrain,XRWTyUVh0BQ,00004,0,pretrain,ErexJkoDhGI,00013,-4.476788107624998,4.288
train,pretrain,QnJIjEAE41w,00003,0,pretrain,IDSSieLCmS4,00050,4.059148164116417,22.464
train,trainval,A4KMN9W4pRs,50004,0,pretrain,b2LbuqoNGGI,00006,9.254414036076128,5.824
train,trainval,nOHbn8Q1fBM,50004,0,pretrain,BBSVLGf7zPI,00006,-2.283601409808595,6.016
train,pretrain,FuSkBWSKSms,00003,0,pretrain,DoRSyk7lA5Q,00004,-4.777591697536141,7.04
train,pretrain,GDts2SbyuXE,00003,0,pretrain,tpKWHSsBpnE,00005,6.875603746418204,5.568
train,pretrain,k4N2SxUZwiU,00003,0,pretrain,HAKea48B3oM,00011,6.096255212274006,3.328
train,pretrain,9EVEmZ2cSes,00001,0,pretrain,QHIocNOHd7A,00029,0.40110671959691935,8.32
train,pretrain,tpODOkfrwyQ,00009,0,pretrain,WbuIl6phdco,00016,-5.720680259859286,4.672
train,pretrain,up4hFjSjcTY,00008,0,trainval,ElJxUVJ8blw,50015,4.687809333525637,4.48
train,pretrain,gto6w0a13B0,00027,0,pretrain,WmJwn4WDeLE,00012,6.316499996081063,5.824
train,pretrain,k5hspA18IU0,00031,0,trainval,qS7zAkwAOYg,50005,5.660096659512934,4.8
train,pretrain,klUoJxGv9wg,00018,0,pretrain,F73O3Sim0Wo,00006,6.189689777908516,7.488
train,pretrain,y2X7c9TUQJ8,00024,0,pretrain,6ul2TSvUDog,00012,-8.017766716759095,12.48
train,pretrain,DsSrzoyyfF0,00013,0,pretrain,BwIGcvBGSRk,00006,-0.8310537140439216,9.6
train,pretrain,5HL1BEC024g,00032,0,pretrain,g985z9Wq5gk,00035,-9.349601578728883,6.784
train,pretrain,tHYtv5FLC6I,00005,0,trainval,pNttjJUtkA4,50001,0.42502674264718543,4.48
train,pretrain,9SuptXUPZxQ,00003,0,pretrain,Sx1qkuvUxuI,00028,-4.88912610590379,6.336
train,trainval,yhMi0tkYyT8,50002,0,pretrain,DUd8XAS5HEk,00044,-4.94450638522848,4.16
train,pretrain,IwidCkCmWg4,00002,0,pretrain,urntcMUJR9M,00002,-2.5697709552947963,6.784
train,trainval,oIGBBPspTKM,50002,0,pretrain,b28brIs1OmM,00030,1.0272704210360377,5.888
train,pretrain,gto6w0a13B0,00014,0,pretrain,IshrD4mjnNU,00014,-6.499177374016241,7.296
train,pretrain,XUW5pfux2IA,00012,0,pretrain,rSSSsisz2SM,00020,4.96601496525801,4.672
train,pretrain,8wSOZFBcwZc,00019,0,pretrain,qGSYmIPFO68,00024,-3.2711319368901055,3.776
train,pretrain,l1SdDWg7XBk,00001,0,pretrain,tjkrKA1cVdU,00022,8.72614500328688,12.288
train,pretrain,kWnsmzSSgdI,00016,0,pretrain,0snNB1yS3IE,00012,-0.9763460053518749,3.712
train,pretrain,6weGCM3sWKc,00011,0,pretrain,3f5lk3PZh74,00007,5.446129016756682,2.624
train,pretrain,BEcyzAcFFwU,00014,0,pretrain,7CmqNpCofc8,00027,5.890375626148138,3.648
train,pretrain,7ZWTG0SeCEg,00006,0,pretrain,5p0ptQizXjg,00011,-3.9582693968217235,7.168
train,pretrain,wAIP6fI0NAI,00050,0,pretrain,06M8qY7Q74Y,00010,1.155805873414014,5.568
train,pretrain,Jc2F3SnawnI,00006,0,pretrain,cC0KxNeLp1E,00026,5.72878274179682,10.56
train,pretrain,1TYPldG99dk,00034,0,pretrain,kTz52RWSbD0,00016,9.33864651985158,7.808
train,pretrain,CLSSiaFuLo4,00037,0,pretrain,c00zfzk4gdg,00034,4.0751000445008,6.08
train,pretrain,q1pKLVX3VSA,00011,0,pretrain,M1o3FS0awtk,00014,8.907308335255845,6.208
train,pretrain,fCKNScHMBGE,00046,0,pretrain,tbvUCrS5S5I,00010,1.2339749355020668,6.016
train,pretrain,stAstsOxLPc,00008,0,pretrain,Tu01sNfs5SQ,00032,-6.903032043217929,6.08
train,pretrain,eJb3Z2RmRMo,00009,0,trainval,2BogtvaCWvI,50002,6.080529350559555,2.24
train,pretrain,uP3pg3alCRw,00008,0,pretrain,rCplocVemjo,00009,3.728977951362168,4.672
train,pretrain,FzApYQDIXlg,00007,0,pretrain,STsOdmkH5fI,00046,-8.878042250503729,22.4
train,pretrain,av3SCLBU7sI,00008,0,pretrain,8iQnrM3DkVI,00021,-4.790277233162604,5.376
train,pretrain,7s0CpRfyYp8,00022,0,trainval,F6NU0DMjv0Y,50007,3.0063501518372213,4.16
train,pretrain,potB0voQzNg,00008,0,pretrain,11Mq9ZuxZMc,00027,1.5654794525865583,18.112
train,pretrain,UMSWdzT6rV8,00011,0,pretrain,MwzqSswl4cI,00012,5.210791351888769,4.608
train,pretrain,U4Lx5rcii38,00029,0,pretrain,Mjl1i13JKNM,00008,-7.598999180778501,7.168
train,pretrain,h9deGh8StEc,00015,0,pretrain,BnC6IABJXOI,00013,4.556953818038274,7.104
train,pretrain,S1JErHOwZCE,00004,0,pretrain,sFNmulAb4wM,00027,-2.74804181333701,8.128
train,pretrain,cplaWsiu7Yg,00040,0,trainval,yP2niXStKVQ,50006,-1.2584332617326677,5.888
train,pretrain,6E3zVSCSGYk,00031,0,pretrain,E0M1beV91js,00005,1.7787645341407732,17.92
train,pretrain,H1fvr9rGgSg,00049,0,pretrain,OEydHbngSz0,00007,7.402477490233753,8.128
train,pretrain,wgPLGS1BvQo,00065,0,pretrain,akOe5SUsQ2o,00003,-2.007645548476833,7.296
train,pretrain,0FkuRwU8HFc,00014,0,pretrain,9SqHrhrTktc,00019,5.652710556884591,10.816
train,pretrain,uU6o2SUFSEY,00005,0,trainval,3q3WOrs8kAM,50005,-3.6285215375941693,3.328
train,pretrain,5pW2b1vwwf4,00055,0,pretrain,KZIGekgoaz4,00001,-6.314045890576237,4.288
train,pretrain,fw01Sq0cxM8,00022,0,pretrain,Zx8uYIfUvh4,00010,-5.52723374378937,11.2
train,pretrain,lbnVu3AtS0o,00001,0,trainval,CE3tL9MMk3U,50001,8.988051552867947,6.144
train,pretrain,LNohxpJntZo,00009,0,pretrain,kYXiegTXsEs,00033,-2.7752526073880635,16.064
train,pretrain,TuD3IerTOms,00020,0,pretrain,rptMkkcM9Sk,00005,-5.93576434782644,7.296
train,pretrain,IWjzT2l5C34,00052,0,pretrain,vrU6YJle6Q4,00042,-9.094946198339272,12.544
train,pretrain,CV3XRRQB9PM,00004,0,pretrain,Xv2gHiX9Bqw,00025,6.051923552285405,7.36
train,pretrain,3UFGqjWcVU8,00003,0,trainval,iRSjlgWE9GQ,50002,-8.020021031294933,4.48
train,pretrain,JvIbrDR1GSc,00017,0,pretrain,v50PTSaOOGI,00015,4.279016861200715,11.776
train,pretrain,sYUjyH8Y0No,00012,0,pretrain,HfotnZVEq80,00028,3.744254333235153,5.44
train,pretrain,YodRXxzhb7s,00014,0,pretrain,C6mNITMY7e0,00025,5.732051647311042,3.648
train,pretrain,fw30yjccnD4,00016,0,pretrain,aR5N2Jl8k14,00010,8.512673744685802,5.952
train,pretrain,YbtrDM1aJF0,00002,0,pretrain,cplaWsiu7Yg,00022,-1.818301575835882,8.896
train,trainval,V1K3GvSKyJQ,50004,0,trainval,stBSQ6CagVo,50001,5.978657021019675,4.48
train,pretrain,KOtFDsC8JC0,00010,0,pretrain,QLBtr2rOFkI,00008,-4.244030717032549,3.968
train,pretrain,lnigGtrwAfs,00016,0,pretrain,ELET24AHnEg,00033,2.0820254196685912,6.912
train,pretrain,eRQdAOrqvGg,00024,0,pretrain,vtjbyBUYYzY,00017,-0.21194488095525266,4.736
train,pretrain,wUKAVcj9NVA,00019,0,pretrain,b98IwSAeGQg,00002,0.4137626667217713,3.584
train,pretrain,WCj82W7XkjI,00040,0,trainval,eZWzNfOpbCQ,50005,8.720099235925403,5.568
train,pretrain,szU2S1infqc,00013,0,pretrain,3NdSVi38RM8,00014,-8.14871512712025,5.44
train,pretrain,BnC6IABJXOI,00059,0,pretrain,k4N2SxUZwiU,00027,-7.020246666050198,5.12
train,pretrain,k4N2SxUZwiU,00027,0,pretrain,PB7xs7UpIfY,00001,-2.732767843403021,5.12
train,pretrain,akOe5SUsQ2o,00029,0,pretrain,2wu28tI9VkM,00019,-0.0904465266339507,4.224
train,pretrain,n9ZSpccScW0,00019,0,pretrain,ShFk6FDrZBc,00009,7.412156680147657,5.888
train,pretrain,vIS902jj8pA,00003,0,pretrain,CdxVbUjaSpY,00010,-8.34838888400398,4.224
train,pretrain,CGksAjzI0go,00035,0,pretrain,IRVdiHu1VCc,00089,-5.018739965972676,6.976
train,pretrain,Pl8OlkkwRpc,00048,0,pretrain,Sf8j5LFv3nI,00026,-8.39298993939268,10.56
train,pretrain,f6CILJA110Y,00073,0,pretrain,FdHJw0veVNY,00014,4.927405209850619,7.936
train,pretrain,vVY8L56oxSM,00001,0,pretrain,AAkEYcmCCCk,00014,2.7091724045944297,8.512
train,pretrain,JoGCaI1HzYo,00005,0,pretrain,gWD6g9CVSsc,00015,-4.007672306905217,2.688
train,pretrain,AGivotqSrd0,00028,0,pretrain,oX1C3Jn05OE,00019,-5.693369110896462,3.776
train,pretrain,nshZ0SMsn9s,00001,0,pretrain,rgPrf3YyByI,00004,1.8786619674186653,4.224
train,pretrain,cQgSjnOfHPQ,00016,0,pretrain,Zx8uYIfUvh4,00008,2.7612562208015845,15.68
train,pretrain,4rttG3xyHcw,00005,0,pretrain,h8cF5QPPmWU,00004,9.884017366151877,3.392
train,pretrain,2MifgJqOm3Q,00012,0,pretrain,HQzXqjT0w3k,00030,-3.5639765520736333,7.488
train,trainval,4uAAegPkCKo,50002,0,trainval,J0WQz9qlgZI,50003,3.02669877734772,2.752
train,pretrain,3dy4SGkSD8M,00028,0,pretrain,SJWoKsfsSaA,00044,-4.017506108395419,8.32
train,pretrain,F4RMDoGCCK0,00011,0,pretrain,G9wIXAGzn1w,00018,9.928741877478025,4.288
train,pretrain,S2OzLREwHtI,00017,0,pretrain,Cr1usGUSuL4,00008,-1.1318039618109417,4.032
train,trainval,tbicAmaXYtM,50005,0,pretrain,qQJHZZwI8zE,00004,7.768703895339353,6.208
train,pretrain,PB2OegI6wvI,00021,0,trainval,VB9S4kELT2k,50002,6.5656147195408785,5.44
train,trainval,pX8zZdLw7cs,50017,0,pretrain,i1MRJrm9Gts,00014,-6.376266803967072,3.328
train,trainval,56WGgJNBRxQ,50001,0,pretrain,JBLc4Ekl3BA,00001,3.8315649335550113,6.144
train,trainval,YAV96XSdMQo,50004,0,pretrain,iP9QFSlBOyA,00029,7.248833375344741,2.88
train,pretrain,MLyguFQR5N4,00009,0,pretrain,dsfROmgVN5U,00027,7.298121761132776,3.52
train,pretrain,YdSSA7POsN0,00014,0,pretrain,CrsdoIOGCRw,00035,6.445842790690929,9.408
train,pretrain,fa6ERdxyYdo,00002,0,pretrain,Y0GHWogx0eg,00042,4.956445572914559,7.168
train,pretrain,FJJe8PXEUhk,00004,0,pretrain,FLbEKpLS5Z0,00011,2.3818326474534537,4.032
train,trainval,fa7SkR2fz3M,50003,0,pretrain,SWjSKTraw7c,00006,-4.142079411842891,2.368
train,trainval,Mr8nvXvlSy8,50026,0,pretrain,TexXAuRSe0g,00006,-4.44238240155787,5.76
train,pretrain,VGUnvr6ImOo,00002,0,pretrain,AE0gO5wSaok,00041,2.636245107922237,7.808
train,pretrain,4mFzIumKKsc,00003,0,pretrain,trxGZMm4nBQ,00037,-4.917175284635372,14.72
train,pretrain,9h2dFSIsH0I,00017,0,pretrain,qKmuMQT5E6Y,00014,-3.9487993017354306,4.736
train,pretrain,U5kIdtMJGc8,00027,0,pretrain,1X8b7mXImVM,00018,9.151056668754002,9.088
train,pretrain,mKkF6mAlX4k,00023,0,pretrain,fSSNmDcLMKA,00042,2.389217023693737,3.968
train,trainval,b2MSSeKey4o,50007,0,pretrain,nLtUl2CP8ak,00052,-7.677452943697407,4.672
train,trainval,aEjUlH7bNDo,50022,0,pretrain,4u636RVZTIY,00002,2.7784570913420303,3.136
train,pretrain,syjEN3peCJw,00036,0,pretrain,gC1CVOn8JQk,00006,-8.228488104005256,10.048
train,pretrain,bzlYyhh3X0w,00017,0,pretrain,V2DgJBx3cyA,00005,9.203689543270507,6.976
train,pretrain,RjgBko1p5wY,00006,0,pretrain,sY0PfSpfqCI,00021,-9.422694788027922,4.416
train,pretrain,wX78iKhInsc,00043,0,pretrain,7ZWTG0SeCEg,00005,6.689075145185232,14.08
train,pretrain,c2tOp7OxyQ8,00049,0,pretrain,ImQrUjlyHUg,00021,-2.6721735843674406,4.928
train,pretrain,gyM6rx69iqg,00036,0,pretrain,ZJodZcGfTVE,00032,-5.596428640535072,9.408
train,pretrain,YeJhVtJKJU8,00011,0,pretrain,uW9tg1vJwZQ,00008,9.192624001224008,4.608
train,pretrain,dciTrZxqbHE,00004,0,pretrain,JolJi3uLMOM,00012,5.188886617538044,7.936
train,pretrain,mRgSUwk1hnE,00016,0,pretrain,vzi4AopBEBg,00009,2.890031655658527,7.808
train,trainval,pMUv6UWkuWw,50006,0,trainval,saXfavo1OQo,50006,0.08328971228558046,2.816
train,pretrain,QpmsftF2We4,00021,0,pretrain,ZJPdJuhI03U,00023,1.370301366364636,21.44
train,trainval,4SkoG9FWP4w,50005,0,pretrain,V2PP3p4S4R8,00019,6.5172033457687775,3.392
train,pretrain,AQcUeQsljSs,00004,0,pretrain,jxMvDpIeu9U,00005,4.138743724828032,6.08
train,pretrain,9KACXVScWS4,00041,0,pretrain,uEkgM9P2C5U,00041,4.19072353250475,4.608
train,trainval,gWD6g9CVSsc,50002,0,pretrain,hyHUVPG33QI,00032,5.029881631142771,3.52
train,pretrain,KoXdjyJyxbE,00015,0,pretrain,ayVm441iZfo,00013,-8.137252891329753,8.128
train,trainval,ScvI1jKxlTM,50014,0,pretrain,3Z6x5t5A9so,00010,0.41351477656865754,3.648
train,pretrain,jzfV2xVsUKc,00028,0,pretrain,qKlzdSH2X9w,00046,-3.2013897675774334,7.04
train,pretrain,chXsLtHqfdM,00018,0,pretrain,F0ofeD8VKMA,00035,-9.523205437229436,7.168
train,pretrain,mPCDOij0bB0,00032,0,pretrain,mArrNRWQEso,00061,-2.9765914510697833,4.16
train,pretrain,Sf994ANuGIY,00022,0,pretrain,H4Fwn3RHa14,00001,-8.690032279150204,3.648
train,pretrain,YGoI3B86iX4,00005,0,pretrain,YlmZkY1uqXM,00042,3.1986040092649333,8.448
train,trainval,aI8KiPiVLyY,50013,0,pretrain,3UaOl8SYHes,00011,7.543279052473515,6.08
train,pretrain,sYySLEdYr8A,00026,0,pretrain,QfODW06Qi8E,00004,2.0747483075098963,13.952
train,pretrain,jMVAgCPYYHY,00007,0,pretrain,ASQpKiUSNHo,00013,1.662387594425656,5.696
train,pretrain,oXbhTHaMwTw,00009,0,pretrain,HoyNrlMNBvw,00017,-7.170643849659362,4.352
train,pretrain,q9Ou0cj3fF8,00011,0,trainval,O6jrLgvCUNs,50014,1.593546086616671,2.944
train,pretrain,ibMjhQvAmcI,00020,0,pretrain,FcecqQkyKoM,00002,7.146595327678661,4.16
train,pretrain,CsqSDpmgsQg,00002,0,trainval,n4EhJ898rSk,50005,-6.189568442196672,2.24
train,pretrain,7LPJrzZaoZg,00006,0,pretrain,pmKNXZmfIMU,00014,-5.171683303545402,7.104
train,pretrain,oW91ATcgXVc,00012,0,pretrain,u4iOeHXObok,00017,-2.962426337250381,8.448
train,pretrain,6c0VtOdibcI,00004,0,pretrain,DSSAz5nZBBM,00043,-5.165981692183612,3.968
train,pretrain,cfNaMMItHAI,00003,0,pretrain,1pq5jnM1CSA,00008,5.60367302310115,17.6
train,pretrain,TYFH0DSjyqc,00010,0,pretrain,jT5rRh9AZf4,00003,4.5117179362411335,3.264
train,pretrain,CFtsHf1lVI4,00014,0,pretrain,HSpqhMO3ZSY,00003,2.944105161435292,8.832
train,pretrain,dY9f9bFctUE,00010,0,pretrain,pqTkuaAykBw,00005,-1.0842177575618095,3.456
train,pretrain,g2m97gPI70I,00020,0,trainval,zCvSZBy6SyU,50013,2.3701453442941514,3.008
train,pretrain,f8U2GwInI9o,00014,0,pretrain,CK5w3wh4GSM,00010,9.744581934148947,10.176
train,pretrain,xcR1SWhjZys,00004,0,pretrain,b1XHSPB6AmY,00007,6.898755387390683,10.88
train,pretrain,rtsHUeKnkC8,00018,0,pretrain,m7C6aiZV9JE,00003,-0.9922352734232014,26.432
train,pretrain,Mr8nvXvlSy8,00045,0,pretrain,b4UFlldZuKk,00006,6.238670375324862,9.536
train,pretrain,cSiNSQubRs0,00027,0,pretrain,YhG1Bgbsj2w,00013,4.8140634630664625,8.32
train,pretrain,6bCHq1OvGR4,00017,0,pretrain,R21MsHQA8vM,00018,1.0979203026149236,5.696
train,pretrain,Br1AIvMrvAE,00025,0,pretrain,nU5gOr1cSxU,00019,1.6365323588954404,9.408
train,pretrain,rAAY1jOZFSE,00006,0,pretrain,yVwAodrjZMY,00047,-5.670198468971948,8.256
train,pretrain,G6dfUFgKmN4,00034,0,pretrain,3icoSeGqQtY,00016,-2.519063866826425,8.0
train,pretrain,oxpJGynSHJU,00021,0,trainval,gBkIyJ7kfSI,50007,5.543281613423531,2.752
train,pretrain,XzNLfw5lS4A,00013,0,pretrain,W0WOfMeWvsQ,00016,5.324191367772915,11.712
train,pretrain,E7oq6J8HvKw,00001,0,trainval,h9x2SWgwhY4,50002,6.560187393472749,6.016
train,pretrain,Z2hFbbG7t70,00009,0,pretrain,UQzvNIIMayo,00013,-9.8471245227459,5.696
train,pretrain,31iuh9pfFwg,00016,0,pretrain,JSLQxBbQPTY,00019,8.555926892924841,4.928
train,pretrain,JSLQxBbQPTY,00021,0,pretrain,xyIQFI865Sw,00004,-7.295822955859532,3.904
train,pretrain,weCFbknwZa8,00007,0,pretrain,0NV1KdWRHck,00063,6.874885272660055,10.56
train,pretrain,JNcLKbJs3xk,00027,0,pretrain,ZWfCi9WxK1E,00013,-1.1248458597154105,5.248
train,pretrain,SGnmDWtyhAs,00033,0,pretrain,ec9GyxEUGec,00003,-8.383733371566658,11.776
train,pretrain,LhszKevcH30,00010,0,pretrain,Rv9SwZWVkOs,00025,5.399489807303146,12.544
train,pretrain,Sk0ywFgMpFk,00025,0,pretrain,Qzmt2wQMhYo,00023,-2.245244176147412,2.496
train,pretrain,ea3HnhOLC9g,00021,0,trainval,XLi6iYnnsGc,50003,2.1746319525632742,5.888
train,pretrain,7ShFmRzffOg,00010,0,trainval,bbT8jSPS2LA,50017,-3.3871503198513286,3.072
train,pretrain,tSSNoFstCmQ,00029,0,pretrain,KfK3eKSkOQA,00013,1.2362020164393037,4.48
train,pretrain,qty0NjF3pdQ,00017,0,pretrain,rSqYQXRVP0k,00019,0.9873970961433471,16.32
train,pretrain,bHLgTUV0XWI,00013,0,trainval,G8w4UQL6aI0,50016,8.872902172613003,2.624
train,pretrain,0C5UQbWzwg8,00035,0,pretrain,dsmgvrcH94U,00005,1.831865016293964,3.84
train,pretrain,Qzmt2wQMhYo,00018,0,pretrain,y8qc8Aa3weE,00031,-5.823472713260928,3.776
train,pretrain,UCFg9bcW7Bk,00030,0,pretrain,i1OAMgrsUUw,00004,2.4124192060768976,3.648
train,pretrain,2L1R7OtJhWs,00024,0,pretrain,EDLWWP8N6MU,00010,9.50077279269302,10.752
train,pretrain,fa7SkR2fz3M,00020,0,pretrain,lkzoQuzlW4M,00007,-5.975182146914133,25.28
train,pretrain,bUaU9kdt9I8,00025,0,pretrain,qywLsqI5YeY,00008,-2.6132940730433525,6.208
train,pretrain,uQGYr9bnktw,00020,0,pretrain,JiwZQNYlGQI,00004,7.229426859053614,3.904
train,pretrain,gK2AkxzFeDM,00009,0,pretrain,nHU9aLPyxf0,00007,2.649774582620646,6.528
train,trainval,0snNB1yS3IE,50021,0,pretrain,2BogtvaCWvI,00018,0.06578925761027676,6.144
train,pretrain,zUS5GcqzHNM,00007,0,trainval,aeiSXpmMQys,50009,-8.166122826831186,2.56
train,pretrain,FVSc2FnPnDE,00037,0,pretrain,by3NnWvSCj8,00025,-7.767130903435106,9.28
train,pretrain,0HEXx3SP8kk,00033,0,pretrain,aMkNASF9lwE,00001,3.040810278115387,5.632
train,pretrain,3qyVvDGDGQs,00012,0,pretrain,jKl0tb3VmfQ,00009,0.7094647568353647,7.616
train,trainval,3Z6x5t5A9so,50012,0,pretrain,XyCY6mjWOPc,00015,-0.1704509607821887,4.992
train,pretrain,2OH1xSaKSmI,00025,0,trainval,sLo97Bu8Fo0,50002,-4.263414926151565,2.24
train,trainval,kOPMqiKhoSc,50003,0,pretrain,ofsncCF9OSU,00052,6.7169198888241795,3.584
train,pretrain,y9Trdafp83U,00045,0,pretrain,HHwXlcHcTHc,00015,-7.257674480708944,7.36
train,pretrain,Kqm9AEvJgxU,00004,0,pretrain,H8Pr9Jnulxk,00003,-1.8329140428997732,7.04
train,pretrain,K0PJbPlZoNI,00002,0,pretrain,QzPbY9ufnQY,00003,-8.120299695942311,3.328
train,pretrain,SryJK294Psw,00001,0,trainval,5SOHiN8Ne58,50008,8.019299005955652,2.176
train,trainval,4jBB5iibKy0,50007,0,pretrain,dkLcwHmnPV4,00016,9.527801184476623,6.208
train,pretrain,oimk352QvAg,00004,0,pretrain,MgnnQ2CN6yY,00027,9.076347796642736,33.856
train,pretrain,cOIJGGgaSIY,00039,0,pretrain,TFvkq4BAvnw,00033,3.97005807840414,4.928
train,pretrain,DwShSwvxPKs,00010,0,pretrain,pTZM9X3JfTk,00002,8.089455268520627,3.264
train,pretrain,SGzenQjZSpU,00007,0,pretrain,aOW7JZaqKGA,00017,1.975870101518355,5.76
train,pretrain,ScGSlv9dCeY,00012,0,pretrain,VUT6GQveD0E,00018,2.9559315306858167,5.376
train,pretrain,0FkuRwU8HFc,00050,0,pretrain,SYwvyjIDk80,00003,8.230933465483645,3.328
train,trainval,G8cjIBwP52o,50013,0,pretrain,qzR62JJCMBQ,00014,-9.130706546390376,2.24
train,pretrain,SVB39Jo8mAQ,00003,0,pretrain,AU66C6HePfg,00001,-6.835072773372552,4.16
train,pretrain,cotBM0laSSo,00041,0,pretrain,potB0voQzNg,00063,3.5820697157138213,11.84
train,pretrain,H1fvr9rGgSg,00019,0,pretrain,ANFQPEkczYc,00012,-0.5202714198691005,5.184
train,pretrain,Kw5vyJ30djM,00013,0,pretrain,WFImhWa5oUw,00002,-4.752146884574695,5.44
train,pretrain,lJGtXuCmZBM,00006,0,pretrain,1O2l1dcSohA,00013,6.572343458494679,4.864
train,pretrain,i0a61wFaF8A,00011,0,pretrain,gj3ZnKlHqxI,00012,-5.725290696824585,3.52
train,pretrain,LSdPxGLesE4,00033,0,pretrain,iU1bhHeCkoU,00022,4.195856867297875,3.776
train,pretrain,P2dlq8ZqjDM,00001,0,pretrain,gBkIyJ7kfSI,00051,3.7429124834136136,10.24
train,pretrain,twG4mr6Jov0,00031,0,pretrain,H2vN2QXZGnc,00018,-4.042846777555127,14.592
train,trainval,h0C2LPXaEW4,50005,0,pretrain,wNokfBHccVI,00012,-3.380693328526208,6.144
train,pretrain,ac1mOswXxLs,00029,0,pretrain,dsCNuBSKBUw,00019,-4.681302048562197,7.168
train,pretrain,3TXSNu5wTS8,00020,0,pretrain,x5LshSZn5RA,00044,-3.948018670720039,6.08
train,pretrain,wQJC2MMB8nA,00029,0,trainval,H6n3iNh4XLI,50041,-7.900592025275401,2.496
train,pretrain,PVfd6fg7QsM,00017,0,pretrain,3TXSNu5wTS8,00020,1.6872818650027241,5.376
train,pretrain,5AcjM5BKfRQ,00010,0,pretrain,v2jSfxnRPSE,00034,-5.986735330954169,12.416
train,trainval,bLGTrz1Zolk,50024,0,pretrain,xsU10fX0aC0,00012,4.47164217905318,5.76
train,pretrain,3HaBoNSlpHU,00019,0,pretrain,cI9vSC1eQ18,00009,-8.020219042640758,6.528
train,pretrain,qZRSPO8NtJc,00023,0,pretrain,0S3YDofSvGs,00020,6.0771790784035495,2.816
train,pretrain,Oe1cDSPfbh8,00014,0,pretrain,vJ66jv8ICjc,00011,-2.4985053945992135,5.12
train,pretrain,4T9N3ZcRBSI,00004,0,pretrain,C44r6knuJtU,00013,6.168429069299627,11.328
train,pretrain,guXxy8LH2QM,00007,0,pretrain,rAAY1jOZFSE,00008,3.3553453398248116,5.376
train,pretrain,lfykytI3A6k,00023,0,pretrain,AQcUeQsljSs,00015,2.743341006078987,5.568
train,pretrain,z9CabT4Kcz8,00003,0,pretrain,LsESSyMnwmU,00005,-0.8291061935112793,4.416
train,pretrain,LETgWDSSzSI,00007,0,pretrain,7pVPmmwSeJQ,00017,-7.785663812626076,6.464
train,pretrain,fCKNScHMBGE,00036,0,pretrain,ramueKMLXZY,00019,2.658370418704994,11.2
train,pretrain,YLG871tKZUM,00001,0,pretrain,abMQhaMdQu0,00026,-3.5945312772017957,13.44
train,pretrain,4bsiMd1zQ3s,00012,0,pretrain,ema8O7xqjvk,00028,-5.167500058108465,4.736
train,pretrain,sWnAtLt8kSs,00032,0,pretrain,UMSWdzT6rV8,00005,-2.729170013057449,7.296
train,pretrain,Kn5JRgz3W0o,00007,0,pretrain,maMU4XZYdtQ,00007,4.68551088237421,6.08
train,trainval,SDSjySgNSTk,50002,0,pretrain,ISSupr6ayqw,00036,7.882640497602598,6.144
train,trainval,lVQ3KUTHDe0,50002,0,pretrain,hFgPtuzgw4o,00020,0.4006777079127204,2.112
train,pretrain,SF242mxtZN8,00003,0,pretrain,zIwLWfaAgS8,00043,-9.585772405731301,3.584
train,pretrain,OH0dK208MNk,00016,0,pretrain,abMQhaMdQu0,00011,6.5742647151483915,4.032
train,pretrain,H4Fwn3RHa14,00006,0,trainval,ReCvreRPdeY,50005,8.917289682663835,5.76
train,trainval,J6tgYBMXR6s,50028,0,pretrain,vo2cse4CoGM,00001,0.3744647654298827,3.136
train,pretrain,YuEm03Ko0J8,00011,0,trainval,3YAF5JdsMm8,50004,3.9297040604622637,5.632
train,trainval,OKIyDMaxh4w,50006,0,trainval,80GqbW1MmQM,50007,-1.5759405160046356,4.672
train,pretrain,kU0ei9ApmsY,00009,0,pretrain,XKiQl5WZQ5I,00003,5.7303507024604645,3.712
train,pretrain,VlC93dig40E,00019,0,pretrain,fSSNmDcLMKA,00001,-1.9809331533353909,6.208
train,pretrain,9vpqilhW9uI,00035,0,pretrain,qH66lTtW4Hg,00004,0.7770723864590039,8.96
train,pretrain,lbIh6yngKHo,00006,0,pretrain,rkKDvGA2UU0,00004,5.0029966435404045,4.48
train,pretrain,RuVdkNdeVAc,00015,0,pretrain,YlmZkY1uqXM,00033,-2.792131460329479,3.008
train,trainval,tqf607N19Is,50013,0,pretrain,fqJAeReFr8I,00028,1.5782374127812009,6.208
train,pretrain,Gj2pWl1vjCY,00017,0,pretrain,m0ZPM5I1tTg,00004,-0.7333937524514056,15.296
train,pretrain,a0x0r7aPI2M,00020,0,pretrain,tqf607N19Is,00013,4.060151292638611,16.256
train,pretrain,NRcPXtqdKjE,00024,0,pretrain,0C5UQbWzwg8,00001,8.578072514331797,4.48
train,pretrain,X1DlJpPqDFo,00011,0,pretrain,FrxDrpi1XNU,00015,1.7723666360916486,8.64
train,pretrain,rmeGVhhbGrM,00039,0,pretrain,NhSTVcNFtVI,00022,2.1911180328369735,4.928
train,pretrain,wxCtIdI3xL0,00008,0,pretrain,yq3TQoMjXTw,00005,9.114870914837201,8.128
train,pretrain,td1PbsV6B80,00019,0,pretrain,6gSwRHScq6M,00066,6.491582103048273,4.608
train,pretrain,chXsLtHqfdM,00037,0,trainval,AgMOJC5R4F8,50012,2.9112078541974373,2.688
train,pretrain,2ZviHInGBJQ,00028,0,pretrain,2tBuvxXxlS4,00009,-0.025051556867490277,4.032
train,pretrain,3VwxWDVKs8k,00014,0,pretrain,cWpRxyqDgpM,00003,3.2624153060826,5.12
train,trainval,mwrLVvORugw,50010,0,pretrain,xnLoToJVQH4,00002,5.9476286607175695,3.392
train,pretrain,2L1R7OtJhWs,00017,0,pretrain,V48M5jS6zdE,00007,3.2191158707136793,4.288
train,pretrain,mp0SQQQgv7s,00003,0,pretrain,jnS66SszwEs,00007,-3.164861132648995,3.712
train,pretrain,A9UmdY0E8hU,00011,0,pretrain,y9wzaxSPtIo,00015,6.6006991335250795,8.192
train,pretrain,y6FT80ZoVJY,00004,0,pretrain,zIwLWfaAgS8,00035,1.89905321806169,4.48
train,pretrain,kDXJhxLzmBQ,00017,0,pretrain,Td2hfdXQ5x8,00005,4.199423500409768,5.632
train,pretrain,j4LSwZ05laQ,00010,0,pretrain,zG21nyJNBSA,00011,-5.853676130972277,5.632
train,pretrain,dvYYYlgVAao,00024,0,pretrain,UCFg9bcW7Bk,00004,-9.868017276508574,5.248
train,pretrain,dXqPaHQp4Xw,00018,0,pretrain,FEeTLopLkEo,00017,6.753263432661111,11.84
train,pretrain,MlLWTeApqIM,00014,0,pretrain,erg8sDIYjmw,00021,-5.250544360705309,3.072
train,pretrain,3E46oWB4V0s,00021,0,pretrain,wAdwurHhvSI,00035,8.801794071351004,7.872
train,pretrain,sE3gxX5CiW0,00002,0,trainval,GDnYDLERnRE,50055,-1.6477300809673743,5.696
train,pretrain,AE0gO5wSaok,00026,0,pretrain,AyWtIwwEgS0,00010,8.974936677869781,9.92
train,pretrain,I6M54p8VQFA,00018,0,pretrain,Vj3gCWmJSiE,00006,-4.321458872095603,4.608
train,pretrain,3f6xCzKx9CA,00006,0,trainval,haTsrKptgIU,50010,3.0468646362846936,2.304
train,pretrain,WCj82W7XkjI,00033,0,pretrain,VktGgoVvgXo,00008,1.7171000430211123,6.272
train,pretrain,jvBaRf9LHDs,00032,0,pretrain,e4PTvXtz4GM,00011,0.7358054191319052,7.744
train,pretrain,I8tg0Myjimg,00009,0,pretrain,qMppKiqMpAk,00015,9.989718889320358,9.92
train,pretrain,ORvwzoSf1Sc,00012,0,trainval,m048uAa8L3k,50007,-0.49901041900207943,3.008
train,pretrain,BsVzjd5HS9Y,00013,0,pretrain,Maw4XgS6RAw,00015,-8.4921564341624,6.656
train,pretrain,az5vU9CT4CY,00032,0,pretrain,eZgSGgToBEE,00010,-2.1765904190728502,5.056
train,pretrain,4l3Kj3hVSVY,00003,0,pretrain,a5xR4QB1ADw,00008,0.7936905239978671,5.824
train,trainval,N37x4GgDVBM,50012,0,trainval,5iqZzi9mj4M,50003,2.5278540832495544,3.648
train,trainval,mMDuakmEEV4,50027,0,pretrain,RVX8ZSAR4OY,00013,-6.332189779875441,3.52
train,pretrain,yy5SHMeBLDc,00005,0,pretrain,nrVC977gOPc,00003,5.109996686036972,12.16
train,pretrain,WF6SDe4USvE,00009,0,pretrain,cWcVPpxezE0,00002,-2.7430602009348686,3.52
train,pretrain,NPSelwWdPa0,00034,0,pretrain,qBHIT9yEPh4,00001,-4.5217527239965545,5.056
train,trainval,Ytw0I6ytRto,50017,0,pretrain,jVcaTtJmRNs,00017,-9.57113837805931,3.648
train,pretrain,zvwQXwJyaj0,00004,0,pretrain,fWqKalpYgLo,00010,-5.5491509403866335,6.336
train,pretrain,SY78HMlWo6k,00015,0,pretrain,dUdCToPPK5A,00009,8.291250465516626,4.48
train,trainval,wfNX1cHkSfE,50012,0,pretrain,Kxg0SEpOcWs,00005,0.4707100287575692,5.248
train,pretrain,CpkXmtJOH84,00008,0,pretrain,pCHWOt3FOgY,00018,9.06902025462291,4.416
train,pretrain,urOCGSMlB9g,00005,0,pretrain,iXHil1TPxvA,00006,6.800926838154584,10.816
train,pretrain,488ZBeaGo6s,00001,0,pretrain,p0SwjVS9iSc,00002,1.3184888890712863,6.336
train,pretrain,PY9DcIMGxMs,00025,0,pretrain,5pW2b1vwwf4,00023,3.4147742513537622,3.52
train,pretrain,upNONoxskiw,00006,0,pretrain,mAvSoNUgMno,00002,6.396951441796212,7.808
train,pretrain,wVGjQSnLg4Y,00008,0,pretrain,lbIh6yngKHo,00003,-6.659800512624237,3.968
train,pretrain,bdEF9WEiO5g,00007,0,pretrain,J9SXc9wxByM,00003,6.179398869779433,2.816
train,pretrain,SgjGcBTyScY,00001,0,pretrain,r8WPIZJOJuk,00001,-1.7411154070734387,59.456
train,pretrain,VC0taBVUF2o,00010,0,pretrain,h9SKyrHRhDo,00014,6.3705621866435465,6.976
train,pretrain,X55qpYxwoO4,00002,0,pretrain,e450FJaS3no,00013,8.707366051378958,11.2
train,pretrain,QOSPNVunyFQ,00012,0,pretrain,Va07q3HFEZQ,00023,8.379988316218746,5.376
train,pretrain,gDS1Eh6rqf8,00028,0,pretrain,MAQihRikgZM,00023,-1.774751059248418,7.104
train,trainval,XiSPD5aZT7Q,50005,0,trainval,xAgawjzimjc,50004,3.873499042698967,4.416
train,pretrain,weCFbknwZa8,00015,0,pretrain,j4LSwZ05laQ,00001,-8.592585964954871,4.288
train,pretrain,2zvjW9arAZ0,00003,0,pretrain,sYUjyH8Y0No,00026,6.8379601534927446,4.224
train,pretrain,FESv2CgyJag,00005,0,pretrain,GXySSkBVq1M,00010,9.821436985957032,10.816
train,trainval,u8bsCiq6hvM,50002,0,pretrain,7DCofMA9eQA,00030,-3.4441052603157125,6.208
train,pretrain,N8Votwxx8a0,00008,0,pretrain,1BXYSGepx7Q,00022,-1.1934680293335767,5.824
train,trainval,VNGFep6rncY,50016,0,pretrain,txJGm6zhiBA,00005,-4.3181532353294365,2.688
train,pretrain,jpeSLKnS4gM,00009,0,pretrain,GtXyGFMBWBs,00013,-6.002442654341131,10.816
train,pretrain,AAkEYcmCCCk,00044,0,pretrain,S9O9vyJBQ6g,00032,-0.4694320974232209,5.056
train,pretrain,AU66C6HePfg,00006,0,pretrain,59SRn1SkWAA,00059,-4.339219371798686,9.024
train,trainval,zaufonUBjoQ,50008,0,pretrain,KkyzYjPuxK8,00032,9.189531933554775,5.312
train,pretrain,SyjbDUP1o0g,00015,0,pretrain,2dRlssVF7fc,00031,0.15033133364003426,8.128
train,pretrain,rQSSSLRpsVs,00012,0,pretrain,ziGD7vQOwl8,00064,-4.153916570891072,6.208
train,pretrain,KTvSfeCRxe8,00060,0,pretrain,fenV3W7hQtw,00022,-0.8031225830689017,3.52
train,pretrain,W3SRjJtd6Eo,00008,0,pretrain,1bXAkbCyjpo,00020,-3.2007032933957085,9.024
train,pretrain,LsESSyMnwmU,00028,0,pretrain,eQdFkSSgHYo,00032,0.017535863255591977,7.936
train,pretrain,mFnS7wG1qXw,00022,0,pretrain,jSdBXFkQ3S8,00017,1.887796157749035,8.832
train,pretrain,j51HsRILGKI,00042,0,pretrain,hfDkDzZ9GsU,00009,5.464065316632423,2.56
train,pretrain,av3SCLBU7sI,00003,0,pretrain,pNTylSnUOVo,00008,-8.343277742304117,6.016
train,pretrain,Z6T37m4r3yo,00013,0,pretrain,JLLpWtHbMAo,00026,2.3150895665350006,3.52
train,pretrain,kTz52RWSbD0,00010,0,trainval,SvBggxCNNno,50012,7.485871078416281,6.08
train,trainval,gh5VhaicC6g,50036,0,pretrain,1CdmpHLSZRU,00017,1.3943484412346372,3.52
train,trainval,CzgS9C7gw0o,50015,0,pretrain,rTJpJlVkRTA,00008,-6.587753171004809,2.816
train,pretrain,SU1foLW8h54,00012,0,trainval,6tSlMoMNSlY,50001,9.979373673829492,2.816
train,pretrain,zb4bp2volBg,00005,0,pretrain,sWnAtLt8kSs,00031,-4.628230234729118,7.616
train,trainval,wQJC2MMB8nA,50041,0,pretrain,syqScVtnKuU,00052,6.995406131497482,4.16
train,pretrain,DWZsOe1j2w0,00002,0,pretrain,Y0GHWogx0eg,00005,7.44958481024306,3.2
train,pretrain,ImQrUjlyHUg,00011,0,pretrain,IRVdiHu1VCc,00068,-3.3760333901817923,4.352
train,pretrain,SZSul0GzzM4,00006,0,pretrain,4jUdCy6Vghw,00007,4.91983294777997,3.52
train,trainval,SsnWLZvRNZc,50013,0,trainval,1xgCI05l2GA,50001,3.7738342280530333,3.84
train,pretrain,Sf994ANuGIY,00040,0,pretrain,MLyguFQR5N4,00025,-8.260094856553293,3.584
train,pretrain,ORBf73HiJns,00004,0,pretrain,DJGreSgaOTc,00012,1.3730682105095244,3.2
train,pretrain,FzApYQDIXlg,00031,0,pretrain,GDnYDLERnRE,00032,7.350425533262062,5.312
train,pretrain,NwmGTM5Py8Y,00010,0,pretrain,iEySxTbcr2A,00027,5.017266964550188,4.288
train,trainval,UtA860ss1eU,50003,0,pretrain,jEMfAJMw51A,00001,4.334677695976861,3.2
train,pretrain,w8lH8tNlAXc,00001,0,pretrain,3dqXHHCc5lA,00019,-8.704884837602958,9.6
train,pretrain,fSSNmDcLMKA,00013,0,pretrain,rTJpJlVkRTA,00015,-0.5228358574722627,8.896
train,pretrain,T9vLHFza8Uc,00011,0,pretrain,jVBp2nDmg7E,00017,2.7108075029399696,14.336
train,pretrain,mMasmrJOmEo,00019,0,pretrain,gIuhIo7mO5A,00009,-2.6902597325506683,6.528
train,pretrain,N7wF2AdVy2Q,00006,0,trainval,mA1vshSuyQU,50006,7.612509369499072,5.696
train,pretrain,lUO0xDSJQVI,00023,0,pretrain,gLDQr9i7LkM,00020,5.227987355160479,4.544
train,trainval,ZdDjexbxVzM,50003,0,pretrain,f7EjekSWGFI,00008,-2.646352595296877,5.696
train,pretrain,kOPMqiKhoSc,00028,0,pretrain,NDQ1Mi5I4rg,00002,0.36505286393480496,5.824
train,pretrain,MKKGS38vCO8,00007,0,pretrain,PRsopS7yTG8,00007,-4.638665639991279,2.816
train,pretrain,M1o3FS0awtk,00015,0,trainval,NRcPXtqdKjE,50013,2.7612041641451324,3.136
train,trainval,OOG65rSM5fA,50003,0,pretrain,OibJT7GSwyo,00018,2.6517188874481263,4.096
train,trainval,sNV4yIyXXX0,50013,0,pretrain,bZsn1SDARRs,00001,3.8761683961684508,5.568
train,pretrain,sWnAtLt8kSs,00027,0,pretrain,c8WMMSPUOj0,00009,9.314017808008504,5.76
train,trainval,Q0Uo05JoZQo,50026,0,pretrain,Mgbf3cq7lms,00016,4.729374272859925,2.88
train,trainval,AQcUeQsljSs,50001,0,pretrain,sNV4yIyXXX0,00003,3.0281046863377536,5.824
train,pretrain,uEkgM9P2C5U,00006,0,pretrain,RjrS5EqZlUs,00030,2.9089653712694385,4.608
train,pretrain,gkKymhU7yi0,00007,0,pretrain,pMYYxSim5QI,00010,4.037183822052061,6.336
train,pretrain,9qd36SQPxSY,00013,0,pretrain,YAV96XSdMQo,00027,4.404707287527154,4.352
train,trainval,2lJvr5UL2pQ,50003,0,pretrain,BMcduh1HEHA,00026,-5.48073081152139,3.136
train,pretrain,P4pKrxVcvJc,00010,0,pretrain,LMrzdkSYnYY,00014,-5.248469574305991,4.672
train,pretrain,TureGeSxSew,00007,0,pretrain,1SnQ27ZxS8A,00003,5.695888677344405,4.416
train,pretrain,vrU6YJle6Q4,00037,0,pretrain,wZ2TF8SPGQ4,00018,1.7174012554766023,3.52
train,pretrain,S0hxl03JoA0,00040,0,pretrain,q06YIWCR2Js,00022,-0.2441528328841951,11.712
train,pretrain,tvos4nORfSY,00019,0,trainval,CqasLvlSWGU,50001,2.3981008983976455,3.456
train,pretrain,VM6HZqQKhok,00036,0,pretrain,5LgCl7ZyYGs,00002,8.35005831742096,7.296
train,pretrain,E2qmkUsf6Y4,00009,0,pretrain,zSqYtUeKUl4,00030,-8.335855881530668,7.168
train,pretrain,1krVk4CMy98,00008,0,pretrain,hPsUXhXgWmI,00014,5.542045148519527,4.928
train,pretrain,ovV7v2XYJAI,00015,0,pretrain,DZT6YpCsapg,00042,3.1365636286820138,5.632
train,trainval,0MMSpsvqiG8,50018,0,pretrain,weCFbknwZa8,00002,-9.412094732343654,6.208
train,pretrain,5YL3LT1ZvOM,00027,0,pretrain,VohNDqzWP9E,00006,0.5387974136937146,8.896
train,pretrain,4yyPSZSGLOI,00023,0,pretrain,P8GCjrDWWUM,00011,-4.258471437440933,8.512
train,pretrain,6LmPq7DSds0,00010,0,trainval,uo7w3g24DWo,50016,0.9624960755541512,2.304
train,pretrain,rpOwTspdwkI,00035,0,pretrain,jdpIKXLLYYM,00006,-8.906290783000525,5.376
train,pretrain,eZWzNfOpbCQ,00006,0,pretrain,QHIocNOHd7A,00020,-2.5267570226120544,12.16
train,pretrain,b9jb9UjCpik,00032,0,pretrain,aIcwIH1vZ9w,00010,2.695158440490321,5.056
train,pretrain,hVShA7g4Joc,00021,0,pretrain,hz2ONnzRANs,00010,5.579523583287859,9.856
train,trainval,qFza3W87eDg,50014,0,trainval,r9DDE7NV1Nw,50021,6.596934624026968,2.432
train,trainval,GB4s5b9NL3I,50002,0,trainval,tiWwrdMqvvM,50014,2.257257858891357,3.008
train,pretrain,60P7717SXOQ,00031,0,pretrain,zGEDHMF4rLI,00045,-2.225396002930311,4.416
train,pretrain,HAKea48B3oM,00010,0,pretrain,SwaBFUgSoT8,00019,7.649928918306173,5.568
train,pretrain,Rz8m1yDE0ms,00001,0,pretrain,zAFcV7zuUDA,00001,6.442847313581211,9.6
train,pretrain,dIh8KBOOkYU,00008,0,pretrain,d6KSsePuFAo,00020,-0.05692591875634179,5.696
train,trainval,QekbuidfQKo,50003,0,trainval,3lxyiS3CGrk,50011,-3.653959840355796,3.648
train,pretrain,CwpvSWtUP3o,00005,0,pretrain,3LmjSv8N8hE,00004,-2.040863405966218,5.44
train,pretrain,2XiDdnDCD34,00022,0,pretrain,esugL07XANg,00079,7.62340165766825,4.416
train,pretrain,cQl6jUjFjp4,00018,0,pretrain,Nhwq12TKkQQ,00034,3.5957261314503093,12.352
train,pretrain,CiZMZ7d7O0k,00001,0,pretrain,1yzoCFqKEhI,00006,-1.765726226591454,4.096
train,pretrain,HjSGqwAFRcc,00006,0,pretrain,O817Q8G5WL4,00001,1.1203291791329306,12.8
train,pretrain,fJ36gCwKVec,00009,0,pretrain,apZ2pCGi8RA,00009,9.75328851841629,2.688
train,pretrain,HH3m1OSiOT0,00033,0,pretrain,PS2h8hSFphs,00010,-5.672612982896837,6.4
train,pretrain,sYySLEdYr8A,00030,0,trainval,FSS4Kv6MlG0,50001,-6.483617284596335,2.112
train,pretrain,py1RrSdVt5A,00010,0,pretrain,dwU8eavPInw,00060,-2.0315916736450728,5.44
train,pretrain,1KS10q6N2A8,00024,0,pretrain,ynSrWmoq7Is,00028,-8.856137076259682,6.976
train,pretrain,F8pUtbSgrxc,00022,0,pretrain,lXQ4HSMp1OA,00008,-6.5587906383898265,6.528
train,pretrain,0FkuRwU8HFc,00003,0,pretrain,rzbtSeVZeEE,00011,6.0543927401314654,4.608
train,pretrain,joyi6anTSFQ,00020,0,pretrain,qFOooWq2inA,00008,8.466011011610512,7.232
train,pretrain,H03o2WCBoDU,00014,0,pretrain,mkdSXHXhCcw,00097,9.715804020091035,5.76
train,pretrain,jobYTQTgeUE,00010,0,pretrain,mA1vshSuyQU,00025,8.343740433008332,3.456
train,pretrain,iAZwvTV3CyQ,00007,0,pretrain,BMOjVYgYaG8,00017,4.559785313414382,6.144
train,pretrain,evfgbVjb688,00034,0,pretrain,SeJwaOCYWwM,00001,9.498087599841647,10.432
train,pretrain,z4eSa6GXEsE,00002,0,trainval,Wj4E90stS2c,50001,0.7069521315308425,3.904
train,pretrain,VGUnvr6ImOo,00026,0,pretrain,APPbSStpGHk,00017,-3.6837149464948666,8.128
train,pretrain,q9Ou0cj3fF8,00004,0,pretrain,5tUnSuoYKoE,00005,9.902152619730472,6.976
train,pretrain,LNHBMFCzznE,00028,0,pretrain,gZpcTVqpaPw,00025,-0.6687635049240566,6.976
train,pretrain,xyIQFI865Sw,00020,0,pretrain,jUIfiLplNqQ,00005,3.701039864849122,7.232
train,pretrain,potB0voQzNg,00036,0,pretrain,cK74vhqzeeQ,00003,-1.521961844369855,6.464
train,pretrain,RmXiItk49Gw,00014,0,pretrain,QOSPNVunyFQ,00038,8.301242768067503,4.16
train,trainval,2R1lZSN4SSo,50012,0,pretrain,vrU6YJle6Q4,00035,4.546265271884442,3.648
train,pretrain,hSSmmlridUM,00008,0,pretrain,kLRanIhp2jg,00004,-2.9462626569198402,7.232
train,pretrain,6wk4dkYSrV0,00041,0,pretrain,rrkrvAUbU9Y,00042,-0.4598343333594741,9.088
train,pretrain,w8lH8tNlAXc,00007,0,trainval,RmXiItk49Gw,50002,-7.65073223213262,2.816
train,pretrain,28hGxw5DBK8,00001,0,trainval,Sm5xFSUYgdg,50001,5.819902001703987,2.88
train,pretrain,LsESSyMnwmU,00011,0,pretrain,o3VwYIazybI,00018,7.406538679504262,4.416
train,pretrain,4sg9TlsMRVA,00028,0,pretrain,0qYTf9evWeY,00034,2.307552548158867,15.744
train,pretrain,Jk0AknXMXmc,00002,0,pretrain,YzhSmnGcSkE,00008,-3.9626627525816733,3.264
train,pretrain,zuAj2F54bdo,00023,0,pretrain,mMasmrJOmEo,00003,1.1548698035971317,12.352
train,pretrain,NgDGlcxYrhQ,00011,0,pretrain,3B24RaqA33k,00019,7.930727545892783,5.312
train,pretrain,57FMau29OSg,00026,0,pretrain,IXBalykzauE,00009,-0.6536572854817919,12.736
train,pretrain,3TXSNu5wTS8,00023,0,trainval,UWKvpFZJwcE,50020,2.44105565409898,2.816
train,pretrain,1OQkdRdfyjI,00016,0,pretrain,hJZ0pAoxksE,00021,-2.7105872697646554,14.208
train,pretrain,STuCsRugKN0,00008,0,pretrain,tTb3d5cjSFI,00006,2.001810861020454,5.568
train,pretrain,X9NFPZGyDPg,00030,0,pretrain,5pXelS1clHs,00016,-3.9806560040751293,4.992
train,trainval,3F2jACWwKdU,50003,0,pretrain,xMjSPS6H69g,00004,-7.344698740436037,3.136
train,pretrain,vNDhu2uqfdo,00020,0,pretrain,EijI8QaExDg,00033,5.961731312633775,4.096
train,pretrain,rbnBeSvXGQM,00020,0,pretrain,njESlZa2b10,00015,4.400306663857661,6.656
train,pretrain,g2J6YOiLNr4,00034,0,pretrain,ZuCX92wuw2g,00030,6.207733449000049,3.84
train,pretrain,SGzenQjZSpU,00009,0,pretrain,GZyjTPEufLk,00023,-1.380449022955215,6.528
train,pretrain,k5tCYg9s0HU,00048,0,pretrain,NRLjrZD6kqQ,00021,-4.8610121513759985,3.264
train,pretrain,7Z9xCX4ifJo,00043,0,pretrain,LuG2rf9enHE,00033,-6.630135683306886,5.504
train,pretrain,4KhnSz9FPmU,00012,0,trainval,QxkxcsrveLw,50005,-5.107393800809865,3.52
train,pretrain,SJyE40koQyA,00002,0,pretrain,yyW9W3e9VD0,00013,-1.2493935101385425,3.904
train,pretrain,yyW9W3e9VD0,00001,0,pretrain,4Lb5LSVEm34,00008,-7.297315027765771,9.856
train,pretrain,yqU0SsbENgE,00004,0,pretrain,7Mn4PnGRuPk,00006,-8.518009962306131,4.416
train,pretrain,2G0wQfUl9EU,00013,0,pretrain,IHBGLHgIWJM,00021,2.8929163163964766,5.376
train,pretrain,uYaF8pSTNSU,00025,0,pretrain,Dh5sPiuaO9Y,00011,3.7752688186897068,6.976
train,pretrain,6XNrzmh0EVs,00011,0,trainval,jKAehegqTvg,50002,-4.453901747911422,3.52
train,pretrain,dghBrSBC34Y,00016,0,pretrain,5sS3Yjh9Lw4,00023,6.70289958356928,7.04
train,pretrain,bvAEJ8G9l9U,00001,0,pretrain,dOt4NkcmIUg,00022,6.3620831583579545,6.656
train,pretrain,MywGrRvNkWQ,00023,0,pretrain,aiDSQyFdd68,00010,4.5698482041864334,6.4
train,pretrain,twWkGt33XSk,00007,0,pretrain,Nhwq12TKkQQ,00002,-2.7339427935634575,6.144
train,pretrain,ay8OMOsf6AQ,00011,0,trainval,QVSqg1CRvl0,50001,-5.066360915666435,2.176
train,pretrain,q9Ou0cj3fF8,00047,0,pretrain,lQDxasFKQCA,00018,3.049641098648223,4.608
train,pretrain,BSiNIZ6zZqY,00019,0,pretrain,LLmhQmicusM,00001,-3.7135839452052117,4.672
train,pretrain,swI68y2oQ60,00005,0,pretrain,KP5mzWDH4b8,00002,-1.515276075862733,6.4
train,pretrain,1EIQ6nSSXxk,00009,0,pretrain,weyd0UMdP7g,00006,0.40409463659715783,3.968
train,pretrain,VT3XyORCFDA,00010,0,pretrain,kmNxhFFZWpM,00013,-1.7594590417873697,6.4
train,pretrain,Gn2W3XSpGh4,00006,0,pretrain,ltelQ3iKybU,00001,-0.2756827505914554,4.096
train,pretrain,LZXUR4z2P9w,00035,0,pretrain,pSCefSAYqaA,00012,0.8200008162965702,6.784
train,trainval,z4eSa6GXEsE,50004,0,pretrain,eyBEIx7fCfY,00009,2.349369369133079,2.496
train,pretrain,pi9SMFWTzXw,00016,0,pretrain,jv8m8rycnQs,00015,-5.654133275840452,12.352
train,trainval,kTqgiF4HmgQ,50004,0,pretrain,zESeeaFDVSw,00014,3.4045997080211077,6.016
train,pretrain,1BHOflzxPjI,00050,0,pretrain,ivvKSx4Q6L4,00028,1.2697524777605462,8.192
train,pretrain,uEkgM9P2C5U,00025,0,pretrain,lASzdhSbQBo,00002,8.175162602458219,5.44
train,trainval,NVPxmzSPvUw,50004,0,pretrain,pOWgXxoSTNM,00002,0.20297843865838594,4.608
train,pretrain,iPrDiPDTzYk,00010,0,pretrain,7XFLTDQ4JMk,00002,0.8596381215275972,13.632
train,pretrain,raCIUeGUr3s,00007,0,pretrain,8t4Vj6lmzVo,00010,-7.435671879784191,5.12
train,pretrain,lbIh6yngKHo,00006,0,pretrain,ol1b5mMeP7s,00006,1.05646522067266,4.48
train,pretrain,s3IPatkuByA,00004,0,pretrain,7HD3lrb6VtM,00007,0.8685462485683519,3.904
train,pretrain,6iFCm5ZokBI,00019,0,pretrain,W14XWvAz3x4,00008,-6.2219598680602894,8.256
train,pretrain,gEH4gSeSt3g,00001,0,trainval,d6eMdixkoRI,50016,-4.637712129088436,2.88
train,trainval,sBaiRpIpPKQ,50002,0,pretrain,ESlb3D7AySM,00014,3.377822808063822,2.368
train,trainval,chXsLtHqfdM,50008,0,pretrain,LCuAu67OCDk,00002,1.3725663503464762,6.08
train,pretrain,drv3BP0Fdi8,00059,0,pretrain,7A66iZQXNh4,00025,5.727772101674818,4.16
train,pretrain,U1a72bvusS0,00011,0,trainval,ZSRaJIMYSMs,50004,-3.8331188698113916,4.608
train,pretrain,ZOlBqdkN2jY,00007,0,pretrain,h27g5iT0tck,00009,6.440020420178467,9.536
train,pretrain,dkLcwHmnPV4,00003,0,pretrain,ttRhMPgpoOQ,00027,-4.928148081751019,4.16
train,pretrain,D089tSF9yUU,00010,0,pretrain,FVSc2FnPnDE,00037,-4.363541029518241,5.632
train,pretrain,7rMYfiRNT7g,00029,0,pretrain,0FOlwct8k9M,00009,0.5147972879326534,10.112
train,pretrain,HMYVHShBGWg,00011,0,pretrain,wvCMZBA7RiA,00007,7.384946642141795,4.928
train,pretrain,7Mqse6SLOds,00007,0,pretrain,AfnruW7yERA,00011,-6.056815117984719,3.456
train,pretrain,KyamsZXXF2w,00043,0,pretrain,K74JqctvM2g,00038,-5.404157949092747,3.776
train,pretrain,6XNrzmh0EVs,00020,0,pretrain,oCBYfGXSAlA,00001,0.04729532298283701,33.472
train,pretrain,ONXYcNS7k1Y,00004,0,pretrain,yioZhHe1i5M,00014,2.619525245030479,3.584
train,pretrain,SAm3gtFB8xU,00005,0,pretrain,Yo5cKRmJaf0,00034,5.3984011873494016,2.88
train,trainval,SmoW9jvvMr4,50002,0,pretrain,KQEWc3LVfyc,00100,-6.617380365758663,3.776
train,pretrain,PcQwHHbjZ0A,00021,0,pretrain,xV7IvRT5Qyw,00017,7.85792278721464,11.52
train,pretrain,V2u6CzpRqts,00004,0,trainval,dLHWVTa5xZs,50001,4.9521507344787015,5.824
train,pretrain,GqGksNRYu8s,00039,0,pretrain,EgU3iSg8ZRY,00006,-2.697309845001305,4.864
train,pretrain,0ygtX2nyexo,00022,0,pretrain,imhUmLtlZpw,00023,4.369159639979829,5.824
train,pretrain,8COaMKbNrX0,00032,0,pretrain,QxkxcsrveLw,00033,0.1627630594370988,4.032
train,pretrain,ruvWiXowiZ8,00007,0,pretrain,H8Pr9Jnulxk,00022,6.943521028672116,6.848
train,pretrain,RcGyVTAoXEU,00044,0,pretrain,uVAaZVz9pDs,00022,-9.55526616284744,7.296
train,pretrain,68c2M4r9oQg,00013,0,pretrain,sJKFyDbWVqA,00009,0.20818622709319,4.096
train,pretrain,IJmr7MsS8fw,00032,0,pretrain,W3SRjJtd6Eo,00019,8.648823059453733,6.464
train,trainval,6g3WUEgrvVA,50014,0,pretrain,SvSSb7cJn2A,00004,-1.1376453682266572,4.8
train,pretrain,DnJHaveemUk,00009,0,pretrain,GS1xL1qcBa4,00007,9.466200515647373,13.696
train,pretrain,TuD3IerTOms,00009,0,pretrain,Mu00S1dAMl4,00016,-6.520224005906958,7.488
train,pretrain,syqScVtnKuU,00050,0,trainval,uNQujCwCu88,50002,-6.790181530497068,2.368
train,pretrain,QvSZ1MtaXME,00009,0,pretrain,WvvuLDX7iIk,00051,7.077888706590137,10.752
train,pretrain,ufp5iGh0agA,00007,0,trainval,Mlt6kaNjoeI,50005,3.852428451047423,3.968
train,trainval,WSKPrVG3Evs,50011,0,trainval,sjPRN2XGSts,50011,2.5505332763412714,2.048
train,pretrain,gUWWt30oZ3w,00007,0,trainval,JLLpWtHbMAo,50011,4.724622871481481,3.456
train,pretrain,jodhovumkHQ,00033,0,pretrain,gSHbRSAcN6Q,00003,-3.7999166058991163,13.76
train,pretrain,qGSYmIPFO68,00050,0,pretrain,I6M54p8VQFA,00009,-0.4469068539986214,4.736
train,pretrain,tp4Z4EVFA0g,00015,0,pretrain,NaoSp4NpkGg,00015,3.116468160123098,3.84
train,pretrain,LPwWYFOFTGU,00012,0,pretrain,vpTHi7O66pI,00021,-8.10256310053651,11.648
train,pretrain,cswhOCKQZ7Q,00009,0,pretrain,6Co3dn0nSTk,00010,-8.861819552770303,12.608
train,pretrain,iKHTawgyKWQ,00022,0,pretrain,z19gIaUmIBU,00006,7.387620505387716,3.968
train,pretrain,YS9vd4HWlVA,00001,0,pretrain,cj5LZBmiQu4,00021,-9.000342762136928,7.68
train,pretrain,G6dfUFgKmN4,00034,0,pretrain,KVhWqwnZ1eM,00023,6.222316327718175,6.336
train,pretrain,sLiM2SizFl4,00053,0,pretrain,iq5lXSj6Prg,00014,-8.278767755947483,5.376
train,pretrain,lyRSK2CZIHQ,00024,0,pretrain,AHfiKav9fcQ,00006,-6.57806421194036,3.52
train,pretrain,y7A4dZIyI0g,00013,0,pretrain,h9SKyrHRhDo,00024,2.9166430750396124,6.336
train,pretrain,iWHq2mSHwhw,00009,0,pretrain,y62pJTJkfbg,00025,9.304692114106956,6.08
train,pretrain,Kp13yOhLEbU,00005,0,pretrain,arj7oStGLkU,00022,2.2253432449770383,2.432
train,pretrain,RxyQNEVOElU,00028,0,trainval,OibJT7GSwyo,50003,-6.491540222462538,2.176
train,pretrain,M4soSZ9aSu0,00007,0,pretrain,m0ZPM5I1tTg,00043,1.4135300630208096,8.704
train,pretrain,tH5iEf9oxaI,00033,0,pretrain,tTcl5I0Wbzk,00008,-8.495693503870108,7.296
train,pretrain,vLMKtb5bipc,00004,0,pretrain,PDKKOSJX6yQ,00013,-6.0316558510347935,4.8
train,trainval,rB6WmWvvyxg,50001,0,pretrain,G1Ke6JIZyX4,00002,1.6322350242225596,4.992
train,pretrain,E5BOBs3Nmbw,00013,0,pretrain,rAZPIxYvBAE,00012,3.8686512994095956,4.928
train,pretrain,0ZhL7P7w3as,00005,0,pretrain,R2kOgSVF2Uk,00018,5.480932947965183,7.808
train,pretrain,AAsSqx2aLsA,00009,0,pretrain,jNSOh4xILSc,00010,-5.581899232019603,25.92
train,pretrain,NRcPXtqdKjE,00027,0,pretrain,S98m4Vod6S8,00002,5.917115239957866,5.184
train,pretrain,QYGO5tepBLY,00017,0,pretrain,Yo5cKRmJaf0,00003,-8.211765195813978,18.432
train,pretrain,0zbHnOcGbrw,00015,0,pretrain,a0x0r7aPI2M,00022,-3.9819134703638603,3.584
train,trainval,MOFdlEbu15g,50019,0,trainval,U9BzgnX3z6Q,50003,2.677314622208433,4.096
train,pretrain,yDubrSRjlCE,00020,0,trainval,gZga0AmCGdE,50026,8.523302130401948,3.456
train,pretrain,6e99DuPQ6j8,00006,0,pretrain,mArrNRWQEso,00049,-3.1086517750575826,11.2
train,pretrain,OWq7ToR2U8Q,00009,0,trainval,CTEhgUmSrro,50004,1.4567263342599581,3.904
train,pretrain,34a7UEzZdsA,00007,0,pretrain,XSuZ6ukuz5s,00003,-5.48022053281128,5.184
train,pretrain,MgUTzbGakRw,00008,0,pretrain,wBObnvIZGwE,00007,-3.043851668769431,3.84
train,pretrain,3YAF5JdsMm8,00005,0,pretrain,BFK2knjj4lQ,00013,9.667923324114426,4.8
train,pretrain,POU1HjdXziM,00006,0,pretrain,nVEvzeIXbpk,00016,1.4552572076398462,6.784
train,pretrain,gXvblfSgwg4,00024,0,pretrain,YhCkjRXgnDw,00007,1.4501967490995398,4.48
train,pretrain,19KkFCQz8WQ,00016,0,pretrain,r2SX7mTUirk,00013,9.13967337749239,6.208
train,pretrain,Ja5UAq09lps,00002,0,trainval,sNV4yIyXXX0,50038,-3.260714157090683,4.16
train,pretrain,VFaQtPw3Va4,00019,0,pretrain,3GBrJiSMFu0,00011,-6.630327512792453,6.208
train,pretrain,vzi4AopBEBg,00025,0,trainval,5SOHiN8Ne58,50004,5.41843584158482,2.368
train,pretrain,ZzSVEj5RLWM,00005,0,pretrain,KSzkPSW4Hik,00026,-6.649633857227588,11.136
train,pretrain,c8re1U9rCo4,00021,0,pretrain,gZpcTVqpaPw,00032,-1.0635659756190243,2.944
train,pretrain,G0ZjSInJ4BQ,00008,0,pretrain,yDYCf4ONh5M,00039,-0.7754877960323192,5.696
train,pretrain,E6atIJ8RDzU,00002,0,pretrain,bRuU02haIK8,00037,-8.45509643447678,3.328
train,trainval,MPMr5jPwA7I,50018,0,trainval,kzhJb5jcH58,50001,-5.402767990382249,3.008
train,pretrain,WtLMST8TyeY,00009,0,pretrain,WNTk29zXl4A,00061,8.61421923064195,7.616
train,pretrain,cbSts8fUhB8,00016,0,pretrain,cQ3PWXoYIoE,00012,0.8462015266344487,5.76
train,pretrain,WCj82W7XkjI,00024,0,trainval,ZhDgwrKSBWQ,50020,-8.068857816808546,6.208
train,pretrain,2zvjW9arAZ0,00049,0,pretrain,iAZwvTV3CyQ,00010,-0.536463948085391,4.48
train,pretrain,GgBpyNsSSjU,00016,0,pretrain,jryCoo0BrRk,00007,-8.421854104064545,6.272
train,pretrain,1gAQ82IHyZ8,00024,0,trainval,zwjLQgNd7XM,50017,6.467842273433465,5.184
train,pretrain,tF1oSdNwE8c,00009,0,pretrain,b2LbuqoNGGI,00018,1.4136220795413088,11.648
train,pretrain,DUd8XAS5HEk,00025,0,pretrain,osBbP6Om4Mg,00023,-5.997406800878382,3.968
train,pretrain,1SS2wOnkcSk,00018,0,pretrain,bk65ivyQZy8,00008,1.1381115284322618,4.288
train,pretrain,PYSkd46RfVE,00001,0,pretrain,ouXGIw7gBmk,00025,-9.547699360651444,5.44
train,pretrain,w8lH8tNlAXc,00013,0,pretrain,LsESSyMnwmU,00046,-3.464941134934991,4.864
train,pretrain,ramueKMLXZY,00015,0,pretrain,HCgvSHNoJrY,00015,-1.0575476770216952,12.032
train,pretrain,VUT6GQveD0E,00002,0,pretrain,JM77aTk1XyI,00010,4.3752798388467955,4.608
train,pretrain,o4Nno6POrwE,00015,0,pretrain,TcBrchkBSBE,00020,8.71936598872222,6.4
train,pretrain,paiRIkWVy0o,00001,0,pretrain,lVQ3KUTHDe0,00006,-7.863019038890773,9.472
train,pretrain,ZPBTnWWWUY4,00006,0,pretrain,xpfxVRBddNQ,00008,-4.401919970814625,16.64
train,trainval,be03wdS5Klc,50004,0,pretrain,N7wF2AdVy2Q,00012,8.46258142413609,5.632
train,pretrain,LoXAAEy6YQU,00025,0,pretrain,KxLcORzSSIE,00004,1.8402235791046184,16.128
train,trainval,acJscdoP2a4,50008,0,pretrain,KxDwieKpawg,00015,-6.456153934212658,3.52
train,pretrain,iOByGJskqks,00025,0,trainval,yRUCU5FsvTY,50012,-2.1985483087754787,4.416
train,trainval,6c0VtOdibcI,50001,0,trainval,wAIP6fI0NAI,50001,-0.9016924811141802,3.584
train,pretrain,M0yhHKWUa0g,00007,0,pretrain,iEySxTbcr2A,00025,0.5489221479480992,3.84
train,pretrain,dwU8eavPInw,00021,0,pretrain,LTtTfCwkIW0,00024,-5.106173970440189,5.696
train,pretrain,wNokfBHccVI,00036,0,pretrain,ZuCtZJGcEMU,00006,9.868298669377321,6.016
train,pretrain,FnL7I6tESAs,00007,0,pretrain,eqDgt12m26c,00003,-3.291556029847971,6.528
train,pretrain,MoSmgcxGYYE,00013,0,pretrain,rQSSSLRpsVs,00017,-6.102425400344824,6.144
train,pretrain,bRuU02haIK8,00005,0,pretrain,1COwySxiwSg,00013,-6.9407609713168945,6.72
train,pretrain,bSZh8qdKaBc,00014,0,pretrain,1COwySxiwSg,00009,-7.881331136699698,13.952
train,pretrain,xSUw0NiseBM,00005,0,pretrain,KfK3eKSkOQA,00013,-1.2424965991662962,9.472
train,pretrain,gWPFJgLAzu4,00006,0,trainval,dcwuBo4PvE0,50008,-9.854878802911573,6.016
train,pretrain,pcSlowAhvUk,00061,0,pretrain,HALd9FY5SVQ,00009,-4.732482711786341,9.728
train,pretrain,qEZmFR1WS7g,00039,0,pretrain,UIAm1gSVgn0,00002,0.5729837916278271,8.576
train,pretrain,S8bJ3YlgL1Q,00019,0,pretrain,r1qdSnDm67s,00009,9.794776977501424,3.84
train,pretrain,b4kSKPELNcc,00013,0,pretrain,ErexJkoDhGI,00043,-7.493256764664789,3.712
train,trainval,rB6WmWvvyxg,50004,0,pretrain,gSUvy6pvLA4,00025,-3.3620492737617713,4.16
train,pretrain,LTtTfCwkIW0,00034,0,pretrain,lkVYV2P8dQE,00006,2.6979820131426706,6.976
train,pretrain,2NHV4AzSEzY,00028,0,pretrain,hVShA7g4Joc,00014,3.5212450046702344,6.528
train,pretrain,C8QCStOtqus,00007,0,pretrain,A71OktxTPac,00028,8.988978631249562,10.496
train,pretrain,ohGMgSLJCjs,00004,0,pretrain,qQDC7c2I8l8,00005,-0.12680898674163998,9.088
train,pretrain,K0PJbPlZoNI,00014,0,pretrain,3U6tEcIIAIc,00002,5.411700083600957,3.712
train,pretrain,06M8qY7Q74Y,00014,0,pretrain,N6wjC0sxD2o,00008,-2.4965657592778134,5.44
train,pretrain,cS3f3rQRlug,00009,0,pretrain,lhqYBhLh1IM,00001,0.9886715464890621,6.72
train,pretrain,LlQXs0yofMs,00007,0,trainval,UUqr4P7P3gM,50022,-7.324545103386313,4.288
train,pretrain,Y6U728AZnV0,00006,0,pretrain,m0ZPM5I1tTg,00017,-8.041458643761374,8.064
train,pretrain,3ite2QwSU7g,00020,0,pretrain,ATISgVUKetI,00003,5.856929235180884,12.928
train,trainval,RVX8ZSAR4OY,50008,0,pretrain,SmQadYi4F14,00001,3.412634305006062,2.24
train,pretrain,QPiaadMporw,00025,0,pretrain,urntcMUJR9M,00009,1.916349782005609,9.984
train,pretrain,BMdMSmtTgD0,00012,0,trainval,yP2niXStKVQ,50013,5.794562252133135,3.008
train,pretrain,ZBDablzQ9ts,00042,0,trainval,3ELnyoso6vI,50001,-2.467576888252701,3.52
train,pretrain,vC1uxXvPG0Q,00026,0,pretrain,YMyofREc5Jk,00045,1.7369425078218583,3.648
train,pretrain,jVcaTtJmRNs,00014,0,pretrain,Uwl012o8P7I,00027,3.5674583852814443,10.56
train,pretrain,Pl8OlkkwRpc,00057,0,pretrain,fvoWoMIwrSg,00025,8.453088730888847,14.336
train,pretrain,lxYFURQ7Ehw,00026,0,pretrain,MJKSdMlATmM,00002,4.823866484787553,4.928
train,pretrain,troxvPRmZm8,00001,0,pretrain,wvCMZBA7RiA,00017,-2.769854433264989,3.712
train,pretrain,aIFFFGf1ZRE,00032,0,pretrain,vtjbyBUYYzY,00014,-4.576338648673124,8.96
train,pretrain,fddYApFEWfY,00011,0,pretrain,akOe5SUsQ2o,00036,3.9834769930539338,4.16
train,pretrain,qItCBNzqdn8,00014,0,pretrain,YMyofREc5Jk,00023,0.408665872141011,6.848
train,pretrain,CfqO1U6lfDs,00036,0,pretrain,SSV07QKguBI,00030,0.6884642344715974,3.776
train,pretrain,vhhgI4tSMwc,00036,0,pretrain,Si1ZoKSFtSs,00004,8.6304564877946,11.648
train,trainval,XRWTyUVh0BQ,50006,0,pretrain,KSzkPSW4Hik,00034,-1.3851866841967784,2.176
train,pretrain,N2HgOWBXyc4,00006,0,pretrain,I1cGiNnJZgU,00005,8.007048405811442,4.288
train,pretrain,eNC1h5H5cJA,00022,0,pretrain,T8VS0LUCgmk,00010,5.269540004962945,3.904
train,pretrain,nLB8ASSQdHc,00007,0,pretrain,X6Zo53M0lcY,00032,-6.8516054802290505,11.072
train,trainval,ESPCyHjmRsQ,50003,0,pretrain,tbvUCrS5S5I,00030,3.978050613211998,3.52
train,trainval,9SQYDFiWnSs,50004,0,pretrain,UvbFr0eSsg8,00004,-3.0524331038103503,2.496
train,pretrain,ZBg5QvcZQP8,00010,0,pretrain,KExLCJAuTXA,00006,-1.2872812903220616,9.6
train,pretrain,CLSSiaFuLo4,00021,0,pretrain,nq0SzGzSc8g,00006,9.385390630525883,5.056
train,pretrain,UyQIKwSPZGM,00015,0,pretrain,0P0mBj09vwk,00009,-8.812688417954496,10.048
train,pretrain,jSOPQgPIdKg,00035,0,pretrain,f5udS4pbXPk,00016,-5.985643907497122,8.64
train,pretrain,D4cV8yfgNyI,00015,0,pretrain,lfykytI3A6k,00016,8.110846911025085,4.416
train,trainval,jZxLsDkvkVQ,50001,0,pretrain,Aetg4kJie0o,00024,6.784799819939838,2.432
train,pretrain,COwSbfCgXBw,00001,0,pretrain,uRxwQsrI560,00004,-3.403164411488186,9.408
train,pretrain,eR22lqzdIHU,00001,0,pretrain,3UaOl8SYHes,00013,-5.396829891961438,4.928
train,pretrain,DtT6S1vtjzQ,00006,0,pretrain,oxpJGynSHJU,00023,8.773203964625374,5.568
train,pretrain,nw6u3fk88pY,00012,0,trainval,Un2yBgIAxYs,50001,2.477717535065409,4.672
train,pretrain,L51h8BBu7b8,00001,0,pretrain,eAnHjuTQF3M,00021,2.98087404485587,6.976
train,pretrain,jFd96USLjbM,00013,0,pretrain,oGlsUYGMYks,00022,8.339585842638755,7.68
train,pretrain,OMhLrHPI0Tw,00001,0,pretrain,YVfR2sBWJ2E,00015,6.256656154960474,9.216
train,pretrain,5c6AADI7Pb4,00015,0,pretrain,VfKWd7iXMSo,00016,-2.4215382675027453,4.48
train,pretrain,TWPahtyJDsI,00019,0,pretrain,Kc0Kthyo0hU,00015,-3.9310164575735413,6.848
train,pretrain,FM5SDGprLpc,00043,0,trainval,gVLu99Ja2mA,50002,-5.119849768854223,2.368
train,pretrain,AYzA2uyd9Ss,00011,0,trainval,JvIbrDR1GSc,50001,-4.3275072640381325,5.632
train,pretrain,nncPtxLCPrE,00019,0,pretrain,jodhovumkHQ,00047,7.122474113384058,8.64
train,pretrain,5EORxJsoUJQ,00036,0,trainval,pj2YxCAnqx0,50005,-3.3495453488693965,3.264
train,pretrain,HlnhCdujYco,00015,0,pretrain,jzfV2xVsUKc,00003,2.654136465157965,5.568
train,pretrain,hgWie9dnssU,00009,0,pretrain,6LpSNMaU0r8,00008,-5.261931289421556,6.592
train,pretrain,8COaMKbNrX0,00034,0,pretrain,zjvsA0v7r0g,00017,9.010762484744568,6.272
train,pretrain,sYUjyH8Y0No,00043,0,pretrain,fLJsdqxnZb0,00023,-5.058766970471005,6.208
train,trainval,DqCsQqy9MyU,50005,0,pretrain,PS2h8hSFphs,00029,-9.054399111105312,5.376
train,pretrain,60OVlfAUPJg,00015,0,pretrain,LFJ9WAHowcg,00042,-4.171078541512731,4.736
train,pretrain,ZVRbSuY3h9w,00001,0,pretrain,dhDBxxOKGlg,00006,1.8841535837100487,15.36
train,pretrain,DJGreSgaOTc,00013,0,trainval,3BS1itqCKHo,50006,4.7067053588452,5.184
train,pretrain,9EVEmZ2cSes,00007,0,trainval,CqasLvlSWGU,50003,-1.778851645194484,6.208
train,trainval,BwIGcvBGSRk,50003,0,pretrain,g985z9Wq5gk,00004,-3.4327753738178686,3.584
train,pretrain,FETryXMpDl8,00017,0,pretrain,RlQEoJaLQRA,00011,-9.9281792063592,15.168
train,pretrain,5K57kcs15DY,00002,0,pretrain,yqWJuDBSWm4,00013,7.129004314004835,5.76
train,pretrain,mMDuakmEEV4,00033,0,pretrain,HH3m1OSiOT0,00030,3.2412149550352787,3.904
train,pretrain,KDBcoRLkut8,00039,0,pretrain,HJY8gMsonU0,00008,4.593040539359286,2.944
train,pretrain,1isiSaTSXb8,00013,0,pretrain,BltRufe5kkI,00009,1.4533480303371213,4.928
train,pretrain,sK4rgGgqzmY,00006,0,pretrain,gVLu99Ja2mA,00029,4.32861489418632,9.152
train,pretrain,jKl0tb3VmfQ,00008,0,pretrain,Jk0AknXMXmc,00005,1.3781228880132872,5.888
train,pretrain,7pVPmmwSeJQ,00004,0,pretrain,Zctk6MZaxMk,00015,-5.944496970209048,4.288
train,pretrain,nnYhZCUYOxs,00006,0,pretrain,RKmxL8VYy0M,00012,5.1871115900150695,5.952
train,pretrain,6gSwRHScq6M,00074,0,pretrain,CbS6PPBJJB8,00012,-1.2229659012781742,6.784
train,pretrain,t0pwKzTRG5E,00014,0,pretrain,2BogtvaCWvI,00017,-3.8253702143810937,6.656
train,pretrain,Pl8OlkkwRpc,00048,0,pretrain,xEtXItg9hEE,00034,9.685646999625114,12.288
train,pretrain,pMYYxSim5QI,00003,0,pretrain,aR5N2Jl8k14,00008,9.315776765831739,3.776
train,trainval,qtcWebAYmKY,50001,0,pretrain,BMDSPhk7JSY,00023,6.488160164162839,4.416
train,pretrain,8HplGZBS7FY,00006,0,pretrain,jodhovumkHQ,00038,3.920089489832632,8.128
train,trainval,CzgS9C7gw0o,50004,0,pretrain,tAcQfn96yFk,00012,-5.675071530222411,2.688
train,trainval,9EVEmZ2cSes,50021,0,pretrain,60P7717SXOQ,00022,9.219567305682556,5.76
train,trainval,FktsFcooIG8,50001,0,pretrain,7rMYfiRNT7g,00001,2.956963447950237,5.696
train,pretrain,P2SxoBj3daM,00011,0,pretrain,6tpsSu5O0Ws,00045,8.453832715901669,6.656
train,pretrain,wDxjss7kHRw,00008,0,pretrain,P3fIZuW9PSM,00021,-4.337028875678843,10.176
train,pretrain,jLOfXsFlb18,00007,0,pretrain,ovV7v2XYJAI,00020,-8.941733234461658,3.456
train,pretrain,9vKRj9yV8pI,00009,0,pretrain,Wj7hmzfX5eQ,00008,-0.9481374637893669,8.96
train,pretrain,buRLc2eWGPQ,00037,0,pretrain,ASQpKiUSNHo,00042,-2.8120716019104446,4.928
train,pretrain,WLj0uepcPFs,00015,0,pretrain,j3YjeARuilI,00034,-0.05073487056573178,4.672
train,pretrain,ROW9FSc0kIQ,00014,0,pretrain,bRuU02haIK8,00007,-7.705062039582815,7.616
train,pretrain,EvEj5zAJriw,00015,0,pretrain,APPbSStpGHk,00027,2.7003069596303604,9.024
train,pretrain,Mh3SwYHdeVs,00003,0,pretrain,P5Mpo4JQZhw,00015,-7.425325563391006,4.608
train,trainval,nU5gOr1cSxU,50004,0,pretrain,NZspSEdO2Xk,00023,-2.77567929481616,2.816
train,pretrain,cF2dhWWUyQ4,00016,0,pretrain,2t13Rq4oc7A,00032,9.37707325434452,6.976
train,pretrain,OOG65rSM5fA,00002,0,pretrain,j51HsRILGKI,00061,-2.48512781462773,7.232
train,pretrain,2OlhCITl1J4,00002,0,pretrain,8xHrpO6p7dE,00007,-6.15602581625613,6.72
train,pretrain,COwSbfCgXBw,00015,0,pretrain,sPQViNNOAkw,00021,0.3752367654105804,5.248
train,trainval,jseHPnqXlPY,50002,0,pretrain,Zctk6MZaxMk,00015,-7.360387993537765,4.288
train,pretrain,l1fodZNF1GI,00028,0,pretrain,rmeGVhhbGrM,00020,-4.416583974052333,11.328
train,pretrain,79zra755WgA,00012,0,pretrain,th3nnEpITz0,00027,4.039681504699022,9.28
train,pretrain,DW5YctpK7pM,00023,0,pretrain,xV7IvRT5Qyw,00026,-3.6006495046500238,6.208
train,pretrain,tMSehhs1OSk,00011,0,pretrain,voXOUWiJuLo,00024,0.6249419241861887,5.12
train,pretrain,Rs5CDLgjSsI,00018,0,pretrain,ema8O7xqjvk,00025,-5.07534963567446,8.448
train,pretrain,6a6vVIdQBd0,00028,0,trainval,jiDQDLnEXdA,50005,7.156461567389421,6.208
train,pretrain,4sg9TlsMRVA,00005,0,pretrain,Y4xCpqVaS6I,00006,-3.168315906451234,9.6
train,pretrain,nhrZHRqUaT0,00010,0,pretrain,GqGksNRYu8s,00052,8.76161812805507,9.536
train,pretrain,6ul2TSvUDog,00036,0,pretrain,c6mhFgAjqwA,00002,6.1893151588206194,4.864
train,pretrain,6gSwRHScq6M,00049,0,pretrain,ZQBSh9k74aY,00006,-0.6119980102665572,6.336
train,pretrain,2Yt6rajSS1M,00015,0,pretrain,wfNX1cHkSfE,00030,-8.570229340611952,6.4
train,pretrain,7s0CpRfyYp8,00034,0,pretrain,4v4Pf5Dt8Hg,00043,8.095607816304213,6.72
train,pretrain,2Hen0zqMA7M,00003,0,pretrain,8rzlrItooG4,00013,6.735581422639573,3.328
train,pretrain,8C2t8P809x8,00002,0,pretrain,XP8K4oS5TGE,00012,-9.492462653029417,13.568
train,trainval,H03o2WCBoDU,50003,0,pretrain,yldVmMfMyIg,00004,5.099572978927295,4.608
train,pretrain,H1fvr9rGgSg,00044,0,pretrain,Wgt8QUHQjw8,00023,-2.962578637854567,2.816
train,pretrain,GP4sBGbeF8w,00001,0,pretrain,7CIq4mtiamY,00024,5.417333592693176,6.784
train,pretrain,SSHpklbuPtE,00003,0,pretrain,k5hspA18IU0,00007,1.6758911249286648,5.376
train,pretrain,WCj82W7XkjI,00001,0,trainval,Z2hFbbG7t70,50001,-7.667452322187676,6.016
train,pretrain,Wm0GKnd3JvA,00013,0,pretrain,jsZDlBU36n0,00001,-5.330388495445626,7.36
train,pretrain,7SfRgg9botI,00023,0,pretrain,Cgxsv1riJhI,00010,-7.83228140467751,9.088
train,pretrain,potB0voQzNg,00064,0,pretrain,GlUS6KE67Vs,00007,-4.106665821301128,7.68
train,pretrain,6k8YBJ5sgko,00032,0,pretrain,VSJpBJal3F8,00001,8.141205621693985,14.016
train,pretrain,PGsQwAu3PzU,00018,0,trainval,aSGIZBmGOsU,50001,-8.386768026268705,6.08
train,pretrain,mArrNRWQEso,00014,0,pretrain,58eTdyeVwbA,00019,-2.777456183631905,8.96
train,pretrain,3nsoNSLS8RQ,00001,0,pretrain,SUkVcmKZyyQ,00032,-0.5671390284921856,9.472
train,pretrain,MSLHHgSXloM,00017,0,pretrain,4SY6Te9Y1ME,00017,-0.326301896986525,13.952
train,pretrain,vUP0ytS6ba4,00012,0,trainval,d6eMdixkoRI,50010,-1.3959613386093714,3.584
train,pretrain,ulYR5bpu68E,00008,0,pretrain,CyElHdaqkjo,00042,-6.5293753016410605,9.856
train,pretrain,8gSAkUOElsg,00024,0,pretrain,cpo7MBC3Skk,00004,-2.2558017029138338,3.968
train,pretrain,I2xDZlpInik,00018,0,pretrain,DLEbNRdqX0U,00012,1.1875272868876579,9.92
train,trainval,pyWrZceeKNE,50001,0,trainval,DSPWxjBgvF4,50020,-3.9561200868593343,2.368
train,pretrain,dwU8eavPInw,00046,0,pretrain,cQl6jUjFjp4,00031,-0.026019202214463633,6.08
train,pretrain,aUBawr1hUwo,00040,0,pretrain,pGyOwnqpCKk,00014,-6.110837407333687,11.008
train,pretrain,nw6u3fk88pY,00014,0,pretrain,5vXRgT6egSU,00031,2.3993954532791673,8.256
train,pretrain,sLiM2SizFl4,00048,0,pretrain,mlrB6npbwVQ,00020,0.06999490301570788,4.544
train,pretrain,vqPAdUeU6mQ,00003,0,pretrain,CSUmoS40pqA,00022,-4.883335819485152,4.928
train,pretrain,ema8O7xqjvk,00037,0,pretrain,QOjVk3cQFB8,00011,-7.554491231688651,2.88
train,pretrain,MNhCvM5pjfs,00010,0,pretrain,z19gIaUmIBU,00019,5.5881653237609274,4.672
train,pretrain,vzKA1y3cdYI,00011,0,pretrain,PnMsSqLwaes,00001,5.855489647182182,27.456
train,trainval,S6pLPVfKFoQ,50005,0,pretrain,BXcFEhl7ynM,00003,-2.704608635210888,5.824
train,pretrain,Cqj0sgrNL10,00034,0,pretrain,9yPlMBPNf2M,00009,-3.001238523903,4.16
train,pretrain,YYIXwJD7zeY,00001,0,pretrain,4EUAMe2ixCI,00021,5.298508958865488,6.08
train,pretrain,lkzoQuzlW4M,00002,0,pretrain,Plv4qGDjCOA,00005,-6.466102200892944,18.752
train,pretrain,LwSzyoYlIsA,00011,0,pretrain,1BXYSGepx7Q,00013,-3.316168228236334,3.84
train,pretrain,SC3DVeWT09w,00012,0,pretrain,POU1HjdXziM,00005,-6.048966787643025,8.448
train,pretrain,erBJuxVR7IE,00006,0,pretrain,QbxinUJcLGg,00002,-4.358542640592098,4.352
train,pretrain,BsVzjd5HS9Y,00020,0,pretrain,z8UevNKDFKU,00012,-9.069787893510659,5.696
train,pretrain,8olL43PKJKw,00014,0,pretrain,xlggecnjOY0,00010,4.764584614138101,4.736
train,pretrain,q9Ou0cj3fF8,00024,0,trainval,CpaFX6Ei0nU,50013,-2.365171632344099,3.648
train,pretrain,sW9sr2SZ5kk,00002,0,pretrain,ilMwoEdqMTs,00032,1.996926992815089,5.568
train,pretrain,RhgrbQmYOSY,00011,0,pretrain,mQOOgDqUta0,00011,-3.0346621615743308,9.6
train,pretrain,bzj1BTdfoeI,00055,0,pretrain,sDfhSIKFGz0,00024,-1.3639613422298265,11.328
train,pretrain,gVSyVSIybBM,00016,0,pretrain,umgWcQ5uNu0,00005,-2.0489506753500137,6.656
train,pretrain,vNDhu2uqfdo,00012,0,pretrain,mArrNRWQEso,00024,-9.387915226955146,5.056
train,pretrain,sDfhSIKFGz0,00009,0,pretrain,FKQavJZHRJU,00004,-1.0641925634461984,18.24
train,pretrain,9h2dFSIsH0I,00024,0,pretrain,0tqq66zwa7g,00025,-1.0587079220270574,7.296
train,pretrain,NDQ1Mi5I4rg,00022,0,pretrain,SDjLpMj3BDU,00012,5.221463765972764,7.104
train,trainval,OSz2v42F0E0,50003,0,trainval,o1abyP4zfGg,50004,5.431708957990505,3.2
train,trainval,H6n3iNh4XLI,50044,0,pretrain,IMjn62naclM,00029,-3.0435222747395274,3.776
train,pretrain,zIwLWfaAgS8,00030,0,pretrain,KSzkPSW4Hik,00001,4.495838970705714,4.864
train,pretrain,KiPcxhJtuPQ,00033,0,pretrain,c00zfzk4gdg,00017,-0.06524986974822333,4.864
train,pretrain,DzNNS4rcIjs,00014,0,pretrain,5AcjM5BKfRQ,00002,5.068752227745982,4.544
train,pretrain,9o5jAaZn2p0,00001,0,pretrain,uhRhtFFhNzQ,00031,4.432408833871904,12.928
train,pretrain,yldVmMfMyIg,00006,0,trainval,V7zMFJbBsD0,50001,-5.063757813910734,2.816
train,pretrain,VObLitSe3K0,00019,0,pretrain,uNDWvejza4c,00041,0.8595628797516941,5.12
train,pretrain,SGMVTJ9ZKVc,00026,0,pretrain,HA7GwKXfJB0,00023,2.4653770041983556,6.72
train,pretrain,3TXSNu5wTS8,00015,0,pretrain,LhjsRjC6B8U,00019,-7.302628010201686,20.48
train,trainval,fwm3azuoLr4,50006,0,pretrain,mCZCokSu37w,00018,-7.253625791574116,6.016
train,pretrain,okQXrB7ySAw,00055,0,pretrain,lxovD2LQVUQ,00018,1.1752128319599464,4.096
train,pretrain,Wh9O3SciOYs,00021,0,pretrain,5sg4zxZMDN4,00001,-8.838506685004134,7.68
train,pretrain,uPZw3ebk8oI,00022,0,pretrain,V6yixyiJcos,00008,7.221671815575867,7.68
train,pretrain,o8NPllzkFhE,00026,0,pretrain,lyRSK2CZIHQ,00004,4.993983957662049,11.776
train,pretrain,L6N06hTuESE,00025,0,pretrain,MSX0uwAG2Jc,00017,7.8422653575224,7.296
train,pretrain,emn28FrJ6CI,00011,0,pretrain,4bsiMd1zQ3s,00011,7.702084008568743,5.44
train,trainval,F8bM8K7WSR8,50003,0,pretrain,Wm0GKnd3JvA,00016,6.735187857088249,5.824
train,pretrain,zuLOT6GsAxw,00028,0,pretrain,vGDZmSnSkfo,00019,-2.8558386292672866,17.856
train,pretrain,55n9pHSA0O8,00014,0,pretrain,NHopJHSlVo4,00004,-6.40577136185192,6.848
train,pretrain,SryJK294Psw,00033,0,pretrain,yDubrSRjlCE,00053,-8.832868713458637,15.872
train,pretrain,c2tOp7OxyQ8,00022,0,pretrain,GIt6Z0k3PQo,00001,-0.6974881577101897,18.112
train,pretrain,2ju61VPdTzw,00024,0,pretrain,In6iAXTnqEo,00011,-4.158100642977489,6.464
train,pretrain,szU2S1infqc,00014,0,pretrain,NFIOuy3JSIQ,00031,0.04362999459029915,5.248
train,pretrain,NlzanAw0RP4,00012,0,pretrain,xjSQFZX2m9o,00013,2.7744946298880038,15.936
train,pretrain,5Yikqlc7yl8,00005,0,trainval,6xy5pWOgeBY,50003,-9.360235221025947,3.648
train,pretrain,1KS10q6N2A8,00011,0,pretrain,FVSc2FnPnDE,00030,-2.668797125197992,3.776
train,pretrain,6qTfX4U6CS0,00015,0,pretrain,ShFk6FDrZBc,00011,5.855572063373472,11.968
train,pretrain,AE0gO5wSaok,00052,0,pretrain,tTcl5I0Wbzk,00009,-2.8017439677318334,13.376
train,pretrain,pi9SMFWTzXw,00003,0,pretrain,JbuSeMcEF3s,00020,5.414565427887769,6.208
train,trainval,YL1XwfyaS00,50017,0,pretrain,9UiK4llJOXc,00018,-7.600202009827326,3.712
train,pretrain,ziGD7vQOwl8,00056,0,pretrain,3oXGJmZpzys,00004,-0.4571619353173535,8.128
train,pretrain,Mpge4XQqfac,00003,0,pretrain,jSdBXFkQ3S8,00001,-2.5606192509450647,4.736
train,pretrain,PTUcj45juXg,00016,0,pretrain,Fom14XGMFHA,00002,6.6266181785785925,4.992
train,pretrain,WHjKnNbYiOs,00009,0,trainval,pCd8KLukRV8,50008,-0.8076279707201923,2.688
train,pretrain,nC06omDS0kA,00040,0,pretrain,cPsP4F1qYCI,00003,2.715235729897014,4.224
train,pretrain,gevXeQwS1jg,00060,0,pretrain,Qzmt2wQMhYo,00022,-5.115757526141602,8.832
train,pretrain,04SEzifEsGg,00007,0,pretrain,XzDNfLnUOYY,00029,-4.815316030075771,4.16
train,pretrain,SQ06XyEtGzs,00001,0,pretrain,dgYItsUBW1M,00002,-6.451061798192248,5.12
train,pretrain,F2SIP2nSEoc,00009,0,pretrain,J10EaonNV2A,00032,-1.583776072148389,2.88
train,pretrain,pGSQG0IyNTo,00024,0,pretrain,SGnmDWtyhAs,00024,3.552940883499854,8.256
train,pretrain,n4YcornnWFI,00003,0,pretrain,BnC6IABJXOI,00040,-1.2520343606738642,11.136
train,trainval,xcR1SWhjZys,50005,0,trainval,yq3TQoMjXTw,50009,0.14048939020694462,3.52
train,pretrain,G9wIXAGzn1w,00002,0,pretrain,EHTmxmuhZ10,00012,-5.402900896756813,11.2
train,pretrain,HaHeAdJNa70,00001,0,trainval,4ZgwzSm7sRs,50021,-0.1164644309517815,3.968
train,pretrain,AIfBSkVI6NQ,00016,0,pretrain,YhW9I8SUkFU,00022,-4.2905859078986675,4.288
train,pretrain,LJhklPJz9U8,00043,0,pretrain,m7C6aiZV9JE,00003,-9.959797084835763,7.808
train,pretrain,C74amJRp730,00038,0,pretrain,tZYkjaKNrSo,00013,8.639002189443556,15.04
train,pretrain,ivvKSx4Q6L4,00028,0,pretrain,AGivotqSrd0,00031,-4.033196956095264,6.272
train,trainval,4O2JKS94g3Y,50007,0,pretrain,8tEuaj4h8dw,00017,5.9808365531938374,2.048
train,pretrain,xzT6iH2CX4k,00016,0,trainval,tAReayFqUEY,50001,-0.247953179784826,4.032
train,trainval,AJYRJ92g4GI,50012,0,pretrain,v7xAZ2lrel8,00002,-3.4078906764517054,6.016
train,trainval,GDnYDLERnRE,50042,0,pretrain,FzAyOddR5u4,00025,-0.7037325962644694,2.24
train,pretrain,8etnSTnX92g,00009,0,trainval,klUoJxGv9wg,50003,-1.117940290412573,4.288
train,pretrain,0hzSUUdTDUA,00004,0,pretrain,g2J6YOiLNr4,00029,7.5050637697175056,7.488
train,pretrain,BBSVLGf7zPI,00019,0,pretrain,AfnruW7yERA,00010,-2.305901426300016,4.48
train,trainval,hVsnkRoYfX0,50029,0,pretrain,oKtALHe3Y9Q,00033,-2.728881061802751,5.888
train,pretrain,ZJXxySanins,00009,0,trainval,ohGMgSLJCjs,50007,5.591962511363578,2.624
train,pretrain,oSv7E8WK2Iw,00018,0,trainval,XPkV1bDZDl4,50012,-7.168588940609024,5.44
train,pretrain,Znc6TJAAXFU,00005,0,pretrain,YhpMSjbVopo,00024,5.748735274023723,6.016
train,pretrain,2TDLN61HKKc,00042,0,pretrain,NuJg8auo7FE,00017,-9.769267470661266,5.76
train,trainval,rFAdlU2ETjU,50002,0,pretrain,pF72px2R3Hg,00059,2.4968280977437285,3.968
train,pretrain,vpTHi7O66pI,00022,0,pretrain,Qzmt2wQMhYo,00016,2.2581560700773586,4.096
train,pretrain,O4Og5tFNiaU,00012,0,pretrain,tBoBC3nBoFs,00008,7.057313727558437,3.456
train,pretrain,78nsxRxbf4w,00006,0,pretrain,teVE3VGrBhM,00002,7.380680821615847,11.84
train,pretrain,goSQOzc79Uc,00038,0,trainval,KaiwGb0csas,50004,-5.820641707185709,3.008
train,pretrain,ptIecdCZ3dg,00013,0,pretrain,UROCz70tlMY,00023,9.888303866680953,6.08
train,pretrain,STuCsRugKN0,00009,0,pretrain,ZChEFOGSn8Q,00047,3.6434512852987506,5.504
train,pretrain,ZhDgwrKSBWQ,00007,0,pretrain,gaY4m00wXpw,00032,7.817916972768671,6.976
train,trainval,0FQXicAGy5U,50007,0,pretrain,co2enjjt3J0,00001,-0.4382237390287109,5.888
train,pretrain,qu7ZpWecIS8,00015,0,pretrain,rOVkASt39Uc,00014,8.158912692707606,5.12
train,pretrain,ao3NtIZ0iBU,00024,0,trainval,yTR4sADS4qM,50001,6.875552214181077,3.392
train,trainval,twWkGt33XSk,50002,0,pretrain,2t13Rq4oc7A,00019,3.0401891554427696,5.376
train,pretrain,M3mnUMmUAHQ,00008,0,pretrain,tpH2fhwCzSM,00014,-9.52370616225175,7.424
train,pretrain,O6cmKeRV3Z0,00005,0,pretrain,pPgd7Hj3ABQ,00008,1.1898965348095274,17.856
train,pretrain,uSUOduS5MPc,00018,0,pretrain,btF6nKHo2i0,00064,-0.5896781399923192,4.416
train,pretrain,hPVLbEapUD0,00008,0,pretrain,wyhF7q3Sbpk,00007,-0.054684835321626935,4.416
train,pretrain,okQXrB7ySAw,00049,0,pretrain,aTfwA1TaH3Q,00007,-0.10744923977877008,7.744
train,pretrain,BSiNIZ6zZqY,00024,0,pretrain,5w5BhwLzoqg,00026,-2.9802679130598086,6.976
train,pretrain,K2mhMzVCfhI,00006,0,pretrain,Chr3rQ6Vpcw,00010,5.041178201211661,7.488
train,pretrain,D9S6G8J6VJg,00020,0,pretrain,AfljJGTVcKE,00024,-3.3208947170759213,7.488
train,pretrain,h2KQoHMCwlw,00001,0,pretrain,t9c7aheZxls,00010,5.744049877145274,5.76
train,pretrain,7CmqNpCofc8,00027,0,pretrain,BwIGcvBGSRk,00010,-6.193630984404129,3.648
train,pretrain,erCApSBd0AQ,00004,0,pretrain,nmVDcD2olOA,00010,-6.162422631008129,4.928
train,pretrain,URSuWwvpn5c,00037,0,pretrain,Maw4XgS6RAw,00004,9.804441086607817,23.04
train,pretrain,CiJ6ybBSm10,00024,0,pretrain,QdAG161FeT8,00011,3.1413195541750305,3.52
train,pretrain,eAnHjuTQF3M,00002,0,pretrain,eYe0Rca4NbM,00008,-5.551611014954911,8.96
train,pretrain,pF72px2R3Hg,00005,0,pretrain,8khcH5Lqxgk,00011,6.441556587336297,3.52
train,pretrain,f6CILJA110Y,00067,0,trainval,sEOSCziWuP8,50014,7.209884529241478,2.752
train,pretrain,rSSSsisz2SM,00012,0,pretrain,UwtYQFSJSQc,00005,8.41421992260149,4.16
train,pretrain,erCApSBd0AQ,00024,0,pretrain,yuewc0SEn8M,00007,-6.648509739027888,3.84
train,trainval,lV3trdyDdHE,50004,0,pretrain,bB5zR2xYhm4,00040,-6.047226897143519,2.048
train,pretrain,RjrS5EqZlUs,00003,0,pretrain,SEiSloE1rSA,00014,7.198353229476435,9.088
train,pretrain,r9LelXa3USI,00027,0,pretrain,PB2OegI6wvI,00005,-3.8721672358659864,7.36
train,pretrain,0FQXicAGy5U,00005,0,pretrain,fLJsdqxnZb0,00023,3.4422002887643277,7.744
train,pretrain,3nsoNSLS8RQ,00046,0,trainval,6LpSNMaU0r8,50002,3.155078813932013,3.648
train,pretrain,kpfsQbFV5SU,00008,0,pretrain,QHIocNOHd7A,00021,-0.4060151908781311,7.808
train,pretrain,Ligs82S0qN8,00010,0,pretrain,qJ7A74Vx7YE,00007,5.0665287824089305,15.936
train,pretrain,23Uuehgmd14,00012,0,pretrain,oiVSHkItqxo,00016,-6.721696358720206,8.256
train,pretrain,a17Z5Sk2XJY,00033,0,trainval,ElJxUVJ8blw,50033,7.409803398872615,4.096
train,pretrain,gXvblfSgwg4,00013,0,trainval,UWKvpFZJwcE,50022,7.648948133823762,6.016
train,trainval,DJGreSgaOTc,50024,0,pretrain,jKcm96l0uqE,00004,-0.6955338712881431,3.776
train,trainval,QogTFXqFhMw,50001,0,pretrain,KTTtn0iSZyA,00013,-9.133647472536811,4.864
train,pretrain,rTMqGbTNkNg,00027,0,pretrain,3QZp6smeSQA,00020,4.261062480215314,9.216
train,pretrain,gyM6rx69iqg,00019,0,pretrain,u1SdYypojbE,00020,7.107069166075565,7.936
train,trainval,paSYuxyRDuw,50006,0,pretrain,p0aTfcXpOEs,00012,8.847760988641706,5.632
train,pretrain,aUYSDEYdmzw,00012,0,pretrain,UWKvpFZJwcE,00010,-8.161354290198052,8.0
train,pretrain,oHDq1PcYkT4,00038,0,pretrain,NEW8RKyMDV0,00015,7.98850326849141,12.224
train,pretrain,cXQrbxD9SNg,00005,0,pretrain,Y350oOiunf4,00011,-5.894689406764133,4.48
train,pretrain,fSRWTyY2YSM,00027,0,pretrain,3GFG6Cvy9HQ,00008,1.7440417347962018,5.12
train,pretrain,pF72px2R3Hg,00028,0,pretrain,zuAj2F54bdo,00026,3.979225630853767,5.888
train,pretrain,B0YSGU3JqiQ,00023,0,pretrain,YraU52j3y8s,00075,7.724345313843241,6.528
train,pretrain,OwRAFCrsDS8,00033,0,pretrain,S6cX2p5cBVg,00036,2.0472013791322734,10.944
train,pretrain,TureGeSxSew,00004,0,pretrain,yRUCU5FsvTY,00030,3.519821388199002,3.968
train,pretrain,rGaj2VImQec,00026,0,pretrain,ao3NtIZ0iBU,00015,-3.6463181017856705,5.888
train,pretrain,tiWwrdMqvvM,00015,0,trainval,MOFdlEbu15g,50025,-1.3431124984137117,4.416
train,pretrain,9FBxfd7DL3E,00027,0,pretrain,FktsFcooIG8,00011,1.0003684458611133,5.824
train,pretrain,VYU25aJpg5o,00007,0,pretrain,LgBjU8ovWh0,00023,-4.5217168149209375,7.232
train,pretrain,lAzQWtkPzbI,00010,0,pretrain,xEtXItg9hEE,00020,-2.1734735229346818,12.928
train,pretrain,cGrFSZYPAyk,00010,0,pretrain,C74amJRp730,00021,-8.675621867363926,7.36
train,pretrain,CGksAjzI0go,00058,0,pretrain,LUO3jqMlWkE,00001,7.197942349122208,4.288
train,pretrain,uTbASmxo858,00011,0,pretrain,5AN5fPFtV0U,00007,-7.296290000863106,7.04
train,pretrain,XRWTyUVh0BQ,00030,0,trainval,HqawqHB7nDM,50001,9.859396261769792,2.88
train,pretrain,bkeBjPS9ZR4,00022,0,trainval,5XD2kNopsUs,50001,-0.5808801022353798,2.816
train,pretrain,BJsrYqPtXFM,00005,0,trainval,GIt6Z0k3PQo,50023,-5.549384113569609,2.688
train,pretrain,U7y4GlmwPLQ,00043,0,trainval,UQzvNIIMayo,50025,-5.083219558638541,4.288
train,pretrain,ImQrUjlyHUg,00032,0,trainval,iZRGUADAu2Q,50005,-6.849103469838389,3.584
train,pretrain,rufeSSlZJg8,00027,0,pretrain,LsESSyMnwmU,00026,-2.2334823631586502,6.976
train,pretrain,xjuY3lUfkK8,00009,0,pretrain,SqgSz1UmcBM,00028,3.7274050031525796,4.288
train,pretrain,wN3ovSzal3g,00003,0,trainval,DEmjzXi2lfI,50005,3.7767677722988466,5.632
train,trainval,R1vskiVDwl4,50023,0,pretrain,0bop3D7SdDM,00007,4.905527417582821,6.208
train,pretrain,zSXchYY3bnU,00035,0,pretrain,fvoWoMIwrSg,00003,-1.0964100476000471,4.096
train,pretrain,MF2Q6CcGN7E,00001,0,pretrain,MgUTzbGakRw,00004,9.541225526965654,4.928
train,pretrain,qp0HIF3SfI4,00035,0,pretrain,JC7WnzM2Lsc,00011,5.561982130093101,13.056
train,pretrain,k3zZVQPaKKQ,00028,0,pretrain,5ftklsHZ4cU,00011,5.984171906237993,3.904
train,trainval,ZSRaJIMYSMs,50001,0,pretrain,rokPqHc9iD0,00029,8.141638334631104,2.24
train,pretrain,sJCBM9ajA5s,00005,0,pretrain,d0yGdNEWdn0,00005,-5.57225388783519,10.048
train,pretrain,xgKqX5Yj3b8,00014,0,pretrain,d0LQCXCiW8g,00020,-9.245184930738219,10.752
train,pretrain,YhG1Bgbsj2w,00041,0,pretrain,j12BBcKSgEQ,00016,5.3198501873618085,7.168
train,pretrain,FXYFLK0KZio,00011,0,pretrain,SqCWAsd2GP8,00017,-0.6050778885276848,4.352
train,pretrain,CR5krXHkr2I,00018,0,pretrain,B5MkpzMAOZM,00015,-2.4756790084563356,6.72
train,pretrain,IW8mHxAkOtA,00026,0,trainval,lyu7v7nWzfo,50010,-9.869926472758124,4.096
train,pretrain,R6XSIhgJLzA,00004,0,pretrain,ZcFRfJb2ONk,00015,-2.0051177167249996,8.896
train,trainval,ZSRaJIMYSMs,50026,0,pretrain,Erm4vP1vTn8,00005,8.884698373281271,4.032
train,pretrain,yLjxoscCi0A,00036,0,pretrain,IfjI0tVUpbc,00028,0.10347313073368447,4.352
train,pretrain,v8YoSPXN7UA,00011,0,trainval,LS6TWtYWaPA,50009,1.8225051708994187,5.76
train,pretrain,fvoWoMIwrSg,00021,0,pretrain,cplaWsiu7Yg,00027,2.513130972789071,5.568
train,trainval,bLGTrz1Zolk,50026,0,pretrain,xfDUGqGPSfo,00023,3.8841418681607838,6.208
train,pretrain,g2m97gPI70I,00018,0,pretrain,vSjlCJaEwZE,00025,-5.737642808625367,2.496
train,pretrain,IfqdMoKVIR0,00020,0,pretrain,0bRocfcPhHU,00016,-2.736557302765503,4.8
train,pretrain,A71OktxTPac,00011,0,trainval,LETgWDSSzSI,50007,-6.902684466322688,6.016
train,pretrain,TT6qWghHkFI,00002,0,trainval,DajRM7VyeZ4,50013,-8.48883874014165,6.08
train,pretrain,mQOOgDqUta0,00002,0,pretrain,kTz52RWSbD0,00028,-7.271604517697559,13.12
train,pretrain,sPQViNNOAkw,00017,0,pretrain,O4g60zB4Un4,00002,-1.7130659758642928,4.864
train,pretrain,u9GEmyZ8B3Q,00012,0,pretrain,vRK7KKQH9Ck,00007,5.5979509639515825,4.48
train,pretrain,pY6ulSP70HY,00023,0,pretrain,QoTSdOkjEVs,00014,-6.4535955451785965,5.376
train,pretrain,jDy5j0c6TrU,00003,0,pretrain,ygRNoieAnzI,00005,-5.043834772090112,5.888
train,trainval,iSmdpCvfMg8,50002,0,pretrain,HtSRNn0kSSw,00002,2.9114849512473775,4.8
train,pretrain,sa1iS1MqUy4,00020,0,pretrain,0iTehgSOZ8A,00026,-1.3691424646452255,6.4
train,trainval,12OAr0lt4bk,50006,0,pretrain,lqSBVyou38s,00002,8.708930258923012,6.016
train,pretrain,9IgOVOPLTYI,00008,0,pretrain,fIXnJycnkaQ,00006,5.043663102016442,7.744
train,pretrain,E0M1beV91js,00005,0,pretrain,cmFSHbPSjd0,00003,8.14179973017351,5.696
train,trainval,imaWSTabxOE,50005,0,pretrain,VMXdSkW6hns,00017,-0.04032078898551461,5.888
train,trainval,HSpqhMO3ZSY,50002,0,pretrain,JSswZaKN2Ic,00005,-8.054784377878313,2.112
train,pretrain,lnvkNGc6YYM,00005,0,trainval,855Now8h5Rs,50008,-6.942911716580116,3.2
train,pretrain,iAZwvTV3CyQ,00013,0,pretrain,CLWRclarri0,00008,0.15721686054892992,4.672
train,pretrain,sucza6EOIf0,00040,0,pretrain,S98m4Vod6S8,00008,-7.343119556366819,4.736
train,trainval,zIXX3HPgEnI,50007,0,pretrain,gaY4m00wXpw,00027,-7.1328901027062415,3.136
train,pretrain,Maw4XgS6RAw,00001,0,pretrain,ZcFRfJb2ONk,00017,-6.645522397941495,3.648
train,pretrain,YWZmqpQi2y4,00007,0,pretrain,3nsPcBJAdxI,00018,3.5054452995713543,6.08
train,pretrain,YLG871tKZUM,00002,0,pretrain,yyW9W3e9VD0,00019,1.9139658786295008,9.792
train,pretrain,mCZCokSu37w,00021,0,pretrain,7s2CoqypMLg,00012,-1.4547768166494652,7.808
train,pretrain,8OnsjVdEuRk,00011,0,pretrain,YlmZkY1uqXM,00023,6.778471987900517,4.864
train,trainval,ce31WjiVcY0,50008,0,pretrain,tRqVPRwKn2o,00024,5.397922335323052,3.456
train,trainval,stBSQ6CagVo,50015,0,pretrain,axAxSDq3rn8,00005,0.2632609147945981,3.264
train,pretrain,VHECIP6Tz0M,00015,0,pretrain,tsgvhP07BC8,00051,-9.984945982071187,9.856
train,pretrain,cZ7LzE3u7Bw,00011,0,pretrain,06M8qY7Q74Y,00022,5.552515337931432,3.968
train,pretrain,xnLoToJVQH4,00008,0,pretrain,lXNE4MD2X2w,00001,6.369128395074583,13.056
train,trainval,mkdSXHXhCcw,50020,0,pretrain,lXNE4MD2X2w,00040,8.921817048379456,6.08
train,pretrain,21jSOCNLuYg,00002,0,pretrain,nzZA9XTdSLM,00001,1.0396385096349174,10.56
train,pretrain,zCvSZBy6SyU,00014,0,pretrain,6wk4dkYSrV0,00037,-1.9511129441027268,16.0
train,pretrain,H8Pr9Jnulxk,00014,0,pretrain,MvojSku8zk0,00012,4.3828931286886395,17.408
train,pretrain,yioZhHe1i5M,00007,0,pretrain,LSdPxGLesE4,00025,-4.962860982066914,3.904
train,pretrain,NMfXycr7SOU,00007,0,pretrain,ro1Ksq5DihU,00018,9.19598312457672,15.04
train,pretrain,kQa11RMCeSI,00017,0,trainval,x8jdxSlf2Dw,50005,-3.329820615528414,4.544
train,pretrain,34a7UEzZdsA,00007,0,pretrain,UbVZ7rmDYrc,00018,4.133344328187778,18.304
train,pretrain,AhKevstJyrc,00020,0,pretrain,8sQ2p89P0Us,00024,4.421096980579364,2.624
train,pretrain,0lS9NDZ8VZA,00007,0,pretrain,xyIQFI865Sw,00014,-0.39173585926181076,8.768
train,pretrain,VbeovM4RCh4,00003,0,trainval,fv8KpQY0m6o,50010,-0.03166626952833873,2.56
train,pretrain,SwMTKRixZIE,00006,0,pretrain,SgYvy71CSSA,00026,1.2825162091867153,7.36
train,pretrain,xTMZJvfzxGY,00004,0,pretrain,gZpcTVqpaPw,00007,6.291064461918342,13.312
train,pretrain,tX6YpAf6Sco,00003,0,pretrain,2NcetHNXaxU,00030,-5.137982179726011,5.184
train,pretrain,6XS8TA4RBog,00004,0,trainval,SDSjySgNSTk,50001,1.8137633255571206,5.632
train,trainval,p49rv25dx0g,50058,0,trainval,l92bqJNkIao,50010,-1.8150940997621472,5.888
train,pretrain,KqbRh4NIE54,00002,0,pretrain,USnf5kbsMlg,00026,-7.719205716840952,3.456
train,trainval,ImmtTHYU5GQ,50034,0,pretrain,Td2hfdXQ5x8,00026,3.1786803154607526,3.52
train,pretrain,lYdk1NK9Sr0,00021,0,pretrain,jqWHy6B0ADA,00008,5.23589187639897,6.72
train,pretrain,aMrCYPCsLUk,00008,0,pretrain,mKe3QKctaS8,00004,-7.852569442466173,4.16
train,pretrain,QekbuidfQKo,00003,0,pretrain,tRqVPRwKn2o,00042,5.628919337623927,6.4
train,pretrain,8pHzROP1DSw,00006,0,trainval,Zwwanld4T1w,50004,-6.91609694833581,5.184
train,trainval,IMTcuU0KLSw,50029,0,pretrain,IRVdiHu1VCc,00072,0.7947977905027841,2.304
train,pretrain,XSuZ6ukuz5s,00017,0,pretrain,JQ0iMulicgg,00028,3.9840202196200494,15.488
train,pretrain,Qm172DbaSbc,00035,0,pretrain,d8s8e8JdGCc,00033,3.518599400405485,6.08
train,pretrain,jUIfiLplNqQ,00027,0,pretrain,4BwSMSCFdu0,00037,-9.897414417169422,4.48
train,pretrain,qu7ZpWecIS8,00035,0,pretrain,bS7A7S8AZSQ,00011,-0.3755132809770352,14.72
train,pretrain,Zp0pEmSkXiM,00006,0,pretrain,K2mhMzVCfhI,00009,-1.533151128640819,4.736
train,pretrain,ac1mOswXxLs,00028,0,pretrain,2G0wQfUl9EU,00024,2.4581011354649576,12.992
train,pretrain,sa1iS1MqUy4,00021,0,pretrain,n1ARQsdNvmI,00011,0.5067368742394613,5.12
train,pretrain,vbKKoniUxMk,00006,0,trainval,XUW5pfux2IA,50004,-4.867585554426814,4.288
train,pretrain,K74JqctvM2g,00015,0,pretrain,1N39Z0ODeME,00005,-4.2207229550042875,4.672
train,pretrain,8iZSsHd0IlU,00022,0,pretrain,c00zfzk4gdg,00044,-1.5864156203414748,4.096
train,trainval,z4kwU6z6ORg,50008,0,pretrain,B12syeJflbQ,00005,8.93095893303175,5.056
train,pretrain,3B24RaqA33k,00034,0,pretrain,D9S6G8J6VJg,00007,-1.4564271999415084,4.16
train,trainval,3icoSeGqQtY,50013,0,pretrain,V1ItvwxBENg,00031,4.974259055793764,2.496
train,pretrain,iUbfRzxNy20,00037,0,pretrain,mKe3QKctaS8,00029,7.428322173461574,4.608
train,pretrain,7E9a24Nw6Cg,00025,0,pretrain,b9fqIoZoQJE,00017,-6.937661591165232,7.168
train,trainval,ivfJJh9y1UI,50003,0,pretrain,cotBM0laSSo,00038,9.329248081485218,3.392
train,pretrain,vrU6YJle6Q4,00023,0,pretrain,Mjoxh4c2Dj0,00044,-3.625387044661026,6.72
train,trainval,4ZgwzSm7sRs,50031,0,pretrain,yP2niXStKVQ,00009,7.674772498162994,2.816
train,pretrain,ZWfCi9WxK1E,00011,0,pretrain,uBgRo9tnvSI,00001,1.8345437494831387,6.976
train,pretrain,RSl1ramE35s,00014,0,pretrain,S7SXH1CBzGw,00007,2.3476751540278062,5.696
train,pretrain,Qs9m8obl0AY,00007,0,pretrain,JaFSfq2Zn7I,00002,-8.656914393443124,4.032
train,pretrain,ulLFP8axZVQ,00017,0,pretrain,DOYASAY7dO4,00030,-5.413606849021415,5.056
train,pretrain,hrpwRdijvCM,00018,0,pretrain,E0M1beV91js,00028,9.627027969537146,4.288
train,pretrain,chXsLtHqfdM,00022,0,pretrain,txJGm6zhiBA,00009,-0.9185151143149461,5.824
train,pretrain,P7n2rYt9wfU,00001,0,trainval,FD5ZKiSmoMU,50009,2.352689183967982,3.008
train,pretrain,J6tgYBMXR6s,00014,0,pretrain,aR6jLD1USW0,00016,3.602689722766165,9.28
train,pretrain,S9PEogIrHSk,00042,0,pretrain,CprpSEjVtwA,00017,-8.048563892891671,4.928
train,pretrain,jZxLsDkvkVQ,00022,0,pretrain,eJZSzNuKX7c,00025,-8.360263107328077,8.832
train,trainval,AoAbPIbGLUo,50028,0,trainval,CbS6PPBJJB8,50012,-0.7393198268409389,2.24
train,trainval,u9Lu85L111Y,50008,0,pretrain,l1fodZNF1GI,00002,7.372087725800618,5.632
train,pretrain,0g2WE1qXiKM,00001,0,pretrain,XRWTyUVh0BQ,00042,6.04779079680322,4.224
train,pretrain,cQl6jUjFjp4,00007,0,pretrain,4geb9DS0lhs,00004,3.9927331496761376,5.824
train,pretrain,GMc8aSoCE30,00015,0,pretrain,IkJSZGQaeak,00017,6.7391475777682395,6.336
train,pretrain,DqbM1ZrpTQg,00001,0,pretrain,y62pJTJkfbg,00022,-5.341713748185981,10.496
train,pretrain,Chfoo9NBEow,00012,0,pretrain,In6iAXTnqEo,00001,-1.3396846234551454,20.928
train,pretrain,1QQ3gWmd20s,00001,0,pretrain,UROCz70tlMY,00045,-2.7717162105474413,4.928
train,pretrain,HSZ1ZvjlKDE,00019,0,pretrain,u4m65sbqbhY,00004,2.714464387957925,5.888
train,trainval,o8xWaNpSlbI,50002,0,pretrain,moS9iMlmsP0,00010,-4.648260490743283,2.432
train,pretrain,Bqx8abrSIYo,00001,0,trainval,cotBM0laSSo,50017,-0.11707010540975205,3.136
train,pretrain,t1sYh9itUvs,00006,0,pretrain,sSXv06gUX3Y,00004,-3.4163059817776587,8.64
train,trainval,0MMSpsvqiG8,50002,0,trainval,DWZsOe1j2w0,50009,-9.219813656195889,2.304
train,trainval,o4Nno6POrwE,50001,0,pretrain,7CmqNpCofc8,00031,-3.9257872357318435,6.016
train,pretrain,EfXidZmAW1s,00023,0,trainval,xlGG1OSpbKk,50002,6.273250608878051,6.208
train,pretrain,ytJyT9oDEm4,00004,0,pretrain,tTcl5I0Wbzk,00013,3.364658877567271,3.904
train,pretrain,pMUv6UWkuWw,00017,0,pretrain,DcKdClnpz4k,00028,2.9073265394132957,3.776
train,pretrain,DeUDQo1sYAw,00017,0,pretrain,X9NFPZGyDPg,00024,-3.3102671596305466,9.344
train,pretrain,weCFbknwZa8,00007,0,pretrain,kZP8KqrSbcw,00017,1.1324883288283374,6.848
train,pretrain,FSS4Kv6MlG0,00011,0,pretrain,jdMv5x8SBuM,00005,0.9902255290959516,16.704
train,pretrain,19Hj93IgbeQ,00004,0,pretrain,VM6HZqQKhok,00037,3.3479363897172636,8.0
train,pretrain,joyi6anTSFQ,00021,0,trainval,v22SdEMzxO4,50003,4.641079741389607,4.608
train,pretrain,D9xJl4S6NsM,00023,0,pretrain,WLj0uepcPFs,00001,-8.194070955099626,4.224
train,pretrain,no809a9j25w,00005,0,trainval,avuhY7D71sQ,50032,-8.411817284239945,3.52
train,pretrain,j644FLPS5oE,00003,0,pretrain,eD9F5HdyKqU,00007,3.658241664364702,6.208
train,pretrain,YMyofREc5Jk,00040,0,pretrain,dTwXeZ4GkzI,00025,9.553709729847846,13.12
train,pretrain,MEDgtjpycYg,00030,0,pretrain,VYU25aJpg5o,00036,-2.549431231041252,6.592
train,pretrain,6k8YBJ5sgko,00003,0,pretrain,SZSc5UCSZS0,00003,0.37218665022184183,5.44
train,pretrain,3GBrJiSMFu0,00001,0,pretrain,dvuh1Np35Pk,00006,7.854480839270131,7.296
train,trainval,XAcARiiK5uY,50014,0,trainval,Mjoxh4c2Dj0,50009,4.582812650116143,6.208
train,pretrain,97rrxS1yBU0,00007,0,pretrain,b81YwSOs8RM,00026,2.0844403350751612,5.376
train,trainval,jyYjI7zQlaA,50006,0,pretrain,zORUUqJd81M,00029,6.466463855679034,6.08
train,pretrain,ZBWsmoy5Re4,00008,0,pretrain,8iZSsHd0IlU,00008,5.573548899933076,12.16
train,pretrain,NcmxEPOQQzg,00022,0,pretrain,6bVhrpkp0WU,00005,-4.904345823256677,19.136
train,pretrain,E2qmkUsf6Y4,00006,0,pretrain,ImQrUjlyHUg,00061,-6.152599425757028,5.952
train,pretrain,TBnNbyi4AN4,00002,0,pretrain,fbeFn1Xcqo4,00011,8.942642088603876,9.856
train,pretrain,SS3qnZrVy9o,00032,0,pretrain,zqnZCSVsqPw,00014,1.8900040959858622,5.44
train,pretrain,iNOE0dZpHcY,00038,0,pretrain,SKx2lfobPuU,00020,1.095473491691365,3.584
train,pretrain,jVcaTtJmRNs,00009,0,pretrain,SfQVotsYV0Q,00006,0.8486560048906711,3.456
train,pretrain,UzuUljhS9uI,00012,0,trainval,wYCSHKl4RPU,50003,-5.451116542298957,5.888
train,pretrain,UY2tyuSOcyo,00004,0,pretrain,EZwxKPv1CwA,00068,-5.295284227944064,10.112
train,pretrain,dSykikzbckE,00019,0,pretrain,mKkF6mAlX4k,00028,-6.796367461454129,7.808
train,trainval,lfBpsV1Hwqs,50012,0,pretrain,GhpFTQfiqCs,00006,-1.5821920737471906,2.368
train,trainval,jKM0jlPW8x0,50002,0,pretrain,XSuZ6ukuz5s,00024,-6.055533729074318,4.096
train,pretrain,YbtrDM1aJF0,00003,0,pretrain,4fyvDMFriRI,00019,-1.343767327111614,6.72
train,pretrain,OWq7ToR2U8Q,00007,0,pretrain,qS7zAkwAOYg,00024,-4.538292606730614,5.312
train,pretrain,0af00UcTOSc,00027,0,pretrain,TXaXvrd3jS4,00005,8.63334581570252,10.752
train,pretrain,Hh09xlzxRmE,00003,0,trainval,V3CLRL32Mcw,50016,6.644802511607196,5.888
train,pretrain,7sqeoYOQ4qg,00001,0,trainval,aSLSiIskEFU,50021,9.224890946635352,2.048
train,pretrain,MpISFKqk0Ew,00004,0,pretrain,VL5zqmpiJlQ,00014,1.642798103182379,7.808
train,pretrain,5pIGDw18mIQ,00029,0,pretrain,xAgawjzimjc,00013,5.077689915400965,13.888
train,pretrain,b3H9V1jq0A8,00023,0,trainval,sNV4yIyXXX0,50033,-2.945093427827188,6.208
train,pretrain,3GBrJiSMFu0,00007,0,pretrain,deT1mILtFEY,00022,8.406748696433397,8.0
train,pretrain,nG1oCU0ijP0,00003,0,pretrain,AyWtIwwEgS0,00031,-9.360358074637036,8.64
train,pretrain,OLHh9E5ilZ4,00040,0,pretrain,MF2Q6CcGN7E,00012,0.7674574128031093,2.24
train,pretrain,l5ZJ6bK1EIc,00003,0,trainval,VPweEhht9y4,50004,4.227219702870293,4.288
train,pretrain,0sYguTPLpHE,00060,0,pretrain,2BOTS9GAjc4,00017,-3.0381492120212776,14.208
train,trainval,nn5k4snG3rA,50038,0,trainval,bnvnBwP9sTo,50001,6.638728389949684,2.304
train,trainval,7LE4MoJS2po,50003,0,pretrain,cotBM0laSSo,00038,-9.930474203140305,3.392
train,pretrain,jv8m8rycnQs,00009,0,pretrain,3M29BY86bP4,00015,6.1285158683399175,4.096
train,pretrain,H8Pr9Jnulxk,00021,0,pretrain,6qTfX4U6CS0,00048,0.28703711235913687,17.92
train,pretrain,OLHh9E5ilZ4,00035,0,pretrain,SbphPa7Wp4c,00017,6.087150082092801,5.824
train,pretrain,OSGHRMKrVM8,00037,0,pretrain,Mgbf3cq7lms,00021,7.429278696935629,3.648
train,pretrain,MLKj1puoWCg,00010,0,pretrain,jFd96USLjbM,00024,5.890041015543499,4.288
train,pretrain,hgWie9dnssU,00017,0,pretrain,iRsCUJxIrVM,00006,-0.9965695311116178,25.536
train,trainval,ibcgMSS0mAs,50003,0,pretrain,qNvDRuGK84I,00015,-0.645149099819573,3.2
train,trainval,IdW9UYlxlVY,50004,0,pretrain,tTvIEUGCigk,00016,1.7496389706518976,2.56
train,pretrain,7A66iZQXNh4,00023,0,pretrain,gJv1WdMUz0w,00017,5.054653008027977,5.12
train,trainval,0N1oA9LUEc4,50002,0,pretrain,dE1DuBesGYM,00044,6.969982046614568,5.76
train,pretrain,BISrGwNSyH4,00004,0,pretrain,gVSyVSIybBM,00008,6.590191199789853,4.096
train,pretrain,RjyxIsE3V2g,00014,0,pretrain,gdg4mUSwuhI,00009,7.273673462507794,32.32
train,pretrain,cAsEeYSQE1U,00005,0,pretrain,NEC7TiHoxvI,00013,8.40428219128745,5.184
train,trainval,HfotnZVEq80,50001,0,pretrain,fCKNScHMBGE,00004,-4.626504207170965,3.776
train,pretrain,NEC7TiHoxvI,00013,0,pretrain,EBKSa94IFHY,00034,-6.546682001217707,5.184
train,pretrain,NgVwPj54TEo,00017,0,pretrain,OwfyH5S6bpA,00017,8.432143274144195,4.48
train,pretrain,FKQavJZHRJU,00002,0,pretrain,OmMv9tShW8k,00038,3.1553343358074812,9.856
train,pretrain,2g9GedPylM8,00009,0,pretrain,YGoI3B86iX4,00021,0.3831531633847103,4.608
train,pretrain,Yp3kmJ4kjHQ,00011,0,trainval,G1RRbupCxi0,50003,-7.7972272722469915,2.112
train,trainval,txJGm6zhiBA,50006,0,pretrain,ooUqOwhS2LE,00006,-3.916193784533495,6.016
train,pretrain,YrZThoSoSis,00017,0,trainval,RjgBko1p5wY,50001,5.997345284138724,5.056
train,pretrain,Ja5UAq09lps,00015,0,pretrain,6MBaFL7sCb8,00004,6.724649937386296,23.936
train,pretrain,U5kIdtMJGc8,00047,0,pretrain,3bFabjnryE0,00011,-7.930154248679955,7.936
train,pretrain,wBObnvIZGwE,00005,0,pretrain,UQkIbUvcs7w,00020,3.402022252572941,4.16
train,pretrain,tRqVPRwKn2o,00026,0,trainval,DqCsQqy9MyU,50015,-2.368477800663637,3.264
train,pretrain,Uq1idqpX9SA,00017,0,pretrain,sLiM2SizFl4,00045,6.8247907978093245,4.032
train,pretrain,M1o3FS0awtk,00032,0,pretrain,5RLqVpo3j20,00019,-7.803426561295219,4.224
train,pretrain,9VOHt1oULJ0,00003,0,pretrain,150cqgYh8sQ,00029,-4.573896787557558,23.232
train,pretrain,uNDWvejza4c,00009,0,pretrain,pvBlSFVmoaw,00006,6.2277500613577494,3.776
train,pretrain,rTJpJlVkRTA,00041,0,pretrain,niASMK9RoAI,00013,6.096804124836094,4.544
train,pretrain,CHh6hWo1AFE,00006,0,pretrain,KCL8NjN7FMQ,00066,-2.8728832322716125,9.728
train,pretrain,qQDC7c2I8l8,00003,0,pretrain,gLdBqrTOQxc,00006,4.54956403371618,10.176
train,trainval,sjPRN2XGSts,50001,0,pretrain,ygKNRnz7q5o,00012,5.3122239370095485,5.76
train,pretrain,8olL43PKJKw,00023,0,pretrain,nn5k4snG3rA,00006,-5.511037894364314,13.44
train,pretrain,Iv3Ud7Shv9g,00019,0,pretrain,F6NU0DMjv0Y,00022,7.346185011578825,8.64
train,pretrain,SeJwaOCYWwM,00005,0,pretrain,vJ66jv8ICjc,00016,9.359682079608685,7.424
train,trainval,7LE4MoJS2po,50009,0,pretrain,jnS66SszwEs,00014,-5.852935513165023,6.208
train,pretrain,y66YKWzSsf0,00012,0,pretrain,SrqmuYvk3iQ,00030,-2.8669550247809656,6.976
train,pretrain,b6rAgHcuYtE,00013,0,trainval,Bqx8abrSIYo,50002,6.5715489737597395,2.112
train,pretrain,kiDfwUQySEs,00024,0,pretrain,pMNxSROBwrg,00006,4.90141614631559,14.656
train,pretrain,TWPahtyJDsI,00039,0,pretrain,gWPFJgLAzu4,00015,-1.688937585268583,9.344
train,pretrain,6Eu964BbJO4,00004,0,pretrain,b2MSSeKey4o,00014,6.935544018387688,11.52
train,pretrain,4ZB29iqSZd8,00001,0,pretrain,GMc8aSoCE30,00025,5.8595750404311815,6.656
train,trainval,OAK1UIbSFio,50009,0,pretrain,bz3AtnMH7nU,00003,9.480480797991333,3.776
train,pretrain,3aYWvujaT6M,00025,0,pretrain,pNTylSnUOVo,00021,-9.876145275477446,11.776
train,trainval,3o655tLnik0,50001,0,trainval,avuhY7D71sQ,50022,5.075671880249633,3.136
train,pretrain,jUHE4SE3Mcg,00019,0,pretrain,SMi3rHuK0c4,00035,2.567427393245943,15.936
train,pretrain,AjF0rquH11U,00013,0,pretrain,ydzNAuqUAnc,00015,-0.4661512591431993,12.992
train,pretrain,6bVhrpkp0WU,00021,0,pretrain,YraU52j3y8s,00065,6.952705691486969,8.64
train,pretrain,ARGkp6am3S8,00021,0,pretrain,jodhovumkHQ,00030,8.290712770051847,5.888
train,pretrain,lUO0xDSJQVI,00020,0,trainval,VN357QrUdEc,50028,-8.35407517001445,3.776
train,pretrain,11Mq9ZuxZMc,00013,0,pretrain,hFgPtuzgw4o,00036,-2.9816487368058393,4.416
train,trainval,joyi6anTSFQ,50003,0,pretrain,JD4O7ama3o8,00042,0.1985540128758334,2.432
train,pretrain,Sb2qXygFm8U,00020,0,trainval,5aLiFw8CSEA,50013,-7.66191412074231,3.392
train,pretrain,mwzBJF5Q7Vw,00024,0,pretrain,N37x4GgDVBM,00014,2.3669334426331208,4.48
train,pretrain,uYaF8pSTNSU,00069,0,pretrain,th3nnEpITz0,00028,-3.9258538099058278,9.216
train,trainval,T2jwSUhu7ok,50004,0,trainval,eS44GSkE8lE,50007,-1.637328157715574,3.2
train,pretrain,lGbuCmuTJHg,00034,0,pretrain,iEySxTbcr2A,00006,6.178852805287647,6.848
train,trainval,ONXYcNS7k1Y,50003,0,pretrain,0YeVt2kpSSo,00005,2.675269578257433,4.032
train,pretrain,RPicL1AWrs8,00028,0,pretrain,gB23pKmyIHM,00009,4.679893752520499,8.96
train,pretrain,y2X7c9TUQJ8,00034,0,pretrain,SjaWs87t5UM,00018,3.2418054213419474,9.216
train,pretrain,Mlt6kaNjoeI,00016,0,pretrain,DJGreSgaOTc,00047,-5.409657193931596,6.08
train,pretrain,6VWPHKABRQA,00031,0,pretrain,EYgoqiX15Rw,00006,2.498323201759206,4.288
train,pretrain,qp0HIF3SfI4,00033,0,trainval,pOWgXxoSTNM,50001,-3.21521384664255,6.016
train,pretrain,8FKYe2v0teI,00013,0,pretrain,9SGSSQssNj4,00007,2.7091575410580795,16.576
train,pretrain,m2SLpM5uL5g,00004,0,pretrain,3EvQGpQtX8o,00002,7.586951178153235,8.256
train,pretrain,SCCG81UbruY,00001,0,pretrain,E2qmkUsf6Y4,00016,-4.921391846558027,2.368
train,pretrain,zXCiv4sc5eY,00004,0,pretrain,raCIUeGUr3s,00055,-8.13366663162194,10.56
train,pretrain,dwU8eavPInw,00051,0,pretrain,VLze6W7SvyY,00001,-4.824427999180463,3.84
train,pretrain,3yfFwDq4R5M,00030,0,pretrain,WbuIl6phdco,00029,1.8546350675139642,4.608
train,trainval,UxLRv0FEndM,50009,0,pretrain,5cQoGNEcc5Q,00012,-5.039814227386172,3.52
train,pretrain,8xHrpO6p7dE,00004,0,pretrain,aR6jLD1USW0,00027,0.282626420780943,2.88
train,trainval,N8Votwxx8a0,50007,0,pretrain,gSUvy6pvLA4,00025,2.903738550071143,3.264
train,pretrain,szU2S1infqc,00008,0,pretrain,MLvwTlbj1Y8,00026,6.292326759239284,7.36
train,pretrain,Yo5cKRmJaf0,00035,0,pretrain,GJWSZgjz7G0,00011,4.454522472883056,7.04
train,pretrain,QAd54DkXCr4,00018,0,pretrain,BzDEFAGvShc,00018,5.740003050432996,18.496
train,pretrain,aEjUlH7bNDo,00012,0,pretrain,qp0HIF3SfI4,00001,6.540134887448449,4.544
train,pretrain,RRRDYBwjjU0,00008,0,trainval,T2jwSUhu7ok,50004,-5.186296330355377,5.248
train,pretrain,1OQkdRdfyjI,00003,0,pretrain,85bqT904VWA,00012,6.448991227593762,5.248
train,pretrain,FjibavNwOUI,00007,0,trainval,S98m4Vod6S8,50004,3.8599903503094133,3.84
train,pretrain,XkiXXPShycA,00028,0,pretrain,oW91ATcgXVc,00001,-5.1876724241478644,22.016
train,pretrain,6AvXhgXlGpE,00044,0,pretrain,FdHJw0veVNY,00025,7.905628056246993,4.288
train,pretrain,VM6HZqQKhok,00052,0,pretrain,fDzj9vRw5yM,00014,-4.92964670824909,14.528
train,pretrain,xp0O2vi8DX4,00013,0,pretrain,DShPct3oIow,00009,-4.925473908591158,5.12
train,pretrain,v3oSF94S4FI,00006,0,pretrain,rToBZSrxjgM,00004,-2.074800396499114,3.456
train,trainval,7SjWguOXVwE,50001,0,pretrain,pF72px2R3Hg,00010,5.435249937947656,4.736
train,pretrain,rKtmsVa4Kvk,00024,0,trainval,7shXEFuxHAA,50007,2.149864596009545,6.016
train,pretrain,jobYTQTgeUE,00026,0,pretrain,Soe7yjlFEJ8,00005,5.443746936949065,5.184
train,pretrain,19MSMRPgPYc,00004,0,pretrain,PdxPCeWw75k,00004,-2.265373827512331,16.768
train,pretrain,6qTfX4U6CS0,00029,0,pretrain,rufeSSlZJg8,00020,0.8644734550001925,8.96
train,trainval,bVV2Zk88beY,50001,0,pretrain,COwSbfCgXBw,00021,-3.616880692415368,6.08
train,pretrain,gZlzCc57qX4,00040,0,trainval,fm9SH6NucHk,50001,8.850026976144683,2.368
train,pretrain,5RAJvzV9jSo,00009,0,pretrain,SdBPkbi4SR8,00009,-7.1232885893418025,4.736
train,pretrain,XAcARiiK5uY,00010,0,trainval,jUHE4SE3Mcg,50002,4.8101607454676945,2.496
train,pretrain,guXxy8LH2QM,00010,0,pretrain,Tg35UfOJhe4,00011,7.364719390089579,6.208
train,pretrain,Y350oOiunf4,00014,0,pretrain,bdEF9WEiO5g,00003,-3.336570804322685,4.736
train,pretrain,h4GEMYsrJSY,00003,0,pretrain,JSuTsrxfYWQ,00041,-8.118570063563212,12.352
train,pretrain,GtXyGFMBWBs,00034,0,pretrain,LSdPxGLesE4,00062,4.126117639272525,4.416
train,pretrain,3DsHHfu4Sco,00014,0,pretrain,VekRvcbL4yk,00025,-5.360942169282459,7.168
train,pretrain,7udZ5ux0dYE,00001,0,pretrain,06M8qY7Q74Y,00029,-2.3018260827897485,4.928
train,pretrain,4oFGmxZ2nqE,00012,0,trainval,TUtxSwC5mqA,50008,-4.910950946966032,6.144
train,pretrain,2dRlssVF7fc,00023,0,pretrain,tTcl5I0Wbzk,00003,-7.767832508690951,5.76
train,pretrain,y8qc8Aa3weE,00016,0,pretrain,S9ry1M7JlyE,00027,-4.797438886619596,6.528
train,pretrain,aeVtSWlH1qY,00007,0,pretrain,sLiM2SizFl4,00044,-9.545635338713737,9.216
train,pretrain,gzthxdm7XNs,00005,0,pretrain,eH5qxw6Pd1c,00009,-3.2677310000531934,6.976
train,pretrain,Ctz4E2ARkCg,00014,0,pretrain,4Lb5LSVEm34,00030,0.09860787288891792,5.696
train,pretrain,N37x4GgDVBM,00004,0,pretrain,NVPxmzSPvUw,00025,-9.333681787429203,5.696
train,pretrain,0snNB1yS3IE,00007,0,pretrain,kcwBHSUevxo,00002,4.026546588406092,4.416
train,pretrain,v7UKkzIaSsQ,00016,0,trainval,deT1mILtFEY,50014,-4.064379604513539,4.288
train,pretrain,fVhggGSjXVg,00004,0,trainval,A27QjpQSIeo,50004,-4.932315364597192,2.048
train,pretrain,0FQXicAGy5U,00022,0,pretrain,vo2cse4CoGM,00010,3.720638253533572,11.392
train,pretrain,DG7kSeazMQ4,00015,0,pretrain,rokPqHc9iD0,00035,0.05913287976721193,7.04
train,pretrain,2G0wQfUl9EU,00013,0,pretrain,HCgvSHNoJrY,00011,-1.6496052960010985,5.376
train,pretrain,xY7kVVS2HVY,00004,0,trainval,5nrn5fC001Q,50009,-0.5045467414512324,4.608
train,pretrain,ZpT0cw9bmiw,00026,0,pretrain,0C5UQbWzwg8,00020,1.6438277662299257,5.76
train,trainval,hHEVMhHDP1E,50005,0,trainval,S2OzLREwHtI,50010,5.418934201590886,5.568
train,pretrain,SJ0G1iCLzCA,00017,0,trainval,CsqSDpmgsQg,50002,5.965660866086605,2.432
train,trainval,SsU5CJRaKP8,50003,0,pretrain,hxJ8LELZCjo,00001,2.94607882478158,5.504
train,pretrain,ASOvJjAw2Jo,00004,0,pretrain,acJscdoP2a4,00016,-4.900206727295027,6.72
train,trainval,ScvI1jKxlTM,50008,0,pretrain,wz0mlDELSo0,00003,0.19631944628753395,4.288
train,pretrain,R21MsHQA8vM,00023,0,pretrain,v3SZTqj2Skw,00022,-6.854901944333534,9.6
train,pretrain,YkzwHuf6C2U,00004,0,pretrain,HaHeAdJNa70,00020,9.966627069009114,4.224
train,trainval,TM4HiNOhkM0,50002,0,pretrain,BczB8oqYL0g,00011,-3.811184154207319,4.608
train,pretrain,W8OiVZrAj4c,00013,0,pretrain,8sQ2p89P0Us,00009,7.04826318018856,6.656
train,trainval,cWcVPpxezE0,50005,0,pretrain,HS8y0WLm78U,00055,-8.341215576803947,5.12
train,pretrain,7Y2sjSG4Njg,00006,0,pretrain,kQa11RMCeSI,00018,2.936470362521348,6.208
train,pretrain,T2jwSUhu7ok,00013,0,pretrain,S2HS8IfxzT4,00006,3.555528582952217,4.032
train,pretrain,RG5QP2EVUVY,00027,0,pretrain,py1RrSdVt5A,00004,-4.7027525986560565,5.568
train,pretrain,Plv4qGDjCOA,00007,0,pretrain,ema8O7xqjvk,00035,5.019402683504257,3.456
train,pretrain,VlC93dig40E,00001,0,pretrain,NXfYNdapq3Q,00004,-3.4356070429617596,5.12
train,pretrain,FXYFLK0KZio,00004,0,pretrain,wgPLGS1BvQo,00059,-1.7000249675343468,4.16
train,trainval,zZJSgrzZNdY,50001,0,pretrain,9y7YEmyzSDo,00009,1.4884123227820005,3.2
train,pretrain,bX32UShfri4,00009,0,pretrain,mArrNRWQEso,00077,7.187616626385509,6.912
train,trainval,P4pKrxVcvJc,50002,0,pretrain,u9Lu85L111Y,00015,-8.193609867946396,5.632
train,pretrain,Uvli7NBUfY4,00005,0,pretrain,gPEECGFJFb8,00003,-8.593311880287335,4.288
train,pretrain,MoSmgcxGYYE,00033,0,pretrain,xYemnKEKx0c,00053,-1.3698261327404992,4.032
train,pretrain,eJ89At9Xxws,00015,0,pretrain,LlQXs0yofMs,00033,-0.8849745253847061,8.384
train,pretrain,Pl8OlkkwRpc,00007,0,pretrain,iOByGJskqks,00026,1.2528201277868405,6.848
train,pretrain,W9YBCwgrwQA,00004,0,pretrain,v8YoSPXN7UA,00010,-2.4074304480788307,24.768
train,pretrain,8gSAkUOElsg,00005,0,pretrain,snHSSUcGSSE,00021,-2.2874632751864983,6.208
train,pretrain,OJptdCCrcr4,00005,0,pretrain,SgYvy71CSSA,00030,7.180692678008729,7.808
train,pretrain,RxqyO5hafdk,00025,0,pretrain,65e2qScVSK8,00014,-5.972282163820166,21.696
train,pretrain,yTR4sADS4qM,00004,0,pretrain,aeiSXpmMQys,00007,-5.698435736590115,6.72
train,pretrain,5l4cA8zSreQ,00017,0,pretrain,3M29BY86bP4,00018,-9.24162637751042,2.56
train,pretrain,mpqrO2agOTs,00008,0,pretrain,K9SQUZbAIoY,00016,1.1782389253647665,5.184
train,pretrain,Sx4Gsh0r9HU,00019,0,pretrain,9YR8jNtV4BE,00013,4.573436869092756,5.312
train,pretrain,eyBEIx7fCfY,00016,0,pretrain,z5ncIwCZDGU,00006,-4.871182952115641,19.008
train,pretrain,HA7GwKXfJB0,00027,0,pretrain,pMYYxSim5QI,00015,7.91644715488513,3.968
train,pretrain,KzeQSZ3bQ2g,00020,0,pretrain,AyWtIwwEgS0,00019,-7.010638973382672,5.824
train,pretrain,tX6YpAf6Sco,00011,0,pretrain,YyuScSjkGSs,00003,-2.871664631552539,6.4
train,pretrain,N9HF8mMe2pU,00009,0,pretrain,rN7VcY1fS1Q,00038,-5.399675165572857,5.504
train,pretrain,sNbGUSI9HWw,00012,0,pretrain,6WeS1bXRBOk,00013,9.577960471943246,7.616
train,pretrain,HS8y0WLm78U,00017,0,pretrain,HQIi3nUXh0g,00004,2.9534288008295295,9.024
train,pretrain,9YGZkgkj3fM,00006,0,pretrain,qEZmFR1WS7g,00034,-5.239382435596108,4.224
train,pretrain,IkJTwfHPv6A,00025,0,pretrain,9vpqilhW9uI,00013,-5.916900255872541,15.616
train,trainval,B4xOFsygwr4,50010,0,pretrain,C6mNITMY7e0,00021,5.992348140934848,2.048
train,pretrain,erCApSBd0AQ,00012,0,pretrain,FpHPVrsEkYY,00030,6.9263031453340815,9.344
train,pretrain,qtAZbSZESOU,00007,0,trainval,HpiZTvlWx2g,50026,5.997120683390964,5.248
train,trainval,asgdGSGQBgY,50007,0,pretrain,jIftWB0JMio,00001,-4.076710933845737,6.08
train,pretrain,gS3iLapiTCw,00025,0,pretrain,IRxgDMSp9Gs,00014,4.969397146240269,7.36
train,pretrain,aPjvEaE6VXs,00002,0,trainval,kDXJhxLzmBQ,50008,9.151464853420201,5.12
train,pretrain,FAubx3BBgLk,00008,0,pretrain,CXvUdCdKTJY,00026,3.2199840676855924,5.376
train,trainval,0OkOQhXhsIE,50007,0,pretrain,Nhx1SyXMwCg,00015,-9.396686421072012,4.48
train,trainval,lnigGtrwAfs,50002,0,pretrain,iHWIZsIBj3Q,00005,9.173943063981511,2.112
train,pretrain,R84vqXjXWJc,00008,0,pretrain,c00zfzk4gdg,00026,1.2387538232636413,7.68
train,trainval,QBDShp6U7tU,50012,0,pretrain,T8VS0LUCgmk,00016,3.1817199919994756,3.968
train,pretrain,5cQoGNEcc5Q,00001,0,pretrain,ux1GxExRUUY,00014,7.076924335510256,13.44
train,pretrain,iFTWM7HV2UI,00026,0,trainval,oHDq1PcYkT4,50001,-2.685824314685556,2.176
train,pretrain,BFK2knjj4lQ,00010,0,pretrain,jsZDlBU36n0,00025,-6.740000486707616,4.032
train,pretrain,zA6SpcEz8Ls,00008,0,pretrain,DGvPfD1Dd1U,00013,4.360002564032641,8.768
train,pretrain,RsxlLsHtoBI,00007,0,trainval,Df2JBnql8lc,50019,-8.473970708658884,3.52
train,pretrain,NMBNZspmn7I,00017,0,pretrain,hyHUVPG33QI,00005,3.2946568136860144,3.648
train,pretrain,hRSw8DBbFr8,00009,0,pretrain,SzFHlwInGwI,00001,2.9294281493322174,9.28
train,pretrain,KjKBOo5tFX8,00005,0,pretrain,x7I5BWWS0c8,00010,-3.5851458393549347,3.712
train,pretrain,IgKWPdJWuBQ,00007,0,trainval,SwMTKRixZIE,50008,-5.707776058082756,3.328
train,pretrain,dUdCToPPK5A,00010,0,trainval,2cYDyMnL4M8,50006,6.148985387691525,4.672
train,pretrain,2L1R7OtJhWs,00021,0,pretrain,nz0cAjXVepg,00018,4.827864128879613,7.488
train,trainval,SGG97dDfZ7E,50002,0,pretrain,5c6AADI7Pb4,00022,-6.3303409270765565,6.208
train,pretrain,eqDgt12m26c,00011,0,pretrain,9YR8jNtV4BE,00029,9.469349750079601,11.648
train,pretrain,AfnruW7yERA,00022,0,pretrain,uNQujCwCu88,00030,-2.3553667501047677,6.4
train,pretrain,mi9B40hZYAo,00012,0,pretrain,hFgPtuzgw4o,00054,-9.125744825079112,5.888
train,pretrain,yLjxoscCi0A,00019,0,pretrain,Urk3xn7l3AM,00024,-3.771037430656474,4.8
train,pretrain,cMXFiYhm79g,00011,0,pretrain,2wseM6wWd74,00035,-1.1924238918375814,7.616
train,pretrain,BnC6IABJXOI,00055,0,trainval,GYzLcpN8dso,50003,2.4545620329405473,6.144
train,pretrain,mk3KSVrveSE,00003,0,trainval,3NQZOXtc9uo,50001,-5.880162309256944,2.816
train,pretrain,yXTtHmj1sr0,00009,0,pretrain,RxmzCJug9HE,00017,6.302122513929753,9.792
train,pretrain,7Y9W1Gex660,00020,0,pretrain,rSxVSM0KPo0,00018,0.19759075912929625,5.12
train,trainval,7Xmr87nsl74,50009,0,trainval,g985z9Wq5gk,50007,-1.7234238521535143,2.24
train,pretrain,okQXrB7ySAw,00031,0,pretrain,kYXiegTXsEs,00027,0.33818808840284476,4.544
train,pretrain,Tg35UfOJhe4,00026,0,trainval,avuhY7D71sQ,50028,-7.634444006230496,6.144
train,pretrain,qItCBNzqdn8,00016,0,pretrain,hJZ0pAoxksE,00014,-0.5549267057857872,10.688
train,pretrain,yyW9W3e9VD0,00001,0,pretrain,F2dFiK3wkRA,00026,2.052906637132077,9.024
train,trainval,6bVhrpkp0WU,50012,0,pretrain,rpOwTspdwkI,00010,-0.15752421249002602,3.136
train,pretrain,fSErHToV8IU,00006,0,pretrain,wvCMZBA7RiA,00009,-5.762252764923,10.624
train,pretrain,1ZQmwVYNgPc,00001,0,trainval,vMwPTI54rqQ,50032,-4.957300007624077,6.208
train,pretrain,CSeFjLZqXt8,00009,0,pretrain,RKK7wGAYP6k,00005,4.687955625841106,11.968
train,pretrain,dsT5eVSm7BA,00019,0,pretrain,Df2JBnql8lc,00015,6.9395038722417155,5.504
train,pretrain,P7n2rYt9wfU,00001,0,pretrain,tNKdc6Lxcvo,00015,5.154151354178751,3.008
train,pretrain,UWKvpFZJwcE,00049,0,trainval,X41iulkRqZU,50008,-8.967864973685648,4.928
train,pretrain,eMVWSUeeg8A,00007,0,pretrain,sBsuIAscshE,00037,9.828765765651735,4.544
train,trainval,xRL2vVAa47I,50012,0,pretrain,SpUtz75lNaw,00003,-3.5479113553622854,6.208
train,trainval,7SRGn75JcZ8,50004,0,trainval,jxKUDXrtDFI,50004,-7.497134599364754,3.008
train,pretrain,BwC4WRKi5QY,00010,0,pretrain,EiTrl0W1QrM,00020,-9.766142216969184,4.48
train,trainval,dsT5eVSm7BA,50009,0,pretrain,Itmu78W9cOI,00004,6.617059812757887,3.008
train,pretrain,z9CabT4Kcz8,00007,0,pretrain,XvS83nXSf0k,00009,-0.15408411873810834,9.92
train,pretrain,av3SCLBU7sI,00004,0,pretrain,WXOd4qh3JKk,00004,-4.455449624805263,7.744
train,pretrain,J10EaonNV2A,00032,0,pretrain,sSXv06gUX3Y,00031,-0.8200806272092258,2.88
train,pretrain,rzwJXUieD0U,00005,0,pretrain,9UiK4llJOXc,00002,9.215466194740618,8.064
train,trainval,16cMSRFid9U,50003,0,trainval,t9c7aheZxls,50004,0.5053292838538646,2.752
train,pretrain,ynSrWmoq7Is,00022,0,pretrain,kSxhDZaLyVQ,00005,8.84570204487154,3.84
train,pretrain,73rUjrow5pI,00022,0,pretrain,vGDZmSnSkfo,00019,7.400835176147222,13.184
train,trainval,SMBiP3G2Pzc,50004,0,pretrain,GJWSZgjz7G0,00014,5.936797387041937,6.144
train,pretrain,HpiZTvlWx2g,00005,0,pretrain,qxmEpmCtM3o,00009,0.3182999764247718,9.6
train,pretrain,i5p3NC9OwB0,00015,0,pretrain,Qao76IPXWSE,00023,-9.164273610606134,7.424
train,pretrain,gkKymhU7yi0,00006,0,pretrain,bEdvQjTGYP8,00005,-6.871540607978295,9.92
train,pretrain,wN3ovSzal3g,00014,0,pretrain,JD4O7ama3o8,00055,5.94394888464387,17.28
train,pretrain,lnigGtrwAfs,00009,0,pretrain,hFgPtuzgw4o,00036,-0.06912745362623696,3.264
train,pretrain,ptIecdCZ3dg,00023,0,trainval,vCCdmGKtxPA,50013,-3.2252275230984857,2.176
train,pretrain,9SqHrhrTktc,00003,0,pretrain,v2jSfxnRPSE,00005,1.476491318505646,8.32
train,pretrain,PyS1o4sX1hk,00009,0,pretrain,ouXGIw7gBmk,00005,-0.2763134741643629,6.976
train,pretrain,SDSjySgNSTk,00012,0,pretrain,dhMoQrLEJe0,00024,-3.3968705751507278,3.136
train,pretrain,0Bhk65bYSI0,00001,0,trainval,xqPJKtFI42U,50006,-6.179490955481608,6.144
train,pretrain,EBKSa94IFHY,00037,0,pretrain,dbic3JCX1jo,00004,6.278954942478638,10.752
train,pretrain,PsihkFWDt3Y,00016,0,trainval,O6jrLgvCUNs,50017,-4.575168731204009,4.416
train,pretrain,fCKNScHMBGE,00040,0,pretrain,2XiDdnDCD34,00003,-7.421777804654188,8.64
train,pretrain,mgBsSW5CFnw,00018,0,pretrain,oTHSfmQo3Ok,00019,8.34147029691892,10.24
train,trainval,HQIi3nUXh0g,50005,0,pretrain,evfgbVjb688,00023,3.1539052399495304,6.208
train,pretrain,JSLQxBbQPTY,00004,0,pretrain,B9DdIivSGts,00013,-6.208063140547391,4.16
train,pretrain,kiDfwUQySEs,00013,0,pretrain,QG4Z185MBJE,00008,-5.8060592413757846,12.608
train,pretrain,uarlIjkHlAs,00009,0,trainval,nPdUMWGWE28,50008,-5.367858401469501,3.968
train,pretrain,xTMZJvfzxGY,00005,0,pretrain,iNOE0dZpHcY,00003,2.011777354961353,2.496
train,trainval,lqbLSUhhyPk,50008,0,pretrain,TpC8wNkjSvs,00003,0.78835375185799,3.2
train,pretrain,mSvyBpWueu4,00023,0,pretrain,MAQihRikgZM,00019,4.928354585798369,5.888
train,pretrain,RlQEoJaLQRA,00001,0,pretrain,QbxinUJcLGg,00004,-3.9086107951598548,7.616
train,pretrain,zR8ReJoc1u4,00010,0,pretrain,1cQbMP3I5Sk,00005,-2.8093757998864444,15.872
train,pretrain,OMhLrHPI0Tw,00003,0,pretrain,UCFg9bcW7Bk,00017,-8.853908536174176,4.544
train,trainval,oIGBBPspTKM,50007,0,pretrain,NRcPXtqdKjE,00011,1.1909994779447501,5.952
train,pretrain,2W1jvTEjc1s,00036,0,pretrain,8n5O9tz30So,00003,-1.312571961672397,4.352
train,pretrain,2cYDyMnL4M8,00007,0,trainval,ATISgVUKetI,50004,7.520793031139178,6.08
train,pretrain,cK74vhqzeeQ,00030,0,pretrain,CZNrOzgNWf4,00021,-0.958779738401061,9.92
train,trainval,J10EaonNV2A,50002,0,pretrain,BsVzjd5HS9Y,00018,0.12566865292479434,3.136
train,pretrain,f6nQJoEk7Ko,00003,0,pretrain,CPVjktgYKo4,00006,3.6047745380015996,7.168
train,pretrain,Bp2FvktSTRM,00003,0,trainval,gBkIyJ7kfSI,50026,-6.024751161663295,6.208
train,pretrain,HfotnZVEq80,00013,0,pretrain,F17SKiAZOxg,00015,-5.139742626373389,3.712
train,trainval,ELET24AHnEg,50001,0,pretrain,WbuIl6phdco,00035,4.004255315417302,2.88
train,pretrain,MS4x6G0zzeg,00005,0,trainval,Fb3yp4uJhq0,50004,-5.549304286895813,6.08
train,pretrain,up4hFjSjcTY,00002,0,pretrain,Bwj3SVZZOHo,00013,-9.677203730495716,5.056
train,pretrain,ZChEFOGSn8Q,00046,0,pretrain,SGnmDWtyhAs,00027,-3.0920286635028855,6.976
train,pretrain,TFbv757kup4,00001,0,pretrain,bxkslfQc0EA,00014,6.434513603956681,8.128
train,pretrain,KCL8NjN7FMQ,00005,0,pretrain,a17Z5Sk2XJY,00033,1.2502347001609095,4.352
train,pretrain,xSLkNjQyHww,00017,0,pretrain,HQIi3nUXh0g,00009,3.2531615288151254,10.368
train,pretrain,8JSMI8Xrwms,00017,0,pretrain,tMSehhs1OSk,00009,6.782146937382386,8.0
train,pretrain,KP5mzWDH4b8,00009,0,pretrain,vCCdmGKtxPA,00012,8.742237785165024,5.568
train,pretrain,MnT1xgZgkpk,00034,0,pretrain,59K6SwHLtcw,00013,4.88919437405748,6.848
train,trainval,SQwRsVyk7us,50001,0,pretrain,cpo7MBC3Skk,00007,-3.754971084668468,2.368
train,trainval,XOU2ubWkoPw,50010,0,pretrain,tH5iEf9oxaI,00027,8.270038326830935,2.816
train,trainval,PXMJobWlXks,50003,0,trainval,xRL2vVAa47I,50011,2.4189961821289963,3.008
train,pretrain,BXcFEhl7ynM,00003,0,pretrain,7E9a24Nw6Cg,00027,-2.079396318059434,8.576
train,trainval,eCknUJJc3qU,50008,0,trainval,FcoJt2KLC9k,50013,-1.7365399488666515,2.944
train,pretrain,NwmGTM5Py8Y,00087,0,pretrain,2j00U6lUCSc,00024,-9.853515502202079,9.216
train,pretrain,PlQ3VdvvTvE,00018,0,pretrain,MSX0uwAG2Jc,00012,6.663079550123541,11.52
train,pretrain,eNDhBSR1DZ0,00021,0,trainval,mDSuP2BsVy4,50009,-3.0472273283772395,2.496
train,trainval,wfW3aZCFfLA,50002,0,trainval,ISSupr6ayqw,50004,-7.49370086623427,3.136
train,pretrain,Uwl012o8P7I,00017,0,pretrain,swI68y2oQ60,00001,2.7518193606359205,3.456
train,pretrain,UVZyVz8gBeQ,00027,0,trainval,gZpcTVqpaPw,50005,7.963291399209702,3.264
train,pretrain,oCBYfGXSAlA,00014,0,pretrain,CfqO1U6lfDs,00043,-7.000592931846274,6.592
train,pretrain,bkeBjPS9ZR4,00014,0,pretrain,zZo3S5j1Pf8,00012,-1.3491689671026545,6.144
train,trainval,unSnvLgyf3o,50005,0,trainval,W8OiVZrAj4c,50002,3.496028562023792,2.688
train,pretrain,o0td5aw1KXA,00014,0,pretrain,yhMi0tkYyT8,00010,-6.462101983202695,9.28
train,pretrain,NVrpKRdtWwc,00010,0,pretrain,SSogppqBahk,00014,4.850541034104623,24.32
train,pretrain,iWaZEXBbQL0,00004,0,pretrain,GlUS6KE67Vs,00018,-3.709424171595453,11.776
train,pretrain,ol1b5mMeP7s,00003,0,pretrain,Tu01sNfs5SQ,00027,-3.3754039136182445,7.936
train,pretrain,QWN5xhV6v1U,00001,0,trainval,5K57kcs15DY,50029,-3.8404911854988626,5.248
train,trainval,8aSUUhW7SHU,50022,0,pretrain,WLMJHdySgE8,00003,6.832547779244415,6.016
train,pretrain,SeBUcBfkVCo,00025,0,pretrain,AK9OBSx77S8,00020,9.06973469384663,32.0
train,pretrain,6bVhrpkp0WU,00024,0,pretrain,o5SrKh9BNHg,00001,-0.335575209413415,7.104
train,trainval,dsT5eVSm7BA,50005,0,pretrain,8FKYe2v0teI,00025,-2.055012397843587,2.56
train,trainval,6yR5OUVb2gY,50005,0,pretrain,s32OdFz9ttk,00002,0.43067888973556734,2.048
train,pretrain,lfBpsV1Hwqs,00030,0,pretrain,APPbSStpGHk,00019,0.949420832073006,14.656
train,pretrain,SF242mxtZN8,00026,0,pretrain,YsASJTeHJ6A,00026,9.085666177928324,6.784
train,pretrain,uo7w3g24DWo,00016,0,pretrain,CyElHdaqkjo,00009,6.146275916626781,8.64
train,pretrain,pLqjQ55tzSU,00005,0,trainval,f6CILJA110Y,50039,-4.122792948231233,6.08
train,pretrain,hSSmmlridUM,00023,0,pretrain,aT6vIq6S1OE,00002,-9.764532637651818,6.528
train,pretrain,szU2S1infqc,00026,0,pretrain,o4Nno6POrwE,00005,8.163262378353362,7.04
train,pretrain,7jx0dTYUO5E,00023,0,pretrain,U7y4GlmwPLQ,00037,4.512834410076174,6.784
train,pretrain,OVSNSeFTaso,00010,0,pretrain,zXCiv4sc5eY,00047,6.150926249958641,3.776
train,pretrain,w1TBZhdSsN0,00007,0,pretrain,Zp0pEmSkXiM,00005,4.644394423573662,5.248
train,trainval,fbeFn1Xcqo4,50004,0,pretrain,pLqjQ55tzSU,00012,-8.069679737733459,2.88
train,pretrain,c8re1U9rCo4,00023,0,pretrain,t5KNNlxLScc,00020,8.874698123215524,16.96
train,pretrain,iNOE0dZpHcY,00051,0,pretrain,bzlYyhh3X0w,00014,9.893905039762473,8.32
train,pretrain,y9ALB39wRKo,00020,0,pretrain,LwSzyoYlIsA,00003,7.075397453783836,19.136
train,pretrain,DkyMCCnNI3Q,00001,0,pretrain,jT8G44XPYW8,00004,7.2859940995863575,3.904
train,pretrain,AhUhpfKeLus,00005,0,pretrain,TjaM0tdxtYA,00016,6.793742694964319,4.928
train,trainval,LXQqrR9mDMo,50002,0,pretrain,fCKNScHMBGE,00007,2.1673416769019322,5.568
train,pretrain,nz0cAjXVepg,00023,0,pretrain,wznroZvpVHU,00005,-2.244101251144965,6.336
train,pretrain,iKHTawgyKWQ,00023,0,pretrain,QEhT4caTVnY,00001,-0.5454340065460208,4.16
train,pretrain,4bHO8NZwmIg,00040,0,trainval,bhHJ4DRZNZM,50006,-2.148964902139692,3.904
train,trainval,jnS66SszwEs,50006,0,pretrain,anmktfGYw8k,00021,-1.8150425344888514,3.456
train,pretrain,mzy84VbSGxk,00001,0,pretrain,AP8i435ztwE,00029,2.546337027847379,4.416
train,pretrain,2t13Rq4oc7A,00013,0,pretrain,YvyeISAxb70,00006,-0.9010060656787129,4.992
train,pretrain,lV3trdyDdHE,00021,0,trainval,uOrZF8FdtLc,50001,0.6526705154623276,5.696
train,pretrain,ZChEFOGSn8Q,00036,0,pretrain,W3SRjJtd6Eo,00021,8.424996150701663,10.624
train,pretrain,icI94blMKIc,00006,0,pretrain,eJnlgDUcxOQ,00027,2.8469905768927504,18.048
train,trainval,86xSuStz0MA,50006,0,trainval,7SfQLQ7eyA8,50006,7.270825155745637,2.24
train,pretrain,Bp2FvktSTRM,00009,0,trainval,V6yixyiJcos,50008,1.6063888561881328,4.864
train,trainval,rkKDvGA2UU0,50002,0,pretrain,h4GEMYsrJSY,00021,-4.377604001460183,2.048
train,pretrain,oPpE0AGqFuk,00028,0,trainval,dskNubEgzCk,50005,-9.18431591857262,6.208
train,pretrain,97MWOERYSdE,00038,0,pretrain,3KmaFiKvGSM,00012,1.454276516975881,5.696
train,trainval,1TYPldG99dk,50001,0,trainval,1Yz7Snu6pnI,50003,-8.834492248817266,3.584
train,pretrain,Hh09xlzxRmE,00010,0,pretrain,c2tOp7OxyQ8,00013,6.451507116039025,6.72
train,pretrain,SfQVotsYV0Q,00018,0,pretrain,DqCsQqy9MyU,00007,-4.457865774746159,4.608
train,pretrain,4sg9TlsMRVA,00004,0,pretrain,RjgBko1p5wY,00007,9.379688820536785,23.488
train,pretrain,xRL2vVAa47I,00029,0,pretrain,lfykytI3A6k,00018,5.610472390350438,5.44
train,pretrain,DWoAShyDSsY,00010,0,pretrain,2wseM6wWd74,00008,-1.092811907208965,4.928
train,pretrain,F6NU0DMjv0Y,00045,0,pretrain,NVPxmzSPvUw,00003,-4.97185885965852,13.12
train,pretrain,48oiapTn3K0,00016,0,pretrain,iueVZJVEmEs,00036,-5.8946780991378445,3.648
train,pretrain,DlGUSNXOdpQ,00001,0,pretrain,6kuCSIemiCs,00006,0.7969192518104844,14.72
train,pretrain,HByDu4uOFY4,00001,0,pretrain,FM5SDGprLpc,00023,-8.33970457102919,5.184
train,pretrain,AoAbPIbGLUo,00039,0,pretrain,oSv7E8WK2Iw,00001,-4.302262992081573,14.336
train,pretrain,py1RrSdVt5A,00005,0,pretrain,gB23pKmyIHM,00018,5.114232407754471,5.696
train,pretrain,0sYguTPLpHE,00085,0,trainval,LPwWYFOFTGU,50008,-8.204421979004552,4.608
train,pretrain,z4vmzTZ7qLA,00002,0,pretrain,ASOvJjAw2Jo,00009,-4.546405378859086,4.096
train,pretrain,EHNP7KqLrW4,00008,0,trainval,tlB1pFwGhA4,50007,6.961092495932128,4.544
train,pretrain,56WGgJNBRxQ,00009,0,pretrain,G8cjIBwP52o,00017,6.9784446232143225,4.736
train,pretrain,S6pLPVfKFoQ,00032,0,pretrain,1TYPldG99dk,00047,-2.3766452476191224,5.76
train,pretrain,haA6QtH0PIc,00005,0,pretrain,PnMsSqLwaes,00006,8.936437229793945,3.584
train,trainval,gh5VhaicC6g,50062,0,pretrain,4bHO8NZwmIg,00009,9.939624208753479,3.648
train,pretrain,chXsLtHqfdM,00002,0,pretrain,CQ5dRyyHwfM,00009,-3.5325333046145673,3.2
train,pretrain,oiZ42KUsxGo,00006,0,pretrain,HNOnvp5t7Do,00034,3.7237999593783293,10.24
train,pretrain,SF242mxtZN8,00010,0,pretrain,ONXYcNS7k1Y,00026,-8.898486930814038,5.76
train,pretrain,NPSelwWdPa0,00030,0,trainval,v22SdEMzxO4,50005,-0.9609238436739336,3.392
train,pretrain,gaY4m00wXpw,00004,0,trainval,gUWWt30oZ3w,50001,-0.10294838032520737,6.208
train,pretrain,Wn1imxwGscs,00002,0,pretrain,1l4B16s5i78,00014,8.509082080946527,5.248
train,pretrain,SAm3gtFB8xU,00014,0,pretrain,AE0gO5wSaok,00047,-2.075789721925714,5.568
train,pretrain,dO6AuQR9R7E,00014,0,pretrain,1KFUSfbcwfw,00002,8.434943862946675,7.68
train,pretrain,FSS4Kv6MlG0,00004,0,pretrain,g2J6YOiLNr4,00036,-6.225076797301085,9.024
train,pretrain,sgTjCpBOeCU,00002,0,pretrain,hCop3IGZH2o,00007,-9.60442377431113,16.448
train,trainval,5OISkgjSjkA,50004,0,trainval,3SdJP2JCSDY,50001,-4.873343504084304,2.048
train,pretrain,XS85KAYKOT4,00015,0,pretrain,mWm2qtEeBjE,00003,4.31819084102405,5.568
train,pretrain,ScJVrV6bk1g,00006,0,pretrain,5sg4zxZMDN4,00006,0.8740566831836496,4.416
train,trainval,Mgbf3cq7lms,50062,0,pretrain,AS3Pyc4Qr2Q,00014,0.6436759931815317,5.76
train,pretrain,SSV07QKguBI,00020,0,pretrain,FzAyOddR5u4,00008,7.307971040454888,7.168
train,pretrain,vg8WAv0YT9c,00010,0,pretrain,duAmvHlRcYI,00001,-7.481945333217313,7.872
train,pretrain,m7SuKQGPMSw,00025,0,pretrain,8sheoGMsy3Q,00010,-6.44546876546624,3.968
train,pretrain,BczB8oqYL0g,00018,0,pretrain,mJxA8eIWQUc,00028,-5.095966894698325,5.696
train,pretrain,nx3GuO41Jyg,00005,0,pretrain,4BaJ8zS49v4,00007,2.4403803756474147,6.336
train,pretrain,AfljJGTVcKE,00029,0,pretrain,avuhY7D71sQ,00006,0.2556329238136392,4.736
train,pretrain,KkYuhwr3esg,00018,0,pretrain,K5wCfYujRdE,00010,-1.1724473879353265,4.992
train,pretrain,2BOTS9GAjc4,00017,0,pretrain,kZt3DNCcEtA,00036,-2.3602002426678563,6.144
train,pretrain,v7UKkzIaSsQ,00005,0,pretrain,sK4rgGgqzmY,00007,2.9662184722389657,5.632
train,pretrain,cS3f3rQRlug,00020,0,pretrain,2j00U6lUCSc,00004,1.8920050035151803,12.8
train,pretrain,6JxRxBqQLKA,00010,0,pretrain,mS8tQSTYLgk,00003,8.483770838904807,4.416
train,pretrain,Z6T37m4r3yo,00012,0,trainval,nFSdHdNOgSA,50005,-1.7465389859503304,3.904
train,pretrain,SEDvD1IICfE,00007,0,pretrain,ydzNAuqUAnc,00012,-4.8450038382997445,4.416
train,pretrain,fDzj9vRw5yM,00020,0,pretrain,gVSyVSIybBM,00022,-6.557376032471254,13.184
train,pretrain,qFza3W87eDg,00013,0,pretrain,h7u6NScSWtY,00004,9.595446763059115,5.696
train,pretrain,96HHmILhyrE,00008,0,pretrain,4bHO8NZwmIg,00046,9.66059894952549,9.792
train,trainval,KDBcoRLkut8,50009,0,trainval,ea3HnhOLC9g,50008,5.5619920959547375,2.176
train,pretrain,sHJZRPWXQ9s,00011,0,pretrain,tRqJysISyiw,00006,-6.304989983062748,2.432
train,pretrain,LGtNFHtM81A,00035,0,pretrain,hh2Z2hSgFIY,00001,-7.294261439553615,6.912
train,trainval,VM6HZqQKhok,50001,0,pretrain,P5Mpo4JQZhw,00043,-9.177633239676302,5.952
train,trainval,415VX3QX4cU,50003,0,trainval,qxmEpmCtM3o,50002,3.5974399614513803,2.688
train,pretrain,CFtsHf1lVI4,00001,0,pretrain,u9GEmyZ8B3Q,00009,-4.437743694610521,10.112
train,pretrain,IjHlyKTSUug,00016,0,pretrain,KXAnS2epCPA,00018,-9.958991974658279,7.36
train,pretrain,RBElFl1aLtI,00008,0,pretrain,iNOE0dZpHcY,00016,7.905392746261143,10.048
train,pretrain,n706Sqp20Mk,00002,0,pretrain,HFFBkbsSFY0,00005,2.520315988267022,5.184
train,trainval,esPRsTSlmw8,50004,0,pretrain,yBdyFKqwKy0,00011,-7.250014885276812,5.568
train,pretrain,CVdPhUPO5YU,00050,0,pretrain,X1DlJpPqDFo,00008,-8.944920692725564,4.416
train,pretrain,dSykikzbckE,00017,0,pretrain,S0hxl03JoA0,00037,-9.658957402133748,4.288
train,pretrain,8iZSsHd0IlU,00008,0,pretrain,1COwySxiwSg,00008,0.8457853294745021,10.56
train,pretrain,OAEodzGMavY,00006,0,pretrain,IfG7WVSbN6Y,00006,8.160420148301654,4.288
train,pretrain,X5uGLbV5zVo,00006,0,pretrain,tSSNoFstCmQ,00034,-9.015901484828397,6.208
train,pretrain,TOSSkVIkY6A,00011,0,pretrain,uNQujCwCu88,00006,-9.10152942311121,5.44
train,trainval,YyBk55G7Keo,50010,0,pretrain,IgKWPdJWuBQ,00014,-0.9362131085752434,4.416
train,pretrain,VPxEde3Q1F0,00001,0,trainval,bSiGZPtWXzE,50035,-9.121249980499613,5.888
train,trainval,5qdZybHSLnI,50021,0,trainval,S9PEogIrHSk,50011,-3.3726154113613944,2.368
train,pretrain,eQdFkSSgHYo,00019,0,pretrain,twWkGt33XSk,00010,-6.200665185047107,3.52
train,pretrain,imaWSTabxOE,00020,0,pretrain,3GVOSMfIl1Q,00001,-8.352468975266225,3.392
train,pretrain,t1ZSoufuQg4,00023,0,pretrain,yPGwA7t6bpI,00028,-3.407813321807489,8.192
train,pretrain,WKlIytaSlu4,00023,0,pretrain,fkPISY2Vg5k,00025,7.821932314768947,7.808
train,trainval,fKyljukBE70,50009,0,pretrain,2ju61VPdTzw,00017,9.126178516950858,4.928
train,pretrain,bUaU9kdt9I8,00024,0,pretrain,RuVdkNdeVAc,00007,-8.101857257804596,5.248
train,pretrain,KOIsqRgJ3XM,00013,0,pretrain,cSsxBTNF2U8,00046,2.3466875395654814,3.008
train,pretrain,Wh9O3SciOYs,00023,0,pretrain,xx310zM3tLs,00008,-9.179524621428786,11.008
train,pretrain,z4fsN1DSEVk,00004,0,pretrain,cknBAMirSiQ,00011,2.4612998365961687,3.84
train,pretrain,qAYqK9lAxic,00001,0,pretrain,Nhx1SyXMwCg,00020,-4.2862681062210335,6.848
train,pretrain,L2M15ZeTLxc,00010,0,pretrain,vYV4tAq3wVg,00016,8.673259065973095,12.736
train,pretrain,qKJv4S5peJQ,00008,0,trainval,Wn1imxwGscs,50008,-6.52049048326284,3.456
train,pretrain,HjnclEhy960,00006,0,pretrain,utV1sdjr4PY,00010,1.6892430149364586,23.68
train,pretrain,WbuIl6phdco,00032,0,pretrain,ldhppc7GmZg,00012,9.889284602879219,6.592
train,pretrain,KCL8NjN7FMQ,00066,0,pretrain,tTvIEUGCigk,00038,-3.526887600960224,6.08
train,pretrain,jguSkEMwrcc,00020,0,pretrain,rBt7LMrIkxg,00004,-5.770750704133125,10.496
train,pretrain,iNPsDky1z94,00005,0,pretrain,CS01Hmjv1pQ,00013,6.326096876522392,2.048
train,pretrain,2zvjW9arAZ0,00053,0,pretrain,DOYASAY7dO4,00027,-8.010057051986665,4.096
train,trainval,I4fJPKSKbrA,50005,0,pretrain,Fc1yN6uxZfQ,00019,9.98982017309704,2.432
train,trainval,mJxA8eIWQUc,50014,0,pretrain,4GKTEDqbQIw,00002,2.154986800431157,3.2
train,pretrain,6Eu964BbJO4,00032,0,pretrain,eFwaRDqTUL8,00013,-8.28300343850988,10.176
train,pretrain,1COwySxiwSg,00015,0,pretrain,cQvDUTOOkiI,00033,2.95980598799874,7.04
train,pretrain,ktOeFgmdIAo,00025,0,pretrain,SF242mxtZN8,00017,0.3757890934583319,5.44
train,pretrain,3qXLZYXSJSI,00009,0,pretrain,gbDraZi7FS4,00012,1.0244204850125982,4.544
train,pretrain,8ZKTWji7k5Y,00001,0,pretrain,SpSGKCr8rq8,00015,0.3444452768220252,10.048
train,pretrain,BRETz2FSheQ,00002,0,pretrain,Qt1RPkbF4o4,00007,-1.6579807559987731,5.12
train,pretrain,4c1lqFXHvqI,00008,0,trainval,Gvo6xxoSSzE,50002,-7.919614380484818,4.48
train,pretrain,t6eFzt6kFGE,00006,0,pretrain,fIqABIcKIvs,00026,-0.42144462047516207,5.12
train,pretrain,pF72px2R3Hg,00003,0,pretrain,1U2qMRGihGg,00009,7.437971054950616,10.816
train,pretrain,qJ7A74Vx7YE,00003,0,pretrain,3GFG6Cvy9HQ,00025,8.895283536078448,5.888
train,pretrain,aZWxtQ19JsE,00002,0,trainval,Ysxz5Ug70G0,50001,-4.540516231932035,2.176
train,pretrain,tTvIEUGCigk,00046,0,pretrain,05jJodDVJRQ,00003,8.843907907085438,16.256
train,pretrain,oW91ATcgXVc,00015,0,pretrain,LVFVaWCV1TE,00004,-5.728877988675332,11.84
train,trainval,lO1P6lCNnyo,50006,0,pretrain,d4Dj0qdWLnk,00004,-5.968405395465332,6.016
train,pretrain,t9c7aheZxls,00030,0,pretrain,ZhDgwrKSBWQ,00011,7.970040795188552,4.928
train,pretrain,FRKg49ySnNw,00001,0,pretrain,wD3S6JIUF7M,00017,4.821163170165638,4.288
train,pretrain,Y350oOiunf4,00035,0,pretrain,4a6ZRstYlgw,00005,9.029567471760252,6.784
train,pretrain,y3ZrjRlIcgI,00021,0,pretrain,yVwAodrjZMY,00033,6.483313097982201,4.544
train,pretrain,49aWAHqi200,00018,0,pretrain,XP8K4oS5TGE,00007,9.159710256948657,13.568
train,pretrain,ooUqOwhS2LE,00001,0,pretrain,9RTkZaX1cH0,00013,2.4226497658270514,4.8
train,pretrain,HCG1petekXw,00005,0,pretrain,MywGrRvNkWQ,00017,-1.8420357157465403,4.736
train,trainval,pysNMB033co,50005,0,pretrain,2BogtvaCWvI,00018,7.240621142675096,5.76
train,pretrain,LsSh5ZUfnz4,00001,0,pretrain,kjmsb9pDrF0,00011,6.028760148434852,4.864
train,pretrain,8SG4H4sVSW8,00006,0,pretrain,1E6ysoASrY4,00004,-7.627481204908992,3.52
train,pretrain,6xy5pWOgeBY,00020,0,pretrain,APPbSStpGHk,00007,-7.2795635677854875,9.024
train,pretrain,dcwuBo4PvE0,00015,0,pretrain,iclWthSVvBs,00020,2.2522820061963227,18.048
train,pretrain,YlmZkY1uqXM,00034,0,trainval,lnigGtrwAfs,50002,6.801224838804785,2.112
train,pretrain,TWPahtyJDsI,00031,0,pretrain,cSsxBTNF2U8,00051,-0.7999867555202655,8.064
train,pretrain,gPQItVxvfZs,00003,0,pretrain,apbSsILLh28,00057,-4.440129871571075,11.008
train,trainval,dO6AuQR9R7E,50002,0,pretrain,PDefVd8DRxM,00004,-2.6180237772023496,4.544
train,pretrain,o3oDpCb7VqI,00044,0,pretrain,vUQLN4o63SY,00005,-7.473005881064485,8.128
train,pretrain,2Ikka0W3Wk8,00013,0,trainval,SgYvy71CSSA,50005,0.6856537693022968,2.368
train,trainval,FrxDrpi1XNU,50008,0,pretrain,eqDgt12m26c,00002,4.580258827460437,2.88
train,pretrain,czWSxBvDtHY,00005,0,pretrain,N39xSWTPix0,00001,-4.952202848009344,7.36
train,pretrain,p0aTfcXpOEs,00004,0,pretrain,CSeFjLZqXt8,00028,-6.063703029834846,5.248
train,pretrain,5QGApheKRc0,00011,0,pretrain,CEN4XNth61o,00003,-7.494277433921046,3.968
train,trainval,bSiGZPtWXzE,50063,0,pretrain,odIvobLv7C4,00008,-5.200086837139304,5.184
train,pretrain,zXSrqdSohyA,00004,0,pretrain,IMTcuU0KLSw,00004,-7.788744684069744,5.76
train,pretrain,sWN13pKVp9s,00008,0,pretrain,oeL72c6scAs,00028,-2.2958071049445294,34.752
train,pretrain,dsCNuBSKBUw,00009,0,pretrain,ZvSJE9n0GfA,00021,5.048944510065228,7.68
train,pretrain,7s0CpRfyYp8,00032,0,pretrain,YA87VEeoZLI,00002,2.9746924049505026,3.776
train,pretrain,Cqj0sgrNL10,00016,0,trainval,f6nQJoEk7Ko,50004,-2.9704327975599254,4.416
train,pretrain,xRdZXhyrO6c,00013,0,pretrain,lGbuCmuTJHg,00028,1.4108403922928971,7.808
train,trainval,PB7xs7UpIfY,50006,0,pretrain,uNDWvejza4c,00028,6.0721406035806815,5.76
train,pretrain,qdiF1fSGfyM,00015,0,trainval,qzR62JJCMBQ,50003,-1.7305678391394164,3.52
train,pretrain,lXQ4HSMp1OA,00018,0,pretrain,tZYkjaKNrSo,00011,2.3401887468667653,21.824
train,pretrain,CHh6hWo1AFE,00002,0,pretrain,4wOxJOPnSUg,00026,-2.4645742647176982,7.68
train,pretrain,Kk7kzUt3SLc,00030,0,pretrain,lXNE4MD2X2w,00035,7.063722664180638,5.248
train,trainval,cWcVPpxezE0,50005,0,pretrain,yioZhHe1i5M,00009,-5.666927251589129,5.952
train,pretrain,HjnclEhy960,00005,0,pretrain,l1SdDWg7XBk,00001,-3.017006724833548,24.704
train,trainval,jv8m8rycnQs,50003,0,pretrain,cOIJGGgaSIY,00030,5.213831142934142,2.176
train,pretrain,c6mhFgAjqwA,00040,0,pretrain,KaiwGb0csas,00010,-8.065394462062578,9.6
train,pretrain,XPkV1bDZDl4,00032,0,trainval,f6CILJA110Y,50063,-3.2957346886211036,5.888
train,pretrain,mAAxykQH0Wo,00017,0,pretrain,sucza6EOIf0,00058,-5.256678449305491,4.288
train,pretrain,pz1TDXKSTHc,00016,0,pretrain,bmmnEJ4rtCI,00020,4.802427870447621,5.696
train,pretrain,6MBaFL7sCb8,00001,0,pretrain,GkRn9Lp16UI,00028,6.270408124751064,4.288
train,pretrain,0FkuRwU8HFc,00025,0,pretrain,LnQYJa9SaR0,00008,-4.086753257143785,6.528
train,pretrain,Hy4yby7ZAd0,00004,0,pretrain,8sQ2p89P0Us,00020,-1.0193244660245675,4.608
train,pretrain,LSGfqyhleUA,00039,0,trainval,iW4fCwfw1vg,50002,7.429124484864346,4.16
train,pretrain,RlQEoJaLQRA,00009,0,pretrain,xPK2Ch90xWo,00007,3.9966299319690037,3.328
train,pretrain,MOptnpjKJOM,00011,0,pretrain,JKsHhXwqDqM,00034,4.279220428112861,4.48
train,pretrain,fnS9f5x0f1Q,00028,0,pretrain,7jx0dTYUO5E,00009,5.698704743818201,12.48
train,pretrain,lDq9SQxvsNU,00046,0,trainval,Fom14XGMFHA,50003,-1.0076869240227957,2.304
train,pretrain,nLtUl2CP8ak,00049,0,pretrain,BnC6IABJXOI,00033,-0.43408160589021527,16.128
train,pretrain,CstD6O95LSo,00009,0,pretrain,tAcQfn96yFk,00020,-1.7701110863486527,11.968
train,pretrain,urOCGSMlB9g,00023,0,pretrain,xgYtUKFzHf8,00005,2.5369710821354303,5.76
train,pretrain,ufJ7sOtuFd0,00001,0,pretrain,S6pLPVfKFoQ,00030,-9.741783718583758,5.12
train,pretrain,G0ZjSInJ4BQ,00011,0,pretrain,aiDSQyFdd68,00005,4.789500121795848,6.208
train,pretrain,0MYq1WJMmts,00008,0,pretrain,3rbVQNTzCh8,00023,4.190905484111703,3.776
train,pretrain,h1Yg1rURKR0,00025,0,pretrain,hFgPtuzgw4o,00025,-3.4713607702758997,8.96
train,pretrain,B4xOFsygwr4,00011,0,trainval,a5xR4QB1ADw,50012,1.108916719293191,5.056
train,pretrain,WbuIl6phdco,00007,0,pretrain,LuG2rf9enHE,00008,9.610850370904856,4.288
train,pretrain,KQEWc3LVfyc,00011,0,pretrain,wX78iKhInsc,00016,1.7936323129346263,6.4
train,pretrain,ZChEFOGSn8Q,00046,0,trainval,MPMr5jPwA7I,50015,0.4521815505699234,2.432
train,pretrain,Xe2nlti47kA,00001,0,trainval,v3SZTqj2Skw,50020,-0.6548095480103555,6.08
train,pretrain,6XS8TA4RBog,00018,0,pretrain,0C5UQbWzwg8,00012,-6.296849544734837,4.544
train,pretrain,LSdPxGLesE4,00052,0,pretrain,zIwLWfaAgS8,00049,-5.800567699222645,8.96
train,pretrain,pgmiPXAwiLg,00029,0,pretrain,4B2qC7PIHxs,00001,-5.5685747300336,3.456
train,pretrain,mSQmfZOVNPw,00009,0,pretrain,VvpUZjRVoBI,00028,7.94345756370052,4.352
train,pretrain,9vpqilhW9uI,00017,0,pretrain,mWA2uL8zXPI,00024,-8.17873042761642,24.96
train,pretrain,IWjzT2l5C34,00036,0,pretrain,pMYYxSim5QI,00034,-5.967732322314316,6.848
train,trainval,ZBg5QvcZQP8,50008,0,pretrain,e8JK3qVGuUg,00025,-6.687037533255458,2.88
train,pretrain,uBsiYBrFtbY,00010,0,pretrain,M4soSZ9aSu0,00007,6.470699288034329,10.56
train,pretrain,vvhiNSqq6oo,00001,0,pretrain,SEDvD1IICfE,00017,-0.7597253304332909,4.096
train,trainval,bLGTrz1Zolk,50015,0,pretrain,694XUHVuGQo,00002,-0.4301790632913889,4.288
train,pretrain,VMwjscSCcf0,00043,0,pretrain,wcSMzf3ztcs,00003,-3.5947314042454064,5.12
train,pretrain,Td2hfdXQ5x8,00010,0,pretrain,xQZxGCPjpqM,00016,-8.133215932068573,9.408
train,pretrain,xyIQFI865Sw,00022,0,pretrain,4l3Kj3hVSVY,00013,5.552509284129787,8.704
train,pretrain,FzApYQDIXlg,00001,0,pretrain,JrqgyAoS6oI,00007,-6.556146756911351,9.536
train,pretrain,7Xmr87nsl74,00027,0,pretrain,MB7seqSbMvw,00002,-2.6144301559719114,10.688
train,trainval,ZBDablzQ9ts,50005,0,pretrain,VekRvcbL4yk,00030,7.109499049867122,5.376
train,pretrain,r3afSFSG570,00041,0,trainval,TQMbvJNRpLE,50001,3.20315601214066,6.08
train,pretrain,jSSqQDPGW2k,00010,0,pretrain,pNttjJUtkA4,00024,-6.066172799175993,6.208
train,pretrain,SMi3rHuK0c4,00036,0,pretrain,RgubFcmvgDE,00003,-9.314203604287314,9.28
train,trainval,wSepGxx36To,50011,0,pretrain,C2SVEM19NHA,00006,5.893145834532948,2.944
train,pretrain,m048uAa8L3k,00025,0,pretrain,EBKSa94IFHY,00007,1.3657674616667297,9.536
train,pretrain,F8R7S4AoGhs,00007,0,pretrain,MPMr5jPwA7I,00012,-6.973268293865305,4.608
train,pretrain,lwcvhh4pLjE,00067,0,pretrain,kSGFq12w5WU,00005,-3.2012567997410564,3.776
train,pretrain,nn5k4snG3rA,00013,0,pretrain,h9SKyrHRhDo,00006,1.6992616855809501,5.44
train,pretrain,dsfROmgVN5U,00001,0,pretrain,4B2qC7PIHxs,00007,-8.616125730563791,2.88
train,trainval,xTMZJvfzxGY,50013,0,pretrain,k8OgHJ4WXR0,00017,5.92932678280035,4.288
train,pretrain,MPMr5jPwA7I,00002,0,pretrain,49aWAHqi200,00020,-0.4903974848406385,12.672
train,pretrain,N0vRIqeoefs,00007,0,pretrain,RgqtrlixYR4,00006,6.582307018027954,7.744
train,pretrain,6XS8TA4RBog,00037,0,pretrain,YbtrDM1aJF0,00007,-2.115491368590339,10.24
train,trainval,ElJxUVJ8blw,50036,0,trainval,rQSSSLRpsVs,50011,4.053147491935363,2.816
train,pretrain,F0ofeD8VKMA,00031,0,pretrain,iGHzqmnGH4A,00013,-0.7250509532286014,15.36
train,pretrain,QbxinUJcLGg,00028,0,pretrain,cWcVPpxezE0,00013,9.143522065732817,5.632
train,pretrain,ce31WjiVcY0,00026,0,pretrain,vUP0ytS6ba4,00006,5.766710553519896,9.28
train,pretrain,gC1CVOn8JQk,00007,0,pretrain,55n9pHSA0O8,00025,6.6204892705723815,7.168
train,pretrain,MbdxeFcQtaU,00033,0,pretrain,x3AwnkR92EA,00023,2.035973277784958,5.376
train,pretrain,Yr0eW6PbmOs,00005,0,pretrain,iSpwUpdQdyY,00038,-0.3542880429211781,9.088
train,pretrain,gevXeQwS1jg,00015,0,pretrain,qGSYmIPFO68,00006,0.48779987153063686,4.736
train,pretrain,Y0GHWogx0eg,00042,0,pretrain,VStEmE85QDE,00002,-8.39336995143006,8.128
train,pretrain,dOt4NkcmIUg,00022,0,pretrain,h27g5iT0tck,00005,4.744616935313587,10.752
train,pretrain,sucza6EOIf0,00044,0,pretrain,o0td5aw1KXA,00033,2.5835788882879136,9.792
train,trainval,9P73k8m3Ytw,50007,0,pretrain,NwmGTM5Py8Y,00077,-3.856695161986967,5.76
train,pretrain,aOW7JZaqKGA,00005,0,pretrain,t1owaS144N4,00009,0.9989517747139516,4.8
train,pretrain,oXbhTHaMwTw,00008,0,pretrain,kmNxhFFZWpM,00002,-2.0516789915108413,9.92
train,pretrain,hTAXEq6zLo8,00017,0,pretrain,K74JqctvM2g,00013,3.2491691137946095,7.424
train,pretrain,5ErKrSyUpEo,00011,0,pretrain,H8Pr9Jnulxk,00004,2.430868358612477,9.664
train,pretrain,EKy19WzkPxE,00028,0,pretrain,C3DyhrDsNUA,00008,8.661446776844357,4.096
train,pretrain,fi8CYv9Dcr0,00009,0,trainval,vg8WAv0YT9c,50003,-7.810841920952292,4.096
train,pretrain,aySy3tSYGYw,00004,0,pretrain,iCXfJVCg1LA,00017,4.354149029077195,4.096
train,pretrain,sWnAtLt8kSs,00010,0,pretrain,ttRhMPgpoOQ,00020,2.5314711879232163,2.752
train,pretrain,2dRlssVF7fc,00013,0,pretrain,aUBawr1hUwo,00020,0.8257170696571734,8.448
train,trainval,IRxgDMSp9Gs,50014,0,pretrain,uEkgM9P2C5U,00039,5.983465373685604,3.136
train,pretrain,hha0NsYXS5c,00031,0,pretrain,AU66C6HePfg,00015,-1.9323352445805657,5.76
train,pretrain,MLyguFQR5N4,00028,0,pretrain,JGVU8n7jjHc,00011,0.02582458121957565,5.184
train,trainval,Rpsf1YJsbbI,50002,0,trainval,FzAyOddR5u4,50005,-3.0739876032177627,2.176
train,pretrain,pF72px2R3Hg,00026,0,pretrain,oJfFMoAgbv8,00013,8.646177106393463,4.096
train,pretrain,Mtjatz9rSVc,00024,0,trainval,BoRUrWcdkQ4,50031,-2.5299454806331028,5.504
train,pretrain,I9tB6Q5bmcQ,00004,0,pretrain,6VnKV1sr5VQ,00005,4.917303321360148,4.8
train,pretrain,weyd0UMdP7g,00015,0,pretrain,9UiK4llJOXc,00011,-7.462858786716526,12.224
train,pretrain,blfVA0aSCBc,00012,0,pretrain,ro1Ksq5DihU,00017,-8.153844575533748,3.008
train,pretrain,MrEuta9GPGM,00001,0,trainval,Mr8nvXvlSy8,50030,-6.361249787959313,5.248
train,pretrain,lxYFURQ7Ehw,00012,0,pretrain,wfW3aZCFfLA,00013,3.9447360790790533,12.608
train,pretrain,LSGfqyhleUA,00011,0,pretrain,ATISgVUKetI,00005,-5.413260750337427,3.968
train,pretrain,U1a72bvusS0,00021,0,pretrain,Bc2wVyl8RLI,00037,-6.755423897393948,11.328
train,pretrain,2BOTS9GAjc4,00004,0,pretrain,q2k2Xbfuy1I,00009,-6.844273905072393,20.864
train,pretrain,0JGarsZE1rk,00022,0,trainval,up4hFjSjcTY,50007,-4.22668585438712,2.048
train,pretrain,LlQXs0yofMs,00015,0,pretrain,jk6Y3f2c4SI,00015,-8.868597290369953,4.16
train,pretrain,xf8zep5BADs,00011,0,pretrain,HS8y0WLm78U,00088,-0.8835554016617344,3.328
train,pretrain,1gdKrtwBGqY,00010,0,trainval,rTMqGbTNkNg,50011,7.601321036190843,2.688
train,pretrain,H1fvr9rGgSg,00054,0,pretrain,hxPiz2sE0h4,00013,8.31350885269687,10.176
train,trainval,G2Y6Am46eVU,50019,0,trainval,0wpCZxiAQzw,50001,-2.275081752576691,2.048
train,pretrain,PS6vDLq64gE,00023,0,pretrain,B0ESVNX1SYk,00022,3.340387613584916,4.352
train,pretrain,F6Qo8IDsVNg,00014,0,trainval,PXMJobWlXks,50003,-2.4769102067353117,3.008
train,pretrain,7tu9nJmr4Xs,00023,0,pretrain,PB2OegI6wvI,00041,8.419793366055707,4.16
train,pretrain,audakxABYUc,00018,0,pretrain,Z2hFbbG7t70,00001,-3.5739779220738566,21.44
train,pretrain,5AN5fPFtV0U,00021,0,pretrain,0SFkPxScSM4,00010,0.02289041935131131,6.912
train,pretrain,1IxIDGyISzk,00006,0,pretrain,pi4JOlMSWjo,00006,9.58790116395328,5.056
train,pretrain,W9YBCwgrwQA,00010,0,pretrain,YhJPoyv8O3A,00020,9.018852299567875,12.16
train,pretrain,5tUnSuoYKoE,00055,0,pretrain,9X68dm92HVI,00007,-3.809536326609839,5.696
train,trainval,tqf607N19Is,50011,0,pretrain,zeSVMG4GkeQ,00005,-2.220934498143814,3.52
train,trainval,bJ8Kq1wucsk,50003,0,pretrain,up4hFjSjcTY,00004,-3.773786498608449,2.56
train,pretrain,4u636RVZTIY,00002,0,pretrain,DEmjzXi2lfI,00014,3.1673713923721216,4.032
train,pretrain,IfG7WVSbN6Y,00017,0,pretrain,B9dm0PC0Sb8,00002,9.956935117690687,9.92
train,pretrain,5nys6iebjHw,00004,0,pretrain,bVV2Zk88beY,00005,9.624322085531002,3.776
train,pretrain,jpRqbP9Nv9k,00025,0,pretrain,xPK2Ch90xWo,00020,9.426271002161439,10.304
train,pretrain,4mJ1aHFPS1M,00007,0,pretrain,jR4jbI3Ds9A,00001,9.268897033555369,7.616
train,pretrain,h7u6NScSWtY,00015,0,pretrain,3UFGqjWcVU8,00008,-7.721290898864492,6.72
train,pretrain,6wk4dkYSrV0,00030,0,pretrain,cCdu67sSC5E,00009,2.8083361528635926,3.584
train,pretrain,4AUSqB0RVNY,00044,0,trainval,FLbEKpLS5Z0,50001,8.593775860683799,5.952
train,pretrain,QOjVk3cQFB8,00012,0,pretrain,aTfwA1TaH3Q,00004,2.4948420828127045,7.808
train,pretrain,bEdvQjTGYP8,00012,0,pretrain,4yyPSZSGLOI,00017,-1.729577648648652,9.408
train,pretrain,U4Lx5rcii38,00037,0,pretrain,W4LYn4mIP18,00010,2.543395948089259,5.184
train,pretrain,potB0voQzNg,00052,0,pretrain,gaY4m00wXpw,00045,5.4070683675854365,7.488
train,pretrain,E7oq6J8HvKw,00017,0,pretrain,GwRzjFQaSOg,00017,7.891926686455296,5.12
train,pretrain,JeHqgambbcI,00008,0,pretrain,tqf607N19Is,00009,-7.659861090250195,10.24
train,pretrain,3F2jACWwKdU,00007,0,pretrain,Sf994ANuGIY,00008,8.474398066880518,6.208
train,pretrain,av3SCLBU7sI,00004,0,pretrain,gXlIASSrI4E,00027,-2.41684142148096,7.168
train,trainval,1YO1FmVAPrA,50002,0,pretrain,dTwXeZ4GkzI,00035,-0.7664244718560891,3.776
train,pretrain,gBkIyJ7kfSI,00036,0,pretrain,AK9OBSx77S8,00002,6.004353476140043,6.72
train,pretrain,bq39x2HWjNk,00009,0,pretrain,SmoW9jvvMr4,00025,-8.840422544632254,6.336
train,pretrain,lxYFURQ7Ehw,00023,0,pretrain,o08ykAqLOxk,00009,0.32986399472770955,2.752
train,pretrain,O6jrLgvCUNs,00019,0,trainval,PVXQUItNEDQ,50005,7.661835763795569,5.632
train,pretrain,Melo1Bgporw,00008,0,pretrain,gZga0AmCGdE,00006,-1.344140004036925,5.888
train,pretrain,BJsrYqPtXFM,00043,0,pretrain,7PwvGfs6Pok,00025,-3.786483808226368,9.408
train,pretrain,NTbBuvcGnxM,00001,0,pretrain,KzeQSZ3bQ2g,00034,3.3918185967151526,8.576
train,pretrain,xYemnKEKx0c,00006,0,trainval,3icoSeGqQtY,50002,1.8183920786167533,5.76
train,pretrain,6qTfX4U6CS0,00026,0,pretrain,tsgvhP07BC8,00051,-0.9763567696399278,4.928
train,pretrain,jDfeDOWiw3g,00012,0,pretrain,xV7IvRT5Qyw,00031,6.485427680536748,2.944
train,pretrain,rMeIzXvYaYI,00006,0,trainval,XYEChpVS04s,50009,4.6858955077613516,5.824
train,pretrain,EL9TBKSdHXU,00027,0,pretrain,CFADnhYKDHg,00020,6.483598644565443,5.568
train,pretrain,7wJTgUCxnKA,00039,0,pretrain,fwm3azuoLr4,00032,-5.02157304400418,6.016
train,trainval,VmP574ikRFs,50020,0,pretrain,w96osGZaS74,00019,-4.151115339069955,3.136
train,trainval,ouXGIw7gBmk,50001,0,trainval,BgbD67U0BAQ,50004,-9.131064452738391,4.48
train,pretrain,0jmST6bSUoc,00004,0,pretrain,gZlzCc57qX4,00024,-1.1359614414855308,5.824
train,pretrain,qzR62JJCMBQ,00008,0,pretrain,8FKYe2v0teI,00016,-5.710677657369844,3.904
train,pretrain,npFSbX7DZ6k,00023,0,trainval,mS8tQSTYLgk,50010,-9.23758164903245,4.48
train,trainval,DSPWxjBgvF4,50021,0,trainval,AJYRJ92g4GI,50019,-2.804215852297263,3.456
train,pretrain,J6tgYBMXR6s,00045,0,pretrain,MgnnQ2CN6yY,00021,-4.428972941307158,8.0
train,pretrain,90AU6D8qEhc,00003,0,pretrain,vlj9aPKB9m0,00004,5.384208534937901,4.864
train,trainval,UyQIKwSPZGM,50001,0,trainval,04SEzifEsGg,50002,-5.432943444439211,4.992
train,pretrain,YhG1Bgbsj2w,00036,0,pretrain,NAkkckxE9i8,00024,2.989247997986009,4.48
train,pretrain,ZuCX92wuw2g,00040,0,pretrain,5aH2Ppjpcho,00017,-1.7751586343461874,5.12
train,pretrain,qKJv4S5peJQ,00006,0,pretrain,2Shh4UkPVCc,00010,-6.557127348927441,14.016
train,pretrain,ANFQPEkczYc,00030,0,pretrain,mSQmfZOVNPw,00011,5.323663633788163,9.536
train,pretrain,7A66iZQXNh4,00009,0,pretrain,UdsUVjeJuPE,00028,2.6987985980360296,3.84
train,trainval,cWcVPpxezE0,50015,0,trainval,0N1oA9LUEc4,50004,-5.562939860553029,5.888
train,pretrain,eJ89At9Xxws,00005,0,pretrain,DgofaSv4MA4,00020,7.239554070999649,5.056
train,pretrain,LZAi7DlVN2g,00012,0,pretrain,8xHrpO6p7dE,00013,-1.363032346313167,3.584
train,pretrain,SZWS8SNCKMw,00001,0,pretrain,BwHAYgOnZSU,00006,-1.5247536416469778,7.36
train,pretrain,mK2TDdEP58g,00012,0,pretrain,gv1ApCmctVQ,00006,4.025421982187684,6.016
train,pretrain,O1j2A6ndEio,00005,0,pretrain,wyhF7q3Sbpk,00003,-2.4370079925229993,4.736
train,pretrain,LWULB9Aoopc,00002,0,pretrain,59K6SwHLtcw,00012,3.0389144165649196,4.672
train,pretrain,AbqsMDfX9Ig,00012,0,pretrain,J6tgYBMXR6s,00026,-7.018547658781578,10.56
train,pretrain,IKZCw4xdESQ,00005,0,pretrain,85bqT904VWA,00028,5.360414679622618,6.848
train,trainval,bq39x2HWjNk,50002,0,pretrain,b2qM1ISJCEQ,00037,2.563678848911895,5.248
train,pretrain,JoGCaI1HzYo,00002,0,pretrain,RgqtrlixYR4,00023,-9.830673774408238,10.048
train,pretrain,Y2y7BzjbSNo,00022,0,pretrain,bvAEJ8G9l9U,00041,-5.330375615156977,8.128
train,pretrain,gyPoqFcvt9w,00023,0,pretrain,YmlAl1SMtHk,00010,-4.1622839220291,12.992
train,pretrain,JSswZaKN2Ic,00016,0,trainval,SU1foLW8h54,50021,9.125869294514509,3.008
train,pretrain,93fJ33L9OKw,00010,0,pretrain,NgVwPj54TEo,00005,-0.7425831708081994,3.648
train,trainval,gAxSu7UgPGg,50004,0,pretrain,hiM48jSNZOU,00010,-1.177473128377823,3.968
train,pretrain,ibMjhQvAmcI,00017,0,pretrain,Yz1sNBv7oAo,00011,8.266550641542441,18.688
train,pretrain,xRdZXhyrO6c,00009,0,pretrain,48NRknBcz6k,00007,-8.984819001371687,17.728
train,pretrain,kSxhDZaLyVQ,00002,0,pretrain,7Xnty9zSCrA,00001,8.633958318621943,11.648
train,pretrain,bHLgTUV0XWI,00014,0,pretrain,UlDWRZ7IYqw,00002,3.0469475762658487,8.96
train,trainval,NhmybGS7FLA,50003,0,pretrain,5qdZybHSLnI,00021,3.2978353229404167,2.624
train,pretrain,tMQ4OxOxgrc,00012,0,pretrain,5HL1BEC024g,00029,4.459549133597866,14.4
train,trainval,5tUnSuoYKoE,50005,0,pretrain,Nhwq12TKkQQ,00006,-5.729120197595677,5.376
train,trainval,aFBIPOSP7LM,50010,0,pretrain,m0ZPM5I1tTg,00034,1.6870914904757868,2.688
train,pretrain,3WCwBVprDuQ,00033,0,pretrain,4bHO8NZwmIg,00053,-1.8171854486962147,6.016
train,pretrain,KzeQSZ3bQ2g,00002,0,pretrain,qNvDRuGK84I,00015,4.107049335551007,8.768
train,pretrain,7nAU7KXXHEI,00006,0,pretrain,S4XXhSwYASk,00015,4.10165618687347,5.632
train,trainval,nxRRqLpWi6Q,50003,0,pretrain,qp0HIF3SfI4,00010,1.9286008340547767,2.24
train,pretrain,jSOPQgPIdKg,00040,0,pretrain,FSNEIwDiCSw,00017,-4.28623912764992,3.584
train,pretrain,eAnHjuTQF3M,00017,0,pretrain,H1fvr9rGgSg,00001,-9.739762757009544,4.48
train,pretrain,ukgnU2aXM2c,00025,0,pretrain,EXo3qA9V3eI,00025,-2.4869751864381424,9.088
train,pretrain,IDSSieLCmS4,00046,0,pretrain,9YGZkgkj3fM,00017,-3.533067398299994,3.712
train,pretrain,DeUDQo1sYAw,00030,0,trainval,70uaS1e9YN0,50009,-1.4699177189606232,5.888
train,pretrain,OlLFK8oSNEM,00029,0,pretrain,2t13Rq4oc7A,00042,-6.950645960721886,4.608
train,pretrain,D4cV8yfgNyI,00013,0,pretrain,XRWTyUVh0BQ,00007,2.1521915318444425,13.056
train,pretrain,2Kk9R2rhwlQ,00012,0,pretrain,e450FJaS3no,00017,-6.006633007005709,6.272
train,pretrain,1bXAkbCyjpo,00050,0,pretrain,y1yK36RMyRE,00012,7.4710233682376455,6.912
train,trainval,0ygtX2nyexo,50029,0,pretrain,XDBWEKBq0Sw,00023,-9.469455002472213,6.208
train,pretrain,ldhppc7GmZg,00014,0,pretrain,Z6T37m4r3yo,00009,-6.149051299875068,4.672
train,pretrain,d8s8e8JdGCc,00005,0,pretrain,gwWrkgV47F0,00001,-0.44926830744619295,8.384
train,pretrain,Va07q3HFEZQ,00001,0,pretrain,LWULB9Aoopc,00004,4.84476934023734,3.84
train,pretrain,Hui5YHSD6Go,00008,0,trainval,bbT8jSPS2LA,50007,5.226042917031542,5.632
train,pretrain,hPsUXhXgWmI,00028,0,pretrain,jHLm5Lne3D0,00010,2.370323098702766,3.968
train,pretrain,boSGZ3qSAys,00016,0,pretrain,HS8y0WLm78U,00050,1.3157418166507568,3.008
train,pretrain,X03jYXszD3Q,00014,0,pretrain,deT1mILtFEY,00035,-9.423630080989593,6.848
train,pretrain,DM1SDVSFhc4,00012,0,pretrain,trxGZMm4nBQ,00031,6.324462253039471,4.736
train,pretrain,46wWjKTn4Ac,00013,0,pretrain,7PwvGfs6Pok,00028,8.57225225740412,5.568
train,pretrain,BCvzpm4d2gs,00005,0,pretrain,H1fvr9rGgSg,00016,5.705790136096267,3.776
train,trainval,CstD6O95LSo,50002,0,pretrain,QPiaadMporw,00029,9.933105790158937,5.248
train,pretrain,64RLBgDSCck,00003,0,pretrain,Sx1qkuvUxuI,00011,-5.646076847697074,9.152
train,pretrain,yLjxoscCi0A,00006,0,pretrain,5K57kcs15DY,00021,-1.506788073079461,9.856
train,pretrain,tXlNvlzd9M8,00013,0,pretrain,AfljJGTVcKE,00023,-2.4907265336874396,4.736
train,pretrain,JN3mW2IzCrc,00011,0,pretrain,KSzkPSW4Hik,00020,-2.6246753325011563,6.72
train,pretrain,VASXSkawBiY,00029,0,pretrain,5zTLgSAx2M4,00006,3.0132646642536365,7.616
train,pretrain,B905LapVP7I,00019,0,trainval,Chfoo9NBEow,50003,2.8716604461375095,2.816
train,pretrain,pbotabqHUys,00008,0,pretrain,y8qc8Aa3weE,00040,-7.9420193701448945,9.92
train,pretrain,9SQYDFiWnSs,00001,0,pretrain,7SrGFfZMJ6Q,00008,0.24397490181138615,8.32
train,pretrain,twWkGt33XSk,00010,0,pretrain,0JGarsZE1rk,00026,3.894993373346143,10.496
train,pretrain,u9Lu85L111Y,00039,0,pretrain,eNDhBSR1DZ0,00009,-0.7149198623882942,3.2
train,trainval,3BS1itqCKHo,50002,0,pretrain,mguvTfAw4wk,00017,1.4929297779092732,5.76
train,pretrain,a2MR5XbJtXU,00048,0,pretrain,kvpUiBqHoVM,00012,-6.510615570728953,6.016
train,trainval,mMasmrJOmEo,50001,0,pretrain,FjibavNwOUI,00019,6.418673966476753,5.696
train,trainval,CWU13rx44j8,50014,0,pretrain,oCBYfGXSAlA,00007,-4.502614873760136,3.136
train,pretrain,1X8b7mXImVM,00019,0,pretrain,qzR62JJCMBQ,00006,3.6905510968448,9.92
train,pretrain,jSSqQDPGW2k,00004,0,pretrain,St7SxHszKws,00038,1.803397539799791,11.52
train,pretrain,5sS3Yjh9Lw4,00020,0,pretrain,HB2SlA68YDU,00028,-8.175216439524906,4.096
train,pretrain,zawpbVpu5nY,00022,0,pretrain,fwm3azuoLr4,00027,7.481615513821641,8.768
train,pretrain,2BogtvaCWvI,00002,0,pretrain,0z03xkwFbw4,00030,7.355000809580801,4.992
train,pretrain,gVLu99Ja2mA,00010,0,pretrain,nn5k4snG3rA,00010,1.671995649269686,8.768
train,pretrain,8t987Lxt1t4,00004,0,pretrain,ARWBdfWpDyc,00007,0.5122570930408727,61.056
train,pretrain,rzbtSeVZeEE,00033,0,pretrain,1cJiAS6NSUI,00011,7.696202402686126,10.048
train,trainval,fSOupkS4VVo,50018,0,pretrain,gSHbRSAcN6Q,00009,-6.699655493745061,2.368
train,pretrain,FXYFLK0KZio,00002,0,trainval,SgYvy71CSSA,50002,-5.784354307568358,6.08
train,pretrain,hh2Z2hSgFIY,00021,0,pretrain,qEZmFR1WS7g,00008,5.202003810122589,13.888
train,pretrain,d5zjjJYqixo,00012,0,pretrain,qZYNWW4M7yM,00022,1.8465001735828341,6.08
train,pretrain,dsfROmgVN5U,00027,0,pretrain,bTE0MRRXNzs,00012,-6.7923925212508784,3.52
train,pretrain,wjXClLxcFTQ,00004,0,pretrain,0ygtX2nyexo,00035,9.869254933842317,7.424
train,pretrain,zuLOT6GsAxw,00023,0,pretrain,gS3iLapiTCw,00001,-1.296625495040562,4.224
train,pretrain,2a2724wcfcc,00002,0,trainval,2Oe6HUgrRlQ,50047,-7.455071961018569,2.176
train,trainval,QPiaadMporw,50003,0,pretrain,uP3pg3alCRw,00014,1.0421064443039256,5.824
train,pretrain,3NdSVi38RM8,00011,0,pretrain,y62pJTJkfbg,00004,-8.22862859908913,6.4
train,pretrain,BQnOTJH3w4s,00006,0,pretrain,ZuCtZJGcEMU,00004,-3.06435943505951,8.32
train,pretrain,aEa11FZwTRY,00019,0,pretrain,GYcP2BR8EtY,00004,7.906926630822731,15.744
train,pretrain,y7S4yQRCYHE,00013,0,trainval,sjPRN2XGSts,50007,7.987832070693955,5.824
train,pretrain,PYjWLqEScfE,00002,0,pretrain,R7beBKnH9u0,00023,9.166829605480174,11.136
train,trainval,7Iv2nZnZOrM,50009,0,trainval,f6nQJoEk7Ko,50001,-9.860322208761673,3.84
train,trainval,dQijrruP9c4,50002,0,pretrain,Z7CtKDNf2RI,00017,-6.879173454295675,3.968
train,pretrain,BQOz6OVz1zc,00062,0,pretrain,uSTmKo75gJI,00017,-4.98531656974037,4.416
train,pretrain,Possj5cXEnM,00008,0,pretrain,1rTEOU67zCo,00020,8.440420085863323,20.352
train,trainval,pX8zZdLw7cs,50020,0,pretrain,5cQoGNEcc5Q,00010,0.1368473830754997,3.392
train,pretrain,okQXrB7ySAw,00012,0,pretrain,2tBuvxXxlS4,00028,-9.14308379484567,5.824
train,pretrain,xMS9HlSSLSA,00023,0,pretrain,6a6vVIdQBd0,00045,7.77060775446245,4.8
train,pretrain,k7djE1X16og,00002,0,pretrain,J9SXc9wxByM,00021,-0.19143878661566305,6.72
train,pretrain,31iuh9pfFwg,00008,0,pretrain,pwdPxj3gHQ0,00005,-4.605912071299927,9.856
train,pretrain,dsmgvrcH94U,00021,0,pretrain,8jPQjjsBbIc,00030,-9.204523234039101,3.648
train,pretrain,nC06omDS0kA,00012,0,pretrain,zStF2WEZMSs,00026,-5.827355514888934,4.032
train,pretrain,pysNMB033co,00005,0,pretrain,anmktfGYw8k,00001,4.657205959592405,6.912
train,pretrain,BnC6IABJXOI,00034,0,pretrain,HpiZTvlWx2g,00023,3.5896230057285585,5.12
train,pretrain,SPLooRl0PSU,00010,0,trainval,QJORi5VO1F8,50001,-2.6894629513058472,2.56
train,pretrain,aFDKHFsVRnY,00013,0,pretrain,vJ66jv8ICjc,00008,3.1204059373196475,10.56
train,pretrain,bB5zR2xYhm4,00013,0,pretrain,gXlIASSrI4E,00018,0.7189925711564253,7.552
train,pretrain,gXlIASSrI4E,00025,0,pretrain,NRXCxJGQ4KY,00019,1.095109518511146,6.848
train,pretrain,ufUkAQOQaXU,00004,0,pretrain,W3SRjJtd6Eo,00015,2.597251076890686,13.504
train,pretrain,5pIGDw18mIQ,00029,0,pretrain,gZCgWmose3c,00006,9.829881983080135,9.024
train,pretrain,pbotabqHUys,00002,0,pretrain,iunmpgOnpqM,00003,-3.4790761084448256,5.504
train,trainval,vw5HJhIlJp4,50009,0,pretrain,tTb3d5cjSFI,00003,7.059502327853252,6.08
train,pretrain,mkdSXHXhCcw,00052,0,pretrain,QJ28IC63hlI,00014,5.0817272594767555,4.672
train,trainval,4N5N0pQUFbI,50004,0,pretrain,CqasLvlSWGU,00012,0.7479216391790917,2.432
train,pretrain,w5T0wS1OdMo,00017,0,trainval,DWZsOe1j2w0,50014,7.821166611550932,5.888
train,pretrain,HYGvts8hre8,00022,0,trainval,HQIi3nUXh0g,50004,-8.082299038193273,5.952
train,pretrain,fSf5wNwS2c0,00013,0,trainval,kmflTZnRuZI,50018,-0.979068305427921,3.2
train,pretrain,hha0NsYXS5c,00021,0,pretrain,LSGfqyhleUA,00034,1.454774235605914,3.968
train,pretrain,Chfoo9NBEow,00022,0,pretrain,UUqr4P7P3gM,00004,3.5098316211661107,6.528
train,pretrain,PWhjzFwn9Js,00008,0,pretrain,bbFF5n7S930,00018,3.1471756726490074,5.696
train,pretrain,LnnyuVG0krs,00006,0,pretrain,yXTtHmj1sr0,00010,0.5481825552877844,4.16
train,pretrain,5CSDIcUsIJk,00032,0,pretrain,EjSuaeVfE9I,00013,3.168982938192059,4.8
train,pretrain,7LcSdlVrg5M,00014,0,pretrain,XiEQmcZi8cM,00031,-9.37083165745146,4.352
train,pretrain,MEDgtjpycYg,00016,0,pretrain,u9hauSrihYQ,00039,-3.068222902358608,4.992
train,pretrain,xRdZXhyrO6c,00014,0,pretrain,j3YjeARuilI,00039,-0.24917240897194048,5.184
train,pretrain,9ebJlcZMx3c,00039,0,pretrain,ggPh4X7UKwY,00005,5.551756833610197,4.8
train,pretrain,k4vzhweOefs,00001,0,trainval,qAYqK9lAxic,50001,0.05898013571071559,4.608
train,pretrain,nAMrtHC2Ev0,00014,0,pretrain,YiXdS9DFCOQ,00014,-1.9402874987165717,5.76
train,pretrain,ae38tl7uR28,00003,0,pretrain,5pW2b1vwwf4,00050,-1.9261853776825166,5.888
train,pretrain,C44r6knuJtU,00018,0,pretrain,gC1CVOn8JQk,00004,-1.9817333779854316,3.008
train,trainval,pz1TDXKSTHc,50005,0,pretrain,BsFxokC02sg,00004,-6.852612736260191,6.016
train,pretrain,d6KSsePuFAo,00006,0,pretrain,KDBcoRLkut8,00026,1.2901826263375664,9.6
train,pretrain,Eq1Aes1SWMU,00004,0,pretrain,FLbXrNGVXfE,00001,0.11115115955669452,4.288
train,trainval,cpsRAk5HpK4,50015,0,trainval,M4soSZ9aSu0,50003,3.1200418643558887,2.944
train,pretrain,U4Lx5rcii38,00005,0,pretrain,m048uAa8L3k,00026,6.659585047685908,3.136
train,pretrain,ljqra3BcqWM,00023,0,pretrain,PdxPCeWw75k,00007,4.123523908334015,8.128
train,pretrain,DhSoIwxWkkI,00023,0,pretrain,0d6iSvF1UmA,00006,-1.7999806349724032,10.24
train,pretrain,F73O3Sim0Wo,00004,0,pretrain,jFG7jqJXbno,00002,9.339717015010983,7.616
train,pretrain,2zvjW9arAZ0,00082,0,pretrain,SryJK294Psw,00017,-0.8823749662376041,4.352
train,pretrain,PVzcGhZ8Aeg,00021,0,pretrain,ym6OYelD5fA,00011,3.427909992043096,6.592
train,pretrain,ldhppc7GmZg,00023,0,pretrain,ttDM6ZtLUL4,00009,-1.4255157779342404,7.104
train,trainval,jdMv5x8SBuM,50006,0,trainval,zwjLQgNd7XM,50014,-3.8441492611055006,5.76
train,trainval,imaWSTabxOE,50005,0,trainval,WIebxoTx408,50001,5.999433977106301,3.072
train,pretrain,3F2jACWwKdU,00002,0,trainval,s2F41IQSPGE,50049,1.7191924875708615,5.568
train,trainval,Bc2wVyl8RLI,50001,0,pretrain,6gSwRHScq6M,00047,-8.37700737426558,4.032
train,pretrain,sG2K1S4M8U8,00004,0,pretrain,CBSU7vJn0us,00002,-9.439986824720034,3.968
train,pretrain,FcoJt2KLC9k,00027,0,pretrain,QWN5xhV6v1U,00013,-0.552708519947771,5.952
train,pretrain,0Sdja9Ys4Sg,00008,0,pretrain,xf8zep5BADs,00002,-4.556204578440042,13.056
train,pretrain,uRxwQsrI560,00007,0,pretrain,kSGFq12w5WU,00032,-7.065305024309834,5.248
train,pretrain,trxGZMm4nBQ,00020,0,pretrain,fbeFn1Xcqo4,00033,4.992630339678797,5.056
train,pretrain,DW5YctpK7pM,00021,0,pretrain,5iqZzi9mj4M,00031,9.420469055127995,6.656
train,pretrain,PyS1o4sX1hk,00023,0,pretrain,3B24RaqA33k,00007,2.755028120450172,7.424
train,pretrain,1CN7PF10RKo,00002,0,pretrain,NdKEy6vcCMw,00063,-5.381485281081204,7.808
train,pretrain,G5pvUaMgfC8,00016,0,pretrain,khRkIVPa1Vc,00006,-6.32445417095485,3.776
train,pretrain,iWaZEXBbQL0,00001,0,pretrain,AHfiKav9fcQ,00013,-7.915961153402211,8.384
train,pretrain,jZxLsDkvkVQ,00014,0,pretrain,6wk4dkYSrV0,00004,9.125519898903885,5.056
train,pretrain,q06YIWCR2Js,00015,0,pretrain,X6Zo53M0lcY,00002,-8.928812927718251,7.04
train,pretrain,Y0UB6g8Rsyw,00007,0,pretrain,SUkVcmKZyyQ,00005,4.256111857532211,4.8
train,pretrain,TOSSkVIkY6A,00007,0,pretrain,G1Ke6JIZyX4,00010,9.915229116595551,4.352
train,pretrain,4ef6KJ7vfIw,00001,0,pretrain,gdg4mUSwuhI,00003,2.201554020398234,4.288
train,pretrain,9SGSSQssNj4,00014,0,trainval,gmjSazFbpkA,50019,8.060832299643323,6.08
train,pretrain,xp0O2vi8DX4,00025,0,trainval,ZIhFcjcc568,50009,-4.949916790994397,2.176
train,pretrain,73rUjrow5pI,00027,0,pretrain,kpyc84kamhw,00043,-3.832010186912118,9.088
train,pretrain,U6bYCiS1wF4,00011,0,pretrain,QAd54DkXCr4,00020,5.526564096931143,14.912
train,pretrain,7vsO7SHLJMI,00002,0,pretrain,YuEm03Ko0J8,00031,-2.8091081814449996,4.8
train,pretrain,Lrdn4lazVBc,00019,0,pretrain,tTcl5I0Wbzk,00020,1.8966901340350972,10.368
train,pretrain,abMQhaMdQu0,00020,0,trainval,xbagFzcyNiM,50014,-9.28670114124885,4.352
train,pretrain,gyPoqFcvt9w,00017,0,pretrain,LhjsRjC6B8U,00023,7.833198535468199,12.224
train,pretrain,breDQqrkikM,00036,0,pretrain,11Mq9ZuxZMc,00029,6.713639242280639,8.896
train,pretrain,C8zY0oAdQrs,00004,0,trainval,488ZBeaGo6s,50005,2.8809955724362553,4.096
train,pretrain,VGUnvr6ImOo,00013,0,pretrain,eGoSdLNceEk,00032,-5.4064776900171925,6.208
train,pretrain,seARHjX8Ssg,00007,0,pretrain,mymMye4purU,00019,-7.6709843644730675,4.928
train,pretrain,UdsUVjeJuPE,00014,0,trainval,SRSJX0qRVSw,50005,-0.8388728169726694,2.688
train,pretrain,pk35J2u8KqY,00013,0,pretrain,CSeFjLZqXt8,00002,-6.481525310357865,4.096
train,pretrain,VMXdSkW6hns,00016,0,trainval,QBDShp6U7tU,50002,-3.8001063888288584,3.712
train,pretrain,GIt6Z0k3PQo,00032,0,pretrain,RcGyVTAoXEU,00027,-9.788473687926766,4.608
train,trainval,NgDGlcxYrhQ,50009,0,pretrain,SypPoKpQi6w,00008,-3.884911948860738,4.736
train,trainval,2NHV4AzSEzY,50010,0,pretrain,CH4TZteceas,00004,-0.9985225879585169,4.032
train,pretrain,4bHO8NZwmIg,00005,0,trainval,qKlzdSH2X9w,50006,-2.145649127577805,3.264
train,pretrain,JDDGhGiaAZU,00019,0,pretrain,BSxI3YxAPW4,00022,-0.18749008196529715,17.088
train,pretrain,MHN1gqrXMUM,00021,0,pretrain,szU2S1infqc,00009,0.25672533770751116,11.648
train,pretrain,gOdAHe3SfVI,00011,0,pretrain,34a7UEzZdsA,00030,7.601157933420353,4.48
train,pretrain,uNDWvejza4c,00014,0,pretrain,da1vvigy5tQ,00032,1.9233049869460483,11.648
train,pretrain,BISCnsKyOuk,00033,0,pretrain,UiDJFGroD3U,00005,-0.06590810266425251,19.456
train,pretrain,w3q89BTJj3o,00027,0,pretrain,EEjyPqyFeSs,00015,0.7732361198167759,3.968
train,pretrain,KCr8s57hdzY,00015,0,pretrain,c2tOp7OxyQ8,00029,1.861101003793495,6.976
train,pretrain,DWoAShyDSsY,00010,0,pretrain,oXbhTHaMwTw,00009,8.032656206071984,4.352
train,pretrain,E3SSSS5SFHQ,00038,0,pretrain,wEM9c7RoVms,00002,-6.073945759446191,3.84
train,pretrain,PcQwHHbjZ0A,00040,0,pretrain,zUS5GcqzHNM,00012,7.764417938183726,8.32
train,pretrain,mp0SQQQgv7s,00015,0,trainval,XMSQKG70a5s,50009,0.7314841487736139,3.776
train,pretrain,o3VwYIazybI,00016,0,pretrain,5nys6iebjHw,00001,9.624582914396346,5.504
train,pretrain,sBsuIAscshE,00028,0,pretrain,7ZW8SLQftnY,00001,6.809436669188166,4.16
train,pretrain,apbSsILLh28,00022,0,pretrain,CFtsHf1lVI4,00052,3.3446258306044108,5.12
train,pretrain,Cd0JH1AreDw,00030,0,trainval,RjyxIsE3V2g,50016,-5.644022044259971,3.584
train,trainval,VfKWd7iXMSo,50006,0,pretrain,FjibavNwOUI,00002,0.8016486587189071,2.24
train,pretrain,U7fFCaHZvVk,00032,0,trainval,QfODW06Qi8E,50015,5.239875209256475,3.456
train,pretrain,xRdZXhyrO6c,00012,0,trainval,7hFy02TSH4U,50001,-1.1577980548440596,4.16
train,pretrain,NMBNZspmn7I,00021,0,pretrain,qesLGw23SzQ,00016,3.071753327851777,4.416
train,pretrain,VoCOzuWOgSY,00005,0,pretrain,6hFxDLkWNPY,00011,-0.5215521521695887,13.696
train,pretrain,3M29BY86bP4,00006,0,pretrain,rrkrvAUbU9Y,00058,9.642671412212138,7.808
train,pretrain,2j00U6lUCSc,00038,0,pretrain,8woKcr7uSYQ,00019,3.054430990063995,9.472
train,pretrain,vdDFLzyk94k,00030,0,pretrain,erCApSBd0AQ,00033,0.957098968695556,5.12
train,pretrain,7SfQLQ7eyA8,00012,0,pretrain,T2jwSUhu7ok,00016,-1.0182056941888185,18.88
train,pretrain,fw01Sq0cxM8,00039,0,pretrain,zqnZCSVsqPw,00022,5.154810204679627,6.208
train,pretrain,vcfrsYWFR78,00012,0,pretrain,i0a61wFaF8A,00010,-7.4528076267937475,4.608
train,pretrain,KExLCJAuTXA,00020,0,pretrain,STsOdmkH5fI,00009,-3.3782838446886343,7.424
train,pretrain,BRETz2FSheQ,00009,0,pretrain,2FMBSblpcrc,00007,5.54729053218432,10.112
train,pretrain,avuhY7D71sQ,00035,0,pretrain,1VRgmKiE0Js,00015,-2.7870969608961627,8.768
train,pretrain,yldVmMfMyIg,00019,0,pretrain,bEdvQjTGYP8,00015,6.568942135000018,9.088
train,trainval,gyPoqFcvt9w,50004,0,pretrain,rueQgStScw0,00011,6.152873510163612,2.368
train,pretrain,HALd9FY5SVQ,00002,0,pretrain,bHLgTUV0XWI,00009,5.6574016465414,6.336
train,trainval,unSnvLgyf3o,50004,0,pretrain,3B24RaqA33k,00045,9.879520485627488,4.224
train,pretrain,k5hspA18IU0,00029,0,pretrain,mMasmrJOmEo,00014,4.07759844580414,3.84
train,pretrain,49aWAHqi200,00030,0,pretrain,kZt3DNCcEtA,00002,1.691899765232721,6.72
train,pretrain,lASzdhSbQBo,00024,0,pretrain,zESeeaFDVSw,00009,-4.612312092384263,9.408
train,pretrain,btF6nKHo2i0,00013,0,pretrain,MoSmgcxGYYE,00023,-0.1275551965978181,4.608
train,pretrain,vygSSFKXms4,00010,0,pretrain,7SfQLQ7eyA8,00015,8.186767779912294,6.528
train,pretrain,IRxgDMSp9Gs,00041,0,pretrain,BISCnsKyOuk,00019,6.638944919643336,13.056
train,pretrain,SypPoKpQi6w,00007,0,trainval,dooLZNsHVDY,50012,7.425759698952021,4.736
train,pretrain,56WGgJNBRxQ,00017,0,pretrain,vqqWw3xkMzA,00004,-5.697686442139247,3.904
train,pretrain,tFGCB51xb6U,00013,0,pretrain,4SkoG9FWP4w,00010,0.11051851082015673,7.808
train,trainval,9EVEmZ2cSes,50028,0,pretrain,kpyc84kamhw,00008,3.4878099628866153,3.776
train,trainval,01GWGmg5jn8,50021,0,pretrain,0Bhk65bYSI0,00005,8.918481418717626,2.24
train,pretrain,EiTrl0W1QrM,00069,0,pretrain,HDjM5lw8OYo,00008,-5.616262037651058,5.952
train,pretrain,XnhhoRSnisc,00001,0,pretrain,N8Votwxx8a0,00008,-5.485639709878889,9.728
train,pretrain,apbSsILLh28,00080,0,pretrain,iOByGJskqks,00013,5.255540424107716,6.08
train,trainval,nU5gOr1cSxU,50007,0,pretrain,kZt3DNCcEtA,00033,1.0540644073200127,3.072
train,pretrain,0bop3D7SdDM,00027,0,pretrain,rYwTA5RA9eU,00009,4.883553943866248,14.016
train,pretrain,eg66CMRpKCw,00008,0,pretrain,7DCofMA9eQA,00009,9.609156803254539,4.544
train,pretrain,qKJv4S5peJQ,00006,0,pretrain,IDqMB6C1uys,00006,8.536018331110863,15.808
train,trainval,2K6P014XXmQ,50005,0,pretrain,GtXyGFMBWBs,00033,7.035641219997405,2.176
train,pretrain,wKIHuxe2fi0,00032,0,pretrain,D9Ihs241zeg,00002,-0.9035229034405354,8.256
train,pretrain,SeBUcBfkVCo,00028,0,pretrain,XS3m37czBfk,00024,4.4810291860124,23.296
train,pretrain,tJ54irRmdC0,00018,0,pretrain,f6CILJA110Y,00070,0.6743071725006917,6.528
train,pretrain,QSfFattg8N0,00022,0,pretrain,sYUjyH8Y0No,00026,-7.597569185863728,6.72
train,trainval,bXnTAnsVfN8,50011,0,pretrain,NXvITqGAiX8,00002,-5.013412092352734,4.224
train,pretrain,bUaU9kdt9I8,00013,0,pretrain,RVX8ZSAR4OY,00022,-5.783237501689094,6.976
train,pretrain,mYQx5n5SRVQ,00016,0,pretrain,pNttjJUtkA4,00047,1.3201305856429926,6.976
train,pretrain,rSSSsisz2SM,00019,0,pretrain,jSdBXFkQ3S8,00011,-1.489723074623754,3.776
train,pretrain,YhW9I8SUkFU,00015,0,pretrain,CiJ6ybBSm10,00014,-7.724172323435232,4.48
train,pretrain,yTR4sADS4qM,00004,0,pretrain,6XS8TA4RBog,00034,4.092968614425541,6.72
train,trainval,dsT5eVSm7BA,50019,0,pretrain,3lxyiS3CGrk,00021,2.9521008421218458,2.048
train,pretrain,Yagdvqn2YMU,00023,0,pretrain,mulbSSAULSo,00011,9.304717767166174,22.592
train,pretrain,s9jsZPeqFCw,00003,0,pretrain,1BHOflzxPjI,00012,-7.112379926778263,4.672
train,pretrain,SSogppqBahk,00009,0,pretrain,YodRXxzhb7s,00018,-3.841816102423663,11.2
train,pretrain,lYdk1NK9Sr0,00002,0,pretrain,2SlbsnaSNNM,00006,7.593585350600442,6.08
train,pretrain,pxzUDc1Zs4E,00009,0,pretrain,F2dFiK3wkRA,00015,5.5834339352685305,10.496
train,pretrain,DokhOtMp75A,00021,0,trainval,5K57kcs15DY,50003,-9.217486842697278,3.904
train,pretrain,dgYItsUBW1M,00028,0,trainval,LZXUR4z2P9w,50001,-1.9426146419156893,3.52
train,pretrain,5AN5fPFtV0U,00031,0,pretrain,tXlNvlzd9M8,00016,-4.88223207768389,4.096
train,pretrain,NtOoDN0ojxo,00017,0,pretrain,fbeFn1Xcqo4,00004,-3.6221666324842294,13.312
train,pretrain,jpRqbP9Nv9k,00023,0,pretrain,K5wCfYujRdE,00030,-0.8346513985373427,6.272
train,pretrain,USmTQeKRaP4,00025,0,pretrain,sGXeX7PPrCI,00019,7.546739676760918,10.88
train,pretrain,04SEzifEsGg,00063,0,pretrain,HJY8gMsonU0,00012,-1.470356381420375,2.176
train,pretrain,NVPxmzSPvUw,00050,0,pretrain,mDSuP2BsVy4,00041,0.9265760784298962,3.136
train,pretrain,jiDQDLnEXdA,00003,0,trainval,pzN4WGPC4kc,50002,-5.326502302895291,5.824
train,pretrain,QoRZNSVpt3Q,00014,0,pretrain,zyet9fPS24k,00014,1.026357133008771,11.648
train,pretrain,t5KNNlxLScc,00006,0,pretrain,sBaiRpIpPKQ,00012,1.1798596365429574,7.296
train,trainval,oeL72c6scAs,50005,0,pretrain,axAxSDq3rn8,00004,5.926204436655286,6.144
train,pretrain,4FBFvWc7zf0,00004,0,pretrain,ol1b5mMeP7s,00012,2.800342263911979,5.696
train,pretrain,ljqra3BcqWM,00016,0,pretrain,0S3YDofSvGs,00012,0.6660067229640063,10.944
train,pretrain,v8YoSPXN7UA,00015,0,pretrain,EKy19WzkPxE,00012,-3.6354688788938194,3.968
train,trainval,XPkV1bDZDl4,50012,0,pretrain,xS8jLsYoSic,00007,-9.011721122527732,5.44
train,pretrain,kNhyOYv2ejw,00051,0,pretrain,mpqrO2agOTs,00002,9.295012361694209,4.736
train,pretrain,VS5CCbyap5Q,00004,0,pretrain,5tUnSuoYKoE,00087,-3.2142372659087215,3.712
train,pretrain,gZlzCc57qX4,00014,0,pretrain,MLvwTlbj1Y8,00003,-0.2636270797453317,5.76
train,pretrain,JzLiCBCbAMY,00020,0,pretrain,JRHzQG0aI8w,00008,7.221076538681974,3.456
train,trainval,sgTjCpBOeCU,50007,0,pretrain,Sk0ywFgMpFk,00001,-1.7979724146419844,4.288
train,trainval,MOFdlEbu15g,50028,0,pretrain,06M8qY7Q74Y,00021,-6.22879072499924,3.2
train,pretrain,YvyeISAxb70,00002,0,pretrain,a17Z5Sk2XJY,00007,5.24907045348791,3.584
train,pretrain,l1fodZNF1GI,00030,0,pretrain,C8zY0oAdQrs,00004,-5.083947542195042,4.096
train,pretrain,dghBrSBC34Y,00013,0,pretrain,jJMBwqhD9DE,00027,-8.977665757755638,5.376
train,pretrain,oml5JLFKgH8,00006,0,pretrain,fJ36gCwKVec,00008,-6.2563409338906695,3.136
train,trainval,zMAU8SY8pMs,50006,0,pretrain,XKiQl5WZQ5I,00015,0.3390781095220561,3.904
train,pretrain,GMc8aSoCE30,00034,0,pretrain,P65XdTlk4vA,00046,8.496439682495279,4.608
train,pretrain,ELET24AHnEg,00028,0,pretrain,MLKj1puoWCg,00013,1.9022214978786511,10.432
train,pretrain,kNhyOYv2ejw,00030,0,trainval,TT6qWghHkFI,50008,9.578944863039165,2.112
train,pretrain,U2dHczVSCdo,00012,0,pretrain,jkEgngW766Y,00002,0.7826501555471488,8.896
train,pretrain,lACQknq4sFI,00008,0,pretrain,jKAehegqTvg,00010,-0.26701219141676447,5.568
train,pretrain,SvZXgApsPCQ,00014,0,pretrain,j51HsRILGKI,00057,0.09349263549090736,4.48
train,pretrain,uWfLwKHSEko,00020,0,pretrain,HBSQR6xovSw,00021,8.03236172944787,3.072
train,pretrain,vzKA1y3cdYI,00019,0,pretrain,hfDkDzZ9GsU,00018,-3.022725217815778,6.208
train,pretrain,osBbP6Om4Mg,00010,0,pretrain,hsSYuHv0vUk,00026,-6.994276826723633,6.528
train,pretrain,KnFZpoplGQo,00001,0,pretrain,zhKoy2QPThE,00010,-4.914360741729573,21.12
train,pretrain,SU1foLW8h54,00018,0,pretrain,XkiXXPShycA,00020,6.001491395836023,4.544
train,pretrain,MBZyRlxVdSE,00010,0,pretrain,0hzSUUdTDUA,00009,-7.075814445317555,3.2
train,pretrain,2wseM6wWd74,00009,0,pretrain,7s2CoqypMLg,00002,1.1918911635276945,4.928
train,pretrain,Syi9bqfFIdY,00004,0,pretrain,YXrEVQFtJm0,00017,5.285813858296837,7.04
train,pretrain,qQSPUXPVlos,00032,0,pretrain,DZT6YpCsapg,00028,-3.5808834770761795,4.416
train,pretrain,H74XsXCjKA8,00003,0,pretrain,1X7fZoDs9KU,00029,6.085247430203214,5.056
train,pretrain,DcKdClnpz4k,00048,0,pretrain,AGivotqSrd0,00045,-2.2694965849213444,4.48
train,pretrain,88SlA2EZxtY,00005,0,pretrain,Fb3yp4uJhq0,00011,-2.3482434756688253,7.488
train,pretrain,vNpmq6OkSQQ,00014,0,trainval,u7SWcQaoaRQ,50008,1.7985683291317311,2.368
train,pretrain,NgDGlcxYrhQ,00030,0,pretrain,D9Ihs241zeg,00004,-4.744400481709164,19.648
train,pretrain,gmjSazFbpkA,00001,0,pretrain,yyW9W3e9VD0,00008,-1.9925890107876825,4.608
train,pretrain,AE0gO5wSaok,00053,0,pretrain,R21MsHQA8vM,00004,3.6339061529696632,4.992
train,pretrain,JCI9FBP0Abg,00006,0,pretrain,WIebxoTx408,00009,-1.1155880556492193,4.608
train,trainval,0ITHlySbhJE,50009,0,pretrain,VM6HZqQKhok,00040,9.682601765032107,3.776
train,pretrain,9vpqilhW9uI,00028,0,pretrain,M1o3FS0awtk,00018,-7.0976064795759815,7.744
train,pretrain,NRXCxJGQ4KY,00024,0,pretrain,KQEWc3LVfyc,00040,-0.12499169037685931,8.064
train,pretrain,9jk2NZpSLWo,00013,0,pretrain,Hc6yiSFtoNo,00007,3.077738650100061,5.44
train,pretrain,5K57kcs15DY,00006,0,trainval,WfjzkO6SDEI,50003,-7.45465135118155,3.392
train,pretrain,8Szk2DpgLCs,00006,0,pretrain,nAMrtHC2Ev0,00003,-0.011383160481027943,6.976
train,pretrain,vRK7KKQH9Ck,00005,0,pretrain,WSSaFAZS0Dw,00004,-6.609349402031635,3.008
train,pretrain,DzNNS4rcIjs,00024,0,pretrain,60OVlfAUPJg,00004,3.868497988403867,5.248
train,pretrain,py1RrSdVt5A,00016,0,pretrain,P5Mpo4JQZhw,00026,0.2452823058134168,6.336
train,pretrain,jKAehegqTvg,00009,0,trainval,D9S6G8J6VJg,50004,-0.5495522903852983,4.416
train,pretrain,YPLGuwXomYQ,00001,0,pretrain,5Jqk1rkuUwU,00012,-6.0828723372127165,12.608
train,pretrain,txxOrXPNzpo,00001,0,pretrain,uWfLwKHSEko,00015,3.737026132471481,5.696
train,pretrain,MkSSu32xfGc,00001,0,pretrain,YL1XwfyaS00,00007,0.6559903684472914,4.928
train,pretrain,0x2SkWRB8SA,00019,0,pretrain,VC3H1lMEeS4,00031,-7.926856348530553,7.36
train,pretrain,IBoJcDlqmo0,00014,0,pretrain,Mb8x6vLcggc,00004,6.225248866312583,6.08
train,pretrain,8xHrpO6p7dE,00024,0,pretrain,YKACzIrog24,00011,-2.2393420882315045,6.72
train,pretrain,FjnGdiqk96Y,00015,0,pretrain,vGDZmSnSkfo,00012,-0.08287190304551117,11.456
train,pretrain,jpRqbP9Nv9k,00019,0,pretrain,MgnnQ2CN6yY,00006,-9.649623928806239,4.224
train,pretrain,dskNubEgzCk,00010,0,pretrain,hrpwRdijvCM,00026,-9.101624921912725,5.184
train,pretrain,HdHW77blulg,00006,0,pretrain,85bqT904VWA,00036,-7.31813433348528,5.056
train,pretrain,oDdcx5luv5s,00044,0,pretrain,4c1lqFXHvqI,00037,3.509685771473343,4.672
train,pretrain,vbHkhSfaQu8,00039,0,pretrain,QbxinUJcLGg,00013,8.756552986393526,7.36
train,pretrain,0SUTgoPUTLQ,00030,0,trainval,bmFhWr693is,50007,-3.6822865011415225,4.416
train,pretrain,5LrThfSBeq0,00004,0,pretrain,yJJtRWFLSgw,00045,4.206681666998744,4.288
train,pretrain,DL0SgcP15Ts,00005,0,pretrain,6EghiYSs2ts,00031,6.363518600219102,4.224
train,pretrain,zpT5kBrZFVw,00018,0,pretrain,2L4BSVpvx1A,00011,-7.565473305580932,6.08
train,pretrain,tUAepQYyMY4,00016,0,pretrain,PTUcj45juXg,00004,2.660012708889381,4.288
train,pretrain,zXCiv4sc5eY,00045,0,trainval,c2tOp7OxyQ8,50031,-6.127301285506284,2.304
train,pretrain,NwmGTM5Py8Y,00045,0,pretrain,tH5iEf9oxaI,00021,-9.673333010708255,5.824
train,pretrain,Urk3xn7l3AM,00007,0,pretrain,xTBYcSL3MrI,00004,2.0536164739295337,12.928
train,pretrain,bz3AtnMH7nU,00004,0,pretrain,tNKdc6Lxcvo,00010,-0.7415897826046454,4.096
train,pretrain,RKmxL8VYy0M,00009,0,pretrain,0SW0HFy9Et4,00020,6.516893057405234,13.888
train,pretrain,CLSSiaFuLo4,00046,0,pretrain,XiEQmcZi8cM,00013,-1.8486750853444622,8.448
train,pretrain,Erm4vP1vTn8,00016,0,pretrain,V1gxziZwmkc,00028,-4.4104269536192735,13.44
train,trainval,S9PEogIrHSk,50018,0,pretrain,V2u6CzpRqts,00020,-3.55291673642591,4.16
train,pretrain,XMSQKG70a5s,00012,0,pretrain,aPjvEaE6VXs,00009,-7.549339048484374,9.664
train,pretrain,KJ3lcCa0G4Y,00020,0,pretrain,qp0HIF3SfI4,00005,6.9041654065908205,9.216
train,pretrain,ZWfCi9WxK1E,00022,0,pretrain,OwRAFCrsDS8,00002,9.693630786301334,9.344
train,pretrain,4EUAMe2ixCI,00040,0,pretrain,c73Q8oQmwzo,00009,-0.8354683854476761,5.952
train,trainval,Possj5cXEnM,50010,0,trainval,h0C2LPXaEW4,50006,-5.337894337393047,3.456
train,pretrain,GeDSgi0A7A8,00009,0,pretrain,0SW0HFy9Et4,00030,-9.09156189187202,8.256
train,pretrain,d6PS4p3IXLQ,00033,0,pretrain,tpH2fhwCzSM,00013,5.537578915142776,8.96
train,pretrain,gVLu99Ja2mA,00028,0,pretrain,4yyPSZSGLOI,00012,-6.7376709011514535,3.456
train,pretrain,0tVGSTxcsSU,00005,0,pretrain,6tpsSu5O0Ws,00054,-6.497099805263458,13.44
train,pretrain,HSDr2Jap44w,00001,0,pretrain,bCGlWQnzDVE,00013,-7.110173819032079,4.992
train,pretrain,SJyE40koQyA,00011,0,pretrain,be03wdS5Klc,00003,-3.7841409973304962,4.544
train,pretrain,JmZpFy1QUww,00011,0,pretrain,1bXAkbCyjpo,00001,-0.0999037642723195,4.352
train,pretrain,PcQwHHbjZ0A,00030,0,trainval,56WGgJNBRxQ,50030,1.0007565646532175,3.328
train,pretrain,z8UevNKDFKU,00011,0,pretrain,AIfBSkVI6NQ,00004,-2.1757104486269068,11.008
train,pretrain,TcBrchkBSBE,00018,0,pretrain,PCupHgKGCcY,00026,8.72499732151266,4.992
train,pretrain,lqbLSUhhyPk,00008,0,pretrain,kTz52RWSbD0,00034,-4.154913751435378,9.216
train,pretrain,aeiSXpmMQys,00022,0,trainval,qP2W2k3L1Ow,50016,-6.219838892076613,2.432
train,pretrain,RPjqPHCMJHU,00013,0,pretrain,GtXyGFMBWBs,00032,5.970396184597943,7.04
train,trainval,8gSAkUOElsg,50014,0,pretrain,5EORxJsoUJQ,00024,7.654345199835507,4.16
train,pretrain,yVwAodrjZMY,00015,0,pretrain,jSGzkjHtFiA,00023,5.2987767543792135,3.84
train,pretrain,WQ82Uukl6rg,00004,0,pretrain,MEDgtjpycYg,00023,7.951938846991027,8.704
train,pretrain,1BXYSGepx7Q,00023,0,pretrain,sYUjyH8Y0No,00004,2.3427330118655547,8.448
train,trainval,rAA8mMQi0is,50003,0,pretrain,5MgBikgcWnY,00007,1.634317080765129,3.2
train,pretrain,hm0bZETWIkg,00002,0,trainval,uDIyxxayNig,50013,5.327613714782133,5.568
train,pretrain,ISSupr6ayqw,00008,0,pretrain,ruh6rN5UrME,00010,-8.980781284045147,13.696
train,pretrain,mkdSXHXhCcw,00093,0,pretrain,th3nnEpITz0,00029,9.573491356804375,16.256
train,pretrain,FD5ZKiSmoMU,00043,0,pretrain,D1QoyTmeAYw,00003,7.228024432742128,11.52
train,pretrain,GHcCs4TPvYA,00006,0,pretrain,tbRM4Q6OI8A,00005,9.087084095087498,6.976
train,pretrain,oHBKqCI4Fgg,00004,0,pretrain,P5Mpo4JQZhw,00018,-3.6267649092293315,6.72
train,pretrain,qFza3W87eDg,00039,0,pretrain,fSRWTyY2YSM,00037,-7.901358756457566,7.04
train,trainval,FLbEKpLS5Z0,50021,0,pretrain,HByDu4uOFY4,00006,0.6834359972921362,4.864
train,pretrain,SZSul0GzzM4,00014,0,trainval,ivfJJh9y1UI,50006,-1.5216940354051047,4.288
train,pretrain,PENUoKd5Feo,00006,0,pretrain,hS3dLASh3Yc,00002,-2.7845162598111184,5.184
train,pretrain,fCKNScHMBGE,00002,0,pretrain,p9UC0chfXcg,00025,1.4378449212083577,8.064
train,pretrain,hrpwRdijvCM,00014,0,trainval,A71OktxTPac,50001,9.582105299572415,6.144
train,pretrain,tVoE8eSu4bw,00002,0,pretrain,AQa3kUJPEko,00010,9.13109605883443,9.088
train,pretrain,SMi3rHuK0c4,00040,0,pretrain,u1SdYypojbE,00024,3.1496392789147976,3.2
train,pretrain,gzthxdm7XNs,00025,0,trainval,2tcEgqTWbxQ,50021,-7.181472287506045,2.368
train,pretrain,o2WyXD7IaN0,00025,0,pretrain,1BHOflzxPjI,00024,-1.2835969471796602,3.84
train,pretrain,pNttjJUtkA4,00047,0,pretrain,0HEXx3SP8kk,00028,-9.25418959307181,9.088
train,pretrain,gh5VhaicC6g,00007,0,trainval,4GKTEDqbQIw,50027,3.7526195824076165,2.56
train,pretrain,BnC6IABJXOI,00036,0,pretrain,vbKKoniUxMk,00023,1.751289112303752,4.288
train,pretrain,sfIpMJwRFk8,00004,0,trainval,aqhzFd4NUPI,50045,4.837014048599702,2.048
train,pretrain,LsESSyMnwmU,00032,0,pretrain,jsZDlBU36n0,00028,5.193712835425416,3.008
train,pretrain,y9wzaxSPtIo,00016,0,pretrain,tTb3d5cjSFI,00007,-1.3321836840861216,6.336
train,trainval,5s61n2MLGRQ,50005,0,pretrain,gLDQr9i7LkM,00009,-4.415248400510756,2.048
train,pretrain,VvpUZjRVoBI,00016,0,pretrain,SYHG5y4tvLw,00010,-2.516032468735345,3.456
train,pretrain,OKIyDMaxh4w,00003,0,pretrain,ZJXxySanins,00018,7.695266776727642,10.176
train,pretrain,Mgbf3cq7lms,00025,0,pretrain,BQOz6OVz1zc,00033,2.5471128156576164,5.824
train,pretrain,19MSMRPgPYc,00009,0,pretrain,G88JZ1DIdg8,00017,-7.792210405989593,5.312
train,pretrain,UeKZYCq3s0E,00004,0,pretrain,HsSvPqfsO0Q,00004,-5.9705663922172025,9.92
train,pretrain,aTfwA1TaH3Q,00016,0,pretrain,z4kwU6z6ORg,00027,-2.616206137070818,10.688
train,trainval,5aLiFw8CSEA,50010,0,trainval,gZga0AmCGdE,50001,4.598794667218744,2.048
train,pretrain,b6rAgHcuYtE,00023,0,trainval,jqWHy6B0ADA,50015,7.917798402865767,6.08
train,pretrain,7Z9xCX4ifJo,00005,0,pretrain,ts5MKtXNpMQ,00010,-3.6500725296467547,5.504
train,trainval,VC3H1lMEeS4,50014,0,pretrain,bRQahFJUSJQ,00009,-4.537013755577481,2.56
train,pretrain,dkmpRQdJslI,00011,0,pretrain,0sYguTPLpHE,00068,-5.011446431789606,5.696
train,pretrain,LTtTfCwkIW0,00007,0,trainval,KNXOVpN8Wgg,50004,-9.920268170510615,2.944
train,pretrain,o4Nno6POrwE,00030,0,pretrain,Ligs82S0qN8,00009,1.2394507752848298,10.88
train,pretrain,CEN4XNth61o,00015,0,pretrain,k3zZVQPaKKQ,00001,-9.390617792849337,4.608
train,pretrain,Syi9bqfFIdY,00034,0,pretrain,P8GCjrDWWUM,00017,-3.096271444285616,4.288
train,trainval,n9yuAhusVts,50014,0,pretrain,apbSsILLh28,00002,-6.309764889602576,3.008
train,pretrain,qItCBNzqdn8,00012,0,pretrain,eZgSGgToBEE,00026,-5.1894196569724205,16.256
train,pretrain,1QX7aoxSTAQ,00012,0,pretrain,DkyMCCnNI3Q,00011,-2.6472820918273277,4.48
train,pretrain,lQDxasFKQCA,00026,0,trainval,2tcEgqTWbxQ,50017,-3.692591128182081,2.304
train,pretrain,BDOSUiEh0eY,00043,0,pretrain,ldhppc7GmZg,00005,-8.591897187731469,6.656
train,pretrain,31iuh9pfFwg,00027,0,pretrain,fgfQLTIhi1U,00025,-8.693870685823168,11.52
train,pretrain,qQJHZZwI8zE,00009,0,pretrain,LJhklPJz9U8,00020,7.030498672789747,4.16
train,pretrain,tVoE8eSu4bw,00018,0,pretrain,xeFl0RE31x0,00026,-4.638541689332127,2.944
train,pretrain,S4XXhSwYASk,00030,0,pretrain,ZvSJE9n0GfA,00028,0.8981528734051594,9.088
train,pretrain,uYaF8pSTNSU,00048,0,trainval,Qhomjw2PSV0,50016,7.508887944341669,5.184
train,trainval,48oiapTn3K0,50005,0,pretrain,TFvkq4BAvnw,00025,-7.300395633713954,5.952
train,pretrain,NXvITqGAiX8,00007,0,pretrain,RGRlkq4Xl1s,00003,-5.085010895498185,7.744
train,trainval,dY7iATJVCso,50002,0,pretrain,8u9Wvz1edxI,00037,-9.154379904568613,2.304
train,trainval,8t987Lxt1t4,50002,0,pretrain,SHt4qiDRZE8,00027,7.3070976633526925,2.176
train,pretrain,YraU52j3y8s,00027,0,pretrain,6iFCm5ZokBI,00016,6.193871801873229,6.592
train,pretrain,gevXeQwS1jg,00051,0,pretrain,HS8y0WLm78U,00059,5.458575342720058,7.36
train,pretrain,CBSU7vJn0us,00009,0,pretrain,Sk0ywFgMpFk,00034,-5.300994156897476,4.416
train,pretrain,goSQOzc79Uc,00014,0,pretrain,11Mq9ZuxZMc,00041,2.050954646846426,3.584
train,pretrain,GCOc31fQi7A,00005,0,pretrain,rSqYQXRVP0k,00010,-2.886768432713451,4.736
train,pretrain,JD4O7ama3o8,00002,0,trainval,5K57kcs15DY,50007,2.6014815465833543,5.568
train,pretrain,kpyc84kamhw,00038,0,pretrain,t9c7aheZxls,00012,9.167740107047102,3.456
train,pretrain,EDLWWP8N6MU,00007,0,trainval,gQShmD0C81U,50002,4.118322564086087,4.032
train,pretrain,wQJC2MMB8nA,00011,0,pretrain,8etnSTnX92g,00009,1.1968577493593386,34.176
train,pretrain,R1vskiVDwl4,00002,0,pretrain,uSUOduS5MPc,00032,-5.690475608964172,6.976
train,pretrain,WCj82W7XkjI,00002,0,pretrain,U7fFCaHZvVk,00009,-5.784747174201021,8.064
train,pretrain,vNDhu2uqfdo,00013,0,pretrain,NFDmsNCGcvc,00003,1.9429211585470014,7.168
train,pretrain,vcfrsYWFR78,00006,0,pretrain,bClWV3eeETA,00014,-2.2351085452985187,3.904
train,pretrain,zqLYcJ6Ib3c,00029,0,pretrain,rSfHY43qLWs,00011,9.3788720209037,4.352
train,pretrain,iyfdWsa1zns,00014,0,trainval,C0byYFXjRJM,50012,0.6541625303595282,3.136
train,pretrain,afev0ZjAhUA,00019,0,pretrain,hupHAPF1fHY,00009,-3.084359722506136,5.248
train,pretrain,py1RrSdVt5A,00045,0,pretrain,W9YBCwgrwQA,00005,-6.322455138627441,10.368
train,pretrain,vzKA1y3cdYI,00017,0,pretrain,SrqmuYvk3iQ,00030,7.607943075634928,11.52
train,trainval,IHyR7p6Shn0,50022,0,trainval,DoRSyk7lA5Q,50009,8.521159730617644,2.944
train,pretrain,FfwFUjVEIl4,00005,0,pretrain,X7uiSiAp8Pc,00009,0.8047502855273603,5.952
train,pretrain,MBZyRlxVdSE,00006,0,pretrain,1G0MzlfMPuM,00012,9.327582884974905,6.464
train,pretrain,X2et2KO8gcY,00012,0,pretrain,rYwTA5RA9eU,00021,8.606419962427477,9.28
train,pretrain,CFADnhYKDHg,00006,0,pretrain,3B24RaqA33k,00026,5.80103728860627,4.032
train,trainval,7LE4MoJS2po,50003,0,pretrain,Pl8OlkkwRpc,00004,0.6244470017157973,4.48
train,pretrain,ibMjhQvAmcI,00007,0,pretrain,3KmaFiKvGSM,00001,6.535085529371727,13.376
train,pretrain,kNhyOYv2ejw,00035,0,pretrain,a2MR5XbJtXU,00025,9.598859737552438,4.288
train,pretrain,2g9GedPylM8,00021,0,trainval,d4Dj0qdWLnk,50001,8.734866979558692,3.712
train,trainval,QG4Z185MBJE,50002,0,pretrain,zG21nyJNBSA,00001,6.8290158502594025,6.08
train,trainval,AR6RiSHN7S0,50018,0,pretrain,G88JZ1DIdg8,00014,-6.24697511895987,3.136
train,pretrain,fDV4fDWUo6U,00003,0,pretrain,KVjkFqS7Y6A,00026,8.255839816357565,5.696
train,pretrain,30KJRb4MzSg,00026,0,pretrain,tbicAmaXYtM,00028,8.041172929743222,4.8
train,pretrain,o9NUy12lgs4,00016,0,pretrain,eGoSdLNceEk,00003,-6.249548104413902,4.352
train,pretrain,QxkxcsrveLw,00018,0,pretrain,CdxVbUjaSpY,00003,6.000969454455873,8.192
train,pretrain,DM1SDVSFhc4,00001,0,pretrain,11Mq9ZuxZMc,00012,-0.12731295768258377,14.016
train,trainval,DsSrzoyyfF0,50008,0,pretrain,Xmvpx1kIEBQ,00005,6.955540867779277,6.144
train,pretrain,BGRy5VUSLfI,00020,0,trainval,UyUXxrSS3qs,50004,-3.3348825562608315,5.888
train,pretrain,pSCefSAYqaA,00024,0,pretrain,1bXAkbCyjpo,00027,2.0275554281280765,4.608
train,pretrain,2Brajdazp1o,00010,0,pretrain,eJb3Z2RmRMo,00013,2.667127509378254,5.888
train,pretrain,ok54sSWquT4,00033,0,pretrain,sY0PfSpfqCI,00011,-4.722204788713822,3.648
train,trainval,jSOPQgPIdKg,50004,0,pretrain,UxLRv0FEndM,00007,9.406290132052366,6.144
train,pretrain,1rTEOU67zCo,00009,0,pretrain,s6rJLXq1Re0,00017,9.610267057657957,6.784
train,pretrain,z4eSa6GXEsE,00001,0,pretrain,4sg9TlsMRVA,00023,4.124489911467995,8.704
train,pretrain,sWnAtLt8kSs,00019,0,pretrain,mDSuP2BsVy4,00026,2.0813007909192223,5.504
train,pretrain,aUYSDEYdmzw,00021,0,pretrain,P9YbrVFoX0Q,00008,5.399822800223495,13.888
train,pretrain,eQdFkSSgHYo,00004,0,pretrain,1KFUSfbcwfw,00002,0.7578935517079266,7.424
train,pretrain,qSTStSwyBWc,00006,0,pretrain,j3YjeARuilI,00006,-6.236320614992163,8.64
train,pretrain,y7LXwGfvxwo,00032,0,pretrain,iISw251TIgw,00007,-3.3919361157149748,7.68
train,pretrain,UIAm1gSVgn0,00026,0,pretrain,JRHzQG0aI8w,00020,-0.41891623848139936,4.8
train,pretrain,tF1oSdNwE8c,00007,0,trainval,5CSDIcUsIJk,50005,0.28088720786689514,6.144
train,pretrain,cgxZ4H3gJ8c,00007,0,pretrain,ZuCtZJGcEMU,00013,2.946687746004141,7.616
train,pretrain,ptIecdCZ3dg,00022,0,pretrain,potB0voQzNg,00050,5.21527399917905,9.28
train,pretrain,jVBp2nDmg7E,00020,0,pretrain,mFnS7wG1qXw,00024,5.615567619143388,9.088
train,pretrain,W3C23m71Yws,00001,0,pretrain,wfNX1cHkSfE,00014,-4.260125755738741,4.736
train,trainval,yxC30tEjZk8,50004,0,trainval,b3H9V1jq0A8,50003,0.9593196027195035,2.816
train,pretrain,XZ3nEK1qSkA,00001,0,trainval,CVaSIZVzUoc,50001,9.993146365928325,2.688
train,pretrain,fDzj9vRw5yM,00012,0,pretrain,R21MsHQA8vM,00023,-6.121071668557856,4.416
train,pretrain,Oj8eFu72Sfc,00017,0,pretrain,F10t7i8wHaM,00009,6.840743932373904,4.8
train,pretrain,ppRtQCAbzPk,00010,0,pretrain,pvBlSFVmoaw,00015,8.843156409547838,5.12
train,pretrain,pysNMB033co,00005,0,pretrain,YkzwHuf6C2U,00018,2.3892253177405784,6.784
train,pretrain,VekRvcbL4yk,00017,0,pretrain,UUkAGboDMwI,00009,-2.1935813036571545,11.648
train,trainval,YsUAEFJsOdA,50016,0,pretrain,breDQqrkikM,00028,1.2101863752119968,6.208
train,pretrain,y62pJTJkfbg,00003,0,pretrain,lECfUfqNVoo,00007,-9.522288251032137,5.824
train,pretrain,Sid0oc0w3mQ,00020,0,pretrain,7POkIJfbMyU,00011,-1.4289960260511254,11.648
train,pretrain,jPyR3UDhOm4,00048,0,pretrain,vrU6YJle6Q4,00013,-3.4259248943625353,11.008
train,pretrain,u0VHC1SDOS8,00034,0,pretrain,jSGzkjHtFiA,00017,-6.528311236418292,8.448
train,trainval,y3jYVe1RGaU,50020,0,pretrain,MJKSdMlATmM,00016,2.4785609973186524,3.072
train,pretrain,gB23pKmyIHM,00015,0,pretrain,5ErKrSyUpEo,00006,-0.08541389099550223,5.056
train,pretrain,AHcTWlxWzpE,00023,0,pretrain,8JSMI8Xrwms,00003,7.196900065106302,4.8
train,pretrain,z5ncIwCZDGU,00004,0,pretrain,SeJwaOCYWwM,00001,2.8650903750450425,32.256
train,pretrain,1U2qMRGihGg,00004,0,trainval,5sS3Yjh9Lw4,50015,-5.4277827107994465,2.048
train,pretrain,xYemnKEKx0c,00003,0,pretrain,oiZ42KUsxGo,00002,7.649044669236606,3.2
train,pretrain,SpUtz75lNaw,00010,0,pretrain,JKsHhXwqDqM,00027,-0.7445662972737068,7.168
train,trainval,jSS03JfgHEA,50005,0,pretrain,OOG65rSM5fA,00026,-0.8618997743739385,2.496
train,pretrain,AzcMEwAxSP8,00019,0,pretrain,axAxSDq3rn8,00007,-8.851704938536004,8.512
train,pretrain,5ErKrSyUpEo,00027,0,pretrain,49aWAHqi200,00002,-9.827331612336618,11.328
train,pretrain,oiVSHkItqxo,00002,0,pretrain,UeKZYCq3s0E,00006,-4.057333552150022,19.52
train,trainval,Peu7eeGtmQ4,50002,0,pretrain,LSn4OF7G9BM,00002,8.440005147562161,5.824
train,pretrain,zESeeaFDVSw,00006,0,pretrain,z0HsPBKfhoI,00035,-4.8596482055362795,3.776
train,pretrain,wmE8dQcZgB4,00039,0,pretrain,aEa11FZwTRY,00006,-1.5545180152709221,4.608
train,pretrain,Fkd9TWUtFm0,00001,0,pretrain,EBKSa94IFHY,00021,2.121766283388693,8.704
train,pretrain,xuAAPsiD768,00028,0,trainval,pz1TDXKSTHc,50002,-7.88549531212553,3.328
train,trainval,jSdBXFkQ3S8,50001,0,pretrain,n8eyF4UWG38,00012,3.2544556025295144,4.16
train,pretrain,ZdvUktSa1I4,00001,0,pretrain,1N6e0DnGq38,00003,3.7879864194418555,7.68
train,pretrain,zQfB85apRy8,00013,0,trainval,ME0OeqjnVAw,50015,3.9489115756343516,2.944
train,pretrain,r55a0FapF2M,00009,0,pretrain,LPrS7Skx9Y0,00011,-6.725719757360553,9.6
train,pretrain,2zvjW9arAZ0,00071,0,pretrain,mkdSXHXhCcw,00058,9.707043692796752,11.392
train,pretrain,4B2qC7PIHxs,00006,0,pretrain,GqGksNRYu8s,00035,7.021649630594094,5.184
train,pretrain,zORUUqJd81M,00041,0,pretrain,o9NUy12lgs4,00014,5.755486628689805,14.08
train,pretrain,GjINFuwLGvQ,00012,0,pretrain,C2SVEM19NHA,00023,6.237913865290679,10.816
train,pretrain,0qYTf9evWeY,00025,0,pretrain,FD5ZKiSmoMU,00028,3.5228345746427117,8.128
train,pretrain,U8XD0CcNhPU,00014,0,pretrain,1G0MzlfMPuM,00008,-8.768148576670502,7.808
train,pretrain,KCL8NjN7FMQ,00042,0,trainval,2Pp9ONyxBr8,50001,7.732218924891733,5.12
train,pretrain,ZJXxySanins,00009,0,pretrain,3f6xCzKx9CA,00012,4.156055227263074,10.88
train,pretrain,piCQ3StcRUQ,00017,0,pretrain,SS6ZojCzNGY,00024,9.294316691531861,11.648
train,pretrain,rToBZSrxjgM,00011,0,pretrain,esPRsTSlmw8,00045,-4.731414398938931,14.208
train,pretrain,EZSf3Fc0ZRA,00012,0,trainval,jpeSLKnS4gM,50010,-9.404668909521483,3.968
train,pretrain,ZUGOaSux6pU,00015,0,pretrain,imhUmLtlZpw,00040,6.443749300665214,14.016
train,pretrain,JzLiCBCbAMY,00018,0,trainval,xbagFzcyNiM,50001,8.778184579934383,3.84
train,pretrain,2dRlssVF7fc,00002,0,pretrain,ZJPdJuhI03U,00028,-2.5702823750275217,8.896
train,trainval,LFJ9WAHowcg,50002,0,pretrain,YrSpoWSKK1Q,00007,-8.297161229141494,4.992
train,pretrain,P4pKrxVcvJc,00009,0,pretrain,3yfFwDq4R5M,00010,7.438645268964951,10.56
train,trainval,u4m65sbqbhY,50006,0,trainval,KoXdjyJyxbE,50010,0.5345082112312944,3.648
train,trainval,zK8mdS7LJQQ,50002,0,pretrain,abMQhaMdQu0,00012,5.051012799225635,3.392
train,pretrain,HB2SlA68YDU,00040,0,pretrain,ZoDYTYSeuN8,00013,2.5836200885874874,3.456
train,pretrain,mymMye4purU,00030,0,pretrain,rGaj2VImQec,00036,-8.803093273335449,9.28
train,trainval,YraU52j3y8s,50006,0,pretrain,A27QjpQSIeo,00011,7.7326403512331545,5.76
train,pretrain,0NV1KdWRHck,00035,0,pretrain,tRqVPRwKn2o,00019,4.416471928145938,5.76
train,pretrain,6ZiN9ZJT294,00004,0,pretrain,1LSE7KCN9xg,00012,3.5761324922556668,12.608
train,pretrain,6qTfX4U6CS0,00013,0,pretrain,GB4s5b9NL3I,00017,7.655185909073001,7.68
train,trainval,drXnDLHKKPM,50001,0,pretrain,ZpT0cw9bmiw,00017,8.460737757149687,2.944
train,trainval,EijI8QaExDg,50022,0,pretrain,cSrWtqConY8,00014,9.27555027641447,3.328
train,pretrain,S7SXH1CBzGw,00019,0,pretrain,STsOdmkH5fI,00028,6.6622475971587605,6.4
train,trainval,QHSrG9Tuz84,50001,0,pretrain,y8qc8Aa3weE,00012,8.214052314570395,2.816
train,pretrain,zsLz0mRmEG0,00009,0,pretrain,X55qpYxwoO4,00012,-5.180102904787778,8.768
train,pretrain,UVDgemuZdho,00014,0,pretrain,nzj7Wg4DAbs,00040,9.195514464376117,11.328
train,pretrain,HH3m1OSiOT0,00011,0,pretrain,8LQhhYgjlJ0,00013,2.8857932141966884,8.0
train,pretrain,YsXg3J1x4OY,00002,0,pretrain,ELET24AHnEg,00035,5.165575226547581,4.224
train,trainval,uS3UYncNwz4,50003,0,trainval,NtOoDN0ojxo,50021,2.443362085815588,3.456
train,trainval,HS8y0WLm78U,50004,0,pretrain,X1DlJpPqDFo,00017,-7.437214441883255,4.672
train,pretrain,PDKKOSJX6yQ,00016,0,pretrain,SbgwDk7A4as,00028,5.7593616112744535,3.712
train,trainval,7TXEZ4tP06c,50009,0,pretrain,cxGWGohIXiw,00038,9.46775024518747,2.752
train,pretrain,sAMahX5hIgU,00010,0,pretrain,kU7veyGGps4,00016,7.078548632352103,3.328
train,pretrain,TT6qWghHkFI,00008,0,trainval,NhmybGS7FLA,50004,-2.713710306883346,5.888
train,pretrain,oKtALHe3Y9Q,00006,0,pretrain,yOc9mFvusDg,00002,7.664230371311579,14.272
train,pretrain,uNQujCwCu88,00016,0,pretrain,TdtoAQFStBk,00010,-8.523628376033756,8.128
train,pretrain,Y7QaqazOvSA,00021,0,trainval,3sWTLAS0m9U,50006,4.572009693055975,3.136
train,pretrain,LSGfqyhleUA,00021,0,pretrain,7NJhq163t78,00006,3.396950001055135,6.016
train,pretrain,kyaiTGmwxnU,00022,0,pretrain,IDkSDPgrtjs,00010,1.428016753458765,4.608
train,pretrain,rufeSSlZJg8,00002,0,pretrain,sGXeX7PPrCI,00010,6.703313480619798,7.36
train,pretrain,zaufonUBjoQ,00017,0,pretrain,zkQL7UJYDIY,00017,9.552791541921717,5.12
train,trainval,MSLHHgSXloM,50019,0,trainval,u9Lu85L111Y,50002,-8.043344487305998,4.096
train,pretrain,cf3zxHuSM2Y,00014,0,pretrain,nq0SzGzSc8g,00004,0.4793817657212056,3.968
train,pretrain,UUqr4P7P3gM,00029,0,trainval,RsiLLNziScM,50001,-9.845478658103719,6.208
train,pretrain,AFRmGkdXkxA,00007,0,pretrain,qQDC7c2I8l8,00016,9.336019244621049,4.16
train,pretrain,CpaFX6Ei0nU,00014,0,pretrain,sodSeJBf9Y0,00006,-9.408927998954828,5.376
train,trainval,QeAGu40vZzI,50005,0,pretrain,R7vmHGAshi8,00006,-0.24474321087355477,6.144
train,trainval,fSOupkS4VVo,50008,0,pretrain,hh2Z2hSgFIY,00003,-9.543050037659771,3.392
train,pretrain,rKtmsVa4Kvk,00054,0,pretrain,Pzd7ReqiQnE,00013,-4.279292778862638,14.848
train,pretrain,MOFdlEbu15g,00031,0,pretrain,mbbMLOZjUYI,00014,0.4942016505543201,7.488
train,trainval,GIt6Z0k3PQo,50023,0,pretrain,7oDtWA9fFBU,00011,9.828996910504383,2.688
train,pretrain,fHfhorJnAEI,00014,0,trainval,jpuDyGgIeh0,50005,1.5174534493156688,6.08
train,pretrain,u4iOeHXObok,00012,0,pretrain,ycB29FkoylE,00008,5.016535099306873,10.048
train,pretrain,tsgvhP07BC8,00046,0,pretrain,VYU25aJpg5o,00025,5.077246746927484,2.496
train,pretrain,f6CILJA110Y,00075,0,pretrain,9o5jAaZn2p0,00007,-0.3756391136944224,4.8
train,pretrain,3QZp6smeSQA,00024,0,trainval,BxFvxKaSmWo,50012,6.657961620355234,2.752
train,trainval,IDqMB6C1uys,50010,0,pretrain,gqpErbFnbiY,00026,-2.296961758976903,6.208
train,trainval,iFTWM7HV2UI,50003,0,pretrain,xcR1SWhjZys,00004,-0.7590361291975523,3.072
train,trainval,QJORi5VO1F8,50001,0,trainval,vzKA1y3cdYI,50050,6.100746503141853,2.56
train,trainval,qG6SnAIinj0,50018,0,pretrain,mMYhgTgE6MU,00015,2.6613395324551448,6.08
train,pretrain,akOe5SUsQ2o,00049,0,pretrain,khRkIVPa1Vc,00009,-2.0526219029535353,4.992
train,trainval,A4KMN9W4pRs,50004,0,pretrain,tSK6bn9sc50,00017,-3.331315132594135,5.824
train,pretrain,4KhnSz9FPmU,00010,0,trainval,0ygtX2nyexo,50011,-3.5878757468423643,2.048
train,pretrain,y3EG6cO3ngc,00003,0,pretrain,VB9S4kELT2k,00009,-7.130765515725224,7.488
train,pretrain,46wWjKTn4Ac,00015,0,pretrain,NZspSEdO2Xk,00033,8.332084429559597,9.216
train,pretrain,5YL3LT1ZvOM,00008,0,pretrain,FEAM4xdCDLE,00009,-9.393029716717582,12.48
train,pretrain,z5LSvPkorBU,00003,0,pretrain,vSONFixSe4k,00037,-1.0432094597694643,7.168
train,pretrain,Wm0GKnd3JvA,00003,0,pretrain,mgBsSW5CFnw,00021,-5.258989177847722,9.92
train,pretrain,D9ZNpt6FVTY,00009,0,pretrain,Peu7eeGtmQ4,00031,-6.158852051364394,6.08
train,pretrain,Se8kcnUSuZw,00001,0,trainval,Mgbf3cq7lms,50020,0.8907656691372523,2.24
train,pretrain,1BHOflzxPjI,00007,0,pretrain,pcNxS2i7SvQ,00006,6.42173448459522,4.864
train,pretrain,1yzoCFqKEhI,00002,0,pretrain,uBgRo9tnvSI,00013,0.5922714556128987,12.864
train,trainval,XUW5pfux2IA,50001,0,pretrain,tYclUdcsdeo,00004,-2.2527194967946684,2.816
train,pretrain,QYGO5tepBLY,00002,0,pretrain,xZUzRDfQVYk,00006,0.06876398554341989,6.656
train,pretrain,XX30i6nC7ro,00001,0,trainval,Er9bh94f1w0,50005,6.344955408046538,5.12
train,pretrain,W3C23m71Yws,00005,0,pretrain,Z41BTeAU7DI,00008,1.7171912375434157,9.088
train,pretrain,zUS5GcqzHNM,00012,0,pretrain,4jUdCy6Vghw,00018,7.639209609140561,5.12
train,pretrain,y9KeyKVuLHU,00017,0,pretrain,jAGgKE82034,00021,-8.96805744195245,5.376
train,pretrain,Y6U728AZnV0,00002,0,pretrain,uJZWcKOIZMo,00015,-1.933169998095627,8.768
train,pretrain,CrsdoIOGCRw,00026,0,pretrain,HS8y0WLm78U,00001,-3.875622120376862,9.28
train,pretrain,6vLrreR6YOE,00026,0,trainval,abMQhaMdQu0,50025,-0.7503512211562935,2.688
train,pretrain,Y7QaqazOvSA,00014,0,pretrain,x8QxdldkPNM,00012,6.261700375620819,14.528
train,pretrain,MgUTzbGakRw,00001,0,pretrain,NPSelwWdPa0,00041,-5.131382223890199,5.568
train,pretrain,90mj79GqWhc,00001,0,pretrain,wfW3aZCFfLA,00009,-3.2471180061039817,6.656
train,pretrain,5mug2UKGwp4,00015,0,pretrain,aR5N2Jl8k14,00013,2.13164447892588,3.776
train,pretrain,uKByBgqxOw4,00005,0,pretrain,SJ0G1iCLzCA,00019,4.344332863876424,4.16
train,pretrain,6AvXhgXlGpE,00009,0,pretrain,wVGjQSnLg4Y,00030,-0.5092858667621076,8.704
train,pretrain,rbnBeSvXGQM,00025,0,pretrain,Uwl012o8P7I,00014,-4.714080079155507,13.824
train,trainval,yA9xQB547Yo,50004,0,pretrain,oTHSfmQo3Ok,00009,2.52973943337318,3.392
train,pretrain,VbF2KPn3TrU,00012,0,pretrain,CprpSEjVtwA,00001,2.740676332273498,3.584
train,pretrain,LWULB9Aoopc,00038,0,pretrain,4VC0E1k77yI,00008,5.975257733388714,6.208
train,pretrain,D9ZNpt6FVTY,00004,0,pretrain,jyYjI7zQlaA,00014,-7.9398759686737925,5.44
train,pretrain,wjXClLxcFTQ,00006,0,pretrain,gkKymhU7yi0,00015,2.4235262055433164,15.04
train,trainval,f6CILJA110Y,50012,0,pretrain,vbHkhSfaQu8,00035,7.91310468410504,4.608
train,pretrain,S6cX2p5cBVg,00018,0,pretrain,P8GCjrDWWUM,00017,-8.176373842687092,6.656
train,pretrain,nTFEUsudhfs,00007,0,trainval,HsSvPqfsO0Q,50009,4.955740043380178,4.16
train,pretrain,ZaSFy6RX3aE,00012,0,pretrain,1CN7PF10RKo,00014,-1.8002231738836567,10.88
train,trainval,G2Y6Am46eVU,50015,0,pretrain,tMQ4OxOxgrc,00004,-8.408177883175282,2.944
train,pretrain,B0YSGU3JqiQ,00023,0,trainval,jxMvDpIeu9U,50002,-3.444583188243218,2.304
train,pretrain,uTL9tm7S1Io,00006,0,pretrain,ts9JpM0gHMU,00033,1.0503956051264556,5.76
train,trainval,n4YcornnWFI,50006,0,trainval,jPyR3UDhOm4,50009,2.2044207001176375,4.608
train,pretrain,HDjM5lw8OYo,00032,0,pretrain,fSSNmDcLMKA,00002,-9.035766381585226,9.28
train,trainval,rTMqGbTNkNg,50033,0,pretrain,sucza6EOIf0,00022,2.1401011707054884,3.328
train,pretrain,STsOdmkH5fI,00027,0,pretrain,23FRUuLcQ6A,00009,-4.0082778189458885,4.288
train,pretrain,H1fvr9rGgSg,00058,0,pretrain,NXfYNdapq3Q,00015,4.490564024563902,5.76
train,pretrain,dwU8eavPInw,00024,0,pretrain,36m1oStM05g,00023,5.514991019641469,3.84
train,trainval,Ep2MAx95m20,50003,0,pretrain,U4Lx5rcii38,00002,2.681178825492122,2.048
train,pretrain,sLiM2SizFl4,00045,0,pretrain,cotBM0laSSo,00019,-2.1507387377301264,4.032
train,pretrain,DBoShCrKfLQ,00010,0,pretrain,HrG8UZjL5E8,00004,-0.18104414838790994,7.936
train,pretrain,mKe3QKctaS8,00002,0,pretrain,MQrhPhan5Gw,00003,-1.1490485185946486,8.256
train,trainval,mJxA8eIWQUc,50030,0,pretrain,W3SRjJtd6Eo,00017,5.848918615946793,5.312
train,pretrain,UJ7QaCFbizo,00018,0,pretrain,2jTdZSPBRRE,00004,8.803106190552889,6.272
train,pretrain,WQ2PFoHptK8,00002,0,trainval,CsqSDpmgsQg,50007,-5.0690369943225,6.08
train,pretrain,gIuhIo7mO5A,00008,0,pretrain,RPjqPHCMJHU,00007,-6.07613486150915,8.064
train,pretrain,H3TFShI7zKc,00024,0,pretrain,sWN13pKVp9s,00012,-9.873079401965786,8.64
train,pretrain,LFxQEUDIAuk,00017,0,trainval,lw3YTbubyjI,50005,0.33204689916872,3.904
train,pretrain,HgRJNsTb08Q,00013,0,pretrain,B5MkpzMAOZM,00006,-5.141179619754825,43.456
train,pretrain,Z6T37m4r3yo,00011,0,pretrain,A9kQBAH1nK4,00014,-1.8902595555338486,6.208
train,pretrain,pPgd7Hj3ABQ,00010,0,pretrain,SvBggxCNNno,00006,-6.992859414076673,7.04
train,pretrain,qaue72D9pSI,00006,0,pretrain,ovV7v2XYJAI,00019,1.7075637330264737,20.48
train,trainval,kLIfeGflNp8,50005,0,pretrain,6zVS8HIPUng,00004,-2.9788362992803368,2.176
train,pretrain,uKByBgqxOw4,00012,0,pretrain,Rr5Py1r9xjw,00021,-8.342538604271379,3.584
train,pretrain,m45SshJqOP4,00021,0,pretrain,cotBM0laSSo,00018,4.134318226578786,6.848
train,pretrain,k7djE1X16og,00016,0,pretrain,8jPQjjsBbIc,00013,-7.673336540410391,5.12
train,pretrain,GzPpH9WexDc,00008,0,trainval,Pzd7ReqiQnE,50001,-9.561651506644282,3.328
train,trainval,CHxhjDPKfbY,50003,0,pretrain,IfG7WVSbN6Y,00017,4.655917949852512,6.016
train,pretrain,Mb8x6vLcggc,00014,0,pretrain,SryJK294Psw,00036,-3.5756793620208054,7.424
train,pretrain,2BOTS9GAjc4,00030,0,pretrain,C8zY0oAdQrs,00016,7.969271149405639,2.176
train,pretrain,oxpJGynSHJU,00023,0,pretrain,z5aAJGNSRHs,00002,-3.3369459461044615,6.912
train,pretrain,Xw4K07eVuQE,00017,0,pretrain,H74XsXCjKA8,00007,8.83469324271601,12.608
train,trainval,rCplocVemjo,50001,0,pretrain,QUUFbS1hBtw,00022,2.17536739405282,2.496
train,trainval,OXQwtTOnLvg,50009,0,trainval,CsqSDpmgsQg,50012,-1.7721297857516483,3.776
train,pretrain,rokPqHc9iD0,00007,0,pretrain,Aqc2SgiOVr8,00002,1.8867085066341325,8.448
train,pretrain,2wu28tI9VkM,00002,0,pretrain,jiDQDLnEXdA,00005,-7.263061816467364,11.2
train,trainval,5tUnSuoYKoE,50012,0,trainval,1SPazvfN9EU,50008,-2.3036476677503863,2.496
train,pretrain,km4GiwSIFCo,00004,0,trainval,LSGfqyhleUA,50005,9.562477618733965,3.392
train,pretrain,PfWGiu0jGv0,00011,0,trainval,eqDgt12m26c,50014,0.21709040497705878,2.176
train,trainval,gh5VhaicC6g,50028,0,pretrain,4rttG3xyHcw,00009,-0.6154178958158916,3.648
train,pretrain,MlLWTeApqIM,00001,0,pretrain,eD9F5HdyKqU,00020,1.2616006639881903,2.816
train,pretrain,iq5lXSj6Prg,00033,0,pretrain,F73O3Sim0Wo,00003,-5.9541851967230786,5.76
train,trainval,NRXCxJGQ4KY,50002,0,trainval,pY6ulSP70HY,50018,6.026112560872235,6.016
train,pretrain,oEIYHTlbeLA,00019,0,trainval,TT6qWghHkFI,50009,4.527226423178099,3.136
train,trainval,fv8KpQY0m6o,50006,0,pretrain,jSdBXFkQ3S8,00011,-4.545252881710842,2.496
train,pretrain,YhCkjRXgnDw,00007,0,pretrain,OibJT7GSwyo,00013,-1.210801993837265,4.48
train,pretrain,tSSNoFstCmQ,00014,0,pretrain,MlLWTeApqIM,00003,-0.43528880753300747,13.376
train,pretrain,vFPkEIGUofc,00034,0,pretrain,wAIP6fI0NAI,00042,-2.6111126705512415,5.056
train,pretrain,NuJg8auo7FE,00005,0,pretrain,IDSSieLCmS4,00021,-5.077557798635572,6.592
train,pretrain,vEli4dfAXrM,00012,0,pretrain,KaiwGb0csas,00021,-6.288401321426997,16.128
train,pretrain,sYOS4qOHxdg,00010,0,trainval,X9NFPZGyDPg,50002,8.878650505097823,6.208
train,pretrain,7p4zw4SqgUw,00002,0,pretrain,JSuTsrxfYWQ,00026,6.325135005931443,3.776
train,pretrain,nG1oCU0ijP0,00042,0,trainval,H6n3iNh4XLI,50021,7.308581494614508,3.84
train,pretrain,VCRcGKpjWtU,00010,0,pretrain,chXsLtHqfdM,00024,8.661426253670431,12.736
train,pretrain,lxYFURQ7Ehw,00013,0,trainval,vo2cse4CoGM,50007,-9.00830258536419,2.56
train,pretrain,av3SCLBU7sI,00010,0,pretrain,ptIecdCZ3dg,00033,-0.6861021885525549,7.296
train,pretrain,OwRAFCrsDS8,00023,0,pretrain,I9cmQFj13rc,00007,2.4684465269475826,9.216
train,trainval,aQ8T4sySLxw,50007,0,pretrain,S3SnIMZ43EQ,00011,-3.614217328525755,4.864
train,trainval,b6rAgHcuYtE,50009,0,pretrain,1S9RVl1dSl4,00017,-4.783648231010435,2.752
train,pretrain,dgYItsUBW1M,00005,0,pretrain,B4a0NvLTebw,00011,-1.644046878707897,4.608
train,trainval,HH3m1OSiOT0,50006,0,pretrain,XiEQmcZi8cM,00036,9.346744228187099,3.008
train,trainval,mA1vshSuyQU,50007,0,trainval,2NHV4AzSEzY,50009,-1.2828144155099697,4.864
train,pretrain,fwYS1jyEzmU,00007,0,pretrain,askcLEVCTko,00033,4.173625247058881,5.248
train,pretrain,j4yCdGB2NG4,00021,0,pretrain,r1qdSnDm67s,00009,2.585814300825005,3.84
train,pretrain,IdW9UYlxlVY,00009,0,pretrain,N9HF8mMe2pU,00016,8.314158379015922,13.824
train,pretrain,DL0SgcP15Ts,00003,0,pretrain,vhhgI4tSMwc,00011,-8.188482396571795,5.568
train,pretrain,2FASIuDTMjE,00026,0,pretrain,OibJT7GSwyo,00007,-6.079491266886439,14.656
train,pretrain,JvIbrDR1GSc,00015,0,trainval,ZJodZcGfTVE,50001,7.990070253526149,4.928
train,pretrain,G5pvUaMgfC8,00004,0,trainval,ggPh4X7UKwY,50003,-1.0747035599464567,4.608
train,pretrain,hmFnzc3oZ04,00003,0,pretrain,ziGD7vQOwl8,00053,9.24447564170448,7.616
train,pretrain,kNhyOYv2ejw,00039,0,pretrain,a0x0r7aPI2M,00027,2.510892976319269,4.416
train,trainval,lw3YTbubyjI,50007,0,pretrain,dcwuBo4PvE0,00020,-7.270847358758008,4.48
train,pretrain,pLCeQyxVWB8,00026,0,pretrain,CijsvAGU6Sc,00022,-4.506347481754767,3.072
train,pretrain,UJv5B7s1DdE,00014,0,pretrain,6ORDQFh0Byw,00048,4.292016057658772,4.416
train,pretrain,0MD4Ymjyc2I,00045,0,trainval,1NG7FoC5XRo,50001,3.6973870336800285,2.368
train,pretrain,LFJ9WAHowcg,00020,0,pretrain,eLz9TvxGoKs,00024,-1.1039152036513151,5.696
train,pretrain,9KACXVScWS4,00010,0,pretrain,mMYhgTgE6MU,00007,1.515458960953687,22.848
train,pretrain,uSMqkSqSgN4,00021,0,pretrain,3SAZ5R2SC88,00003,5.733283745282042,8.32
train,pretrain,rYwTA5RA9eU,00022,0,pretrain,X7uiSiAp8Pc,00011,9.961729889566008,7.36
train,pretrain,lbIh6yngKHo,00014,0,pretrain,YwSGTipx3As,00015,1.9391920300740964,6.528
train,pretrain,KLjgBLwH3Wc,00003,0,pretrain,DG7kSeazMQ4,00050,-3.1527124137109297,6.528
train,trainval,DBoShCrKfLQ,50006,0,pretrain,08ZWROqoTZo,00004,-8.54036468870176,6.208
train,pretrain,CHxhjDPKfbY,00037,0,pretrain,CrsdoIOGCRw,00007,-2.4684920796520826,4.608
train,pretrain,0MYq1WJMmts,00020,0,trainval,RKmxL8VYy0M,50015,8.62925128872622,4.544
train,trainval,ydKcaIE6O1k,50004,0,pretrain,KTTtn0iSZyA,00004,-7.035734971680898,4.608
train,pretrain,0GL5r3HVAZ0,00014,0,pretrain,jpeSLKnS4gM,00001,7.344987050997805,6.848
train,pretrain,T2jwSUhu7ok,00019,0,pretrain,M3mnUMmUAHQ,00022,-8.906738261573953,17.856
train,pretrain,DlGUSNXOdpQ,00016,0,pretrain,AAkEYcmCCCk,00044,-4.199187874463945,9.6
train,pretrain,7n9IOH0NvyY,00032,0,pretrain,XkiXXPShycA,00008,0.6000061033271749,11.136
train,pretrain,zawpbVpu5nY,00003,0,trainval,UJ7QaCFbizo,50007,9.188053963708217,6.016
train,pretrain,iq5lXSj6Prg,00002,0,pretrain,EhM56Fk2aFk,00004,6.827025069713063,4.928
train,pretrain,dsT5eVSm7BA,00013,0,pretrain,T22s4jCZ4Ho,00013,5.260978456815163,6.336
train,trainval,zjvsA0v7r0g,50021,0,trainval,kdqUhTnAgJU,50002,-0.3798525995487356,2.304
train,pretrain,IkJTwfHPv6A,00001,0,pretrain,fkPISY2Vg5k,00006,-7.19804766629,7.552
train,pretrain,i63jTStjZSQ,00006,0,pretrain,mgBsSW5CFnw,00007,2.35429232375928,5.696
train,pretrain,rfOMqehlSZA,00011,0,pretrain,0tqq66zwa7g,00014,0.6997738319991402,7.744
train,trainval,jv8m8rycnQs,50009,0,pretrain,a7cDt5r2pGY,00018,-4.900554758732567,3.008
train,pretrain,Mr8nvXvlSy8,00021,0,pretrain,LMrzdkSYnYY,00049,-8.58901039488451,7.808
train,pretrain,F2dFiK3wkRA,00024,0,pretrain,Eewvsw027jg,00011,1.3863638635624902,5.12
train,trainval,iEySxTbcr2A,50009,0,pretrain,65e2qScVSK8,00002,3.6522759757531986,6.144
train,pretrain,N8Votwxx8a0,00017,0,pretrain,415VX3QX4cU,00002,-1.7087548450347878,7.68
train,pretrain,YeXcNpVkezI,00011,0,pretrain,YMyofREc5Jk,00019,-5.473091668977581,3.456
train,pretrain,fSmQIWnO3Ag,00002,0,pretrain,waRCSCQnoeY,00016,1.3324670558414358,7.104
train,pretrain,SL052IOoX0Y,00001,0,pretrain,PVfd6fg7QsM,00017,9.253560180237429,5.376
train,trainval,8Ug1MnU6LKw,50002,0,pretrain,1SS2wOnkcSk,00023,4.679624064585333,2.624
train,pretrain,BR9dbjubfuU,00005,0,pretrain,dNoSK3HgQJc,00009,5.531023550635631,4.096
train,pretrain,RgqtrlixYR4,00005,0,trainval,7DLzXAjscXk,50060,3.978093755859309,3.264
train,pretrain,uPZw3ebk8oI,00003,0,pretrain,chXKZC4D42k,00012,-8.535458996634624,9.408
train,pretrain,gQShmD0C81U,00004,0,pretrain,enW2OUGzqtQ,00009,-7.819933235414069,4.288
train,trainval,4SkoG9FWP4w,50002,0,pretrain,IeblJdB2SVo,00024,-8.471800304467402,3.072
train,pretrain,rzu845HV8n8,00001,0,pretrain,FzApYQDIXlg,00004,-8.370748320226491,12.8
train,pretrain,ORBf73HiJns,00038,0,trainval,L2M15ZeTLxc,50004,-0.4551595854311863,5.568
train,pretrain,M0yhHKWUa0g,00001,0,pretrain,N4wFyRGilp4,00004,7.434934832704766,6.4
train,trainval,aEa11FZwTRY,50005,0,pretrain,E5BOBs3Nmbw,00018,3.571038703116896,5.824
train,pretrain,Qj4xf3U8dh8,00004,0,pretrain,JmCtZzSRztQ,00010,-0.01602718101385392,10.176
train,pretrain,cXbXNV9SZAg,00020,0,pretrain,wgPLGS1BvQo,00065,-5.970015245182328,10.368
train,pretrain,KCL8NjN7FMQ,00010,0,pretrain,eNC1h5H5cJA,00020,6.1635357631577605,6.976
train,trainval,5uVtphj4b6c,50008,0,trainval,PVXQUItNEDQ,50010,-8.962048738803745,2.24
train,pretrain,5aH2Ppjpcho,00043,0,pretrain,iW4fCwfw1vg,00008,9.113450774383736,11.2
train,pretrain,bhHJ4DRZNZM,00030,0,pretrain,lrZ2DJzbYYo,00021,-4.991369835786587,7.552
train,pretrain,pNttjJUtkA4,00003,0,pretrain,pGyOwnqpCKk,00003,7.3627729988544,10.624
train,trainval,BSxI3YxAPW4,50008,0,pretrain,JtSjYnXD83Q,00025,1.1461444468105686,5.056
train,pretrain,Xe2nlti47kA,00019,0,pretrain,NMBNZspmn7I,00029,-6.717250624303032,9.92
train,pretrain,tYclUdcsdeo,00013,0,pretrain,mkdSXHXhCcw,00104,1.2126995861279468,5.248
train,pretrain,LBvHI1awWaI,00037,0,trainval,gLDQr9i7LkM,50011,6.335129059784364,3.648
train,pretrain,MHN1gqrXMUM,00030,0,pretrain,zESeeaFDVSw,00022,-2.6258410124880394,5.76
train,pretrain,b3H9V1jq0A8,00019,0,pretrain,USmTQeKRaP4,00024,9.306452584499354,14.08
train,pretrain,Cqj0sgrNL10,00015,0,pretrain,tic7X3ET4gE,00011,-5.499146883601195,8.96
train,pretrain,MtSE4rglxbY,00027,0,pretrain,QW8muMXpkRg,00004,7.430233331931223,16.192
train,pretrain,MOQcSzkKfbs,00002,0,pretrain,a0x0r7aPI2M,00023,2.1708619415964225,5.824
train,pretrain,YlmZkY1uqXM,00051,0,pretrain,1NG7FoC5XRo,00015,8.86627095840129,6.976
train,pretrain,kNhyOYv2ejw,00051,0,pretrain,InukG97C8wY,00010,-6.1174798061827556,4.736
train,pretrain,HBSQR6xovSw,00037,0,pretrain,JHSi3vixhOs,00001,-9.574695531234308,5.376
train,pretrain,bZsn1SDARRs,00017,0,pretrain,SWjSKTraw7c,00002,-0.22602982520626114,7.488
train,pretrain,nUdsTizSxSI,00008,0,pretrain,IQDrStvBt9s,00010,4.260528115122053,9.728
train,pretrain,AQ8cpjEdpmI,00032,0,pretrain,qKlzdSH2X9w,00030,-6.242077310415832,6.336
train,pretrain,DM1SDVSFhc4,00013,0,pretrain,O4bGOvkkHcM,00007,6.212604830559133,16.64
train,pretrain,sIPvnWZ5O6Q,00005,0,pretrain,JCI9FBP0Abg,00006,6.282458394677079,6.016
train,pretrain,iISw251TIgw,00012,0,pretrain,58eTdyeVwbA,00023,-2.0340727389219593,5.056
train,pretrain,wVGjQSnLg4Y,00029,0,pretrain,fBQnQTkhsq4,00019,-0.029949914072718187,16.0
train,pretrain,MiPXuEFAdIc,00007,0,trainval,VbeovM4RCh4,50001,8.997553995525685,4.288
train,pretrain,CPVjktgYKo4,00001,0,pretrain,8COaMKbNrX0,00034,-5.242592886348209,6.272
train,pretrain,yJJtRWFLSgw,00037,0,pretrain,FuahzV12mi0,00011,4.045688273629134,3.84
train,pretrain,6d6oq0zGGmw,00001,0,trainval,vNpmq6OkSQQ,50009,-3.3637331213090693,3.904
train,trainval,nLB8ASSQdHc,50004,0,pretrain,WzDygsn0Djs,00019,4.542189957354498,6.208
train,pretrain,eCknUJJc3qU,00001,0,trainval,8b2vNkEtfpc,50024,0.026707440481956723,2.24
train,pretrain,ScFWnnQF7A8,00011,0,pretrain,5LrThfSBeq0,00010,9.904358374477876,2.368
train,pretrain,u7SWcQaoaRQ,00013,0,pretrain,4a6ZRstYlgw,00016,-8.132220078954402,12.48
train,pretrain,UVqoIgh7bcw,00003,0,pretrain,sYUjyH8Y0No,00002,1.0589108306638053,10.88
train,pretrain,MwzqSswl4cI,00013,0,pretrain,GhpFTQfiqCs,00017,0.09727752338455886,7.424
train,pretrain,Cqj0sgrNL10,00037,0,pretrain,gwPoM7lGYHw,00001,5.943607786128805,5.824
train,pretrain,vkEeNkHilIg,00027,0,pretrain,ww4kNxYE0c4,00031,2.1297745074588477,7.424
train,pretrain,5Dn08yo9aiM,00014,0,trainval,a5xR4QB1ADw,50003,0.13605504677598468,5.312
train,pretrain,150cqgYh8sQ,00019,0,pretrain,4Z75ASJMBx4,00008,4.19540819991507,17.664
train,pretrain,ydKcaIE6O1k,00008,0,pretrain,AvtStbwMQqs,00010,8.73633215808021,9.216
train,pretrain,qCrVpRBBSvY,00001,0,pretrain,VbeovM4RCh4,00014,-2.2534724070661944,6.976
train,pretrain,ZqeASpsKn2E,00018,0,trainval,F17SKiAZOxg,50005,9.924789489823315,2.688
train,trainval,o4Nno6POrwE,50015,0,trainval,ukgnU2aXM2c,50006,8.441187625153994,2.368
train,pretrain,Fc1yN6uxZfQ,00013,0,pretrain,PS6vDLq64gE,00032,1.6763600361996538,5.44
train,pretrain,swI68y2oQ60,00008,0,pretrain,5XnRSw682bw,00001,4.884764817322974,3.968
train,pretrain,QAnNM3WJCYA,00016,0,pretrain,xRL2vVAa47I,00025,-6.745362861658483,11.584
train,pretrain,jSSqQDPGW2k,00008,0,pretrain,GZGY0wPAnus,00019,6.061117884544728,6.08
train,pretrain,oKtALHe3Y9Q,00016,0,pretrain,0qYTf9evWeY,00028,-4.943273918467719,3.712
train,pretrain,mK6IdD4GXPo,00001,0,pretrain,vbHkhSfaQu8,00009,5.958229295465205,5.376
train,pretrain,mqovAg11qSc,00006,0,pretrain,HyZV8Ql1PI0,00020,-6.701338765548934,8.96
train,trainval,1fZk6aWnqGg,50007,0,trainval,BBSVLGf7zPI,50007,0.6638973494987006,2.56
train,trainval,bZ3qQySIPgI,50001,0,pretrain,eG2X0WRrb88,00007,-6.77348363364988,4.16
train,pretrain,DKISYPEF0Ls,00002,0,pretrain,4BwSMSCFdu0,00031,-1.3061481863660873,10.176
train,pretrain,HByDu4uOFY4,00011,0,pretrain,BQOz6OVz1zc,00063,-9.823038776904433,6.464
train,trainval,z9CabT4Kcz8,50001,0,pretrain,RKmxL8VYy0M,00034,4.273198926660095,4.864
train,pretrain,LgntY0dOfSc,00017,0,pretrain,W0StyxgMk1o,00015,1.328352450535748,6.72
train,pretrain,uJZWcKOIZMo,00006,0,pretrain,4FBFvWc7zf0,00013,-4.933333299266078,5.824
train,pretrain,PGsQwAu3PzU,00020,0,trainval,pGSQG0IyNTo,50002,8.039475334752218,3.008
train,pretrain,WtLMST8TyeY,00023,0,pretrain,DwYQHj7Hmik,00009,5.3657410414920665,7.168
train,trainval,dsT5eVSm7BA,50018,0,pretrain,hTAXEq6zLo8,00033,-9.942539644965898,2.176
train,pretrain,70uaS1e9YN0,00017,0,pretrain,8lEUvISNgEE,00003,-7.985503110851349,9.216
train,trainval,tV2RLLtOgL4,50002,0,pretrain,rRxdxIbSQbY,00009,4.457401073576094,2.048
train,pretrain,GzPpH9WexDc,00017,0,pretrain,WmJwn4WDeLE,00031,-5.002355484811578,5.056
train,pretrain,vY2l2xfDBcE,00015,0,trainval,fKyljukBE70,50008,5.8550374805694645,5.568
train,trainval,Gj2pWl1vjCY,50010,0,pretrain,Y4QZzZgYUKg,00005,-9.464652032831722,3.968
train,pretrain,r55a0FapF2M,00018,0,pretrain,ttRhMPgpoOQ,00012,0.64575641924427,5.76
train,pretrain,K926HAKRFvw,00013,0,pretrain,CstD6O95LSo,00011,8.618700238315348,4.16
train,pretrain,6MBaFL7sCb8,00008,0,pretrain,BSiNIZ6zZqY,00007,2.565428896885045,9.856
train,pretrain,85hbMtegrLc,00003,0,pretrain,P2dlq8ZqjDM,00005,5.110453025524889,14.656
train,pretrain,hPsUXhXgWmI,00005,0,pretrain,G8w4UQL6aI0,00003,8.51876164847523,8.576
train,pretrain,uEkgM9P2C5U,00032,0,pretrain,cpsRAk5HpK4,00017,-3.658555266106398,4.544
train,pretrain,UiosQf4GqnQ,00001,0,pretrain,kQa11RMCeSI,00003,-1.437741634305823,15.68
train,pretrain,Se8kcnUSuZw,00017,0,pretrain,4ShLkgv6LSk,00038,5.96628133805541,3.328
train,pretrain,dFC2pSkETas,00001,0,trainval,CzgS9C7gw0o,50011,4.768464744076935,3.648
train,pretrain,nubSKdtzLcE,00003,0,pretrain,yFVXsjVdvmY,00013,0.5414465268836537,8.256
train,trainval,eZWzNfOpbCQ,50001,0,trainval,FLbEKpLS5Z0,50027,2.0895998430648994,2.176
train,pretrain,RhgrbQmYOSY,00019,0,pretrain,vQILP19qABk,00006,-5.728984395552763,52.416
train,pretrain,HB2SlA68YDU,00002,0,pretrain,y3jYVe1RGaU,00026,-0.5590731419193098,4.928
train,pretrain,QOjVk3cQFB8,00020,0,pretrain,qmnVdzzAuQk,00005,2.659852317175888,9.856
train,pretrain,lV3trdyDdHE,00042,0,pretrain,Y7QaqazOvSA,00020,9.615838226434239,8.32
train,trainval,4ZgwzSm7sRs,50003,0,trainval,In6iAXTnqEo,50003,9.402802477491523,5.248
train,pretrain,dsOSb0SrS5Y,00026,0,pretrain,3aYWvujaT6M,00020,-5.34734266119213,4.16
train,pretrain,zXCiv4sc5eY,00016,0,trainval,q06YIWCR2Js,50005,0.848740417163512,4.416
train,pretrain,3TXSNu5wTS8,00004,0,pretrain,9vKRj9yV8pI,00032,3.6869909439232718,3.456
train,trainval,LS6TWtYWaPA,50020,0,pretrain,3nsoNSLS8RQ,00031,-9.587539443961468,6.08
train,pretrain,cSiNSQubRs0,00010,0,pretrain,bjNSaXg4S6Y,00032,-2.671711651671278,9.28
train,pretrain,ZpT0cw9bmiw,00025,0,pretrain,VGUnvr6ImOo,00007,-2.1289936753788847,5.184
train,pretrain,C44r6knuJtU,00007,0,pretrain,B4a0NvLTebw,00034,6.532651787548872,3.904
train,pretrain,3QZp6smeSQA,00026,0,trainval,796LfXwzIUk,50020,5.557549718451018,2.496
train,pretrain,T9vLHFza8Uc,00018,0,pretrain,ivvKSx4Q6L4,00010,-3.005902218335148,6.72
train,pretrain,yqU0SsbENgE,00008,0,pretrain,iHWIZsIBj3Q,00011,-6.8777923934608864,10.368
train,pretrain,cbSts8fUhB8,00023,0,trainval,IKZCw4xdESQ,50007,-4.1581959816491265,4.288
train,trainval,Qt1RPkbF4o4,50017,0,trainval,gBkIyJ7kfSI,50027,6.596134006732026,5.76
train,pretrain,pi4JOlMSWjo,00005,0,pretrain,snkrS1C2e7U,00026,4.212575131714972,6.976
train,pretrain,0ueGFLVFi80,00027,0,pretrain,vPhM8lxibSU,00019,-3.784264570144158,5.312
train,pretrain,G1Ke6JIZyX4,00009,0,pretrain,Xe2nlti47kA,00018,-3.4345136361450983,12.48
train,pretrain,dUdCToPPK5A,00002,0,pretrain,ciStnd9Y2ak,00002,7.200523461330114,5.568
train,pretrain,yldVmMfMyIg,00020,0,pretrain,XGq3MXQlRJs,00003,-1.693730049163742,15.68
train,pretrain,czfduTtXLbI,00008,0,pretrain,JiwZQNYlGQI,00043,3.7936350737002638,10.816
train,pretrain,oKtALHe3Y9Q,00029,0,pretrain,tV2RLLtOgL4,00002,-9.9407856460165,4.16
train,trainval,ZSRaJIMYSMs,50015,0,pretrain,iP9QFSlBOyA,00034,-5.461617475128666,2.688
train,pretrain,ZLiUelSu7s8,00012,0,trainval,tpH2fhwCzSM,50004,5.454086855807459,3.328
train,trainval,PENkzh0tWJs,50001,0,trainval,DkyMCCnNI3Q,50003,4.758402482548128,2.688
train,pretrain,FLbEKpLS5Z0,00003,0,pretrain,buHSvs7LFzw,00029,-6.633724935759517,4.48
train,pretrain,tMSU6k5SWXg,00018,0,pretrain,GgBpyNsSSjU,00006,-3.498838695340236,5.888
train,pretrain,nVEvzeIXbpk,00014,0,pretrain,f8U2GwInI9o,00002,-6.830822131869503,11.904
train,pretrain,P4X9ZfEx9So,00003,0,pretrain,z4eSa6GXEsE,00002,-2.5580014074077866,8.448
train,pretrain,o8xWaNpSlbI,00007,0,pretrain,38OUCtzkT4Q,00001,-3.003600165219334,4.928
train,trainval,5ErKrSyUpEo,50013,0,pretrain,Y350oOiunf4,00029,6.729720089527607,6.208
train,pretrain,WKlIytaSlu4,00018,0,pretrain,kLRanIhp2jg,00020,-2.9938060937829247,5.696
train,pretrain,QvSZ1MtaXME,00010,0,pretrain,HaHeAdJNa70,00020,8.522306363881881,4.224
train,pretrain,3GFG6Cvy9HQ,00031,0,pretrain,sWN13pKVp9s,00012,9.216721088237026,8.64
train,pretrain,1cQbMP3I5Sk,00009,0,pretrain,K74JqctvM2g,00039,5.267312662902654,4.608
train,pretrain,WKlIytaSlu4,00003,0,pretrain,KabSmpUSYVM,00020,5.528398006840584,5.504
train,pretrain,maCww8AXIvg,00008,0,pretrain,VehHPwAVL9g,00019,6.025514548312977,15.552
train,pretrain,F10t7i8wHaM,00015,0,pretrain,blfVA0aSCBc,00003,-9.272115616344387,2.88
train,pretrain,BR9dbjubfuU,00001,0,pretrain,b2qM1ISJCEQ,00045,5.971820016607774,3.904
train,pretrain,gCWeVYCcKXw,00010,0,pretrain,vEli4dfAXrM,00010,3.3269273335685057,4.608
train,pretrain,wgeh4xhSA2Q,00013,0,pretrain,lrZ2DJzbYYo,00027,-0.7759604767851318,6.592
train,pretrain,4AaSUyfNN4c,00023,0,trainval,buRLc2eWGPQ,50006,9.471440992478051,2.624
train,pretrain,3lxyiS3CGrk,00019,0,pretrain,gEukNF40JTc,00008,5.570970730250695,11.584
train,pretrain,luFjmQJpPSU,00003,0,pretrain,MB7seqSbMvw,00004,-6.51085230363198,9.408
train,pretrain,HCJRXoYOoaI,00009,0,pretrain,drv3BP0Fdi8,00001,-3.685559129609734,4.416
train,trainval,IU4A4h1ACJs,50005,0,pretrain,MoSmgcxGYYE,00065,5.706699805417021,4.8
train,pretrain,qMppKiqMpAk,00013,0,pretrain,fSf5wNwS2c0,00006,-9.642716265024909,5.632
train,pretrain,rToBZSrxjgM,00018,0,pretrain,VYU25aJpg5o,00026,-0.9726147600840402,7.936
train,pretrain,1O2l1dcSohA,00001,0,pretrain,UzuUljhS9uI,00036,-4.458424909254941,5.376
train,pretrain,0tVGSTxcsSU,00003,0,trainval,u9Lu85L111Y,50014,-7.410798866731736,5.888
train,pretrain,eosckjQ4mJ0,00004,0,pretrain,BMOjVYgYaG8,00019,-4.885927690110039,8.832
train,trainval,iNOE0dZpHcY,50002,0,pretrain,3M29BY86bP4,00028,-4.903523776003887,4.608
train,pretrain,UROCz70tlMY,00054,0,pretrain,NAkkckxE9i8,00014,-1.8907605687390046,5.76
train,pretrain,HNMQSw7hXTA,00007,0,pretrain,eCknUJJc3qU,00001,-8.467973088210323,6.4
train,pretrain,fJ36gCwKVec,00009,0,trainval,s2F41IQSPGE,50051,9.727806609289374,2.688
train,pretrain,yzm4gpAKrBk,00002,0,pretrain,APPbSStpGHk,00005,2.613363346975424,3.264
train,pretrain,W14XWvAz3x4,00008,0,pretrain,3dqXHHCc5lA,00008,-5.519054035479753,4.416
train,pretrain,ol1b5mMeP7s,00015,0,pretrain,PDKKOSJX6yQ,00020,-9.583654210964376,8.064
train,pretrain,7LcSdlVrg5M,00030,0,pretrain,B8ofWFx525s,00004,2.725374416927629,4.736
train,pretrain,ohGMgSLJCjs,00040,0,pretrain,potB0voQzNg,00002,-3.1139632320401915,22.656
train,pretrain,QxkxcsrveLw,00023,0,pretrain,gZlzCc57qX4,00030,-6.009854118230447,3.904
train,trainval,y8qc8Aa3weE,50003,0,trainval,2JSZ66uMRwc,50006,9.331158479208185,2.176
train,pretrain,PGsQwAu3PzU,00045,0,pretrain,Df2JBnql8lc,00002,4.602467636704832,6.528
train,pretrain,HwxjoBQdn0s,00019,0,pretrain,XAvE61JqkQs,00015,3.9508929501993233,4.544
train,pretrain,KQEWc3LVfyc,00051,0,pretrain,9SQYDFiWnSs,00010,4.496056154346455,5.184
train,pretrain,LJhklPJz9U8,00041,0,pretrain,a7cDt5r2pGY,00003,-3.39440014623243,8.448
train,pretrain,q2k2Xbfuy1I,00013,0,pretrain,P9YbrVFoX0Q,00004,-2.9724195529389696,23.296
train,pretrain,eLz9TvxGoKs,00031,0,pretrain,MywGrRvNkWQ,00008,-8.393587630241699,5.056
train,trainval,HSzqFSOft20,50007,0,pretrain,X5uGLbV5zVo,00005,9.62117262011628,3.264
train,pretrain,YsASJTeHJ6A,00009,0,pretrain,syqScVtnKuU,00050,1.5396878180551514,5.376
train,pretrain,odIvobLv7C4,00001,0,pretrain,YATYsgi3e5A,00010,4.307416814886935,10.048
train,trainval,bRuU02haIK8,50016,0,pretrain,h4MhbkWJzKk,00016,8.033806387043295,2.048
train,pretrain,5MgBikgcWnY,00037,0,pretrain,syqScVtnKuU,00049,4.441932160935327,6.976
train,pretrain,aqhzFd4NUPI,00037,0,pretrain,voXOUWiJuLo,00026,-8.211467226031752,3.648
train,pretrain,fa6ERdxyYdo,00006,0,pretrain,lYdk1NK9Sr0,00010,-9.812631024942764,11.712
train,pretrain,KTTtn0iSZyA,00008,0,pretrain,aTfwA1TaH3Q,00004,1.3949012603213404,3.2
train,trainval,ocqn3wYTCRM,50002,0,pretrain,cfR6tiSWSAM,00016,-1.6520738522038076,2.88
train,pretrain,ZzugJPASNB8,00025,0,pretrain,S9ry1M7JlyE,00008,0.08075409478317574,10.176
train,pretrain,8C2t8P809x8,00015,0,pretrain,DERu2aAqqWM,00011,7.653300242170754,9.664
train,pretrain,65e2qScVSK8,00013,0,pretrain,8xHrpO6p7dE,00032,-6.011358681226406,8.768
train,pretrain,W3SRjJtd6Eo,00006,0,pretrain,5aH2Ppjpcho,00043,-9.817490474513864,7.744
train,trainval,SSudEBkC4O0,50004,0,pretrain,5sS3Yjh9Lw4,00037,-1.3520279392912808,5.12
train,pretrain,Kp13yOhLEbU,00023,0,pretrain,7NJhq163t78,00014,4.702164768024261,5.056
train,pretrain,U7fFCaHZvVk,00035,0,pretrain,Se8kcnUSuZw,00013,7.274518561801678,9.088
train,pretrain,b3H9V1jq0A8,00005,0,pretrain,lhqYBhLh1IM,00004,-1.1805338487382695,4.288
train,trainval,UJ7QaCFbizo,50003,0,pretrain,k4vzhweOefs,00016,-7.000705601886641,6.08
train,pretrain,ndAHAjgquwk,00002,0,pretrain,kSR8G8mfp84,00009,-1.2079182926645942,6.08
train,pretrain,F6NU0DMjv0Y,00041,0,pretrain,mUJdzaLDRIo,00070,8.065496021909258,4.928
train,pretrain,HS8y0WLm78U,00022,0,pretrain,g2J6YOiLNr4,00022,7.815604216367177,8.96
train,pretrain,eUznJ3LtvGc,00036,0,trainval,XGq3MXQlRJs,50007,-2.6499039362216887,3.52
train,trainval,hVsnkRoYfX0,50028,0,pretrain,LWQfeSSfNbs,00029,0.4554053922914001,2.496
train,pretrain,lDq9SQxvsNU,00020,0,pretrain,yRUCU5FsvTY,00001,-6.268004427570382,9.152
train,pretrain,AGivotqSrd0,00042,0,pretrain,et3SeEX62aU,00015,1.4238985626962624,5.12
train,pretrain,izddjApSN4I,00001,0,trainval,3XDdhbrg2kw,50027,0.3098037442348591,3.072
train,trainval,wfNX1cHkSfE,50014,0,trainval,OF5VVrsnpzo,50001,-2.101548219343927,3.456
train,pretrain,AhKevstJyrc,00014,0,pretrain,VekRvcbL4yk,00019,3.0011949096021446,10.944
train,pretrain,jvBaRf9LHDs,00024,0,pretrain,vzKA1y3cdYI,00006,8.969547335555632,4.48
train,pretrain,gVLu99Ja2mA,00020,0,pretrain,7hWUhEA6hxk,00020,0.12424654392299317,3.776
train,pretrain,EZwxKPv1CwA,00029,0,pretrain,twG4mr6Jov0,00002,-5.972297269199133,10.048
train,pretrain,MF2Q6CcGN7E,00001,0,pretrain,HdHW77blulg,00014,-7.72376854397365,4.928
train,pretrain,kEejVSZ5mLY,00003,0,pretrain,1z3Fgtj8fqk,00014,-7.808511293252705,7.872
train,pretrain,AS3Pyc4Qr2Q,00022,0,trainval,X6Zo53M0lcY,50005,-0.5880428184801154,3.968
train,pretrain,rzbtSeVZeEE,00006,0,trainval,OGhbCC9mNM8,50001,-1.9748285848538956,5.888
train,pretrain,pcNxS2i7SvQ,00005,0,pretrain,0af00UcTOSc,00048,-2.03175776322057,9.536
train,pretrain,6yR5OUVb2gY,00003,0,pretrain,uNDWvejza4c,00031,4.087718478135356,6.656
train,pretrain,3ELnyoso6vI,00011,0,pretrain,SvZXgApsPCQ,00022,2.475072621371,3.968
train,pretrain,7LPJrzZaoZg,00012,0,pretrain,bxkslfQc0EA,00004,-2.668089774535889,8.64
train,trainval,Mgbf3cq7lms,50066,0,pretrain,uVAaZVz9pDs,00014,-2.3494707595807496,3.008
train,pretrain,3gSSNHO1dDs,00022,0,pretrain,Ftow7dSpaiY,00021,-1.1180770156468114,7.168
train,pretrain,chXsLtHqfdM,00030,0,pretrain,yrcaHGqTqHk,00024,3.045427059918996,4.16
train,pretrain,Mr8nvXvlSy8,00006,0,trainval,9EglK8Mk18o,50025,0.8506401542726856,4.928
train,pretrain,m45SshJqOP4,00016,0,pretrain,acNSymOsL6M,00029,9.540990909550441,4.544
train,pretrain,nPGVm6OesQk,00004,0,pretrain,hHOX3dlhhZ0,00006,-5.318021503211597,12.416
train,trainval,ndAHAjgquwk,50012,0,pretrain,az5vU9CT4CY,00018,2.9308525102729774,4.544
train,trainval,48oiapTn3K0,50006,0,pretrain,04SEzifEsGg,00024,5.097190790248195,3.456
train,pretrain,yDYCf4ONh5M,00029,0,pretrain,UdsUVjeJuPE,00003,-9.884688243361875,6.912
train,pretrain,Pl8OlkkwRpc,00011,0,pretrain,okQXrB7ySAw,00058,-1.1609329859991853,5.888
train,pretrain,U7fFCaHZvVk,00031,0,pretrain,j7RsRnYlz7I,00012,-4.926950638799996,6.016
train,pretrain,KOIsqRgJ3XM,00015,0,pretrain,tpODOkfrwyQ,00007,-0.7723350124755584,6.08
train,trainval,bbT8jSPS2LA,50014,0,pretrain,1rTEOU67zCo,00014,8.312354273475979,5.376
train,pretrain,pVQdpofMhwU,00001,0,pretrain,HS8y0WLm78U,00087,8.990035562626833,3.072
train,pretrain,cK74vhqzeeQ,00011,0,pretrain,IMjn62naclM,00027,-5.062575514178167,11.328
train,pretrain,kpyc84kamhw,00028,0,pretrain,aZWxtQ19JsE,00004,2.3631459978718006,5.568
train,pretrain,BXcFEhl7ynM,00005,0,pretrain,lrYx7HaUlMY,00037,2.1104582172184188,7.872
train,pretrain,12OAr0lt4bk,00021,0,pretrain,KxDwieKpawg,00018,3.9300323144275033,13.376
train,pretrain,SF242mxtZN8,00049,0,pretrain,IDSSieLCmS4,00036,-6.437954131996586,11.968
train,pretrain,jJXMvOqS5bM,00022,0,pretrain,2Pp9ONyxBr8,00005,9.0924804202523,4.032
train,trainval,zvwQXwJyaj0,50003,0,trainval,S6BLFdBfgfU,50013,6.525887795164138,3.2
train,pretrain,ExcDNly1DbI,00003,0,pretrain,r9Zz4hYuGdw,00003,-7.504925697793967,18.624
train,pretrain,QUL0eSQtV8c,00023,0,trainval,9YR8jNtV4BE,50013,2.0259624019828557,5.504
train,pretrain,ppRtQCAbzPk,00015,0,pretrain,kmNxhFFZWpM,00018,-3.9626186137906583,14.656
train,pretrain,fnS9f5x0f1Q,00028,0,pretrain,5XD2kNopsUs,00011,-8.94493163201509,5.568
train,pretrain,AAsSqx2aLsA,00006,0,pretrain,scITIoJvMJ0,00014,-6.760693658310459,4.416
train,pretrain,eJnlgDUcxOQ,00031,0,trainval,BxFvxKaSmWo,50015,5.1492571421081745,2.176
train,pretrain,w1TBZhdSsN0,00019,0,pretrain,H3TFShI7zKc,00028,3.48291103085916,7.36
train,pretrain,Pro06WQG77M,00003,0,pretrain,CK5w3wh4GSM,00006,-3.9749547974953936,11.136
train,pretrain,XAcARiiK5uY,00007,0,pretrain,LCuAu67OCDk,00012,-8.419862307176034,7.616
train,pretrain,u4m65sbqbhY,00008,0,pretrain,2Kk9R2rhwlQ,00002,-2.518533558831817,4.48
train,pretrain,kNhyOYv2ejw,00022,0,pretrain,HS8y0WLm78U,00019,9.10868644013744,4.352
train,pretrain,SGG97dDfZ7E,00016,0,trainval,qzwCujeSSSc,50001,1.6295357835422397,2.24
train,pretrain,UpkAqPEcMyE,00013,0,pretrain,lD69n6Ur2P8,00005,6.804232092081083,32.128
train,pretrain,eJZSzNuKX7c,00028,0,pretrain,8iQnrM3DkVI,00009,4.363725937229763,8.512
train,pretrain,IQDrStvBt9s,00025,0,pretrain,cyBeRNOxNBk,00004,-6.194954469107257,5.248
train,pretrain,Ftow7dSpaiY,00032,0,pretrain,QzPbY9ufnQY,00004,-3.0495608242121914,3.456
train,pretrain,DsSrzoyyfF0,00026,0,pretrain,Cqj0sgrNL10,00041,3.7849294236712154,6.72
train,pretrain,19MSMRPgPYc,00002,0,trainval,bClWV3eeETA,50003,6.8270322541139485,6.208
train,pretrain,d0a0eXJ5TJM,00003,0,pretrain,mulbSSAULSo,00007,1.078510992127029,13.184
train,pretrain,2Shh4UkPVCc,00038,0,trainval,jodhovumkHQ,50008,2.813131532370374,2.048
train,pretrain,5HL1BEC024g,00005,0,pretrain,WF6SDe4USvE,00015,4.2225694081122604,5.824
train,pretrain,rrkrvAUbU9Y,00018,0,pretrain,aUBawr1hUwo,00021,0.6885358446136003,8.96
train,pretrain,TFvkq4BAvnw,00001,0,pretrain,59K6SwHLtcw,00009,-5.297961710454038,5.12
train,trainval,NgDGlcxYrhQ,50009,0,pretrain,zb4bp2volBg,00017,-9.18735576005721,3.52
train,trainval,vNpmq6OkSQQ,50009,0,pretrain,ZhDgwrKSBWQ,00016,-3.213965263821013,3.904
train,pretrain,JaFSfq2Zn7I,00055,0,pretrain,DokhOtMp75A,00007,-0.7921700211595706,5.568
train,pretrain,YuEm03Ko0J8,00005,0,pretrain,IjHlyKTSUug,00006,9.24021996183512,4.352
train,pretrain,I4fJPKSKbrA,00018,0,pretrain,5J6jAC6XxAI,00012,6.855111878728849,6.4
train,pretrain,9VOHt1oULJ0,00020,0,pretrain,gDS1Eh6rqf8,00021,2.1271970996286313,6.208
train,trainval,iNPsDky1z94,50002,0,pretrain,SvSSb7cJn2A,00003,-3.4534488293177867,5.696
train,trainval,zuAj2F54bdo,50023,0,pretrain,HS8y0WLm78U,00097,-8.97654216612956,2.688
train,pretrain,XiEQmcZi8cM,00017,0,pretrain,erBJuxVR7IE,00007,4.167192514070543,5.248
train,trainval,Q0Uo05JoZQo,50023,0,trainval,JKsHhXwqDqM,50008,9.947405073902502,2.432
train,pretrain,YhG1Bgbsj2w,00043,0,pretrain,CdxVbUjaSpY,00008,1.4148762600298355,13.248
train,pretrain,3rbVQNTzCh8,00001,0,pretrain,0g2WE1qXiKM,00023,-6.2493797614492985,4.288
train,pretrain,HzySGhX8SCc,00012,0,pretrain,YKACzIrog24,00013,1.0924287112338291,11.584
train,pretrain,FrgzvykPILc,00040,0,pretrain,GzB0BDstCI0,00008,-2.08459119240497,6.336
train,pretrain,KkyzYjPuxK8,00005,0,pretrain,wQJC2MMB8nA,00015,-6.051741900055994,4.672
train,pretrain,F17SKiAZOxg,00040,0,pretrain,GB4s5b9NL3I,00042,8.502147112298083,4.416
train,pretrain,pxzUDc1Zs4E,00019,0,pretrain,Vj3gCWmJSiE,00019,7.644794814398516,5.12
train,pretrain,0sYguTPLpHE,00049,0,pretrain,i0QKBKWnkxg,00005,-6.758966884703885,9.472
train,pretrain,uYaF8pSTNSU,00020,0,pretrain,eJZSzNuKX7c,00030,-7.037183644268163,5.248
train,pretrain,rbnBeSvXGQM,00008,0,pretrain,xRL2vVAa47I,00034,-2.4702807105119255,7.232
train,pretrain,JNcLKbJs3xk,00018,0,trainval,N37x4GgDVBM,50004,-8.75447799673302,2.56
train,pretrain,f6CILJA110Y,00063,0,pretrain,SGnmDWtyhAs,00009,0.2755393972559794,16.192
train,trainval,IMTcuU0KLSw,50026,0,trainval,v84pD2g3gSk,50006,-1.2801108965924044,3.008
train,pretrain,u7SWcQaoaRQ,00003,0,trainval,iE7YRHxwoDs,50009,-7.6603353471676305,4.224
train,pretrain,Xe2nlti47kA,00020,0,pretrain,rkKDvGA2UU0,00021,1.248311361733661,3.328
train,trainval,EZwxKPv1CwA,50015,0,pretrain,j3YjeARuilI,00008,-4.664413473852909,6.208
train,pretrain,90mj79GqWhc,00023,0,pretrain,KCr8s57hdzY,00009,1.6803769164573552,5.248
train,pretrain,jQ95xlZeHo8,00004,0,pretrain,WaGq9XwSVys,00011,-4.519700950823826,5.184
train,pretrain,oA0ws8rwdSc,00011,0,pretrain,rmeGVhhbGrM,00017,-4.6521377558765735,6.592
train,pretrain,mS8tQSTYLgk,00026,0,pretrain,jsZDlBU36n0,00027,-7.692712370079244,4.288
train,trainval,xzT6iH2CX4k,50008,0,pretrain,ztGkmruGPqM,00009,0.549419018448658,3.776
train,pretrain,4oFGmxZ2nqE,00021,0,pretrain,ogeGJS0GEF4,00013,0.06976185982746941,5.12
train,pretrain,ayhhuxAu6rw,00012,0,trainval,nx3GuO41Jyg,50001,5.078998895823215,6.144
train,pretrain,y8ZMviYx9aY,00004,0,pretrain,WOgSqHtTtHY,00001,-3.7272776038858213,4.544
train,pretrain,Lh9lDWPMWrM,00013,0,pretrain,lkzoQuzlW4M,00005,6.750554529655663,11.648
train,pretrain,d6wGSsAdP0U,00006,0,pretrain,WNTk29zXl4A,00011,-3.4890845670527053,7.488
train,pretrain,1oNlTrLIjU4,00013,0,pretrain,ZSRaJIMYSMs,00030,2.4584067967899603,32.128
train,pretrain,5iqZzi9mj4M,00027,0,pretrain,1BfMMoLYMlg,00005,7.670386223195905,6.784
train,pretrain,te3u3MSpk1c,00008,0,pretrain,0tVGSTxcsSU,00004,-2.9126568275271385,6.72
train,pretrain,4l3Kj3hVSVY,00024,0,pretrain,Mu00S1dAMl4,00002,-8.130751918406089,8.896
train,pretrain,05jJodDVJRQ,00003,0,pretrain,Eewvsw027jg,00028,2.1882835820965276,6.656
train,pretrain,ydZfSuzSHu8,00011,0,pretrain,3BS1itqCKHo,00015,6.381395746396933,4.608
train,pretrain,CzgS9C7gw0o,00011,0,pretrain,SUkVcmKZyyQ,00002,6.721571368391896,3.776
train,pretrain,LuG2rf9enHE,00003,0,pretrain,PyXZvuxDkC4,00004,2.51205641776788,6.4
train,pretrain,N37x4GgDVBM,00037,0,pretrain,hTAXEq6zLo8,00028,3.110798148186076,6.272
train,pretrain,O4Og5tFNiaU,00013,0,pretrain,MKKGS38vCO8,00002,4.726166567994802,4.16
train,trainval,NAkkckxE9i8,50003,0,pretrain,A7ktYbVwr90,00032,-1.9271967702400161,3.712
train,pretrain,Nhwq12TKkQQ,00036,0,pretrain,LKAhTELkOV8,00004,4.541528314933858,27.84
train,pretrain,Hc6yiSFtoNo,00041,0,pretrain,oKtALHe3Y9Q,00012,4.386646813391904,7.616
train,trainval,1CN7PF10RKo,50002,0,pretrain,ktD119xbBtY,00008,-9.294095165084057,3.328
train,pretrain,6k8YBJ5sgko,00005,0,pretrain,PYjWLqEScfE,00010,7.113024344825487,9.344
train,pretrain,C74amJRp730,00021,0,pretrain,zyet9fPS24k,00014,8.12673256781557,10.56
train,pretrain,ftWn4QOvTTo,00027,0,trainval,Zx8uYIfUvh4,50010,-4.476403387311461,4.608
train,pretrain,zSWppsceZ1c,00009,0,pretrain,5tUnSuoYKoE,00021,-9.15620360417611,5.568
train,pretrain,4YS3gGpnPe8,00011,0,pretrain,8iZSsHd0IlU,00016,-1.7895687483151441,13.76
train,pretrain,RtRufOPFug0,00007,0,trainval,7ZWTG0SeCEg,50011,-5.690289715500199,4.032
train,trainval,km4GiwSIFCo,50001,0,pretrain,2tcEgqTWbxQ,00005,4.020484339659465,3.84
train,pretrain,gyM6rx69iqg,00007,0,pretrain,YXWKuKSQsu4,00017,6.829528744477567,8.448
train,pretrain,eJnlgDUcxOQ,00008,0,pretrain,HNOnvp5t7Do,00007,-8.310915098778551,26.496
train,pretrain,ihoR9B7pS1Q,00012,0,pretrain,9EVEmZ2cSes,00040,5.870222114140429,9.664
train,pretrain,QPiaadMporw,00005,0,pretrain,TvW4yugCPZo,00014,4.3563576214569455,7.488
train,pretrain,aiIxdFBA0Sw,00037,0,pretrain,WXOd4qh3JKk,00014,2.3537766708552788,3.968
train,pretrain,pNttjJUtkA4,00050,0,pretrain,nubSKdtzLcE,00023,-6.488265395209534,20.8
train,pretrain,zIwLWfaAgS8,00054,0,trainval,UvbFr0eSsg8,50004,-6.017645061209467,2.048
train,pretrain,xyIQFI865Sw,00003,0,trainval,F0ofeD8VKMA,50005,8.518658224608302,2.048
train,trainval,avuhY7D71sQ,50019,0,pretrain,RG5QP2EVUVY,00009,-3.980373024906914,2.432
train,pretrain,S6pLPVfKFoQ,00008,0,pretrain,kZP8KqrSbcw,00016,4.3168360783695015,10.176
train,pretrain,OGhbCC9mNM8,00020,0,pretrain,HFFBkbsSFY0,00011,-0.9422450061464147,6.336
train,pretrain,R7beBKnH9u0,00022,0,pretrain,2Ikka0W3Wk8,00002,0.3227644631603219,3.712
train,pretrain,rYwTA5RA9eU,00018,0,pretrain,FQdQhV1yjfc,00008,5.945859550009477,9.536
train,pretrain,uPZw3ebk8oI,00003,0,pretrain,pcSlowAhvUk,00051,-2.436537185273952,4.288
train,pretrain,kySSXxxiWHg,00004,0,pretrain,IeblJdB2SVo,00021,8.869638075734144,15.296
train,pretrain,Gv7Y0W0xmYQ,00007,0,pretrain,BQj2ZSGPsY8,00016,3.4670583765413703,10.432
train,pretrain,ZPBTnWWWUY4,00001,0,pretrain,jT5rRh9AZf4,00029,-2.7261819660597686,6.016
train,pretrain,1nZ9u2ZoIJo,00016,0,pretrain,7hWUhEA6hxk,00027,-3.4087396136637915,9.28
train,pretrain,jsZDlBU36n0,00028,0,trainval,BcTOSxcv2So,50006,1.6343611884589198,6.144
train,pretrain,JS8fYhwrYzI,00007,0,pretrain,hPsUXhXgWmI,00041,9.615360254080425,12.864
train,pretrain,xuAAPsiD768,00015,0,trainval,jAGgKE82034,50002,-0.9469867791428932,2.304
train,pretrain,EvEj5zAJriw,00002,0,trainval,LkOmfSSQLgI,50002,-6.251286587580709,4.928
train,pretrain,gtDS5rzd6R8,00007,0,pretrain,bCjfy8Z7dv8,00027,6.061220049540498,9.92
train,pretrain,9MegHiL93B0,00008,0,trainval,P65XdTlk4vA,50009,-4.671944866140056,3.776
train,trainval,V3CLRL32Mcw,50010,0,trainval,6XS8TA4RBog,50019,4.093619870726368,2.368
train,pretrain,NlzanAw0RP4,00003,0,pretrain,ATISgVUKetI,00014,6.716345133759425,3.712
train,pretrain,DoRSyk7lA5Q,00007,0,trainval,I9cmQFj13rc,50016,8.83469394709628,4.736
train,pretrain,Hh09xlzxRmE,00016,0,pretrain,YyBk55G7Keo,00008,7.71299437351329,3.84
train,pretrain,BGRy5VUSLfI,00014,0,pretrain,01GWGmg5jn8,00047,0.12732103519699045,4.864
train,pretrain,sLiM2SizFl4,00052,0,pretrain,c6mhFgAjqwA,00030,8.393785566416057,9.408
train,pretrain,XFOkSdlPafQ,00002,0,trainval,DzNNS4rcIjs,50003,5.356718981559965,5.248
train,pretrain,ZBDablzQ9ts,00037,0,pretrain,xNiBDGBw4Zs,00028,8.865523201097474,14.016
train,pretrain,AWEpeW7Ojzs,00026,0,pretrain,S6cX2p5cBVg,00033,-2.59773851693531,6.336
train,pretrain,38OUCtzkT4Q,00024,0,pretrain,jTfGAHroSSI,00015,-7.355024734471149,6.272
train,pretrain,iSRWMLMBkqk,00025,0,pretrain,GW02Vo641dU,00032,-6.202603712100885,3.648
train,pretrain,65e2qScVSK8,00015,0,pretrain,9OECsmMont4,00015,7.713691785586612,6.592
train,pretrain,4KhnSz9FPmU,00004,0,pretrain,6JxRxBqQLKA,00017,8.130596097096994,4.928
train,pretrain,ByuWS1bBwpc,00009,0,trainval,IRVdiHu1VCc,50029,6.497120133679317,4.928
train,pretrain,In6iAXTnqEo,00016,0,pretrain,2EeqUSQMjbw,00007,5.249989515410107,8.96
train,pretrain,4tQee2SJgUo,00003,0,pretrain,SryJK294Psw,00031,4.606190341489819,3.648
train,pretrain,AkUcaludrcI,00020,0,pretrain,S9ry1M7JlyE,00010,4.543569938751311,6.656
train,pretrain,Gv7Y0W0xmYQ,00004,0,trainval,Tmk7nAvpMXQ,50008,3.701128587219875,3.52
train,pretrain,Y4QZzZgYUKg,00021,0,pretrain,SSJu0Jy9oSQ,00017,-4.974845329340569,12.8
train,pretrain,TpC8wNkjSvs,00004,0,pretrain,LgBjU8ovWh0,00038,1.0927722878361497,7.424
train,pretrain,1hxwsYYz5fI,00002,0,pretrain,FSS4Kv6MlG0,00007,-8.645260713796606,4.032
train,pretrain,AyWtIwwEgS0,00034,0,pretrain,wZzHnZzmS58,00001,-7.598862613197339,6.976
train,pretrain,o9NUy12lgs4,00005,0,pretrain,MLKj1puoWCg,00036,-6.35269906829113,4.16
train,pretrain,yG7v4ySxwzQ,00023,0,pretrain,KCL8NjN7FMQ,00014,5.956564875437373,9.856
train,pretrain,Aetg4kJie0o,00014,0,trainval,kSGFq12w5WU,50004,-0.11982744785808919,5.952
train,pretrain,I2xDZlpInik,00008,0,pretrain,hFGLqkDnSVI,00010,7.328273470670112,7.296
train,pretrain,49aWAHqi200,00002,0,pretrain,oIGBBPspTKM,00061,-8.86085231113437,6.592
train,trainval,VStEmE85QDE,50006,0,trainval,VASXSkawBiY,50004,5.941267746615145,5.952
train,trainval,TdBAHexVYzc,50004,0,pretrain,RkTE1LZStLk,00004,8.112175693104735,4.48
train,pretrain,ySrroSgNk4o,00011,0,pretrain,rN7VcY1fS1Q,00022,2.7014185869988836,5.376
train,pretrain,aFBIPOSP7LM,00010,0,pretrain,Un2yBgIAxYs,00024,2.4767126826199277,5.824
train,pretrain,xpnFeyMGUs8,00014,0,pretrain,NiMgOklgeos,00017,8.52717442098509,3.648
train,pretrain,1sgb2cUqFiY,00011,0,pretrain,IkJTwfHPv6A,00011,-8.453290903315395,9.728
train,pretrain,WfDSFRPjQTo,00004,0,trainval,zLNXIXingyU,50013,-2.03479056781865,4.928
train,pretrain,Rpsf1YJsbbI,00027,0,pretrain,36m1oStM05g,00029,-5.429526570958623,3.904
train,pretrain,QHIocNOHd7A,00034,0,pretrain,3GBrJiSMFu0,00023,6.638966362163231,5.696
train,pretrain,r2SX7mTUirk,00007,0,pretrain,hRSw8DBbFr8,00017,-7.423340034389289,7.744
train,pretrain,LTtTfCwkIW0,00027,0,pretrain,MQrhPhan5Gw,00001,3.5460671179762215,3.008
train,trainval,cPL2FE7ZPTg,50003,0,trainval,IBoJcDlqmo0,50016,0.055049957670508576,2.944
train,pretrain,WKlIytaSlu4,00003,0,pretrain,KkYuhwr3esg,00010,-9.036572618691203,9.088
train,pretrain,0x2SkWRB8SA,00036,0,pretrain,I1cGiNnJZgU,00004,7.212167217515784,9.728
train,pretrain,0i7Loopex8w,00002,0,trainval,eHlu6ViSwxo,50004,-4.390580233846437,4.608
train,pretrain,Y8u42OjH0ss,00008,0,pretrain,KCr8s57hdzY,00026,-3.9545048375898357,4.096
train,pretrain,SF242mxtZN8,00033,0,pretrain,d6wGSsAdP0U,00021,-4.367633767821872,8.0
train,pretrain,HSZ1ZvjlKDE,00011,0,pretrain,urOCGSMlB9g,00022,-4.813786127836814,7.872
train,pretrain,zawpbVpu5nY,00011,0,pretrain,gxuQp1X4mx8,00015,4.853777094035248,4.416
train,pretrain,ukgnU2aXM2c,00013,0,trainval,dk60sYrU2RU,50002,-7.130660812203011,2.304
train,trainval,QoTSdOkjEVs,50013,0,pretrain,F17SKiAZOxg,00003,8.790709866776417,5.824
train,pretrain,fDzj9vRw5yM,00008,0,trainval,5tal0NkWW1E,50001,1.947701466844812,3.264
train,pretrain,qKmuMQT5E6Y,00013,0,pretrain,hsSYuHv0vUk,00022,5.101733182986658,4.928
train,pretrain,Ym6VkhUn0ec,00003,0,pretrain,JaFSfq2Zn7I,00037,-0.23018792516400666,5.696
train,pretrain,bcSXtB5bQgs,00026,0,trainval,DWZsOe1j2w0,50001,-3.6304152827625096,5.888
train,pretrain,UyUXxrSS3qs,00041,0,pretrain,5QGApheKRc0,00022,-0.2269433825565912,13.952
train,pretrain,0T2RS3ydRiY,00005,0,pretrain,qKmuMQT5E6Y,00006,-7.724739424059289,4.16
train,trainval,8XQ1onjXJK0,50009,0,pretrain,IYDqtxvKDW4,00014,7.271464800260684,3.84
train,pretrain,mArrNRWQEso,00016,0,pretrain,fTosle3h3G8,00003,-5.502628914155014,9.728
train,pretrain,Ligs82S0qN8,00018,0,pretrain,cWYcXhMhJF4,00007,9.00095671422855,16.64
train,pretrain,CLSSiaFuLo4,00058,0,pretrain,yXTtHmj1sr0,00001,-7.727570466692757,8.192
train,pretrain,7LcSdlVrg5M,00033,0,pretrain,EEjyPqyFeSs,00035,-9.186722778811818,5.824
train,pretrain,Yz1sNBv7oAo,00010,0,pretrain,QHIocNOHd7A,00012,-6.12421475477719,19.776
train,pretrain,SI3e6Mkfp7M,00008,0,pretrain,fCKNScHMBGE,00048,-1.0618464098639038,6.848
train,pretrain,URSuWwvpn5c,00011,0,pretrain,yOc9mFvusDg,00005,3.5237038232117257,8.64
train,pretrain,uRxwQsrI560,00023,0,pretrain,fDzj9vRw5yM,00023,-0.7643250186428965,6.592
train,pretrain,U2dHczVSCdo,00003,0,pretrain,DnbC2Tii0S8,00018,-5.371837952913139,27.776
train,trainval,4ZgwzSm7sRs,50002,0,pretrain,A60UTjiEp4c,00004,-2.2563175554179633,2.432
train,pretrain,Y81rCiw1LPY,00018,0,pretrain,RbNqU2K0qzo,00015,-3.8301349025320057,12.608
train,pretrain,SMi3rHuK0c4,00029,0,trainval,3Z6x5t5A9so,50017,9.519913738715488,5.824
train,pretrain,QijH4UAqGD8,00014,0,trainval,EijI8QaExDg,50017,-8.866976479573852,3.52
train,pretrain,MoSmgcxGYYE,00038,0,pretrain,CQ5dRyyHwfM,00001,-8.886279996137738,6.208
train,pretrain,1InHN8JPazA,00026,0,pretrain,co2enjjt3J0,00021,-3.533810472067655,5.12
train,pretrain,g9M3HIjHuq0,00010,0,pretrain,acikxzM6GaY,00009,4.008442555308797,4.288
train,pretrain,sYUjyH8Y0No,00026,0,pretrain,ddw1S3ZVjTE,00001,2.1050363404802717,4.736
train,pretrain,FzAyOddR5u4,00005,0,pretrain,uDIyxxayNig,00028,-7.00963871681044,6.72
train,pretrain,GtXyGFMBWBs,00021,0,pretrain,uTL9tm7S1Io,00022,1.641339349446831,7.616
train,pretrain,9AgCr2tTvng,00001,0,trainval,xV7IvRT5Qyw,50005,5.576158015814233,2.496
train,trainval,KSWL5iqvPlY,50003,0,trainval,NbpSibMSEiE,50012,4.307726747971106,2.496
train,trainval,HQIi3nUXh0g,50027,0,pretrain,H8Pr9Jnulxk,00030,6.929523499720773,5.952
train,pretrain,iRSjlgWE9GQ,00026,0,pretrain,ZBWsmoy5Re4,00012,3.4273097890495805,10.048
train,pretrain,CSeFjLZqXt8,00025,0,pretrain,b1sQZxrBMXk,00009,2.2190250583336546,6.016
train,pretrain,pX8zZdLw7cs,00004,0,pretrain,DL0SgcP15Ts,00005,-4.017476113441251,4.224
train,pretrain,LhjsRjC6B8U,00004,0,trainval,tNKdc6Lxcvo,50005,1.6015432336317197,3.52
train,pretrain,E6atIJ8RDzU,00012,0,pretrain,U23gPSGhW1w,00004,5.039758000255368,9.408
train,pretrain,0x2SkWRB8SA,00032,0,pretrain,kLIfeGflNp8,00035,-4.258372179931249,8.064
train,pretrain,KxDwieKpawg,00010,0,pretrain,OH0dK208MNk,00018,-6.1709964472756145,10.24
train,pretrain,NZspSEdO2Xk,00057,0,pretrain,LEzsELPNmr4,00007,-3.354502790953802,6.528
train,pretrain,GkRn9Lp16UI,00007,0,pretrain,MtSE4rglxbY,00032,-5.216067604188785,12.864
train,pretrain,HYGvts8hre8,00005,0,pretrain,K926HAKRFvw,00020,-9.970091231350736,6.848
train,pretrain,nzj7Wg4DAbs,00018,0,pretrain,P4X9ZfEx9So,00004,-5.171499329670793,5.376
train,pretrain,nhrZHRqUaT0,00013,0,pretrain,PS2h8hSFphs,00035,5.538126001335122,3.84
train,trainval,kYXiegTXsEs,50037,0,pretrain,LbIXYEW9CSQ,00020,-4.118087591993378,4.16
train,pretrain,NXfYNdapq3Q,00042,0,pretrain,bGBamfWasNQ,00019,-1.0917784536657074,10.88
train,trainval,ISjk9ni4XWk,50007,0,pretrain,2NcetHNXaxU,00021,0.6356101121706246,3.584
train,pretrain,mJxA8eIWQUc,00063,0,pretrain,k5tCYg9s0HU,00046,-9.962484558967834,7.296
train,pretrain,8b2vNkEtfpc,00008,0,pretrain,Y2y7BzjbSNo,00008,1.7722254727878415,4.16
train,pretrain,voLcX6SpF9g,00009,0,pretrain,GlpGBSBpxOE,00033,0.1507514657650777,7.04
train,pretrain,bf7BXwVeyWw,00051,0,pretrain,XPkV1bDZDl4,00016,-1.6419421610230245,6.144
train,trainval,DqCsQqy9MyU,50018,0,pretrain,ufp5iGh0agA,00037,-1.7075404627916875,3.264
train,pretrain,h27g5iT0tck,00010,0,trainval,N7wF2AdVy2Q,50012,-2.4548307871945845,3.776
train,trainval,p9UC0chfXcg,50005,0,pretrain,u1K6hnm09xs,00007,-9.635609084506186,2.368
train,pretrain,ZChEFOGSn8Q,00058,0,pretrain,zSWppsceZ1c,00040,-8.868542171505656,5.248
train,pretrain,nOHbn8Q1fBM,00032,0,pretrain,chXKZC4D42k,00010,4.412283562356112,6.208
train,pretrain,7npLVcymHGc,00004,0,pretrain,sSXv06gUX3Y,00037,-5.880796860236995,6.848
train,pretrain,VM6HZqQKhok,00023,0,pretrain,MLU7qcMYKO8,00034,-8.556193221637269,3.456
train,pretrain,OSGHRMKrVM8,00004,0,trainval,eQdFkSSgHYo,50001,-3.2428535975993666,3.392
train,pretrain,iwlSPe0FbSg,00024,0,pretrain,NgVwPj54TEo,00007,9.48370771794053,21.952
train,pretrain,w4RLfVxTGH4,00013,0,pretrain,WruaJOkaXCU,00007,6.319812583999443,3.392
train,pretrain,tIINqNUediU,00007,0,trainval,8aSUUhW7SHU,50033,1.35169313624435,3.328
train,trainval,Possj5cXEnM,50014,0,pretrain,XOU2ubWkoPw,00003,-1.8890110037834713,5.888
train,pretrain,gZga0AmCGdE,00012,0,pretrain,1EHZAQmw2JA,00004,-1.3932910238197298,6.976
train,pretrain,DeUDQo1sYAw,00030,0,trainval,sgTjCpBOeCU,50030,7.490456351667639,3.328
train,trainval,zISxg4JhSRk,50032,0,trainval,cF2dhWWUyQ4,50006,6.511410434007516,2.368
train,pretrain,t1owaS144N4,00005,0,trainval,0MD4Ymjyc2I,50005,-7.578988724205544,2.496
train,trainval,rmeGVhhbGrM,50003,0,pretrain,qykDS2AXKIU,00019,6.93521364780031,5.76
train,pretrain,jdpIKXLLYYM,00009,0,pretrain,Mjoxh4c2Dj0,00032,0.571114570220983,11.456
train,pretrain,l7FUP2iYNYw,00006,0,pretrain,wfW3aZCFfLA,00040,-2.710975215407072,7.04
train,pretrain,chXsLtHqfdM,00020,0,pretrain,ASOvJjAw2Jo,00017,-5.781157412678983,6.592
train,pretrain,2cYDyMnL4M8,00012,0,pretrain,pi9SMFWTzXw,00011,-9.03201530399757,8.128
train,trainval,V1qHNrQQHZI,50002,0,pretrain,ohGMgSLJCjs,00039,1.9778654606811088,5.824
train,pretrain,5c6AADI7Pb4,00022,0,pretrain,sY0PfSpfqCI,00015,-0.20535140878422276,8.96
train,pretrain,QuaIMgzIOn8,00028,0,pretrain,Ufs8cKyzLvg,00011,1.904741828952698,3.2
train,pretrain,RtFFT4zjyTM,00021,0,pretrain,uYyvbgINZkQ,00047,-7.219734226042862,11.968
train,pretrain,EZwxKPv1CwA,00041,0,pretrain,c8re1U9rCo4,00010,1.6074677167091185,5.504
train,pretrain,J8xfuCcXZu8,00017,0,pretrain,RbNqU2K0qzo,00005,-8.0050274942968,8.64
train,pretrain,OAEodzGMavY,00004,0,pretrain,qykSnLkPM7E,00013,-9.613752890604195,3.648
train,pretrain,7nAU7KXXHEI,00002,0,pretrain,JbuSeMcEF3s,00001,-4.748226356191642,22.592
train,pretrain,IMTcuU0KLSw,00020,0,pretrain,6vLrreR6YOE,00012,-2.016540100827225,3.904
train,pretrain,DOvbl3ZPPV4,00012,0,pretrain,oJfFMoAgbv8,00032,-9.760674849820155,3.712
train,pretrain,w8lH8tNlAXc,00016,0,pretrain,jT5rRh9AZf4,00024,-9.429680403061218,8.576
train,pretrain,jzfV2xVsUKc,00038,0,pretrain,PB7xs7UpIfY,00017,3.5807192366790925,5.312
train,trainval,s2F41IQSPGE,50026,0,pretrain,6XNrzmh0EVs,00033,0.8073450690362733,3.968
train,pretrain,ux1GxExRUUY,00005,0,pretrain,XPa1RE59wpg,00004,-7.68811009593839,4.096
train,trainval,BA8XOF6IpXA,50004,0,pretrain,Jz064FJMmKw,00005,0.30165189382955937,5.44
train,pretrain,Rpsf1YJsbbI,00036,0,pretrain,2zvjW9arAZ0,00048,1.9377967787522383,5.504
train,pretrain,ZChEFOGSn8Q,00063,0,trainval,BT2XlI8oeh0,50026,5.1979811735588335,5.248
train,pretrain,SF242mxtZN8,00037,0,pretrain,eh3cdTlh7VM,00027,-9.513322861792258,7.424
train,trainval,SC3DVeWT09w,50024,0,pretrain,Melo1Bgporw,00009,7.102538371289437,2.688
train,pretrain,8sQ2p89P0Us,00009,0,trainval,iP9QFSlBOyA,50002,-2.3658760732119832,4.032
train,pretrain,PcQwHHbjZ0A,00006,0,pretrain,3XDdhbrg2kw,00006,1.0340647015468036,4.224
train,pretrain,8khcH5Lqxgk,00004,0,pretrain,3QZp6smeSQA,00026,-9.104338472548042,5.824
train,pretrain,lwz8KvS9NRA,00016,0,trainval,IshrD4mjnNU,50025,7.952039209025539,4.672
train,pretrain,IRxgDMSp9Gs,00038,0,trainval,fSOupkS4VVo,50017,0.8453090572327593,6.08
train,pretrain,2L1R7OtJhWs,00017,0,trainval,vo2cse4CoGM,50009,-4.209318763263696,4.288
train,pretrain,bLGTrz1Zolk,00018,0,trainval,53P0aypkpXY,50007,-1.4791267021099443,5.888
train,pretrain,YGoI3B86iX4,00035,0,pretrain,p2MEGk5q1WI,00064,-9.977354430828898,7.936
train,trainval,HA7GwKXfJB0,50003,0,pretrain,aIcwIH1vZ9w,00016,-4.541084249012773,4.416
train,pretrain,FAubx3BBgLk,00012,0,pretrain,sHdYaMyR5S8,00035,-5.3023696736284265,18.368
train,pretrain,8sQ2p89P0Us,00016,0,pretrain,AU66C6HePfg,00013,4.485101509867075,6.016
train,pretrain,D9S6G8J6VJg,00005,0,pretrain,SU1foLW8h54,00023,8.215960243469663,7.616
train,pretrain,G88JZ1DIdg8,00019,0,pretrain,8s3bdVxuFBs,00001,-8.18416747326986,6.336
train,pretrain,UOn3zOp8JPE,00007,0,pretrain,hqQSTqVNnOY,00019,4.556217846953361,2.88
train,pretrain,Uieh3RfkCng,00008,0,pretrain,iU1bhHeCkoU,00029,9.008319045424255,4.288
train,pretrain,iGHzqmnGH4A,00011,0,pretrain,7rMYfiRNT7g,00011,1.4095648730487316,6.144
train,pretrain,z19gIaUmIBU,00004,0,pretrain,S6pLPVfKFoQ,00009,6.609065762530321,12.928
train,pretrain,3SAZ5R2SC88,00010,0,trainval,WCj82W7XkjI,50009,-7.842946708497898,5.76
train,pretrain,4SSn83lCbTg,00008,0,pretrain,U9BzgnX3z6Q,00026,-0.0752382046887341,7.616
train,pretrain,sAUIAChAmc4,00006,0,pretrain,ZCRC5S0kfiw,00021,-9.162064792232343,7.104
train,pretrain,QpmsftF2We4,00005,0,pretrain,3UaOl8SYHes,00002,-5.9439519432555965,11.008
train,pretrain,LZXUR4z2P9w,00001,0,pretrain,ozPqVGxKGMU,00015,5.016470322010447,6.208
train,pretrain,Y4QZzZgYUKg,00014,0,pretrain,h1Yg1rURKR0,00024,5.988656740521998,6.976
train,pretrain,RLh5CRUecfY,00037,0,pretrain,JolJi3uLMOM,00025,1.9893443513274143,6.016
train,pretrain,oiVSHkItqxo,00008,0,pretrain,QG4Z185MBJE,00013,3.8170659159787785,5.184
train,pretrain,cQvDUTOOkiI,00011,0,pretrain,iNOE0dZpHcY,00050,4.196272489496646,3.008
train,pretrain,5QGApheKRc0,00026,0,pretrain,voLcX6SpF9g,00006,3.070777493785224,4.16
train,pretrain,fLJsdqxnZb0,00001,0,pretrain,uWfLwKHSEko,00052,2.344742095418919,5.504
train,pretrain,LZXUR4z2P9w,00038,0,pretrain,iq5lXSj6Prg,00021,-9.459342229506012,4.16
train,pretrain,LGtNFHtM81A,00013,0,pretrain,ISSupr6ayqw,00010,6.1122539803408955,12.928
train,pretrain,P7n2rYt9wfU,00002,0,pretrain,2W1jvTEjc1s,00003,3.2119053758164107,7.488
train,pretrain,8oeiOeDqSNc,00012,0,pretrain,uNDWvejza4c,00039,6.116981062730147,4.928
train,pretrain,LNHBMFCzznE,00036,0,pretrain,aSLSiIskEFU,00034,-2.78184253297918,4.096
train,pretrain,HBSQR6xovSw,00034,0,pretrain,cj5LZBmiQu4,00014,-7.616786350071189,7.616
train,pretrain,zhKoy2QPThE,00011,0,pretrain,BxFvxKaSmWo,00021,8.820971750427216,5.056
train,pretrain,319sQ9sSlyQ,00009,0,pretrain,txJGm6zhiBA,00008,3.069238102018783,2.176
train,pretrain,KsSSMh1QhMc,00003,0,pretrain,acJscdoP2a4,00033,6.199644595825326,5.056
train,pretrain,rTJpJlVkRTA,00046,0,pretrain,ZcFRfJb2ONk,00011,-2.663937267856724,7.552
train,pretrain,8sQ2p89P0Us,00001,0,pretrain,1ZQmwVYNgPc,00002,-3.356456572843234,11.968
train,pretrain,oSWYawFzOKE,00006,0,pretrain,RxyQNEVOElU,00026,-2.372443901805985,5.056
train,trainval,8cwWSS29faQ,50003,0,trainval,WKlIytaSlu4,50003,5.081336454541365,5.632
train,pretrain,8m5Ebx6nuGE,00043,0,pretrain,38OUCtzkT4Q,00010,-3.6074193486570794,6.656
train,pretrain,V2DgJBx3cyA,00020,0,trainval,S6pLPVfKFoQ,50003,-4.708629618532583,5.76
train,pretrain,apiScBmE6rA,00022,0,pretrain,59SRn1SkWAA,00010,5.650377973718131,4.096
train,pretrain,ayhhuxAu6rw,00028,0,trainval,2tcEgqTWbxQ,50030,6.65469266637421,2.304
train,pretrain,B5MkpzMAOZM,00011,0,pretrain,W4LYn4mIP18,00019,-9.256102966333692,4.608
train,pretrain,BA8XOF6IpXA,00010,0,pretrain,sa0RUmGTCYY,00051,-1.645787989216549,6.656
train,pretrain,LN820hIQ17Q,00003,0,pretrain,KPPxXeoIzRY,00013,5.11628571777374,5.376
train,pretrain,Y0GHWogx0eg,00029,0,pretrain,MqnbE5WRPEU,00004,3.776499079706877,8.256
train,trainval,MOFdlEbu15g,50014,0,pretrain,vrU6YJle6Q4,00053,-4.621553152301219,4.928
train,pretrain,JbuSeMcEF3s,00006,0,pretrain,9vKRj9yV8pI,00038,-8.245962012024515,6.656
train,pretrain,XGq3MXQlRJs,00041,0,pretrain,XPkV1bDZDl4,00016,-7.284046317629446,11.84
train,pretrain,5tUnSuoYKoE,00085,0,pretrain,PS2h8hSFphs,00018,8.245469140081148,3.008
train,pretrain,d0yGdNEWdn0,00027,0,pretrain,yqc9zX04DXs,00012,9.375932954925585,4.608
train,trainval,IRVdiHu1VCc,50021,0,pretrain,9EglK8Mk18o,00011,4.183570781088214,2.688
train,pretrain,qy4uuAfRFnI,00002,0,pretrain,Ufs8cKyzLvg,00011,3.666504037564044,3.2
train,pretrain,dvuh1Np35Pk,00008,0,pretrain,5QGApheKRc0,00009,0.48143701075580836,4.608
train,pretrain,t1sYh9itUvs,00053,0,trainval,P5Mpo4JQZhw,50006,9.06814483357416,3.968
train,pretrain,7sxpKhIbr0E,00022,0,pretrain,zISxg4JhSRk,00011,5.310709667538166,5.888
train,pretrain,wQJC2MMB8nA,00013,0,pretrain,A60UTjiEp4c,00031,1.7515051570617466,3.328
train,pretrain,rQNisRKhSiU,00007,0,pretrain,N8Votwxx8a0,00032,-8.427401447047044,8.832
train,pretrain,rOVkASt39Uc,00006,0,pretrain,tMSU6k5SWXg,00011,-9.952571845403002,8.512
train,pretrain,y3EG6cO3ngc,00021,0,pretrain,79zra755WgA,00028,-2.697033911821462,4.416
train,trainval,DSPWxjBgvF4,50020,0,pretrain,jv8m8rycnQs,00017,5.188064535121082,5.12
train,pretrain,ihoR9B7pS1Q,00002,0,pretrain,sHdYaMyR5S8,00021,-0.056208645240953814,5.568
train,trainval,1EIQ6nSSXxk,50001,0,trainval,audakxABYUc,50010,3.4987769476195076,2.432
train,pretrain,Z41BTeAU7DI,00008,0,pretrain,6diqpGKOvic,00003,8.490310212731778,9.088
train,pretrain,OAK1UIbSFio,00035,0,pretrain,ASOvJjAw2Jo,00002,-1.7473659275488949,7.616
train,pretrain,xfDUGqGPSfo,00002,0,pretrain,askcLEVCTko,00048,4.125290182593131,3.968
train,trainval,6V6p1tgHfm0,50005,0,pretrain,LpNkuaVnlPY,00013,2.3137374275745586,5.888
train,trainval,1BfMMoLYMlg,50006,0,pretrain,fa7SkR2fz3M,00023,9.640118913336885,3.328
train,trainval,ZoDYTYSeuN8,50006,0,pretrain,Dceyy0cX6J4,00001,3.332714110949988,4.16
train,pretrain,Cqj0sgrNL10,00026,0,pretrain,QG4Z185MBJE,00001,6.008394134323762,7.424
train,pretrain,vGDZmSnSkfo,00014,0,pretrain,QWN5xhV6v1U,00011,-8.179464832059013,4.928
train,pretrain,bXmDaykZobc,00007,0,pretrain,CrsdoIOGCRw,00005,-7.289481529725967,5.312
train,pretrain,iEySxTbcr2A,00042,0,pretrain,audakxABYUc,00014,5.583853414653765,8.768
train,trainval,DZfOvYiQtow,50017,0,pretrain,85bqT904VWA,00052,-1.0660734328719723,5.888
train,pretrain,Dh5sPiuaO9Y,00010,0,pretrain,UvbFr0eSsg8,00015,7.373641879958473,4.992
train,pretrain,8pHzROP1DSw,00028,0,pretrain,ORBf73HiJns,00021,2.5900702954934864,2.176
train,pretrain,3Z6x5t5A9so,00050,0,pretrain,5iqZzi9mj4M,00010,7.861978887262424,9.6
train,pretrain,imhUmLtlZpw,00020,0,pretrain,C9XIVtUEgFE,00008,-7.09603794411783,3.2
train,pretrain,BPMrcY9z0nM,00004,0,pretrain,Qao76IPXWSE,00010,4.106545218829265,13.632
train,pretrain,JN3mW2IzCrc,00012,0,pretrain,Xv2gHiX9Bqw,00020,-2.927384227058605,5.76
train,pretrain,6AvXhgXlGpE,00024,0,pretrain,H2rG4Dg6xyI,00025,1.053351696211946,11.072
train,pretrain,jYperQKUkcs,00021,0,pretrain,eYe0Rca4NbM,00004,-1.0421885654911573,21.696
train,pretrain,zSWppsceZ1c,00037,0,pretrain,dghBrSBC34Y,00014,-7.477996696732991,8.064
train,pretrain,cswhOCKQZ7Q,00020,0,pretrain,PS6vDLq64gE,00024,4.405060201203117,6.848
train,pretrain,Tg35UfOJhe4,00007,0,trainval,dTwXeZ4GkzI,50006,3.0015098937455598,2.176
train,pretrain,uTL9tm7S1Io,00004,0,pretrain,LbIXYEW9CSQ,00009,-8.546294423318967,14.656
train,pretrain,BMOjVYgYaG8,00020,0,pretrain,Lrdn4lazVBc,00021,7.036068346573511,5.184
train,trainval,mbbMLOZjUYI,50006,0,pretrain,eJb3Z2RmRMo,00015,-6.072771839193174,3.072
train,pretrain,HbQZ7jAvgoI,00006,0,pretrain,cXQrbxD9SNg,00012,0.726094095189536,6.656
train,pretrain,MrEuta9GPGM,00008,0,pretrain,sFIDCtRXSSo,00008,9.406275941790085,4.736
train,pretrain,mqovAg11qSc,00009,0,trainval,RBElFl1aLtI,50009,6.41973442589245,2.944
train,pretrain,O9Hfqc3trhw,00022,0,pretrain,2TDLN61HKKc,00043,5.046694738482229,6.016
train,trainval,JLLpWtHbMAo,50008,0,pretrain,tFX68SJs2S0,00007,3.85024852015974,2.368
train,pretrain,iyfdWsa1zns,00010,0,pretrain,KvQRF6PKojA,00001,1.3754574844843859,3.456
train,trainval,LLmhQmicusM,50018,0,pretrain,0tVGSTxcsSU,00014,1.252597289677908,4.224
train,pretrain,mDSuP2BsVy4,00033,0,pretrain,NuJg8auo7FE,00002,2.398090452027544,8.256
train,pretrain,Zx8uYIfUvh4,00040,0,pretrain,5pIGDw18mIQ,00010,-6.286117957281212,8.384
train,pretrain,O1j2A6ndEio,00016,0,trainval,1sE96vd8W40,50018,-4.469057807346177,2.048
train,pretrain,nLecuOcB3dA,00017,0,trainval,gmjSazFbpkA,50017,-9.130534841909812,6.08
train,pretrain,pmKNXZmfIMU,00015,0,pretrain,y1yK36RMyRE,00008,5.203127139482081,5.056
train,pretrain,szU2S1infqc,00003,0,pretrain,4VDYo4k3xKk,00013,6.269873736893803,4.096
train,pretrain,lUHy84tSDrA,00014,0,pretrain,wYCSHKl4RPU,00008,6.330024881172655,3.648
train,pretrain,5Dn08yo9aiM,00014,0,pretrain,dhMoQrLEJe0,00003,4.230149561891478,6.656
train,pretrain,Ligs82S0qN8,00006,0,pretrain,3p3Svl9VFYU,00004,7.586080560481086,3.776
train,trainval,oDdcx5luv5s,50002,0,pretrain,lbBDoFp2HIQ,00013,3.3309049655761243,5.76
train,trainval,csnxJFQw98k,50002,0,pretrain,6E3zVSCSGYk,00019,-2.381497334959384,2.048
train,pretrain,cj5LZBmiQu4,00029,0,pretrain,6EghiYSs2ts,00044,8.019765407511084,6.848
train,pretrain,ZhDgwrKSBWQ,00005,0,pretrain,WoS7PGFjwDQ,00002,5.085594786868148,13.696
train,pretrain,pi4JOlMSWjo,00004,0,pretrain,4EUAMe2ixCI,00002,-9.579891843080201,4.416
train,trainval,ISjk9ni4XWk,50007,0,trainval,a4PUlSHZvf8,50001,-2.481989953545966,3.584
train,trainval,ST4JS67J0Y4,50018,0,pretrain,ppZ2WIlRvR8,00020,3.0798930215540494,4.224
train,pretrain,m45SshJqOP4,00022,0,pretrain,zWxFhFZJDks,00004,5.6375001034711065,6.144
train,pretrain,sNbGUSI9HWw,00043,0,trainval,HCG1petekXw,50013,6.416971910740671,4.48
train,trainval,7p4zw4SqgUw,50003,0,pretrain,XKc9MJDeqj0,00020,9.5017226833112,2.944
train,pretrain,CqasLvlSWGU,00004,0,pretrain,MKKGS38vCO8,00005,-5.971490991710347,15.616
train,pretrain,TYFH0DSjyqc,00023,0,pretrain,UVZyVz8gBeQ,00006,2.1593433165006566,4.608
train,pretrain,vvEH93EQiKg,00007,0,pretrain,Kaq7FhvOtE0,00017,-5.579212028730995,8.576
train,pretrain,KOIsqRgJ3XM,00013,0,pretrain,mS8tQSTYLgk,00013,8.478277540508525,3.008
train,pretrain,pWX1oQEGl90,00005,0,pretrain,urntcMUJR9M,00029,9.18573686899277,9.088
train,pretrain,8tEuaj4h8dw,00013,0,pretrain,RxyQNEVOElU,00007,5.4033541444815665,3.072
train,pretrain,2dRlssVF7fc,00002,0,pretrain,ZmSF9gVz9pg,00023,-7.146801625451968,8.896
train,pretrain,3EvQGpQtX8o,00001,0,pretrain,Zwwanld4T1w,00016,-8.982299503566527,6.72
train,pretrain,ImQrUjlyHUg,00066,0,pretrain,GDts2SbyuXE,00004,1.1551866939337696,6.4
train,pretrain,1HIxnTruN78,00016,0,pretrain,1OQkdRdfyjI,00023,-6.845040945938184,3.2
train,pretrain,nzj7Wg4DAbs,00006,0,pretrain,zHuH8PSVqc0,00008,4.010471971649691,8.448
train,trainval,I1cGiNnJZgU,50004,0,pretrain,AFRmGkdXkxA,00025,-2.1067812946987967,5.056
train,trainval,CHxhjDPKfbY,50020,0,pretrain,lkVYV2P8dQE,00016,9.588214829777876,5.952
train,pretrain,USmTQeKRaP4,00006,0,pretrain,FzApYQDIXlg,00030,-3.2078995424876977,7.68
train,pretrain,KTvSfeCRxe8,00013,0,pretrain,3sZDmOducck,00006,-8.9172153071483,7.616
train,pretrain,TBIL2sdfoVc,00037,0,pretrain,fbeFn1Xcqo4,00023,3.750097640706393,5.376
train,trainval,P4pKrxVcvJc,50013,0,pretrain,7SfRgg9botI,00005,-6.98542082769915,5.568
train,pretrain,haA6QtH0PIc,00015,0,trainval,qx6KKSeT4qw,50004,-5.155029257327013,4.416
train,pretrain,LWULB9Aoopc,00058,0,pretrain,DZT6YpCsapg,00040,5.500139938664395,6.208
train,pretrain,mDSuP2BsVy4,00038,0,pretrain,rSfHY43qLWs,00003,-7.087578698396468,6.144
train,pretrain,PY9DcIMGxMs,00027,0,pretrain,TM4HiNOhkM0,00010,1.0232890857334027,4.736
train,pretrain,lV3trdyDdHE,00050,0,pretrain,3M29BY86bP4,00005,2.981597160984016,3.648
train,pretrain,kWnsmzSSgdI,00029,0,pretrain,rGgoCm1hofM,00021,-7.420090066629839,5.504
train,pretrain,4a6ZRstYlgw,00017,0,pretrain,jSdBXFkQ3S8,00003,-8.187340969932436,2.112
train,pretrain,XS85KAYKOT4,00013,0,pretrain,GROCkg810R0,00025,6.0318671244846875,5.12
train,pretrain,gWPFJgLAzu4,00014,0,pretrain,eNC1h5H5cJA,00002,-8.052768068854624,7.168
train,pretrain,GP4sBGbeF8w,00013,0,pretrain,SrqmuYvk3iQ,00025,3.6095387585737164,3.648
train,pretrain,DlGUSNXOdpQ,00004,0,pretrain,ZJXxySanins,00019,-3.5978464509930603,5.184
train,pretrain,9IgOVOPLTYI,00018,0,pretrain,jTfGAHroSSI,00006,0.9763537525664319,2.944
train,pretrain,7LcSdlVrg5M,00033,0,pretrain,YeXcNpVkezI,00008,-2.1313396043076853,5.248
train,pretrain,zsLz0mRmEG0,00010,0,pretrain,zIwLWfaAgS8,00055,-8.764282180994226,4.096
train,trainval,MLZubXfClL4,50001,0,pretrain,w2mJMS09Qjk,00014,-2.146262458965074,5.696
train,trainval,kCOV51S7Xqg,50002,0,pretrain,mgBsSW5CFnw,00012,3.0165545855321714,5.12
train,pretrain,8jPQjjsBbIc,00029,0,pretrain,UVZyVz8gBeQ,00017,-7.947042963089849,8.32
train,pretrain,KIysMV9wbVY,00004,0,pretrain,ROW9FSc0kIQ,00013,-7.554068316296025,9.856
train,pretrain,vFPkEIGUofc,00018,0,trainval,s9jsZPeqFCw,50003,7.508296104931446,3.52
train,pretrain,cpsRAk5HpK4,00019,0,pretrain,SRKgDP1YPUo,00011,4.0387488227546235,6.4
train,pretrain,DSbtkLA3GrY,00040,0,pretrain,FjnGdiqk96Y,00017,-1.290818886155927,5.248
train,pretrain,56WGgJNBRxQ,00047,0,pretrain,pF72px2R3Hg,00005,-1.2123806249566371,3.712
train,pretrain,31iuh9pfFwg,00004,0,trainval,URSuWwvpn5c,50005,-3.055121631858153,3.648
train,pretrain,8C2t8P809x8,00013,0,pretrain,KDBcoRLkut8,00001,7.116147146803723,3.712
train,pretrain,B12syeJflbQ,00025,0,pretrain,5pW2b1vwwf4,00048,-1.484621506729681,6.528
train,pretrain,sLiM2SizFl4,00046,0,pretrain,CypPMzZinys,00011,2.654719384552447,10.496
train,trainval,P2dlq8ZqjDM,50003,0,pretrain,zYhgy5ouYLM,00027,-5.392472393460787,3.008
train,pretrain,qEZmFR1WS7g,00015,0,pretrain,0GL5r3HVAZ0,00031,3.0894171070420473,3.584
train,trainval,xY7kVVS2HVY,50031,0,pretrain,gypAjPp6eps,00031,4.362706228506871,4.416
train,pretrain,3rbVQNTzCh8,00027,0,pretrain,qKJv4S5peJQ,00004,-4.120330584289182,7.616
train,pretrain,mgBsSW5CFnw,00002,0,pretrain,RjgBko1p5wY,00008,-4.260471919045596,4.416
train,pretrain,xnovQVRHj5c,00032,0,pretrain,rQSSSLRpsVs,00001,9.922757907661062,5.376
train,pretrain,uSMqkSqSgN4,00029,0,pretrain,cf3zxHuSM2Y,00050,-1.1966227690470674,7.936
train,pretrain,rufeSSlZJg8,00027,0,pretrain,HQzXqjT0w3k,00013,1.2104905876734335,5.824
train,pretrain,IfqdMoKVIR0,00020,0,pretrain,Zq7QPnqLoUk,00039,-7.899604584106463,7.296
train,pretrain,79zra755WgA,00004,0,trainval,DZyaRAVcYuY,50001,3.1130667419648717,4.352
train,pretrain,v84pD2g3gSk,00014,0,trainval,tqf607N19Is,50018,-6.564725082746985,6.08
train,pretrain,njVJz0wZUfI,00003,0,pretrain,3SdJP2JCSDY,00005,-4.909587659898376,9.408
train,pretrain,NMfXycr7SOU,00017,0,pretrain,3sZDmOducck,00001,1.8655891278259062,11.968
train,pretrain,w2itwFJCgFQ,00017,0,trainval,CpaFX6Ei0nU,50020,-7.5079673099434086,4.736
train,pretrain,6ZiN9ZJT294,00004,0,trainval,sJKFyDbWVqA,50019,-6.498703626084124,6.208
train,pretrain,ZCRC5S0kfiw,00013,0,pretrain,fDV4fDWUo6U,00013,-3.0456902920112716,3.648
train,pretrain,7hFy02TSH4U,00017,0,pretrain,rTJpJlVkRTA,00022,-0.7772964262022519,6.464
train,pretrain,y1yK36RMyRE,00015,0,trainval,tbicAmaXYtM,50019,-2.709698859706336,6.144
train,pretrain,5tUnSuoYKoE,00014,0,pretrain,OOG65rSM5fA,00011,-7.235313422114267,3.648
train,pretrain,GIt6Z0k3PQo,00023,0,pretrain,B1dkma6GRZo,00004,-7.373613553001139,5.696
train,pretrain,saXfavo1OQo,00027,0,pretrain,ydzNAuqUAnc,00006,4.465548116019711,6.912
train,trainval,uHs2Auz5s6w,50003,0,trainval,vSONFixSe4k,50003,-7.436449478415992,3.84
train,pretrain,LoXAAEy6YQU,00046,0,pretrain,luoKOkTxOtU,00014,-3.0347727612837065,3.136
train,pretrain,buhMdC7MO0U,00031,0,pretrain,34a7UEzZdsA,00038,-5.518757221553363,5.376
train,trainval,tpODOkfrwyQ,50001,0,pretrain,Rf8qS8gbfrw,00012,-4.913249509711751,5.76
train,pretrain,LSdPxGLesE4,00019,0,pretrain,P4X9ZfEx9So,00005,-7.084172847528249,5.568
train,pretrain,4jUdCy6Vghw,00004,0,trainval,H6n3iNh4XLI,50056,2.1718111708982573,3.84
train,pretrain,4Rtfi4MSafA,00011,0,pretrain,nz0cAjXVepg,00004,3.4002913423310037,11.648
train,pretrain,urOCGSMlB9g,00013,0,pretrain,fSmQIWnO3Ag,00006,1.1703858692653206,4.736
train,pretrain,Ka70SHb1wFE,00002,0,trainval,pASKEZ1bSLg,50002,9.675533201801361,2.368
train,pretrain,A60UTjiEp4c,00010,0,pretrain,W3SRjJtd6Eo,00016,-8.33780299938704,8.576
train,pretrain,2FMBSblpcrc,00008,0,trainval,XLi6iYnnsGc,50002,6.045989904086003,4.8
train,pretrain,rrkrvAUbU9Y,00054,0,pretrain,o08ykAqLOxk,00011,-1.4560044627250583,5.76
train,pretrain,2cYDyMnL4M8,00033,0,trainval,cj5LZBmiQu4,50004,0.5931235363939731,3.52
train,pretrain,BT2XlI8oeh0,00014,0,trainval,d0yGdNEWdn0,50003,-7.311683854248907,2.304
train,pretrain,0LxPAY9yis8,00008,0,pretrain,iyfdWsa1zns,00004,4.118475060407521,9.344
train,pretrain,bf7BXwVeyWw,00058,0,pretrain,7NJhq163t78,00001,1.047429579164337,4.096
train,pretrain,THJUvXkqmBk,00024,0,pretrain,4B2qC7PIHxs,00012,5.036775884252723,8.896
train,pretrain,19KkFCQz8WQ,00022,0,pretrain,ziGD7vQOwl8,00015,6.980735645169236,6.784
train,trainval,gZlzCc57qX4,50002,0,pretrain,pWX1oQEGl90,00004,-4.5742110274130905,2.688
train,pretrain,aIFFFGf1ZRE,00015,0,pretrain,Zx8uYIfUvh4,00009,-4.305461415230008,3.264
train,pretrain,mLufqwmPl1A,00001,0,pretrain,qS7zAkwAOYg,00003,-7.519315123782874,7.04
train,pretrain,SJyE40koQyA,00029,0,pretrain,Mpge4XQqfac,00005,-3.9036141065928582,4.416
train,pretrain,uU6o2SUFSEY,00017,0,pretrain,dE1DuBesGYM,00017,-4.8606842198924145,5.952
train,trainval,u7SWcQaoaRQ,50014,0,pretrain,1o9NEtA2IEQ,00006,7.223129672892288,3.136
train,pretrain,O4bGOvkkHcM,00006,0,pretrain,AIfBSkVI6NQ,00015,7.441814569515401,7.36
train,pretrain,OWq7ToR2U8Q,00022,0,pretrain,5nys6iebjHw,00014,-5.679552950232614,4.8
train,pretrain,jSaLUnl3qpA,00007,0,pretrain,FDhlOovaGrI,00031,-0.5097192038213905,5.76
train,pretrain,Yx2rjq1gSWA,00010,0,pretrain,d6PS4p3IXLQ,00019,-8.001864977928477,4.928
train,pretrain,B905LapVP7I,00014,0,pretrain,BGRy5VUSLfI,00025,-2.2502647206048376,3.776
train,pretrain,P65XdTlk4vA,00042,0,pretrain,6c0VtOdibcI,00004,8.329261082420999,3.2
train,pretrain,G6dfUFgKmN4,00033,0,pretrain,xSLkNjQyHww,00021,4.987542856062001,4.032
train,pretrain,BMcduh1HEHA,00005,0,pretrain,KqbRh4NIE54,00031,4.798775127534494,3.776
train,pretrain,3UFGqjWcVU8,00004,0,pretrain,PS6vDLq64gE,00032,-3.124852813440347,5.44
train,pretrain,mGBHC1R3e7s,00006,0,trainval,asgdGSGQBgY,50006,-6.413567407670813,2.24
train,pretrain,9SGSSQssNj4,00022,0,pretrain,SJmnB54WRgk,00013,5.650709150554542,4.992
train,pretrain,G2Y6Am46eVU,00024,0,trainval,tZYkjaKNrSo,50002,-5.325198643659162,4.416
train,pretrain,szU2S1infqc,00007,0,pretrain,CijsvAGU6Sc,00002,0.7791285575127027,6.08
train,pretrain,tTvIEUGCigk,00026,0,pretrain,gC1CVOn8JQk,00002,-0.8952804750674979,14.336
train,pretrain,yDYCf4ONh5M,00039,0,trainval,uHRG3Vr9qyI,50054,-3.3848442939675216,3.2
train,pretrain,XPAG3I8P34k,00001,0,pretrain,qVJBlW0j6tw,00007,-5.995788859279134,61.44
train,pretrain,T8VS0LUCgmk,00009,0,trainval,SJ0G1iCLzCA,50003,-2.5377633068793486,5.056
train,pretrain,vCCdmGKtxPA,00024,0,pretrain,HS8y0WLm78U,00067,-2.5287678017176045,4.16
train,pretrain,2KSP7HvSZwg,00017,0,pretrain,7DCofMA9eQA,00003,3.969363376496318,4.8
train,pretrain,ZmSF9gVz9pg,00002,0,pretrain,svNcoU59IQ0,00011,0.0459521059181629,7.04
train,pretrain,UxLRv0FEndM,00024,0,trainval,9ebJlcZMx3c,50004,0.527946926699725,3.52
train,pretrain,dY9f9bFctUE,00005,0,pretrain,wQ0NNmo42SA,00001,-0.7069998137689062,4.608
train,pretrain,B4a0NvLTebw,00013,0,pretrain,SgYvy71CSSA,00019,3.8799224550750004,5.12
train,pretrain,NRcPXtqdKjE,00054,0,pretrain,oPpE0AGqFuk,00031,-3.2809183091207483,6.272
train,pretrain,TT6qWghHkFI,00021,0,pretrain,rufeSSlZJg8,00029,3.6354447417095965,25.536
train,pretrain,SSV07QKguBI,00001,0,pretrain,az5vU9CT4CY,00037,-0.07251078356564378,5.568
train,pretrain,R9g3QSqvtss,00018,0,pretrain,tF1oSdNwE8c,00024,8.37905453398642,3.52
train,pretrain,ddw1S3ZVjTE,00005,0,trainval,pQcFJSo3jpw,50004,-1.5791943628961356,5.696
train,pretrain,IRxgDMSp9Gs,00003,0,pretrain,j3qs0q4RBHY,00012,-4.54710357461453,4.736
train,pretrain,rSSSsisz2SM,00010,0,trainval,q2k2Xbfuy1I,50006,-0.33494736151313376,6.016
train,pretrain,K9SQUZbAIoY,00005,0,pretrain,c00zfzk4gdg,00003,-6.810565448810307,5.504
train,pretrain,IRVdiHu1VCc,00068,0,pretrain,HXGwJevjOfs,00006,4.804824171871376,4.352
train,trainval,mjUsobGWhs8,50001,0,pretrain,N2HgOWBXyc4,00011,-5.162376901447827,2.688
train,pretrain,1O2l1dcSohA,00016,0,pretrain,wz0mlDELSo0,00006,-6.637544307552994,14.016
train,pretrain,0tqq66zwa7g,00011,0,pretrain,dY9f9bFctUE,00010,-0.1753747908965142,3.52
train,trainval,c6mhFgAjqwA,50006,0,pretrain,CstD6O95LSo,00013,1.2888722207327596,6.208
train,pretrain,Se8kcnUSuZw,00016,0,pretrain,fw01Sq0cxM8,00016,1.3196037117579618,3.648
train,pretrain,9IgOVOPLTYI,00016,0,pretrain,cf3zxHuSM2Y,00042,9.139101298661082,3.392
train,pretrain,mS8tQSTYLgk,00011,0,pretrain,VoCOzuWOgSY,00003,-8.382850924257905,11.264
train,trainval,3E46oWB4V0s,50001,0,pretrain,wD3S6JIUF7M,00001,1.5673064965210326,6.208
train,pretrain,SyjbDUP1o0g,00017,0,trainval,aiDSQyFdd68,50008,6.613944841300114,2.304
train,pretrain,C14bXC7zi84,00007,0,pretrain,7c5t6FkvUG0,00011,-0.5529008822351393,6.336
train,pretrain,lzSkIDxbzGA,00015,0,pretrain,fqJAeReFr8I,00023,-1.9362000380839088,4.48
train,pretrain,dv3E6ESTp30,00011,0,pretrain,ok54sSWquT4,00008,-8.831256004260304,4.608
train,pretrain,3sWTLAS0m9U,00006,0,trainval,LyOgVtNtEb4,50002,5.7531148804731185,4.096
train,pretrain,SyjbDUP1o0g,00007,0,pretrain,bvAEJ8G9l9U,00014,-4.054169850823913,4.928
train,pretrain,Zq7QPnqLoUk,00062,0,pretrain,AS3Pyc4Qr2Q,00029,-5.644571755254512,6.08
train,trainval,gWPFJgLAzu4,50016,0,pretrain,Rz8m1yDE0ms,00010,7.678101822839004,5.44
train,pretrain,SGnmDWtyhAs,00032,0,pretrain,H2vN2QXZGnc,00028,9.833854071095203,17.536
train,trainval,MZbhgk4S7dA,50003,0,pretrain,cC0KxNeLp1E,00020,4.964368959293402,3.328
train,trainval,nPGVm6OesQk,50007,0,pretrain,SbgwDk7A4as,00016,7.016892252761821,3.776
train,pretrain,oJfFMoAgbv8,00033,0,pretrain,SKx2lfobPuU,00001,-2.098068254355871,3.84
train,pretrain,zA6SpcEz8Ls,00014,0,pretrain,rcdwNSDSTl4,00006,7.735179949371069,5.952
train,pretrain,yDubrSRjlCE,00048,0,pretrain,GjYt5uQPu8o,00002,0.10065890459696014,6.016
train,pretrain,DWoAShyDSsY,00007,0,pretrain,SjaWs87t5UM,00038,9.824355672629792,8.384
train,pretrain,ofsncCF9OSU,00074,0,pretrain,G8cjIBwP52o,00007,-5.3243877574305,5.12
train,pretrain,sodSeJBf9Y0,00020,0,pretrain,SyjbDUP1o0g,00007,7.28006060810667,4.096
train,pretrain,qykDS2AXKIU,00027,0,trainval,lkVYV2P8dQE,50005,6.4545721247989825,6.208
train,pretrain,oVw7HSe9Igo,00001,0,pretrain,8gSAkUOElsg,00052,-8.038060192282702,6.528
train,pretrain,PXHczjOg06w,00004,0,pretrain,5OISkgjSjkA,00005,6.121361049890563,8.896
train,pretrain,uXlSmKZ7aSc,00025,0,pretrain,OmMv9tShW8k,00038,6.85180646981566,12.992
train,trainval,T33vGEPLSwg,50005,0,pretrain,p9UC0chfXcg,00012,-0.9270000919440804,6.144
train,pretrain,T9vLHFza8Uc,00026,0,pretrain,nC06omDS0kA,00020,3.641987427393879,4.672
train,trainval,WzDygsn0Djs,50005,0,pretrain,D089tSF9yUU,00009,-4.548514495557397,5.568
train,pretrain,lrYx7HaUlMY,00022,0,pretrain,UY2tyuSOcyo,00016,1.520385999510534,9.728
train,pretrain,whjLZogf9e0,00023,0,trainval,9EVEmZ2cSes,50009,2.979544858436716,5.504
train,pretrain,SAm3gtFB8xU,00018,0,pretrain,NXfYNdapq3Q,00007,-2.258545820312168,4.416
train,pretrain,NXfYNdapq3Q,00038,0,pretrain,s3IPatkuByA,00004,-3.545857743550216,3.904
train,pretrain,gK2AkxzFeDM,00020,0,pretrain,KTvSfeCRxe8,00046,-7.890427423102162,5.76
train,pretrain,BSiNIZ6zZqY,00007,0,pretrain,4BwSMSCFdu0,00052,6.510674228059511,9.856
train,pretrain,d6wGSsAdP0U,00004,0,pretrain,3dqXHHCc5lA,00024,-5.894622091655137,7.488
train,pretrain,u4iOeHXObok,00001,0,pretrain,GlpGBSBpxOE,00035,-7.990774697548302,8.896
train,pretrain,iRsCUJxIrVM,00003,0,pretrain,t1ZSoufuQg4,00007,1.2022008437256702,4.096
train,pretrain,A9kQBAH1nK4,00001,0,pretrain,AFRmGkdXkxA,00010,9.575117033297754,4.16
train,pretrain,nncPtxLCPrE,00004,0,pretrain,eyBEIx7fCfY,00012,7.218552258827696,4.48
train,trainval,CEN4XNth61o,50001,0,trainval,In6iAXTnqEo,50005,5.505705754220621,2.816
train,pretrain,zSWppsceZ1c,00016,0,pretrain,VObLitSe3K0,00017,-6.50312075254212,5.184
train,trainval,iOByGJskqks,50002,0,trainval,5tUnSuoYKoE,50007,-4.619586794896793,3.52
train,pretrain,PcQwHHbjZ0A,00034,0,pretrain,B1dkma6GRZo,00033,-5.231942971286516,3.648
train,pretrain,fw01Sq0cxM8,00030,0,pretrain,Y9DsAmzNkWk,00015,0.11821002580360407,7.488
train,pretrain,q06YIWCR2Js,00022,0,pretrain,AOEQ9GteWbg,00029,-5.827079390966472,3.584
train,pretrain,OSGHRMKrVM8,00018,0,pretrain,qty0NjF3pdQ,00023,2.719518647787968,8.064
train,trainval,LNohxpJntZo,50009,0,pretrain,q9Ou0cj3fF8,00015,-2.7367929993454503,4.992
train,trainval,EBebWBjpWIQ,50001,0,pretrain,iAZwvTV3CyQ,00002,2.4585581215066163,3.648
train,trainval,IXBalykzauE,50004,0,trainval,SeJwaOCYWwM,50007,3.019272261621097,4.608
train,pretrain,fCKNScHMBGE,00024,0,pretrain,uFIc7XEVyM0,00023,-0.830132210821489,8.0
train,pretrain,HS8y0WLm78U,00083,0,pretrain,Qa2HpQI1Ufg,00020,0.15777790033143013,9.024
train,pretrain,bfAzi6D5FpM,00037,0,pretrain,s7R5Ty1XfqE,00004,-6.6235685364762364,5.888
train,pretrain,teVE3VGrBhM,00014,0,trainval,gWPFJgLAzu4,50004,3.9438410460764217,3.328
train,pretrain,dLmK4gZ0oz8,00005,0,trainval,hVsnkRoYfX0,50024,0.11554053257072106,3.328
train,pretrain,i1OAMgrsUUw,00012,0,pretrain,qAYqK9lAxic,00011,-1.9878626694359802,4.032
train,trainval,ZpT0cw9bmiw,50001,0,pretrain,kpfsQbFV5SU,00013,-7.354625691753771,2.56
train,trainval,u0VHC1SDOS8,50009,0,pretrain,cplaWsiu7Yg,00023,-5.027637397589779,3.456
train,pretrain,EiTrl0W1QrM,00049,0,pretrain,A27QjpQSIeo,00014,9.743514555204747,6.656
train,pretrain,0wpCZxiAQzw,00032,0,pretrain,L7CqpVQDL0E,00002,-6.193047681242798,6.4
train,pretrain,a4ZBzM3L6ws,00010,0,trainval,ME0OeqjnVAw,50005,-5.777913413415517,3.776
train,pretrain,SjaWs87t5UM,00031,0,pretrain,C44r6knuJtU,00005,-2.5581579796399723,4.032
train,pretrain,aUBawr1hUwo,00037,0,pretrain,PS6vDLq64gE,00027,-0.36340621863914,4.544
train,pretrain,3yfFwDq4R5M,00017,0,pretrain,XiSPD5aZT7Q,00007,7.423344897623593,10.24
train,pretrain,XKc9MJDeqj0,00024,0,pretrain,9ijS6iMi9gA,00001,-9.269103809454393,9.472
train,pretrain,rHbjwH2Blfg,00015,0,pretrain,CyElHdaqkjo,00005,-9.462000021053125,8.512
train,pretrain,8rzlrItooG4,00019,0,pretrain,aI8KiPiVLyY,00010,8.111605584469984,3.584
train,trainval,tTcl5I0Wbzk,50005,0,pretrain,bX32UShfri4,00003,-4.158477101488424,6.208
train,pretrain,AfnruW7yERA,00027,0,pretrain,8jPQjjsBbIc,00013,4.527605906908274,5.888
train,pretrain,Z41BTeAU7DI,00027,0,pretrain,mDSuP2BsVy4,00031,-5.823687650530904,11.072
train,pretrain,JaQNy0Ef4YY,00002,0,pretrain,XsvgWEdydDI,00006,1.6759286983527772,14.784
train,pretrain,9YeQi5Zqy1I,00026,0,pretrain,wOiKRVH0nQ8,00010,5.5934548972281775,4.992
train,pretrain,DSSAz5nZBBM,00030,0,pretrain,Un2yBgIAxYs,00010,3.836394463689711,3.648
train,trainval,DSPWxjBgvF4,50038,0,pretrain,QfODW06Qi8E,00003,6.965267156529961,4.864
train,pretrain,SSJkV8IzsZA,00021,0,pretrain,vSONFixSe4k,00017,1.585760803191505,3.392
train,trainval,YSmJDnSemqY,50006,0,pretrain,F2dFiK3wkRA,00040,-7.140770660194495,3.648
train,pretrain,Z1R1z9ipFnM,00011,0,pretrain,TjaM0tdxtYA,00024,-1.7877297228065068,4.8
train,pretrain,ISjk9ni4XWk,00001,0,pretrain,i1OAMgrsUUw,00010,-6.187146003878789,7.04
train,pretrain,hFgPtuzgw4o,00055,0,pretrain,i2a8pDbCabg,00007,-9.720994267781208,19.52
train,pretrain,WpEjt71l08I,00015,0,pretrain,I9tB6Q5bmcQ,00015,-3.302609342450859,6.272
train,pretrain,UG2zHhgfAW0,00026,0,pretrain,dY9f9bFctUE,00048,-0.2642928984573789,4.928
train,pretrain,ydZfSuzSHu8,00019,0,pretrain,Tg35UfOJhe4,00011,-3.8955019626489795,8.896
train,pretrain,xbWcLYOniWU,00021,0,pretrain,nvSSeGObF4w,00003,6.000744511526328,13.12
train,pretrain,7Wc8t26OSxw,00004,0,pretrain,MoSmgcxGYYE,00057,5.21640568157242,4.8
train,pretrain,AlCqyZEXM1I,00001,0,pretrain,ELET24AHnEg,00003,-1.9165597332431812,5.376
train,trainval,F2hc2FLOdhI,50001,0,pretrain,vwhSTukb07U,00027,5.302088510345953,4.288
train,trainval,qaue72D9pSI,50004,0,pretrain,k4vzhweOefs,00075,2.799905846544373,5.568
train,pretrain,0FkuRwU8HFc,00032,0,pretrain,M7gB1OxksUM,00015,-3.5493429187160146,7.296
train,pretrain,VqtEppZmjfw,00029,0,pretrain,5XD2kNopsUs,00027,6.2271277780520435,4.608
train,pretrain,a3im2S5mQCM,00008,0,pretrain,Y350oOiunf4,00017,-7.8153266857953,6.208
train,trainval,v3oSF94S4FI,50006,0,pretrain,4c1lqFXHvqI,00021,-8.733512584817317,2.176
train,pretrain,avuhY7D71sQ,00004,0,pretrain,eJb3Z2RmRMo,00008,-6.649984360818686,3.52
train,pretrain,XFOkSdlPafQ,00019,0,pretrain,jFG7jqJXbno,00034,9.678699705289745,10.496
train,pretrain,BYeYVuqD8kU,00011,0,pretrain,LSGfqyhleUA,00034,-9.72830822984049,6.976
train,pretrain,0x2SkWRB8SA,00033,0,pretrain,nUdsTizSxSI,00022,7.603373782712165,6.656
train,pretrain,wSF82AwSDiU,00003,0,pretrain,apbSsILLh28,00071,6.647899875603716,6.272
train,pretrain,JD4O7ama3o8,00027,0,pretrain,R5PHGMRoZMA,00004,-3.9165464761054603,4.288
train,pretrain,qrNDkRHAA4E,00034,0,pretrain,fmxNuVDJZEY,00004,2.9187415855195056,4.288
train,pretrain,ogeGJS0GEF4,00006,0,pretrain,VM6HZqQKhok,00025,5.34331645996245,8.0
train,trainval,S47ZRF02Cyo,50011,0,pretrain,7JVTirBEfho,00030,7.804950180170511,2.56
train,pretrain,N39xSWTPix0,00014,0,pretrain,9E3a0HSXcSg,00003,0.27405145747790627,14.528
train,pretrain,ufJ7sOtuFd0,00016,0,pretrain,SZSul0GzzM4,00027,-7.251584085872514,4.608
train,pretrain,OibJT7GSwyo,00018,0,pretrain,HS8y0WLm78U,00087,9.304669151827628,3.072
train,pretrain,jSOPQgPIdKg,00003,0,pretrain,ty5QtslaAHM,00022,2.6852881754697595,4.224
train,pretrain,zvvZEIGNLo0,00022,0,pretrain,LSdPxGLesE4,00056,-0.16420568268704727,5.056
train,pretrain,eNC1h5H5cJA,00035,0,pretrain,vRK7KKQH9Ck,00006,9.469372255538936,7.808
train,pretrain,NRcPXtqdKjE,00028,0,pretrain,yRUCU5FsvTY,00026,9.813133019896057,3.52
train,pretrain,cI9vSC1eQ18,00022,0,pretrain,X1LtIS8VGkk,00009,6.13769451568632,5.248
train,pretrain,osBbP6Om4Mg,00016,0,pretrain,4AaSUyfNN4c,00014,-0.9030164857038727,5.824
train,pretrain,H74XsXCjKA8,00007,0,pretrain,4bHO8NZwmIg,00046,-2.722094097772767,12.608
train,pretrain,IkJSZGQaeak,00033,0,pretrain,HJqtUUDhaxA,00023,-0.8202293970668535,3.968
train,pretrain,4c1lqFXHvqI,00020,0,trainval,esPRsTSlmw8,50008,7.843095282202402,2.368
train,pretrain,URSuWwvpn5c,00019,0,pretrain,49aWAHqi200,00002,-1.953653515451748,11.328
train,pretrain,pWX1oQEGl90,00015,0,pretrain,HyZV8Ql1PI0,00016,-1.9384383385999566,10.496
train,pretrain,lyRSK2CZIHQ,00023,0,pretrain,SY78HMlWo6k,00006,4.081802710904652,14.72
train,pretrain,apbSsILLh28,00065,0,trainval,gLgNjywpKsY,50001,-0.49784931146568745,3.264
train,pretrain,Qd7PiXg5fKE,00011,0,pretrain,E2qmkUsf6Y4,00015,-4.534405361717493,6.208
train,pretrain,CsqSDpmgsQg,00025,0,pretrain,W4zepOS7dgk,00015,4.52143248452521,7.36
train,pretrain,BGRy5VUSLfI,00007,0,pretrain,YsXg3J1x4OY,00005,3.5960062877638084,5.76
train,pretrain,OLHh9E5ilZ4,00027,0,pretrain,VLe84OkwKOA,00001,3.842390473620597,6.336
train,pretrain,tlS3r8Gid90,00016,0,pretrain,NAcuH7nSdLc,00006,-7.64647923997283,7.872
train,pretrain,AfljJGTVcKE,00004,0,pretrain,fmZSIr2Z29s,00015,8.119919896963602,21.632
train,pretrain,UUkAGboDMwI,00015,0,pretrain,mJxA8eIWQUc,00043,9.234319052984809,6.336
train,trainval,SCEKKHyxgaw,50007,0,trainval,6fJRmouSDL4,50013,-4.766129147566398,4.608
train,pretrain,bGBamfWasNQ,00001,0,trainval,MtSE4rglxbY,50038,-0.13171364511525496,3.52
train,trainval,vo2cse4CoGM,50009,0,pretrain,0x2SkWRB8SA,00032,7.900600567966954,5.568
train,pretrain,jh7TYJHec2s,00004,0,trainval,Y0UB6g8Rsyw,50007,-6.0692604967179005,6.208
train,pretrain,U23gPSGhW1w,00011,0,pretrain,LHd0vXDglb8,00017,0.5097457251224107,6.848
train,pretrain,P65XdTlk4vA,00033,0,trainval,MBZyRlxVdSE,50001,4.304430217085089,2.816
train,pretrain,imhUmLtlZpw,00029,0,pretrain,WpldYJ3sSIo,00005,-4.482628319563807,8.0
train,trainval,1sgb2cUqFiY,50007,0,pretrain,j4LSwZ05laQ,00003,3.88193151892189,3.136
train,pretrain,78nsxRxbf4w,00017,0,pretrain,vcfrsYWFR78,00016,8.801885419637127,4.416
train,pretrain,5nys6iebjHw,00015,0,pretrain,5MgBikgcWnY,00031,-2.6433944999920422,4.416
train,pretrain,voLcX6SpF9g,00009,0,trainval,u0VHC1SDOS8,50004,-9.82339397318455,5.952
train,pretrain,mpqrO2agOTs,00007,0,pretrain,DeUDQo1sYAw,00002,0.20694020194409468,8.192
train,pretrain,BR9dbjubfuU,00018,0,trainval,Qt1RPkbF4o4,50007,5.46425625883426,2.432
train,pretrain,vZWokpaQ3NE,00006,0,trainval,W4I68CGUV3w,50012,-0.48798875433793576,2.432
train,pretrain,4c1lqFXHvqI,00027,0,pretrain,rOVkASt39Uc,00020,-9.500671493818004,3.136
train,pretrain,3F2jACWwKdU,00039,0,pretrain,F73O3Sim0Wo,00003,8.14817851380895,3.968
train,pretrain,iU1bhHeCkoU,00023,0,pretrain,2L4BSVpvx1A,00022,7.5965121230394175,6.4
train,pretrain,HjSGqwAFRcc,00007,0,pretrain,AHfiKav9fcQ,00013,-0.8603137481463712,13.44
train,pretrain,VC0taBVUF2o,00008,0,pretrain,30KJRb4MzSg,00025,6.026906153299809,3.648
train,pretrain,0MYq1WJMmts,00007,0,pretrain,ysln0YyjUok,00001,8.598920363545382,11.264
train,pretrain,ema8O7xqjvk,00023,0,pretrain,9jRkACywckE,00009,-8.274840349153052,3.52
train,trainval,4BwSMSCFdu0,50010,0,pretrain,7JsNH7A4qM0,00002,-3.8666246334062233,4.8
train,trainval,N37x4GgDVBM,50019,0,pretrain,zStF2WEZMSs,00027,-2.76580967113987,5.632
train,pretrain,3UFGqjWcVU8,00017,0,trainval,OKNpguWW3Sk,50004,-0.26986006931631934,5.248
train,pretrain,PGsQwAu3PzU,00043,0,pretrain,8n5O9tz30So,00016,2.602579136338081,5.76
train,pretrain,7rVK0VYPWHk,00001,0,pretrain,NgbqXsA62Qs,00003,-7.58382422227595,5.76
train,pretrain,Uq1idqpX9SA,00033,0,pretrain,dFC2pSkETas,00019,3.251811038545984,4.16
train,pretrain,EEWTNYovKfE,00005,0,pretrain,WfjzkO6SDEI,00020,-7.493188603206791,6.976
train,pretrain,e8JK3qVGuUg,00011,0,pretrain,40ieXxoJwZw,00005,0.21218232181830032,4.032
train,pretrain,WzDygsn0Djs,00011,0,pretrain,mS8tQSTYLgk,00010,7.7078512821263345,11.008
train,pretrain,dsmgvrcH94U,00014,0,trainval,nVEvzeIXbpk,50010,6.1936681386657355,2.048
train,pretrain,IhoRGJlSs8M,00008,0,pretrain,2j00U6lUCSc,00027,6.982610020864794,11.584
train,pretrain,VUT6GQveD0E,00009,0,trainval,nPdUMWGWE28,50007,7.285333935880381,2.176
train,pretrain,80USSKwX0iU,00018,0,pretrain,3oXGJmZpzys,00003,5.092233823810554,36.16
train,pretrain,gVSyVSIybBM,00002,0,trainval,qG6SnAIinj0,50017,3.7534915611088255,5.888
train,pretrain,QekbuidfQKo,00007,0,trainval,iNOE0dZpHcY,50007,-8.251745703999411,3.456
train,trainval,kvpUiBqHoVM,50008,0,pretrain,XGq3MXQlRJs,00003,-7.057011244649846,6.208
train,pretrain,Cv8ttNerBEg,00001,0,trainval,j4LSwZ05laQ,50002,8.188061739833984,4.352
train,trainval,QYGO5tepBLY,50001,0,pretrain,YzQDnTPuNZM,00002,-8.211881020227578,6.016
train,pretrain,Z9dt5qlgO24,00002,0,pretrain,q4TJEASZRys,00020,-6.7773858942772724,9.152
train,pretrain,uFIc7XEVyM0,00016,0,pretrain,erCApSBd0AQ,00004,8.015250041089093,3.136
train,trainval,fXf3CCyhLGU,50001,0,trainval,iCvmsMzlF7o,50019,8.017435939392119,2.496
train,pretrain,qm0isl11BfY,00008,0,pretrain,W0WOfMeWvsQ,00004,-1.2253941456202977,5.184
train,pretrain,UQkIbUvcs7w,00001,0,pretrain,vSONFixSe4k,00021,-8.830948285418822,8.896
train,pretrain,ZdvUktSa1I4,00009,0,pretrain,BCvzpm4d2gs,00003,6.609704432440875,3.84
train,pretrain,y9Trdafp83U,00044,0,pretrain,2Hen0zqMA7M,00002,-2.8471124265787733,8.896
train,pretrain,KTTtn0iSZyA,00018,0,pretrain,ldhppc7GmZg,00012,-0.27238970838151033,4.48
train,trainval,nn5k4snG3rA,50019,0,pretrain,SUkVcmKZyyQ,00019,-6.382157381865154,4.096
train,trainval,ZCS0MZuVBwE,50007,0,pretrain,cF2dhWWUyQ4,00020,2.3690667629996867,6.144
train,pretrain,YWBwsS3lkXU,00024,0,pretrain,3GVOSMfIl1Q,00001,-6.861795283369229,3.392
train,pretrain,UqyOedEHIrw,00007,0,pretrain,3QZp6smeSQA,00014,1.196737789685418,3.712
train,pretrain,qvEU36woPB8,00009,0,pretrain,WtLMST8TyeY,00018,7.842933627020599,3.456
train,trainval,p7YRnLbmLGs,50006,0,pretrain,H03o2WCBoDU,00006,1.7101206277564156,4.928
train,trainval,kpfsQbFV5SU,50005,0,pretrain,tpODOkfrwyQ,00010,4.965817016519152,2.304
train,pretrain,4c1lqFXHvqI,00045,0,pretrain,yrcaHGqTqHk,00006,-0.9100019473579319,4.416
train,pretrain,yBFCSRtfTfg,00002,0,pretrain,KQbTvFHymLc,00035,-2.813044200916284,2.112
train,pretrain,2m9kC1yRnLQ,00034,0,pretrain,DSSAz5nZBBM,00014,1.237725871369351,5.248
train,pretrain,snkrS1C2e7U,00001,0,pretrain,gyPoqFcvt9w,00019,8.497942983425077,18.176
train,pretrain,VbeovM4RCh4,00028,0,pretrain,bKQA6I4BA7o,00016,2.9717098279036804,5.824
train,pretrain,lv9QDjw8GJk,00022,0,pretrain,JXXvIMKPHYg,00008,-8.734509402024191,10.88
train,trainval,2Oe6HUgrRlQ,50054,0,trainval,WvvuLDX7iIk,50003,-4.5247143996184835,2.048
train,trainval,guXxy8LH2QM,50004,0,trainval,folTvNDL08A,50008,-1.5103447170793274,3.2
train,pretrain,XS3m37czBfk,00010,0,pretrain,GDnYDLERnRE,00004,-8.177245549685011,17.536
train,trainval,6wk4dkYSrV0,50001,0,pretrain,UQkIbUvcs7w,00028,-8.387196757335921,6.144
train,pretrain,A3yBxsDv8lM,00010,0,trainval,cAGFKYNrQgY,50002,0.3760304003538337,3.136
train,trainval,T4SvurUIYI8,50011,0,pretrain,pSCefSAYqaA,00006,4.220523377026373,3.52
train,pretrain,jguSkEMwrcc,00017,0,pretrain,bC0hlK7WGcM,00009,7.467346340193853,5.568
train,pretrain,Y6U728AZnV0,00001,0,pretrain,qywLsqI5YeY,00004,9.192875399795273,5.888
train,pretrain,mMasmrJOmEo,00004,0,pretrain,weCFbknwZa8,00018,-7.403809512553481,7.296
train,pretrain,a17Z5Sk2XJY,00007,0,pretrain,5tUnSuoYKoE,00040,1.604362539764633,3.584
train,pretrain,kSR8G8mfp84,00024,0,trainval,Ftow7dSpaiY,50003,2.2567735609838238,6.208
train,pretrain,uCC3dS7FrkQ,00017,0,pretrain,boSGZ3qSAys,00024,2.7723596528047683,10.24
train,pretrain,AAkEYcmCCCk,00046,0,pretrain,OH0dK208MNk,00015,1.8843829986791754,4.672
train,pretrain,SMi3rHuK0c4,00008,0,pretrain,3nsoNSLS8RQ,00005,7.336628415272898,8.64
train,pretrain,bJ8Kq1wucsk,00017,0,pretrain,2m9kC1yRnLQ,00016,-5.287776525205324,6.336
train,pretrain,wZ2TF8SPGQ4,00042,0,pretrain,MD23gIlr52Y,00004,5.6637277898282345,3.968
train,pretrain,NRXCxJGQ4KY,00022,0,pretrain,93fJ33L9OKw,00013,-5.384077060294219,4.352
train,trainval,3E7hkPZSHTk,50010,0,pretrain,A4KMN9W4pRs,00007,-4.56023962116711,3.008
train,pretrain,qp0HIF3SfI4,00029,0,pretrain,ovV7v2XYJAI,00024,9.439079410971036,11.328
train,pretrain,r3L9n20myqk,00016,0,trainval,1oNlTrLIjU4,50002,-2.511341037630106,6.208
train,pretrain,rueQgStScw0,00020,0,pretrain,k4vzhweOefs,00011,-3.9150141573687574,4.288
train,pretrain,hWnZKAXSv3s,00013,0,trainval,5nrn5fC001Q,50008,-1.326058964375827,3.52
train,pretrain,q49LtMyXK7Q,00023,0,trainval,SdBPkbi4SR8,50004,-4.7489027162495745,6.08
train,pretrain,CbS6PPBJJB8,00011,0,trainval,LdjNw8SZc5U,50002,8.92136136660644,2.624
train,pretrain,gzcwS02ZB1o,00021,0,pretrain,sAMahX5hIgU,00009,6.249400177395049,8.0
train,pretrain,PrIvtWhI1DM,00010,0,trainval,lbBDoFp2HIQ,50006,5.728092701501446,4.736
train,pretrain,jSGzkjHtFiA,00023,0,trainval,2L1R7OtJhWs,50003,3.4827862298744954,3.84
train,pretrain,ygRNoieAnzI,00003,0,pretrain,vwTDeT4v7RM,00011,2.724595167910625,5.184
train,pretrain,LSGfqyhleUA,00015,0,pretrain,u9Lu85L111Y,00012,9.273915113299672,5.12
train,pretrain,qQIwTWJSd2I,00017,0,pretrain,1o9NEtA2IEQ,00004,-4.801821290229307,7.552
train,pretrain,nFSdHdNOgSA,00015,0,pretrain,bz3AtnMH7nU,00003,-5.435423741104075,4.928
train,trainval,LwSzyoYlIsA,50009,0,pretrain,11Mq9ZuxZMc,00009,8.479800436702014,2.496
train,pretrain,LH8MPbFoRjw,00016,0,pretrain,VynSxLrtZaY,00024,7.286361851090298,6.848
train,pretrain,A71OktxTPac,00001,0,pretrain,G8w4UQL6aI0,00032,-6.840732481727505,7.872
train,pretrain,fHfhorJnAEI,00008,0,pretrain,HpiZTvlWx2g,00022,-0.9576683784815039,8.832
train,pretrain,19KkFCQz8WQ,00027,0,pretrain,TureGeSxSew,00020,-4.028594465480671,3.84
train,pretrain,qp0HIF3SfI4,00024,0,pretrain,iRsCUJxIrVM,00003,8.748926713528203,7.808
train,pretrain,3vJ4SUH38dQ,00005,0,pretrain,qYvXkSbqlBk,00030,-0.5579768708951178,11.136
train,pretrain,zvwQXwJyaj0,00026,0,pretrain,N0vRIqeoefs,00007,-6.847035153652352,10.368
train,pretrain,d6PS4p3IXLQ,00019,0,pretrain,RKmxL8VYy0M,00007,8.867604431660357,4.736
train,pretrain,F0ofeD8VKMA,00039,0,pretrain,kpfsQbFV5SU,00001,8.085648978046088,4.864
train,pretrain,jVBp2nDmg7E,00013,0,trainval,DSPWxjBgvF4,50042,6.665416325005566,5.888
train,pretrain,Rz8m1yDE0ms,00016,0,pretrain,9vpqilhW9uI,00019,-9.122003986951938,9.024
train,pretrain,kTz52RWSbD0,00003,0,pretrain,0iTehgSOZ8A,00028,7.02123055522889,12.8
train,pretrain,uB2BTxu6cF0,00004,0,pretrain,sLiM2SizFl4,00049,-9.334736399582518,3.968
train,pretrain,6ibCtsHgz3Y,00007,0,pretrain,55n9pHSA0O8,00043,4.940497493700791,6.272
train,pretrain,RrFSO62p0jk,00014,0,pretrain,ZzugJPASNB8,00017,-6.93542053628299,8.896
train,pretrain,WkNpElapS9s,00014,0,pretrain,Tg35UfOJhe4,00007,-8.957832676027607,3.904
train,pretrain,4tQee2SJgUo,00005,0,trainval,v3SZTqj2Skw,50007,-6.642723128620345,6.08
train,pretrain,ZChEFOGSn8Q,00011,0,pretrain,oOE0kKteWkg,00012,-6.773677889533221,12.224
train,pretrain,lkzoQuzlW4M,00022,0,pretrain,SJ0G1iCLzCA,00007,-9.622453701248483,11.776
train,pretrain,RKK7wGAYP6k,00014,0,pretrain,qZRSPO8NtJc,00019,-0.4085492010020797,3.392
train,pretrain,KjKBOo5tFX8,00012,0,pretrain,lrYx7HaUlMY,00034,0.47476386614432364,4.352
train,trainval,1ZQmwVYNgPc,50003,0,pretrain,zwpiI18TBdE,00010,1.5989238012226856,2.752
train,trainval,AGivotqSrd0,50016,0,trainval,2Oe6HUgrRlQ,50073,-3.510159175477945,2.816
train,pretrain,xlggecnjOY0,00027,0,pretrain,GtXyGFMBWBs,00006,4.6522751287202375,5.504
train,pretrain,0C5UQbWzwg8,00037,0,trainval,QpmsftF2We4,50007,-7.220929906191267,3.968
train,trainval,S2OzLREwHtI,50005,0,pretrain,Nhx1SyXMwCg,00011,6.373245589717197,2.048
train,pretrain,4Lr1dvOjSUw,00003,0,pretrain,NcPusGLnqAc,00004,-1.9424965907142102,5.184
train,pretrain,zIwLWfaAgS8,00009,0,pretrain,UVqoIgh7bcw,00028,3.884915040623479,6.592
train,pretrain,0ygtX2nyexo,00017,0,pretrain,r3afSFSG570,00012,-3.2091553320471338,11.968
train,trainval,Q0Uo05JoZQo,50011,0,pretrain,9KACXVScWS4,00058,9.806477035075122,3.52
train,pretrain,haTsrKptgIU,00018,0,pretrain,7Wc8t26OSxw,00001,5.27058025450726,4.288
train,pretrain,SVB39Jo8mAQ,00042,0,trainval,mArrNRWQEso,50008,8.527525550923304,3.84
train,pretrain,SeBUcBfkVCo,00030,0,pretrain,VHZKiSGNxWw,00002,-5.979652078298619,23.744
train,pretrain,gPQItVxvfZs,00013,0,pretrain,CLWRclarri0,00011,8.62205991354918,7.872
train,pretrain,kZP8KqrSbcw,00010,0,pretrain,ts5MKtXNpMQ,00031,5.169950845199054,5.44
train,pretrain,a5xR4QB1ADw,00003,0,pretrain,ea3HnhOLC9g,00018,1.7276549865119186,4.608
train,trainval,N37x4GgDVBM,50005,0,trainval,zkQL7UJYDIY,50004,7.119462186082966,2.496
train,pretrain,gzcwS02ZB1o,00004,0,pretrain,4ShLkgv6LSk,00002,-6.9247572898522725,5.376
train,trainval,d0yGdNEWdn0,50010,0,pretrain,IaWeJ8V3pg4,00014,-5.818185132557843,2.304
train,pretrain,40ieXxoJwZw,00025,0,pretrain,gmjSazFbpkA,00011,-3.761960820679972,6.208
train,trainval,SWjSKTraw7c,50002,0,pretrain,pX8zZdLw7cs,00026,-3.731919580104533,3.2
train,pretrain,OaGEMSRms48,00023,0,pretrain,USmTQeKRaP4,00004,0.11106629571964532,5.696
train,pretrain,oTHSfmQo3Ok,00026,0,pretrain,fDzj9vRw5yM,00020,-1.5448632060605778,12.736
train,pretrain,WAuDCOl9qrk,00022,0,pretrain,AHfiKav9fcQ,00040,-2.5486064953370917,24.0
train,pretrain,0tVGSTxcsSU,00002,0,pretrain,XgRlrBlS7Yg,00067,7.595455507406335,5.12
train,pretrain,2L1R7OtJhWs,00022,0,pretrain,mT4Qbp89nIQ,00023,-0.1444076267543437,6.272
train,pretrain,9EglK8Mk18o,00009,0,pretrain,S98m4Vod6S8,00004,-0.7227992821308824,20.8
train,pretrain,AFRmGkdXkxA,00026,0,pretrain,ts9JpM0gHMU,00062,-5.520186771843147,4.288
train,pretrain,SJ5bDhMP9lQ,00008,0,pretrain,zvvZEIGNLo0,00007,0.6620977262620027,12.352
train,pretrain,2XiDdnDCD34,00001,0,pretrain,7s0CpRfyYp8,00020,-7.178895236680692,5.696
train,pretrain,qKJv4S5peJQ,00019,0,pretrain,56WGgJNBRxQ,00037,-6.9192486896963645,5.696
train,pretrain,bq39x2HWjNk,00031,0,pretrain,Se8kcnUSuZw,00008,-7.032706020893384,7.04
train,trainval,O6jrLgvCUNs,50008,0,pretrain,ldhppc7GmZg,00021,-8.284357864726717,3.52
train,pretrain,nzj7Wg4DAbs,00034,0,pretrain,QAnNM3WJCYA,00012,-2.848728278311963,10.88
train,pretrain,eJb3Z2RmRMo,00009,0,trainval,SXYwKxdxfF8,50002,1.133548984040356,2.368
train,pretrain,Nhx1SyXMwCg,00034,0,pretrain,3LzX36sShcs,00013,8.876091013019952,17.6
train,pretrain,cSiNSQubRs0,00019,0,trainval,Br1AIvMrvAE,50002,9.199719008729467,6.08
train,trainval,2j00U6lUCSc,50020,0,trainval,QpmsftF2We4,50009,4.578893309454251,2.816
train,pretrain,Diuv3XZQXyc,00024,0,trainval,b64qvG2Jgro,50009,5.291757429299098,2.944
train,pretrain,3Z6x5t5A9so,00047,0,pretrain,QekbuidfQKo,00006,8.525121424563203,8.96
train,pretrain,4EUAMe2ixCI,00004,0,pretrain,Yo5cKRmJaf0,00035,5.660955519620659,7.04
train,pretrain,0lYq5jXBfzE,00007,0,pretrain,9h2dFSIsH0I,00050,0.49554479839486376,6.208
train,pretrain,CtvIX4s1bTU,00016,0,pretrain,T22s4jCZ4Ho,00002,-0.39201165694089113,6.336
train,trainval,MEDgtjpycYg,50023,0,pretrain,OkKhI6St40w,00005,1.298995575729867,5.568
train,pretrain,zpT5kBrZFVw,00008,0,pretrain,bUaU9kdt9I8,00003,0.636016041462943,4.16
train,pretrain,XAvE61JqkQs,00002,0,pretrain,LKAhTELkOV8,00003,-1.7818301213493406,11.072
train,pretrain,AvtStbwMQqs,00017,0,pretrain,1lUAhRSACKQ,00001,2.1556802046285988,7.808
train,pretrain,0RUT1BoOPSM,00003,0,pretrain,NgVwPj54TEo,00021,-6.566518519517086,4.096
train,pretrain,yq3TQoMjXTw,00028,0,pretrain,lhP52caGW6s,00015,-4.816273358741707,7.488
train,trainval,qS7zAkwAOYg,50006,0,pretrain,Tmk7nAvpMXQ,00001,-7.77076156984108,4.416
train,pretrain,3LzX36sShcs,00025,0,pretrain,zIwLWfaAgS8,00073,-2.85376100007438,12.736
train,pretrain,OSGHRMKrVM8,00002,0,pretrain,h4MhbkWJzKk,00007,1.3664218633912828,9.408
train,pretrain,KVhWqwnZ1eM,00022,0,pretrain,P8GCjrDWWUM,00032,-7.771050664926687,6.656
train,pretrain,QEhT4caTVnY,00002,0,trainval,td5Ld3nURAI,50003,5.505536087283069,2.752
train,pretrain,q49LtMyXK7Q,00028,0,pretrain,mbbMLOZjUYI,00007,8.54542161755258,5.76
train,pretrain,3F2jACWwKdU,00001,0,pretrain,bjNSaXg4S6Y,00007,3.248698498293386,4.16
train,pretrain,lv2SjZ6tIGg,00001,0,pretrain,9SGSSQssNj4,00022,-7.4789249967509885,4.992
train,pretrain,Ligs82S0qN8,00018,0,pretrain,c2tOp7OxyQ8,00035,-1.5573400866979057,12.48
train,pretrain,MJKSdMlATmM,00020,0,trainval,ME0OeqjnVAw,50009,2.5467746464313112,4.16
train,pretrain,9AgCr2tTvng,00017,0,pretrain,rXepkIWPhFQ,00002,-7.647881253533284,6.208
train,pretrain,Chr3rQ6Vpcw,00012,0,pretrain,aIcwIH1vZ9w,00011,2.5144240229826575,5.504
train,trainval,mZqL7MC8Eys,50006,0,pretrain,nDIdnlJHJCQ,00018,-8.269266075326875,4.416
train,trainval,79tRTivyMSM,50006,0,pretrain,Mb8x6vLcggc,00008,2.178907066690341,5.44
train,trainval,bSiGZPtWXzE,50072,0,pretrain,THJUvXkqmBk,00026,0.2458566019516777,3.264
train,pretrain,jSSqQDPGW2k,00027,0,pretrain,JzLiCBCbAMY,00037,7.544037625465506,17.28
train,pretrain,O4g60zB4Un4,00002,0,pretrain,qCrVpRBBSvY,00003,2.4082552745453416,4.864
train,pretrain,T8VS0LUCgmk,00027,0,pretrain,MCeaijwHxS0,00007,-9.755766569098146,8.512
train,pretrain,mT4Qbp89nIQ,00018,0,pretrain,2wseM6wWd74,00005,-1.8249634592158372,7.424
train,pretrain,VSbjOJzB7LY,00019,0,pretrain,BXcFEhl7ynM,00010,-5.314407829474477,6.528
train,pretrain,AFRmGkdXkxA,00006,0,pretrain,z4vmzTZ7qLA,00032,-1.4201286497097687,3.968
train,pretrain,dgYItsUBW1M,00016,0,pretrain,J3Zsj4LfsSo,00009,-0.7002951552079839,4.992
train,pretrain,93hbqLBpSHI,00015,0,pretrain,3DsHHfu4Sco,00001,-5.230794256560927,5.76
train,pretrain,Jv2GGScsUc8,00036,0,pretrain,qMppKiqMpAk,00006,-8.233003732659265,10.304
train,pretrain,9VOHt1oULJ0,00003,0,trainval,mPCDOij0bB0,50002,6.502916566097017,2.816
train,pretrain,Skxa33RVVh4,00002,0,trainval,A71OktxTPac,50010,0.3156635105754031,2.368
train,pretrain,yVwAodrjZMY,00005,0,trainval,2OlhCITl1J4,50001,-9.39839121860133,5.824
train,pretrain,jSSqQDPGW2k,00025,0,pretrain,xTMZJvfzxGY,00016,-1.2567794308313331,9.216
train,pretrain,CTEhgUmSrro,00020,0,pretrain,g2J6YOiLNr4,00053,0.49607321954485784,16.32
train,pretrain,kcwBHSUevxo,00018,0,pretrain,moS9iMlmsP0,00010,-8.123800197716433,2.432
train,pretrain,SGzenQjZSpU,00003,0,pretrain,owl8keTUioo,00007,1.9194749832257898,8.768
train,trainval,MtSE4rglxbY,50037,0,pretrain,rN7VcY1fS1Q,00025,0.24459077792887918,5.824
train,pretrain,85bqT904VWA,00032,0,trainval,jSOPQgPIdKg,50015,2.0123527472770846,2.24
train,trainval,4ZgwzSm7sRs,50002,0,pretrain,NR33yerZgso,00009,-7.618599060636497,2.432
train,pretrain,yg8SBuTuoKk,00020,0,trainval,Ysxz5Ug70G0,50001,-0.2867224813263647,2.176
train,pretrain,Z9dt5qlgO24,00018,0,trainval,l5d8GW6GdR0,50017,-9.11936059638834,5.504
train,pretrain,LkOmfSSQLgI,00003,0,pretrain,19KkFCQz8WQ,00017,1.4433544051150662,6.848
train,pretrain,G0ZjSInJ4BQ,00006,0,pretrain,9uuhxGhD9bo,00007,9.39454726791499,4.48
train,pretrain,KQEWc3LVfyc,00070,0,pretrain,AS3Pyc4Qr2Q,00050,8.316852967434695,4.736
train,pretrain,xS8jLsYoSic,00002,0,trainval,XMSQKG70a5s,50017,-6.045229273436066,5.952
train,pretrain,RxqyO5hafdk,00014,0,pretrain,0qYTf9evWeY,00024,-2.0938727694068993,7.616
train,pretrain,3MYEtQ5Zdn8,00006,0,pretrain,Sx4Gsh0r9HU,00019,-6.700341945161541,4.032
train,pretrain,UDXtFbSmBAg,00022,0,pretrain,wAdwurHhvSI,00015,-5.332925085387323,5.376
train,pretrain,a5xR4QB1ADw,00020,0,pretrain,86xSuStz0MA,00060,8.662257664764791,10.88
train,pretrain,Y7QaqazOvSA,00014,0,pretrain,bjNSaXg4S6Y,00019,6.962571524794345,11.776
train,pretrain,E4ptaIDAIlY,00004,0,pretrain,tMQ4OxOxgrc,00011,0.4181291794641382,3.328
train,pretrain,1NG7FoC5XRo,00029,0,pretrain,rptMkkcM9Sk,00009,6.483048065689246,3.776
train,pretrain,2XiDdnDCD34,00013,0,pretrain,L9Sc1j9VRwE,00014,9.898295342251092,5.44
train,pretrain,7A66iZQXNh4,00024,0,pretrain,0bop3D7SdDM,00031,9.384228250857074,3.2
train,pretrain,cotBM0laSSo,00041,0,pretrain,6ul2TSvUDog,00028,-7.519305726000529,5.248
train,trainval,RgtoZ2ue05w,50002,0,pretrain,rkKDvGA2UU0,00012,-2.3492727786413514,4.8
train,pretrain,aQ8T4sySLxw,00005,0,pretrain,Cu3ILSqFJJQ,00002,6.221775583281101,18.752
train,pretrain,jNSOh4xILSc,00022,0,trainval,nxRRqLpWi6Q,50035,2.403363513489019,2.112
train,trainval,f6CILJA110Y,50061,0,pretrain,5ftklsHZ4cU,00017,5.678763613253352,3.968
train,pretrain,NAcuH7nSdLc,00024,0,trainval,fwm3azuoLr4,50005,0.3014630216246257,3.136
train,pretrain,FD5ZKiSmoMU,00055,0,pretrain,eLrBw8BKOWI,00020,2.1406740316247763,4.608
train,pretrain,Y5M7e0PWFtk,00003,0,pretrain,2MYsx6WArKY,00026,6.797604866882818,4.608
train,pretrain,CkDYlQhx0wY,00015,0,pretrain,HBUoaf8vwJ4,00004,1.7683335577563852,6.208
train,pretrain,9P73k8m3Ytw,00020,0,trainval,nq0SzGzSc8g,50001,4.636055874471619,6.016
train,trainval,DERu2aAqqWM,50005,0,pretrain,b2qM1ISJCEQ,00020,1.995766220544322,2.432
train,pretrain,7A66iZQXNh4,00012,0,pretrain,xx310zM3tLs,00020,-9.939080806326965,4.8
train,pretrain,ihoR9B7pS1Q,00018,0,pretrain,aiDSQyFdd68,00027,-0.9129262013907677,6.784
train,pretrain,ARWBdfWpDyc,00004,0,trainval,lD69n6Ur2P8,50001,-0.34216741547156104,2.176
train,pretrain,0bop3D7SdDM,00015,0,trainval,7POkIJfbMyU,50015,4.046179391538207,2.432
train,pretrain,uRxwQsrI560,00031,0,pretrain,Eu22Wgu98VE,00006,-4.7934496299864815,6.08
train,pretrain,gqpErbFnbiY,00005,0,pretrain,oDtZi2SUm8Q,00002,8.655641078622342,16.192
train,pretrain,rN7VcY1fS1Q,00028,0,pretrain,tMQ4OxOxgrc,00012,1.3602036846326513,13.44
train,pretrain,lUaSg8ZNswU,00005,0,pretrain,QvSZ1MtaXME,00013,2.47834264157766,8.0
train,pretrain,KQEWc3LVfyc,00006,0,trainval,jryCoo0BrRk,50001,3.7932399412693094,3.456
train,trainval,gzthxdm7XNs,50003,0,pretrain,0P0mBj09vwk,00007,-2.865525395942468,3.136
train,pretrain,v84pD2g3gSk,00042,0,pretrain,hrpwRdijvCM,00020,-0.5546086124480691,3.648
train,pretrain,mUJdzaLDRIo,00049,0,pretrain,ftWn4QOvTTo,00012,-8.932415845994363,4.928
train,pretrain,Chr3rQ6Vpcw,00002,0,pretrain,qp0HIF3SfI4,00044,7.567019276041098,3.008
train,trainval,eZWzNfOpbCQ,50005,0,pretrain,MLU7qcMYKO8,00023,9.495198177359704,5.568
train,pretrain,IgKWPdJWuBQ,00009,0,pretrain,jpeSLKnS4gM,00046,-7.592338093684818,5.056
train,pretrain,6wk4dkYSrV0,00011,0,trainval,7TXEZ4tP06c,50001,-2.7477238850294006,2.176
train,pretrain,20adDr7Felw,00023,0,trainval,JaFSfq2Zn7I,50004,7.085860504053201,6.208
train,pretrain,R7beBKnH9u0,00012,0,pretrain,ytJyT9oDEm4,00003,7.147856010836179,3.776
train,trainval,YWBwsS3lkXU,50004,0,pretrain,6gSwRHScq6M,00013,-3.2381740234629586,3.328
train,pretrain,J6SSCMhcCfQ,00004,0,pretrain,gqpErbFnbiY,00011,4.51448688222211,18.112
train,trainval,eJnlgDUcxOQ,50004,0,pretrain,Hh09xlzxRmE,00020,-7.323906937093801,6.144
train,pretrain,mmhedbY8wjU,00020,0,pretrain,ygRNoieAnzI,00003,-2.53959515841337,14.528
train,trainval,Fc1yN6uxZfQ,50031,0,pretrain,k0T6rfpYoqA,00001,4.424530944906495,3.584
train,pretrain,Bk9wQD6eYts,00031,0,pretrain,pNTylSnUOVo,00005,-2.910885352204171,7.104
train,pretrain,2dnSoGaEHxs,00002,0,pretrain,F6NU0DMjv0Y,00007,9.60779312983416,11.072
train,pretrain,3lxyiS3CGrk,00004,0,pretrain,XkiXXPShycA,00026,7.803972878785139,18.368
train,pretrain,wAdwurHhvSI,00011,0,trainval,N4wFyRGilp4,50015,-3.9746439091841808,5.12
train,pretrain,mKPmlliPL0U,00001,0,pretrain,M4soSZ9aSu0,00009,-2.3662721709065027,3.712
train,trainval,SJmnB54WRgk,50003,0,pretrain,KiPcxhJtuPQ,00033,-5.1809771919888,5.184
train,pretrain,emeEpzkf044,00024,0,pretrain,LnnyuVG0krs,00002,7.691664572584866,17.92
train,pretrain,S2uSeHHzRto,00010,0,pretrain,F2dFiK3wkRA,00029,6.408404254181711,12.736
train,pretrain,iF4s75ZPano,00026,0,pretrain,bl8S81JF3b8,00006,7.713851877705444,9.28
train,pretrain,p9UC0chfXcg,00031,0,pretrain,dOt4NkcmIUg,00011,6.5556150059060485,6.784
train,pretrain,UzuUljhS9uI,00014,0,trainval,qtOIh93Hvuw,50010,6.422468866264364,4.544
train,pretrain,pMUv6UWkuWw,00009,0,pretrain,EBebWBjpWIQ,00021,9.718372893056127,5.248
train,pretrain,5d4ZEgZU9Aw,00019,0,pretrain,audakxABYUc,00015,7.482803820449547,5.696
train,pretrain,SDjLpMj3BDU,00021,0,pretrain,D4cV8yfgNyI,00013,-9.393780403877773,3.072
train,pretrain,on3KttMgbZE,00037,0,pretrain,SQB9zNWw9MA,00018,-2.5349045416604543,7.488
train,trainval,6lFvXTxgokY,50002,0,pretrain,cSohjlYQI2A,00013,-4.994813705523513,5.568
train,pretrain,3PQrElyu9HY,00002,0,trainval,DjcZrtcBZi4,50039,-7.108872977614178,6.208
train,pretrain,8S66QUJk3w4,00011,0,pretrain,x8QxdldkPNM,00010,4.147027298824419,20.736
train,pretrain,pcSlowAhvUk,00047,0,pretrain,Ogce5D2XMZ0,00002,-4.298503423340181,4.608
train,pretrain,QAnNM3WJCYA,00010,0,trainval,5pXelS1clHs,50016,-5.131830159619579,3.072
train,pretrain,NuJg8auo7FE,00008,0,pretrain,VFaQtPw3Va4,00013,-9.079322482571147,14.144
train,pretrain,raCIUeGUr3s,00003,0,trainval,n706Sqp20Mk,50001,-3.4546986561682447,6.016
train,pretrain,vCCdmGKtxPA,00010,0,pretrain,DZT6YpCsapg,00002,-2.723765369719864,7.936
train,pretrain,DEmjzXi2lfI,00022,0,pretrain,PB2OegI6wvI,00058,8.092188986904375,5.376
train,pretrain,o4Nno6POrwE,00022,0,pretrain,YMyofREc5Jk,00027,-0.8380258861398779,3.904
train,pretrain,yVwAodrjZMY,00010,0,pretrain,jAemhSJxgOk,00004,-5.714865973486615,3.648
train,pretrain,8m5Ebx6nuGE,00037,0,trainval,9VXOknUbzBM,50030,2.5637086570567256,6.016
train,trainval,2NHV4AzSEzY,50008,0,pretrain,IJmr7MsS8fw,00035,-5.649070929966529,4.096
train,pretrain,Zq7QPnqLoUk,00020,0,pretrain,IzPcu0SETTU,00011,-0.042083234307675355,8.896
train,pretrain,9H38oQBw2HU,00017,0,pretrain,SIl70mlj38o,00001,1.0579217076231,4.032
train,pretrain,ggPh4X7UKwY,00021,0,pretrain,UVDgemuZdho,00028,6.498898230448507,7.552
train,pretrain,JVwLjC5etEQ,00018,0,pretrain,S4XXhSwYASk,00021,-8.131431349768475,15.808
train,pretrain,A71OktxTPac,00029,0,pretrain,S2uSeHHzRto,00012,1.7493321374734343,2.944
train,pretrain,qEZmFR1WS7g,00020,0,pretrain,P9B8PmUR64U,00014,-1.4913807084443338,8.832
train,pretrain,CyElHdaqkjo,00041,0,trainval,7SfRgg9botI,50006,-4.685116507395469,2.048
train,trainval,DERu2aAqqWM,50012,0,pretrain,mSvyBpWueu4,00021,8.6255919912245,5.888
train,pretrain,A60UTjiEp4c,00049,0,pretrain,z8UevNKDFKU,00006,-5.062445317556607,18.944
train,pretrain,lwcvhh4pLjE,00031,0,pretrain,mUJdzaLDRIo,00060,-7.068565890434577,7.744
train,pretrain,IjHlyKTSUug,00005,0,pretrain,aUYSDEYdmzw,00018,-0.9889811805887874,3.968
train,pretrain,eDFrlV106iM,00011,0,pretrain,WyOSqjIABe0,00013,-4.109057502624247,24.448
train,pretrain,grtGI7QpPdw,00013,0,pretrain,DUd8XAS5HEk,00046,-9.097010476665472,4.544
train,pretrain,6ePXxeGrfvQ,00001,0,pretrain,A3yBxsDv8lM,00006,1.0193459947032775,4.48
train,pretrain,FETryXMpDl8,00018,0,trainval,OyPGDBOqPFs,50001,-4.760808054123331,4.544
train,pretrain,ROXUPr8Wqds,00014,0,pretrain,evfgbVjb688,00022,3.40197037667291,4.096
train,trainval,ME0OeqjnVAw,50013,0,pretrain,tUAepQYyMY4,00009,3.0646090629626226,3.456
train,pretrain,CSUmoS40pqA,00010,0,trainval,1sgb2cUqFiY,50015,3.337389758253339,5.12
train,pretrain,AHcTWlxWzpE,00016,0,pretrain,D1QoyTmeAYw,00008,6.425706991134142,5.12
train,pretrain,w5T0wS1OdMo,00006,0,pretrain,SqCWAsd2GP8,00007,2.946566041333039,4.928
train,pretrain,1SS2wOnkcSk,00023,0,trainval,GDnYDLERnRE,50006,-1.5104220371383992,6.016
train,pretrain,XRWTyUVh0BQ,00007,0,pretrain,3rbVQNTzCh8,00004,0.4290052469118404,13.056
train,pretrain,V1xt7zgnuK0,00008,0,pretrain,Mjl1i13JKNM,00023,0.21714860214440534,19.136
train,pretrain,shqLZyONA0M,00012,0,pretrain,HfuZJVpNWR4,00006,9.140035572419837,5.376
train,pretrain,sSXv06gUX3Y,00015,0,pretrain,LSn4OF7G9BM,00010,6.384701695008449,3.456
train,trainval,8xHrpO6p7dE,50022,0,pretrain,73cTNHEQhkQ,00001,-5.882495397408376,2.624
train,pretrain,X03jYXszD3Q,00004,0,pretrain,lJGtXuCmZBM,00004,-1.8512846096027236,12.544
train,pretrain,w1TBZhdSsN0,00015,0,pretrain,2KSP7HvSZwg,00026,-1.3966240823345402,10.688
train,pretrain,5M3Dow20KlM,00001,0,pretrain,S9ry1M7JlyE,00009,-1.1375796939926968,5.44
train,pretrain,sYySLEdYr8A,00037,0,pretrain,0af00UcTOSc,00047,4.914716774114037,9.664
train,pretrain,rCplocVemjo,00005,0,pretrain,eGoSdLNceEk,00016,3.222209429460065,6.464
train,pretrain,5AcjM5BKfRQ,00017,0,pretrain,rOVkASt39Uc,00006,4.975003026213443,8.512
train,pretrain,BdxSZwxtg8Q,00008,0,pretrain,6ul2TSvUDog,00033,-9.55850554061726,9.984
train,pretrain,hS3dLASh3Yc,00013,0,pretrain,VMwjscSCcf0,00018,-8.475284658075532,3.2
train,pretrain,ZZodGSsPrRE,00016,0,pretrain,eMVWSUeeg8A,00008,-3.3065677465149745,7.744
train,pretrain,8jPQjjsBbIc,00038,0,pretrain,2tBuvxXxlS4,00011,-7.8805375841836,13.12
train,pretrain,GeDSgi0A7A8,00001,0,pretrain,X7uiSiAp8Pc,00009,-5.419659044444105,5.952
train,trainval,JLLpWtHbMAo,50020,0,pretrain,OyahH2o9AAk,00006,5.160017330343825,5.824
train,pretrain,AhUhpfKeLus,00009,0,pretrain,jpRqbP9Nv9k,00007,-9.80661494463815,3.456
train,pretrain,SCEKKHyxgaw,00012,0,pretrain,P5Mpo4JQZhw,00018,6.355631160225318,9.344
train,pretrain,PlQ3VdvvTvE,00003,0,pretrain,kmflTZnRuZI,00034,-6.642697891421769,4.672
train,pretrain,UVqoIgh7bcw,00008,0,pretrain,AYzA2uyd9Ss,00014,1.349400767261404,4.352
train,pretrain,jnS66SszwEs,00020,0,pretrain,pNttjJUtkA4,00047,-9.738132243504163,11.072
train,pretrain,RtFFT4zjyTM,00016,0,pretrain,kmNxhFFZWpM,00030,-3.3819226326411567,6.208
train,pretrain,MPMr5jPwA7I,00002,0,pretrain,z4kwU6z6ORg,00020,8.20144121633804,15.68
train,pretrain,1SS2wOnkcSk,00024,0,pretrain,JeHqgambbcI,00011,7.6618176359849635,3.328
train,pretrain,PkcBE74OYJw,00001,0,pretrain,yjtCDgjxRAw,00023,-7.82018257082856,10.688
train,trainval,SjsGSNgmleA,50018,0,pretrain,ErexJkoDhGI,00058,-8.799285086995074,3.264
train,pretrain,Mtjatz9rSVc,00012,0,trainval,SmsYxDvdcYc,50008,6.970146523527539,2.752
train,trainval,aiDSQyFdd68,50008,0,trainval,9MegHiL93B0,50001,9.087778346118466,2.304
train,pretrain,BQnOTJH3w4s,00008,0,pretrain,kFMZrEABdw4,00011,-3.989169524066578,11.904
train,pretrain,uQGYr9bnktw,00019,0,pretrain,gmn7tjSNyAA,00012,0.09740982003707721,3.648
train,pretrain,P4pKrxVcvJc,00002,0,pretrain,nPGVm6OesQk,00025,4.260129766493348,4.416
train,trainval,1IxIDGyISzk,50012,0,pretrain,w2itwFJCgFQ,00021,-0.1192126524944026,4.992
train,pretrain,CHxhjDPKfbY,00001,0,pretrain,1OQkdRdfyjI,00001,3.607108667385557,8.96
train,pretrain,tF1oSdNwE8c,00008,0,pretrain,GkRn9Lp16UI,00017,-6.579290935804208,12.416
train,trainval,BnC6IABJXOI,50006,0,pretrain,8pHzROP1DSw,00010,0.4130996910527607,2.24
train,pretrain,2zvjW9arAZ0,00035,0,pretrain,2ZviHInGBJQ,00022,6.280998958577644,4.992
train,pretrain,Kk7kzUt3SLc,00025,0,pretrain,QPC5SP2SFu8,00009,-8.633690440622297,7.104
train,pretrain,2TDLN61HKKc,00025,0,pretrain,RSl1ramE35s,00026,-5.6405090812004595,7.04
train,pretrain,ramueKMLXZY,00001,0,pretrain,IRVdiHu1VCc,00028,2.095666188540612,4.48
train,trainval,mQOOgDqUta0,50008,0,pretrain,1OQkdRdfyjI,00023,0.8921207754235212,3.712
train,pretrain,j7c9b9A2AHc,00056,0,pretrain,nVEvzeIXbpk,00002,7.344101537339263,5.888
train,pretrain,gLdBqrTOQxc,00018,0,pretrain,ftWn4QOvTTo,00009,-7.260038719259088,7.36
train,pretrain,SmqSHqRnngc,00016,0,pretrain,1X8b7mXImVM,00001,3.5765960797504963,3.584
train,pretrain,86xSuStz0MA,00060,0,pretrain,6wk4dkYSrV0,00066,-8.302003516113617,5.12
train,pretrain,TPA0qoemShQ,00020,0,trainval,kzhJb5jcH58,50002,-3.8953552319350244,4.352
train,pretrain,KTvSfeCRxe8,00010,0,pretrain,yqU0SsbENgE,00004,-5.012935480927423,4.416
train,pretrain,H2rG4Dg6xyI,00041,0,pretrain,Z2Z3P8E0tos,00003,-9.275192882828398,11.584
train,trainval,9uuhxGhD9bo,50008,0,pretrain,LHd0vXDglb8,00006,2.668220395905159,4.928
train,pretrain,SAm3gtFB8xU,00011,0,pretrain,vGzBcBZrOSw,00020,0.054524169938039435,7.552
train,pretrain,bZS7T5eF3hY,00001,0,pretrain,vrU6YJle6Q4,00027,1.0496456052886636,13.312
train,pretrain,OibJT7GSwyo,00013,0,pretrain,w8lH8tNlAXc,00002,-3.322975674569511,7.232
train,trainval,1rTEOU67zCo,50024,0,pretrain,B8Z2G7d2kzs,00013,5.51216317183605,5.312
train,pretrain,IU4A4h1ACJs,00009,0,pretrain,EfXidZmAW1s,00019,-6.031507722417597,4.928
train,pretrain,9YGZkgkj3fM,00007,0,pretrain,48NRknBcz6k,00002,7.560253867345349,7.104
train,pretrain,aL00a3sfnYM,00008,0,trainval,IjHlyKTSUug,50015,-5.84105422467225,4.544
train,pretrain,SwiaaqKdtjw,00022,0,pretrain,YXrEVQFtJm0,00002,-6.3481842028800095,14.016
train,trainval,FJFxLQCo83U,50003,0,pretrain,SJ0G1iCLzCA,00013,4.780968508251419,2.112
train,pretrain,o9NUy12lgs4,00015,0,pretrain,0HEXx3SP8kk,00020,8.299011610800434,5.824
train,trainval,Fc1yN6uxZfQ,50031,0,pretrain,XGq3MXQlRJs,00015,-3.7369708927497918,3.84
train,pretrain,0af00UcTOSc,00039,0,pretrain,bzj1BTdfoeI,00049,-4.901702671508678,8.064
train,pretrain,nLtUl2CP8ak,00053,0,pretrain,UfM7tSoqNDw,00002,-5.2601816863330475,6.08
train,pretrain,JzLiCBCbAMY,00001,0,pretrain,gvGSfRhlvlw,00013,-2.949236718604169,3.392
train,pretrain,hBtXiTumdY0,00020,0,pretrain,PyXZvuxDkC4,00027,1.053678452800849,6.656
train,pretrain,h27g5iT0tck,00014,0,pretrain,k5hspA18IU0,00038,-6.13583015395916,3.904
train,pretrain,Br1AIvMrvAE,00009,0,pretrain,dwU8eavPInw,00039,5.191626392276611,4.224
train,pretrain,ZBWsmoy5Re4,00017,0,pretrain,Rpsf1YJsbbI,00033,8.798719957519808,7.68
train,trainval,V48M5jS6zdE,50005,0,pretrain,3GBrJiSMFu0,00014,8.47019653741112,4.736
train,pretrain,Fc1yN6uxZfQ,00016,0,pretrain,gB23pKmyIHM,00014,4.05212880063139,10.496
train,trainval,KOtFDsC8JC0,50013,0,pretrain,7JVTirBEfho,00044,2.2946904797908267,2.88
train,trainval,SPLooRl0PSU,50002,0,pretrain,chXKZC4D42k,00004,-8.922176486666109,2.688
train,pretrain,F17SKiAZOxg,00030,0,trainval,I9cmQFj13rc,50007,4.300917241420613,4.672
train,trainval,fSOupkS4VVo,50009,0,pretrain,fDzj9vRw5yM,00007,-9.964585753481447,6.016
train,pretrain,wAIP6fI0NAI,00059,0,pretrain,MwzqSswl4cI,00023,5.162793753508959,3.648
train,pretrain,quJdL9ggETI,00034,0,pretrain,RjyxIsE3V2g,00003,-1.3323874205999253,4.224
train,pretrain,Bwj3SVZZOHo,00025,0,pretrain,GJWSZgjz7G0,00009,-3.9671069150553766,15.36
train,pretrain,DeUDQo1sYAw,00024,0,pretrain,8u9Wvz1edxI,00024,-5.828238118926183,8.0
train,pretrain,UUqr4P7P3gM,00013,0,pretrain,IkJTwfHPv6A,00004,2.3097783837802925,7.168
train,pretrain,8PQc3M2HQSs,00001,0,pretrain,MoSmgcxGYYE,00049,8.336458030943959,6.016
train,trainval,MacRhth2lMM,50005,0,trainval,EijI8QaExDg,50019,-6.325959531253953,3.072
train,pretrain,cKGFSkQh1h4,00008,0,pretrain,0zvrGiPkVcs,00010,-1.565737531124059,7.424
train,pretrain,mS8tQSTYLgk,00027,0,pretrain,8sQ2p89P0Us,00009,-2.412603018191035,6.656
train,pretrain,Chr3rQ6Vpcw,00009,0,pretrain,CpkXmtJOH84,00019,-6.068971528449385,4.672
train,pretrain,bzj1BTdfoeI,00047,0,pretrain,GXySSkBVq1M,00016,9.537878635137766,13.696
train,trainval,h0C2LPXaEW4,50006,0,pretrain,FVSc2FnPnDE,00025,-9.863048970449187,5.376
train,pretrain,0qYTf9evWeY,00029,0,pretrain,H3ddtbeduoo,00013,8.149399507212255,11.072
train,pretrain,UJ7QaCFbizo,00013,0,pretrain,sHdYaMyR5S8,00011,9.136968624571782,6.592
train,pretrain,415VX3QX4cU,00015,0,trainval,THJUvXkqmBk,50011,-0.2853031199373408,5.696
train,trainval,cswhOCKQZ7Q,50007,0,pretrain,py1RrSdVt5A,00011,-2.303638955736041,2.176
train,pretrain,E6atIJ8RDzU,00008,0,trainval,gkKymhU7yi0,50002,9.265792286324142,2.048
train,pretrain,PJy8vTu66tE,00008,0,pretrain,2S0aEezKvBE,00012,-7.661647808003225,5.312
train,pretrain,12ud0nSTvro,00008,0,pretrain,bCGlWQnzDVE,00032,-5.17369992052052,6.656
train,pretrain,NtOoDN0ojxo,00024,0,pretrain,eGoSdLNceEk,00034,6.595415920772453,5.12
train,pretrain,NgDGlcxYrhQ,00012,0,trainval,v3SZTqj2Skw,50018,5.863802883881144,6.144
train,pretrain,NgDGlcxYrhQ,00006,0,pretrain,UOn3zOp8JPE,00019,0.07859645374045243,3.712
train,pretrain,BISCnsKyOuk,00017,0,pretrain,X1LtIS8VGkk,00006,6.0370968223816455,17.728
train,pretrain,eS44GSkE8lE,00002,0,pretrain,WbuIl6phdco,00030,-6.785491263918968,5.44
train,pretrain,aSGIZBmGOsU,00011,0,trainval,AHfiKav9fcQ,50003,-7.104125837011262,5.888
train,pretrain,XbgdpsXDU2o,00001,0,pretrain,cWcVPpxezE0,00014,-3.037466704463931,15.936
train,pretrain,sLiM2SizFl4,00021,0,pretrain,gXlIASSrI4E,00005,1.3414723039777048,8.896
train,pretrain,S8201wl4jjw,00002,0,trainval,Eo9bb3U9wPs,50002,-1.8343624778363186,2.176
train,pretrain,YPLGuwXomYQ,00027,0,pretrain,kDXJhxLzmBQ,00023,0.6675960861868795,7.936
train,pretrain,SmoW9jvvMr4,00012,0,trainval,BMOjVYgYaG8,50009,-1.0104791040195913,2.368
train,pretrain,be03wdS5Klc,00013,0,pretrain,txJGm6zhiBA,00006,-6.4048042763271384,12.16
train,pretrain,4AUSqB0RVNY,00011,0,pretrain,v22SdEMzxO4,00015,8.27551119337106,2.56
train,trainval,z19gIaUmIBU,50002,0,trainval,f6CILJA110Y,50038,1.7465844057899194,3.136
train,pretrain,vIgWMzdgweI,00008,0,pretrain,VbF2KPn3TrU,00003,1.3199730585604605,3.904
train,pretrain,Mpge4XQqfac,00007,0,pretrain,E0M1beV91js,00008,-0.7121524680538727,13.248
train,pretrain,wBObnvIZGwE,00004,0,pretrain,CSUmoS40pqA,00005,-4.203481827974008,9.728
train,pretrain,pz1TDXKSTHc,00025,0,pretrain,lGbuCmuTJHg,00015,5.826190656158861,4.8
train,pretrain,BQOz6OVz1zc,00047,0,pretrain,0zvrGiPkVcs,00015,-1.728806908287524,2.496
train,pretrain,GP4sBGbeF8w,00021,0,pretrain,UROCz70tlMY,00020,2.2073372714752963,4.032
train,pretrain,Gk9T7ngEijs,00008,0,pretrain,BsFxokC02sg,00009,-0.26731457652976864,6.08
train,pretrain,iNOE0dZpHcY,00021,0,trainval,aEjUlH7bNDo,50003,4.800587341581403,2.496
train,pretrain,dvuh1Np35Pk,00019,0,pretrain,1bXAkbCyjpo,00034,-5.079541802277648,8.256
train,pretrain,grtGI7QpPdw,00002,0,pretrain,dkLcwHmnPV4,00023,2.5483565901122773,3.968
train,pretrain,2zvjW9arAZ0,00087,0,trainval,SdBPkbi4SR8,50002,-9.943332863115009,3.456
train,pretrain,txJGm6zhiBA,00020,0,pretrain,cWpRxyqDgpM,00021,4.18431730339972,3.136
train,pretrain,DUd8XAS5HEk,00003,0,trainval,9SGSSQssNj4,50003,0.3817301821291572,4.672
train,pretrain,aILSY9g7Tg0,00011,0,pretrain,qykDS2AXKIU,00025,1.6905201296441454,5.12
train,pretrain,X55qpYxwoO4,00006,0,pretrain,jMVAgCPYYHY,00015,0.5728608757407994,5.056
train,pretrain,mkdSXHXhCcw,00031,0,pretrain,lrYx7HaUlMY,00038,-5.218205246859706,2.624
train,pretrain,hbkBSjNGSzE,00018,0,pretrain,uVAaZVz9pDs,00005,5.94964260878468,3.776
train,pretrain,U5kIdtMJGc8,00012,0,trainval,w3q89BTJj3o,50027,0.3839205638312144,6.016
train,pretrain,EHTmxmuhZ10,00017,0,trainval,MpISFKqk0Ew,50004,0.5138730677042691,4.096
train,pretrain,akOe5SUsQ2o,00018,0,pretrain,BxFvxKaSmWo,00022,3.72115977292429,5.056
train,pretrain,lnvkNGc6YYM,00004,0,pretrain,2TDLN61HKKc,00031,1.9609524617926724,15.552
train,pretrain,rN7VcY1fS1Q,00035,0,pretrain,kYXiegTXsEs,00020,-8.277727770894323,11.904
train,pretrain,Mtjatz9rSVc,00005,0,trainval,kmflTZnRuZI,50006,-7.763644716848448,3.072
train,pretrain,oX1C3Jn05OE,00026,0,pretrain,gw2Mn3Bh1t8,00003,7.226421915312283,4.864
train,pretrain,cf3zxHuSM2Y,00048,0,pretrain,uo7w3g24DWo,00004,5.73294761984852,3.136
train,pretrain,64RLBgDSCck,00019,0,pretrain,4ZgwzSm7sRs,00032,-5.892405322389256,12.032
train,pretrain,moS9iMlmsP0,00030,0,pretrain,Mjoxh4c2Dj0,00019,-4.166017537771689,9.92
train,pretrain,IYpovgkaS9Q,00017,0,trainval,H8Pr9Jnulxk,50009,2.038392602019467,5.952
train,pretrain,XzDNfLnUOYY,00015,0,trainval,w8lH8tNlAXc,50001,0.9909278150844543,4.736
train,pretrain,LsESSyMnwmU,00037,0,pretrain,m7SuKQGPMSw,00016,-4.075383118314608,3.776
train,trainval,ARWBdfWpDyc,50010,0,pretrain,F4RMDoGCCK0,00013,4.986410911991509,3.584
train,pretrain,nFQU5a5SByg,00030,0,pretrain,fIXnJycnkaQ,00001,-2.493664067566856,9.28
train,pretrain,ROXUPr8Wqds,00006,0,pretrain,9KACXVScWS4,00025,4.29620080934081,5.952
train,pretrain,pWaxi4H2xPU,00007,0,pretrain,DGvPfD1Dd1U,00008,2.4246567491220397,10.048
train,trainval,7POkIJfbMyU,50020,0,pretrain,OKIyDMaxh4w,00020,4.054653919885984,5.44
train,trainval,cxGWGohIXiw,50006,0,pretrain,axRSF7ku0Zg,00024,8.126101192479538,5.76
train,pretrain,1XrFiUrXyx8,00001,0,pretrain,U7fFCaHZvVk,00014,8.725186322819745,4.224
train,trainval,OzvxbUnWJUc,50008,0,trainval,bLGTrz1Zolk,50021,9.709378416666297,4.16
train,trainval,fbeFn1Xcqo4,50004,0,pretrain,HJqtUUDhaxA,00042,-4.460403898291196,2.88
train,pretrain,MoSmgcxGYYE,00045,0,trainval,R21MsHQA8vM,50027,8.573845485418918,2.368
train,pretrain,RKK7wGAYP6k,00015,0,pretrain,RtRufOPFug0,00006,3.5575892788270824,5.824
train,trainval,9KaMufF0rAY,50001,0,pretrain,qYvXkSbqlBk,00008,-3.2606919301287114,4.8
train,pretrain,o8xWaNpSlbI,00010,0,pretrain,iWHq2mSHwhw,00022,-8.906887941624671,9.216
train,trainval,esugL07XANg,50011,0,pretrain,ldhppc7GmZg,00011,-3.8594911690168647,6.144
train,pretrain,w5T0wS1OdMo,00004,0,pretrain,2vVAzRN5ez8,00009,-4.2734914908313515,10.304
train,pretrain,7DCofMA9eQA,00003,0,pretrain,HWsehvUkISc,00004,-9.264824782201389,5.248
train,pretrain,3SAZ5R2SC88,00008,0,pretrain,hRSw8DBbFr8,00005,-0.17628401138390082,3.904
train,pretrain,0HYakD8XQ88,00003,0,trainval,d0yGdNEWdn0,50010,3.1245984776354963,2.304
train,pretrain,dNoSK3HgQJc,00004,0,pretrain,m048uAa8L3k,00035,-7.079829189357605,12.736
train,pretrain,wvCMZBA7RiA,00016,0,pretrain,ibMjhQvAmcI,00022,-3.0002665921321476,4.416
train,pretrain,czfduTtXLbI,00009,0,pretrain,ulYR5bpu68E,00009,2.7723402899668503,23.168
train,pretrain,MOFdlEbu15g,00051,0,pretrain,IMjn62naclM,00011,5.142184119572043,4.288
train,pretrain,wAIP6fI0NAI,00036,0,pretrain,EiTrl0W1QrM,00009,-9.067847476540107,8.128
train,pretrain,ukgnU2aXM2c,00022,0,pretrain,F0ofeD8VKMA,00012,8.754601783153063,2.432
train,trainval,hxJ8LELZCjo,50001,0,pretrain,gBkIyJ7kfSI,00046,-7.562411588458091,2.88
train,pretrain,LWQfeSSfNbs,00017,0,pretrain,ncwpzEoVZCk,00027,9.856405037136312,14.656
train,trainval,mMasmrJOmEo,50003,0,pretrain,Br1AIvMrvAE,00032,1.9031398197876488,2.688
train,trainval,1rTEOU67zCo,50023,0,pretrain,D1QoyTmeAYw,00002,0.8249622841118267,2.56
train,pretrain,DwYQHj7Hmik,00014,0,pretrain,CLSSiaFuLo4,00047,-1.658337356051467,7.36
train,pretrain,VObLitSe3K0,00020,0,pretrain,BStjKYvEziI,00008,-7.26095500464127,4.288
train,trainval,M8CTOjQhJFo,50004,0,pretrain,2zvjW9arAZ0,00070,0.0743380970032792,6.208
train,pretrain,7DCofMA9eQA,00036,0,pretrain,sbbzZYJSoJ4,00011,-0.14774555448238402,5.44
train,pretrain,pj2YxCAnqx0,00010,0,trainval,kiDfwUQySEs,50001,1.5670638852747576,3.392
train,pretrain,yq3TQoMjXTw,00021,0,pretrain,omGbKQIzoWY,00015,0.33050995451662146,2.112
train,pretrain,7Gp08e63q5c,00005,0,pretrain,pz1TDXKSTHc,00005,-2.1443592275631502,4.48
train,pretrain,iNOE0dZpHcY,00057,0,pretrain,73rUjrow5pI,00005,4.0102738613241335,13.184
train,pretrain,ZcFRfJb2ONk,00005,0,pretrain,UwtYQFSJSQc,00018,7.5446371354111434,11.712
train,pretrain,1KS10q6N2A8,00004,0,pretrain,oZ2eT76Sb4I,00021,6.528622212107933,11.136
train,trainval,vPhM8lxibSU,50008,0,pretrain,R84vqXjXWJc,00027,-9.890387913256248,3.2
train,trainval,I2xDZlpInik,50005,0,trainval,HgRJNsTb08Q,50003,3.9782038743497257,3.776
train,pretrain,3nsoNSLS8RQ,00009,0,pretrain,hbkBSjNGSzE,00013,-5.493393145101613,2.88
train,pretrain,4EUAMe2ixCI,00058,0,pretrain,UoruUSrndBA,00004,5.970504168467926,4.992
train,trainval,R1vskiVDwl4,50023,0,pretrain,a2MR5XbJtXU,00053,-0.4802711783279392,5.12
train,pretrain,4Z75ASJMBx4,00029,0,pretrain,S3SnIMZ43EQ,00021,-5.908066382061763,7.488
train,pretrain,2JSZ66uMRwc,00040,0,pretrain,eLz9TvxGoKs,00030,-2.974445853224772,4.096
train,pretrain,6wk4dkYSrV0,00029,0,pretrain,C0nM8l9qeGY,00014,8.155117580007378,5.184
train,trainval,p9HPUiEdEj0,50001,0,pretrain,XvS83nXSf0k,00033,7.195713556589048,5.824
train,pretrain,wfNX1cHkSfE,00017,0,trainval,FN0fjOsJIxk,50005,8.490500047661328,5.12
train,pretrain,3GBrJiSMFu0,00003,0,pretrain,mymMye4purU,00006,9.066915217295708,5.184
train,pretrain,UUqr4P7P3gM,00001,0,pretrain,uPZw3ebk8oI,00020,5.863504982942908,2.688
train,pretrain,Pl8OlkkwRpc,00019,0,pretrain,yJJtRWFLSgw,00056,-4.987008430868904,4.16
train,trainval,s2F41IQSPGE,50006,0,pretrain,fmxNuVDJZEY,00003,7.953624439606564,6.144
train,pretrain,pysNMB033co,00014,0,pretrain,E6atIJ8RDzU,00010,-3.195861379969031,18.624
train,trainval,joyi6anTSFQ,50005,0,pretrain,V2DgJBx3cyA,00015,-9.58828560230188,5.952
train,pretrain,qYvXkSbqlBk,00013,0,pretrain,XebNxUE3ugA,00006,-5.167677272161082,20.48
train,pretrain,FVSc2FnPnDE,00023,0,pretrain,0pzIPHWR3iY,00008,-1.4210722139537975,3.968
train,pretrain,M1o3FS0awtk,00026,0,pretrain,HYzrdn7YLCM,00020,4.388747233509241,13.056
train,pretrain,IkJSZGQaeak,00025,0,pretrain,moS9iMlmsP0,00019,4.233547044009452,4.736
train,pretrain,SS6ZojCzNGY,00012,0,pretrain,PyS1o4sX1hk,00015,3.970017983263375,11.712
train,pretrain,ScvI1jKxlTM,00016,0,pretrain,2mU8xezh7rQ,00002,4.989090242950196,8.256
train,pretrain,Af5qUxl1ktI,00001,0,pretrain,Wzy0cX1NXpM,00009,-1.4981966558836923,3.84
train,pretrain,oD06XPtmLZY,00013,0,pretrain,qFza3W87eDg,00003,7.89412614982675,5.76
train,pretrain,B905LapVP7I,00008,0,trainval,N4wFyRGilp4,50005,-6.606966906560563,2.304
train,pretrain,AR6RiSHN7S0,00019,0,pretrain,jiDQDLnEXdA,00010,0.16324558642234877,11.008
train,pretrain,SV2FB4ZmsTQ,00003,0,pretrain,i0a61wFaF8A,00019,4.800306686142681,13.12
train,pretrain,YyBk55G7Keo,00032,0,pretrain,pz1TDXKSTHc,00044,9.215036542947882,5.696
train,trainval,g2J6YOiLNr4,50019,0,pretrain,lV3trdyDdHE,00037,-8.608465155306098,2.944
train,trainval,iW4fCwfw1vg,50002,0,pretrain,w2mJMS09Qjk,00015,-5.7818265124542245,4.16
train,trainval,5Walt8nPINM,50006,0,trainval,IRxgDMSp9Gs,50019,-2.5205049967991844,4.224
train,pretrain,HEFSHP2XE7E,00037,0,pretrain,NXfYNdapq3Q,00021,4.581018402420812,4.416
train,trainval,ue4L8kmaKXQ,50004,0,pretrain,Kqm9AEvJgxU,00012,6.463484985157212,2.24
train,pretrain,8oHvknJfklE,00015,0,pretrain,ShFk6FDrZBc,00007,-5.232732972255281,10.496
train,pretrain,w96osGZaS74,00026,0,pretrain,wtvhqeVoeqI,00021,-5.0153241423193995,4.16
train,trainval,q319HSSLs9Q,50010,0,pretrain,td5Ld3nURAI,00003,-1.8399985838135393,2.048
train,pretrain,IxjwJ0Y1bxE,00005,0,pretrain,3yfFwDq4R5M,00019,-3.4585780850761942,6.784
train,trainval,g2J6YOiLNr4,50026,0,pretrain,N8Votwxx8a0,00026,4.959254676428223,2.88
train,pretrain,Pl8OlkkwRpc,00025,0,trainval,eyBEIx7fCfY,50007,2.036323616076265,2.688
train,pretrain,sa0RUmGTCYY,00023,0,pretrain,XiEQmcZi8cM,00026,-0.27547266694107364,6.016
train,pretrain,uW9tg1vJwZQ,00011,0,trainval,u1SdYypojbE,50005,0.2934648648066318,6.144
train,pretrain,KQbTvFHymLc,00010,0,pretrain,hiM48jSNZOU,00012,4.0098553503558865,7.744
train,pretrain,9EglK8Mk18o,00011,0,pretrain,tiwVMrTLUWg,00021,2.575236133111412,4.352
train,pretrain,Ztl2li6GTWg,00010,0,pretrain,zR8ReJoc1u4,00017,-6.1877078314565725,4.608
train,pretrain,dY9f9bFctUE,00020,0,pretrain,ivfJJh9y1UI,00017,-4.283562958894372,4.352
train,pretrain,SJWoKsfsSaA,00015,0,pretrain,eUznJ3LtvGc,00046,-6.967537754614179,4.928
train,pretrain,5sS3Yjh9Lw4,00020,0,pretrain,7npLVcymHGc,00054,-5.3274846335703145,4.096
train,pretrain,OibJT7GSwyo,00021,0,pretrain,MpISFKqk0Ew,00021,0.9069067544819998,4.864
train,pretrain,St7SxHszKws,00027,0,pretrain,ofsncCF9OSU,00001,-7.049160747929997,6.016
train,trainval,LWQfeSSfNbs,50012,0,trainval,KNXOVpN8Wgg,50007,-5.470814685625789,5.12
train,trainval,v84pD2g3gSk,50001,0,pretrain,IBoJcDlqmo0,00024,-1.6325612836602446,2.048
train,pretrain,acNSymOsL6M,00015,0,pretrain,T4SvurUIYI8,00003,-4.949547913760918,4.992
train,pretrain,sYOS4qOHxdg,00007,0,pretrain,SJWoKsfsSaA,00052,-3.8324363789123677,4.48
train,trainval,9h2dFSIsH0I,50002,0,pretrain,SXYwKxdxfF8,00013,-1.2702403029666716,4.416
train,pretrain,SDjLpMj3BDU,00034,0,pretrain,ema8O7xqjvk,00014,-0.45174444996739105,3.136
train,trainval,7rMYfiRNT7g,50020,0,trainval,gWPFJgLAzu4,50011,4.601357089987568,6.08
train,trainval,TUtxSwC5mqA,50010,0,pretrain,9RTkZaX1cH0,00016,1.5808717008969815,2.944
train,pretrain,Qao76IPXWSE,00002,0,pretrain,koOpvazE9VQ,00003,-1.840787177717269,5.888
train,trainval,Mr8nvXvlSy8,50030,0,pretrain,lnvkNGc6YYM,00009,-1.1425229670896186,3.584
train,pretrain,Td2hfdXQ5x8,00036,0,pretrain,VPweEhht9y4,00006,-5.734690988574367,7.68
train,pretrain,kLIfeGflNp8,00008,0,trainval,RcGyVTAoXEU,50003,0.3311955111275786,5.568
train,pretrain,drv3BP0Fdi8,00031,0,trainval,1CN7PF10RKo,50002,3.721890674352231,3.904
train,pretrain,1Dd2yCf3PyA,00013,0,pretrain,wMWYLgj1ydw,00017,6.647189356973243,5.696
train,pretrain,ALTvG9MIR64,00019,0,pretrain,WLj0uepcPFs,00009,-4.3178954840527,18.816
train,trainval,9VXOknUbzBM,50022,0,pretrain,BA8XOF6IpXA,00036,9.607356671355738,3.136
train,pretrain,KXAnS2epCPA,00016,0,pretrain,DwYQHj7Hmik,00018,5.958952659113095,7.424
train,pretrain,V1ItvwxBENg,00005,0,pretrain,0Sdja9Ys4Sg,00009,2.4148446343882632,9.664
train,trainval,Eewvsw027jg,50001,0,trainval,S47ZRF02Cyo,50009,-3.432264928372337,3.456
train,pretrain,zISxg4JhSRk,00008,0,pretrain,x4lASM3zbdU,00006,5.634588253628785,15.296
train,pretrain,gZlzCc57qX4,00021,0,pretrain,CrsdoIOGCRw,00031,-3.4807995509511658,9.152
train,pretrain,Ligs82S0qN8,00013,0,pretrain,lv2SjZ6tIGg,00013,5.5736727875530825,10.56
train,pretrain,mCZCokSu37w,00008,0,pretrain,kLIfeGflNp8,00006,-3.7683447842560724,3.584
train,pretrain,mUJdzaLDRIo,00059,0,pretrain,1yVdhRyTxaM,00008,-8.59678534088884,3.904
train,trainval,ISjk9ni4XWk,50016,0,pretrain,WSSaFAZS0Dw,00006,9.431625718399363,3.456
train,pretrain,ynSrWmoq7Is,00039,0,pretrain,8tEuaj4h8dw,00017,8.876762328954712,4.672
train,trainval,MCeaijwHxS0,50002,0,pretrain,btF6nKHo2i0,00031,-5.233365721217236,6.144
train,pretrain,7CmqNpCofc8,00029,0,pretrain,3BS1itqCKHo,00008,0.5540472684593283,11.776
train,trainval,nq0SzGzSc8g,50001,0,pretrain,19MSMRPgPYc,00010,-3.7474890037555664,6.016
train,pretrain,5tUnSuoYKoE,00038,0,pretrain,WGBTz8ciZLg,00011,-0.8350575020428543,6.592
train,pretrain,akOe5SUsQ2o,00053,0,trainval,qaue72D9pSI,50004,-1.7104709156322073,5.44
train,trainval,aI8KiPiVLyY,50010,0,pretrain,G6dfUFgKmN4,00004,8.290360932041054,6.208
train,pretrain,PWhjzFwn9Js,00012,0,pretrain,1isiSaTSXb8,00009,2.5479109766301082,3.584
train,pretrain,s9jsZPeqFCw,00003,0,pretrain,AOEQ9GteWbg,00011,-2.1501079609000424,14.208
train,pretrain,JlbwchclCBo,00003,0,pretrain,V1gxziZwmkc,00042,2.4170803166335624,21.568
train,trainval,7DLzXAjscXk,50046,0,pretrain,SSy6CJLMuiw,00002,4.70096979660182,3.456
train,trainval,iueVZJVEmEs,50005,0,pretrain,pz1TDXKSTHc,00046,0.41530468507081864,3.584
train,pretrain,5Jqk1rkuUwU,00005,0,pretrain,ElJxUVJ8blw,00022,-2.2590874444830122,9.28
train,pretrain,v50PTSaOOGI,00013,0,pretrain,SsU5CJRaKP8,00012,7.263717662898671,17.856
train,pretrain,9UiK4llJOXc,00011,0,pretrain,o08ykAqLOxk,00002,-3.319508782244805,3.776
train,pretrain,N3SCXzYOWBg,00002,0,pretrain,VHECIP6Tz0M,00014,-6.946683729707493,9.6
train,pretrain,xbWcLYOniWU,00030,0,pretrain,v3FDwQVb0Nw,00016,3.2703197737762473,6.08
train,pretrain,t4kyRyKyOpo,00009,0,pretrain,B0ESVNX1SYk,00003,-5.909208619841317,5.248
train,trainval,bbT8jSPS2LA,50035,0,trainval,8Ug1MnU6LKw,50021,6.370670022255631,2.496
train,pretrain,wIkvIKeRNoY,00006,0,pretrain,4Lr1dvOjSUw,00003,5.95093277886596,3.328
train,pretrain,IJmr7MsS8fw,00036,0,pretrain,ht1zFl7HyO8,00016,-4.863382809468428,4.352
train,pretrain,j7c9b9A2AHc,00062,0,pretrain,LFJ9WAHowcg,00035,-2.2187653999737744,6.016
train,pretrain,GkRn9Lp16UI,00026,0,pretrain,NdKEy6vcCMw,00035,5.333777250984264,6.336
train,pretrain,EL9TBKSdHXU,00025,0,pretrain,S6pLPVfKFoQ,00055,4.296686226829449,6.336
train,pretrain,6AvXhgXlGpE,00048,0,trainval,qzR62JJCMBQ,50022,-1.6492800478379621,4.8
train,pretrain,zA6SpcEz8Ls,00016,0,pretrain,u5GCetbP7Fg,00028,-7.979964857113206,7.488
train,pretrain,h0dSQDgl3gI,00015,0,pretrain,lUHy84tSDrA,00011,-9.446185861287805,7.168
train,pretrain,tj2jeYqfLuA,00017,0,pretrain,IAAK7GWQ32Y,00001,9.189892516096439,4.16
train,pretrain,bczm0RsIZUM,00025,0,pretrain,yioZhHe1i5M,00012,-4.383928323417294,4.032
train,pretrain,bk65ivyQZy8,00010,0,pretrain,7HD3lrb6VtM,00008,9.599567542376185,14.72
train,pretrain,oPpE0AGqFuk,00032,0,pretrain,AS3Pyc4Qr2Q,00010,-8.762940483109992,8.128
train,pretrain,Nhwq12TKkQQ,00024,0,pretrain,gMNlRovT5x4,00009,-2.525387269450503,13.376
train,trainval,VCRcGKpjWtU,50004,0,pretrain,SmsYxDvdcYc,00025,5.373473777989659,4.352
train,trainval,W8OiVZrAj4c,50013,0,pretrain,LifvSfll2dw,00007,3.5897872558182,3.968
train,pretrain,Diuv3XZQXyc,00013,0,pretrain,GB4s5b9NL3I,00046,5.509529753586605,4.224
train,pretrain,W7kZWmw3JxY,00004,0,pretrain,o0VrZPBskpg,00007,-8.431890046487142,4.416
train,pretrain,Vqm8fXFFHyY,00008,0,trainval,HR9956gDpUY,50003,2.6233256762157353,3.2
train,trainval,VvpUZjRVoBI,50020,0,pretrain,DOvbl3ZPPV4,00011,-6.960392808132594,2.816
train,pretrain,a7cDt5r2pGY,00004,0,pretrain,Se8kcnUSuZw,00007,5.8113336750470985,3.2
train,pretrain,CVdPhUPO5YU,00017,0,pretrain,kNhyOYv2ejw,00017,-4.207628515924997,5.888
train,trainval,Qao76IPXWSE,50001,0,pretrain,OGhbCC9mNM8,00008,-5.778060193887318,3.392
train,pretrain,w3q89BTJj3o,00028,0,pretrain,56WGgJNBRxQ,00008,-3.7077347546673467,7.616
train,pretrain,deT1mILtFEY,00022,0,pretrain,3B24RaqA33k,00048,-7.155285484267582,8.768
train,trainval,mclzytQQMGI,50013,0,pretrain,UtA860ss1eU,00016,1.3039080178214562,2.304
train,pretrain,o08ykAqLOxk,00024,0,pretrain,tFX68SJs2S0,00009,9.006293300347174,8.32
train,pretrain,FD5ZKiSmoMU,00042,0,trainval,nn5k4snG3rA,50033,-7.492049386386343,4.608
train,pretrain,WbuIl6phdco,00047,0,trainval,YeXcNpVkezI,50004,-7.773126316622365,5.888
train,pretrain,sa0RUmGTCYY,00009,0,trainval,CzgS9C7gw0o,50015,0.9632759011744412,2.816
train,pretrain,5pIGDw18mIQ,00018,0,pretrain,7n9IOH0NvyY,00036,-3.3567440942189464,8.32
train,pretrain,buhMdC7MO0U,00010,0,pretrain,9FBxfd7DL3E,00021,9.461491045859464,4.288
train,pretrain,gZlzCc57qX4,00040,0,pretrain,SEDvD1IICfE,00011,-7.3725251236772475,6.464
train,trainval,h0C2LPXaEW4,50011,0,pretrain,CV3XRRQB9PM,00006,-3.8711783475347827,4.416
train,pretrain,KPN8LHVeFYA,00003,0,pretrain,HAKea48B3oM,00036,9.958953538286494,11.008
train,pretrain,3B24RaqA33k,00041,0,pretrain,Xw4K07eVuQE,00015,-7.820660997424589,6.016
train,trainval,yRUCU5FsvTY,50020,0,pretrain,3GFG6Cvy9HQ,00030,-2.11832921465213,2.816
train,pretrain,yDYCf4ONh5M,00046,0,pretrain,nncPtxLCPrE,00004,-8.193116748816786,6.72
train,pretrain,r1qdSnDm67s,00015,0,pretrain,j7c9b9A2AHc,00035,5.658372660326929,5.504
train,pretrain,8rZzHkpyPkc,00025,0,pretrain,V84bSWIlNA0,00011,6.244975559031058,6.08
train,pretrain,tpODOkfrwyQ,00002,0,pretrain,aT6vIq6S1OE,00020,0.311890344691248,6.016
train,pretrain,eH5qxw6Pd1c,00018,0,pretrain,3E46oWB4V0s,00012,4.96217170626106,14.656
train,pretrain,dXqPaHQp4Xw,00006,0,trainval,PiVB5niLrWg,50007,8.49779656290858,6.016
train,pretrain,hgui64Kr0Go,00011,0,pretrain,488ZBeaGo6s,00037,4.450279928033298,7.36
train,pretrain,8wSOZFBcwZc,00006,0,pretrain,5MgBikgcWnY,00017,6.58296745969437,11.968
train,pretrain,qqNLSZ6SSSc,00031,0,trainval,apZ2pCGi8RA,50004,2.4288941275263447,2.24
train,pretrain,y7LXwGfvxwo,00025,0,pretrain,ftWn4QOvTTo,00027,6.634229365521133,4.608
train,pretrain,1krVk4CMy98,00008,0,pretrain,sFNmulAb4wM,00030,-1.7766646276265714,4.928
train,pretrain,jobYTQTgeUE,00004,0,trainval,NgDGlcxYrhQ,50006,-7.751303787837771,4.608
train,pretrain,2XiDdnDCD34,00051,0,pretrain,zXCiv4sc5eY,00047,-8.648522717082837,3.776
train,pretrain,7SfRgg9botI,00016,0,pretrain,no809a9j25w,00007,3.9883336951443393,5.76
train,pretrain,Sd7lvPpDDUg,00005,0,pretrain,V2u6CzpRqts,00020,-9.549558409408927,11.264
train,pretrain,ufUkAQOQaXU,00007,0,pretrain,zXCiv4sc5eY,00032,-8.437712665035582,3.84
train,trainval,IOzdXNXzDqE,50005,0,pretrain,19MSMRPgPYc,00001,6.911572543119707,3.52
train,pretrain,uKByBgqxOw4,00021,0,pretrain,bhHJ4DRZNZM,00014,-3.011700124625632,8.512
train,pretrain,kTz52RWSbD0,00011,0,pretrain,8etnSTnX92g,00002,8.19710906064038,15.616
train,pretrain,dhMoQrLEJe0,00021,0,pretrain,4ZgwzSm7sRs,00041,-6.105909226220792,5.44
train,pretrain,MkSSu32xfGc,00004,0,pretrain,mymMye4purU,00014,-2.7184495184544977,5.696
train,pretrain,Ftow7dSpaiY,00021,0,pretrain,SeBUcBfkVCo,00024,3.2511808339956403,23.232
train,trainval,rTMqGbTNkNg,50011,0,pretrain,qFOooWq2inA,00008,-9.787795443988117,2.688
train,pretrain,k9fmJ5xQSmc,00021,0,pretrain,cRrgDS4SD8s,00034,-2.0697601067160427,3.456
train,pretrain,GmSfwNFkNJ8,00003,0,pretrain,drv3BP0Fdi8,00050,-5.6316610024799,4.224
train,pretrain,audakxABYUc,00018,0,pretrain,YyBk55G7Keo,00030,2.8872392710437484,9.6
train,pretrain,Syi9bqfFIdY,00002,0,trainval,J6ZzmqDMhi0,50002,8.341825060258099,4.096
train,pretrain,9qd36SQPxSY,00004,0,pretrain,JCI9FBP0Abg,00031,1.2421683531285588,14.4
train,pretrain,vNpmq6OkSQQ,00005,0,pretrain,a17Z5Sk2XJY,00035,-3.246204014817695,4.288
train,pretrain,hqQSTqVNnOY,00016,0,trainval,KI3WJXNhCJ8,50011,-2.0348460649664997,5.888
train,pretrain,7n9IOH0NvyY,00021,0,pretrain,9FCsyK4aRXQ,00015,-7.4827271313922905,15.936
train,pretrain,MvojSku8zk0,00009,0,pretrain,cQ3PWXoYIoE,00013,-4.581455756423751,4.16
train,pretrain,boSGZ3qSAys,00042,0,pretrain,0FkuRwU8HFc,00042,2.5861739045529966,13.184
train,pretrain,BQj2ZSGPsY8,00023,0,pretrain,GbYc9BOU30o,00022,7.494378770658024,4.352
train,pretrain,Hc6yiSFtoNo,00007,0,pretrain,3Bk6G2X5Vjk,00006,2.766772169518628,5.44
train,pretrain,YraU52j3y8s,00011,0,pretrain,90mj79GqWhc,00024,-8.20331253359517,4.096
train,pretrain,HDjM5lw8OYo,00028,0,pretrain,WNj1Y11tSx8,00015,-7.856025370004021,7.552
train,pretrain,VOXikTyZxPA,00005,0,pretrain,jYperQKUkcs,00017,5.38010906849852,8.448
train,pretrain,Mr8nvXvlSy8,00020,0,pretrain,LpNkuaVnlPY,00012,2.5757818063182434,7.68
train,trainval,QekbuidfQKo,50014,0,pretrain,xy7SMVCRFbQ,00016,-5.271298316765316,4.672
train,pretrain,NAkkckxE9i8,00012,0,pretrain,uFIc7XEVyM0,00027,-7.191262369849964,5.632
train,trainval,6xsvGYIxJok,50001,0,pretrain,8rzlrItooG4,00019,4.644475356289659,3.584
train,pretrain,QVSqg1CRvl0,00003,0,trainval,CGksAjzI0go,50019,-7.490830251754758,6.08
train,pretrain,70uaS1e9YN0,00011,0,pretrain,V2DgJBx3cyA,00009,-2.0315465207328547,4.928
train,pretrain,uVAaZVz9pDs,00037,0,pretrain,Syi9bqfFIdY,00031,5.437171992228713,4.608
train,pretrain,PDKKOSJX6yQ,00007,0,pretrain,rXkOPv3wVZw,00002,0.9503499715002643,4.544
train,pretrain,ESwp7HN9Zvs,00009,0,pretrain,6lFvXTxgokY,00007,7.010081294957903,8.832
train,trainval,7DLzXAjscXk,50043,0,pretrain,MnT1xgZgkpk,00010,-7.481848167091232,2.368
train,trainval,WfjzkO6SDEI,50002,0,pretrain,xb4nTtpvDF4,00003,3.6222661648752847,2.816
train,pretrain,SMTRxRO5SRA,00003,0,pretrain,TdBAHexVYzc,00034,-7.643298784845274,5.44
train,pretrain,o8xWaNpSlbI,00004,0,pretrain,yPGwA7t6bpI,00005,3.0444391221944844,6.208
train,pretrain,19KkFCQz8WQ,00021,0,pretrain,pPgd7Hj3ABQ,00035,-3.9448857951687692,4.16
train,pretrain,SQ06XyEtGzs,00001,0,pretrain,r3L9n20myqk,00017,1.291538121388772,10.688
train,pretrain,2xKXLPuju8U,00013,0,pretrain,8dSDMQNoikU,00001,5.051975332942671,7.616
train,pretrain,eJCTAXbSBWs,00007,0,pretrain,WzuWMf3WPPc,00026,-0.8908645637780399,4.096
train,trainval,0YeVt2kpSSo,50007,0,pretrain,4AUSqB0RVNY,00004,4.472740185634731,4.288
train,pretrain,d1D2SGSBhlA,00002,0,pretrain,zOSaCQ6xHS8,00002,2.028629944707916,4.992
train,trainval,Zf0zAiS8CtY,50002,0,pretrain,NiMgOklgeos,00017,-1.035165686981161,2.88
train,pretrain,2wseM6wWd74,00034,0,pretrain,ZChEFOGSn8Q,00045,-4.032038731669816,3.136
train,pretrain,icI94blMKIc,00011,0,pretrain,zLNXIXingyU,00035,-3.5131828732738875,5.504
train,pretrain,4jBB5iibKy0,00009,0,pretrain,RLh5CRUecfY,00029,8.987490107986822,13.056
train,pretrain,tHYtv5FLC6I,00014,0,pretrain,6LpSNMaU0r8,00020,-0.4281891402660172,4.16
train,pretrain,04SEzifEsGg,00013,0,trainval,hRSw8DBbFr8,50004,-8.561810274730382,6.016
train,pretrain,dsmgvrcH94U,00017,0,pretrain,G8cjIBwP52o,00041,5.940912054498179,17.216
train,pretrain,mAAxykQH0Wo,00001,0,pretrain,zLNXIXingyU,00011,3.8617888409574306,5.76
train,pretrain,mj0CWrSB7E8,00001,0,pretrain,IgKWPdJWuBQ,00057,8.187226711341623,3.84
train,pretrain,rAA8mMQi0is,00016,0,pretrain,MSE5Vryrd0I,00010,7.807170151381587,6.144
train,trainval,fv8KpQY0m6o,50002,0,pretrain,8m5Ebx6nuGE,00017,-5.748517814799657,3.84
train,pretrain,tRqVPRwKn2o,00008,0,pretrain,bXRCVHVstEY,00007,5.902814546735941,8.256
train,pretrain,SIKqVKyyW6w,00003,0,pretrain,SjsGSNgmleA,00016,-2.656955003182702,4.544
train,pretrain,i5p3NC9OwB0,00015,0,pretrain,bS7A7S8AZSQ,00006,2.5262914639115657,7.424
train,pretrain,kSGFq12w5WU,00023,0,pretrain,lkVYV2P8dQE,00011,8.116766986242347,6.08
train,pretrain,vcSn852sv3E,00002,0,pretrain,pNttjJUtkA4,00006,-5.259833716763874,8.0
train,pretrain,bjNSaXg4S6Y,00011,0,pretrain,POTosC2q6Hs,00004,3.541401935490523,6.336
train,pretrain,v3SZTqj2Skw,00015,0,trainval,uPE0G00XFV0,50007,8.46682611968933,5.632
train,trainval,WonC2e5aOGE,50005,0,pretrain,TFvkq4BAvnw,00021,-0.6508334461472192,6.208
train,pretrain,SQ06XyEtGzs,00002,0,pretrain,lYdk1NK9Sr0,00005,1.09977720050205,4.736
train,pretrain,ORBf73HiJns,00025,0,trainval,MLZubXfClL4,50002,6.0279009032253725,2.048
train,pretrain,GB4s5b9NL3I,00016,0,pretrain,zORUUqJd81M,00037,7.3138524916302785,12.928
train,pretrain,gwPoM7lGYHw,00026,0,pretrain,f8U2GwInI9o,00029,-9.32723516677218,28.928
train,pretrain,a19lSbFPRqY,00004,0,pretrain,APPbSStpGHk,00013,-3.2407171128773005,10.304
train,pretrain,3B24RaqA33k,00025,0,pretrain,SI3v6KS2Zgs,00003,2.843578724358977,4.032
train,pretrain,KI3WJXNhCJ8,00003,0,trainval,6H6wKMYSiEU,50002,-6.755011515960192,6.016
train,pretrain,UIAm1gSVgn0,00031,0,pretrain,GwRzjFQaSOg,00016,-3.121869612801717,5.44
train,pretrain,DgofaSv4MA4,00010,0,trainval,kFMZrEABdw4,50001,3.331496136220606,2.432
train,pretrain,UB2iYzKeej8,00003,0,trainval,H4iRPytrnJo,50001,3.8797511484119305,5.888
train,pretrain,46w99bZ3WSM,00028,0,trainval,6VWPHKABRQA,50004,-3.294305527887154,4.544
train,trainval,upNONoxskiw,50001,0,pretrain,3q3WOrs8kAM,00004,-0.4544388603656522,4.928
train,pretrain,ro1Ksq5DihU,00014,0,pretrain,QVSqg1CRvl0,00006,9.754461720348186,10.688
train,pretrain,q9Ou0cj3fF8,00037,0,pretrain,tjkrKA1cVdU,00003,1.4177150289766374,3.84
train,pretrain,iSpwUpdQdyY,00016,0,trainval,zSbCNWyYams,50003,-6.683254392256761,6.144
train,pretrain,SK095wuESeE,00013,0,pretrain,ASOvJjAw2Jo,00017,-4.90010045885652,6.592
train,pretrain,Rr5Py1r9xjw,00020,0,trainval,fbeFn1Xcqo4,50011,-2.9156917792115467,3.328
train,pretrain,4wOxJOPnSUg,00017,0,trainval,CLSSiaFuLo4,50011,-5.891536783454678,2.432
train,pretrain,cplaWsiu7Yg,00014,0,pretrain,kOPMqiKhoSc,00032,-6.079359251687904,4.096
train,pretrain,sSXv06gUX3Y,00018,0,pretrain,FdHJw0veVNY,00034,8.828135248454558,4.224
train,pretrain,axAxSDq3rn8,00009,0,pretrain,akOe5SUsQ2o,00017,-1.3818832664041913,4.608
train,pretrain,W0WOfMeWvsQ,00004,0,pretrain,gC1CVOn8JQk,00013,-6.650386303046398,9.216
train,pretrain,on3KttMgbZE,00016,0,pretrain,zmDENxTPn8Q,00029,8.243805587951073,8.64
train,pretrain,ufp5iGh0agA,00009,0,pretrain,0D9QIG36J9Q,00009,-6.879592610565117,9.28
train,pretrain,0ygtX2nyexo,00008,0,pretrain,OGhbCC9mNM8,00019,2.335250586365799,7.296
train,pretrain,rFAdlU2ETjU,00024,0,pretrain,gzthxdm7XNs,00024,-4.472824239237509,7.68
train,pretrain,IgKWPdJWuBQ,00023,0,pretrain,gLDQr9i7LkM,00037,-9.023841520655738,7.68
train,trainval,iwlSPe0FbSg,50010,0,pretrain,j7c9b9A2AHc,00053,9.439460189476751,2.176
train,trainval,MKKGS38vCO8,50001,0,trainval,5iqZzi9mj4M,50003,0.8413417470123861,3.648
train,trainval,xWVWhSvNLtU,50001,0,pretrain,2R3Njv0LjjM,00004,-3.1740863327938946,3.84
train,pretrain,K5PEJPSwt0k,00003,0,pretrain,bRuU02haIK8,00011,-3.48923607011667,13.184
train,pretrain,2tBuvxXxlS4,00021,0,pretrain,m7SuKQGPMSw,00033,-1.0854265419036082,9.92
train,pretrain,IfG7WVSbN6Y,00008,0,pretrain,asSNPOU5U3c,00044,4.692823523417168,3.136
train,pretrain,QfODW06Qi8E,00007,0,pretrain,MLyguFQR5N4,00015,-9.653813639922209,8.128
train,trainval,cplaWsiu7Yg,50002,0,pretrain,bVV2Zk88beY,00021,9.536667432161618,6.08
train,pretrain,MBZyRlxVdSE,00018,0,pretrain,PB2OegI6wvI,00002,3.150822434802091,7.808
train,pretrain,pbotabqHUys,00017,0,pretrain,mguvTfAw4wk,00018,-5.989874690885633,3.648
train,pretrain,jhOJ7DQo3ZU,00010,0,pretrain,vYV4tAq3wVg,00012,-8.958370140270443,6.272
train,pretrain,63XsokRPVSY,00018,0,pretrain,X1LtIS8VGkk,00009,-4.880952704132843,3.904
train,pretrain,E5BOBs3Nmbw,00024,0,pretrain,SeBUcBfkVCo,00018,-5.155909648307193,4.864
train,pretrain,Tg35UfOJhe4,00013,0,pretrain,eIho2S0ZahI,00008,1.361312482557512,6.016
train,pretrain,Ttshw4mELNk,00018,0,pretrain,lfrG2bidW5g,00006,-1.9307947341865468,24.256
train,pretrain,VASXSkawBiY,00016,0,trainval,bczm0RsIZUM,50001,-6.76181493606366,2.176
train,pretrain,MJKSdMlATmM,00024,0,pretrain,maCww8AXIvg,00013,8.332249879675949,3.264
train,pretrain,pew48bbrob0,00018,0,pretrain,eLrBw8BKOWI,00007,-5.453116133979097,7.936
train,trainval,0FQXicAGy5U,50005,0,pretrain,DwShSwvxPKs,00004,4.726933588937639,2.944
train,pretrain,ynSrWmoq7Is,00018,0,pretrain,SxwLfSlkJDI,00016,-0.20183404604740574,3.264
train,pretrain,79zra755WgA,00016,0,pretrain,HALd9FY5SVQ,00006,-6.613236728017564,3.328
train,trainval,askcLEVCTko,50005,0,pretrain,7POkIJfbMyU,00006,-9.7005314743315,2.112
train,pretrain,dE1DuBesGYM,00068,0,pretrain,3sUWSDHOVn0,00001,4.133324406656101,7.488
train,pretrain,OhYvDS7qSV8,00008,0,pretrain,JBLc4Ekl3BA,00027,-5.276626326636922,6.784
train,pretrain,3E46oWB4V0s,00011,0,pretrain,CZNrOzgNWf4,00023,-8.499439959718142,11.776
train,pretrain,hSSmmlridUM,00018,0,pretrain,3lxyiS3CGrk,00016,7.379948359644025,14.528
train,pretrain,2NcetHNXaxU,00029,0,pretrain,JrRRvqgYgT0,00007,-3.5684578243381804,6.528
train,pretrain,ZQElzjCsl9o,00008,0,pretrain,esugL07XANg,00048,-6.165948287334491,4.16
train,pretrain,Mu00S1dAMl4,00006,0,pretrain,HYGvts8hre8,00001,0.2967785527473765,6.784
train,pretrain,Sx1qkuvUxuI,00025,0,pretrain,OAK1UIbSFio,00061,-4.394221359556552,8.96
train,pretrain,Syi9bqfFIdY,00010,0,pretrain,vFPkEIGUofc,00003,-0.3792631161335063,3.84
train,pretrain,1mUDw0sRZV0,00012,0,pretrain,QLBtr2rOFkI,00021,-0.6200256808134323,13.44
train,pretrain,syqScVtnKuU,00035,0,pretrain,ofsncCF9OSU,00009,-5.640267243207894,4.608
train,pretrain,LifvSfll2dw,00010,0,pretrain,KU0zEEDRKXo,00005,-0.08564396361755833,7.296
train,pretrain,zqLYcJ6Ib3c,00009,0,pretrain,Svm5Czaf82k,00012,9.944003344270605,4.096
train,pretrain,LizFrxTK5Qo,00008,0,pretrain,ncwpzEoVZCk,00003,3.6312213078899127,5.056
train,pretrain,buRLc2eWGPQ,00037,0,pretrain,yDubrSRjlCE,00045,0.2391512703119787,3.84
train,pretrain,Peu7eeGtmQ4,00037,0,trainval,oAl82gFMZis,50004,-5.213496038225804,3.648
train,pretrain,6ul2TSvUDog,00025,0,pretrain,xp0O2vi8DX4,00022,1.1460240296046962,7.488
train,pretrain,0UmUgaJwEr0,00022,0,pretrain,blfVA0aSCBc,00012,3.6247449084354137,3.008
train,pretrain,dY9f9bFctUE,00018,0,pretrain,FrgzvykPILc,00030,3.4065112773747597,6.976
train,pretrain,D9ZNpt6FVTY,00005,0,pretrain,k5tCYg9s0HU,00018,-4.174782730849607,8.32
train,pretrain,pyWrZceeKNE,00011,0,pretrain,SCEKKHyxgaw,00021,5.48783802851913,5.376
train,pretrain,u9hauSrihYQ,00017,0,pretrain,fgfQLTIhi1U,00011,-4.070570128904693,5.568
train,pretrain,sWnAtLt8kSs,00016,0,pretrain,QWN5xhV6v1U,00032,-3.615791919008431,4.8
train,pretrain,jPyR3UDhOm4,00020,0,pretrain,nn5k4snG3rA,00013,-6.416739423135393,19.648
train,pretrain,ZBWsmoy5Re4,00047,0,pretrain,UxLRv0FEndM,00016,-7.80560801156782,5.824
train,pretrain,8J622Kyt4r0,00002,0,trainval,eNC1h5H5cJA,50006,0.30459635439708777,4.096
train,pretrain,pYgvVDCHRZM,00011,0,pretrain,ddrIKWVnyZ4,00005,6.486076271755103,3.2
train,trainval,IRVdiHu1VCc,50001,0,pretrain,NVPxmzSPvUw,00048,4.519050541878819,2.176
train,trainval,DEmjzXi2lfI,50024,0,pretrain,kcwBHSUevxo,00004,2.0346624012847023,2.048
train,trainval,sa0RUmGTCYY,50023,0,pretrain,16cMSRFid9U,00020,4.157223517314852,5.76
train,pretrain,1N6e0DnGq38,00008,0,pretrain,fSmQIWnO3Ag,00012,-6.8543921202068,2.048
train,trainval,F2dFiK3wkRA,50001,0,trainval,zORUUqJd81M,50020,2.8452916292779804,2.496
train,trainval,eCknUJJc3qU,50004,0,pretrain,K9SQUZbAIoY,00008,0.017858750410544744,5.76
train,pretrain,O4g60zB4Un4,00002,0,trainval,HirySSCYiwI,50003,-1.4595424408356088,3.072
train,pretrain,PzSw6OsEP9Q,00015,0,pretrain,k4N2SxUZwiU,00015,-7.789578027070279,9.216
train,pretrain,2ZviHInGBJQ,00019,0,pretrain,LSGfqyhleUA,00039,9.02797994611759,5.952
train,pretrain,4AaSUyfNN4c,00023,0,pretrain,5tUnSuoYKoE,00064,9.278500715324437,6.656
train,pretrain,WmJwn4WDeLE,00005,0,pretrain,0Sdja9Ys4Sg,00006,4.31629128084311,4.864
train,pretrain,ttDM6ZtLUL4,00012,0,pretrain,Kc0Kthyo0hU,00036,4.59520923530053,7.808
train,pretrain,r2SX7mTUirk,00006,0,pretrain,Wh9O3SciOYs,00032,-6.088432744450001,5.248
train,pretrain,aTfwA1TaH3Q,00001,0,pretrain,sLiM2SizFl4,00066,2.8507745165932956,13.44
train,pretrain,o5ojwGhKr20,00003,0,trainval,BgbD67U0BAQ,50006,-1.3054141149585252,6.08
train,trainval,SI3v6KS2Zgs,50001,0,pretrain,nW5VhQyc4Fg,00001,-1.405300750734778,4.16
train,trainval,0ITHlySbhJE,50005,0,pretrain,M1o3FS0awtk,00023,2.311907542925102,2.048
train,pretrain,yPGwA7t6bpI,00014,0,pretrain,afev0ZjAhUA,00011,8.73632776721469,4.736
train,trainval,Mr8nvXvlSy8,50039,0,pretrain,h4MhbkWJzKk,00035,-8.182345132198085,5.888
train,pretrain,2URf46UY7SA,00006,0,pretrain,5Dn08yo9aiM,00015,-7.7675082479792,4.544
train,pretrain,Wj7hmzfX5eQ,00012,0,pretrain,SDSjySgNSTk,00012,5.059708861553764,5.248
train,pretrain,zvvZEIGNLo0,00025,0,pretrain,48NRknBcz6k,00006,-9.26391559880529,11.776
train,pretrain,3aJma6R8Ptw,00015,0,pretrain,I4fJPKSKbrA,00008,6.3944903861702365,3.584
train,pretrain,0SkdP36wiAU,00003,0,pretrain,zawpbVpu5nY,00004,-2.7384603588468837,4.736
train,pretrain,zvwQXwJyaj0,00030,0,pretrain,VT3XyORCFDA,00004,4.763346000895831,8.832
train,pretrain,bSiGZPtWXzE,00003,0,pretrain,CkDYlQhx0wY,00012,-2.433577068597767,5.376
train,trainval,6MBaFL7sCb8,50013,0,trainval,d5wfMNNr3ak,50022,5.545235288114501,2.048
train,pretrain,w96osGZaS74,00035,0,pretrain,mS8tQSTYLgk,00004,-2.079272860857584,5.12
train,pretrain,N37x4GgDVBM,00027,0,trainval,04VbxnzUwes,50001,-7.031637075780665,5.696
train,trainval,KPzccnstSXg,50030,0,pretrain,4T9N3ZcRBSI,00005,-4.698053772300311,5.44
train,pretrain,HJYDwS09coE,00002,0,trainval,fwm3azuoLr4,50007,-9.70263904015945,6.08
train,pretrain,w8lH8tNlAXc,00024,0,trainval,DSPWxjBgvF4,50011,-8.134305677927658,3.968
train,pretrain,jeOumyTMCI8,00034,0,pretrain,Rv9SwZWVkOs,00003,-8.935349949599605,6.72
train,pretrain,xY7kVVS2HVY,00021,0,trainval,YMyofREc5Jk,50001,8.90259827571558,2.496
train,pretrain,qL7UlSA6rRk,00004,0,pretrain,WpEjt71l08I,00008,0.4674956680828952,4.16
train,pretrain,CSeFjLZqXt8,00013,0,pretrain,VYU25aJpg5o,00014,-0.6897039082835938,4.608
train,pretrain,59K6SwHLtcw,00009,0,pretrain,sAINrzTddA0,00007,6.136000677409072,5.12
train,pretrain,K74JqctvM2g,00009,0,pretrain,ol1b5mMeP7s,00029,-7.590106538772538,4.288
train,pretrain,cbSts8fUhB8,00004,0,trainval,XMSQKG70a5s,50023,-5.955812348953442,5.888
train,pretrain,NVPxmzSPvUw,00039,0,pretrain,GzzHawjP648,00013,-9.139016616051155,6.528
train,pretrain,2j00U6lUCSc,00039,0,trainval,JTX0diTlUFU,50005,-5.995634932005354,3.392
train,pretrain,Z24sXLBnOu4,00013,0,pretrain,TFvkq4BAvnw,00009,9.950991239959578,9.152
train,pretrain,O6GimGZz6a8,00007,0,pretrain,DcKdClnpz4k,00009,0.6936135636038969,4.544
train,trainval,LSdPxGLesE4,50003,0,pretrain,jv8m8rycnQs,00020,-2.981809857263988,6.016
train,trainval,5p0ptQizXjg,50003,0,pretrain,b2MSSeKey4o,00034,-9.250380775367406,4.224
train,pretrain,lzSkIDxbzGA,00026,0,pretrain,ktOeFgmdIAo,00008,2.1115633659380943,8.128
train,pretrain,jh7TYJHec2s,00015,0,pretrain,dcwuBo4PvE0,00011,-3.9111149804997787,12.544
train,pretrain,aiDSQyFdd68,00008,0,trainval,yFVXsjVdvmY,50007,3.5909301926660717,5.888
train,pretrain,LFJ9WAHowcg,00045,0,pretrain,PS6vDLq64gE,00029,-3.2533278503118312,4.8
train,pretrain,3qyVvDGDGQs,00006,0,pretrain,VGUnvr6ImOo,00024,-5.899570053782157,3.776
train,pretrain,rHbjwH2Blfg,00005,0,pretrain,Y6U728AZnV0,00026,-4.498431919286481,8.448
train,pretrain,YnAVjkuQzSY,00003,0,pretrain,ay8OMOsf6AQ,00007,-9.326264785035193,8.256
train,pretrain,GIRDD1n6Pqs,00001,0,pretrain,QWN5xhV6v1U,00011,-8.338933267027224,13.376
train,pretrain,STsOdmkH5fI,00015,0,pretrain,RKK7wGAYP6k,00028,-3.6311270694314324,15.936
train,pretrain,S2OzLREwHtI,00007,0,pretrain,CqasLvlSWGU,00016,6.531982204523459,15.424
train,pretrain,2R1lZSN4SSo,00018,0,pretrain,xuAAPsiD768,00018,4.4965666277060485,4.928
train,trainval,d6PS4p3IXLQ,50003,0,pretrain,xP4w2DMscGw,00004,2.887152631224284,2.496
train,pretrain,IeblJdB2SVo,00013,0,pretrain,u5GCetbP7Fg,00018,-9.918308708425464,17.792
train,pretrain,FAubx3BBgLk,00003,0,trainval,oGu0Ouxb3b8,50001,1.4765100183325508,6.08
train,pretrain,BR9dbjubfuU,00004,0,pretrain,QvSZ1MtaXME,00006,2.4812165986364203,6.592
train,trainval,TYFH0DSjyqc,50008,0,pretrain,fSRWTyY2YSM,00032,-9.783032620268754,3.136
train,pretrain,acNSymOsL6M,00029,0,pretrain,xh8el8m9mLM,00011,7.280531579616081,4.544
train,pretrain,zIwLWfaAgS8,00049,0,pretrain,uHnqvhWQMV0,00003,4.0032268496525685,8.576
train,pretrain,3LfVxGdczEA,00002,0,pretrain,SsnWLZvRNZc,00017,6.597115211152019,7.04
train,pretrain,BXlnrFpCu0c,00034,0,pretrain,GMc8aSoCE30,00011,-5.453075746495544,3.84
train,pretrain,8oHvknJfklE,00021,0,pretrain,xMjSPS6H69g,00029,6.734777304417424,4.16
train,trainval,cf3zxHuSM2Y,50001,0,pretrain,FN0fjOsJIxk,00015,9.623206201588669,3.392
train,pretrain,U9BzgnX3z6Q,00017,0,pretrain,OibJT7GSwyo,00026,5.95799263987524,7.232
train,pretrain,I4PU2JlhO80,00015,0,trainval,ElJxUVJ8blw,50038,-4.58610481664121,2.56
train,pretrain,7PRp8j75o6Y,00003,0,pretrain,Sid0oc0w3mQ,00020,1.1906413922587369,11.456
train,pretrain,DnbC2Tii0S8,00011,0,pretrain,jNsgQiTS45s,00017,-5.370856686662013,8.512
train,pretrain,1BHOflzxPjI,00043,0,pretrain,Jv5tn4MPJV4,00012,-1.1525028500338976,4.096
train,pretrain,TH9CqtMzxG0,00007,0,pretrain,VFaQtPw3Va4,00009,-7.7351283422498245,14.976
train,pretrain,fSSNmDcLMKA,00010,0,pretrain,aeiSXpmMQys,00016,-0.897769553667306,9.408
train,trainval,zuAj2F54bdo,50023,0,pretrain,QUL0eSQtV8c,00017,4.0054317070557826,2.688
train,pretrain,ZBDablzQ9ts,00037,0,pretrain,j7c9b9A2AHc,00019,3.494911114314501,8.896
train,pretrain,iTdZn78u6pI,00005,0,trainval,YsASJTeHJ6A,50005,1.6928390159995228,4.288
train,pretrain,uCC3dS7FrkQ,00005,0,pretrain,b2LbuqoNGGI,00030,1.1688894235744414,10.24
train,pretrain,lnHXhYSeOJ0,00011,0,pretrain,x8QxdldkPNM,00012,6.557357282387258,3.968
train,trainval,bxkslfQc0EA,50014,0,pretrain,y8qc8Aa3weE,00039,-1.6420292295606131,5.568
train,pretrain,UoMpbLSFsig,00027,0,pretrain,ktOeFgmdIAo,00004,0.07789646816090112,11.84
train,trainval,s9jsZPeqFCw,50003,0,trainval,bCGlWQnzDVE,50010,-4.268736795408157,3.52
train,pretrain,mwzBJF5Q7Vw,00009,0,pretrain,5Walt8nPINM,00009,8.9968598677487,6.464
train,pretrain,bf7BXwVeyWw,00005,0,pretrain,1bXAkbCyjpo,00038,-5.3601693575219045,4.608
train,pretrain,JbuSeMcEF3s,00004,0,pretrain,WLMJHdySgE8,00003,-6.900787579836722,17.28
train,pretrain,j51HsRILGKI,00018,0,pretrain,Vj3gCWmJSiE,00002,-5.281190008647981,3.968
train,trainval,DSPWxjBgvF4,50003,0,pretrain,Fc1yN6uxZfQ,00015,1.1969865280731007,6.144
train,pretrain,PWhjzFwn9Js,00002,0,pretrain,A71OktxTPac,00011,7.0521195810349795,4.864
train,pretrain,vSjlCJaEwZE,00054,0,pretrain,Hh09xlzxRmE,00019,-8.57160483240522,12.096
train,pretrain,jvBaRf9LHDs,00036,0,pretrain,cOIJGGgaSIY,00024,-8.371460832895643,4.16
train,pretrain,FETryXMpDl8,00018,0,trainval,kEejVSZ5mLY,50002,-5.572758688275945,3.968
train,trainval,McDjnRcUcfM,50002,0,pretrain,DERu2aAqqWM,00007,-7.438315283836432,3.008
train,pretrain,FEeTLopLkEo,00028,0,pretrain,gzthxdm7XNs,00027,-1.587401256539895,6.72
train,pretrain,HAKea48B3oM,00019,0,pretrain,XX30i6nC7ro,00004,-8.631177256656128,5.824
train,pretrain,3icoSeGqQtY,00008,0,pretrain,3F2jACWwKdU,00033,-4.96420810997191,5.376
train,trainval,1sE96vd8W40,50012,0,pretrain,sYUjyH8Y0No,00024,8.815911410523444,2.56
train,pretrain,KM4Xe6Dlp0Y,00005,0,pretrain,Sid0oc0w3mQ,00007,-2.5814736078788343,8.256
train,pretrain,CVaSIZVzUoc,00015,0,pretrain,NdKEy6vcCMw,00013,-3.9869645466748294,3.904
train,trainval,0snNB1yS3IE,50015,0,pretrain,PMBWNbj2awk,00013,-9.704702060341042,3.264
train,pretrain,4ZgwzSm7sRs,00062,0,pretrain,ISSupr6ayqw,00033,3.3208816719523995,2.496
train,pretrain,vMwPTI54rqQ,00001,0,pretrain,zdSdqUuvLk4,00015,-5.646809432463,20.096
train,pretrain,zXCiv4sc5eY,00013,0,pretrain,EszGIvRdgTE,00026,-2.0879885609698885,3.968
train,pretrain,JzLiCBCbAMY,00007,0,pretrain,QG4Z185MBJE,00022,0.3381181735383798,13.696
train,pretrain,8olL43PKJKw,00013,0,pretrain,S9PEogIrHSk,00006,-2.8928538456994453,4.16
train,pretrain,iwlSPe0FbSg,00022,0,pretrain,2Brajdazp1o,00015,3.7244174840920596,4.416
train,pretrain,kTqgiF4HmgQ,00011,0,pretrain,SSV07QKguBI,00008,-0.6627647163327417,12.416
train,pretrain,TBIL2sdfoVc,00010,0,trainval,B0ESVNX1SYk,50001,9.362244952764858,3.776
train,pretrain,vkEeNkHilIg,00016,0,pretrain,lECfUfqNVoo,00017,0.14429518196054048,9.216
train,pretrain,phUUjkSbtiY,00007,0,pretrain,HTf7Ziklcms,00020,-2.9764407362996836,12.352
train,pretrain,9P73k8m3Ytw,00015,0,pretrain,jKM0jlPW8x0,00006,-6.978113093415692,5.504
train,pretrain,JLLpWtHbMAo,00020,0,pretrain,gto6w0a13B0,00026,7.585382020294581,4.544
train,pretrain,49aWAHqi200,00030,0,pretrain,lbBDoFp2HIQ,00007,0.640934581102945,7.616
train,pretrain,DwYQHj7Hmik,00012,0,pretrain,CwSXwgyjgcI,00002,-7.453602572815092,5.504
train,pretrain,nLB8ASSQdHc,00004,0,trainval,5pIGDw18mIQ,50001,-5.6169989518119205,3.456
train,trainval,3E7hkPZSHTk,50003,0,pretrain,eh3cdTlh7VM,00023,-8.629407741519188,6.208
train,pretrain,31iuh9pfFwg,00014,0,pretrain,sBsuIAscshE,00037,3.9171756123282098,4.544
train,trainval,BPMrcY9z0nM,50008,0,pretrain,K74JqctvM2g,00026,-9.179196274179436,5.056
train,pretrain,qItCBNzqdn8,00020,0,pretrain,ZvSJE9n0GfA,00041,5.58610225653792,5.376
train,trainval,CstD6O95LSo,50001,0,pretrain,ptIecdCZ3dg,00028,3.387490676937295,2.88
train,pretrain,BDOSUiEh0eY,00023,0,pretrain,oPpE0AGqFuk,00032,6.03520800299172,3.136
train,pretrain,gBkIyJ7kfSI,00013,0,pretrain,iCXfJVCg1LA,00017,-7.505375172140831,6.912
train,pretrain,lhqYBhLh1IM,00013,0,pretrain,BEcyzAcFFwU,00017,9.917827295396982,9.408
train,pretrain,cj5LZBmiQu4,00024,0,pretrain,cHSQGnhdSi4,00001,-1.6139362190793989,11.84
train,trainval,9EVEmZ2cSes,50028,0,pretrain,fa6ERdxyYdo,00001,-4.948497611221294,4.608
train,pretrain,kiDfwUQySEs,00008,0,pretrain,dcwuBo4PvE0,00009,-9.628489154733796,3.52
train,pretrain,xQZxGCPjpqM,00009,0,pretrain,sIPvnWZ5O6Q,00002,0.20228071256256364,4.992
train,pretrain,zORUUqJd81M,00039,0,trainval,8xHrpO6p7dE,50027,5.2604477492378905,3.456
train,pretrain,YyuScSjkGSs,00034,0,pretrain,vMiSf7LpFQE,00009,-6.099738839645948,6.528
train,pretrain,XGq3MXQlRJs,00039,0,trainval,JiwZQNYlGQI,50004,2.7917326610283073,2.624
train,pretrain,fnS9f5x0f1Q,00026,0,pretrain,l5d8GW6GdR0,00020,-7.792168080457882,6.784
train,pretrain,nSOSNWblMNE,00002,0,pretrain,I9cmQFj13rc,00003,-3.8759036311226414,9.408
train,pretrain,9P73k8m3Ytw,00020,0,pretrain,MKKGS38vCO8,00028,-5.284564276857536,12.672
train,pretrain,Tu01sNfs5SQ,00022,0,pretrain,7VRzn8hc5mc,00011,9.2019763180103,5.696
train,pretrain,OfL5JmZnkI8,00013,0,pretrain,6Co3dn0nSTk,00008,2.4741921805069733,13.312
train,pretrain,bpi6us7wQfE,00022,0,pretrain,FETryXMpDl8,00026,2.2137170298311304,12.096
train,pretrain,YodRXxzhb7s,00017,0,pretrain,mxmT10Hk8IM,00014,-4.636133566440693,2.816
train,pretrain,dOOtM7ZpAS8,00031,0,pretrain,NIjjaFCADSE,00030,-5.897064633170739,9.408
train,pretrain,0MD4Ymjyc2I,00016,0,pretrain,yzm4gpAKrBk,00023,1.9272354903950824,4.416
train,pretrain,6weGCM3sWKc,00013,0,trainval,PyS1o4sX1hk,50009,-1.9980203345344005,2.56
train,trainval,ydKcaIE6O1k,50007,0,pretrain,9RTkZaX1cH0,00014,9.435857661345413,3.648
train,pretrain,ftWn4QOvTTo,00015,0,pretrain,aSpHGbL5138,00014,-9.650814428787012,7.36
train,pretrain,6wk4dkYSrV0,00033,0,pretrain,bxkslfQc0EA,00040,0.8669853841341499,4.672
train,pretrain,mY2LIQbiGbo,00036,0,pretrain,AE0gO5wSaok,00027,-7.205829476882442,4.288
train,pretrain,S8201wl4jjw,00015,0,trainval,iueVZJVEmEs,50004,-2.2284168384652254,2.368
train,pretrain,InukG97C8wY,00015,0,pretrain,CVaSIZVzUoc,00019,8.40825940388974,3.2
train,pretrain,IMjn62naclM,00008,0,pretrain,UoXSYihVSew,00005,7.648746500302924,5.44
train,pretrain,5XD2kNopsUs,00003,0,pretrain,wOiKRVH0nQ8,00014,6.739084963794312,8.96
train,pretrain,BStjKYvEziI,00002,0,pretrain,EZwxKPv1CwA,00002,-2.323826119731831,11.52
train,pretrain,CSSBGTJgBGo,00001,0,pretrain,abMQhaMdQu0,00014,-8.281436818821993,7.68
train,pretrain,uW9tg1vJwZQ,00008,0,pretrain,VehHPwAVL9g,00013,3.3739594703176436,4.608
train,trainval,5CSDIcUsIJk,50003,0,pretrain,eg66CMRpKCw,00006,8.075164950683575,5.952
train,pretrain,luFjmQJpPSU,00004,0,pretrain,sWnAtLt8kSs,00013,-9.32162538691432,2.816
train,pretrain,u1SdYypojbE,00024,0,pretrain,WIebxoTx408,00014,-7.128029518129171,4.352
train,pretrain,C74amJRp730,00012,0,pretrain,gEukNF40JTc,00001,7.198642747243294,8.512
train,pretrain,ncwpzEoVZCk,00005,0,pretrain,u1SdYypojbE,00009,-7.666454367386029,6.208
train,pretrain,BMOjVYgYaG8,00007,0,pretrain,tvos4nORfSY,00022,-7.743959952059161,16.832
train,pretrain,cWCSzDdF74s,00021,0,pretrain,Fr26scqsIwk,00006,-8.935743606136182,4.544
train,pretrain,wxCtIdI3xL0,00013,0,pretrain,b2qM1ISJCEQ,00023,5.364736397462387,10.432
train,pretrain,ozmowWZ1YYU,00003,0,pretrain,uNDWvejza4c,00022,0.29898181983396555,4.16
train,pretrain,U1a72bvusS0,00005,0,trainval,g3TyY9y8mBc,50008,-4.1670664896206855,5.952
train,pretrain,YhJPoyv8O3A,00004,0,pretrain,AwS1mOwx5gM,00002,-3.2618609934953664,3.584
train,pretrain,utV1sdjr4PY,00003,0,trainval,j51HsRILGKI,50001,-8.999139090876245,3.392
train,pretrain,PkcBE74OYJw,00012,0,pretrain,H3YbZsStuSI,00015,9.742161702968197,7.68
train,pretrain,vY2l2xfDBcE,00005,0,pretrain,SJmnB54WRgk,00010,3.044011955463805,6.848
train,pretrain,AkUcaludrcI,00022,0,pretrain,59SRn1SkWAA,00084,0.971528620572391,6.208
train,pretrain,mSvyBpWueu4,00013,0,pretrain,n34IjfcF1Yg,00010,0.22477721140096918,7.872
train,pretrain,Re53vgaVFvI,00003,0,pretrain,YzQDnTPuNZM,00008,-9.621534725602128,8.768
train,pretrain,wBObnvIZGwE,00015,0,pretrain,ta9jdCcqWiA,00005,7.9152314829260355,11.712
train,pretrain,vvEH93EQiKg,00010,0,pretrain,RSW3xi2jMYI,00012,6.271398813708025,8.96
train,pretrain,X41iulkRqZU,00021,0,pretrain,eCknUJJc3qU,00025,9.345583842059963,6.592
train,pretrain,SmoW9jvvMr4,00020,0,pretrain,zmDENxTPn8Q,00005,3.959489744368316,6.208
train,pretrain,S1VpOweDio8,00015,0,pretrain,a7cDt5r2pGY,00005,-8.824729012793554,8.576
train,pretrain,X2et2KO8gcY,00008,0,pretrain,VM7HQSzbdIw,00002,2.7288513009626154,3.264
train,pretrain,lwcvhh4pLjE,00014,0,pretrain,QHIocNOHd7A,00030,1.8475657987716225,6.016
train,pretrain,zMWYQRKuc5M,00011,0,pretrain,y7A4dZIyI0g,00015,-5.889002955124736,6.016
train,pretrain,0sYguTPLpHE,00022,0,pretrain,N4wFyRGilp4,00029,7.48433005681974,4.8
train,pretrain,qQSPUXPVlos,00020,0,trainval,zqnZCSVsqPw,50002,6.0784114089277,4.416
train,pretrain,K6YCcsDQX4w,00001,0,pretrain,G1RRbupCxi0,00012,-9.900817745183627,12.416
train,pretrain,WHjKnNbYiOs,00003,0,trainval,5QGApheKRc0,50004,-9.187469182898047,6.208
train,trainval,mDSuP2BsVy4,50001,0,pretrain,7sxpKhIbr0E,00008,-7.522919769631051,2.816
train,pretrain,cWpRxyqDgpM,00015,0,pretrain,p9HPUiEdEj0,00011,8.055041567057483,11.584
train,pretrain,fw01Sq0cxM8,00035,0,pretrain,hFgPtuzgw4o,00052,7.071101476447442,11.264
train,trainval,aTgPJQ9Dy7Q,50001,0,pretrain,6gSwRHScq6M,00055,2.7438082075938866,5.12
train,pretrain,7vsO7SHLJMI,00006,0,pretrain,q2k2Xbfuy1I,00006,-6.502904793073818,3.648
train,pretrain,VPweEhht9y4,00004,0,trainval,CpaFX6Ei0nU,50007,6.319252408336066,3.776
train,pretrain,gxuQp1X4mx8,00011,0,pretrain,kmflTZnRuZI,00017,1.6465510221727993,13.248
train,pretrain,3m6dV7Xo3Vc,00006,0,pretrain,QHSrG9Tuz84,00009,7.487649970041627,23.04
train,pretrain,A9qqR8NVbtM,00013,0,trainval,H2rG4Dg6xyI,50049,4.097976008944604,3.328
train,pretrain,F17SKiAZOxg,00003,0,pretrain,Xw4K07eVuQE,00006,-8.393591443755703,4.608
train,pretrain,lUO0xDSJQVI,00019,0,pretrain,NZspSEdO2Xk,00052,-7.343572920037806,7.232
train,pretrain,ORBf73HiJns,00010,0,pretrain,6rcvWcRMuzs,00017,-5.317546794577472,8.896
train,pretrain,ApGeDdIaxo8,00004,0,pretrain,2vESelqTGlQ,00003,-4.749965323801508,4.096
train,pretrain,3fM9o72ykww,00011,0,pretrain,0qYTf9evWeY,00039,2.667076127828416,3.776
train,pretrain,l5Bbg96VODk,00012,0,pretrain,mMYhgTgE6MU,00015,0.14080082055248866,10.048
train,trainval,2ZviHInGBJQ,50011,0,trainval,9EVEmZ2cSes,50009,9.86381273210445,5.504
train,pretrain,01GWGmg5jn8,00034,0,pretrain,6JcKbNSGjCE,00010,4.549602620544642,14.848
train,pretrain,WfjzkO6SDEI,00042,0,pretrain,NMr3ShTSKl4,00004,6.958815033178762,5.952
train,pretrain,X6Zo53M0lcY,00025,0,pretrain,lXQ4HSMp1OA,00011,9.535874051201812,9.472
train,pretrain,kYZqyjzuaOw,00017,0,pretrain,SpQ1BCdSTTI,00010,-8.617119269064098,3.584
train,pretrain,19MSMRPgPYc,00001,0,pretrain,267BlUBordQ,00010,-8.077133434525559,6.848
train,pretrain,KkYuhwr3esg,00026,0,pretrain,zwpiI18TBdE,00004,-4.963171337930534,19.52
train,pretrain,LkOmfSSQLgI,00001,0,trainval,PzSw6OsEP9Q,50007,-1.6209276191175892,4.928
train,trainval,JcCQS4YiTb8,50001,0,pretrain,f6nQJoEk7Ko,00014,5.1313714632163965,5.888
train,pretrain,GlUS6KE67Vs,00006,0,pretrain,PiVB5niLrWg,00029,-4.755847327151034,8.0
train,trainval,0ygtX2nyexo,50002,0,pretrain,hgWie9dnssU,00002,1.1658721658784685,6.144
train,pretrain,ElJxUVJ8blw,00058,0,pretrain,kLRanIhp2jg,00020,6.576545383805879,13.888
train,pretrain,ut5STVLAFDc,00018,0,pretrain,iNOE0dZpHcY,00037,1.8620834565164657,4.352
train,pretrain,zvvZEIGNLo0,00007,0,pretrain,cSKnaYZJg48,00001,-0.24846795642236685,7.232
train,pretrain,bRuU02haIK8,00006,0,pretrain,V48M5jS6zdE,00013,4.93364734852598,8.768
train,pretrain,Zf0zAiS8CtY,00011,0,pretrain,jsZDlBU36n0,00015,-7.5118447110050575,2.688
train,pretrain,SwMTKRixZIE,00004,0,pretrain,1sgb2cUqFiY,00007,5.896402038490285,10.688
train,pretrain,tsgvhP07BC8,00041,0,pretrain,CrsdoIOGCRw,00004,-1.7459207076631333,9.024
train,pretrain,kTqgiF4HmgQ,00040,0,pretrain,awtmTJW9ic8,00014,9.588273882230919,10.88
train,pretrain,nC06omDS0kA,00019,0,pretrain,j3BKOnw9mD8,00013,9.319519419803001,4.864
train,pretrain,2URf46UY7SA,00001,0,pretrain,wUKAVcj9NVA,00006,6.371206452795953,13.12
train,pretrain,ddek3gQVt9Y,00017,0,pretrain,oml5JLFKgH8,00003,4.484716571003915,7.744
train,pretrain,EL9TBKSdHXU,00024,0,trainval,J6SSCMhcCfQ,50005,4.76833320316323,5.888
train,pretrain,oXbhTHaMwTw,00013,0,pretrain,ufp5iGh0agA,00030,8.596328711678801,14.656
train,pretrain,eZWzNfOpbCQ,00012,0,pretrain,zvwQXwJyaj0,00024,-6.7000590752236056,6.528
train,pretrain,SKx2lfobPuU,00027,0,pretrain,CPVjktgYKo4,00025,3.2331967225195157,13.952
train,pretrain,sNbGUSI9HWw,00021,0,pretrain,cpsRAk5HpK4,00010,7.004837178292853,9.472
train,pretrain,rokPqHc9iD0,00039,0,pretrain,8qIbZL80jSw,00009,-9.500041236780298,6.848
train,pretrain,8QuAokSXiyg,00034,0,pretrain,ofsncCF9OSU,00035,3.0820933857923123,5.44
train,pretrain,K2mhMzVCfhI,00019,0,trainval,Mjoxh4c2Dj0,50002,5.8025690186173495,4.992
train,pretrain,uPeIesugF14,00003,0,pretrain,fVLJU45SnLY,00010,5.256108534763088,10.752
train,pretrain,mMYhgTgE6MU,00001,0,pretrain,uJZWcKOIZMo,00014,2.853980611343207,5.44
train,pretrain,v2jSfxnRPSE,00022,0,pretrain,iF4s75ZPano,00006,-1.5720774085990534,6.976
train,pretrain,ZBWsmoy5Re4,00046,0,pretrain,1krVk4CMy98,00008,-7.919599497019172,4.928
train,trainval,3icoSeGqQtY,50006,0,pretrain,JSuTsrxfYWQ,00054,9.265693431976622,6.016
train,pretrain,mArrNRWQEso,00060,0,pretrain,P5Mpo4JQZhw,00010,1.1108853017860216,4.48
train,pretrain,IJmr7MsS8fw,00011,0,pretrain,J6tgYBMXR6s,00010,6.191695240091285,8.192
train,pretrain,bfAzi6D5FpM,00006,0,pretrain,tH5iEf9oxaI,00039,-9.657351023707294,12.608
train,trainval,LH8MPbFoRjw,50006,0,pretrain,0wpCZxiAQzw,00037,2.9272320714431483,2.816
train,pretrain,K5wCfYujRdE,00043,0,pretrain,vygSSFKXms4,00010,-1.9379599795042495,6.08
train,pretrain,SbphPa7Wp4c,00008,0,pretrain,XFOkSdlPafQ,00022,5.735103218169504,7.168
train,pretrain,iWHq2mSHwhw,00017,0,pretrain,7rVK0VYPWHk,00017,8.540429211072606,11.776
train,pretrain,aR6jLD1USW0,00047,0,pretrain,mkdSXHXhCcw,00006,0.24659433180968016,2.816
train,pretrain,raCIUeGUr3s,00062,0,pretrain,BA8XOF6IpXA,00016,-5.50132279680269,8.96
train,pretrain,ZpT0cw9bmiw,00003,0,pretrain,yyW9W3e9VD0,00002,-4.586749917035742,11.328
train,pretrain,Va07q3HFEZQ,00028,0,pretrain,h27g5iT0tck,00010,-4.747222560998628,6.72
train,pretrain,6JM9JD2iYrk,00004,0,pretrain,RjyxIsE3V2g,00011,2.855448030749086,4.16
train,pretrain,E0M1beV91js,00021,0,pretrain,osBbP6Om4Mg,00015,-7.039187033970153,5.056
train,pretrain,wgPLGS1BvQo,00004,0,pretrain,SJyE40koQyA,00024,8.68990413609312,4.032
train,pretrain,NEW8RKyMDV0,00011,0,pretrain,qzR62JJCMBQ,00009,-8.263791803958494,7.36
train,trainval,jobYTQTgeUE,50024,0,pretrain,zvwQXwJyaj0,00025,-2.1568185513276283,5.056
train,pretrain,NhYnouvrGS8,00021,0,pretrain,6JxRxBqQLKA,00013,3.464128875914877,6.912
train,trainval,POU1HjdXziM,50002,0,trainval,SeBUcBfkVCo,50002,8.032395675099227,2.944
train,pretrain,2i0dGoh3VUg,00009,0,pretrain,d0a0eXJ5TJM,00016,1.212869665721449,8.32
train,trainval,sNV4yIyXXX0,50037,0,pretrain,xSLkNjQyHww,00029,-3.451350490616722,4.224
train,pretrain,JS8fYhwrYzI,00023,0,pretrain,pYgvVDCHRZM,00001,8.092665565010083,4.16
train,pretrain,7JsNH7A4qM0,00001,0,trainval,FqSVvAxDBRY,50002,-0.7319943990209499,5.44
train,pretrain,rrkrvAUbU9Y,00026,0,pretrain,0bop3D7SdDM,00010,-4.147648163245283,3.968
train,pretrain,pbSSrJGgVIo,00050,0,pretrain,vhfcedpoCLo,00015,-6.522031840727667,5.696
train,pretrain,SbgwDk7A4as,00001,0,pretrain,QYGO5tepBLY,00018,-8.643666529655771,3.392
train,pretrain,TOSSkVIkY6A,00005,0,pretrain,MAQihRikgZM,00004,4.453998646013124,7.936
train,pretrain,XzDNfLnUOYY,00028,0,pretrain,1sE96vd8W40,00031,-7.304741484580319,5.056
train,pretrain,SDjLpMj3BDU,00049,0,pretrain,F17SKiAZOxg,00021,-2.354789375856175,4.48
train,pretrain,iE7YRHxwoDs,00008,0,pretrain,Gz8RlHf3Czs,00007,9.63605208197307,4.608
train,pretrain,B4a0NvLTebw,00022,0,pretrain,Cqj0sgrNL10,00017,4.6858884380974235,5.76
train,pretrain,l5d8GW6GdR0,00019,0,trainval,AK9OBSx77S8,50003,-5.023175219163029,6.016
train,trainval,WSsjBMSWSYE,50018,0,pretrain,Td2hfdXQ5x8,00028,4.445011930288077,5.952
train,trainval,rni41c9iq54,50004,0,pretrain,tpODOkfrwyQ,00002,-8.323481650585428,5.952
train,pretrain,zXSrqdSohyA,00025,0,pretrain,Mo2Ai7ESNL8,00016,-4.3529729262392465,6.656
train,pretrain,5XD2kNopsUs,00014,0,pretrain,R84vqXjXWJc,00029,8.105824097721566,7.296
train,pretrain,7npLVcymHGc,00040,0,pretrain,APPbSStpGHk,00001,-9.169410141279538,5.12
train,pretrain,HTf7Ziklcms,00012,0,pretrain,FAubx3BBgLk,00008,-9.058408902172303,11.2
train,trainval,fnS9f5x0f1Q,50001,0,pretrain,xzT6iH2CX4k,00014,7.068774822182014,3.136
train,pretrain,ZZodGSsPrRE,00014,0,trainval,YrZThoSoSis,50001,6.985678514290253,5.888
train,pretrain,SeQ8vdtSXB4,00013,0,pretrain,ema8O7xqjvk,00014,-4.077098555897458,6.208
train,pretrain,63XsokRPVSY,00020,0,pretrain,HR9956gDpUY,00010,9.13855862474185,9.92
train,pretrain,kpyc84kamhw,00025,0,pretrain,Y2y7BzjbSNo,00039,5.777122014945096,9.6
train,pretrain,Uq1idqpX9SA,00001,0,pretrain,VKwFSRsaoY0,00003,-8.463291113399388,5.312
train,pretrain,8olL43PKJKw,00005,0,pretrain,S98m4Vod6S8,00031,-5.9686172494699585,3.904
train,pretrain,o9NUy12lgs4,00013,0,pretrain,HSpqhMO3ZSY,00009,-2.8647044736635046,10.048
train,pretrain,Hh09xlzxRmE,00008,0,pretrain,iP9QFSlBOyA,00026,0.46957627418701087,15.488
train,pretrain,9EglK8Mk18o,00007,0,pretrain,SYHG5y4tvLw,00027,2.4286256490472518,4.864
train,pretrain,OAK1UIbSFio,00086,0,pretrain,UlDWRZ7IYqw,00006,-2.899950665127882,3.392
train,pretrain,mWfCqsFP05A,00003,0,pretrain,wsIrdxDJpSQ,00025,-1.0745562627971683,4.672
train,pretrain,DwShSwvxPKs,00010,0,pretrain,v7xAZ2lrel8,00012,-4.696940812408547,4.352
train,pretrain,vFPkEIGUofc,00029,0,pretrain,7JsNH7A4qM0,00001,3.071557734373787,5.888
train,pretrain,CWCWq155hyc,00004,0,pretrain,5RAJvzV9jSo,00008,-3.7757011469680624,6.336
train,pretrain,WOxSQHtJWlo,00005,0,trainval,H03o2WCBoDU,50004,8.90275045618204,2.688
train,pretrain,E27DY3AVA98,00012,0,pretrain,LCxcnUrokJo,00015,2.9686714143189246,3.968
train,pretrain,hFcQpNrSKA4,00010,0,pretrain,xQZxGCPjpqM,00003,-3.251139787422228,5.056
train,pretrain,5tUnSuoYKoE,00013,0,pretrain,8FKYe2v0teI,00020,4.0422001430742505,13.376
train,pretrain,FPhZGDS6kVQ,00029,0,pretrain,mQOOgDqUta0,00023,-3.2987303334394147,8.192
train,pretrain,ioMpOr7Yx98,00019,0,pretrain,TdBAHexVYzc,00031,7.260058615061315,6.528
train,pretrain,LLmhQmicusM,00031,0,trainval,RGRlkq4Xl1s,50002,3.064084171353045,2.88
train,trainval,7hWUhEA6hxk,50002,0,pretrain,t6eFzt6kFGE,00028,-3.3403359790425586,2.816
train,pretrain,2zvjW9arAZ0,00028,0,pretrain,ttRhMPgpoOQ,00031,4.153061262986665,4.352
train,pretrain,zwjLQgNd7XM,00008,0,pretrain,a19lSbFPRqY,00021,-1.7942071195706646,3.904
train,pretrain,buHSvs7LFzw,00021,0,pretrain,B5MkpzMAOZM,00018,-5.986614909880615,4.736
train,pretrain,9FCsyK4aRXQ,00008,0,pretrain,y1yK36RMyRE,00021,-7.449079127984346,7.808
train,pretrain,VQRjouwKDlU,00022,0,trainval,F17SKiAZOxg,50002,2.9075185283559613,2.432
train,pretrain,AfnruW7yERA,00014,0,trainval,N37x4GgDVBM,50009,-8.491668974731548,3.328
train,pretrain,KNXOVpN8Wgg,00014,0,pretrain,J3Zsj4LfsSo,00006,-3.2229080781056085,8.0
train,pretrain,h8cF5QPPmWU,00002,0,pretrain,cSiNSQubRs0,00019,7.574004447375216,6.144
train,pretrain,9VOHt1oULJ0,00020,0,pretrain,9vpqilhW9uI,00028,9.321004204428423,9.6
train,trainval,SjaWs87t5UM,50002,0,trainval,DoRSyk7lA5Q,50005,7.56774421371507,5.12
train,trainval,F17SKiAZOxg,50002,0,trainval,lbBDoFp2HIQ,50007,6.483518137324204,2.432
train,pretrain,co2enjjt3J0,00018,0,pretrain,ATISgVUKetI,00020,-0.35917169388582515,8.896
train,pretrain,5w5BhwLzoqg,00003,0,trainval,a7B39MLVeIc,50014,6.682011455678559,2.816
train,pretrain,hJZ0pAoxksE,00009,0,pretrain,zLNXIXingyU,00043,-9.05278468149411,18.88
train,trainval,xSUw0NiseBM,50002,0,pretrain,qyecmU5r9SI,00008,-9.479859274109533,3.136
train,pretrain,1gAQ82IHyZ8,00026,0,pretrain,uM1Ygy0tSp0,00013,-0.11562227020840155,5.44
train,pretrain,4Rtfi4MSafA,00018,0,pretrain,hRSw8DBbFr8,00022,-1.4997314134083375,11.712
train,pretrain,DG7kSeazMQ4,00018,0,pretrain,G2Y6Am46eVU,00044,-2.786548479931432,4.096
train,pretrain,NAkkckxE9i8,00015,0,pretrain,vdDFLzyk94k,00010,-1.185662428012396,5.248
train,pretrain,kmflTZnRuZI,00019,0,pretrain,jiDQDLnEXdA,00025,4.958333220745246,16.512
train,trainval,ygmlKMQ8kc4,50005,0,pretrain,YbtrDM1aJF0,00003,6.691710173756171,4.672
train,pretrain,sUf1ajkIAhY,00020,0,trainval,cMXFiYhm79g,50002,0.293847705454116,2.304
train,pretrain,uVAaZVz9pDs,00039,0,pretrain,eQdFkSSgHYo,00030,0.36051342715420276,6.208
train,pretrain,kNQ99DQsNKw,00001,0,pretrain,PMBWNbj2awk,00007,-9.150832833518125,15.488
train,pretrain,cS3f3rQRlug,00009,0,pretrain,4ShLkgv6LSk,00012,-4.033754835482258,9.536
train,pretrain,xbagFzcyNiM,00009,0,pretrain,nrVC977gOPc,00014,5.934957022137112,4.864
train,pretrain,rAAY1jOZFSE,00001,0,pretrain,Mtjatz9rSVc,00002,0.8488697773714993,8.448
train,pretrain,u0VHC1SDOS8,00054,0,pretrain,OfL5JmZnkI8,00001,-9.245662234224792,5.504
train,pretrain,56WGgJNBRxQ,00041,0,pretrain,jSSqQDPGW2k,00042,5.403303926250047,8.832
train,pretrain,OIpgrZ8ySSQ,00019,0,pretrain,9qd36SQPxSY,00015,-6.518168050200234,7.488
train,pretrain,D1QoyTmeAYw,00025,0,pretrain,vIme03wdEFU,00007,6.664473715055841,22.208
train,pretrain,Wj7hmzfX5eQ,00034,0,pretrain,XFOkSdlPafQ,00004,-1.956502908101502,11.968
train,trainval,M9pPgIraoOM,50006,0,pretrain,F8bM8K7WSR8,00024,1.3059298991759825,5.696
train,pretrain,Oe1cDSPfbh8,00008,0,pretrain,yDubrSRjlCE,00010,1.170326995490523,8.192
train,trainval,3qyVvDGDGQs,50008,0,pretrain,ElJxUVJ8blw,00066,-9.780652283195835,3.456
train,pretrain,v9DHLMw2o70,00002,0,trainval,SjsGSNgmleA,50020,9.095482986516174,2.048
train,pretrain,qrNDkRHAA4E,00005,0,pretrain,3TXSNu5wTS8,00010,2.584736901478731,3.84
train,pretrain,USnf5kbsMlg,00008,0,pretrain,d6PS4p3IXLQ,00018,-5.65706192696495,9.344
train,pretrain,U5SyBjKKicA,00015,0,pretrain,Tg35UfOJhe4,00017,-0.27895024610222485,5.056
train,pretrain,vqPAdUeU6mQ,00013,0,trainval,3F2jACWwKdU,50011,2.444139968674172,5.824
train,pretrain,inxIM1aGvZY,00006,0,pretrain,zmDENxTPn8Q,00022,2.33900798356383,4.096
train,pretrain,F0ofeD8VKMA,00042,0,pretrain,WpldYJ3sSIo,00015,-7.404239317299675,7.488
train,pretrain,xSLkNjQyHww,00014,0,pretrain,Zp0pEmSkXiM,00003,4.972518755639797,3.712
train,pretrain,c8re1U9rCo4,00001,0,pretrain,9SGSSQssNj4,00023,-1.0578073110187969,13.184
train,pretrain,HYGvts8hre8,00005,0,trainval,fa7SkR2fz3M,50011,-3.9802961001531267,6.208
train,pretrain,2NcetHNXaxU,00018,0,pretrain,RgqtrlixYR4,00024,-8.922079015556573,4.096
train,pretrain,S6cX2p5cBVg,00013,0,pretrain,cF2dhWWUyQ4,00005,-5.015768407782759,11.008
train,pretrain,iP9QFSlBOyA,00008,0,pretrain,nLtUl2CP8ak,00037,7.819909097759911,9.664
train,pretrain,xRL2vVAa47I,00012,0,pretrain,2zvjW9arAZ0,00085,-5.629729840071009,4.736
train,trainval,4jUdCy6Vghw,50003,0,pretrain,Itmu78W9cOI,00022,-2.415424052986901,3.968
train,pretrain,3f6xCzKx9CA,00009,0,pretrain,nhrZHRqUaT0,00010,9.469635129254698,13.12
train,trainval,gWPFJgLAzu4,50012,0,pretrain,r2YiRiLAUSY,00002,9.503912925585563,5.12
train,pretrain,2L4BSVpvx1A,00014,0,pretrain,MCeaijwHxS0,00007,-2.7012977860775456,9.408
train,pretrain,jodhovumkHQ,00033,0,pretrain,5CSDIcUsIJk,00034,-9.396247466946582,9.216
train,pretrain,WzuWMf3WPPc,00018,0,pretrain,V84bSWIlNA0,00011,2.571745838493296,3.904
train,pretrain,bCGlWQnzDVE,00026,0,trainval,DsSrzoyyfF0,50004,-3.1937147815220035,3.456
train,pretrain,bVV2Zk88beY,00008,0,pretrain,3f6xCzKx9CA,00005,-4.0942597580224245,17.536
train,pretrain,gmjSazFbpkA,00019,0,pretrain,oXbhTHaMwTw,00028,-4.264408668582009,4.672
train,pretrain,E2qmkUsf6Y4,00006,0,pretrain,SmsYxDvdcYc,00016,-6.027915101005183,9.856
train,trainval,ElJxUVJ8blw,50014,0,pretrain,jSGzkjHtFiA,00007,0.08835526075385225,4.8
train,pretrain,g2J6YOiLNr4,00018,0,pretrain,kTz52RWSbD0,00019,6.547199766511177,11.904
train,pretrain,W9YBCwgrwQA,00001,0,pretrain,yyW9W3e9VD0,00021,-1.9302019456236952,57.088
train,pretrain,8OkzozrUEHY,00002,0,pretrain,BGcJXAXSSd0,00026,6.948323798395542,4.352
train,trainval,Z1R1z9ipFnM,50005,0,pretrain,43DuLcBFxoY,00001,5.13688699652084,3.392
train,pretrain,DcKdClnpz4k,00035,0,pretrain,lfykytI3A6k,00020,4.002745017732213,3.84
train,pretrain,0af00UcTOSc,00041,0,pretrain,2xKXLPuju8U,00008,9.988390011949694,5.44
train,pretrain,zG21nyJNBSA,00012,0,pretrain,y9ALB39wRKo,00014,5.105817930024543,4.992
train,pretrain,dm4fvbrMLPw,00018,0,pretrain,qKlzdSH2X9w,00022,-4.970064962409609,4.672
train,pretrain,nx3GuO41Jyg,00034,0,pretrain,6vLrreR6YOE,00024,6.52826302497769,8.0
train,pretrain,7ZoOyNTyjQE,00017,0,pretrain,SbgwDk7A4as,00022,-4.408618324292412,4.288
train,pretrain,C2SVEM19NHA,00026,0,pretrain,nQcgD5DpVlQ,00025,9.548080356548063,7.488
train,trainval,MLKj1puoWCg,50005,0,pretrain,iSpwUpdQdyY,00017,8.25130136672675,2.88
train,trainval,HpiZTvlWx2g,50008,0,pretrain,FMJgZ4s2E3w,00005,-8.710480431870886,2.688
train,pretrain,buhMdC7MO0U,00013,0,trainval,5HL1BEC024g,50002,1.9623455781116927,5.248
train,pretrain,BsFxokC02sg,00028,0,pretrain,X1DlJpPqDFo,00004,-3.238565749169484,3.008
train,pretrain,Cqj0sgrNL10,00012,0,pretrain,tbvUCrS5S5I,00013,1.4658043254260313,6.272
train,trainval,lw3YTbubyjI,50012,0,pretrain,yioZhHe1i5M,00022,-9.350151534459805,4.864
train,pretrain,cPL2FE7ZPTg,00011,0,pretrain,u9GEmyZ8B3Q,00006,-2.603116596533887,6.336
train,pretrain,JSswZaKN2Ic,00011,0,pretrain,NIjjaFCADSE,00031,1.3329268537401937,8.512
train,trainval,VM6HZqQKhok,50001,0,pretrain,n4EhJ898rSk,00022,-0.9396314774509751,5.952
train,trainval,z9sa2ZAqHl0,50005,0,pretrain,GS1xL1qcBa4,00003,-6.870957712466512,2.368
train,pretrain,a7cDt5r2pGY,00012,0,pretrain,jVBp2nDmg7E,00024,2.263930286606481,4.992
train,trainval,ALTvG9MIR64,50004,0,trainval,eRQdAOrqvGg,50011,-2.8092549464110794,2.496
train,pretrain,nqj6fH2i9go,00019,0,pretrain,pWaxi4H2xPU,00008,-2.9399683254017894,10.56
train,pretrain,oy25A7vnigg,00011,0,pretrain,csnxJFQw98k,00012,-8.42696131531242,3.776
train,pretrain,I1cGiNnJZgU,00004,0,pretrain,79zra755WgA,00012,2.9872132370727833,9.28
train,trainval,i73jKeE8h3A,50001,0,pretrain,wstksuaSMD4,00013,1.6341967511061721,5.888
train,trainval,mGbMwP8MDjg,50008,0,pretrain,pew48bbrob0,00002,-8.623100919231899,2.56
train,pretrain,31iuh9pfFwg,00007,0,pretrain,6JM9JD2iYrk,00015,9.84766662898759,5.44
train,pretrain,q9Ou0cj3fF8,00012,0,pretrain,seARHjX8Ssg,00005,4.783788872630748,3.328
train,pretrain,huzhvbrcgeQ,00028,0,trainval,HSZ1ZvjlKDE,50007,4.459161001058716,5.248
train,pretrain,6vLrreR6YOE,00023,0,pretrain,7jx0dTYUO5E,00006,2.0797373153137713,14.976
train,pretrain,HlnhCdujYco,00029,0,pretrain,qty0NjF3pdQ,00006,5.19428504679963,11.392
train,pretrain,x7I5BWWS0c8,00012,0,trainval,jVBp2nDmg7E,50006,4.124464042116758,5.696
train,pretrain,SbphPa7Wp4c,00001,0,pretrain,V1ItvwxBENg,00024,7.361011202276423,5.696
train,pretrain,QUL0eSQtV8c,00011,0,pretrain,ZCRC5S0kfiw,00005,-6.528883700112901,6.208
train,trainval,h0C2LPXaEW4,50023,0,pretrain,QpmsftF2We4,00022,7.8453957721088905,5.696
train,pretrain,iyfdWsa1zns,00017,0,pretrain,ZUGOaSux6pU,00014,1.3465008726963994,20.608
train,pretrain,YuEm03Ko0J8,00011,0,pretrain,bybOi0nMmq0,00010,5.149376781942678,8.064
train,pretrain,IWjzT2l5C34,00035,0,pretrain,pNttjJUtkA4,00016,-3.988734710099113,3.456
train,pretrain,9ebJlcZMx3c,00048,0,pretrain,GjINFuwLGvQ,00013,-4.299071439410811,19.328
train,pretrain,wZ2TF8SPGQ4,00033,0,pretrain,AOEQ9GteWbg,00018,-7.5589130327560135,4.672
train,pretrain,3MYEtQ5Zdn8,00019,0,pretrain,W14XWvAz3x4,00007,0.6256494240365136,27.392
train,pretrain,LNohxpJntZo,00019,0,pretrain,JTX0diTlUFU,00008,-7.983569237632818,5.888
train,pretrain,I8tg0Myjimg,00015,0,pretrain,X6Zo53M0lcY,00031,-6.906883883735777,12.16
train,pretrain,YraU52j3y8s,00001,0,trainval,0ygtX2nyexo,50007,-7.1075811847794785,5.568
train,pretrain,BDOSUiEh0eY,00004,0,pretrain,jfqwHT3u1S8,00014,0.7858217082545238,4.48
train,pretrain,BgbD67U0BAQ,00011,0,pretrain,0P0mBj09vwk,00015,-9.656590503989799,11.136
train,pretrain,jEHZSIAuYUY,00008,0,pretrain,qErZ2AQDMB4,00028,-6.787282963808597,12.288
train,pretrain,LbIXYEW9CSQ,00017,0,pretrain,BxFvxKaSmWo,00011,5.224956209870502,8.32
train,trainval,RSl1ramE35s,50003,0,trainval,YhpMSjbVopo,50007,-3.4989498040097367,2.752
train,pretrain,mLufqwmPl1A,00032,0,pretrain,Bc2wVyl8RLI,00038,4.986945531501071,6.336
train,pretrain,Jk0AknXMXmc,00011,0,pretrain,i0QKBKWnkxg,00005,-2.1133573093405333,5.504
train,pretrain,5nrn5fC001Q,00002,0,trainval,cPL2FE7ZPTg,50011,-5.65799353208873,3.2
train,pretrain,7H0USvVSfhU,00038,0,pretrain,kTsqFn33RiQ,00003,1.0846136949910683,6.336
train,pretrain,MvMUMShuMaI,00009,0,pretrain,o4Nno6POrwE,00058,-9.515175127994953,5.568
train,trainval,N0vRIqeoefs,50004,0,pretrain,NRO0SJXuFMY,00013,5.4135428765179245,2.112
train,pretrain,boSGZ3qSAys,00029,0,pretrain,ImQrUjlyHUg,00020,9.075050521181396,5.056
train,pretrain,6ePXxeGrfvQ,00010,0,pretrain,7Mqse6SLOds,00041,-6.391939046036759,2.816
train,pretrain,Fkd9TWUtFm0,00006,0,pretrain,CK5w3wh4GSM,00022,2.2354388564958327,4.928
train,pretrain,L9Sc1j9VRwE,00011,0,pretrain,G8cjIBwP52o,00013,7.2776979192262665,2.496
train,pretrain,wAdwurHhvSI,00039,0,pretrain,uo7w3g24DWo,00017,-4.225457621309163,4.544
train,pretrain,FjibavNwOUI,00019,0,pretrain,xzT6iH2CX4k,00034,3.5389668192927886,5.696
train,pretrain,NgbqXsA62Qs,00022,0,trainval,y8qc8Aa3weE,50002,-0.46107781739073594,6.208
train,trainval,lw3YTbubyjI,50006,0,pretrain,kYXiegTXsEs,00013,-6.655104298319403,2.432
train,pretrain,UDXtFbSmBAg,00016,0,pretrain,J6oMG7u9HGE,00006,-6.465127513421587,4.288
train,pretrain,IW8mHxAkOtA,00013,0,trainval,AWEpeW7Ojzs,50001,-8.103045583076366,3.904
train,pretrain,wKIHuxe2fi0,00012,0,pretrain,RrFSO62p0jk,00028,-7.7623996554237396,4.48
train,pretrain,kNhyOYv2ejw,00056,0,pretrain,nLeeTVmVrtA,00019,-0.5699750934958026,9.28
train,pretrain,BCvzpm4d2gs,00003,0,pretrain,u9hauSrihYQ,00002,0.7795680524493616,3.84
train,pretrain,F1Kml3zuTco,00008,0,trainval,LLmhQmicusM,50023,-2.4725360264395713,5.12
train,trainval,ZSRaJIMYSMs,50021,0,pretrain,EhM56Fk2aFk,00014,7.22125169271316,3.072
train,pretrain,25onkAGt3Gs,00028,0,pretrain,ofsncCF9OSU,00053,-0.4686904141141177,5.952
train,pretrain,KQbTvFHymLc,00012,0,pretrain,cXbXNV9SZAg,00008,3.2088207581051886,5.44
train,pretrain,60OVlfAUPJg,00047,0,pretrain,ym6OYelD5fA,00014,5.063002839521706,6.72
train,pretrain,lfykytI3A6k,00036,0,pretrain,ElJxUVJ8blw,00025,7.5587117505301435,5.056
train,pretrain,WxUf326kZ1I,00006,0,trainval,SGzenQjZSpU,50001,9.668383474548804,2.048
train,pretrain,ZCRC5S0kfiw,00030,0,pretrain,twG4mr6Jov0,00008,-9.814531686531163,5.44
train,pretrain,ccItSqRQBoI,00004,0,pretrain,SSJkV8IzsZA,00007,-3.3658177003547323,4.224
train,trainval,CGksAjzI0go,50011,0,pretrain,pMYYxSim5QI,00016,7.135876828575142,3.136
train,pretrain,sFIDCtRXSSo,00012,0,pretrain,8COaMKbNrX0,00032,1.107109873298457,6.016
train,pretrain,qp0HIF3SfI4,00029,0,pretrain,QoTSdOkjEVs,00003,-6.5681107472924545,11.328
train,pretrain,n83zdD2Y8Zc,00009,0,pretrain,MS4x6G0zzeg,00001,6.193054612426948,6.592
train,pretrain,WKlIytaSlu4,00019,0,trainval,QJORi5VO1F8,50001,-1.856924279114276,2.56
train,pretrain,xbWcLYOniWU,00002,0,pretrain,kU0ei9ApmsY,00002,-5.312622917411247,5.76
train,pretrain,qtAZbSZESOU,00004,0,pretrain,hha0NsYXS5c,00012,5.558169819623677,5.44
train,trainval,cWcVPpxezE0,50016,0,pretrain,gWPFJgLAzu4,00005,-0.2176811148027742,5.44
train,pretrain,4bHO8NZwmIg,00025,0,trainval,qqNLSZ6SSSc,50002,-0.21740799791070486,2.688
train,pretrain,ESNiCniw0JE,00003,0,pretrain,1YO1FmVAPrA,00019,9.957979945470317,16.896
train,pretrain,4ZgwzSm7sRs,00048,0,pretrain,3m6dV7Xo3Vc,00014,-0.34279184238291904,11.456
train,pretrain,0N6cjPWqpSk,00012,0,pretrain,YJ5VS3GAucc,00006,-4.072625399535433,4.544
train,pretrain,aSLSiIskEFU,00039,0,pretrain,HWsehvUkISc,00011,-2.043381826359605,7.872
train,pretrain,b2qM1ISJCEQ,00010,0,pretrain,LtWINl3CS7s,00003,-4.686019902033747,6.144
train,pretrain,Sd7lvPpDDUg,00004,0,pretrain,DOYASAY7dO4,00033,0.7534958817104744,2.624
train,trainval,BoRUrWcdkQ4,50016,0,pretrain,aiDSQyFdd68,00019,-2.810728052544449,5.696
train,pretrain,NR33yerZgso,00003,0,pretrain,bvAEJ8G9l9U,00004,0.47155168131423686,5.376
train,pretrain,orumugzJpt0,00013,0,pretrain,1U2qMRGihGg,00001,7.313540191706579,6.656
train,pretrain,wNokfBHccVI,00012,0,pretrain,dY7iATJVCso,00009,8.80433717815174,11.776
train,pretrain,PENUoKd5Feo,00008,0,pretrain,pj2YxCAnqx0,00002,8.114858980626764,7.68
train,trainval,lD69n6Ur2P8,50002,0,pretrain,ramueKMLXZY,00013,0.7645261122166129,3.2
train,pretrain,SgYvy71CSSA,00005,0,pretrain,tMSU6k5SWXg,00005,3.342045890732109,7.488
train,trainval,MtSE4rglxbY,50047,0,pretrain,cSohjlYQI2A,00011,6.850511896914693,2.688
train,pretrain,T9vLHFza8Uc,00015,0,pretrain,89Dhye1lgik,00011,-5.914089819811497,13.248
train,pretrain,ASY5DjSZUDE,00005,0,pretrain,JSuTsrxfYWQ,00048,4.810550905460593,13.568
train,pretrain,9SGSSQssNj4,00013,0,pretrain,ur03GAmIV8A,00007,3.6427282990208525,4.736
train,pretrain,8jkri0AeZWQ,00024,0,trainval,S47ZRF02Cyo,50014,-5.5937699434827115,2.56
train,pretrain,SPSq3cW672s,00002,0,pretrain,zvwQXwJyaj0,00022,2.276651845839698,6.912
train,pretrain,UVqoIgh7bcw,00015,0,pretrain,XqsmITK1VO8,00002,-8.7043507774647,5.056
train,trainval,x3AwnkR92EA,50008,0,pretrain,omGbKQIzoWY,00003,-3.4834275560809864,3.456
train,pretrain,KsSSMh1QhMc,00010,0,pretrain,Sj2XrT0QN5A,00020,-6.445470421858513,3.904
train,pretrain,2g9GedPylM8,00030,0,pretrain,TjaM0tdxtYA,00024,-6.1298693883542725,4.8
train,pretrain,Let7s6SPgEU,00015,0,pretrain,d6PS4p3IXLQ,00039,8.375928197771046,8.128
train,pretrain,ogXTSCI7KRU,00017,0,pretrain,WtLMST8TyeY,00007,-8.459708081972297,5.376
train,pretrain,AR6RiSHN7S0,00035,0,pretrain,vg8WAv0YT9c,00010,2.0126847136971815,9.216
train,pretrain,gzthxdm7XNs,00007,0,pretrain,5tUnSuoYKoE,00046,-2.3320791196361057,3.008
train,pretrain,LguEk06WbSU,00001,0,pretrain,bhgonb4EqXI,00012,9.12872223754023,4.352
train,pretrain,OEydHbngSz0,00013,0,pretrain,i18gxxnJ2nc,00009,-2.8261429383055736,4.736
train,trainval,LiyaSr5aeho,50012,0,pretrain,J3pGKt7fESM,00012,-3.628407080010776,3.008
train,pretrain,FrgzvykPILc,00028,0,pretrain,qFOooWq2inA,00008,1.5188435842513712,4.544
train,pretrain,wDxjss7kHRw,00025,0,trainval,Zctk6MZaxMk,50014,7.2690581491535795,2.432
train,pretrain,YsYHqfk0X2A,00008,0,pretrain,WbuIl6phdco,00021,0.8825599004462692,9.92
train,trainval,o8xWaNpSlbI,50002,0,trainval,7TXEZ4tP06c,50001,-7.513627592912913,2.176
train,pretrain,oIGBBPspTKM,00022,0,pretrain,gaY4m00wXpw,00009,4.269835599997053,8.0
train,trainval,aEjUlH7bNDo,50011,0,trainval,o0TbaHimigw,50005,-4.1781050113421365,4.288
train,trainval,RcGyVTAoXEU,50005,0,pretrain,YSmJDnSemqY,00006,-9.565444079906024,2.176
train,trainval,HyZV8Ql1PI0,50006,0,pretrain,J6oMG7u9HGE,00032,-8.217888191033527,5.248
train,pretrain,VS5CCbyap5Q,00016,0,pretrain,LLmhQmicusM,00010,-8.598694128601656,13.184
train,pretrain,9FBxfd7DL3E,00025,0,trainval,J10EaonNV2A,50001,-7.484105237403513,3.584
train,trainval,IGadg8xHVPI,50001,0,pretrain,p2MEGk5q1WI,00014,-7.410904329177885,2.688
train,pretrain,sUf1ajkIAhY,00010,0,pretrain,bRQahFJUSJQ,00008,-4.133478402409945,4.608
train,trainval,hqQSTqVNnOY,50012,0,pretrain,hupHAPF1fHY,00018,8.208868978569907,5.696
train,trainval,bRuU02haIK8,50011,0,pretrain,H3TFShI7zKc,00003,9.303992336514423,2.944
train,pretrain,PYSkd46RfVE,00013,0,pretrain,km4GiwSIFCo,00010,7.980391027262968,8.32
train,pretrain,yjtCDgjxRAw,00015,0,pretrain,uNQujCwCu88,00021,7.634763488946657,3.392
train,pretrain,kcwBHSUevxo,00017,0,trainval,0iTehgSOZ8A,50014,2.639913349369678,6.208
train,pretrain,nItwVO9stX8,00003,0,pretrain,FqSVvAxDBRY,00018,-3.899100971561915,22.144
train,trainval,xp0O2vi8DX4,50015,0,trainval,GXySSkBVq1M,50004,4.3856234324517125,2.368
train,trainval,Fc1yN6uxZfQ,50031,0,pretrain,piCQ3StcRUQ,00018,-4.606171724533303,3.84
train,pretrain,CijsvAGU6Sc,00004,0,pretrain,LBvHI1awWaI,00032,-3.6878194909122026,4.864
train,pretrain,j4LSwZ05laQ,00001,0,pretrain,jqWHy6B0ADA,00018,-6.959108382502461,4.544
train,pretrain,7ZWTG0SeCEg,00003,0,pretrain,1z3Fgtj8fqk,00026,-8.79939203304113,5.248
train,pretrain,dOOtM7ZpAS8,00031,0,trainval,J0WQz9qlgZI,50004,-2.1238216144003648,3.84
train,pretrain,7Gp08e63q5c,00002,0,trainval,3XDdhbrg2kw,50002,7.94394515139324,3.328
train,pretrain,3F2jACWwKdU,00022,0,pretrain,jxKUDXrtDFI,00007,8.859205636915476,4.8
train,pretrain,EiTrl0W1QrM,00049,0,pretrain,PrIvtWhI1DM,00014,5.16931141526217,5.696
train,pretrain,AgMOJC5R4F8,00024,0,pretrain,Qz6V5OA4ymA,00007,-8.505434459851235,11.2
train,pretrain,cotBM0laSSo,00021,0,pretrain,LizFrxTK5Qo,00022,-7.095413528263654,4.096
train,pretrain,vqPAdUeU6mQ,00001,0,trainval,tic7X3ET4gE,50004,5.141930468694959,5.248
train,trainval,tV2RLLtOgL4,50007,0,trainval,LkOmfSSQLgI,50002,-2.3665767296445184,3.712
train,pretrain,vzKA1y3cdYI,00014,0,trainval,deT1mILtFEY,50008,-8.480049910483565,6.08
train,pretrain,axAxSDq3rn8,00011,0,pretrain,1X8b7mXImVM,00005,1.3674150482531502,4.288
train,trainval,7sqeoYOQ4qg,50007,0,pretrain,M1o3FS0awtk,00041,6.244693154717076,2.688
train,trainval,uHRG3Vr9qyI,50051,0,pretrain,7ZoOyNTyjQE,00013,7.76078075149076,2.752
train,pretrain,X6Zo53M0lcY,00014,0,pretrain,snkrS1C2e7U,00007,1.178402050163129,3.136
train,pretrain,bpi6us7wQfE,00005,0,pretrain,M3fGS0tZDB4,00004,-6.1295500269273955,19.456
train,pretrain,Rpsf1YJsbbI,00008,0,pretrain,oTHSfmQo3Ok,00007,-0.24699870095613718,11.008
train,pretrain,KXAnS2epCPA,00001,0,pretrain,ZmSF9gVz9pg,00015,-4.991239934151725,4.608
train,pretrain,K74JqctvM2g,00011,0,pretrain,X9FFzWUInyA,00004,-3.6283308780866097,6.08
train,pretrain,pVQdpofMhwU,00020,0,pretrain,th3nnEpITz0,00024,9.639735387357128,11.328
train,pretrain,dJEwC4wCM70,00030,0,pretrain,mArrNRWQEso,00039,2.2893352091447845,9.92
train,pretrain,8SAWKDRHZuw,00005,0,pretrain,3GFG6Cvy9HQ,00030,8.041054279780376,25.6
train,pretrain,XYEChpVS04s,00009,0,pretrain,rSSSsisz2SM,00004,-7.423026805549551,14.336
train,pretrain,k0T6rfpYoqA,00019,0,pretrain,qFOooWq2inA,00014,-2.5530871075490724,6.784
train,pretrain,1CN7PF10RKo,00031,0,pretrain,IRVdiHu1VCc,00054,8.783463688542827,6.848
train,pretrain,k4vzhweOefs,00058,0,pretrain,U5kIdtMJGc8,00052,3.6793451570682585,4.864
train,pretrain,Bc2wVyl8RLI,00017,0,pretrain,NiKtZgImdlY,00002,9.222731680968888,8.768
train,pretrain,qZRSPO8NtJc,00022,0,pretrain,5TKRSIKtaCg,00022,-6.52127142985001,9.984
train,pretrain,cmFSHbPSjd0,00003,0,pretrain,ddek3gQVt9Y,00001,8.584781443470536,5.696
train,pretrain,JTX0diTlUFU,00003,0,trainval,qdiF1fSGfyM,50001,-0.11692100911902692,6.08
train,pretrain,k5hspA18IU0,00007,0,pretrain,aFDKHFsVRnY,00012,-8.450182907782224,5.376
train,pretrain,DkyMCCnNI3Q,00009,0,pretrain,sAMahX5hIgU,00001,-1.1146278266060854,11.776
train,pretrain,AAsSqx2aLsA,00010,0,trainval,MgnnQ2CN6yY,50002,-7.783606489519999,6.08
train,pretrain,iq5lXSj6Prg,00012,0,pretrain,6tpsSu5O0Ws,00044,-6.7870432738355095,6.208
train,pretrain,fJ36gCwKVec,00017,0,pretrain,audakxABYUc,00013,7.981613289852664,6.848
train,pretrain,YiXdS9DFCOQ,00013,0,pretrain,7udZ5ux0dYE,00036,-0.5011757832553911,4.544
train,trainval,dRic5yJC8UY,50005,0,pretrain,asSNPOU5U3c,00006,1.259298450239415,4.544
train,pretrain,wSF82AwSDiU,00016,0,pretrain,1SS2wOnkcSk,00009,-7.291120285549595,16.576
train,pretrain,OLHh9E5ilZ4,00030,0,pretrain,SSy6CJLMuiw,00009,-8.175486708759239,6.144
train,pretrain,on3KttMgbZE,00003,0,pretrain,4BaJ8zS49v4,00005,-6.001095347335774,4.288
train,pretrain,hZ6uYagzwVE,00011,0,pretrain,n3qA8DNc2Ss,00013,-5.199121036794394,14.016
train,pretrain,arj7oStGLkU,00032,0,pretrain,rrkrvAUbU9Y,00053,5.720367304438447,3.52
train,pretrain,sWN13pKVp9s,00012,0,pretrain,JS8fYhwrYzI,00017,-2.9825808931951165,8.64
train,pretrain,sEOSCziWuP8,00012,0,pretrain,mbbMLOZjUYI,00031,-9.829988140448869,20.096
train,pretrain,4yyPSZSGLOI,00011,0,trainval,Mb8x6vLcggc,50009,8.072446483705907,6.08
train,pretrain,K8Dj0oSf1SA,00018,0,pretrain,LI8ix9IghkY,00002,-4.369076183508809,3.392
train,trainval,stBSQ6CagVo,50005,0,trainval,sWN13pKVp9s,50005,-1.0821112907922998,3.456
train,pretrain,kpfsQbFV5SU,00012,0,pretrain,y7LXwGfvxwo,00022,2.4322393779711398,4.16
train,pretrain,cgxZ4H3gJ8c,00013,0,pretrain,bzj1BTdfoeI,00034,-8.124482918953843,8.896
train,pretrain,bcSXtB5bQgs,00020,0,pretrain,uM1Ygy0tSp0,00005,5.778348119382887,9.792
train,pretrain,LZXUR4z2P9w,00011,0,pretrain,kU7veyGGps4,00012,-6.4904298793141795,3.072
train,pretrain,Z41BTeAU7DI,00007,0,pretrain,70uaS1e9YN0,00022,-0.33119921642148675,8.576
train,trainval,p9UC0chfXcg,50007,0,pretrain,RgqtrlixYR4,00010,9.641619900887317,6.144
train,pretrain,hbkBSjNGSzE,00016,0,pretrain,g2J6YOiLNr4,00026,7.0027726883615316,9.6
train,pretrain,55n9pHSA0O8,00041,0,pretrain,chXKZC4D42k,00013,-6.868147562791851,7.808
train,trainval,Mgbf3cq7lms,50064,0,pretrain,7wJTgUCxnKA,00012,6.061728287821101,4.096
train,pretrain,oiVSHkItqxo,00004,0,pretrain,H03o2WCBoDU,00001,5.010748840391992,5.568
train,pretrain,14rYeATuCqQ,00011,0,trainval,uYaF8pSTNSU,50001,-6.533305093179617,4.288
train,pretrain,yG7v4ySxwzQ,00005,0,pretrain,btF6nKHo2i0,00042,-3.5559713252534353,8.256
train,pretrain,rrkrvAUbU9Y,00035,0,pretrain,ZBWsmoy5Re4,00028,6.719030432003407,6.272
train,pretrain,0qYTf9evWeY,00018,0,pretrain,BUhksjVTbEk,00005,7.318401734069585,3.52
train,pretrain,TVfmUfr8VPA,00003,0,pretrain,5ldhLuX4vSM,00032,7.260730192244559,5.12
train,pretrain,HJqtUUDhaxA,00004,0,pretrain,04VbxnzUwes,00007,-1.811389253443183,7.68
train,pretrain,lyRSK2CZIHQ,00008,0,pretrain,lQDxasFKQCA,00024,2.39255418358146,7.808
train,pretrain,fmxNuVDJZEY,00002,0,pretrain,IGadg8xHVPI,00033,-5.5352356704067756,8.64
train,trainval,ImmtTHYU5GQ,50029,0,pretrain,1l4B16s5i78,00013,4.825669497585803,5.824
train,pretrain,79tRTivyMSM,00002,0,trainval,WKlIytaSlu4,50006,-9.666566939577667,5.696
train,pretrain,KDBcoRLkut8,00010,0,pretrain,LrBKcTTMlCQ,00011,4.938285386852261,6.592
train,pretrain,R9g3QSqvtss,00018,0,pretrain,UG2zHhgfAW0,00027,-2.487431554413022,3.52
train,pretrain,wfW3aZCFfLA,00047,0,pretrain,NZspSEdO2Xk,00007,7.833990440521962,3.52
train,pretrain,S7rSSd1fiUc,00004,0,pretrain,fTznEIZRkLg,00001,-2.5464919680368014,4.16
train,pretrain,t9EuJ9QlikY,00002,0,pretrain,kSxhDZaLyVQ,00001,-2.0995483139023774,19.008
train,pretrain,dvuh1Np35Pk,00040,0,pretrain,2W1jvTEjc1s,00032,6.142743211479395,5.056
train,pretrain,qFOooWq2inA,00017,0,pretrain,c8WMMSPUOj0,00002,6.787809066503659,10.176
train,pretrain,arj7oStGLkU,00033,0,pretrain,DtT6S1vtjzQ,00018,-2.0438911812878846,4.288
train,trainval,aR6jLD1USW0,50002,0,trainval,CK5w3wh4GSM,50005,9.73126185068249,3.136
train,pretrain,wZ2TF8SPGQ4,00021,0,trainval,c2tOp7OxyQ8,50044,1.5694868239090969,2.624
train,pretrain,NMfXycr7SOU,00010,0,pretrain,iCXfJVCg1LA,00017,8.643169557610697,6.912
train,pretrain,KU0zEEDRKXo,00005,0,pretrain,3sUWSDHOVn0,00031,-0.8538945759064802,18.048
train,pretrain,qty0NjF3pdQ,00027,0,pretrain,HBUoaf8vwJ4,00008,-1.4928747417310806,11.328
train,pretrain,Sx1qkuvUxuI,00002,0,trainval,btItLAjT5zg,50003,8.932803652866482,2.752
train,pretrain,C2SVEM19NHA,00041,0,pretrain,5ldhLuX4vSM,00028,-7.357520084678262,5.824
train,trainval,yr6khSQOk0s,50001,0,pretrain,1COwySxiwSg,00015,0.8575349252003939,3.328
train,trainval,5UH7uTpTa44,50006,0,pretrain,gJv1WdMUz0w,00001,-9.68699199314791,5.76
train,pretrain,kmflTZnRuZI,00026,0,pretrain,RdPHxiTAN2M,00005,-0.012995440280853643,3.584
train,pretrain,9KACXVScWS4,00061,0,pretrain,38OUCtzkT4Q,00021,9.186796328153143,5.44
train,pretrain,YraU52j3y8s,00075,0,pretrain,Y8u42OjH0ss,00002,-7.514094600094163,6.528
train,pretrain,emeEpzkf044,00014,0,pretrain,43DuLcBFxoY,00004,-0.31941037311532483,7.68
train,pretrain,y9KeyKVuLHU,00002,0,pretrain,6ORDQFh0Byw,00029,-0.3230396346245641,4.096
train,trainval,DqCsQqy9MyU,50016,0,pretrain,7sqeoYOQ4qg,00016,-6.652210333458404,5.888
train,pretrain,TV5JBCBcCO0,00001,0,pretrain,dE1DuBesGYM,00001,3.4999442169070427,10.048
train,pretrain,S98m4Vod6S8,00009,0,pretrain,FX6j9jPF8Ss,00002,-8.695419187893453,7.488
train,pretrain,iF4s75ZPano,00025,0,pretrain,ihoR9B7pS1Q,00013,0.24857919233211057,3.328
train,pretrain,RrFSO62p0jk,00014,0,pretrain,zbHe4RpgV80,00022,1.317137448694183,6.336
train,pretrain,fXf3CCyhLGU,00013,0,trainval,HCG1petekXw,50013,2.1099877831590383,4.48
train,pretrain,5pW2b1vwwf4,00015,0,pretrain,ws4GZvNeQhQ,00025,-7.134535624764138,3.072
train,trainval,5QGApheKRc0,50004,0,trainval,Lh9lDWPMWrM,50008,-7.439059018828127,2.816
train,pretrain,th3nnEpITz0,00031,0,trainval,P9YbrVFoX0Q,50008,5.13656787617837,2.176
train,pretrain,sAMahX5hIgU,00015,0,pretrain,cplaWsiu7Yg,00029,4.782813293106109,7.36
train,pretrain,GkRn9Lp16UI,00024,0,pretrain,wfW3aZCFfLA,00025,-9.019584308283058,5.376
train,trainval,F2hc2FLOdhI,50004,0,pretrain,rHbjwH2Blfg,00022,7.916437343077533,2.368
train,pretrain,VFaQtPw3Va4,00027,0,pretrain,9SqHrhrTktc,00010,2.575730436015295,17.28
train,pretrain,jSOPQgPIdKg,00024,0,pretrain,zIwLWfaAgS8,00044,4.086802402866654,6.208
train,pretrain,Wai4ub90stQ,00013,0,pretrain,MvojSku8zk0,00014,-4.703608896825397,4.544
train,pretrain,dY7iATJVCso,00030,0,trainval,N37x4GgDVBM,50020,9.601776996442432,6.144
train,pretrain,MnT1xgZgkpk,00033,0,pretrain,Lrdn4lazVBc,00013,-9.003522731429289,4.8
train,trainval,zwjLQgNd7XM,50003,0,pretrain,mLufqwmPl1A,00012,6.780105046276962,2.944
train,trainval,ddek3gQVt9Y,50003,0,pretrain,SGG97dDfZ7E,00006,8.516214729957486,3.584
train,pretrain,gK2AkxzFeDM,00026,0,pretrain,GtXyGFMBWBs,00030,-5.576408552216964,6.528
train,pretrain,zIwLWfaAgS8,00004,0,pretrain,yDpnTrF9N6w,00002,-0.8241282295355887,8.64
train,pretrain,E4ptaIDAIlY,00001,0,pretrain,tBbyP0P7BRg,00007,-8.922722672368668,5.056
train,pretrain,b8z6HfSq7l8,00009,0,pretrain,7hFy02TSH4U,00013,-8.988925851194756,5.568
train,pretrain,3E46oWB4V0s,00025,0,trainval,DzNNS4rcIjs,50012,9.320089991271502,5.184
train,pretrain,6k8YBJ5sgko,00015,0,pretrain,N7wF2AdVy2Q,00019,-7.948644123510715,6.4
train,pretrain,AhUhpfKeLus,00010,0,pretrain,E7oq6J8HvKw,00001,-8.9333131141644,6.976
train,pretrain,CPVjktgYKo4,00019,0,trainval,T3I6LwDSfPE,50001,-0.18824791707503152,6.08
train,pretrain,Bc2wVyl8RLI,00034,0,pretrain,Td2hfdXQ5x8,00031,3.786973464537283,4.288
train,pretrain,NwmGTM5Py8Y,00064,0,pretrain,Nt88TSEAgDE,00009,-2.3484523833970883,4.16
train,trainval,DOvbl3ZPPV4,50001,0,pretrain,0lYq5jXBfzE,00004,-7.7356591512844215,2.56
train,pretrain,WmJwn4WDeLE,00023,0,trainval,LS6TWtYWaPA,50014,-9.958186932876238,4.48
train,pretrain,1OQkdRdfyjI,00007,0,pretrain,JKsHhXwqDqM,00042,1.3076281411238693,11.52
train,pretrain,S1VpOweDio8,00013,0,pretrain,GROCkg810R0,00002,9.480423583557705,6.08
train,trainval,58eTdyeVwbA,50001,0,pretrain,OAK1UIbSFio,00027,-8.736739155727998,6.208
train,pretrain,paSYuxyRDuw,00009,0,trainval,2Oe6HUgrRlQ,50011,5.780844343798412,4.736
train,pretrain,FSS4Kv6MlG0,00007,0,pretrain,qegYP10m2lo,00005,-7.116694984660734,3.648
train,pretrain,ZPBTnWWWUY4,00003,0,pretrain,85hbMtegrLc,00001,4.374308933695488,10.56
train,pretrain,CR5krXHkr2I,00024,0,pretrain,zkQL7UJYDIY,00020,0.8171185976116,3.456
train,pretrain,EfXidZmAW1s,00011,0,pretrain,Qh1iU3Srx5g,00003,-7.37193557418653,3.776
train,pretrain,5zTLgSAx2M4,00006,0,pretrain,ciStnd9Y2ak,00028,6.5872973239156565,7.616
train,trainval,l92bqJNkIao,50004,0,pretrain,IKZCw4xdESQ,00012,2.955574990941363,4.416
train,trainval,GKjScLeyNJk,50004,0,pretrain,X77DUi9PD4Y,00019,4.9755789979327165,4.736
train,pretrain,wgeh4xhSA2Q,00001,0,pretrain,1HIxnTruN78,00006,-7.746149515870906,6.08
train,trainval,MSE5Vryrd0I,50008,0,pretrain,4BwSMSCFdu0,00051,0.5868724967037942,5.44
train,pretrain,ZdDjexbxVzM,00005,0,pretrain,FsGu5YTM1NI,00009,2.5737713731799516,6.72
train,pretrain,59SRn1SkWAA,00046,0,pretrain,q4TJEASZRys,00016,8.593111306899388,10.752
train,trainval,URSuWwvpn5c,50005,0,pretrain,9MegHiL93B0,00009,5.058435669910814,3.648
train,trainval,KoXdjyJyxbE,50011,0,pretrain,PfWGiu0jGv0,00004,6.456383944162315,4.608
train,pretrain,fwYS1jyEzmU,00007,0,pretrain,iUbfRzxNy20,00016,9.791499073670856,5.952
train,pretrain,zUS5GcqzHNM,00012,0,pretrain,BQOz6OVz1zc,00014,-9.996063704719107,8.128
train,pretrain,VASXSkawBiY,00002,0,pretrain,uVAaZVz9pDs,00048,3.4400243072573016,6.4
train,pretrain,DSPWxjBgvF4,00007,0,pretrain,lV3trdyDdHE,00042,6.487391714368421,8.32
train,pretrain,BjclkhNAO0s,00025,0,pretrain,4GKTEDqbQIw,00024,-1.109811040692346,7.36
train,pretrain,p2MEGk5q1WI,00045,0,pretrain,I4fJPKSKbrA,00013,9.880115747022607,3.776
train,pretrain,1mUDw0sRZV0,00011,0,pretrain,DtT6S1vtjzQ,00025,3.965021037128478,3.904
train,trainval,P4pKrxVcvJc,50018,0,pretrain,kySSXxxiWHg,00016,-8.160455944906488,4.48
train,trainval,7POkIJfbMyU,50007,0,trainval,THJUvXkqmBk,50009,-6.581153007091503,5.376
train,pretrain,Wgt8QUHQjw8,00019,0,trainval,paSYuxyRDuw,50004,7.400823649941856,2.432
train,pretrain,qFOooWq2inA,00022,0,pretrain,b1bKfLaiSlI,00004,3.0060275403210994,5.248
train,trainval,4ZgwzSm7sRs,50015,0,pretrain,mkdSXHXhCcw,00086,1.008060032898488,3.264
train,pretrain,vNDhu2uqfdo,00007,0,pretrain,JCI9FBP0Abg,00014,0.2634825022973395,6.464
train,pretrain,B5MkpzMAOZM,00033,0,pretrain,VM6HZqQKhok,00046,-2.0310499107279822,8.448
train,pretrain,Wzy0cX1NXpM,00008,0,pretrain,tNKdc6Lxcvo,00016,2.9436542345607,5.568
train,trainval,I2xDZlpInik,50004,0,pretrain,uP3pg3alCRw,00019,-1.4635635803209617,4.416
train,pretrain,Ligs82S0qN8,00004,0,trainval,S47ZRF02Cyo,50001,5.308250963637981,4.16
train,pretrain,ARGkp6am3S8,00020,0,trainval,bSiGZPtWXzE,50063,-9.934507871774498,6.08
train,pretrain,XOU2ubWkoPw,00024,0,pretrain,LUO3jqMlWkE,00016,-9.351594810888038,4.928
train,pretrain,GbYc9BOU30o,00001,0,trainval,ZBuT2wdYtpM,50003,-8.752260289171543,2.944
train,pretrain,Fc1yN6uxZfQ,00026,0,pretrain,d6PS4p3IXLQ,00033,-3.586598523045261,3.968
train,pretrain,3sUWSDHOVn0,00030,0,pretrain,31PyAjy6Nl0,00007,4.886896522080441,11.008
train,pretrain,IwidCkCmWg4,00007,0,trainval,2Yt6rajSS1M,50005,-2.363897584298078,3.008
train,pretrain,z9sa2ZAqHl0,00028,0,pretrain,qGSYmIPFO68,00001,2.8547578760791197,3.712
train,trainval,wSepGxx36To,50008,0,pretrain,buHSvs7LFzw,00005,0.6915820412706974,2.048
train,trainval,150cqgYh8sQ,50007,0,pretrain,BwIGcvBGSRk,00010,-2.5339586202249498,6.08
train,pretrain,BXlnrFpCu0c,00026,0,pretrain,6fJRmouSDL4,00006,-4.058297026936417,3.52
train,pretrain,1VRgmKiE0Js,00027,0,pretrain,PNqu5BWeHDw,00009,0.6943882395091663,6.4
train,pretrain,w8lH8tNlAXc,00001,0,pretrain,rzwJXUieD0U,00010,-8.547309056405224,7.744
train,pretrain,kmNxhFFZWpM,00019,0,pretrain,CFtsHf1lVI4,00035,6.43528341442417,9.536
train,pretrain,iQsnObyii4Q,00022,0,pretrain,4XESlSz0TLM,00012,3.8868264192003448,9.216
train,pretrain,GtXyGFMBWBs,00027,0,pretrain,pz1TDXKSTHc,00001,5.891142087968646,2.56
train,pretrain,ro1Ksq5DihU,00005,0,pretrain,9vpqilhW9uI,00014,8.49942538548314,7.68
train,pretrain,LGtNFHtM81A,00031,0,pretrain,S0hxl03JoA0,00013,-5.958130202646965,6.272
train,pretrain,GW02Vo641dU,00018,0,trainval,8b2vNkEtfpc,50023,-2.7951608664488674,2.752
train,trainval,7npLVcymHGc,50010,0,pretrain,NRcPXtqdKjE,00013,-9.987130010792422,2.688
train,pretrain,LH8MPbFoRjw,00033,0,pretrain,HByDu4uOFY4,00008,-9.289351560538012,12.48
train,pretrain,RrFSO62p0jk,00019,0,pretrain,N2HgOWBXyc4,00010,7.08395000574783,5.76
train,pretrain,qKJv4S5peJQ,00015,0,pretrain,FPhZGDS6kVQ,00016,4.901325884345747,6.208
train,pretrain,j06dz9eDgqY,00020,0,pretrain,zuAj2F54bdo,00006,-2.572315315352645,16.064
train,pretrain,tMSU6k5SWXg,00022,0,pretrain,vVsXO9brK7M,00003,-0.7457411866301875,15.296
train,pretrain,ZSRaJIMYSMs,00007,0,pretrain,K74JqctvM2g,00029,-2.5775201275243065,4.096
train,pretrain,jSOPQgPIdKg,00018,0,pretrain,ocqn3wYTCRM,00010,5.196366783052142,7.232
train,pretrain,WQG8EJTY48M,00011,0,pretrain,5UH7uTpTa44,00020,4.170041054962891,9.664
train,pretrain,xjSQFZX2m9o,00011,0,pretrain,TDCYJ3Sgx2w,00014,0.5475486823149129,5.568
train,pretrain,CS9f7Qq4YZc,00025,0,pretrain,Qs9m8obl0AY,00020,-4.182349067421627,2.624
train,pretrain,aSLSiIskEFU,00056,0,pretrain,w6vVXmwYvgs,00006,6.594390500207755,16.448
train,pretrain,o9DNWK6WfQw,00004,0,pretrain,gLDQr9i7LkM,00025,9.319935786817052,10.368
train,pretrain,Kn5JRgz3W0o,00012,0,pretrain,b2LbuqoNGGI,00019,-6.179878370496028,9.28
train,pretrain,kLIfeGflNp8,00012,0,pretrain,C74amJRp730,00009,-2.598890325850509,4.48
train,trainval,fBLErez9ljw,50001,0,pretrain,4wCQV4Le3S0,00005,-7.42589401696743,6.08
train,pretrain,FjibavNwOUI,00014,0,pretrain,FPhZGDS6kVQ,00011,-1.348164990539395,7.744
train,pretrain,2BOTS9GAjc4,00033,0,trainval,o2BJsFkzSYU,50004,-7.343411509328835,2.56
train,trainval,a4ZBzM3L6ws,50003,0,pretrain,OF5VVrsnpzo,00033,-1.881753988709045,4.224
train,pretrain,QpmsftF2We4,00004,0,trainval,RxyQNEVOElU,50007,-4.1123658064882544,3.84
train,pretrain,CiJ6ybBSm10,00024,0,pretrain,rmeGVhhbGrM,00014,-5.371977836147817,3.52
train,trainval,FdHJw0veVNY,50007,0,pretrain,vZWokpaQ3NE,00018,-3.2468916939872123,3.968
train,pretrain,A3yBxsDv8lM,00016,0,pretrain,LNohxpJntZo,00029,9.423412589899986,4.608
train,pretrain,G2Y6Am46eVU,00003,0,trainval,GS1xL1qcBa4,50009,-1.5125623910709045,3.008
train,pretrain,tMSU6k5SWXg,00006,0,pretrain,8dSDMQNoikU,00002,5.943938427967407,10.24
train,pretrain,ZHOyfyGwpes,00042,0,pretrain,ZK3S2rCHmPA,00004,7.874683890497252,4.416
train,pretrain,SF242mxtZN8,00042,0,trainval,qAYqK9lAxic,50010,-6.545675693085977,5.888
train,pretrain,YzhSmnGcSkE,00024,0,pretrain,7HD3lrb6VtM,00007,6.058671389830412,22.336
train,pretrain,q2k2Xbfuy1I,00003,0,pretrain,H1fvr9rGgSg,00048,-8.513619559357807,6.592
train,pretrain,luoKOkTxOtU,00018,0,pretrain,R21MsHQA8vM,00045,-9.829184883463139,4.288
train,pretrain,LhszKevcH30,00027,0,pretrain,5XD2kNopsUs,00012,-2.532584464038279,9.664
train,trainval,PYjWLqEScfE,50002,0,trainval,FSNEIwDiCSw,50018,3.1986545450533796,2.304
train,pretrain,GhpFTQfiqCs,00011,0,pretrain,gypAjPp6eps,00023,-7.281089712940119,6.4
train,trainval,1sgb2cUqFiY,50013,0,pretrain,I4fJPKSKbrA,00024,-1.9342519159097566,2.432
train,pretrain,LSGfqyhleUA,00046,0,pretrain,iunmpgOnpqM,00004,6.489961367971915,9.92
train,pretrain,RKmxL8VYy0M,00019,0,pretrain,pk35J2u8KqY,00011,3.8416706895917443,4.8
train,pretrain,8SAWKDRHZuw,00002,0,pretrain,H4Fwn3RHa14,00006,-4.2364335675941,13.568
train,pretrain,ddek3gQVt9Y,00032,0,pretrain,NtOoDN0ojxo,00023,-6.096260953019293,7.872
train,pretrain,F5FYYV59Eew,00006,0,pretrain,HS8y0WLm78U,00081,-7.793589486759553,5.888
train,pretrain,PXHczjOg06w,00001,0,pretrain,K5wCfYujRdE,00054,-6.779696474499504,5.056
train,pretrain,Jk0AknXMXmc,00002,0,trainval,P86fZa4xKSw,50007,7.078676625034031,2.944
train,pretrain,mK2TDdEP58g,00017,0,pretrain,JD4O7ama3o8,00060,-0.66517216540616,6.016
train,pretrain,I9cmQFj13rc,00005,0,pretrain,9SGSSQssNj4,00034,7.268646315386359,5.824
train,trainval,EXo3qA9V3eI,50001,0,pretrain,c2tOp7OxyQ8,00035,-2.034414415416734,5.888
train,pretrain,tZsQP9gl6RQ,00003,0,pretrain,xqPJKtFI42U,00010,-7.262149649214187,4.544
train,trainval,mS8tQSTYLgk,50002,0,pretrain,w3q89BTJj3o,00022,9.688913843596126,5.44
train,pretrain,tAcQfn96yFk,00017,0,pretrain,PrIvtWhI1DM,00009,-9.57461299494014,3.328
train,pretrain,7n9IOH0NvyY,00047,0,pretrain,PGsQwAu3PzU,00008,-9.519109990132264,5.12
train,trainval,ShY9QSdaReY,50001,0,pretrain,SYHG5y4tvLw,00017,-3.8729407271038045,5.952
train,pretrain,MvMUMShuMaI,00020,0,pretrain,z5LSvPkorBU,00003,6.605205856300252,14.528
train,trainval,pi9SMFWTzXw,50010,0,trainval,hgWie9dnssU,50002,-1.907441210689985,5.696
train,trainval,cotBM0laSSo,50004,0,pretrain,Tu01sNfs5SQ,00028,6.4844084536361954,2.496
train,trainval,3E46oWB4V0s,50005,0,pretrain,sNbGUSI9HWw,00034,-7.341962762515946,6.08
train,pretrain,aI8KiPiVLyY,00004,0,pretrain,3M29BY86bP4,00022,2.8658374692015816,10.176
train,pretrain,Mlt6kaNjoeI,00010,0,pretrain,UfM7tSoqNDw,00015,-5.109217261557532,13.248
train,pretrain,c73Q8oQmwzo,00035,0,pretrain,pCHWOt3FOgY,00010,6.543317624049099,3.776
train,pretrain,chXsLtHqfdM,00038,0,pretrain,LSGfqyhleUA,00046,3.508452357768835,9.92
train,pretrain,xqPJKtFI42U,00004,0,pretrain,z4fsN1DSEVk,00010,-0.7142330098367289,5.568
train,pretrain,3MYEtQ5Zdn8,00016,0,pretrain,PuroSL7O4eY,00005,-5.637799955702231,6.272
train,pretrain,a7t61U6BBcs,00004,0,pretrain,WXOd4qh3JKk,00031,-7.257102091499792,5.568
train,pretrain,0g2WE1qXiKM,00012,0,pretrain,40ieXxoJwZw,00003,0.4253300734428418,3.328
train,pretrain,JSuTsrxfYWQ,00025,0,trainval,70uaS1e9YN0,50002,7.448326017081055,3.904
train,pretrain,YraU52j3y8s,00070,0,pretrain,k5hspA18IU0,00015,4.266251758884563,4.352
train,pretrain,0S3YDofSvGs,00005,0,pretrain,HSZ1ZvjlKDE,00009,0.23825562941191336,4.8
train,pretrain,IQDrStvBt9s,00031,0,pretrain,5Yikqlc7yl8,00021,-3.654216388707723,6.4
train,trainval,BN9a8Ldy7Xc,50003,0,pretrain,ElJxUVJ8blw,00048,1.8700778524383175,3.2
train,trainval,MOFdlEbu15g,50019,0,pretrain,x3AwnkR92EA,00015,7.1436326167280555,4.096
train,pretrain,WNDWYW4yWEM,00026,0,pretrain,RsxlLsHtoBI,00040,8.793963818455467,7.744
train,trainval,ywgdCrcx6oM,50001,0,pretrain,CsECS5qsGLs,00015,5.390641831813701,3.136
train,trainval,fYUaWgVF2XA,50005,0,pretrain,XAvE61JqkQs,00008,5.825414488289706,5.248
train,pretrain,H2rG4Dg6xyI,00036,0,pretrain,Df2JBnql8lc,00030,9.336506647529148,8.576
train,pretrain,NJ9Iq7ReMDs,00011,0,pretrain,qFza3W87eDg,00027,-3.1723729282382056,6.016
train,pretrain,uW9tg1vJwZQ,00015,0,pretrain,OAK1UIbSFio,00068,-4.87203336193306,5.44
train,pretrain,SHt4qiDRZE8,00012,0,pretrain,h0C2LPXaEW4,00006,9.45661827047553,8.768
train,pretrain,2L4BSVpvx1A,00024,0,pretrain,jMVAgCPYYHY,00011,9.168188980382887,9.216
train,pretrain,PUh5msG0rG8,00016,0,pretrain,tUAepQYyMY4,00010,-9.470984174433845,9.28
train,pretrain,0MD4Ymjyc2I,00011,0,pretrain,3OMgvtWNHp4,00019,5.798820436860883,7.168
train,pretrain,nC06omDS0kA,00014,0,pretrain,0sYguTPLpHE,00036,-7.530153392011558,4.864
train,pretrain,3NdSVi38RM8,00006,0,pretrain,lw3YTbubyjI,00005,-4.528946989996962,24.448
train,pretrain,UiCJhSuLdok,00016,0,pretrain,RxyQNEVOElU,00021,2.5898224802550445,6.208
train,pretrain,pLCeQyxVWB8,00010,0,pretrain,Y0GHWogx0eg,00043,4.383938192833623,7.936
train,pretrain,Mjl1i13JKNM,00016,0,pretrain,AOEQ9GteWbg,00013,-9.907183232140959,5.248
train,trainval,7hWUhEA6hxk,50003,0,trainval,tIINqNUediU,50005,9.578033316262882,5.632
train,pretrain,c00zfzk4gdg,00045,0,pretrain,iunmpgOnpqM,00015,-5.289041266907761,12.416
train,pretrain,LEzsELPNmr4,00001,0,pretrain,VYU25aJpg5o,00052,-9.28088483001135,2.496
train,pretrain,DsSrzoyyfF0,00007,0,pretrain,1OQkdRdfyjI,00013,-2.3590824987988634,5.568
train,pretrain,Gp5CqfHS5h0,00004,0,pretrain,YLG871tKZUM,00007,-0.5579155409776337,5.568
train,trainval,JD4O7ama3o8,50014,0,pretrain,9RTkZaX1cH0,00021,-7.655004993998277,5.888
train,trainval,rYwTA5RA9eU,50014,0,pretrain,be03wdS5Klc,00002,-6.461863539517725,4.864
train,pretrain,5tUnSuoYKoE,00017,0,pretrain,DOYASAY7dO4,00003,-4.602625653742132,5.248
train,pretrain,u1SdYypojbE,00035,0,pretrain,SmsYxDvdcYc,00018,2.887118186601887,8.0
train,trainval,mkdSXHXhCcw,50006,0,pretrain,PVfd6fg7QsM,00036,5.171155889872939,3.264
train,pretrain,wZzHnZzmS58,00028,0,trainval,zpNBwNgWejs,50001,5.239133484822034,4.608
train,pretrain,FIrgjCNcDBI,00006,0,pretrain,PyXZvuxDkC4,00011,-3.522602947664664,6.08
train,pretrain,mGBHC1R3e7s,00006,0,trainval,gLDQr9i7LkM,50003,1.6509864193994552,6.016
train,trainval,xY7kVVS2HVY,50037,0,pretrain,y7l5QHRYSAI,00004,6.844223156745247,3.968
train,pretrain,fWInyaMWBY8,00008,0,pretrain,vrU6YJle6Q4,00037,-6.787311499279999,3.52
train,pretrain,Nvw0reB1gpI,00007,0,pretrain,KTvSfeCRxe8,00032,0.23645766310267824,3.264
train,pretrain,YrtANPtnhyg,00008,0,pretrain,mUJdzaLDRIo,00050,-0.6523012650555877,7.36
train,pretrain,THJUvXkqmBk,00026,0,pretrain,6vLrreR6YOE,00015,1.0792954133704669,9.088
train,pretrain,3sUWSDHOVn0,00027,0,pretrain,lzSkIDxbzGA,00014,6.2870729746551355,5.184
train,pretrain,hFcQpNrSKA4,00011,0,trainval,DnJHaveemUk,50005,1.839343046585169,3.328
train,pretrain,QISHX5UKky0,00004,0,pretrain,CSeFjLZqXt8,00002,-1.971840634760662,4.096
train,pretrain,5pXelS1clHs,00014,0,pretrain,Y7QaqazOvSA,00023,8.128985816285809,9.216
train,pretrain,LSGfqyhleUA,00036,0,pretrain,Mr8nvXvlSy8,00013,-5.694156949111009,9.856
train,pretrain,48oiapTn3K0,00012,0,trainval,0FQXicAGy5U,50008,-8.816423797443065,5.824
train,pretrain,SCCG81UbruY,00015,0,trainval,jUIfiLplNqQ,50005,-5.763930555983747,2.24
train,pretrain,1oNlTrLIjU4,00005,0,pretrain,UQniNhS6LOY,00043,4.712667929875922,22.528
train,pretrain,hSSmmlridUM,00005,0,pretrain,dcySuzHPCWM,00034,4.3168361719264645,9.536
train,pretrain,lkVYV2P8dQE,00033,0,pretrain,iSicXZ2tMRM,00003,-9.449052786075809,5.312
train,trainval,3XDdhbrg2kw,50007,0,trainval,co2enjjt3J0,50011,6.927491866254044,2.112
train,pretrain,yldVmMfMyIg,00011,0,trainval,kYXiegTXsEs,50006,-5.04347770812418,2.176
train,pretrain,z4vmzTZ7qLA,00031,0,pretrain,gF9PSRLjGGw,00013,8.955305871476678,16.576
train,pretrain,dvuh1Np35Pk,00026,0,pretrain,oD06XPtmLZY,00004,0.5477636871560616,3.456
train,pretrain,nPdUMWGWE28,00011,0,pretrain,yqc9zX04DXs,00016,-2.2984210347412866,3.968
train,pretrain,TvW4yugCPZo,00012,0,pretrain,kvSuyUTx5Po,00004,-3.0795351546002747,4.736
train,pretrain,XFOkSdlPafQ,00021,0,trainval,488ZBeaGo6s,50011,-3.5296959580602927,4.416
train,pretrain,hPsUXhXgWmI,00009,0,pretrain,0gMCZFHv9v8,00015,3.595529070138415,4.096
train,pretrain,s32OdFz9ttk,00014,0,pretrain,Bc2wVyl8RLI,00003,-0.7071579624371154,21.696
train,trainval,Sttw2PxncIE,50001,0,pretrain,Wgt8QUHQjw8,00035,6.076191574767542,5.696
train,pretrain,rxeLnx5UEEk,00009,0,pretrain,zXCiv4sc5eY,00027,-4.978717163891306,8.896
train,pretrain,19Hj93IgbeQ,00006,0,pretrain,qQSPUXPVlos,00019,-0.49866778369315057,8.32
train,pretrain,WNDWYW4yWEM,00018,0,pretrain,L6PW0Nw35X0,00006,-7.160033989768593,6.016
train,pretrain,tRqVPRwKn2o,00008,0,pretrain,cj5LZBmiQu4,00001,-2.253917801568446,8.256
train,pretrain,mDSuP2BsVy4,00044,0,pretrain,SoJnEQ6bJKE,00008,-8.480294179150816,8.0
train,pretrain,f8U2GwInI9o,00017,0,pretrain,zQfB85apRy8,00014,6.691914630176662,8.512
train,pretrain,BMDSPhk7JSY,00036,0,trainval,9vKRj9yV8pI,50004,0.21188805948074574,4.032
train,pretrain,OGhbCC9mNM8,00013,0,pretrain,vbKKoniUxMk,00019,-1.3129316834470846,3.712
train,trainval,cWcVPpxezE0,50004,0,pretrain,8u9Wvz1edxI,00028,-2.034999236507822,3.456
train,pretrain,klUoJxGv9wg,00007,0,pretrain,qKJv4S5peJQ,00009,0.7531177360816432,9.408
train,pretrain,rBt7LMrIkxg,00006,0,trainval,eXp5QSfXLQU,50001,6.915395843482443,4.736
train,trainval,WKlIytaSlu4,50002,0,pretrain,P3fIZuW9PSM,00018,-8.334267311427135,3.2
train,trainval,IgKWPdJWuBQ,50001,0,trainval,289ZxBZdKvY,50005,7.013797132120846,2.816
train,trainval,GlpGBSBpxOE,50010,0,pretrain,xYemnKEKx0c,00052,-8.681181070842118,6.144
train,trainval,hBtXiTumdY0,50005,0,pretrain,QxkxcsrveLw,00022,-0.5403244693710292,6.016
train,pretrain,YrZThoSoSis,00019,0,pretrain,OwfyH5S6bpA,00018,9.352295277343107,11.52
train,pretrain,4ZgwzSm7sRs,00003,0,pretrain,d6PS4p3IXLQ,00020,-7.531735947856295,10.496
train,pretrain,pVQdpofMhwU,00021,0,pretrain,CdxVbUjaSpY,00021,-6.823542716352023,11.648
train,trainval,LETgWDSSzSI,50001,0,pretrain,MSE5Vryrd0I,00008,7.578083075615567,2.176
train,pretrain,9vKRj9yV8pI,00046,0,pretrain,0NV1KdWRHck,00039,8.088653779396875,5.76
train,pretrain,uXlSmKZ7aSc,00015,0,pretrain,319sQ9sSlyQ,00009,-6.2511444763261625,2.176
train,pretrain,SXOZflB1BKo,00005,0,pretrain,LLmhQmicusM,00012,6.631848745884149,7.68
train,pretrain,IeblJdB2SVo,00014,0,pretrain,HALd9FY5SVQ,00015,0.20667482367085555,33.6
train,trainval,iZRGUADAu2Q,50006,0,trainval,V1gxziZwmkc,50010,-4.991916920320056,2.88
train,pretrain,WCGuG0uT6ks,00001,0,pretrain,fmS0sTNcDIo,00018,1.7476025690632913,6.016
train,pretrain,5LrThfSBeq0,00026,0,pretrain,zLNXIXingyU,00046,9.49709417886437,7.936
train,pretrain,2G8C36aKnpU,00019,0,pretrain,y2yka9lyvMA,00042,-1.7533852965717056,4.096
train,trainval,9o2CRjTRKIA,50023,0,pretrain,mQOOgDqUta0,00017,4.248227597903629,2.048
train,pretrain,LBvHI1awWaI,00005,0,pretrain,DcKdClnpz4k,00027,4.8104221282905115,5.312
train,pretrain,voLcX6SpF9g,00024,0,pretrain,Erm4vP1vTn8,00020,4.790145072607604,10.048
train,pretrain,WzuWMf3WPPc,00027,0,pretrain,rAA8mMQi0is,00016,-0.005870350316193651,4.608
train,pretrain,4BwSMSCFdu0,00049,0,pretrain,ayOmOaXC0Z0,00010,4.755358670025656,4.608
train,pretrain,rOVkASt39Uc,00002,0,pretrain,vvhiNSqq6oo,00024,6.311179628962339,8.0
train,pretrain,fgfQLTIhi1U,00008,0,pretrain,MiOVX7qKQ24,00008,-9.183873927094027,10.56
train,pretrain,JlbwchclCBo,00006,0,pretrain,q7rz3v588bQ,00002,9.996187459216802,3.2
train,pretrain,zqLYcJ6Ib3c,00021,0,pretrain,jSOPQgPIdKg,00052,9.047192310319833,6.336
train,pretrain,x3AwnkR92EA,00004,0,pretrain,jE1j5Om7g0U,00011,-3.808189440100911,3.584
train,pretrain,S8201wl4jjw,00018,0,pretrain,eDFrlV106iM,00007,-4.886761279110696,4.8
train,pretrain,y3ZrjRlIcgI,00024,0,pretrain,bq39x2HWjNk,00032,3.0840888365577754,11.904
train,pretrain,nCwwVjPNloY,00028,0,pretrain,XGq3MXQlRJs,00002,-2.1994954404562916,4.416
train,pretrain,7sqeoYOQ4qg,00045,0,trainval,s32OdFz9ttk,50006,2.0661677097134863,2.88
train,pretrain,wgKmdbTmbDk,00012,0,trainval,fv8KpQY0m6o,50012,7.934675647390371,2.88
train,trainval,KQEWc3LVfyc,50007,0,pretrain,7hWUhEA6hxk,00025,-8.680344657558452,4.032
train,pretrain,EZwxKPv1CwA,00047,0,pretrain,SGG97dDfZ7E,00013,4.420964047673284,6.72
train,pretrain,AIfBSkVI6NQ,00014,0,pretrain,UoruUSrndBA,00015,-4.023452351843355,5.568
train,pretrain,TdBAHexVYzc,00032,0,pretrain,eJnlgDUcxOQ,00024,9.786576573521927,5.056
train,pretrain,9h2dFSIsH0I,00022,0,pretrain,7fx0QcHyrFk,00004,9.487461228661601,4.16
train,pretrain,488ZBeaGo6s,00008,0,pretrain,iARReKKgETs,00002,8.18791275486883,4.416
train,pretrain,8woKcr7uSYQ,00024,0,pretrain,IOzdXNXzDqE,00015,2.0976002348041867,6.976
train,trainval,KI3WJXNhCJ8,50006,0,pretrain,Z7CtKDNf2RI,00012,7.721552774939628,2.176
train,pretrain,VFaQtPw3Va4,00001,0,pretrain,4VC0E1k77yI,00013,-5.233402381023755,19.328
train,pretrain,LBvHI1awWaI,00036,0,pretrain,qzwCujeSSSc,00014,1.44905248322328,4.096
train,pretrain,kTsqFn33RiQ,00028,0,pretrain,2EeqUSQMjbw,00007,-7.108184124517958,16.576
train,pretrain,xyIQFI865Sw,00004,0,pretrain,GcJxRqTs5nk,00005,-7.048684903755116,4.48
train,pretrain,SmoW9jvvMr4,00008,0,pretrain,pWX1oQEGl90,00019,5.481162952343183,9.728
train,pretrain,9SGSSQssNj4,00007,0,trainval,XKiQl5WZQ5I,50005,-4.240346150543677,6.08
train,pretrain,ShY9QSdaReY,00006,0,pretrain,w2itwFJCgFQ,00014,-5.978469284551884,4.032
train,pretrain,6yR5OUVb2gY,00006,0,pretrain,bf7BXwVeyWw,00004,-1.3614412926449067,3.328
train,pretrain,LFJ9WAHowcg,00011,0,trainval,8meWY0W40OA,50009,8.399242726265406,2.048
train,trainval,AQa3kUJPEko,50002,0,pretrain,K2mhMzVCfhI,00011,4.116246560081134,2.816
train,pretrain,FpHPVrsEkYY,00041,0,pretrain,yjtCDgjxRAw,00030,3.4505976210046096,6.08
train,trainval,MLZubXfClL4,50001,0,pretrain,C9XIVtUEgFE,00014,0.5107786817644939,5.696
train,pretrain,mqovAg11qSc,00001,0,trainval,SyjbDUP1o0g,50002,-1.8043051512958268,2.688
train,pretrain,dLmK4gZ0oz8,00022,0,pretrain,jSaLUnl3qpA,00005,3.430563510933105,12.928
train,pretrain,HpiZTvlWx2g,00024,0,pretrain,0af00UcTOSc,00040,9.433712473699348,8.128
train,pretrain,XYEChpVS04s,00008,0,pretrain,1fZ4XOnnh1c,00005,-1.91767909428291,23.808
train,pretrain,snkrS1C2e7U,00009,0,trainval,MPMr5jPwA7I,50009,-7.41766700447799,4.736
train,pretrain,yuD6ozE9rtc,00017,0,pretrain,xossR6eHv3I,00007,-3.368860287783571,5.12
train,pretrain,1gTNgijhKzw,00031,0,trainval,gjfYohXoiz0,50003,5.121554677408856,3.84
train,pretrain,ElJxUVJ8blw,00064,0,pretrain,kSR8G8mfp84,00012,-4.521596459418626,3.904
train,pretrain,PL9wP3pAl7A,00027,0,pretrain,OLHh9E5ilZ4,00035,1.3994952237486462,4.608
train,pretrain,HS8y0WLm78U,00076,0,pretrain,CzgS9C7gw0o,00033,-5.345432155657854,7.168
train,pretrain,buhMdC7MO0U,00047,0,pretrain,kNhyOYv2ejw,00055,-0.49407846006717904,9.216
train,pretrain,DW5YctpK7pM,00026,0,pretrain,MLvwTlbj1Y8,00003,-8.841140150997562,5.76
train,pretrain,uSUOduS5MPc,00031,0,pretrain,nDIdnlJHJCQ,00015,0.977456398858088,2.688
train,pretrain,GOZOhpxSAFI,00001,0,pretrain,MwzqSswl4cI,00060,0.9257510061334795,8.704
train,pretrain,IaWeJ8V3pg4,00019,0,pretrain,USmTQeKRaP4,00011,-3.031623426072427,3.648
train,pretrain,IMjn62naclM,00010,0,pretrain,iF4s75ZPano,00003,2.521026836360358,6.208
train,pretrain,xMjSPS6H69g,00032,0,trainval,HCJRXoYOoaI,50009,8.18810059700484,4.032
train,pretrain,60P7717SXOQ,00035,0,trainval,oOE0kKteWkg,50002,-4.5681017968541155,4.928
train,trainval,0YeVt2kpSSo,50009,0,pretrain,3dqXHHCc5lA,00008,-0.6822033054900061,2.432
train,pretrain,9vpqilhW9uI,00008,0,pretrain,K74JqctvM2g,00025,-6.351545496011488,13.12
train,pretrain,r9Zz4hYuGdw,00020,0,pretrain,ARWBdfWpDyc,00006,3.6846016079009747,14.528
train,trainval,uEkgM9P2C5U,50001,0,pretrain,apbSsILLh28,00079,-9.141994312717706,3.328
train,pretrain,N0vRIqeoefs,00010,0,pretrain,20adDr7Felw,00010,-0.21743889878730727,6.784
train,pretrain,9VF7kffCgJU,00003,0,pretrain,sJKFyDbWVqA,00008,7.8507299564743,4.416
train,pretrain,tlB1pFwGhA4,00015,0,trainval,BPMrcY9z0nM,50037,-6.4584894103714685,5.312
train,pretrain,Df2JBnql8lc,00008,0,trainval,tVIaoQrnAxY,50003,-2.9557732609667458,4.096
train,trainval,KM4Xe6Dlp0Y,50007,0,pretrain,o1abyP4zfGg,00024,9.568737016956582,6.208
train,pretrain,moS9iMlmsP0,00003,0,pretrain,9KACXVScWS4,00050,2.6905496879991038,17.856
train,pretrain,EKy19WzkPxE,00011,0,pretrain,VFaQtPw3Va4,00030,9.65651418991547,5.76
train,pretrain,drv3BP0Fdi8,00009,0,pretrain,DnJHaveemUk,00013,6.433765004695374,8.384
train,pretrain,0SUTgoPUTLQ,00024,0,pretrain,uHs2Auz5s6w,00001,-8.967916638969074,28.16
train,pretrain,kpyc84kamhw,00018,0,pretrain,OAEodzGMavY,00014,8.208913512127435,7.808
train,pretrain,LrBKcTTMlCQ,00018,0,pretrain,6xsvGYIxJok,00028,3.2037404858693197,4.608
train,pretrain,VHECIP6Tz0M,00011,0,pretrain,KjKBOo5tFX8,00003,-4.8647564511820995,6.144
train,pretrain,e8JK3qVGuUg,00019,0,trainval,1PV7HyS8fhA,50006,4.245802136083663,2.56
train,pretrain,mAEqvn7B2Qg,00002,0,pretrain,ATISgVUKetI,00029,-7.547900874797158,5.824
train,pretrain,Hc6yiSFtoNo,00024,0,pretrain,zIwLWfaAgS8,00107,-7.547353245456567,5.76
train,pretrain,Urk3xn7l3AM,00008,0,pretrain,Qm172DbaSbc,00021,0.6099255911844459,6.656
train,pretrain,2SlbsnaSNNM,00017,0,pretrain,2dRlssVF7fc,00040,1.6765926875265649,10.304
train,pretrain,UVqoIgh7bcw,00003,0,pretrain,43e6eAAeGCs,00021,-6.388509048124698,8.96
train,pretrain,6gSwRHScq6M,00057,0,pretrain,o0td5aw1KXA,00020,-2.199171958924526,9.856
train,trainval,Uq1idqpX9SA,50004,0,pretrain,u9FSvAVQvGM,00005,-9.364134030070488,2.816
train,pretrain,NXfYNdapq3Q,00014,0,pretrain,SUkVcmKZyyQ,00036,-1.336550045819953,6.016
train,pretrain,a7t61U6BBcs,00007,0,trainval,GlUS6KE67Vs,50012,-3.7608657135229118,3.712
train,pretrain,YlmZkY1uqXM,00051,0,pretrain,LSGfqyhleUA,00052,-9.503151067034437,6.976
train,pretrain,d8s8e8JdGCc,00020,0,pretrain,pSCefSAYqaA,00001,-3.0105095201237315,4.288
train,pretrain,OyPGDBOqPFs,00010,0,pretrain,Chfoo9NBEow,00028,3.4198705063980874,4.416
train,pretrain,WAuDCOl9qrk,00013,0,pretrain,gXvblfSgwg4,00031,-9.07385894928142,4.288
train,pretrain,UCFg9bcW7Bk,00027,0,pretrain,sS9ys09BkGE,00021,-3.7861424626418527,5.76
train,pretrain,7PwvGfs6Pok,00018,0,pretrain,pz1TDXKSTHc,00010,2.2561965353542153,3.968
train,pretrain,pkGAMb5sYvg,00003,0,pretrain,urKhVssiygA,00002,-8.096004528628779,5.888
train,pretrain,fHfhorJnAEI,00015,0,trainval,Mo2Ai7ESNL8,50001,-5.906226166985713,3.136
train,trainval,KQEWc3LVfyc,50006,0,pretrain,nwZkoAeOzuo,00016,-2.0818479845391513,5.888
train,pretrain,DajRM7VyeZ4,00006,0,pretrain,NEC7TiHoxvI,00016,4.576016571457004,6.272
train,trainval,nx3GuO41Jyg,50007,0,trainval,H6n3iNh4XLI,50010,-8.953259955922242,3.136
train,pretrain,H3YbZsStuSI,00004,0,pretrain,ZSRaJIMYSMs,00006,3.9473548802732257,8.32
train,pretrain,1z3Fgtj8fqk,00016,0,pretrain,VYU25aJpg5o,00005,7.906172135322262,14.4
train,pretrain,Sk0ywFgMpFk,00008,0,trainval,b1sQZxrBMXk,50005,-3.7025073959363963,5.248
train,pretrain,sYUjyH8Y0No,00007,0,pretrain,gtDS5rzd6R8,00010,2.6923636430460736,13.12
train,pretrain,wAdwurHhvSI,00003,0,pretrain,LUO3jqMlWkE,00039,-1.434075844869799,5.568
train,pretrain,6xsvGYIxJok,00015,0,pretrain,vFPkEIGUofc,00027,-1.1373827182225504,8.832
train,pretrain,WvvuLDX7iIk,00040,0,pretrain,KnCqR2yUXoU,00013,5.230815836773271,5.888
train,pretrain,04SEzifEsGg,00007,0,trainval,hscdmpKGqrQ,50011,-5.252644056090274,4.16
train,pretrain,qGSYmIPFO68,00016,0,pretrain,ukgnU2aXM2c,00003,7.406896753554022,4.352
train,pretrain,owl8keTUioo,00016,0,pretrain,CWU13rx44j8,00024,-3.4082453774272503,14.656
train,pretrain,mrZ6q4uUVL4,00007,0,pretrain,aiIxdFBA0Sw,00014,-4.038634455580892,6.848
train,pretrain,hfDkDzZ9GsU,00022,0,pretrain,IdW9UYlxlVY,00009,-0.5268036528860449,5.44
train,pretrain,R7beBKnH9u0,00011,0,trainval,70VZ1SOzSnc,50014,-3.0746325188514394,3.008
train,pretrain,7sqeoYOQ4qg,00006,0,pretrain,8wSOZFBcwZc,00004,-2.5557572071935164,14.08
train,pretrain,sSW6bWecDjg,00002,0,pretrain,SB1JmOerYmY,00003,-3.313241961895197,9.344
train,trainval,WHjKnNbYiOs,50003,0,pretrain,v8YoSPXN7UA,00003,-6.669774579268211,2.24
train,pretrain,PvT9tD3NZvo,00019,0,pretrain,ihoR9B7pS1Q,00014,9.480124354279244,3.456
train,pretrain,druJDI6hiiY,00007,0,trainval,3lxyiS3CGrk,50011,6.045905249223367,5.888
train,pretrain,CGksAjzI0go,00015,0,pretrain,150cqgYh8sQ,00010,-6.337936557784456,3.712
train,pretrain,tpH2fhwCzSM,00014,0,pretrain,Xe2nlti47kA,00016,9.241966662682653,5.248
train,pretrain,SSV07QKguBI,00028,0,pretrain,erg8sDIYjmw,00019,7.296491465990268,5.248
train,pretrain,th3nnEpITz0,00034,0,pretrain,asSNPOU5U3c,00008,5.300477705984182,8.64
train,pretrain,S6cX2p5cBVg,00029,0,pretrain,SpSGKCr8rq8,00002,1.8419186030285495,3.648
train,trainval,7jRND5IU3Qg,50003,0,pretrain,TVfmUfr8VPA,00004,8.391728942820372,2.432
train,pretrain,btF6nKHo2i0,00023,0,pretrain,Mjoxh4c2Dj0,00036,-9.041909128792625,7.488
train,pretrain,JeHqgambbcI,00019,0,pretrain,5nys6iebjHw,00007,-9.524996010726097,11.136
train,trainval,i0QKBKWnkxg,50003,0,pretrain,19KkFCQz8WQ,00001,2.7115943709246775,4.416
train,pretrain,7jx0dTYUO5E,00045,0,pretrain,VLe84OkwKOA,00019,7.7001184751637695,8.32
train,pretrain,ihR9SX7dgRo,00013,0,pretrain,ByuWS1bBwpc,00015,9.964866479861364,9.28
train,pretrain,n83zdD2Y8Zc,00005,0,pretrain,UQkIbUvcs7w,00008,0.9390664392841863,7.616
train,pretrain,4jUdCy6Vghw,00040,0,pretrain,V1gxziZwmkc,00013,2.5051441889232535,16.448
train,trainval,iHWIZsIBj3Q,50002,0,pretrain,6c0VtOdibcI,00010,1.3095487981111553,3.392
train,trainval,T9vLHFza8Uc,50007,0,pretrain,mT4Qbp89nIQ,00025,0.9968219978340169,4.416
train,pretrain,uPE0G00XFV0,00011,0,pretrain,IBoJcDlqmo0,00017,6.382913827956834,5.76
train,pretrain,exjlR7izakg,00023,0,trainval,MDL85fzdc1g,50005,0.1143995313848496,2.176
train,pretrain,zQfB85apRy8,00016,0,pretrain,pj2YxCAnqx0,00019,0.0020051562458363037,5.696
train,pretrain,GXySSkBVq1M,00018,0,pretrain,9h2dFSIsH0I,00004,3.781667739933763,3.648
train,pretrain,UzuUljhS9uI,00016,0,pretrain,cQvDUTOOkiI,00032,7.1368044376370605,13.44
train,pretrain,xnovQVRHj5c,00054,0,pretrain,aiDSQyFdd68,00016,9.92505419577536,5.568
train,pretrain,scITIoJvMJ0,00005,0,pretrain,WDbxqM4Oy1Y,00018,5.5735377193509255,5.76
train,pretrain,3GFG6Cvy9HQ,00009,0,pretrain,yqc9zX04DXs,00002,-7.4644942246802515,4.928
train,pretrain,TuD3IerTOms,00028,0,pretrain,l2oywAEJ9hE,00011,-8.68626757943369,12.032
train,pretrain,aIFFFGf1ZRE,00024,0,pretrain,yjtCDgjxRAw,00022,-8.48725134416134,10.112
train,trainval,TM4HiNOhkM0,50002,0,pretrain,7Xnty9zSCrA,00004,6.216713625931295,4.608
train,pretrain,AWEpeW7Ojzs,00014,0,pretrain,CSUmoS40pqA,00032,2.847775869652656,7.296
train,pretrain,t5dSmG8SI34,00007,0,trainval,qFza3W87eDg,50011,3.4757561811615467,5.696
train,trainval,JLLpWtHbMAo,50003,0,pretrain,SeQ8vdtSXB4,00006,-7.816551141126831,4.928
train,pretrain,WzDygsn0Djs,00036,0,trainval,A47JaOMDH4c,50003,-0.4007631854086888,3.2
train,pretrain,AGivotqSrd0,00035,0,pretrain,T3I6LwDSfPE,00001,-7.478711081853955,9.856
train,pretrain,3VwxWDVKs8k,00016,0,pretrain,KxDwieKpawg,00017,7.1734403118258925,6.08
train,trainval,fbeFn1Xcqo4,50006,0,pretrain,LZXUR4z2P9w,00003,0.1169638582199255,2.048
train,pretrain,289ZxBZdKvY,00004,0,trainval,BDOSUiEh0eY,50001,9.469110584107504,2.496
train,trainval,jpeSLKnS4gM,50031,0,pretrain,Wh9O3SciOYs,00006,-0.1642356448866149,2.56
train,pretrain,4FBFvWc7zf0,00014,0,pretrain,vRK7KKQH9Ck,00001,1.8180060023011269,9.216
train,trainval,ESPCyHjmRsQ,50003,0,pretrain,BczB8oqYL0g,00005,1.7114395266033462,3.52
train,trainval,vSjlCJaEwZE,50005,0,pretrain,CSeFjLZqXt8,00002,9.37415601093064,4.096
train,pretrain,uM1Ygy0tSp0,00018,0,pretrain,QuaIMgzIOn8,00008,1.02986951556729,5.12
train,pretrain,k7djE1X16og,00033,0,pretrain,gwPoM7lGYHw,00002,-1.2218931395911543,10.304
train,pretrain,CijsvAGU6Sc,00002,0,pretrain,9X68dm92HVI,00005,3.7015406906464943,6.08
train,pretrain,td5Ld3nURAI,00014,0,pretrain,8woKcr7uSYQ,00016,5.9731076055665415,6.4
train,pretrain,6ePXxeGrfvQ,00004,0,pretrain,2NHV4AzSEzY,00004,-8.321555228303698,11.776
train,pretrain,raCIUeGUr3s,00023,0,pretrain,sSW6bWecDjg,00003,4.738639673790564,4.8
train,trainval,CRSLBcZgS84,50002,0,pretrain,v2jSfxnRPSE,00028,-0.9270234763582437,4.48
train,pretrain,sYUjyH8Y0No,00007,0,pretrain,Sid0oc0w3mQ,00003,-6.48151424191189,13.12
train,pretrain,ppZ2WIlRvR8,00011,0,pretrain,oHDq1PcYkT4,00013,-7.3427816817461045,8.256
train,pretrain,nn5k4snG3rA,00023,0,pretrain,C8pNGaSIFoU,00007,4.75448548778062,12.864
train,pretrain,CwpvSWtUP3o,00001,0,pretrain,v7UKkzIaSsQ,00004,6.629178544405612,13.376
train,pretrain,IyYgvo2ZJtw,00014,0,pretrain,6gSwRHScq6M,00074,2.629194428024615,5.504
train,pretrain,9ebJlcZMx3c,00041,0,pretrain,u1K6hnm09xs,00004,6.862416853332743,18.24
train,pretrain,GDnYDLERnRE,00011,0,pretrain,rueQgStScw0,00001,4.95466212859289,9.088
train,pretrain,iwlSPe0FbSg,00027,0,pretrain,drXnDLHKKPM,00009,-8.399189302549235,8.256
train,trainval,wfNX1cHkSfE,50015,0,pretrain,IXBalykzauE,00005,2.2048183440002926,2.048
train,pretrain,OOG65rSM5fA,00004,0,pretrain,w96osGZaS74,00005,4.317803695800201,4.416
train,pretrain,9X68dm92HVI,00012,0,pretrain,0C5UQbWzwg8,00038,1.717928071810075,3.968
train,pretrain,ts9JpM0gHMU,00054,0,trainval,z5lZ9wciZQM,50011,-7.481061103033899,4.928
train,trainval,nx3GuO41Jyg,50033,0,pretrain,grtGI7QpPdw,00003,5.741706994563261,2.112
train,pretrain,6wk4dkYSrV0,00042,0,pretrain,SmqSHqRnngc,00007,-3.571282355282815,10.24
train,pretrain,dXMAS2tIknw,00001,0,trainval,i6SbQqqRVtM,50002,4.6897532499585175,5.952
train,pretrain,pcNxS2i7SvQ,00004,0,pretrain,n4EhJ898rSk,00010,-6.959497789897364,8.896
train,pretrain,oVE5rRJa0D8,00009,0,trainval,Kqm9AEvJgxU,50001,-8.485207343296944,2.496
train,pretrain,vcxwcWuq7KQ,00010,0,pretrain,ONXYcNS7k1Y,00004,-5.5186972315781,3.584
train,trainval,5vXRgT6egSU,50002,0,trainval,IU4A4h1ACJs,50003,-3.7393907236712813,2.368
train,pretrain,B9DdIivSGts,00026,0,pretrain,E7oq6J8HvKw,00002,5.335963947596786,5.376
train,pretrain,BUhksjVTbEk,00015,0,pretrain,A60UTjiEp4c,00001,1.3956785799331648,3.008
train,pretrain,RdPHxiTAN2M,00006,0,pretrain,koOpvazE9VQ,00002,5.079381977952998,4.288
train,pretrain,GMc8aSoCE30,00020,0,pretrain,b64qvG2Jgro,00014,-9.705954225452347,5.76
train,pretrain,aEa11FZwTRY,00014,0,pretrain,MZbhgk4S7dA,00005,-0.6172869280054734,16.768
train,pretrain,wYCSHKl4RPU,00002,0,pretrain,XoBSE2C1u0s,00006,3.99940454730908,5.888
train,pretrain,C9mareySEAM,00001,0,pretrain,0YNeyBANrTI,00003,-7.870070026752152,2.88
train,pretrain,GgBpyNsSSjU,00004,0,pretrain,USmTQeKRaP4,00019,0.1369073549663149,3.84
train,pretrain,4yyPSZSGLOI,00012,0,pretrain,YhJPoyv8O3A,00027,-3.8645785512283393,3.648
train,trainval,796LfXwzIUk,50019,0,pretrain,GMc8aSoCE30,00024,-8.528667788170026,6.016
train,pretrain,Gn2W3XSpGh4,00001,0,trainval,yxC30tEjZk8,50003,9.015816258814741,2.816
train,pretrain,68c2M4r9oQg,00009,0,pretrain,GYcP2BR8EtY,00002,-7.270929331779728,12.736
train,pretrain,u0VHC1SDOS8,00031,0,pretrain,rrkrvAUbU9Y,00007,-3.021915463386846,4.416
train,pretrain,KTvSfeCRxe8,00041,0,pretrain,yG7v4ySxwzQ,00002,-2.5018269255265153,14.272
train,pretrain,iF4s75ZPano,00015,0,pretrain,UWKvpFZJwcE,00034,-1.1268859768322042,3.84
train,trainval,2JSZ66uMRwc,50003,0,pretrain,CR5krXHkr2I,00014,5.98797824481119,5.632
train,trainval,t0pwKzTRG5E,50003,0,pretrain,svNcoU59IQ0,00003,1.6020193117249768,3.648
train,pretrain,8zj8HJntlP4,00013,0,pretrain,V2DgJBx3cyA,00015,-0.17272407668041723,15.552
train,pretrain,36m1oStM05g,00012,0,trainval,SrqmuYvk3iQ,50004,4.487375380850114,3.136
train,pretrain,jv8m8rycnQs,00021,0,trainval,pysNMB033co,50008,1.9104706783796583,5.44
train,pretrain,dv3E6ESTp30,00008,0,pretrain,nv0dObM5XGk,00003,3.4324931397301874,6.72
train,trainval,CpaFX6Ei0nU,50010,0,trainval,mzy84VbSGxk,50004,2.975234471388797,3.2
train,pretrain,NhmybGS7FLA,00008,0,pretrain,9KaMufF0rAY,00011,-4.356809777253972,8.832
train,pretrain,Qao76IPXWSE,00014,0,pretrain,HSpqhMO3ZSY,00020,5.643000047532162,13.44
train,pretrain,cQvDUTOOkiI,00028,0,pretrain,JhcCHjqSiBo,00010,-8.734267718670893,4.992
train,pretrain,VM6HZqQKhok,00015,0,pretrain,uH0aihGWB8U,00021,-6.673320473372241,3.328
train,pretrain,fW6AndSUByo,00004,0,pretrain,UGtFXtnWME4,00012,-8.11030943306433,12.736
train,pretrain,HHwXlcHcTHc,00007,0,trainval,sgTjCpBOeCU,50017,0.7299517745488373,6.08
train,pretrain,BISCnsKyOuk,00015,0,trainval,SeBUcBfkVCo,50039,-0.8004832754569442,3.2
train,pretrain,KVhWqwnZ1eM,00010,0,pretrain,pvqgsvA2XiQ,00003,-8.49627954078647,4.928
train,pretrain,0akiEFwtkyA,00008,0,trainval,ImQrUjlyHUg,50001,0.9169134950093181,2.496
train,pretrain,oIGBBPspTKM,00010,0,pretrain,LPwWYFOFTGU,00015,-5.15499032931247,6.4
train,pretrain,tH5iEf9oxaI,00029,0,pretrain,uM1Ygy0tSp0,00007,-5.442205571420377,10.624
train,pretrain,ynSrWmoq7Is,00011,0,pretrain,ErexJkoDhGI,00031,-3.5915877450566125,5.76
train,pretrain,qqNLSZ6SSSc,00027,0,pretrain,o0td5aw1KXA,00048,8.096657517608815,8.32
train,pretrain,2XiDdnDCD34,00017,0,pretrain,3q3WOrs8kAM,00003,-9.225264026542872,4.736
train,pretrain,HCJRXoYOoaI,00007,0,pretrain,u8bsCiq6hvM,00019,-4.249291107866602,5.12
train,pretrain,UxXOi6Zwm7Q,00011,0,trainval,cSiNSQubRs0,50001,0.4700967754065992,3.776
train,pretrain,hFgPtuzgw4o,00008,0,pretrain,haTsrKptgIU,00008,9.03963901655106,7.808
train,trainval,xh8el8m9mLM,50006,0,pretrain,UoBUXOOdLXY,00004,-3.6718093826271447,4.096
train,pretrain,o5SrKh9BNHg,00001,0,pretrain,CEN4XNth61o,00042,-4.506695484632823,4.8
train,pretrain,PsihkFWDt3Y,00014,0,pretrain,Nhwq12TKkQQ,00042,9.834007195235841,3.712
train,trainval,SxPeQda00Co,50008,0,pretrain,zWU9D2duSgs,00006,-4.055044691171923,4.032
train,pretrain,ts9JpM0gHMU,00044,0,trainval,rOVkASt39Uc,50003,6.128298800349867,6.016
train,pretrain,MHN1gqrXMUM,00032,0,pretrain,bfAzi6D5FpM,00011,-5.370217623763313,8.128
train,pretrain,uBgRo9tnvSI,00017,0,pretrain,hFGLqkDnSVI,00006,-4.891648030572329,6.208
train,trainval,3f6xCzKx9CA,50016,0,pretrain,5WI6ZqCUNk0,00007,0.973092654953776,3.52
train,pretrain,qykSnLkPM7E,00026,0,pretrain,APPbSStpGHk,00012,-5.309894035377923,44.032
train,pretrain,rGaj2VImQec,00025,0,pretrain,mMYhgTgE6MU,00005,-7.6952979975078755,5.952
train,pretrain,gtDS5rzd6R8,00007,0,pretrain,m2SLpM5uL5g,00014,6.91871778456245,7.488
train,trainval,RxyQNEVOElU,50005,0,pretrain,3M29BY86bP4,00020,-3.2503138147012978,5.568
train,pretrain,P9B8PmUR64U,00011,0,pretrain,VcMyX5R4dzs,00013,-9.120962980469812,10.496
train,pretrain,QUUFbS1hBtw,00037,0,pretrain,wZ2TF8SPGQ4,00013,1.8250983614606824,5.76
train,pretrain,5sS3Yjh9Lw4,00008,0,pretrain,ce31WjiVcY0,00011,-3.5593434824179004,6.976
train,trainval,n3qA8DNc2Ss,50004,0,pretrain,Qao76IPXWSE,00015,-7.8028860494024554,6.208
train,pretrain,DwShSwvxPKs,00021,0,pretrain,86Hyq4bBpA0,00007,-3.833657956531793,12.352
train,pretrain,saXfavo1OQo,00024,0,pretrain,tVoE8eSu4bw,00002,-1.950568016916531,3.968
train,trainval,k0GQSJrpVhM,50001,0,pretrain,Mr8nvXvlSy8,00010,9.889488743911812,6.208
train,pretrain,YGoI3B86iX4,00044,0,pretrain,8rzlrItooG4,00039,-3.1466199629622738,2.688
train,pretrain,jT5rRh9AZf4,00030,0,pretrain,lDq9SQxvsNU,00008,-2.8077829773582845,5.504
train,trainval,SDSjySgNSTk,50007,0,pretrain,yq3TQoMjXTw,00011,-0.09701355152743396,2.176
train,trainval,kOPMqiKhoSc,50002,0,pretrain,F8R7S4AoGhs,00007,-3.8449876988094385,2.176
train,pretrain,maMU4XZYdtQ,00004,0,pretrain,Se8kcnUSuZw,00014,6.932025208555583,5.632
train,pretrain,BZsdiVTFt7Y,00001,0,trainval,PgCmT0qkfQM,50007,2.312531525823429,2.24
train,trainval,SMBiP3G2Pzc,50001,0,pretrain,1YO1FmVAPrA,00006,-4.806610531114344,5.568
train,pretrain,a2MR5XbJtXU,00015,0,pretrain,o2WyXD7IaN0,00010,7.880093854996716,4.096
train,pretrain,UxLRv0FEndM,00023,0,pretrain,2BOTS9GAjc4,00027,-1.2206039807700613,5.504
train,pretrain,rToBZSrxjgM,00015,0,pretrain,8C2t8P809x8,00010,0.8246400335824475,4.096
train,pretrain,mUJdzaLDRIo,00028,0,trainval,mJxA8eIWQUc,50030,9.103704251101913,5.312
train,pretrain,iW4fCwfw1vg,00013,0,pretrain,7hWUhEA6hxk,00002,-9.58508456174946,9.536
train,pretrain,VStEmE85QDE,00010,0,pretrain,LWULB9Aoopc,00008,9.69975243825068,5.12
train,pretrain,PS2h8hSFphs,00014,0,pretrain,jKAehegqTvg,00019,2.125848756208814,3.776
train,pretrain,kiUnJ1d8vvw,00014,0,pretrain,Smhe7COLiR0,00005,-0.22475103545471242,10.432
train,trainval,quJdL9ggETI,50003,0,pretrain,G2Y6Am46eVU,00020,-6.932544391666536,3.328
train,pretrain,wvIOoxPxpfQ,00010,0,pretrain,WsmVX5C1HXY,00008,7.4226624986708885,6.4
train,pretrain,oPDaWYUCn8Y,00016,0,trainval,DjcZrtcBZi4,50008,8.493564190274903,6.144
train,pretrain,ogXTSCI7KRU,00026,0,pretrain,sEOSCziWuP8,00011,0.0007973367846929591,2.688
train,trainval,GXySSkBVq1M,50022,0,pretrain,Sx4Gsh0r9HU,00004,8.307288645536563,3.84
train,pretrain,SQB9zNWw9MA,00014,0,pretrain,AfljJGTVcKE,00012,-6.641692648304673,6.208
train,pretrain,xQZxGCPjpqM,00009,0,trainval,UVqoIgh7bcw,50004,-1.4958438830980132,4.992
train,pretrain,7npLVcymHGc,00029,0,pretrain,GIt6Z0k3PQo,00043,6.434223229424937,7.68
train,pretrain,sHdYaMyR5S8,00028,0,pretrain,ofsncCF9OSU,00012,7.549003715800442,4.928
train,pretrain,lGbuCmuTJHg,00032,0,pretrain,gyM6rx69iqg,00025,6.232599346552117,4.928
train,pretrain,AAsSqx2aLsA,00006,0,trainval,70VZ1SOzSnc,50017,-6.18030798037905,2.944
train,trainval,KfK3eKSkOQA,50006,0,pretrain,pcSlowAhvUk,00078,8.578771380385223,6.08
train,trainval,tTb3d5cjSFI,50005,0,pretrain,5d4ZEgZU9Aw,00012,9.81868657204759,4.928
train,trainval,bSZh8qdKaBc,50001,0,pretrain,pk35J2u8KqY,00023,-7.4368428661792585,4.928
train,pretrain,8Dv2Hdf5TRg,00020,0,pretrain,YhvfOlPYifY,00006,6.489129188085311,4.672
train,pretrain,SgOTaXhbqPQ,00043,0,pretrain,8XQ1onjXJK0,00012,0.7407337076486069,7.296
train,pretrain,ALTvG9MIR64,00002,0,pretrain,Se8kcnUSuZw,00024,5.721268798357649,3.2
train,pretrain,0af00UcTOSc,00025,0,trainval,WpEjt71l08I,50005,3.526534860800707,2.56
train,pretrain,BSiNIZ6zZqY,00009,0,pretrain,VS5CCbyap5Q,00012,9.177864880994804,4.416
train,pretrain,Kp13yOhLEbU,00008,0,pretrain,E0M1beV91js,00016,8.841662159731499,5.824
train,pretrain,be03wdS5Klc,00013,0,pretrain,1cQbMP3I5Sk,00017,0.2548849264858575,10.688
train,pretrain,rTJpJlVkRTA,00013,0,pretrain,goYIHXKvwLk,00017,0.5568706309843279,4.736
train,trainval,u1SdYypojbE,50004,0,pretrain,0K5OO2ybueM,00023,-0.9702295872046367,4.096
train,pretrain,lO1P6lCNnyo,00010,0,pretrain,0MYq1WJMmts,00003,5.646403376368866,4.224
train,trainval,08ZWROqoTZo,50006,0,pretrain,V2PP3p4S4R8,00016,4.611008256668082,2.56
train,pretrain,gBGt5OeAQFk,00018,0,pretrain,fw30yjccnD4,00017,1.3913392393395068,7.744
train,trainval,v3SZTqj2Skw,50020,0,pretrain,4ZgwzSm7sRs,00024,7.007901861213838,6.08
train,pretrain,6LmPq7DSds0,00023,0,trainval,r9DDE7NV1Nw,50005,-0.9439833405834026,2.368
train,pretrain,SeQ8vdtSXB4,00011,0,pretrain,Tmk7nAvpMXQ,00010,3.4323704863077147,7.488
train,pretrain,Myp1sZBxTR8,00001,0,pretrain,y1yK36RMyRE,00014,-9.42048483729656,20.224
train,pretrain,oD06XPtmLZY,00012,0,pretrain,SS3qnZrVy9o,00018,7.948882353016668,5.696
train,pretrain,SqgSz1UmcBM,00001,0,pretrain,Ai7SOP5Zlc8,00003,6.260650644176458,4.288
train,pretrain,O1j2A6ndEio,00014,0,pretrain,HgRJNsTb08Q,00002,0.11817230562006742,4.928
train,pretrain,NWUFjb8w9Ps,00017,0,pretrain,AJYRJ92g4GI,00006,-0.053363159501842006,8.256
train,pretrain,EZ9tC3PigiU,00001,0,pretrain,t6eFzt6kFGE,00022,8.651417276736083,9.216
train,pretrain,J9SXc9wxByM,00002,0,pretrain,SDjLpMj3BDU,00021,8.905952993121286,3.072
train,pretrain,ZK3S2rCHmPA,00011,0,pretrain,CXvUdCdKTJY,00008,-6.883477159496129,8.448
train,pretrain,rBt7LMrIkxg,00004,0,pretrain,0sYguTPLpHE,00030,-6.524657765416477,11.136
train,pretrain,TM4HiNOhkM0,00019,0,pretrain,iWHq2mSHwhw,00003,2.3522830703344333,6.016
train,trainval,YmlAl1SMtHk,50002,0,pretrain,RcGyVTAoXEU,00031,5.595925853373219,3.904
train,trainval,k6qTwqiHnAM,50001,0,pretrain,nDIdnlJHJCQ,00020,-0.8147221241003528,6.016
train,pretrain,FzAyOddR5u4,00010,0,pretrain,IwidCkCmWg4,00004,4.13945080218258,8.832
train,pretrain,b28brIs1OmM,00024,0,pretrain,YlmZkY1uqXM,00034,6.664567004533431,4.736
train,pretrain,TZy5Srsksls,00015,0,pretrain,8olL43PKJKw,00022,-7.793635862248285,7.168
train,pretrain,jk6Y3f2c4SI,00007,0,trainval,xqPJKtFI42U,50001,-9.694861061981861,5.888
train,pretrain,sDfhSIKFGz0,00006,0,pretrain,g2J6YOiLNr4,00040,7.879016496551813,3.136
train,pretrain,S2HS8IfxzT4,00008,0,pretrain,xYemnKEKx0c,00019,1.558269557890732,2.88
train,pretrain,u2V0vOFexY4,00006,0,trainval,sBaiRpIpPKQ,50007,9.540759797170324,2.048
train,pretrain,B12syeJflbQ,00011,0,pretrain,150cqgYh8sQ,00010,-5.029610555923809,3.712
train,trainval,vYV4tAq3wVg,50002,0,pretrain,5sg4zxZMDN4,00019,-6.952581113298326,3.648
train,pretrain,D5iFVKhLStU,00013,0,pretrain,LPrS7Skx9Y0,00010,-1.6343616049432974,6.976
train,pretrain,7POkIJfbMyU,00009,0,pretrain,tTb3d5cjSFI,00017,8.257662733515158,11.2
train,pretrain,OhYvDS7qSV8,00002,0,pretrain,BZoKfap4g4w,00004,-1.9531533677681683,6.208
train,pretrain,2zvjW9arAZ0,00060,0,pretrain,v2jSfxnRPSE,00018,-3.4141734246453375,4.608
train,pretrain,vzKA1y3cdYI,00023,0,pretrain,eR22lqzdIHU,00020,-0.6763355495947252,6.272
train,pretrain,cHSQGnhdSi4,00009,0,pretrain,yq3TQoMjXTw,00026,8.14793712869178,13.696
train,trainval,lRAeIrv4TEE,50009,0,pretrain,iEySxTbcr2A,00019,-8.878292191006345,4.48
train,pretrain,SLk5nU8FrXo,00003,0,pretrain,ycB29FkoylE,00021,-7.915061201030622,4.608
train,trainval,y3jYVe1RGaU,50014,0,pretrain,SLyoVkOl24E,00009,-6.584368515912953,2.24
train,pretrain,DBoShCrKfLQ,00012,0,pretrain,BGcJXAXSSd0,00008,-2.6860658447668957,15.104
train,trainval,gZga0AmCGdE,50018,0,trainval,SmsYxDvdcYc,50007,-8.089008418158981,6.016
train,trainval,boSGZ3qSAys,50003,0,pretrain,MOFdlEbu15g,00069,4.017260342946937,3.456
train,pretrain,n9ZSpccScW0,00037,0,pretrain,btF6nKHo2i0,00062,8.789376191682372,9.728
train,pretrain,ZFpbkCSHimY,00008,0,pretrain,SjsGSNgmleA,00013,-2.394382080948314,2.944
train,pretrain,SMi3rHuK0c4,00029,0,pretrain,aSLSiIskEFU,00048,3.094155271255426,5.888
train,pretrain,RxmzCJug9HE,00001,0,pretrain,mPCDOij0bB0,00020,9.195273907715013,4.352
train,pretrain,XyCY6mjWOPc,00008,0,pretrain,WvvuLDX7iIk,00018,-0.6746348291987854,4.096
train,pretrain,UoruUSrndBA,00009,0,trainval,dooLZNsHVDY,50010,-3.4773259094181626,2.112
train,pretrain,MOFdlEbu15g,00065,0,pretrain,CycOuSVQOnM,00002,-4.435108169261146,8.32
train,pretrain,Wai4ub90stQ,00005,0,pretrain,0C5UQbWzwg8,00015,-5.107444632024234,9.408
train,trainval,Zq7QPnqLoUk,50002,0,pretrain,5EORxJsoUJQ,00022,-6.305213044584789,5.696
train,pretrain,qQSPUXPVlos,00046,0,pretrain,0Bhk65bYSI0,00013,6.4661354996101785,3.776
train,pretrain,HqawqHB7nDM,00025,0,pretrain,uSTmKo75gJI,00014,-9.200505030539048,5.824
train,pretrain,lrZ2DJzbYYo,00017,0,pretrain,JDDGhGiaAZU,00032,9.151655740996528,3.712
train,pretrain,CzgS9C7gw0o,00027,0,pretrain,4ZgwzSm7sRs,00018,7.3271905210326835,6.528
train,trainval,8meWY0W40OA,50019,0,pretrain,HH3m1OSiOT0,00012,2.1772529690105777,5.44
train,pretrain,CyElHdaqkjo,00007,0,pretrain,RrFSO62p0jk,00005,1.0738465126854013,3.84
train,pretrain,SS6ZojCzNGY,00050,0,pretrain,sSXv06gUX3Y,00031,2.2859397529622605,4.48
train,pretrain,txJGm6zhiBA,00005,0,pretrain,9o2CRjTRKIA,00006,-7.362179241228084,22.4
train,pretrain,LSdPxGLesE4,00008,0,pretrain,GXySSkBVq1M,00014,-4.977989051808986,5.184
train,pretrain,kKeUISJko3o,00013,0,pretrain,r3afSFSG570,00049,4.406923724378506,7.616
train,pretrain,2L1R7OtJhWs,00045,0,pretrain,u9GEmyZ8B3Q,00012,8.775697258087732,7.424
train,pretrain,c4oW6PcOUtc,00002,0,pretrain,CS01Hmjv1pQ,00005,-0.7576350596524062,3.84
train,pretrain,7TXEZ4tP06c,00011,0,pretrain,umKKrbmdHFM,00001,4.732502674856484,3.84
train,pretrain,HBSQR6xovSw,00030,0,pretrain,o8NPllzkFhE,00024,-8.671064193712398,7.68
train,pretrain,fSSNmDcLMKA,00038,0,pretrain,CVdPhUPO5YU,00037,-1.6608940083186159,6.784
train,pretrain,RlQEoJaLQRA,00028,0,pretrain,hfznpykprP0,00034,-3.655666131018613,4.608
train,pretrain,cpsRAk5HpK4,00011,0,pretrain,1S9RVl1dSl4,00006,5.865644005889541,6.976
train,pretrain,LBvHI1awWaI,00006,0,pretrain,SAm3gtFB8xU,00008,5.244715474666922,4.16
train,pretrain,9aC7bUTBKv0,00002,0,pretrain,rH0AlC2TbR8,00001,-3.8640081616622712,3.84
train,pretrain,raCIUeGUr3s,00001,0,pretrain,JSLUS3qLv0I,00023,7.478304679688879,7.936
train,trainval,ww4kNxYE0c4,50003,0,pretrain,cQvDUTOOkiI,00030,-8.811627380793377,6.144
train,pretrain,Fr26scqsIwk,00027,0,trainval,cPL2FE7ZPTg,50010,0.8480990389657883,2.816
train,pretrain,oJfFMoAgbv8,00008,0,pretrain,mKkF6mAlX4k,00019,7.693527843441824,4.8
train,pretrain,az5vU9CT4CY,00032,0,pretrain,Kk7kzUt3SLc,00011,-3.1803100750219304,4.608
train,pretrain,iCvmsMzlF7o,00022,0,trainval,BcTOSxcv2So,50009,2.953483913654445,5.44
train,pretrain,289ZxBZdKvY,00007,0,pretrain,YXWKuKSQsu4,00018,6.592203492102826,4.736
train,pretrain,WzDygsn0Djs,00034,0,pretrain,ExcDNly1DbI,00005,5.757761509124926,11.52
train,pretrain,drv3BP0Fdi8,00034,0,pretrain,r55a0FapF2M,00016,-3.48044404530504,3.264
train,pretrain,MQtWJARMoLw,00013,0,trainval,b4kSKPELNcc,50002,-9.758271732392792,3.712
train,trainval,79tRTivyMSM,50005,0,pretrain,C9XIVtUEgFE,00015,4.661439049273788,3.136
train,pretrain,n9OhxKlrWwc,00006,0,pretrain,8zw7AXwnb8M,00005,8.950186208569857,3.008
train,pretrain,im03Zni5BJw,00008,0,pretrain,MHN1gqrXMUM,00010,-9.866902327774909,19.264
train,pretrain,v67c9gr4XnE,00003,0,pretrain,DSbtkLA3GrY,00028,-5.400964714220093,4.16
train,pretrain,V2DgJBx3cyA,00013,0,pretrain,hPsUXhXgWmI,00007,-5.121193415135972,7.68
train,trainval,sWN13pKVp9s,50006,0,pretrain,KnFZpoplGQo,00023,-8.359649137542323,6.208
train,pretrain,04SEzifEsGg,00002,0,pretrain,q2k2Xbfuy1I,00002,-8.036401135141475,5.376
train,pretrain,r92jUj7gNRw,00026,0,pretrain,BA8XOF6IpXA,00040,5.142599935566757,4.736
train,pretrain,STsOdmkH5fI,00011,0,pretrain,AfnruW7yERA,00022,5.06202695780779,8.64
train,pretrain,HyQp3gGYf3I,00003,0,trainval,0af00UcTOSc,50009,-7.891697706870411,4.672
train,trainval,QVSqg1CRvl0,50003,0,pretrain,JNcLKbJs3xk,00014,-6.055565245017458,4.16
train,pretrain,SS3qnZrVy9o,00008,0,pretrain,A27QjpQSIeo,00013,-7.0208293089190015,7.808
train,pretrain,b6rAgHcuYtE,00021,0,pretrain,uS3UYncNwz4,00033,-0.10647514597353869,6.08
train,pretrain,hbG89FYKzaY,00024,0,pretrain,BepU74BYOtg,00002,-3.3916653624315725,13.568
train,pretrain,ac1mOswXxLs,00008,0,pretrain,Fc1yN6uxZfQ,00009,-2.7082707081160073,15.04
train,pretrain,3OMgvtWNHp4,00014,0,pretrain,MF2Q6CcGN7E,00010,8.061423709896914,10.624
train,trainval,P65XdTlk4vA,50002,0,pretrain,I7wxkBnnnrQ,00007,1.5378306386565388,3.648
train,pretrain,2Shh4UkPVCc,00028,0,pretrain,u7SWcQaoaRQ,00014,-9.040260672359226,5.312
train,pretrain,5duz42kHqPs,00016,0,pretrain,cpo7MBC3Skk,00003,8.939156224741481,4.16
train,pretrain,SIKqVKyyW6w,00016,0,pretrain,Y81rCiw1LPY,00012,-3.8623344343612924,4.928
train,trainval,stAstsOxLPc,50003,0,pretrain,hfznpykprP0,00013,-2.696015753811974,5.76
train,pretrain,R9g3QSqvtss,00018,0,pretrain,HQNfpElOiZY,00002,6.662670263356979,3.52
train,pretrain,PiVB5niLrWg,00009,0,pretrain,p8KSCPXuYwI,00015,5.013190068599101,8.768
train,pretrain,wAdwurHhvSI,00018,0,pretrain,bLGTrz1Zolk,00030,7.168375460730271,4.928
train,pretrain,STsOdmkH5fI,00046,0,pretrain,JeHqgambbcI,00004,-4.451311211725358,15.36
train,pretrain,mlrB6npbwVQ,00015,0,trainval,HfMhU6qjVVM,50006,8.903650195342877,4.864
train,trainval,ufp5iGh0agA,50005,0,pretrain,59K6SwHLtcw,00011,-5.163027455963121,3.648
train,pretrain,TureGeSxSew,00008,0,pretrain,D4cV8yfgNyI,00015,9.99862816848644,4.416
train,pretrain,rKtmsVa4Kvk,00030,0,pretrain,QUUFbS1hBtw,00001,9.881988134823924,7.68
train,trainval,AHcTWlxWzpE,50009,0,pretrain,VJRBx0JjMSM,00017,-2.556440064710608,4.416
train,pretrain,VGpZ06RlVfI,00020,0,pretrain,Ydj28CDrHV4,00022,-8.706601305070233,14.592
train,pretrain,Yz1sNBv7oAo,00002,0,pretrain,30KJRb4MzSg,00008,8.577696142288815,7.04
train,pretrain,Bp2FvktSTRM,00009,0,pretrain,YlmZkY1uqXM,00016,2.163399920345503,6.4
train,pretrain,V1gxziZwmkc,00039,0,pretrain,urntcMUJR9M,00031,0.1250456297615905,11.52
train,pretrain,mS8tQSTYLgk,00008,0,pretrain,CzgS9C7gw0o,00004,4.2820964165084145,3.84
train,pretrain,z4kwU6z6ORg,00006,0,pretrain,Jv5tn4MPJV4,00011,8.115115908239176,8.448
train,pretrain,bbFF5n7S930,00018,0,pretrain,w5T0wS1OdMo,00009,4.224440342546574,5.248
train,pretrain,wYCSHKl4RPU,00018,0,pretrain,qgv8VoyJ3wA,00033,-5.697605515781232,9.216
train,trainval,UoBUXOOdLXY,50003,0,trainval,NAcuH7nSdLc,50008,-1.8486777055937011,5.376
train,pretrain,eXp5QSfXLQU,00005,0,pretrain,IkJSZGQaeak,00020,-1.9838808363359544,8.512
train,pretrain,I4fJPKSKbrA,00025,0,pretrain,dY7iATJVCso,00032,-2.108325905247317,5.888
train,trainval,40riCqvRoMs,50002,0,pretrain,o2BJsFkzSYU,00003,-8.883557891788374,3.52
train,pretrain,evfgbVjb688,00033,0,pretrain,ixsridS3qVs,00011,1.471887158958756,4.8
train,pretrain,8m5Ebx6nuGE,00033,0,pretrain,KxDwieKpawg,00025,-2.5169948141600536,3.968
train,trainval,ASQpKiUSNHo,50005,0,trainval,8gSAkUOElsg,50019,-0.5004335655894376,3.968
train,trainval,H8Pr9Jnulxk,50006,0,pretrain,jdMv5x8SBuM,00036,-7.756738099426941,3.84
train,trainval,yPGwA7t6bpI,50001,0,pretrain,b2LbuqoNGGI,00009,-9.224355977309012,6.08
train,pretrain,RS5O4n0TqlU,00011,0,pretrain,aGSZeDqG8Zk,00012,6.362270729581031,8.896
train,pretrain,R7beBKnH9u0,00016,0,pretrain,S2SzP6NS9P0,00021,2.240207587460411,5.888
train,pretrain,8QuAokSXiyg,00002,0,pretrain,ema8O7xqjvk,00019,3.193663490934245,8.64
train,pretrain,u70RZtCJSrI,00002,0,pretrain,Kk7kzUt3SLc,00026,0.9761178226941212,10.688
train,pretrain,EfXidZmAW1s,00015,0,pretrain,FN0fjOsJIxk,00013,-5.616622856677895,5.568
train,pretrain,nQcgD5DpVlQ,00019,0,trainval,J3pGKt7fESM,50002,-9.834709812850528,6.016
train,pretrain,31PyAjy6Nl0,00015,0,pretrain,kYZqyjzuaOw,00018,-1.3294598679322522,6.016
train,pretrain,XKc9MJDeqj0,00022,0,pretrain,iW4fCwfw1vg,00034,9.797529247010146,3.52
train,pretrain,0FkuRwU8HFc,00027,0,trainval,xx310zM3tLs,50002,-2.185557846343162,4.416
train,pretrain,8woKcr7uSYQ,00021,0,pretrain,rtcrqLWZrS0,00008,-2.7713452286214846,6.528
train,pretrain,qEZmFR1WS7g,00025,0,pretrain,oGlsUYGMYks,00014,-6.670918513984924,2.88
train,pretrain,YraU52j3y8s,00072,0,pretrain,85bqT904VWA,00033,3.9688244362620644,5.696
train,pretrain,av3SCLBU7sI,00003,0,trainval,ESwp7HN9Zvs,50017,-3.2070599960642543,3.136
train,pretrain,w5T0wS1OdMo,00005,0,pretrain,BQj2ZSGPsY8,00006,4.312946988596725,3.648
train,pretrain,50m48lpi4AU,00029,0,pretrain,BMDSPhk7JSY,00011,-7.9636598643584255,6.272
train,trainval,gIuhIo7mO5A,50003,0,pretrain,McDjnRcUcfM,00008,7.336258018250604,4.032
train,pretrain,TVfmUfr8VPA,00007,0,pretrain,v3oSF94S4FI,00013,9.455096259752853,6.72
train,pretrain,VbF2KPn3TrU,00020,0,pretrain,GDnYDLERnRE,00027,-8.511773497584763,16.192
train,pretrain,o9NUy12lgs4,00006,0,pretrain,K0PJbPlZoNI,00016,-6.454529388175465,7.488
train,pretrain,OH0dK208MNk,00012,0,pretrain,jFd96USLjbM,00035,-7.855491582326466,4.224
train,pretrain,nhrZHRqUaT0,00016,0,pretrain,aTfwA1TaH3Q,00014,2.9494838653430993,6.336
train,pretrain,kOPMqiKhoSc,00032,0,trainval,om6SewSRwtU,50019,2.853047119938136,4.096
train,pretrain,aSGIZBmGOsU,00006,0,pretrain,IGadg8xHVPI,00019,-6.373526496821755,9.28
train,pretrain,J6tgYBMXR6s,00036,0,pretrain,wsIrdxDJpSQ,00026,-8.974861602817704,12.16
train,pretrain,nzZA9XTdSLM,00008,0,pretrain,Se8kcnUSuZw,00018,6.6081514070574485,7.68
train,trainval,GpKrM8GQwOg,50003,0,pretrain,5pW2b1vwwf4,00047,-5.141241793171467,5.696
train,trainval,HonUUtuCSwM,50003,0,pretrain,sbbzZYJSoJ4,00003,-7.59140596191944,2.24
train,pretrain,ddek3gQVt9Y,00016,0,pretrain,akOe5SUsQ2o,00034,-2.4128288337312087,8.064
train,trainval,yldVmMfMyIg,50010,0,pretrain,UiCJhSuLdok,00001,-5.591613224037921,2.432
train,pretrain,yPGwA7t6bpI,00011,0,pretrain,0bop3D7SdDM,00005,-3.9425372058606767,6.976
train,pretrain,UUqr4P7P3gM,00008,0,pretrain,vpTHi7O66pI,00026,6.291898410632225,6.336
train,pretrain,KLjgBLwH3Wc,00008,0,pretrain,N4wFyRGilp4,00006,3.4587415671600574,11.072
train,trainval,iSpwUpdQdyY,50013,0,pretrain,B8Z2G7d2kzs,00004,6.693250547462878,2.56
train,pretrain,zvvZEIGNLo0,00024,0,trainval,UxLRv0FEndM,50005,9.053982898774294,3.136
train,pretrain,zIwLWfaAgS8,00036,0,pretrain,gLDQr9i7LkM,00035,-5.388893692666626,6.4
train,pretrain,gXlIASSrI4E,00040,0,pretrain,BMDSPhk7JSY,00002,-7.449253159788364,4.928
train,pretrain,j51HsRILGKI,00059,0,pretrain,bDbN8R6Gb6Q,00020,5.674737049773171,6.656
train,pretrain,x7I5BWWS0c8,00005,0,pretrain,SwMTKRixZIE,00005,-1.8113471028120678,12.096
train,pretrain,NiMgOklgeos,00020,0,pretrain,ilMwoEdqMTs,00001,-2.6828627617878364,4.352
train,pretrain,yRUCU5FsvTY,00012,0,pretrain,HJqtUUDhaxA,00042,-6.8861451293152935,5.248
train,trainval,H6n3iNh4XLI,50027,0,pretrain,SMi3rHuK0c4,00001,-1.1975449025011358,5.696
train,pretrain,kdqUhTnAgJU,00010,0,pretrain,SJyE40koQyA,00034,-7.3114376718995295,5.568
train,pretrain,f6nQJoEk7Ko,00012,0,pretrain,pNttjJUtkA4,00009,2.123026859474388,3.84
train,pretrain,2L4BSVpvx1A,00018,0,pretrain,9VXOknUbzBM,00018,-9.911816437775261,3.904
train,trainval,6qTfX4U6CS0,50001,0,pretrain,HCJRXoYOoaI,00011,9.122207615733117,2.24
train,pretrain,wEM9c7RoVms,00003,0,pretrain,C8zY0oAdQrs,00031,-1.1677538925055142,4.032
train,trainval,p7YRnLbmLGs,50010,0,pretrain,Sf994ANuGIY,00038,-1.8094611856121912,4.608
train,pretrain,r9LelXa3USI,00031,0,pretrain,YkzwHuf6C2U,00021,2.8170623106973665,5.12
train,pretrain,oy25A7vnigg,00004,0,trainval,qG6SnAIinj0,50038,0.7743051131528507,2.56
train,pretrain,N37x4GgDVBM,00044,0,pretrain,y2yka9lyvMA,00019,-7.704317143149073,5.632
train,trainval,p49rv25dx0g,50033,0,pretrain,8sQ2p89P0Us,00025,1.1517425341996592,6.208
train,trainval,jSOPQgPIdKg,50019,0,pretrain,8s3bdVxuFBs,00006,-0.10268188703627246,2.688
train,trainval,xzT6iH2CX4k,50003,0,trainval,xTMZJvfzxGY,50020,7.796440117112354,2.048
train,pretrain,eR22lqzdIHU,00004,0,pretrain,fwYS1jyEzmU,00009,2.6721345866229935,5.888
train,pretrain,XS3m37czBfk,00007,0,pretrain,ApGeDdIaxo8,00005,0.4062879890305062,8.448
train,pretrain,VbeovM4RCh4,00018,0,pretrain,0FkuRwU8HFc,00041,0.051513221497874184,5.504
train,pretrain,Cv8ttNerBEg,00004,0,pretrain,JLLpWtHbMAo,00004,7.746283026655128,8.768
train,pretrain,SSZG5aPkZyM,00003,0,pretrain,H8Pr9Jnulxk,00021,-1.0791690671096372,17.92
train,pretrain,IaWeJ8V3pg4,00005,0,trainval,aIFFFGf1ZRE,50027,1.8599261128767601,5.76
train,trainval,0ITHlySbhJE,50007,0,pretrain,ge3SS1hOm1s,00001,-2.3107286916430976,3.136
train,pretrain,fSSNmDcLMKA,00021,0,pretrain,bzj1BTdfoeI,00031,-5.78792665988054,3.584
train,pretrain,AAkEYcmCCCk,00008,0,pretrain,IgKWPdJWuBQ,00062,5.873211994630676,5.76
train,pretrain,VC0taBVUF2o,00018,0,pretrain,hgWie9dnssU,00011,0.21747636118609392,9.664
train,pretrain,uUDu8jQ6qHo,00006,0,pretrain,7KtAbgvGEvY,00004,-2.042240670326267,24.704
train,pretrain,mT4Qbp89nIQ,00006,0,pretrain,BXcFEhl7ynM,00016,1.8276455283392234,3.712
train,pretrain,S2SzP6NS9P0,00019,0,pretrain,Zq7QPnqLoUk,00043,4.0570267816088705,8.192
train,trainval,1sgb2cUqFiY,50015,0,pretrain,pi9SMFWTzXw,00021,-3.64837862061891,5.696
train,pretrain,Ftnb2fpJ664,00021,0,trainval,I64CQp6z0Pk,50001,-3.451525571330616,6.08
train,pretrain,nxRRqLpWi6Q,00006,0,pretrain,pGSQG0IyNTo,00002,5.199774687406411,9.408
train,trainval,SgYvy71CSSA,50005,0,pretrain,59SRn1SkWAA,00039,6.488417152223516,2.368
train,pretrain,9vKRj9yV8pI,00003,0,trainval,c2tOp7OxyQ8,50061,-7.265141564479995,2.048
train,trainval,Qhomjw2PSV0,50018,0,pretrain,2g9GedPylM8,00015,4.805928596590503,3.456
train,pretrain,3dqXHHCc5lA,00005,0,pretrain,yPGwA7t6bpI,00016,7.766664983225805,5.568
train,pretrain,Aetg4kJie0o,00012,0,pretrain,ReCvreRPdeY,00006,6.675661147896591,4.672
train,pretrain,Zq7QPnqLoUk,00011,0,pretrain,1sE96vd8W40,00028,-0.17393093362690948,7.744
train,pretrain,AS3Pyc4Qr2Q,00015,0,pretrain,2S0aEezKvBE,00019,-4.815675208924284,6.208
train,pretrain,HaHeAdJNa70,00015,0,pretrain,mJxA8eIWQUc,00026,7.950858331425685,3.264
train,trainval,SwT0YLKbwoU,50001,0,pretrain,sHdYaMyR5S8,00031,-3.1045425605243633,6.144
train,pretrain,5aH2Ppjpcho,00025,0,pretrain,mozxTk3Brqw,00032,-2.331416396467425,5.376
train,pretrain,WCj82W7XkjI,00046,0,pretrain,2BOTS9GAjc4,00008,-0.7285411013480747,23.104
train,trainval,nqj6fH2i9go,50002,0,pretrain,RtFFT4zjyTM,00028,5.9255445112298695,4.032
train,pretrain,xbWcLYOniWU,00026,0,pretrain,JhcCHjqSiBo,00011,-8.006143942346808,5.696
train,pretrain,MOFdlEbu15g,00056,0,pretrain,VvpUZjRVoBI,00020,-6.653084427918805,4.48
train,trainval,GROCkg810R0,50005,0,pretrain,DgofaSv4MA4,00007,8.487195148154115,2.56
train,pretrain,MKKGS38vCO8,00023,0,pretrain,XVXmYD0UPRQ,00015,-7.972151576846109,9.344
train,pretrain,ZHOyfyGwpes,00044,0,pretrain,YeJhVtJKJU8,00007,-0.7063232626754363,6.528
train,pretrain,IkJTwfHPv6A,00021,0,pretrain,ukgnU2aXM2c,00021,4.568786201593607,4.992
train,pretrain,WGBTz8ciZLg,00002,0,pretrain,oiZ42KUsxGo,00010,-8.528394087860908,5.888
train,pretrain,Zx8uYIfUvh4,00042,0,trainval,TT6qWghHkFI,50002,-1.062759671591568,2.56
train,pretrain,NZspSEdO2Xk,00009,0,trainval,KNXOVpN8Wgg,50006,8.611815082728185,6.144
train,trainval,Fb2J5eDoFko,50012,0,trainval,HFqLoHyCTRc,50017,-0.02617446674322288,4.032
train,pretrain,APPbSStpGHk,00015,0,trainval,dcwuBo4PvE0,50010,6.51132384565928,4.736
train,pretrain,iST7tCMUDXU,00002,0,pretrain,6StqiaPoS2U,00009,-2.2136630636080117,5.888
train,pretrain,S47ZRF02Cyo,00002,0,pretrain,o2WyXD7IaN0,00015,8.505861600628691,5.888
train,trainval,kLIfeGflNp8,50005,0,pretrain,nz0cAjXVepg,00009,-0.17140996209467474,2.176
train,pretrain,jPyR3UDhOm4,00049,0,pretrain,i1OAMgrsUUw,00006,6.613229854161325,6.208
train,pretrain,JKsHhXwqDqM,00026,0,pretrain,U1XJJxHIQwo,00009,0.35829934346591763,16.256
train,pretrain,YSmJDnSemqY,00006,0,pretrain,dcwuBo4PvE0,00012,1.6463621577599916,14.144
train,pretrain,hxPiz2sE0h4,00042,0,pretrain,ofsncCF9OSU,00046,-9.540182096148868,3.648
train,pretrain,7LcSdlVrg5M,00013,0,pretrain,OibJT7GSwyo,00002,-6.285227511983827,5.056
train,pretrain,jpeSLKnS4gM,00011,0,pretrain,UGtFXtnWME4,00032,4.568318835731205,9.152
train,pretrain,RBElFl1aLtI,00008,0,pretrain,rbnBeSvXGQM,00009,9.71703590785799,10.048
train,pretrain,mKkF6mAlX4k,00026,0,pretrain,LETgWDSSzSI,00013,7.157062707180199,4.224
train,pretrain,6JxRxBqQLKA,00011,0,trainval,5LgCl7ZyYGs,50003,1.5115676063877288,5.76
train,trainval,9EVEmZ2cSes,50008,0,pretrain,IgKWPdJWuBQ,00025,-3.0189275458222546,4.992
train,pretrain,3qyVvDGDGQs,00014,0,pretrain,F2dFiK3wkRA,00017,-8.304825482478211,3.008
train,pretrain,oIGBBPspTKM,00067,0,pretrain,cgxZ4H3gJ8c,00010,-3.405915499999379,6.784
train,pretrain,DG7kSeazMQ4,00045,0,pretrain,oTHSfmQo3Ok,00004,7.6668183154462675,4.416
train,trainval,vo2cse4CoGM,50018,0,pretrain,ioMpOr7Yx98,00034,-9.070245551465261,5.952
train,pretrain,RcGyVTAoXEU,00040,0,pretrain,kEejVSZ5mLY,00010,-1.1045760637363067,12.416
train,trainval,PlQ3VdvvTvE,50010,0,pretrain,ol1b5mMeP7s,00027,9.83537261621149,3.008
train,trainval,i0a61wFaF8A,50005,0,pretrain,mUJdzaLDRIo,00003,-0.35620645373224136,4.16
train,pretrain,qYvXkSbqlBk,00029,0,pretrain,acikxzM6GaY,00010,2.8004897829191133,16.128
train,trainval,aEjUlH7bNDo,50017,0,trainval,tpODOkfrwyQ,50001,-8.329516743372519,6.08
train,pretrain,0LxPAY9yis8,00025,0,pretrain,LJhklPJz9U8,00030,6.624465847523947,9.536
train,pretrain,89Dhye1lgik,00018,0,pretrain,sHdYaMyR5S8,00018,4.791789804712362,19.648
train,pretrain,XxSSz2xiuyA,00002,0,trainval,sgTjCpBOeCU,50021,8.410718220190919,5.632
train,pretrain,80GqbW1MmQM,00029,0,pretrain,MoSmgcxGYYE,00064,-6.721260659299444,8.64
train,pretrain,pz1TDXKSTHc,00044,0,pretrain,ZHOyfyGwpes,00005,-5.630828358778199,8.256
train,pretrain,TYFH0DSjyqc,00010,0,pretrain,DnbC2Tii0S8,00008,6.701537251383847,11.84
train,pretrain,3E7hkPZSHTk,00027,0,pretrain,iEySxTbcr2A,00034,0.1257103476421726,4.288
train,pretrain,ShY9QSdaReY,00008,0,pretrain,aR6jLD1USW0,00043,6.90214401638578,6.208
train,pretrain,hj7wkh6nONE,00013,0,trainval,ERSZb2wHFDw,50003,6.278511420714455,6.016
train,pretrain,0bop3D7SdDM,00020,0,pretrain,F10t7i8wHaM,00006,2.257656019273158,4.096
train,pretrain,Qt1RPkbF4o4,00002,0,pretrain,bzlYyhh3X0w,00004,-5.538904241171387,11.84
train,trainval,IKZCw4xdESQ,50006,0,trainval,esugL07XANg,50012,0.17247815334232364,3.968
train,pretrain,tpH2fhwCzSM,00001,0,pretrain,jYperQKUkcs,00025,-7.778009968517439,4.096
train,trainval,2ZviHInGBJQ,50018,0,pretrain,eD9F5HdyKqU,00020,-4.950839875290014,2.816
train,pretrain,AE0gO5wSaok,00014,0,pretrain,6MBaFL7sCb8,00015,4.444944036069245,8.896
train,pretrain,YvyeISAxb70,00007,0,pretrain,k3zZVQPaKKQ,00020,5.865791989128512,3.328
train,pretrain,1BHOflzxPjI,00011,0,pretrain,q319HSSLs9Q,00016,-6.479758222774226,3.392
train,pretrain,5XD2kNopsUs,00023,0,pretrain,i5p3NC9OwB0,00006,-2.8418759255994086,4.288
train,pretrain,OibJT7GSwyo,00004,0,trainval,paSYuxyRDuw,50001,2.4741200316939604,5.12
train,pretrain,SjaWs87t5UM,00001,0,pretrain,9bbX13SfsBw,00005,3.990375469522533,4.288
train,trainval,ImmtTHYU5GQ,50052,0,pretrain,mclzytQQMGI,00013,4.842321317387592,5.44
train,trainval,3qyVvDGDGQs,50012,0,pretrain,xbagFzcyNiM,00001,-3.894867836591123,3.52
train,pretrain,lkzoQuzlW4M,00015,0,pretrain,LH8MPbFoRjw,00018,-6.760383922723361,5.504
train,pretrain,z5aAJGNSRHs,00021,0,trainval,0iTehgSOZ8A,50013,6.535022883082547,2.88
train,pretrain,tkIgSSxPzTA,00009,0,pretrain,y62pJTJkfbg,00033,2.9544305611729467,6.656
train,pretrain,SgYvy71CSSA,00037,0,pretrain,ERSZb2wHFDw,00010,-7.545454068874358,6.848
train,trainval,zcMj4Az1MwE,50024,0,pretrain,e450FJaS3no,00019,-5.057598666089184,3.264
train,trainval,ZliT1BiEVvo,50002,0,pretrain,YhG1Bgbsj2w,00022,8.6723660518807,3.2
train,pretrain,2zvjW9arAZ0,00077,0,pretrain,9ebJlcZMx3c,00030,-0.3158030000158618,4.416
train,pretrain,nFSdHdNOgSA,00015,0,pretrain,1HIxnTruN78,00004,6.426665279988587,4.096
train,pretrain,aSGIZBmGOsU,00006,0,trainval,pOWgXxoSTNM,50006,-0.6648002832915019,3.648
train,pretrain,8m5Ebx6nuGE,00005,0,trainval,sEOSCziWuP8,50009,9.194177091670095,2.944
train,pretrain,pbSSrJGgVIo,00048,0,pretrain,z0HsPBKfhoI,00009,-2.9855635335306863,10.112
train,pretrain,mDSuP2BsVy4,00033,0,pretrain,LsESSyMnwmU,00028,7.158999482881239,7.936
train,pretrain,mozxTk3Brqw,00013,0,trainval,ElJxUVJ8blw,50039,-8.372117462303517,5.568
train,pretrain,ZCRC5S0kfiw,00010,0,pretrain,FEAM4xdCDLE,00008,-0.4378525535459268,8.512
train,pretrain,0YeVt2kpSSo,00021,0,pretrain,qIVTKBeiabI,00005,7.719244420804198,10.56
train,pretrain,MOQcSzkKfbs,00007,0,trainval,da1vvigy5tQ,50004,8.74717064755777,5.44
train,pretrain,73cTNHEQhkQ,00022,0,pretrain,VbeovM4RCh4,00012,0.575373370350631,3.328
train,pretrain,BFK9laBVa54,00002,0,pretrain,28hGxw5DBK8,00001,-4.263863154755059,20.032
train,pretrain,ASOvJjAw2Jo,00013,0,pretrain,PENkzh0tWJs,00010,-9.78392463101897,3.648
train,pretrain,ljqra3BcqWM,00009,0,pretrain,Cgxsv1riJhI,00009,3.7672243008659976,4.416
train,trainval,S9ry1M7JlyE,50003,0,pretrain,iU1bhHeCkoU,00012,-9.3420840256126,6.08
train,pretrain,6E3zVSCSGYk,00008,0,pretrain,wNokfBHccVI,00008,6.268013998255473,6.528
train,pretrain,oiVSHkItqxo,00030,0,pretrain,mFnS7wG1qXw,00004,6.715244332137992,5.696
train,pretrain,6yR5OUVb2gY,00021,0,pretrain,1fZ4XOnnh1c,00018,-2.60988296779135,13.952
train,pretrain,6k8YBJ5sgko,00001,0,pretrain,fa6ERdxyYdo,00002,-6.828635092105109,5.12
train,pretrain,H3ddtbeduoo,00017,0,pretrain,73rUjrow5pI,00001,5.132841900340328,5.632
train,pretrain,7p4zw4SqgUw,00005,0,pretrain,WzuWMf3WPPc,00027,4.8783194853488006,4.608
train,pretrain,Pzd7ReqiQnE,00012,0,pretrain,qykSnLkPM7E,00014,-3.029652821276734,13.248
train,trainval,cWcVPpxezE0,50033,0,pretrain,2Pp9ONyxBr8,00009,-2.4800422720059734,5.056
train,pretrain,Eewvsw027jg,00020,0,pretrain,WIebxoTx408,00011,2.594392593951424,8.448
train,pretrain,7VRzn8hc5mc,00019,0,pretrain,IL2lb9fmIV8,00010,7.717937941891137,5.312
train,pretrain,fbU9l46Lz7c,00005,0,pretrain,dQijrruP9c4,00016,0.02862675437509843,4.672
train,pretrain,aUYSDEYdmzw,00010,0,pretrain,8pHzROP1DSw,00034,-1.8552892496212294,5.568
train,trainval,mkdSXHXhCcw,50024,0,pretrain,GlpGBSBpxOE,00002,4.393040155814891,2.432
train,pretrain,Skl42b9B9yA,00004,0,pretrain,L9Sc1j9VRwE,00001,4.340158618202455,7.936
train,pretrain,RxyQNEVOElU,00053,0,pretrain,N0vRIqeoefs,00024,-0.8345746247627321,11.136
train,pretrain,bNpx7gpSqbY,00012,0,trainval,4O2JKS94g3Y,50007,7.4986618589331435,2.048
train,pretrain,QBDShp6U7tU,00006,0,pretrain,km4GiwSIFCo,00010,1.5486767053753088,11.84
train,trainval,JS8fYhwrYzI,50003,0,trainval,vMwPTI54rqQ,50039,0.964804243026185,3.136
train,pretrain,KVhWqwnZ1eM,00009,0,pretrain,8Dv2Hdf5TRg,00019,-7.813676011436755,6.08
train,pretrain,B4a0NvLTebw,00030,0,pretrain,7Iv2nZnZOrM,00014,-2.0060329749633237,6.144
train,trainval,dskNubEgzCk,50008,0,pretrain,TOyygXMkWGQ,00010,-5.071779121864941,6.016
train,pretrain,QWN5xhV6v1U,00003,0,trainval,om6SewSRwtU,50017,9.713587612905954,2.496
train,pretrain,wvCMZBA7RiA,00005,0,trainval,bJ8Kq1wucsk,50001,-0.31404876382573654,5.184
train,pretrain,shqLZyONA0M,00005,0,pretrain,sa0RUmGTCYY,00018,-5.111584127910762,12.032
train,pretrain,MOQcSzkKfbs,00002,0,trainval,5AN5fPFtV0U,50011,9.582469295214942,2.24
train,pretrain,7n9IOH0NvyY,00021,0,pretrain,WWloIAQpMcQ,00005,-7.833558286426074,5.888
train,pretrain,2jTdZSPBRRE,00023,0,pretrain,qp0HIF3SfI4,00005,-9.441052471185662,7.168
train,pretrain,BXlnrFpCu0c,00025,0,pretrain,OwRAFCrsDS8,00029,-0.6852554173990733,15.936
train,pretrain,fW6AndSUByo,00007,0,pretrain,GROCkg810R0,00015,4.267836058874508,7.488
train,pretrain,rTJpJlVkRTA,00015,0,pretrain,kTqgiF4HmgQ,00018,6.406071133195823,15.168
train,pretrain,qxmEpmCtM3o,00002,0,pretrain,gHxr8uJeqsg,00006,1.7333791398482248,3.776
train,pretrain,3Y2Or0LlO6g,00007,0,pretrain,lDq9SQxvsNU,00036,0.060593086977359434,4.672
train,pretrain,WXqjacxw8zg,00004,0,pretrain,Melo1Bgporw,00010,-5.1351534466502,11.328
train,pretrain,u0VHC1SDOS8,00008,0,pretrain,lwcvhh4pLjE,00049,2.67244964363873,7.04
train,trainval,ElJxUVJ8blw,50012,0,trainval,KaiwGb0csas,50003,-2.054995114473983,2.112
train,pretrain,Gv7Y0W0xmYQ,00005,0,pretrain,lcZyzcTS5GU,00004,2.8160679135630655,14.976
train,pretrain,P2y3Uspr8Bg,00022,0,pretrain,QUUFbS1hBtw,00008,-5.085411651348483,2.752
train,pretrain,7s0CpRfyYp8,00041,0,pretrain,KkYuhwr3esg,00011,-5.87110803456566,4.672
train,pretrain,Zctk6MZaxMk,00025,0,pretrain,SbphPa7Wp4c,00013,-1.65011256520736,9.088
train,pretrain,WvvuLDX7iIk,00018,0,pretrain,ZWfCi9WxK1E,00007,0.9511719818597122,11.776
train,pretrain,g985z9Wq5gk,00028,0,pretrain,UxtJtlgDkC8,00008,-3.036226413873104,16.96
train,pretrain,cS3f3rQRlug,00018,0,pretrain,V2DgJBx3cyA,00002,-1.4045024558521177,8.96
train,pretrain,mYQx5n5SRVQ,00019,0,pretrain,ts9JpM0gHMU,00038,-5.120586044155919,5.76
train,pretrain,F6NU0DMjv0Y,00014,0,trainval,bhHJ4DRZNZM,50008,-3.9958242873871193,2.88
train,trainval,YsUAEFJsOdA,50013,0,trainval,8SAWKDRHZuw,50004,-1.9847981629071114,2.56
train,trainval,4O2JKS94g3Y,50007,0,pretrain,fLJsdqxnZb0,00006,-8.200055741393061,2.048
train,pretrain,ZBDablzQ9ts,00011,0,pretrain,jiDQDLnEXdA,00030,1.5781089354814846,4.48
train,pretrain,IdW9UYlxlVY,00014,0,pretrain,CGksAjzI0go,00028,-3.0109048234480547,9.536
train,pretrain,NZspSEdO2Xk,00020,0,trainval,nVEvzeIXbpk,50001,-3.619794188024647,2.432
train,pretrain,2Shh4UkPVCc,00047,0,pretrain,Kc0Kthyo0hU,00015,-2.445273886973494,6.016
train,pretrain,HfMhU6qjVVM,00015,0,pretrain,USmTQeKRaP4,00019,7.625485901953379,12.096
train,pretrain,Gv7Y0W0xmYQ,00015,0,pretrain,KCr8s57hdzY,00027,-2.0629955207730504,6.08
train,pretrain,UROCz70tlMY,00053,0,pretrain,X2et2KO8gcY,00027,3.9509676796133277,5.12
train,trainval,TRE4Sll42lE,50003,0,pretrain,lXQ4HSMp1OA,00004,9.600724903892178,3.52
train,pretrain,NS4bBu9Jyho,00001,0,pretrain,3sUWSDHOVn0,00039,-7.137496408056028,4.736
train,pretrain,rAA8mMQi0is,00011,0,trainval,TexXAuRSe0g,50002,8.389574616059669,3.776
train,pretrain,2Oe6HUgrRlQ,00005,0,pretrain,X9FFzWUInyA,00031,6.657456684222076,8.256
train,pretrain,8XQ1onjXJK0,00039,0,pretrain,lxYFURQ7Ehw,00023,-3.8425801051577064,14.528
train,pretrain,8Ug1MnU6LKw,00012,0,pretrain,j12BBcKSgEQ,00008,-0.4318031273234446,7.936
train,pretrain,FD5ZKiSmoMU,00068,0,pretrain,AIfBSkVI6NQ,00015,-0.7419316760252457,5.632
train,pretrain,LJhklPJz9U8,00030,0,pretrain,6yR5OUVb2gY,00012,-1.1277792902183847,5.248
train,pretrain,LWQfeSSfNbs,00019,0,pretrain,RKmxL8VYy0M,00010,-7.165132979241145,4.288
train,pretrain,PY9DcIMGxMs,00009,0,pretrain,FRKg49ySnNw,00001,-2.407218564737601,4.288
train,pretrain,nG1oCU0ijP0,00034,0,pretrain,RKmxL8VYy0M,00035,1.8392415546091456,16.512
train,pretrain,zawpbVpu5nY,00017,0,pretrain,1QQ3gWmd20s,00016,5.734891775833141,14.336
train,trainval,6vLrreR6YOE,50007,0,pretrain,yq3TQoMjXTw,00033,-5.159487613388785,3.136
train,trainval,bSiGZPtWXzE,50072,0,pretrain,hHOX3dlhhZ0,00027,7.677901807138042,3.264
train,pretrain,4ef6KJ7vfIw,00034,0,pretrain,v3SZTqj2Skw,00007,-7.2362707823931505,7.04
train,pretrain,jsZDlBU36n0,00009,0,pretrain,qItCBNzqdn8,00022,5.818833284089276,7.808
train,trainval,P9YbrVFoX0Q,50008,0,trainval,vdDFLzyk94k,50009,-9.462214474905977,2.176
train,pretrain,UQzvNIIMayo,00028,0,pretrain,BN9a8Ldy7Xc,00008,3.519444353766998,6.464
train,pretrain,kjmsb9pDrF0,00002,0,trainval,SrqmuYvk3iQ,50004,2.4551911399340387,3.136
train,pretrain,l5d8GW6GdR0,00008,0,pretrain,2zvjW9arAZ0,00042,2.1930801073294877,5.12
train,trainval,FcoJt2KLC9k,50009,0,pretrain,jPyR3UDhOm4,00027,2.2463932946052783,2.368
train,pretrain,vNpmq6OkSQQ,00033,0,pretrain,IQDrStvBt9s,00006,1.9473339380459223,8.192
train,pretrain,CEN4XNth61o,00051,0,pretrain,9VXOknUbzBM,00014,-5.784793509005539,4.032
train,pretrain,2jTdZSPBRRE,00015,0,pretrain,y7l5QHRYSAI,00003,0.5876669467242994,7.104
train,pretrain,ZuCtZJGcEMU,00006,0,trainval,1sE96vd8W40,50007,-4.32928016914242,2.88
train,pretrain,aPjvEaE6VXs,00006,0,pretrain,EluxCgnQVzg,00009,8.737196703064306,6.016
train,pretrain,q06YIWCR2Js,00014,0,trainval,7rMYfiRNT7g,50002,-4.5888544238249995,2.368
train,pretrain,7wJTgUCxnKA,00006,0,pretrain,tVoE8eSu4bw,00021,-2.0841743164510724,5.376
train,pretrain,sucza6EOIf0,00015,0,pretrain,wZ2TF8SPGQ4,00004,7.444894935161315,6.272
train,pretrain,31PyAjy6Nl0,00015,0,pretrain,WCGuG0uT6ks,00018,-4.2185544841456775,6.016
train,pretrain,BltRufe5kkI,00019,0,pretrain,4a6ZRstYlgw,00030,-8.847837825418171,13.632
train,trainval,QhLLMBN57AU,50026,0,trainval,3F2jACWwKdU,50019,-0.7966884981701519,3.072
train,trainval,zuAj2F54bdo,50017,0,trainval,ufUkAQOQaXU,50016,-6.304955752193619,2.048
train,pretrain,cj5LZBmiQu4,00038,0,pretrain,nMfbnl7mzwQ,00003,9.766448733448541,5.184
train,trainval,gtDS5rzd6R8,50002,0,pretrain,06M8qY7Q74Y,00015,-1.6145056541899994,5.376
train,pretrain,MnT1xgZgkpk,00019,0,pretrain,zuLOT6GsAxw,00013,4.019703468203449,5.696
train,pretrain,mWA2uL8zXPI,00001,0,pretrain,wYCSHKl4RPU,00006,-4.562902692125124,3.52
train,pretrain,ggPh4X7UKwY,00004,0,pretrain,abMQhaMdQu0,00034,7.472339907863422,7.488
train,trainval,DwQMDyyS42Q,50008,0,pretrain,iwlSPe0FbSg,00027,-8.262954021485566,5.76
train,trainval,ay8OMOsf6AQ,50001,0,pretrain,c2tOp7OxyQ8,00065,9.210448808485285,2.24
train,pretrain,t1ZSoufuQg4,00019,0,pretrain,AhKevstJyrc,00017,6.166847827012255,5.12
train,pretrain,mjUsobGWhs8,00004,0,pretrain,jn0Ygp7pMbA,00013,7.253935773061947,4.736
train,pretrain,93fJ33L9OKw,00018,0,pretrain,NAcuH7nSdLc,00016,7.801990170155829,3.456
train,pretrain,RKmxL8VYy0M,00007,0,trainval,BnC6IABJXOI,50005,-6.627137863106278,3.328
train,trainval,sjPRN2XGSts,50013,0,pretrain,CyElHdaqkjo,00027,8.431308776113113,3.328
train,trainval,rmeGVhhbGrM,50006,0,pretrain,f68AdM1m4hk,00019,7.525053888395146,3.2
train,pretrain,sJKFyDbWVqA,00008,0,pretrain,kySSXxxiWHg,00022,2.4757265050347463,30.656
train,pretrain,bzj1BTdfoeI,00046,0,pretrain,iQsnObyii4Q,00009,6.430092437584946,5.568
train,pretrain,V1gxziZwmkc,00034,0,pretrain,LlQXs0yofMs,00020,-0.5397375940655014,4.608
train,pretrain,0zbHnOcGbrw,00027,0,pretrain,QijH4UAqGD8,00024,0.9651939630634327,7.36
train,pretrain,enW2OUGzqtQ,00012,0,pretrain,bwMUQEMOP6w,00006,-7.107921868446581,4.672
train,pretrain,hgWie9dnssU,00009,0,pretrain,P82edb1SCNs,00012,3.808719081248327,10.88
train,pretrain,SxwLfSlkJDI,00018,0,trainval,iEySxTbcr2A,50004,7.630480861933158,2.624
train,trainval,KIMWfSe7ZJI,50006,0,pretrain,KxDwieKpawg,00020,6.17671615860338,4.416
train,pretrain,YodRXxzhb7s,00028,0,pretrain,6EghiYSs2ts,00015,-8.695678939381821,4.096
train,pretrain,acNSymOsL6M,00029,0,pretrain,acJscdoP2a4,00028,7.326054662953307,4.544
train,pretrain,y7S4yQRCYHE,00012,0,pretrain,P5Mpo4JQZhw,00017,1.4634252630480233,3.008
train,pretrain,x8jdxSlf2Dw,00021,0,pretrain,eJZSzNuKX7c,00025,-1.2338683721724504,5.312
train,pretrain,oIGBBPspTKM,00004,0,pretrain,tTb3d5cjSFI,00006,9.896111536808512,8.704
train,trainval,iU1bhHeCkoU,50021,0,pretrain,YXWKuKSQsu4,00019,7.0144877363374825,3.392
train,pretrain,kiDfwUQySEs,00003,0,pretrain,3M29BY86bP4,00001,1.9185329515617955,8.128
train,pretrain,stBSQ6CagVo,00005,0,trainval,qItCBNzqdn8,50001,2.433370307055693,3.136
train,pretrain,gto6w0a13B0,00001,0,pretrain,7hFy02TSH4U,00022,-2.862824230047334,14.656
train,pretrain,4YooZCkyUsY,00003,0,pretrain,sBsuIAscshE,00045,9.347594015009125,3.904
train,trainval,1G8dQQrlbbA,50001,0,pretrain,N37x4GgDVBM,00021,-7.573087913918981,2.496
train,pretrain,WF6SDe4USvE,00014,0,pretrain,4c1lqFXHvqI,00022,-8.980071550922457,5.568
train,pretrain,6ORDQFh0Byw,00029,0,pretrain,S2uSeHHzRto,00030,2.591541075470543,5.12
train,pretrain,TBnNbyi4AN4,00020,0,pretrain,WKlIytaSlu4,00038,7.06216580168191,11.456
train,pretrain,DnbC2Tii0S8,00023,0,trainval,urOCGSMlB9g,50005,-6.939153965314406,6.144
train,pretrain,SS6ZojCzNGY,00031,0,pretrain,x8QxdldkPNM,00003,9.52774796654326,5.76
train,pretrain,KkyzYjPuxK8,00019,0,pretrain,q43uXdOKPD8,00009,-6.71411591232598,7.68
train,pretrain,ZHOyfyGwpes,00052,0,trainval,ufUkAQOQaXU,50003,2.5323794828769675,5.056
train,pretrain,N8Votwxx8a0,00030,0,pretrain,VUT6GQveD0E,00004,-8.72332856392938,6.272
train,pretrain,St7SxHszKws,00011,0,pretrain,Sb2qXygFm8U,00021,3.226339324588208,4.608
train,trainval,XAcARiiK5uY,50007,0,pretrain,BEcyzAcFFwU,00011,1.894139134560957,3.52
train,pretrain,6E3zVSCSGYk,00025,0,pretrain,oeL72c6scAs,00001,9.743861465342675,11.968
train,pretrain,y7A4dZIyI0g,00001,0,pretrain,jNSOh4xILSc,00007,-0.06985094250949686,3.456
train,pretrain,saXfavo1OQo,00028,0,pretrain,lfykytI3A6k,00038,1.2972141083872568,3.968
train,trainval,0ygtX2nyexo,50009,0,trainval,QgZfyTguSPM,50003,-6.8166967293638,2.368
train,trainval,MV0Iob65Nq4,50004,0,pretrain,9vKRj9yV8pI,00003,-0.5975190996377009,5.12
train,pretrain,hiM48jSNZOU,00016,0,pretrain,uTL9tm7S1Io,00013,4.2256776746776765,4.928
train,trainval,vzKA1y3cdYI,50053,0,trainval,hQ4XmSR9zw8,50004,0.5201715322965548,5.824
train,pretrain,2Shh4UkPVCc,00016,0,trainval,hvJ4KlVlqV8,50001,-2.469764636833607,5.12
train,pretrain,KzeQSZ3bQ2g,00030,0,pretrain,6VnKV1sr5VQ,00014,-5.477727026400505,4.608
train,trainval,5XD2kNopsUs,50007,0,pretrain,CFtsHf1lVI4,00042,-9.201089612652908,6.016
train,pretrain,UQniNhS6LOY,00043,0,pretrain,VM6HZqQKhok,00053,4.53923622327045,9.024
train,pretrain,fTsFVO6OhO8,00004,0,trainval,nx3GuO41Jyg,50008,-7.596683641687254,2.24
train,pretrain,FcoJt2KLC9k,00048,0,pretrain,rN7VcY1fS1Q,00004,0.3938329589172511,8.32
train,pretrain,cI9vSC1eQ18,00026,0,pretrain,cK74vhqzeeQ,00006,-7.3456058389461765,8.576
train,pretrain,6E3zVSCSGYk,00025,0,pretrain,NMBNZspmn7I,00027,-1.5433291629759083,8.512
train,pretrain,r92jUj7gNRw,00021,0,trainval,SmsYxDvdcYc,50006,9.222066385991717,3.712
train,pretrain,y8qc8Aa3weE,00010,0,pretrain,rugSZIFY7mc,00021,-7.151600895976911,6.208
train,pretrain,IkJTwfHPv6A,00010,0,pretrain,sBsuIAscshE,00021,-4.339785161242446,4.608
train,pretrain,v84pD2g3gSk,00002,0,pretrain,5AN5fPFtV0U,00002,1.7929436055770172,5.44
train,trainval,tbicAmaXYtM,50005,0,trainval,QhLLMBN57AU,50029,-2.6069188128435883,2.048
train,pretrain,rbnBeSvXGQM,00009,0,pretrain,LuG2rf9enHE,00013,-4.820034984927643,7.04
train,pretrain,j7RsRnYlz7I,00003,0,pretrain,DJMhz7JlPvA,00015,8.41831035691057,4.736
train,pretrain,R9g3QSqvtss,00025,0,pretrain,wfNX1cHkSfE,00024,5.389288010037426,4.928
train,pretrain,iF4s75ZPano,00020,0,pretrain,APPbSStpGHk,00020,9.69359966225706,19.712
train,pretrain,v50PTSaOOGI,00006,0,pretrain,SF242mxtZN8,00008,-2.0100855982094368,8.64
train,pretrain,KCL8NjN7FMQ,00047,0,pretrain,7DESF3jSPVo,00004,-3.086865916060491,11.84
train,pretrain,h0C2LPXaEW4,00019,0,pretrain,iNOE0dZpHcY,00061,5.931062802401591,7.488
train,trainval,OPtxa35JU6Y,50001,0,pretrain,nU5gOr1cSxU,00019,3.932724524281417,5.248
train,pretrain,OkKhI6St40w,00045,0,pretrain,PrZwUTdFmis,00014,-3.151434160006894,3.456
train,pretrain,H2vN2QXZGnc,00009,0,pretrain,7npLVcymHGc,00021,5.636249611059448,3.52
train,pretrain,bmFhWr693is,00016,0,pretrain,t9c7aheZxls,00013,-5.0545107349217355,3.456
train,pretrain,2zvjW9arAZ0,00079,0,pretrain,vVsXO9brK7M,00011,-5.179891197470865,3.328
train,pretrain,AfnruW7yERA,00024,0,pretrain,umgWcQ5uNu0,00002,-6.073746416316455,4.672
train,pretrain,VN357QrUdEc,00014,0,pretrain,TFvkq4BAvnw,00048,1.7717895747034298,5.888
train,pretrain,aUBawr1hUwo,00032,0,trainval,CyKmpyYy14k,50003,-5.57868111399022,2.176
train,pretrain,unNRCSj0igI,00005,0,pretrain,38OUCtzkT4Q,00011,4.177466260823007,3.84
train,pretrain,19MSMRPgPYc,00012,0,pretrain,lqSBVyou38s,00002,5.419725799002952,4.288
train,pretrain,STsOdmkH5fI,00043,0,pretrain,NZspSEdO2Xk,00013,9.401113857998318,8.128
train,trainval,PsihkFWDt3Y,50001,0,pretrain,1QX7aoxSTAQ,00007,-1.470461867420081,4.672
train,pretrain,8dSDMQNoikU,00019,0,pretrain,sSXv06gUX3Y,00024,6.5606654035519725,11.328
train,pretrain,bmmnEJ4rtCI,00010,0,pretrain,4BZuWrdCS9Q,00011,0.37697474975368017,7.168
train,pretrain,cSsxBTNF2U8,00049,0,pretrain,KExLCJAuTXA,00003,-6.877899400752526,8.64
train,pretrain,B5MkpzMAOZM,00016,0,pretrain,bLGTrz1Zolk,00005,-4.71299060569438,4.288
train,pretrain,HEFSHP2XE7E,00025,0,pretrain,wEM9c7RoVms,00007,-9.872676362685757,6.528
train,pretrain,49aWAHqi200,00027,0,trainval,OXQwtTOnLvg,50005,-9.875294349202633,3.776
train,pretrain,F2hc2FLOdhI,00002,0,pretrain,B5MkpzMAOZM,00004,4.305324567262156,5.12
train,trainval,fBQnQTkhsq4,50007,0,pretrain,9SQYDFiWnSs,00008,-1.4774024547314664,2.176
train,pretrain,vdDFLzyk94k,00016,0,pretrain,ygKNRnz7q5o,00001,7.824058745910833,7.744
train,pretrain,bcSXtB5bQgs,00027,0,pretrain,SxwLfSlkJDI,00008,5.703092661769487,3.072
train,trainval,iunmpgOnpqM,50006,0,pretrain,gB23pKmyIHM,00004,-9.077940991601928,3.648
train,pretrain,aR6jLD1USW0,00005,0,pretrain,Sid0oc0w3mQ,00005,8.392428710239301,5.76
train,trainval,QbSD6PTcmfs,50001,0,pretrain,dsOSb0SrS5Y,00021,-7.478924484332968,4.352
train,trainval,01GWGmg5jn8,50016,0,pretrain,jn0Ygp7pMbA,00044,8.523984550429873,3.072
train,pretrain,1TYPldG99dk,00026,0,pretrain,GW02Vo641dU,00022,-9.881790713883854,4.992
train,pretrain,4jBB5iibKy0,00011,0,pretrain,Let7s6SPgEU,00013,1.182334811050458,5.888
train,pretrain,d38LKbYfWrs,00007,0,pretrain,0N1oA9LUEc4,00012,3.462979700302993,6.08
train,pretrain,VCRcGKpjWtU,00001,0,pretrain,8sheoGMsy3Q,00008,6.370557103675623,12.096
train,pretrain,pPgd7Hj3ABQ,00009,0,trainval,r9DDE7NV1Nw,50012,-8.24119618513942,2.24
train,pretrain,Yr0eW6PbmOs,00001,0,pretrain,WfjzkO6SDEI,00011,-1.6042502095568487,4.864
train,trainval,nO69NjadSec,50004,0,pretrain,mMDuakmEEV4,00004,9.396946246023685,5.568
train,trainval,ByuWS1bBwpc,50006,0,pretrain,5pW2b1vwwf4,00069,-0.14091757617527456,2.624
train,trainval,hiM48jSNZOU,50003,0,pretrain,VC0taBVUF2o,00001,-1.9300983064922264,5.568
train,pretrain,289ZxBZdKvY,00002,0,pretrain,SYpHNImNsx8,00007,8.6182171190366,7.68
train,pretrain,gB23pKmyIHM,00004,0,pretrain,4cJ08wOqloc,00013,-0.4587739198410272,3.968
train,pretrain,kjmsb9pDrF0,00026,0,pretrain,JmZpFy1QUww,00018,7.049384983347615,24.96
train,trainval,ZaSFy6RX3aE,50002,0,pretrain,kLIfeGflNp8,00026,9.55483340097284,3.904
train,pretrain,oeL72c6scAs,00027,0,pretrain,rGgoCm1hofM,00014,-6.6355385832061735,8.384
train,pretrain,Y2y7BzjbSNo,00025,0,pretrain,Fr26scqsIwk,00007,4.746488456975193,6.464
train,pretrain,CVdPhUPO5YU,00019,0,pretrain,pGyOwnqpCKk,00013,-0.15076771268156364,6.336
train,pretrain,F0ofeD8VKMA,00001,0,pretrain,EluxCgnQVzg,00002,-0.8194550713861624,4.16
train,trainval,KU0zEEDRKXo,50001,0,pretrain,A7ktYbVwr90,00035,8.960281785467732,2.176
train,pretrain,BMDSPhk7JSY,00043,0,pretrain,dvuh1Np35Pk,00009,0.5692014244559651,6.848
train,pretrain,HlnhCdujYco,00006,0,trainval,rRxdxIbSQbY,50006,-6.0002823591679055,6.016
train,trainval,GeDSgi0A7A8,50003,0,pretrain,UMSWdzT6rV8,00011,7.301730560048455,5.696
train,pretrain,Qs9m8obl0AY,00013,0,pretrain,aMrCYPCsLUk,00007,4.151689599859726,2.816
train,pretrain,s6rJLXq1Re0,00006,0,pretrain,ZBWsmoy5Re4,00017,8.590344661723652,4.928
train,trainval,cswhOCKQZ7Q,50016,0,pretrain,Fom14XGMFHA,00012,4.50730526149162,3.392
train,pretrain,bxkslfQc0EA,00001,0,pretrain,8COaMKbNrX0,00031,-5.63616562843321,4.032
train,pretrain,JKsHhXwqDqM,00028,0,pretrain,pgmiPXAwiLg,00025,4.312088267333323,10.048
train,trainval,tTcl5I0Wbzk,50006,0,pretrain,KNXOVpN8Wgg,00014,6.954853714461681,5.696
train,pretrain,ycB29FkoylE,00020,0,pretrain,ktD119xbBtY,00007,7.264471549204462,4.16
train,pretrain,0oAJsPFH2wk,00005,0,pretrain,LsESSyMnwmU,00018,-7.86522530224029,5.376
train,pretrain,wX78iKhInsc,00002,0,trainval,5uVtphj4b6c,50001,9.532315009059918,2.624
train,pretrain,luoKOkTxOtU,00014,0,trainval,TPA0qoemShQ,50002,6.544630896152256,3.136
train,pretrain,u9Lu85L111Y,00055,0,trainval,fW6AndSUByo,50005,8.513408910046948,2.176
train,pretrain,dghBrSBC34Y,00027,0,pretrain,1BHOflzxPjI,00012,-4.914577027428891,4.672
train,trainval,2Pp9ONyxBr8,50006,0,pretrain,h4MhbkWJzKk,00023,-9.815146778507955,4.288
train,pretrain,pNttjJUtkA4,00040,0,pretrain,q06YIWCR2Js,00002,6.557331788345742,7.04
train,pretrain,twG4mr6Jov0,00021,0,pretrain,FsSKVSf1EJk,00010,-2.648892909769323,12.8
train,pretrain,d6KSsePuFAo,00017,0,trainval,9RMaD0Sk7hc,50010,8.996708376048023,3.072
train,pretrain,PrIvtWhI1DM,00001,0,pretrain,SSJkV8IzsZA,00002,-0.8508616536998126,5.76
train,pretrain,K5wCfYujRdE,00013,0,pretrain,1X8b7mXImVM,00020,-5.23625687186656,6.016
train,trainval,KOtFDsC8JC0,50001,0,trainval,SPLooRl0PSU,50002,-2.685846509178333,6.016
train,pretrain,GbYc9BOU30o,00013,0,pretrain,NEW8RKyMDV0,00023,5.848612714556669,19.52
train,pretrain,byHcqsGvcj8,00019,0,trainval,cn9Q4c3dXGU,50022,8.606671176705891,4.928
train,pretrain,w8lH8tNlAXc,00011,0,pretrain,wyhF7q3Sbpk,00005,2.5197888589987656,15.616
train,pretrain,buhMdC7MO0U,00035,0,pretrain,F2hc2FLOdhI,00020,3.3443807938900783,3.84
train,pretrain,y2yka9lyvMA,00022,0,pretrain,tVIaoQrnAxY,00022,0.8547645098179721,7.168
train,pretrain,l5Bbg96VODk,00007,0,pretrain,xcR1SWhjZys,00019,2.1143019209490177,5.696
train,pretrain,vrU6YJle6Q4,00014,0,pretrain,SgOTaXhbqPQ,00018,2.654831756827365,6.016
train,pretrain,vzi4AopBEBg,00001,0,pretrain,13rqtiAPISY,00003,-7.449397061880876,4.416
train,pretrain,jTfGAHroSSI,00007,0,pretrain,NRLjrZD6kqQ,00016,-8.815202493314313,7.296
train,pretrain,1SS2wOnkcSk,00016,0,trainval,cXbXNV9SZAg,50004,-6.02172474235493,2.112
train,pretrain,ioMpOr7Yx98,00021,0,pretrain,cotBM0laSSo,00007,5.972670638864441,3.648
train,pretrain,sHdYaMyR5S8,00041,0,pretrain,DjcZrtcBZi4,00003,3.6238180419875725,8.192
train,pretrain,N8Votwxx8a0,00003,0,pretrain,SI3e6Mkfp7M,00013,-3.562803998920687,7.36
train,pretrain,sPQViNNOAkw,00009,0,pretrain,0d6iSvF1UmA,00022,-6.971216933328767,3.84
train,pretrain,HfotnZVEq80,00024,0,pretrain,TUtxSwC5mqA,00002,4.110859585951609,3.008
train,pretrain,1ZQmwVYNgPc,00003,0,pretrain,9RTkZaX1cH0,00026,-4.529450967387079,11.328
train,pretrain,Soe7yjlFEJ8,00015,0,pretrain,vcxwcWuq7KQ,00010,-8.597267587370645,4.864
train,pretrain,jiDQDLnEXdA,00019,0,pretrain,d0LQCXCiW8g,00005,-0.8901703503838547,3.968
train,pretrain,aUBawr1hUwo,00045,0,pretrain,0z03xkwFbw4,00012,-8.140214729020553,11.136
train,pretrain,4KhnSz9FPmU,00026,0,trainval,p9UC0chfXcg,50004,-4.376240564076726,5.44
train,trainval,WIebxoTx408,50006,0,trainval,8zw7AXwnb8M,50001,-7.867088438554745,2.688
train,pretrain,SgYvy71CSSA,00033,0,pretrain,EZSf3Fc0ZRA,00013,6.553747362708538,5.056
train,trainval,AoAbPIbGLUo,50009,0,pretrain,syqScVtnKuU,00014,5.82148712275529,4.16
train,pretrain,kDXJhxLzmBQ,00021,0,pretrain,5pIGDw18mIQ,00027,1.5705230379113395,8.32
train,pretrain,HFFBkbsSFY0,00030,0,pretrain,kjmsb9pDrF0,00003,-8.455905915812545,6.784
train,pretrain,eOU3Tv0vN24,00007,0,pretrain,GggL8lStP9I,00009,-9.033936547058323,15.68
train,pretrain,Xw4K07eVuQE,00010,0,pretrain,qtAZbSZESOU,00006,-9.238613246369967,3.776
train,trainval,L51h8BBu7b8,50006,0,pretrain,NwmGTM5Py8Y,00082,2.2162201077069312,2.048
train,pretrain,20adDr7Felw,00001,0,trainval,y6FT80ZoVJY,50007,-0.17473514338600715,6.016
train,trainval,FLbEKpLS5Z0,50034,0,pretrain,uqc56GMOYWY,00001,7.682346697627711,5.376
train,pretrain,JRWC1UlMjZQ,00002,0,pretrain,7Y2sjSG4Njg,00001,2.924527932411422,10.176
train,pretrain,zIXX3HPgEnI,00004,0,pretrain,IL2lb9fmIV8,00016,-4.1538215626119595,5.824
train,trainval,YO0lbdhF30g,50012,0,pretrain,7pVPmmwSeJQ,00022,0.39059413509876606,5.184
train,trainval,wQJC2MMB8nA,50003,0,trainval,ElJxUVJ8blw,50002,-6.266372639490417,2.816
train,pretrain,uOrZF8FdtLc,00007,0,pretrain,Erm4vP1vTn8,00019,3.9317164526338075,10.368
train,pretrain,L8YJtvHGeUU,00001,0,pretrain,5duz42kHqPs,00017,8.645409834370518,4.736
train,pretrain,gyPoqFcvt9w,00055,0,pretrain,syjEN3peCJw,00010,8.131823610342888,3.712
train,pretrain,A60UTjiEp4c,00019,0,pretrain,oeL72c6scAs,00022,9.35505826368027,10.176
train,pretrain,bq39x2HWjNk,00032,0,pretrain,hvJ4KlVlqV8,00034,8.097006930453052,3.136
train,trainval,BwC4WRKi5QY,50002,0,pretrain,d6wGSsAdP0U,00002,-4.765388409950786,5.696
train,pretrain,13rqtiAPISY,00004,0,pretrain,WIebxoTx408,00007,-4.815727546448039,4.032
train,pretrain,oZ2eT76Sb4I,00021,0,pretrain,YbtrDM1aJF0,00004,1.6401275639831,6.656
train,pretrain,jSOPQgPIdKg,00039,0,pretrain,9ebJlcZMx3c,00038,-9.689454863819664,7.168
train,pretrain,SK095wuESeE,00031,0,pretrain,voXOUWiJuLo,00014,-8.02631276078497,3.072
train,trainval,KQbTvFHymLc,50002,0,pretrain,SypPoKpQi6w,00004,9.060898914183703,2.56
train,pretrain,acikxzM6GaY,00009,0,pretrain,n83zdD2Y8Zc,00001,9.130598109086264,13.184
train,trainval,7Z9xCX4ifJo,50005,0,pretrain,syjEN3peCJw,00015,-5.578580374275046,3.008
train,pretrain,a17Z5Sk2XJY,00018,0,pretrain,IkJSZGQaeak,00032,-7.330998994332165,9.6
train,pretrain,ZChEFOGSn8Q,00030,0,pretrain,GpKrM8GQwOg,00008,7.631426918108854,9.536
train,pretrain,3vJ4SUH38dQ,00013,0,pretrain,aMrCYPCsLUk,00019,4.814876836308233,5.44
train,pretrain,Zx8uYIfUvh4,00016,0,trainval,tiwVMrTLUWg,50004,9.576955425402662,3.2
train,pretrain,lVQ3KUTHDe0,00006,0,pretrain,MOptnpjKJOM,00012,-7.021667653478836,4.224
train,pretrain,zORUUqJd81M,00006,0,trainval,eCknUJJc3qU,50006,-1.9813028119105276,5.504
train,pretrain,qQSPUXPVlos,00041,0,pretrain,o1abyP4zfGg,00027,6.743837341350101,6.976
train,pretrain,PzSw6OsEP9Q,00005,0,trainval,P65XdTlk4vA,50009,-6.350008273640695,3.776
train,pretrain,LS3wMC2BpxU,00009,0,pretrain,q4TJEASZRys,00007,6.669932262205624,4.736
train,pretrain,OF5VVrsnpzo,00036,0,trainval,THJUvXkqmBk,50005,3.546759616395791,2.88
train,pretrain,NtOoDN0ojxo,00019,0,pretrain,ciStnd9Y2ak,00020,-0.19254877956764282,17.216
train,pretrain,rHbjwH2Blfg,00019,0,pretrain,IXBalykzauE,00016,9.794672833709804,11.776
train,pretrain,G8w4UQL6aI0,00002,0,pretrain,voXOUWiJuLo,00027,8.058153842841218,3.968
train,pretrain,gw2Mn3Bh1t8,00020,0,pretrain,iRRw3oD1WS4,00004,4.063386432528253,19.52
train,trainval,NWUFjb8w9Ps,50001,0,pretrain,8Dv2Hdf5TRg,00003,-5.878502148052551,5.696
train,pretrain,zw9NXY3xOOI,00006,0,trainval,UQzvNIIMayo,50020,0.9757090692439299,4.48
train,trainval,Zwwanld4T1w,50009,0,pretrain,WvvuLDX7iIk,00005,-2.6106697218355173,3.264
train,pretrain,73cTNHEQhkQ,00013,0,pretrain,jpeSLKnS4gM,00056,6.459812945665075,2.496
train,pretrain,pNttjJUtkA4,00020,0,pretrain,erg8sDIYjmw,00007,-9.288945967640409,5.44
train,pretrain,Fkd9TWUtFm0,00003,0,pretrain,WmJwn4WDeLE,00008,8.600182886721306,4.288
train,trainval,pi9SMFWTzXw,50012,0,pretrain,0bop3D7SdDM,00018,-6.270959713141839,2.816
train,trainval,xY7kVVS2HVY,50040,0,pretrain,UOn3zOp8JPE,00002,1.498458729527945,2.624
train,pretrain,Y350oOiunf4,00030,0,trainval,K5PEJPSwt0k,50005,1.3209705169196102,2.88
train,pretrain,jk6Y3f2c4SI,00020,0,pretrain,jVBp2nDmg7E,00015,-3.094469155912936,15.936
train,pretrain,YSmJDnSemqY,00006,0,pretrain,0C5UQbWzwg8,00040,-8.697354530369852,5.12
train,trainval,zyet9fPS24k,50010,0,trainval,TUtxSwC5mqA,50006,8.984424966784914,3.84
train,pretrain,tZYkjaKNrSo,00002,0,pretrain,SU1foLW8h54,00012,9.748148345487774,11.648
train,pretrain,0MYq1WJMmts,00006,0,pretrain,4Rtfi4MSafA,00022,7.614239775735673,35.008
train,pretrain,zORUUqJd81M,00014,0,pretrain,yq3TQoMjXTw,00032,2.473925139961203,11.392
train,pretrain,Mu00S1dAMl4,00014,0,pretrain,EszGIvRdgTE,00006,-3.5036291696020516,7.36
train,pretrain,5XD2kNopsUs,00018,0,pretrain,a7B39MLVeIc,00014,-8.71727940862863,9.536
train,pretrain,a7whovUoYu4,00004,0,pretrain,9usocDBGnvA,00003,5.531288059764496,18.304
train,pretrain,gto6w0a13B0,00018,0,pretrain,kKeUISJko3o,00011,-2.910702416398669,11.52
train,pretrain,AhKevstJyrc,00026,0,pretrain,iOByGJskqks,00005,-8.918016718832266,14.4
train,pretrain,8b2vNkEtfpc,00018,0,pretrain,rugSZIFY7mc,00019,-2.6212726950921894,4.48
train,pretrain,aqhzFd4NUPI,00034,0,pretrain,lAzQWtkPzbI,00018,3.446315992347948,6.08
train,pretrain,9SQYDFiWnSs,00018,0,pretrain,AIfBSkVI6NQ,00013,-5.43334470844581,10.944
train,pretrain,PUh5msG0rG8,00008,0,pretrain,8m5Ebx6nuGE,00018,-2.037690495033022,3.648
train,pretrain,mqovAg11qSc,00009,0,pretrain,sHJZRPWXQ9s,00003,-2.5890944728094283,6.336
train,pretrain,GlpGBSBpxOE,00024,0,pretrain,eMXQ6ebbC1c,00014,-6.535765535547775,5.056
train,pretrain,1JxxCB9GiGU,00009,0,pretrain,hupHAPF1fHY,00010,1.2038539745893857,3.584
train,pretrain,LNHBMFCzznE,00040,0,pretrain,c00zfzk4gdg,00036,-6.460434334863208,4.8
train,pretrain,SDSjySgNSTk,00010,0,pretrain,qQSPUXPVlos,00013,-9.145324002457606,17.344
train,pretrain,12OAr0lt4bk,00042,0,pretrain,qFza3W87eDg,00048,6.099747068571386,6.4
train,pretrain,CrsdoIOGCRw,00020,0,pretrain,HJqtUUDhaxA,00001,1.4752685248602386,23.808
train,pretrain,mS8tQSTYLgk,00011,0,pretrain,OhYvDS7qSV8,00011,7.440968329333664,11.264
train,pretrain,kDXJhxLzmBQ,00029,0,trainval,J6oMG7u9HGE,50082,5.3155934363256705,5.888
train,trainval,cj5LZBmiQu4,50026,0,pretrain,rptMkkcM9Sk,00011,1.7880936234028884,2.88
train,pretrain,pyWrZceeKNE,00002,0,pretrain,0SUTgoPUTLQ,00021,-8.056095167002939,6.272
train,trainval,nUdsTizSxSI,50019,0,pretrain,PFVP8L3SlfQ,00010,-0.4177553325694898,5.376
train,pretrain,y9ALB39wRKo,00022,0,pretrain,J6uL4vDAU3s,00017,-9.821340710594077,4.864
train,trainval,855Now8h5Rs,50027,0,pretrain,9SGSSQssNj4,00013,-7.379913177935231,4.736
train,pretrain,TBIL2sdfoVc,00001,0,pretrain,S9ry1M7JlyE,00018,-3.2591110071501657,3.84
train,pretrain,bS7A7S8AZSQ,00004,0,pretrain,7CmqNpCofc8,00008,-6.321874606572813,4.736
train,pretrain,nQcgD5DpVlQ,00011,0,pretrain,7ZoOyNTyjQE,00023,3.1861706244392263,3.008
train,pretrain,59SRn1SkWAA,00057,0,trainval,HB2SlA68YDU,50007,-6.365259040097671,6.208
train,pretrain,VUT6GQveD0E,00030,0,pretrain,lbIh6yngKHo,00020,-2.440588342041961,4.288
train,pretrain,S2SzP6NS9P0,00004,0,pretrain,qmnVdzzAuQk,00009,-0.4304663350207605,5.12
train,pretrain,k4vzhweOefs,00067,0,pretrain,dQijrruP9c4,00012,-5.6278558797472344,5.824
train,pretrain,XS85KAYKOT4,00005,0,pretrain,UVqoIgh7bcw,00011,-5.364421885056383,5.056
train,pretrain,CQ6by9cmt54,00007,0,pretrain,BGRy5VUSLfI,00042,0.2701853024429983,4.288
train,pretrain,nnYhZCUYOxs,00005,0,pretrain,NoXtBxluCvg,00002,-8.12073466083948,29.568
train,pretrain,5nrn5fC001Q,00006,0,pretrain,LVFVaWCV1TE,00018,1.055486466405986,13.184
train,pretrain,OAK1UIbSFio,00008,0,pretrain,J6tgYBMXR6s,00048,-1.7820991863145768,6.272
train,pretrain,yqc9zX04DXs,00018,0,pretrain,YyBk55G7Keo,00017,-2.4742063701634613,5.376
train,pretrain,h4MhbkWJzKk,00002,0,pretrain,TdBAHexVYzc,00025,0.41258814585200554,7.168
train,trainval,4ZgwzSm7sRs,50043,0,pretrain,nU5gOr1cSxU,00019,3.882306634109483,6.016
train,pretrain,hbG89FYKzaY,00021,0,pretrain,DgofaSv4MA4,00006,-3.947586379406567,23.36
train,pretrain,iyfdWsa1zns,00001,0,pretrain,S6pLPVfKFoQ,00032,7.268984484856304,5.76
train,pretrain,y9Trdafp83U,00020,0,pretrain,ZxVJt6vQWV8,00002,5.487787879566197,4.736
train,trainval,UIAm1gSVgn0,50002,0,trainval,bLGTrz1Zolk,50016,6.441340458827174,4.416
train,pretrain,vzKA1y3cdYI,00016,0,pretrain,FjnGdiqk96Y,00002,-1.2524978394867468,6.208
train,pretrain,97rrxS1yBU0,00005,0,pretrain,LXQqrR9mDMo,00015,-3.7135493861533426,3.648
train,pretrain,buRLc2eWGPQ,00037,0,pretrain,IDkSDPgrtjs,00005,-8.673010435764027,4.928
train,pretrain,I9weytKalQQ,00011,0,pretrain,pbSSrJGgVIo,00037,5.1773993538501415,10.56
train,trainval,VC3H1lMEeS4,50012,0,pretrain,ayOmOaXC0Z0,00019,-7.091070982747592,5.888
train,pretrain,Qz6V5OA4ymA,00011,0,pretrain,Zctk6MZaxMk,00001,-2.922642294362654,9.152
train,pretrain,kFMZrEABdw4,00037,0,pretrain,MtSE4rglxbY,00006,4.45054770422492,8.32
train,pretrain,Ym6VkhUn0ec,00007,0,pretrain,sUf1ajkIAhY,00007,1.6132269736310327,4.48
train,pretrain,WAuDCOl9qrk,00004,0,pretrain,ogXTSCI7KRU,00009,5.106480531192663,4.224
train,pretrain,DSSAz5nZBBM,00033,0,pretrain,DwYQHj7Hmik,00005,-2.6969110203768176,7.616
train,pretrain,pkGAMb5sYvg,00008,0,pretrain,mkdSXHXhCcw,00054,-9.391266007650927,5.952
train,pretrain,1X7fZoDs9KU,00019,0,trainval,D9S6G8J6VJg,50005,-0.8010065350085842,5.376
train,trainval,3PQrElyu9HY,50002,0,pretrain,akOe5SUsQ2o,00012,8.036727167454664,6.208
train,trainval,orumugzJpt0,50001,0,pretrain,SgsbNR2pIts,00017,-7.134576870117861,4.736
train,trainval,Mgbf3cq7lms,50021,0,pretrain,4T9N3ZcRBSI,00008,6.378372169362613,2.496
train,pretrain,dLmK4gZ0oz8,00008,0,pretrain,1CN7PF10RKo,00030,-9.362454922597408,4.288
train,pretrain,h4GEMYsrJSY,00021,0,pretrain,rgPrf3YyByI,00014,-9.364726269068706,9.024
train,pretrain,1InHN8JPazA,00027,0,pretrain,KOIsqRgJ3XM,00015,8.791528875164701,6.08
train,pretrain,7LE4MoJS2po,00018,0,pretrain,IJmr7MsS8fw,00048,-6.394509992860813,11.2
train,pretrain,E66oIgegbv0,00002,0,pretrain,B4xOFsygwr4,00041,1.2066843924638793,10.048
train,pretrain,31iuh9pfFwg,00019,0,pretrain,ySrroSgNk4o,00013,2.460293390915542,4.416
train,pretrain,0UmUgaJwEr0,00028,0,pretrain,wDkH7Qpu6V4,00011,0.7063654383065625,5.632
train,pretrain,LUNBiST4KSs,00002,0,pretrain,I1cGiNnJZgU,00037,-2.568861794602036,11.328
train,pretrain,nzj7Wg4DAbs,00029,0,pretrain,HtSRNn0kSSw,00007,-6.187277106866715,4.288
train,pretrain,jnS66SszwEs,00015,0,pretrain,NdKEy6vcCMw,00067,-2.0326386671394037,8.192
train,pretrain,aTgPJQ9Dy7Q,00014,0,pretrain,SeBUcBfkVCo,00014,4.508079249906963,6.592
train,pretrain,itnoDEL5QjQ,00011,0,pretrain,dY9f9bFctUE,00038,-5.163037740347713,11.52
train,pretrain,bB5zR2xYhm4,00033,0,trainval,5qdZybHSLnI,50008,6.941487155944046,5.76
train,trainval,VN357QrUdEc,50004,0,pretrain,AJg9SXIcPiM,00012,-8.987817534467425,2.048
train,pretrain,paiRIkWVy0o,00001,0,pretrain,hCop3IGZH2o,00004,-5.370610439570713,6.272
train,pretrain,xzT6iH2CX4k,00040,0,pretrain,aIcwIH1vZ9w,00016,5.447554469409246,4.672
train,pretrain,sPQViNNOAkw,00041,0,pretrain,2URf46UY7SA,00007,9.11926175700286,12.48
train,pretrain,uU6o2SUFSEY,00012,0,pretrain,haA6QtH0PIc,00022,2.6655604444968457,3.328
train,pretrain,KExLCJAuTXA,00016,0,pretrain,UGtFXtnWME4,00039,9.491788699169415,5.248
train,pretrain,0af00UcTOSc,00002,0,pretrain,J6uL4vDAU3s,00012,-3.9021208929517437,6.72
train,pretrain,7sqeoYOQ4qg,00041,0,pretrain,ufp5iGh0agA,00025,-0.5073038691958036,7.424
train,pretrain,aOW7JZaqKGA,00037,0,trainval,J6oMG7u9HGE,50012,-8.127310923137276,4.096
train,trainval,aILSY9g7Tg0,50007,0,pretrain,dsmgvrcH94U,00023,2.979187423427426,5.952
train,pretrain,g2m97gPI70I,00017,0,pretrain,FuahzV12mi0,00003,-3.567688989975199,6.144
train,pretrain,ZbYDSIe5jsI,00012,0,pretrain,JcCQS4YiTb8,00004,2.3029740114525605,5.504
train,pretrain,tTvIEUGCigk,00013,0,pretrain,84QouBqCIWg,00006,-2.93051159289214,8.256
train,trainval,Erm4vP1vTn8,50008,0,pretrain,JS8fYhwrYzI,00004,4.376570582656903,2.88
train,pretrain,pbotabqHUys,00014,0,pretrain,m2SLpM5uL5g,00006,8.487368487390768,12.288
train,pretrain,SC3DVeWT09w,00013,0,pretrain,WLj0uepcPFs,00011,-0.3399340858973652,3.776
train,pretrain,qFza3W87eDg,00005,0,pretrain,Ftnb2fpJ664,00015,-1.0499428453392454,4.48
train,pretrain,ZJPdJuhI03U,00013,0,trainval,QoTSdOkjEVs,50004,-8.327844569382897,3.2
train,pretrain,FEAM4xdCDLE,00007,0,pretrain,2t13Rq4oc7A,00010,-8.117756514520234,5.12
train,pretrain,ZChEFOGSn8Q,00041,0,pretrain,gyM6rx69iqg,00003,-5.382116473075758,3.264
train,pretrain,LWQfeSSfNbs,00037,0,pretrain,MExS7F0lGzI,00019,-2.8794723884459694,11.456
train,pretrain,LMrzdkSYnYY,00003,0,pretrain,SMTRxRO5SRA,00006,-9.851339214655596,4.544
train,pretrain,n9OhxKlrWwc,00003,0,pretrain,risdUQ3dvrk,00002,2.6656479860009537,3.328
train,pretrain,oTHSfmQo3Ok,00019,0,trainval,YWBwsS3lkXU,50007,-9.793509633063488,3.904
train,trainval,gCWeVYCcKXw,50007,0,pretrain,DG7kSeazMQ4,00065,6.023239906149602,5.44
train,pretrain,IfG7WVSbN6Y,00021,0,trainval,ozmowWZ1YYU,50001,3.770781823674046,5.568
train,pretrain,VCRcGKpjWtU,00015,0,pretrain,lQDxasFKQCA,00010,-7.397738400386729,6.016
train,pretrain,IvtZBUSplr4,00008,0,trainval,KyamsZXXF2w,50005,4.244028149347198,3.968
train,pretrain,6fJRmouSDL4,00015,0,pretrain,bC0hlK7WGcM,00017,-7.010914467058058,10.368
train,pretrain,7H0USvVSfhU,00029,0,pretrain,SGG97dDfZ7E,00016,-7.648199982505439,3.712
train,pretrain,okQXrB7ySAw,00010,0,pretrain,aeiSXpmMQys,00020,-2.0584157767465054,3.264
train,pretrain,8gSAkUOElsg,00050,0,pretrain,Qj4xf3U8dh8,00011,-6.113772406127516,4.224
train,trainval,G0jxiJzIiz4,50001,0,pretrain,WQ82Uukl6rg,00001,-5.651413223321793,6.08
train,pretrain,a2MR5XbJtXU,00018,0,pretrain,G0ZjSInJ4BQ,00005,5.270075482040442,6.72
train,pretrain,SEiSloE1rSA,00013,0,pretrain,MrEuta9GPGM,00011,-7.903539474607822,6.528
train,pretrain,G1Ke6JIZyX4,00010,0,trainval,855Now8h5Rs,50011,-7.7505936188503295,6.016
train,pretrain,jh7TYJHec2s,00014,0,pretrain,qGSYmIPFO68,00057,9.59283094204017,6.4
train,trainval,sEOSCziWuP8,50011,0,pretrain,3rbVQNTzCh8,00027,-5.787343145557564,6.08
train,trainval,eqDgt12m26c,50036,0,trainval,6qTfX4U6CS0,50009,2.5782200490630984,2.368
train,trainval,0qYTf9evWeY,50002,0,trainval,3Z6x5t5A9so,50006,-7.285142941780212,2.176
train,pretrain,SZSc5UCSZS0,00004,0,pretrain,FM5SDGprLpc,00004,-3.3670901642833666,6.72
train,pretrain,pWX1oQEGl90,00028,0,trainval,ATISgVUKetI,50025,-9.927807631608783,2.88
train,pretrain,YVfR2sBWJ2E,00004,0,pretrain,Ogce5D2XMZ0,00013,3.804072950721878,3.136
train,pretrain,UbVZ7rmDYrc,00008,0,pretrain,2tBuvxXxlS4,00030,1.6466647859938295,6.336
train,pretrain,aR6jLD1USW0,00013,0,pretrain,7Mn4PnGRuPk,00005,5.6634646230724766,6.72
train,pretrain,cAsEeYSQE1U,00007,0,pretrain,gYKyaDOyUO4,00001,-0.9253128186677557,3.712
train,pretrain,2j00U6lUCSc,00012,0,pretrain,3SdJP2JCSDY,00005,6.595870436928124,11.2
train,trainval,qG6SnAIinj0,50028,0,pretrain,ywgdCrcx6oM,00016,-2.909019807927944,3.968
train,pretrain,qFOooWq2inA,00005,0,pretrain,d5zjjJYqixo,00015,-0.22757802757989332,4.928
train,pretrain,pF72px2R3Hg,00029,0,pretrain,cyBeRNOxNBk,00010,-5.776245741391744,16.448
train,pretrain,bf7BXwVeyWw,00057,0,pretrain,HH3m1OSiOT0,00025,-2.020833553335091,5.568
train,pretrain,7JVTirBEfho,00013,0,trainval,SvZXgApsPCQ,50018,9.74476091206682,4.096
train,trainval,HpiZTvlWx2g,50001,0,pretrain,lQflBowgVB4,00033,-5.896260194922654,2.496
train,pretrain,BQOz6OVz1zc,00022,0,pretrain,J9SXc9wxByM,00026,5.858388123517361,3.712
train,pretrain,wN3ovSzal3g,00009,0,pretrain,8zj8HJntlP4,00010,6.638920244281717,5.312
train,trainval,GeDSgi0A7A8,50012,0,pretrain,gEukNF40JTc,00001,7.276072223655522,2.368
train,pretrain,SrqmuYvk3iQ,00024,0,pretrain,5J6jAC6XxAI,00002,6.133656017625221,6.4
train,pretrain,JtSjYnXD83Q,00002,0,pretrain,uNQujCwCu88,00017,3.066058999299777,13.248
train,pretrain,rKtmsVa4Kvk,00011,0,pretrain,y3ZrjRlIcgI,00003,0.49218197495027916,6.016
train,pretrain,ROW9FSc0kIQ,00002,0,trainval,aOW7JZaqKGA,50004,-8.822175488798171,3.392
train,pretrain,73rUjrow5pI,00022,0,trainval,LMrzdkSYnYY,50005,4.081042667119343,6.016
train,pretrain,3f5lk3PZh74,00002,0,pretrain,LFJ9WAHowcg,00032,7.087496950895186,11.264
train,pretrain,N3SCXzYOWBg,00011,0,trainval,ZSRaJIMYSMs,50021,9.005109485291683,3.072
train,trainval,4GKTEDqbQIw,50038,0,pretrain,4SIWhJvu0jU,00007,-6.777564044165283,2.24
train,pretrain,HJqtUUDhaxA,00047,0,pretrain,XO1MeSMYSQ0,00016,8.396557560413534,5.696
train,pretrain,vMiSf7LpFQE,00001,0,trainval,MZbhgk4S7dA,50003,7.291059638863064,3.328
train,trainval,d4Dj0qdWLnk,50001,0,pretrain,qu7ZpWecIS8,00026,-9.149746647965983,3.904
train,pretrain,1cJiAS6NSUI,00001,0,trainval,znO7UHpxgTI,50007,2.2771754288974595,4.608
train,pretrain,CSSBGTJgBGo,00003,0,pretrain,MqnbE5WRPEU,00010,1.5844480248572381,12.608
train,pretrain,SvSSb7cJn2A,00007,0,pretrain,mj0Ymr2DzUY,00001,5.167927343741827,5.248
train,pretrain,48oiapTn3K0,00013,0,trainval,X6Zo53M0lcY,50008,-2.621074881648287,4.288
train,pretrain,EZSf3Fc0ZRA,00011,0,trainval,mwzBJF5Q7Vw,50009,-6.816376217279112,3.456
train,pretrain,N4wFyRGilp4,00002,0,pretrain,qFza3W87eDg,00010,-6.213751239883827,7.744
train,pretrain,voLcX6SpF9g,00011,0,pretrain,Itmu78W9cOI,00012,-8.761419720401669,3.328
train,pretrain,wPFA8n7goio,00008,0,pretrain,19KkFCQz8WQ,00012,0.9436406971447191,3.328
train,pretrain,WDbxqM4Oy1Y,00025,0,pretrain,u0VHC1SDOS8,00012,9.615543531634756,7.04
train,pretrain,CZNrOzgNWf4,00025,0,pretrain,Bc2wVyl8RLI,00041,-2.5246635974744747,5.568
train,pretrain,v2jSfxnRPSE,00043,0,pretrain,6Af5tJzSR2w,00013,2.9546644815173444,6.08
train,trainval,NtOoDN0ojxo,50007,0,pretrain,uCC3dS7FrkQ,00034,-1.940695019012404,2.432
train,trainval,7shXEFuxHAA,50001,0,trainval,hvJ4KlVlqV8,50001,-9.035576964625813,2.496
train,pretrain,i5p3NC9OwB0,00010,0,trainval,C14bXC7zi84,50007,0.0909776064414487,3.392
train,pretrain,y8qc8Aa3weE,00014,0,pretrain,2R3Njv0LjjM,00018,-7.68122228629413,3.776
train,pretrain,iKHTawgyKWQ,00033,0,pretrain,RxyQNEVOElU,00010,7.398812303919332,3.52
train,pretrain,hj7wkh6nONE,00005,0,trainval,9MegHiL93B0,50001,5.808600038432559,6.208
train,pretrain,ElJxUVJ8blw,00034,0,trainval,dY9f9bFctUE,50005,6.022373793539241,4.096
train,pretrain,PyXZvuxDkC4,00021,0,pretrain,wz0mlDELSo0,00003,-5.363790753630249,9.92
train,pretrain,GzB0BDstCI0,00018,0,trainval,9YGZkgkj3fM,50003,9.153323816278409,4.608
train,pretrain,ZJodZcGfTVE,00017,0,pretrain,ufp5iGh0agA,00028,-4.588108050270625,6.08
train,pretrain,uPZw3ebk8oI,00020,0,pretrain,HonUUtuCSwM,00033,-3.2178575159813665,2.688
train,pretrain,HNMQSw7hXTA,00013,0,pretrain,YeXcNpVkezI,00004,9.406135916608509,14.208
train,pretrain,iRSjlgWE9GQ,00039,0,pretrain,fSSNmDcLMKA,00011,-9.553649042515168,4.608
train,pretrain,fJ36gCwKVec,00007,0,pretrain,3GFG6Cvy9HQ,00008,-7.668475338241261,37.952
train,pretrain,mDSuP2BsVy4,00021,0,pretrain,N9HF8mMe2pU,00045,9.94692909242384,6.4
train,pretrain,70uaS1e9YN0,00029,0,pretrain,W4zepOS7dgk,00020,6.541058086009819,4.16
train,pretrain,KQEWc3LVfyc,00049,0,pretrain,D9S6G8J6VJg,00017,5.0355563964026455,8.32
train,pretrain,QHIocNOHd7A,00023,0,pretrain,70VZ1SOzSnc,00005,3.2961802528326665,8.576
train,pretrain,r55a0FapF2M,00003,0,trainval,c8WMMSPUOj0,50007,4.355589382248606,5.12
train,pretrain,IfqdMoKVIR0,00008,0,pretrain,fHhIkynELNQ,00013,7.04755530034171,6.272
train,pretrain,gzcwS02ZB1o,00016,0,pretrain,iEySxTbcr2A,00013,-1.7992600293923395,14.144
train,pretrain,Mjoxh4c2Dj0,00029,0,pretrain,K0PJbPlZoNI,00015,3.343700973027399,6.08
train,pretrain,2g9GedPylM8,00014,0,trainval,jT5rRh9AZf4,50001,4.015016771881401,4.416
train,pretrain,ok54sSWquT4,00013,0,pretrain,aR5N2Jl8k14,00010,-7.372282139522472,4.736
train,pretrain,zQfB85apRy8,00008,0,pretrain,mp0SQQQgv7s,00009,7.801342526432734,5.12
train,pretrain,3E46oWB4V0s,00028,0,pretrain,tTcl5I0Wbzk,00009,-9.052900791767371,16.64
train,pretrain,q1sk47FLAmg,00010,0,pretrain,chXKZC4D42k,00007,-9.07685164431574,2.944
train,pretrain,k5tCYg9s0HU,00019,0,pretrain,yRUCU5FsvTY,00034,3.8310516953661526,9.216
train,pretrain,LJhklPJz9U8,00008,0,pretrain,FXYFLK0KZio,00005,8.858074945073856,4.352
train,pretrain,xpnFeyMGUs8,00008,0,trainval,h0dSQDgl3gI,50013,-2.8185257719957812,3.52
train,pretrain,wX78iKhInsc,00009,0,pretrain,DG7kSeazMQ4,00058,-6.075177160116205,11.712
train,pretrain,vQILP19qABk,00001,0,trainval,I4PU2JlhO80,50001,2.662619204252225,4.48
train,pretrain,1BHOflzxPjI,00029,0,pretrain,YdSSA7POsN0,00017,-3.4960620822401856,3.776
train,trainval,iTdZn78u6pI,50006,0,pretrain,d0yGdNEWdn0,00017,2.9847558667145364,6.208
train,pretrain,BMdMSmtTgD0,00022,0,trainval,SeJwaOCYWwM,50010,-9.241108465091283,6.208
train,pretrain,vQILP19qABk,00010,0,pretrain,iNPsDky1z94,00012,-1.7848049267239023,4.864
train,trainval,iueVZJVEmEs,50010,0,pretrain,uebxlIrosiM,00009,-4.32026310282885,5.44
train,pretrain,f6CILJA110Y,00032,0,pretrain,N39xSWTPix0,00004,-5.536285114373958,19.072
train,pretrain,H3YbZsStuSI,00013,0,pretrain,qdiF1fSGfyM,00006,-1.888301844214551,11.008
train,pretrain,drv3BP0Fdi8,00028,0,pretrain,DGulIdIS3XE,00002,2.798545584870462,8.064
train,pretrain,KzeQSZ3bQ2g,00022,0,pretrain,Ligs82S0qN8,00004,1.0791387106556272,20.672
train,pretrain,T4SvurUIYI8,00014,0,pretrain,SS3qnZrVy9o,00008,4.8127882798809765,7.616
train,pretrain,9H38oQBw2HU,00008,0,pretrain,38OUCtzkT4Q,00025,-9.605028772927032,5.568
train,pretrain,sBaiRpIpPKQ,00035,0,trainval,mMDuakmEEV4,50029,-0.1030332058044987,2.56
train,pretrain,lECfUfqNVoo,00003,0,pretrain,AJYRJ92g4GI,00011,9.18234181859324,6.656
train,pretrain,qu7ZpWecIS8,00019,0,pretrain,w1TBZhdSsN0,00011,-0.10226738602062468,4.864
train,trainval,8Ug1MnU6LKw,50021,0,pretrain,OISOhvOumT0,00042,7.397112765431832,2.496
train,pretrain,8XQ1onjXJK0,00035,0,pretrain,vwhSTukb07U,00010,2.256959718192082,7.616
train,pretrain,N7wF2AdVy2Q,00005,0,pretrain,AK9OBSx77S8,00007,-5.489309750986784,15.808
train,pretrain,sNbGUSI9HWw,00018,0,pretrain,pbotabqHUys,00017,3.0529010709392868,7.36
train,pretrain,jfqwHT3u1S8,00032,0,pretrain,o3oDpCb7VqI,00034,1.8951277726273617,16.64
train,pretrain,zGEDHMF4rLI,00003,0,trainval,xAXUqSQc8DI,50004,6.727954507791768,5.12
train,pretrain,79zra755WgA,00005,0,pretrain,K6YCcsDQX4w,00001,1.9894316103439724,24.512
train,pretrain,CGksAjzI0go,00004,0,pretrain,5AcjM5BKfRQ,00005,1.7956101804517726,8.32
train,pretrain,vdDFLzyk94k,00020,0,pretrain,p9UC0chfXcg,00013,0.977546658038289,6.784
train,pretrain,exjlR7izakg,00030,0,pretrain,SmsYxDvdcYc,00007,-0.34679839797514767,5.632
train,trainval,sAMahX5hIgU,50014,0,trainval,ZCS0MZuVBwE,50003,5.078681304930942,4.288
train,pretrain,nC06omDS0kA,00015,0,pretrain,9ebJlcZMx3c,00019,-6.365074013226931,3.84
train,pretrain,tpODOkfrwyQ,00020,0,pretrain,DnbC2Tii0S8,00020,-1.7323960062329,10.944
train,pretrain,1QQ3gWmd20s,00022,0,pretrain,FEeTLopLkEo,00029,0.1017666528983252,6.528
train,pretrain,iq5lXSj6Prg,00004,0,pretrain,vZWokpaQ3NE,00014,-4.830638494379755,3.264
train,pretrain,Sf994ANuGIY,00033,0,trainval,79tRTivyMSM,50008,0.9213091878038,2.688
train,pretrain,qErZ2AQDMB4,00014,0,pretrain,J45cWdDEbm0,00014,-3.331862169081039,5.76
train,pretrain,l141Mauo74A,00009,0,pretrain,SGnmDWtyhAs,00019,-1.4224171784428457,7.616
train,pretrain,5AN5fPFtV0U,00016,0,pretrain,8pHzROP1DSw,00021,5.846079033155478,4.928
train,pretrain,KQbTvFHymLc,00001,0,pretrain,yqc9zX04DXs,00024,-6.376058835180682,4.736
train,pretrain,E5BOBs3Nmbw,00001,0,pretrain,lfykytI3A6k,00013,-7.602859661454726,4.416
train,pretrain,SzFHlwInGwI,00005,0,pretrain,5HL1BEC024g,00020,2.4958354114954577,16.192
train,pretrain,mzy84VbSGxk,00013,0,pretrain,1pq5jnM1CSA,00006,7.568947019979113,8.0
train,pretrain,SSJkV8IzsZA,00011,0,trainval,FSS4Kv6MlG0,50004,-1.1653376581904844,4.8
train,pretrain,6weGCM3sWKc,00010,0,pretrain,Vj3gCWmJSiE,00011,-6.727624059480286,12.608
train,trainval,cxGWGohIXiw,50004,0,trainval,BoRUrWcdkQ4,50039,-5.441151509210334,4.096
train,trainval,HQIi3nUXh0g,50008,0,pretrain,gBkIyJ7kfSI,00053,-9.853434372334341,4.8
train,pretrain,2pqSshPP4cw,00004,0,pretrain,xbWcLYOniWU,00002,-8.78143373940346,7.232
train,pretrain,LWQfeSSfNbs,00005,0,pretrain,bxkslfQc0EA,00004,-6.246412128462071,6.464
train,trainval,cWcVPpxezE0,50028,0,pretrain,0NV1KdWRHck,00056,9.560103461961258,3.456
train,pretrain,BGcJXAXSSd0,00003,0,pretrain,kTz52RWSbD0,00010,-9.38167548756926,3.328
train,trainval,lfBpsV1Hwqs,50018,0,pretrain,ye8sVvVJdg4,00005,-6.12747335599231,2.624
train,pretrain,ZpT0cw9bmiw,00008,0,pretrain,vIgWMzdgweI,00002,8.769228393174263,6.272
train,pretrain,8B271L3NtAw,00007,0,pretrain,DWoAShyDSsY,00014,-1.5814392088834772,4.992
train,pretrain,y2X7c9TUQJ8,00034,0,pretrain,r2YiRiLAUSY,00005,8.484884654424793,10.688
train,pretrain,PXBjQ7bc6PY,00004,0,pretrain,ttRhMPgpoOQ,00011,7.247832813081693,5.696
train,pretrain,sYUjyH8Y0No,00009,0,trainval,JvIbrDR1GSc,50009,-4.154111556872538,4.736
train,pretrain,EvEj5zAJriw,00025,0,pretrain,PyS1o4sX1hk,00025,-1.5533556315186772,4.16
train,pretrain,8rzlrItooG4,00027,0,pretrain,EZSf3Fc0ZRA,00035,-8.544202495196636,4.608
train,pretrain,PXMJobWlXks,00022,0,pretrain,PgCmT0qkfQM,00045,9.028901881571752,5.696
train,pretrain,Jv2GGScsUc8,00011,0,pretrain,ELET24AHnEg,00012,-4.9719529339963415,5.056
train,pretrain,hRSw8DBbFr8,00009,0,pretrain,AR6RiSHN7S0,00036,2.712203894532335,10.368
train,pretrain,Ysxz5Ug70G0,00014,0,trainval,s32OdFz9ttk,50012,-0.23883864257701148,6.08
train,trainval,WNDWYW4yWEM,50007,0,pretrain,CS9f7Qq4YZc,00011,5.726290119054118,2.816
train,pretrain,acNGOQO7URc,00004,0,pretrain,gDMOcSWCTW0,00010,-0.1907784941275974,5.248
train,pretrain,D5iFVKhLStU,00021,0,trainval,jFG7jqJXbno,50005,7.434515558376454,4.736
train,pretrain,ouXGIw7gBmk,00041,0,pretrain,ws4GZvNeQhQ,00023,2.2389633604006995,8.128
train,pretrain,stAstsOxLPc,00011,0,pretrain,cJgStPB0Nu0,00009,-0.78275689467816,8.704
train,pretrain,arj7oStGLkU,00022,0,pretrain,lUaSg8ZNswU,00010,-3.3763557354984686,5.44
train,pretrain,4AUSqB0RVNY,00047,0,pretrain,HEFSHP2XE7E,00016,2.89030545381147,6.08
train,trainval,SjsGSNgmleA,50012,0,pretrain,7fx0QcHyrFk,00003,9.626108737888693,2.688
train,trainval,1gTNgijhKzw,50003,0,pretrain,W0StyxgMk1o,00028,3.2818235629867765,5.888
train,trainval,tpH2fhwCzSM,50002,0,pretrain,MDqyOLCFJ3c,00015,5.8959169055031175,4.544
train,pretrain,LPwWYFOFTGU,00007,0,pretrain,QJORi5VO1F8,00013,-8.98719415957858,7.616
train,pretrain,ZaSFy6RX3aE,00016,0,pretrain,YjHSx0xmXtU,00002,-5.520810023442493,11.456
train,pretrain,7hWUhEA6hxk,00002,0,pretrain,MywGrRvNkWQ,00019,-9.649946497444695,2.176
train,pretrain,UzuUljhS9uI,00004,0,pretrain,0SUTgoPUTLQ,00028,-2.135623204600197,5.376
train,pretrain,86xSuStz0MA,00024,0,trainval,ts5MKtXNpMQ,50002,4.597505852497578,3.456
train,pretrain,8wSOZFBcwZc,00023,0,pretrain,IXBalykzauE,00004,5.042953378619021,6.464
train,trainval,AoAbPIbGLUo,50013,0,pretrain,9VOHt1oULJ0,00024,3.253861264690043,5.12
train,trainval,MOFdlEbu15g,50008,0,trainval,dOOtM7ZpAS8,50002,4.973560778270496,3.264
train,pretrain,i7Ssa6UEpUQ,00003,0,pretrain,lv2SjZ6tIGg,00005,-7.336757801122358,7.808
train,pretrain,pn8p3rOaA5I,00012,0,pretrain,eosckjQ4mJ0,00014,-3.3473316548657106,7.296
train,pretrain,T9nFC6dkRxU,00001,0,pretrain,iEySxTbcr2A,00038,2.7974712547159637,8.512
train,pretrain,GpKrM8GQwOg,00021,0,pretrain,xbagFzcyNiM,00009,-2.188897552210392,4.864
train,pretrain,mY2LIQbiGbo,00018,0,pretrain,wcMnmCH6Gjg,00014,4.900583890262251,9.92
train,pretrain,HQIi3nUXh0g,00020,0,pretrain,KPzccnstSXg,00030,0.8875252055828238,16.448
train,pretrain,r3L9n20myqk,00021,0,pretrain,nU5gOr1cSxU,00010,4.028599553007556,6.144
train,pretrain,mQOOgDqUta0,00004,0,pretrain,zjvsA0v7r0g,00017,4.53153991101599,3.968
train,pretrain,fVhggGSjXVg,00008,0,trainval,bVV2Zk88beY,50005,-3.394677677671451,4.224
train,pretrain,STsOdmkH5fI,00037,0,trainval,yq3TQoMjXTw,50018,1.973377830340242,2.24
train,pretrain,SqgSz1UmcBM,00013,0,trainval,gh5VhaicC6g,50052,-4.848775097195334,5.44
train,trainval,p4tffKWs3BM,50007,0,pretrain,4mJ1aHFPS1M,00010,-3.5442698125840018,3.264
train,pretrain,5vXRgT6egSU,00030,0,pretrain,ZBWsmoy5Re4,00028,-6.627297729535469,9.024
train,trainval,B4xOFsygwr4,50012,0,pretrain,dJEwC4wCM70,00003,-3.4991915135237095,2.88
train,pretrain,J6oMG7u9HGE,00005,0,pretrain,PS2h8hSFphs,00024,-4.138297601507526,13.376
train,pretrain,YhG1Bgbsj2w,00014,0,trainval,s2F41IQSPGE,50041,3.6799124516997335,5.824
train,pretrain,bczm0RsIZUM,00006,0,pretrain,2S0aEezKvBE,00009,-9.597490947856024,10.688
train,pretrain,wDxjss7kHRw,00012,0,trainval,DERu2aAqqWM,50009,0.37462181324125865,6.016
train,pretrain,Fc1yN6uxZfQ,00046,0,pretrain,THJUvXkqmBk,00020,-3.3834564196356043,6.848
train,pretrain,uQGYr9bnktw,00019,0,trainval,P9B8PmUR64U,50006,-6.737725103399892,4.288
train,pretrain,rTJpJlVkRTA,00044,0,pretrain,pSCefSAYqaA,00014,-7.029598128183041,4.736
train,pretrain,6JxRxBqQLKA,00022,0,pretrain,bC0hlK7WGcM,00006,7.639020593753955,4.416
train,pretrain,dOOtM7ZpAS8,00025,0,trainval,wn8S33NBB04,50012,6.644558378431029,4.48
train,pretrain,OtNpDaQqNSQ,00013,0,pretrain,AgMOJC5R4F8,00017,0.6316948256359858,3.968
train,pretrain,XkiXXPShycA,00029,0,pretrain,Mlt6kaNjoeI,00002,9.155179740629144,7.488
train,pretrain,2S0aEezKvBE,00005,0,pretrain,ww4kNxYE0c4,00040,6.0944559628393264,4.096
train,pretrain,9h2dFSIsH0I,00027,0,pretrain,jqWHy6B0ADA,00027,5.758553827331998,5.504
train,pretrain,T7ibjISKSdY,00030,0,pretrain,btF6nKHo2i0,00037,1.6013957364995672,8.576
train,pretrain,wAdwurHhvSI,00010,0,pretrain,rKtmsVa4Kvk,00056,-6.572722414846586,6.144
train,pretrain,E7oq6J8HvKw,00008,0,pretrain,u1K6hnm09xs,00014,-0.6353461659229982,11.2
train,trainval,V3CLRL32Mcw,50002,0,pretrain,sjPRN2XGSts,00008,-7.2769601408874784,2.88
train,pretrain,XII0TdSvloM,00009,0,pretrain,ROXUPr8Wqds,00008,3.416721291125759,5.696
train,pretrain,v3SZTqj2Skw,00019,0,pretrain,AS3Pyc4Qr2Q,00056,8.459979183050919,12.672
train,pretrain,1OQkdRdfyjI,00017,0,pretrain,V1K3GvSKyJQ,00013,-6.354279131630518,4.48
train,pretrain,4AUSqB0RVNY,00033,0,pretrain,wz0mlDELSo0,00009,-8.565313112367633,15.488
train,pretrain,FsGu5YTM1NI,00019,0,pretrain,h9SKyrHRhDo,00012,9.626553347990232,5.568
train,pretrain,EXo3qA9V3eI,00010,0,pretrain,pPgd7Hj3ABQ,00041,2.9694889889959413,5.888
train,pretrain,GB4s5b9NL3I,00028,0,pretrain,oEIYHTlbeLA,00011,0.8303174771466431,6.976
train,pretrain,JLLpWtHbMAo,00018,0,pretrain,1yzoCFqKEhI,00014,9.737210360492014,4.352
train,pretrain,0iTehgSOZ8A,00008,0,pretrain,RdPHxiTAN2M,00002,-6.727188408683819,6.208
train,pretrain,YXWKuKSQsu4,00011,0,pretrain,GOCUH7TxHRI,00017,3.4520250841990308,9.024
train,pretrain,49aWAHqi200,00011,0,pretrain,TYFH0DSjyqc,00015,9.437179333442682,10.816
train,pretrain,CGksAjzI0go,00049,0,pretrain,nq0SzGzSc8g,00007,-5.539926466386092,4.16
train,pretrain,LpNkuaVnlPY,00005,0,pretrain,9vKRj9yV8pI,00004,1.1589898174893172,5.248
train,pretrain,2NcetHNXaxU,00002,0,pretrain,6ydYeyNSQVY,00008,1.4222178189203412,5.568
train,pretrain,4EUAMe2ixCI,00055,0,pretrain,KTvSfeCRxe8,00044,-2.310898816396807,7.744
train,pretrain,6XS8TA4RBog,00018,0,pretrain,fDzj9vRw5yM,00006,-4.933742994126065,7.36
train,pretrain,JBLc4Ekl3BA,00003,0,pretrain,4RSgUhgg70Q,00002,0.5537324474616732,3.84
train,pretrain,S2uSeHHzRto,00013,0,pretrain,N9HF8mMe2pU,00041,2.146343824421555,5.568
train,pretrain,6XS8TA4RBog,00003,0,pretrain,6YKYo00mFAg,00011,7.264650153595575,11.584
train,pretrain,IvtZBUSplr4,00016,0,pretrain,FVSc2FnPnDE,00022,3.4301473923221266,8.0
train,pretrain,apbSsILLh28,00026,0,pretrain,xpnFeyMGUs8,00004,-5.192013257433956,4.8
train,pretrain,Jp9b2Hf7QWg,00001,0,pretrain,6ibCtsHgz3Y,00004,-2.205565941442389,6.272
train,pretrain,akOe5SUsQ2o,00037,0,trainval,7SjWguOXVwE,50003,7.417051463402558,6.016
train,trainval,yioZhHe1i5M,50013,0,pretrain,H6n3iNh4XLI,00007,-9.631610046985806,6.08
train,pretrain,oJfFMoAgbv8,00013,0,pretrain,J3Zsj4LfsSo,00009,-2.5676158888110168,6.848
train,trainval,y7A4dZIyI0g,50001,0,pretrain,XiEQmcZi8cM,00044,-5.1238821334434,6.016
train,pretrain,Re53vgaVFvI,00002,0,pretrain,7CmqNpCofc8,00001,7.915510696181965,18.496
train,trainval,k0T6rfpYoqA,50003,0,pretrain,XDBWEKBq0Sw,00021,-9.909290145913861,2.88
train,pretrain,PwBgcjDVxxE,00011,0,trainval,IjHlyKTSUug,50006,-2.7494522897184526,3.968
train,pretrain,7Mn4PnGRuPk,00015,0,pretrain,MnT1xgZgkpk,00027,8.547302092236098,5.76
train,pretrain,BEcyzAcFFwU,00017,0,pretrain,oJfFMoAgbv8,00010,3.361741860748719,6.272
train,pretrain,ukgnU2aXM2c,00001,0,pretrain,AkUcaludrcI,00001,-7.769535012451232,3.776
train,trainval,E7sqRrUoL3U,50004,0,pretrain,l5ZJ6bK1EIc,00021,8.770454045350547,5.824
train,pretrain,E3SSSS5SFHQ,00015,0,pretrain,ukS8T7p2WMQ,00001,4.423553141228462,8.768
train,pretrain,kTz52RWSbD0,00019,0,pretrain,uRdQS2sjF2s,00030,-2.8347442684895245,9.472
train,trainval,IxjwJ0Y1bxE,50003,0,pretrain,blfVA0aSCBc,00001,3.3796711324716746,3.904
train,pretrain,3sUWSDHOVn0,00007,0,pretrain,qIVTKBeiabI,00015,8.579658809459257,15.808
train,pretrain,ztGkmruGPqM,00011,0,pretrain,ErexJkoDhGI,00022,6.389598906525272,7.104
train,pretrain,gPQItVxvfZs,00008,0,pretrain,Ftnb2fpJ664,00031,-7.219962637111069,4.48
train,pretrain,ZJPdJuhI03U,00014,0,trainval,BwIGcvBGSRk,50005,1.0138948309227231,5.632
train,pretrain,AAxJL17gZhk,00015,0,pretrain,chXsLtHqfdM,00015,-2.0418385100945784,15.168
train,pretrain,C9XIVtUEgFE,00018,0,pretrain,0wpCZxiAQzw,00015,-7.241027863528924,3.776
train,pretrain,Sv36Vt9GmH8,00004,0,pretrain,jkEgngW766Y,00001,4.900101949944965,8.0
train,pretrain,88SlA2EZxtY,00013,0,pretrain,cplaWsiu7Yg,00038,-2.118154893428046,5.312
train,pretrain,sYySLEdYr8A,00022,0,pretrain,12OAr0lt4bk,00008,2.153685148221392,11.648
train,trainval,P2dlq8ZqjDM,50006,0,pretrain,3Z6x5t5A9so,00029,-2.164389242210687,4.736
train,pretrain,aSLSiIskEFU,00041,0,pretrain,4AaSUyfNN4c,00004,-1.2185695628479891,4.352
train,pretrain,3U6tEcIIAIc,00012,0,pretrain,SK095wuESeE,00031,4.955721305418825,8.448
train,pretrain,2G8C36aKnpU,00010,0,pretrain,cnDEVgxD6QQ,00020,-1.2269675630275607,3.136
train,trainval,sJKFyDbWVqA,50006,0,pretrain,hZ6uYagzwVE,00003,5.780317031516592,2.56
train,pretrain,pVQdpofMhwU,00002,0,pretrain,vzKA1y3cdYI,00001,2.9469141146004105,4.48
train,trainval,GjYt5uQPu8o,50001,0,pretrain,uSMqkSqSgN4,00011,-5.3967558428370825,2.048
train,trainval,bXmDaykZobc,50001,0,pretrain,3qRtDnsnSwk,00017,-9.578715569392228,3.136
train,pretrain,wX78iKhInsc,00040,0,pretrain,zawpbVpu5nY,00015,9.301115969180437,8.896
train,trainval,SxPeQda00Co,50005,0,pretrain,85bqT904VWA,00023,2.931565019229625,5.248
train,trainval,N37x4GgDVBM,50011,0,pretrain,VRhjc3dJtOo,00004,0.7521445787313326,3.968
train,pretrain,jn0Ygp7pMbA,00032,0,pretrain,5RAJvzV9jSo,00025,-5.115673435777235,5.888
train,trainval,QekbuidfQKo,50022,0,pretrain,ifgSifSQq0Y,00002,-4.755376494450887,4.224
train,pretrain,0ygtX2nyexo,00033,0,pretrain,PMBWNbj2awk,00003,-8.995284104879604,22.528
train,pretrain,vzKA1y3cdYI,00015,0,pretrain,Oa82WNk0mis,00015,9.260894749949667,9.216
train,pretrain,cSiNSQubRs0,00019,0,pretrain,vSjlCJaEwZE,00031,5.017151701597893,14.336
train,pretrain,tMQ4OxOxgrc,00017,0,pretrain,2t13Rq4oc7A,00008,-9.56338147712609,7.936
train,pretrain,5Dn08yo9aiM,00021,0,pretrain,ky6KSWsx5RE,00003,-3.962971319107716,5.76
train,pretrain,6V6p1tgHfm0,00012,0,pretrain,t8RSGKSSM2Y,00011,-9.991049489906976,3.52
train,trainval,BPMrcY9z0nM,50031,0,pretrain,dTwXeZ4GkzI,00006,-1.0278899886604442,5.376
train,pretrain,1BXYSGepx7Q,00003,0,pretrain,Uwl012o8P7I,00016,-8.650658224986882,6.848
train,pretrain,UzuUljhS9uI,00031,0,pretrain,D03n5dAmBSE,00001,-0.8985620457403378,9.472
train,pretrain,2ju61VPdTzw,00025,0,trainval,r9DDE7NV1Nw,50025,-1.8767074661029746,6.208
train,pretrain,aI8KiPiVLyY,00006,0,pretrain,F2SIP2nSEoc,00003,-8.395742647356698,9.024
train,pretrain,GjINFuwLGvQ,00004,0,pretrain,6d6oq0zGGmw,00021,8.52523168669315,7.424
train,pretrain,xjSQFZX2m9o,00023,0,pretrain,LhjsRjC6B8U,00008,-6.293906688019191,12.608
train,pretrain,GHcCs4TPvYA,00004,0,pretrain,NcmxEPOQQzg,00011,-5.092400569978235,7.808
train,pretrain,sLiM2SizFl4,00065,0,pretrain,HB2SlA68YDU,00002,-5.042306669561785,4.864
train,pretrain,wgPLGS1BvQo,00015,0,pretrain,eJCTAXbSBWs,00020,-8.355944701936291,4.288
train,pretrain,0z03xkwFbw4,00030,0,pretrain,ZChEFOGSn8Q,00040,-7.233981485477019,8.64
train,trainval,T4SvurUIYI8,50005,0,pretrain,NgbqXsA62Qs,00001,8.065541556367844,3.52
train,pretrain,Ftow7dSpaiY,00018,0,pretrain,b2LbuqoNGGI,00026,0.642673490881176,6.4
train,pretrain,SGnmDWtyhAs,00024,0,pretrain,RtRufOPFug0,00010,-9.910978520231568,11.52
train,pretrain,ww4kNxYE0c4,00031,0,pretrain,JiwZQNYlGQI,00031,2.1216868869221717,7.424
train,pretrain,SSy6CJLMuiw,00016,0,pretrain,YyBk55G7Keo,00024,4.28834130696066,4.032
train,pretrain,RsiLLNziScM,00006,0,pretrain,z4kwU6z6ORg,00006,9.360882238686923,8.448
train,pretrain,6gSwRHScq6M,00006,0,pretrain,XFOkSdlPafQ,00011,2.7759909661290916,4.416
train,pretrain,O8e8TtfzSpY,00001,0,pretrain,nC06omDS0kA,00039,4.553027243771801,4.48
train,pretrain,25onkAGt3Gs,00016,0,trainval,3aJma6R8Ptw,50001,9.377762112289574,2.24
train,pretrain,lGbuCmuTJHg,00011,0,pretrain,0C5UQbWzwg8,00002,-1.0135228084950576,6.336
train,trainval,joyi6anTSFQ,50004,0,trainval,guXxy8LH2QM,50004,8.612946941877599,2.56
train,trainval,UyUXxrSS3qs,50003,0,pretrain,HpiZTvlWx2g,00011,4.396226908432826,6.016
train,pretrain,F17SKiAZOxg,00028,0,pretrain,JNt1k3ohkbs,00003,-2.7005346515219646,4.544
train,pretrain,3vJ4SUH38dQ,00028,0,trainval,qP2W2k3L1Ow,50004,-3.8614355062667443,4.48
train,pretrain,d8s8e8JdGCc,00021,0,pretrain,9MegHiL93B0,00011,0.07300647520509962,7.616
train,pretrain,vvhiNSqq6oo,00016,0,pretrain,MtSE4rglxbY,00036,9.451571738781873,5.76
train,pretrain,JQ0iMulicgg,00016,0,trainval,5aH2Ppjpcho,50003,-3.830941916030004,2.816
train,pretrain,6bVhrpkp0WU,00029,0,trainval,zvwQXwJyaj0,50001,9.611480211808185,6.208
train,pretrain,VYU25aJpg5o,00054,0,pretrain,rzwJXUieD0U,00004,2.8842919607085786,5.568
train,pretrain,DZT6YpCsapg,00016,0,pretrain,J6tgYBMXR6s,00059,1.8659375635203563,13.312
train,pretrain,01GWGmg5jn8,00018,0,trainval,pOWgXxoSTNM,50010,5.94576082705691,2.688
train,pretrain,4EUAMe2ixCI,00001,0,pretrain,kOPMqiKhoSc,00007,-7.560600187319344,6.208
train,pretrain,q2k2Xbfuy1I,00013,0,pretrain,B0YSGU3JqiQ,00015,-2.4704472653115843,23.296
train,pretrain,DnbC2Tii0S8,00011,0,trainval,ZBg5QvcZQP8,50015,-7.00862511597665,6.208
train,pretrain,cK74vhqzeeQ,00009,0,pretrain,Z2hFbbG7t70,00007,8.837543355073464,7.168
train,trainval,0ITHlySbhJE,50003,0,pretrain,Lh9lDWPMWrM,00008,8.817417938836495,5.44
train,trainval,5SOHiN8Ne58,50004,0,pretrain,zSqYtUeKUl4,00016,6.675178410297299,2.368
train,pretrain,YL1XwfyaS00,00006,0,pretrain,dkLcwHmnPV4,00001,8.190740501076089,3.712
train,pretrain,VnzBGZA2z3w,00012,0,pretrain,cXbXNV9SZAg,00023,0.22242397257274327,5.056
train,pretrain,EgU3iSg8ZRY,00015,0,pretrain,awtmTJW9ic8,00019,4.287688246447605,11.008
train,pretrain,VbeekjZPSCI,00014,0,pretrain,mYQx5n5SRVQ,00010,-2.484400131418516,15.04
train,pretrain,BGRy5VUSLfI,00004,0,pretrain,N4wFyRGilp4,00015,-4.92527833547183,5.376
train,trainval,GROCkg810R0,50002,0,pretrain,kmflTZnRuZI,00029,-8.922104334656574,4.224
train,pretrain,FVSc2FnPnDE,00016,0,pretrain,w3q89BTJj3o,00034,-0.18965717346848976,5.44
train,pretrain,mKe3QKctaS8,00002,0,trainval,yyW9W3e9VD0,50002,-8.746622161249686,3.52
train,pretrain,eYLb7WUtYt8,00010,0,pretrain,i7Ssa6UEpUQ,00010,4.836137694689457,9.024
train,pretrain,lv9QDjw8GJk,00009,0,pretrain,h1Yg1rURKR0,00021,2.0226052808364603,9.024
train,trainval,kDXJhxLzmBQ,50003,0,pretrain,6VnKV1sr5VQ,00018,-2.5177770038295826,5.952
train,pretrain,KxDwieKpawg,00037,0,pretrain,Ai7SOP5Zlc8,00010,9.786367669554203,7.04
train,pretrain,A71OktxTPac,00026,0,pretrain,e8JK3qVGuUg,00011,-2.5724040081490003,10.24
train,pretrain,mkdSXHXhCcw,00034,0,pretrain,IBoJcDlqmo0,00007,2.264432353633314,5.12
train,pretrain,3f5lk3PZh74,00002,0,pretrain,eNDhBSR1DZ0,00023,9.168190597372693,21.312
train,pretrain,3icoSeGqQtY,00005,0,pretrain,pGyOwnqpCKk,00016,6.368261831694873,4.608
train,trainval,bzj1BTdfoeI,50003,0,pretrain,St7SxHszKws,00033,-9.85059520399224,5.952
train,pretrain,sLo97Bu8Fo0,00002,0,pretrain,AIfBSkVI6NQ,00021,-3.7981837765230475,8.768
train,pretrain,p9UC0chfXcg,00033,0,pretrain,4EUAMe2ixCI,00060,6.0396406720971605,4.096
train,pretrain,0bop3D7SdDM,00026,0,pretrain,OkTERUQUvpA,00002,-1.4786527084756358,3.776
train,pretrain,PVXQUItNEDQ,00024,0,pretrain,drv3BP0Fdi8,00054,6.4555135787705495,9.536
train,pretrain,C0nM8l9qeGY,00015,0,pretrain,M1yCvKASWdU,00006,4.413689757383237,7.36
train,pretrain,CXSKrxq5eUI,00005,0,pretrain,txJGm6zhiBA,00020,-1.1113505492909965,3.136
train,pretrain,SAm3gtFB8xU,00002,0,pretrain,jSGzkjHtFiA,00016,-1.976265151380531,5.12
train,pretrain,RlQEoJaLQRA,00001,0,pretrain,BSiNIZ6zZqY,00030,3.6744482033020525,5.44
train,pretrain,e4PTvXtz4GM,00011,0,pretrain,wYCSHKl4RPU,00021,9.979431605924582,7.168
train,pretrain,aOW7JZaqKGA,00022,0,pretrain,bGBamfWasNQ,00001,-9.114826866387185,3.392
train,pretrain,UfM7tSoqNDw,00017,0,pretrain,JBLc4Ekl3BA,00001,-1.399572726799164,11.456
train,pretrain,uSTmKo75gJI,00027,0,pretrain,2zvjW9arAZ0,00009,5.733197187956343,7.04
train,pretrain,iunmpgOnpqM,00014,0,pretrain,jNSOh4xILSc,00028,0.5033040413081462,24.0
train,pretrain,G8cjIBwP52o,00026,0,trainval,1IxIDGyISzk,50015,-6.300505634583072,2.112
train,pretrain,HlnhCdujYco,00006,0,pretrain,ZJXxySanins,00002,-8.140251343481388,6.272
train,pretrain,GJWSZgjz7G0,00023,0,pretrain,LhjsRjC6B8U,00003,-2.667371863362411,23.616
train,pretrain,CLSSiaFuLo4,00016,0,pretrain,R9g3QSqvtss,00014,7.853947388889985,7.168
train,pretrain,6a6vVIdQBd0,00022,0,pretrain,vvEH93EQiKg,00016,-1.834115874206173,3.52
train,pretrain,jsZDlBU36n0,00023,0,pretrain,1rTEOU67zCo,00011,0.8117138544561957,9.984
train,pretrain,z4fsN1DSEVk,00002,0,pretrain,vGzBcBZrOSw,00012,6.912170399491405,13.568
train,pretrain,on3KttMgbZE,00016,0,pretrain,AvtStbwMQqs,00020,9.741708760188114,8.576
train,pretrain,xDe346z233Y,00024,0,pretrain,FqSVvAxDBRY,00021,-2.8207325057912165,3.776
train,pretrain,RsxlLsHtoBI,00017,0,pretrain,Sx1qkuvUxuI,00025,0.9371187674500803,5.952
train,trainval,hgWie9dnssU,50006,0,pretrain,EBKSa94IFHY,00003,8.536181354047955,2.176
train,pretrain,S6pLPVfKFoQ,00021,0,pretrain,GpKrM8GQwOg,00002,-9.155488755675432,6.208
train,pretrain,Q80MfH7xPPE,00016,0,pretrain,MSX0uwAG2Jc,00006,9.276816073645676,4.288
train,pretrain,kNhyOYv2ejw,00032,0,trainval,2cYDyMnL4M8,50006,8.105907083355849,4.672
train,pretrain,ema8O7xqjvk,00030,0,pretrain,KZIGekgoaz4,00022,4.465378228010181,3.648
train,pretrain,EluxCgnQVzg,00012,0,pretrain,UQniNhS6LOY,00006,-3.296798752307426,9.664
train,pretrain,gVSyVSIybBM,00024,0,pretrain,11Mq9ZuxZMc,00038,8.336771029545645,3.712
train,pretrain,huzhvbrcgeQ,00007,0,pretrain,ygRNoieAnzI,00016,7.602467622536935,5.696
train,pretrain,jHLm5Lne3D0,00014,0,trainval,86xSuStz0MA,50003,-8.916012094523264,5.696
train,pretrain,Pzd7ReqiQnE,00014,0,pretrain,4N5N0pQUFbI,00002,-9.050964008016923,2.816
train,trainval,97MWOERYSdE,50003,0,trainval,lQflBowgVB4,50001,-7.634875830455147,3.008
train,trainval,CsECS5qsGLs,50003,0,pretrain,nC06omDS0kA,00033,3.4192621210229905,2.368
train,pretrain,V2u6CzpRqts,00014,0,pretrain,swI68y2oQ60,00010,-0.06985358125160346,11.968
train,pretrain,YbtrDM1aJF0,00004,0,pretrain,KiPcxhJtuPQ,00005,3.9939974055869794,4.48
train,pretrain,pF72px2R3Hg,00053,0,pretrain,JvIbrDR1GSc,00018,3.6932595259915395,7.616
train,pretrain,fvoWoMIwrSg,00009,0,pretrain,pWrgvI4nyyg,00021,8.801318472285626,6.144
train,pretrain,gSCSsL3it9Y,00015,0,pretrain,kDXJhxLzmBQ,00013,-5.579667642376891,7.04
train,trainval,CFtsHf1lVI4,50008,0,pretrain,eyBEIx7fCfY,00030,-0.13187637176400813,4.416
train,pretrain,PJy8vTu66tE,00021,0,trainval,0ZhL7P7w3as,50001,-1.1504146393515704,6.144
train,pretrain,SKx2lfobPuU,00006,0,pretrain,LifvSfll2dw,00006,6.833550893127708,3.904
train,trainval,5LgCl7ZyYGs,50004,0,pretrain,6WeS1bXRBOk,00012,-6.168094468934542,4.8
train,pretrain,rEgSZNB3qyI,00024,0,pretrain,rcdwNSDSTl4,00023,2.468379712311874,3.84
train,pretrain,4ShLkgv6LSk,00034,0,pretrain,rzbtSeVZeEE,00012,-6.911135420411442,18.048
train,pretrain,l141Mauo74A,00010,0,pretrain,w7T7KSNJ8m0,00014,-3.046480124150621,27.776
train,pretrain,JlbwchclCBo,00009,0,pretrain,bDbN8R6Gb6Q,00011,4.353447611985848,6.208
train,trainval,L51h8BBu7b8,50005,0,pretrain,KM4Xe6Dlp0Y,00013,7.528252151981029,2.624
train,trainval,Nhx1SyXMwCg,50003,0,pretrain,y9KeyKVuLHU,00020,-1.1508105344068795,2.944
train,pretrain,YwSGTipx3As,00019,0,pretrain,S6pLPVfKFoQ,00033,-3.6073556218683667,5.248
train,pretrain,K2mhMzVCfhI,00012,0,pretrain,ihoR9B7pS1Q,00018,-7.880728002009835,6.784
train,trainval,zLNXIXingyU,50011,0,pretrain,B905LapVP7I,00023,-7.7891078356135175,4.416
train,pretrain,jE1j5Om7g0U,00011,0,pretrain,sa0RUmGTCYY,00045,-8.296782733654336,5.12
train,pretrain,UROCz70tlMY,00035,0,pretrain,9SqHrhrTktc,00006,-0.47041956696544496,3.392
train,pretrain,Y350oOiunf4,00009,0,pretrain,BZoKfap4g4w,00011,5.9363166051405685,6.592
train,pretrain,OAK1UIbSFio,00081,0,pretrain,KCr8s57hdzY,00026,-6.715074713433689,12.416
train,pretrain,KPzccnstSXg,00037,0,pretrain,tWmJcRSxShc,00002,-1.3180838969978925,7.296
train,pretrain,ZChEFOGSn8Q,00044,0,pretrain,p7YRnLbmLGs,00004,-5.469159294582568,16.0
train,trainval,ezVk1ahRF78,50004,0,pretrain,lECfUfqNVoo,00011,4.586997745644021,3.648
train,pretrain,I6M54p8VQFA,00002,0,pretrain,MLU7qcMYKO8,00022,-4.9792119645043105,10.624
train,pretrain,MnT1xgZgkpk,00033,0,pretrain,eAnHjuTQF3M,00005,-7.261308213409827,6.336
train,pretrain,Ftnb2fpJ664,00014,0,trainval,SDSjySgNSTk,50001,4.003341942260537,5.632
train,pretrain,7Y2sjSG4Njg,00012,0,trainval,afev0ZjAhUA,50002,7.00350378555077,4.928
train,pretrain,xYemnKEKx0c,00046,0,pretrain,ww4kNxYE0c4,00039,-5.856549375935218,7.36
train,pretrain,Z9dt5qlgO24,00007,0,pretrain,e8JK3qVGuUg,00010,7.087554315187436,10.88
train,pretrain,EBKSa94IFHY,00008,0,pretrain,SSogppqBahk,00004,6.892256239566397,8.832
train,pretrain,6liIKYeUzaY,00007,0,pretrain,jSSqQDPGW2k,00006,2.193139157773574,10.944
train,pretrain,2wu28tI9VkM,00005,0,pretrain,B0YSGU3JqiQ,00002,0.6952851350517939,6.336
train,trainval,vVY8L56oxSM,50004,0,pretrain,RS5O4n0TqlU,00019,6.790024491772364,4.544
train,pretrain,YhG1Bgbsj2w,00023,0,pretrain,Z1R1z9ipFnM,00010,5.299536778405594,8.064
train,pretrain,eOvG4ZXQxUU,00024,0,pretrain,DG7kSeazMQ4,00014,-4.499267546258039,5.888
train,pretrain,7nAU7KXXHEI,00005,0,pretrain,CEN4XNth61o,00043,-3.2511766715085466,3.328
train,pretrain,u1SdYypojbE,00014,0,trainval,NgDGlcxYrhQ,50009,-7.7613815809298785,5.76
train,trainval,MKKGS38vCO8,50007,0,pretrain,7SrGFfZMJ6Q,00011,2.8522380023013874,2.88
train,pretrain,IRVdiHu1VCc,00027,0,pretrain,0QbLI1U4cLE,00003,-8.043536540244435,3.968
train,pretrain,uSTmKo75gJI,00031,0,pretrain,Hul8htHa9AY,00009,-5.878339962379182,7.488
train,pretrain,PnMsSqLwaes,00014,0,pretrain,jsZDlBU36n0,00015,2.2137435248830517,12.8
train,pretrain,Dh5sPiuaO9Y,00009,0,trainval,1mUDw0sRZV0,50016,7.267578039460542,2.048
train,trainval,VfKWd7iXMSo,50018,0,pretrain,cPsP4F1qYCI,00005,-3.1353796956438256,2.048
train,trainval,uo7w3g24DWo,50002,0,pretrain,klUoJxGv9wg,00003,7.837372529375266,5.824
train,pretrain,N1R84S5DYEA,00005,0,pretrain,zA6SpcEz8Ls,00004,0.7732719639459411,7.296
train,pretrain,LEzsELPNmr4,00003,0,pretrain,2tBuvxXxlS4,00022,-5.206923348095092,16.256
train,trainval,Uq1idqpX9SA,50004,0,pretrain,2VLje8QRrwg,00010,2.513198619998157,2.816
train,pretrain,267BlUBordQ,00010,0,trainval,cC0KxNeLp1E,50002,2.225371947087446,6.208
train,pretrain,pbSSrJGgVIo,00036,0,pretrain,lw3YTbubyjI,00012,6.885476318249083,10.496
train,pretrain,GzB0BDstCI0,00020,0,pretrain,7s0CpRfyYp8,00024,5.807189723665546,3.456
train,pretrain,d0a0eXJ5TJM,00005,0,pretrain,YXSOxBfsvbk,00001,-5.198190112624303,5.632
train,pretrain,EZwxKPv1CwA,00003,0,pretrain,tlS3r8Gid90,00041,-2.273869899871592,5.76
train,pretrain,QoTSdOkjEVs,00021,0,pretrain,4mJ1aHFPS1M,00007,-1.106848782159485,7.616
train,pretrain,2tBuvxXxlS4,00006,0,trainval,2t13Rq4oc7A,50002,-7.328458490460079,2.112
train,pretrain,sCZiXfaa9ro,00003,0,pretrain,GlUS6KE67Vs,00024,1.9670163402817735,5.056
train,trainval,f5udS4pbXPk,50006,0,pretrain,8n5O9tz30So,00019,-5.350384190380728,6.144
train,pretrain,emeEpzkf044,00005,0,pretrain,Mo2Ai7ESNL8,00015,8.912459769381002,7.936
train,pretrain,xMS9HlSSLSA,00033,0,trainval,xY7kVVS2HVY,50041,8.045665365184345,6.08
train,pretrain,nq0SzGzSc8g,00008,0,pretrain,jSSqQDPGW2k,00045,3.093640476906053,6.4
train,pretrain,z0HsPBKfhoI,00013,0,trainval,NgDGlcxYrhQ,50006,9.886763220902608,4.48
train,pretrain,z8UevNKDFKU,00009,0,pretrain,sUf1ajkIAhY,00027,-7.674316490081097,11.712
train,pretrain,4lzs5wpLkeA,00009,0,pretrain,gyPoqFcvt9w,00041,-1.2947211821434035,11.392
train,pretrain,0d6iSvF1UmA,00034,0,pretrain,2L4BSVpvx1A,00011,7.911956319107187,5.184
train,pretrain,NVPxmzSPvUw,00001,0,trainval,ImmtTHYU5GQ,50004,-0.03307752797355512,3.136
train,trainval,d5wfMNNr3ak,50018,0,pretrain,1OQkdRdfyjI,00020,-9.813061648675776,4.224
train,pretrain,VSbjOJzB7LY,00027,0,pretrain,mArrNRWQEso,00046,6.626357974234235,7.168
train,pretrain,b2LbuqoNGGI,00030,0,pretrain,dRic5yJC8UY,00013,-5.540185339824388,9.984
train,pretrain,E3SSSS5SFHQ,00011,0,trainval,o0TbaHimigw,50001,-9.676441314876776,2.688
train,pretrain,scITIoJvMJ0,00010,0,pretrain,S8bJ3YlgL1Q,00021,-8.232677849044482,4.16
train,pretrain,7rMYfiRNT7g,00026,0,trainval,V3CLRL32Mcw,50001,0.4745756853863963,2.24
train,pretrain,VOXikTyZxPA,00010,0,pretrain,nko6uV5u9vg,00006,-4.844723852106458,4.8
train,trainval,OKIyDMaxh4w,50008,0,pretrain,23vKtqo2t4k,00031,-8.19503181151976,5.888
train,pretrain,wYCSHKl4RPU,00007,0,trainval,NVPxmzSPvUw,50012,-7.1987256100258845,6.144
train,pretrain,7icexlbjQnE,00021,0,pretrain,VS5CCbyap5Q,00010,-9.369764784025772,7.808
train,pretrain,buHSvs7LFzw,00046,0,trainval,7DLzXAjscXk,50001,6.936477794305912,2.368
train,pretrain,P5Mpo4JQZhw,00047,0,pretrain,arj7oStGLkU,00011,2.7452249901005388,4.416
train,pretrain,IshrD4mjnNU,00009,0,pretrain,MywGrRvNkWQ,00013,-0.8600771415537665,6.4
train,pretrain,gevXeQwS1jg,00026,0,pretrain,PY9DcIMGxMs,00021,-3.879259552909615,6.592
train,pretrain,YL1XwfyaS00,00014,0,pretrain,ASQpKiUSNHo,00030,-1.5711224012084397,3.52
train,pretrain,Ep2MAx95m20,00021,0,pretrain,3W4pLOTXybI,00003,2.3770514979205064,23.744
train,pretrain,bCjfy8Z7dv8,00031,0,pretrain,H3TFShI7zKc,00009,6.091961364857262,4.096
train,pretrain,eR22lqzdIHU,00024,0,pretrain,EfXidZmAW1s,00002,-8.932753624492467,5.568
train,pretrain,Mtjatz9rSVc,00002,0,trainval,xp0O2vi8DX4,50015,-8.651269747647767,2.624
train,trainval,C6mNITMY7e0,50007,0,trainval,7SjWguOXVwE,50008,4.032453332365179,5.696
train,pretrain,YyuScSjkGSs,00044,0,trainval,OH0dK208MNk,50009,-4.9602376617802,5.568
train,trainval,GzzHawjP648,50006,0,trainval,ShswlNMaUSA,50001,9.441253014003376,3.84
train,pretrain,niASMK9RoAI,00005,0,pretrain,nZLO2PnGzMg,00022,7.353464858291609,3.2
train,pretrain,ASY5DjSZUDE,00006,0,pretrain,lrZ2DJzbYYo,00021,-3.4366816224304753,7.552
train,pretrain,AWEpeW7Ojzs,00029,0,pretrain,4Rtfi4MSafA,00034,6.257179021408053,4.928
train,pretrain,g2J6YOiLNr4,00039,0,pretrain,moS9iMlmsP0,00022,-1.8573762829165332,3.52
train,pretrain,JtSjYnXD83Q,00010,0,trainval,zuAj2F54bdo,50019,7.623341863875002,5.568
train,pretrain,yRUCU5FsvTY,00027,0,trainval,Mgbf3cq7lms,50058,-0.5444028243714545,3.52
train,trainval,GlpGBSBpxOE,50008,0,pretrain,xnLoToJVQH4,00005,4.058081473707826,3.456
train,pretrain,VGUnvr6ImOo,00027,0,pretrain,HQIi3nUXh0g,00022,-4.9823738257451495,17.152
train,trainval,8s3bdVxuFBs,50014,0,pretrain,emeEpzkf044,00003,-9.20221741785735,2.048
train,pretrain,KExLCJAuTXA,00008,0,pretrain,sa1iS1MqUy4,00018,2.4423671935464046,4.16
train,pretrain,uJZWcKOIZMo,00015,0,pretrain,d0LQCXCiW8g,00002,-8.39190062515203,4.032
train,pretrain,oA0ws8rwdSc,00012,0,pretrain,xWVWhSvNLtU,00007,5.7217226662501695,3.52
train,trainval,CiLnSGrcuEs,50011,0,pretrain,ooIxHVXgLbc,00044,-8.682138556916684,5.696
train,pretrain,w3q89BTJj3o,00021,0,pretrain,QuaIMgzIOn8,00018,2.351874815308257,4.8
train,pretrain,j7c9b9A2AHc,00059,0,pretrain,AP8i435ztwE,00002,2.9888806812492987,4.48
train,pretrain,SU1foLW8h54,00005,0,trainval,da1vvigy5tQ,50011,-2.695725689139284,5.76
train,pretrain,UTwRlz13NYI,00016,0,pretrain,gjCwsdCssdk,00013,-2.143952990425529,18.048
train,pretrain,R7vmHGAshi8,00012,0,pretrain,fW6AndSUByo,00006,-5.609474871422275,11.904
train,pretrain,vwTDeT4v7RM,00002,0,pretrain,btF6nKHo2i0,00030,3.947133169203221,3.136
train,pretrain,7ZW8SLQftnY,00003,0,pretrain,sBsuIAscshE,00014,-7.541230835661072,2.816
train,pretrain,CSUmoS40pqA,00018,0,trainval,3q3WOrs8kAM,50014,-6.444386276302916,4.096
train,pretrain,CZNrOzgNWf4,00021,0,pretrain,UxXOi6Zwm7Q,00002,-1.6846925946613958,9.92
train,pretrain,qFOooWq2inA,00009,0,trainval,M9pPgIraoOM,50007,-2.8811500283903557,3.072
train,pretrain,3dy4SGkSD8M,00032,0,pretrain,ROXUPr8Wqds,00014,6.860573108371856,6.848
train,pretrain,H50eCfpquBI,00014,0,pretrain,QISHX5UKky0,00002,2.946713308126359,7.872
train,pretrain,qFOooWq2inA,00009,0,pretrain,pbSSrJGgVIo,00043,1.069321312177209,9.28
train,pretrain,MwzqSswl4cI,00042,0,pretrain,apbSsILLh28,00078,-8.995574526172454,4.16
train,pretrain,AOEQ9GteWbg,00036,0,pretrain,co2enjjt3J0,00023,-4.082588696955602,4.992
train,pretrain,wznroZvpVHU,00002,0,pretrain,Ztl2li6GTWg,00002,-6.408524156359281,9.088
train,pretrain,H3TFShI7zKc,00019,0,pretrain,agNlsB530CI,00003,-4.079424773850646,20.736
train,pretrain,W0StyxgMk1o,00014,0,pretrain,fSSNmDcLMKA,00007,5.189704306239642,9.6
train,pretrain,7JVTirBEfho,00003,0,pretrain,jSS03JfgHEA,00028,7.199148618857045,8.256
train,trainval,d5wfMNNr3ak,50030,0,pretrain,mKe3QKctaS8,00020,5.501892664733322,6.208
train,pretrain,gXlIASSrI4E,00034,0,pretrain,PB2OegI6wvI,00047,-0.7802883130072686,6.272
train,pretrain,pxr2GRJ6tjc,00004,0,pretrain,w5T0wS1OdMo,00013,-3.0011437508503906,3.776
train,pretrain,2FASIuDTMjE,00031,0,pretrain,uTbASmxo858,00025,9.210745526008694,6.528
train,pretrain,nCwwVjPNloY,00008,0,pretrain,URSuWwvpn5c,00009,-3.246700639845854,8.448
train,trainval,9EglK8Mk18o,50026,0,pretrain,f6CILJA110Y,00050,-8.498648223816422,3.136
train,pretrain,dgYItsUBW1M,00019,0,pretrain,pbSSrJGgVIo,00018,6.645652857421926,6.4
train,pretrain,4sg9TlsMRVA,00027,0,trainval,rToBZSrxjgM,50005,4.389411295994174,2.24
train,pretrain,Mh3SwYHdeVs,00003,0,pretrain,xMS9HlSSLSA,00034,3.9251354011630024,4.608
train,pretrain,tiWwrdMqvvM,00006,0,trainval,J6oMG7u9HGE,50064,-6.703542303560079,2.56
train,pretrain,lPtPG2lAmm4,00004,0,pretrain,SeQ8vdtSXB4,00001,-2.490751627959309,14.912
train,pretrain,GkRn9Lp16UI,00019,0,pretrain,EijI8QaExDg,00001,4.253121250514171,5.504
train,pretrain,c2tOp7OxyQ8,00003,0,trainval,cWcVPpxezE0,50027,5.227822164935851,3.328
train,pretrain,iP9QFSlBOyA,00007,0,trainval,rTMqGbTNkNg,50025,0.005820402616421916,6.016
train,pretrain,HNOnvp5t7Do,00008,0,trainval,8b2vNkEtfpc,50020,9.454060607528405,3.456
train,trainval,vcSn852sv3E,50001,0,pretrain,lkzoQuzlW4M,00027,-9.361009223394397,5.824
train,pretrain,34a7UEzZdsA,00020,0,trainval,zcwySEjaQlc,50006,-5.060304530635666,6.208
train,trainval,fv8KpQY0m6o,50010,0,pretrain,gBkIyJ7kfSI,00031,-0.5054404439842646,2.56
train,pretrain,nLtUl2CP8ak,00042,0,pretrain,3NdSVi38RM8,00027,-1.349402696170415,19.968
train,pretrain,DWZsOe1j2w0,00018,0,pretrain,TWPahtyJDsI,00044,-7.281509491539067,4.672
train,pretrain,MlLWTeApqIM,00004,0,pretrain,KQEWc3LVfyc,00038,-1.697623379386993,9.984
train,pretrain,JaFSfq2Zn7I,00022,0,pretrain,3OMgvtWNHp4,00016,3.179634668508026,6.784
train,trainval,ARWBdfWpDyc,50003,0,pretrain,7SRGn75JcZ8,00011,0.5138369206770843,6.016
train,pretrain,HS8y0WLm78U,00018,0,pretrain,btF6nKHo2i0,00009,-5.729061813784478,7.36
train,pretrain,o2BJsFkzSYU,00003,0,trainval,GJWSZgjz7G0,50006,-0.8021352918435749,2.496
train,pretrain,V6yixyiJcos,00006,0,pretrain,vNDhu2uqfdo,00020,-2.418435381774488,4.096
train,pretrain,4O2JKS94g3Y,00003,0,pretrain,tVIaoQrnAxY,00020,9.433777671923359,3.456
train,pretrain,ZVRbSuY3h9w,00018,0,pretrain,gB23pKmyIHM,00032,-0.4762328853374598,25.088
train,trainval,osBbP6Om4Mg,50006,0,trainval,8zj8HJntlP4,50008,0.30215118820034625,5.376
train,pretrain,v9dEgXR1iWE,00006,0,trainval,V2DgJBx3cyA,50001,6.860620607858305,5.888
train,pretrain,ZbYDSIe5jsI,00009,0,pretrain,5UH7uTpTa44,00018,-5.734653888792884,9.728
train,pretrain,ro1Ksq5DihU,00001,0,trainval,QISHX5UKky0,50008,3.063490209235262,6.016
train,trainval,EijI8QaExDg,50008,0,trainval,qL7UlSA6rRk,50005,-1.0902533298462629,3.2
train,pretrain,EhM56Fk2aFk,00008,0,pretrain,Skl42b9B9yA,00010,-7.346430315742882,5.632
train,pretrain,G8gJJuCdPSA,00013,0,pretrain,vC1uxXvPG0Q,00035,6.4226588439951655,6.208
train,trainval,BT2XlI8oeh0,50021,0,trainval,bSiGZPtWXzE,50011,7.445800197687124,4.16
train,pretrain,PYjWLqEScfE,00022,0,trainval,796LfXwzIUk,50014,-2.8509206977666253,2.368
train,pretrain,eUznJ3LtvGc,00025,0,pretrain,DJGreSgaOTc,00021,1.225411838658136,4.8
train,pretrain,9EglK8Mk18o,00003,0,pretrain,SSy6CJLMuiw,00022,-6.6099450428781985,9.536
train,pretrain,CR5krXHkr2I,00010,0,pretrain,urKhVssiygA,00004,-3.878748660535356,8.0
train,pretrain,YJM6WUNDnhA,00017,0,trainval,bib1uDXMmWs,50007,-2.29707038325194,4.16
train,pretrain,xAXUqSQc8DI,00012,0,pretrain,0kPu6eKpja8,00003,-5.25141999038982,9.728
train,pretrain,JtSjYnXD83Q,00006,0,pretrain,GCOc31fQi7A,00001,6.658002021074061,11.008
train,trainval,y6FT80ZoVJY,50009,0,pretrain,5tUnSuoYKoE,00062,-0.49884402375834647,5.504
train,pretrain,GzB0BDstCI0,00008,0,pretrain,dE1DuBesGYM,00025,0.7334412874721767,4.608
train,pretrain,qzwCujeSSSc,00020,0,pretrain,RjrS5EqZlUs,00034,6.122484197680691,8.384
train,pretrain,cK74vhqzeeQ,00030,0,trainval,G0ZjSInJ4BQ,50002,5.08223722073418,3.712
train,pretrain,SI3v6KS2Zgs,00006,0,pretrain,OLHh9E5ilZ4,00020,6.63896813353195,4.48
train,pretrain,C9mareySEAM,00031,0,pretrain,gdg4mUSwuhI,00006,-7.780626323653488,10.496
train,trainval,b64qvG2Jgro,50004,0,trainval,p49rv25dx0g,50004,4.611165750455893,5.376
train,pretrain,ElJxUVJ8blw,00023,0,pretrain,6wk4dkYSrV0,00011,4.925067520969261,10.048
train,pretrain,EZwxKPv1CwA,00062,0,pretrain,YhG1Bgbsj2w,00043,-3.4774105133307343,7.296
train,pretrain,NAkkckxE9i8,00019,0,pretrain,Yo5cKRmJaf0,00011,9.870017170650165,3.52
train,pretrain,RxqyO5hafdk,00014,0,trainval,Svo01ldlTQc,50006,9.106609375663368,6.016
train,pretrain,ggPh4X7UKwY,00014,0,pretrain,7wJTgUCxnKA,00038,-7.732495407830752,4.992
train,pretrain,wsIrdxDJpSQ,00030,0,pretrain,X03jYXszD3Q,00017,-4.8494524736670925,15.616
train,pretrain,ZR4LdnFGzPk,00002,0,pretrain,7JQbyvNjM74,00007,-7.9036803210176725,5.056
train,pretrain,5nys6iebjHw,00054,0,pretrain,lPmBmFBwdec,00009,0.9106657750240075,4.864
train,pretrain,mKkF6mAlX4k,00023,0,pretrain,BJsrYqPtXFM,00007,5.3011876987738695,3.968
train,pretrain,YmVZ8zXJO48,00004,0,pretrain,pOWgXxoSTNM,00014,4.860316321807922,5.44
train,pretrain,NZspSEdO2Xk,00009,0,trainval,y7A4dZIyI0g,50001,-0.8516217205809244,6.016
train,pretrain,vSONFixSe4k,00034,0,pretrain,8JSMI8Xrwms,00011,2.826074719699589,6.528
train,pretrain,3E46oWB4V0s,00026,0,pretrain,U7y4GlmwPLQ,00031,-1.4016939977150784,8.128
train,trainval,GROCkg810R0,50009,0,trainval,MBZyRlxVdSE,50016,5.57664968945258,2.048
train,pretrain,iISw251TIgw,00001,0,pretrain,NR33yerZgso,00012,-4.179231918897754,11.008
train,pretrain,FjnGdiqk96Y,00007,0,trainval,HaHeAdJNa70,50001,5.908369465696737,2.752
train,pretrain,NhSTVcNFtVI,00021,0,pretrain,yVwAodrjZMY,00013,2.6850825896418833,9.344
train,pretrain,uKByBgqxOw4,00015,0,pretrain,ws4GZvNeQhQ,00030,2.2877538837425337,10.56
train,pretrain,Itmu78W9cOI,00012,0,pretrain,ts9JpM0gHMU,00005,-8.110958603549417,8.576
train,pretrain,VUT6GQveD0E,00016,0,pretrain,KIMWfSe7ZJI,00022,-2.7862926240363723,6.208
train,pretrain,lASzdhSbQBo,00043,0,pretrain,gLgNjywpKsY,00019,-4.539332021158202,8.448
train,pretrain,DOvbl3ZPPV4,00009,0,pretrain,akOe5SUsQ2o,00021,-8.161848523204275,2.88
train,trainval,796LfXwzIUk,50011,0,pretrain,V84bSWIlNA0,00008,-4.146744713686925,4.352
train,pretrain,NXvITqGAiX8,00015,0,pretrain,6wk4dkYSrV0,00031,3.8124697288244054,4.864
train,pretrain,C8pNGaSIFoU,00001,0,pretrain,q43uXdOKPD8,00010,9.351157466607305,4.992
train,pretrain,9o5jAaZn2p0,00021,0,pretrain,jJXMvOqS5bM,00007,-0.6569560660310341,7.296
train,pretrain,SQe8cR4Jl10,00001,0,pretrain,BGcJXAXSSd0,00015,0.7855659044296015,5.248
train,pretrain,fBQnQTkhsq4,00004,0,pretrain,CsECS5qsGLs,00027,2.4520694609252125,14.016
train,trainval,50m48lpi4AU,50012,0,pretrain,fBLErez9ljw,00005,-4.226003982048261,2.24
train,trainval,DkyMCCnNI3Q,50011,0,trainval,h0C2LPXaEW4,50021,5.772280084737069,2.24
train,pretrain,S9O9vyJBQ6g,00002,0,pretrain,oSv7E8WK2Iw,00004,5.529539956552586,5.76
train,pretrain,93fJ33L9OKw,00015,0,pretrain,u0VHC1SDOS8,00038,7.926567144983352,5.056
train,pretrain,gS3iLapiTCw,00001,0,pretrain,jKl0tb3VmfQ,00008,8.546212944479407,4.224
train,trainval,AGivotqSrd0,50029,0,pretrain,OaGEMSRms48,00003,-1.706810942365017,3.84
train,pretrain,6wk4dkYSrV0,00018,0,pretrain,r9Zz4hYuGdw,00030,-4.314323442079906,4.416
train,pretrain,ydKcaIE6O1k,00019,0,pretrain,tV2RLLtOgL4,00029,6.708570574769389,4.608
train,pretrain,ELET24AHnEg,00003,0,trainval,bbT8jSPS2LA,50024,4.085025975183163,2.048
train,pretrain,USkXuQHZmWs,00005,0,pretrain,breDQqrkikM,00021,-9.335764543669473,8.064
train,pretrain,2ju61VPdTzw,00022,0,trainval,N4wFyRGilp4,50004,7.644008390569542,6.016
train,pretrain,BSiNIZ6zZqY,00027,0,pretrain,g9M3HIjHuq0,00018,5.028116135394784,9.92
train,pretrain,voXOUWiJuLo,00035,0,pretrain,LWQfeSSfNbs,00010,9.060931404149798,3.008
train,pretrain,SC3DVeWT09w,00014,0,pretrain,I9tB6Q5bmcQ,00030,0.6748858975432448,4.032
train,pretrain,tsgvhP07BC8,00007,0,pretrain,xGGtRQ3wCB4,00004,-2.4231123186401815,9.728
train,trainval,0MD4Ymjyc2I,50013,0,pretrain,u9hauSrihYQ,00006,6.450709258514461,2.944
train,pretrain,HqawqHB7nDM,00021,0,trainval,qx6KKSeT4qw,50009,-4.042075396009799,6.08
train,pretrain,YO0lbdhF30g,00037,0,pretrain,a0x0r7aPI2M,00001,-5.763622206735408,6.656
train,trainval,IHyR7p6Shn0,50027,0,pretrain,qItCBNzqdn8,00016,8.929546289755464,6.016
train,pretrain,WOgSqHtTtHY,00004,0,pretrain,0FkuRwU8HFc,00048,-6.118874680469311,4.672
train,pretrain,ErexJkoDhGI,00022,0,pretrain,vg8WAv0YT9c,00013,-6.454238896274349,7.104
train,pretrain,8jPQjjsBbIc,00011,0,pretrain,breDQqrkikM,00033,-0.6726725709594419,10.496
train,pretrain,HYGvts8hre8,00012,0,pretrain,0SW0HFy9Et4,00003,4.542343111065186,6.4
train,pretrain,boSGZ3qSAys,00017,0,trainval,QSfFattg8N0,50009,6.662956396147528,3.84
train,pretrain,2tcEgqTWbxQ,00012,0,pretrain,FrgzvykPILc,00033,4.061222833500446,10.624
train,pretrain,jMVAgCPYYHY,00013,0,pretrain,MqnbE5WRPEU,00002,-5.078610155456591,12.096
train,trainval,oiZ42KUsxGo,50003,0,pretrain,Aa2JfigaNcs,00003,-0.3065214678335444,5.312
train,pretrain,tpKWHSsBpnE,00007,0,pretrain,JN3mW2IzCrc,00006,-7.456466195824538,15.168
train,pretrain,sGXeX7PPrCI,00022,0,pretrain,A71OktxTPac,00004,-5.121164306002115,3.2
train,trainval,bhHJ4DRZNZM,50006,0,pretrain,6tpsSu5O0Ws,00050,4.547397525254462,3.904
train,trainval,0UmUgaJwEr0,50016,0,pretrain,fw01Sq0cxM8,00026,-0.6710569722849851,3.392
train,pretrain,vNDhu2uqfdo,00016,0,pretrain,BYeYVuqD8kU,00009,-7.138859005453686,6.784
train,pretrain,MEDgtjpycYg,00007,0,pretrain,WfTZ5iIUn4s,00010,-8.852059164995389,7.104
train,pretrain,sNV4yIyXXX0,00009,0,pretrain,M0yhHKWUa0g,00009,5.310528737618473,3.584
train,pretrain,SSV07QKguBI,00011,0,pretrain,FpHPVrsEkYY,00035,-4.804541654472696,5.952
train,pretrain,i1OAMgrsUUw,00006,0,pretrain,w32u2NwCve0,00011,2.871720250462813,7.04
train,trainval,FjnGdiqk96Y,50006,0,pretrain,bfAzi6D5FpM,00031,-8.959245616616185,5.888
train,pretrain,1S9RVl1dSl4,00005,0,pretrain,ZuCtZJGcEMU,00024,4.819874663968362,7.104
train,pretrain,bhHJ4DRZNZM,00013,0,pretrain,b6rAgHcuYtE,00023,5.827934202294989,8.576
train,pretrain,pDsAqCEo5CY,00009,0,pretrain,EiTrl0W1QrM,00010,7.6611070629813725,5.056
train,pretrain,rSSSsisz2SM,00008,0,pretrain,ema8O7xqjvk,00014,6.118012520772421,6.208
train,pretrain,QeAGu40vZzI,00013,0,pretrain,HTf7Ziklcms,00034,7.633144585340126,14.4
train,pretrain,av3SCLBU7sI,00001,0,trainval,OF5VVrsnpzo,50013,8.290202825283451,2.432
train,pretrain,hSSmmlridUM,00030,0,pretrain,bRuU02haIK8,00033,-2.2652311995157115,11.008
train,pretrain,NP8xt8o4S5Q,00010,0,trainval,pVQdpofMhwU,50005,4.905658400219316,5.824
train,pretrain,pX8zZdLw7cs,00002,0,pretrain,12OAr0lt4bk,00015,-5.133605587276515,5.568
train,pretrain,VMwjscSCcf0,00021,0,pretrain,esugL07XANg,00042,-4.931767323236212,4.928
train,pretrain,nFEgRt2EH1g,00013,0,pretrain,0af00UcTOSc,00034,-5.678113245600187,4.608
train,pretrain,ts5MKtXNpMQ,00015,0,pretrain,Phf66nAoMIk,00012,-2.97530794088334,8.768
train,pretrain,XO1MeSMYSQ0,00034,0,pretrain,1SPazvfN9EU,00003,-5.9838152417204675,9.216
train,pretrain,QnJIjEAE41w,00002,0,trainval,AQcUeQsljSs,50001,-0.513157552977642,4.096
train,pretrain,k0GQSJrpVhM,00012,0,pretrain,7Z9xCX4ifJo,00032,9.142338168789887,20.032
train,pretrain,aiDSQyFdd68,00035,0,pretrain,mPCDOij0bB0,00029,3.068222821825108,5.376
train,pretrain,h9x2SWgwhY4,00001,0,pretrain,wsIrdxDJpSQ,00019,7.280098483091113,18.496
train,pretrain,N9HF8mMe2pU,00008,0,pretrain,vkEeNkHilIg,00010,1.2997102505447717,5.376
train,pretrain,S9PEogIrHSk,00012,0,pretrain,7npLVcymHGc,00010,-9.094868507879415,5.12
train,pretrain,NRXCxJGQ4KY,00016,0,pretrain,PFVP8L3SlfQ,00007,-1.1006827808453465,14.08
train,pretrain,L6N06hTuESE,00019,0,pretrain,lkVYV2P8dQE,00007,2.7829825158066246,9.92
train,pretrain,JGVU8n7jjHc,00008,0,pretrain,p0aTfcXpOEs,00007,8.97658727246953,7.04
train,pretrain,acJscdoP2a4,00014,0,pretrain,JrJJxnSgCdo,00004,2.5707558972546494,5.696
train,pretrain,VMXdSkW6hns,00017,0,pretrain,5TKRSIKtaCg,00023,-8.034616243870754,23.808
train,pretrain,wSHYZv6HzAs,00022,0,pretrain,hgui64Kr0Go,00008,-0.9918560198422899,9.152
train,pretrain,JtSjYnXD83Q,00013,0,pretrain,CWU13rx44j8,00006,-6.109023893291825,6.336
train,pretrain,k5tCYg9s0HU,00024,0,pretrain,LWULB9Aoopc,00054,1.232008676991562,6.528
train,pretrain,dJEwC4wCM70,00013,0,pretrain,GMc8aSoCE30,00009,-9.162476502089733,11.776
train,pretrain,7wJTgUCxnKA,00018,0,pretrain,v8YoSPXN7UA,00029,-6.104410566094711,5.376
train,pretrain,ShFk6FDrZBc,00010,0,pretrain,hPsUXhXgWmI,00049,1.1570989499423217,7.232
train,pretrain,IzPcu0SETTU,00006,0,pretrain,hxPiz2sE0h4,00036,-4.147338215734624,5.376
train,pretrain,LMrzdkSYnYY,00031,0,pretrain,1O2l1dcSohA,00013,1.7985514256497908,4.864
train,pretrain,w5T0wS1OdMo,00019,0,pretrain,7Mn4PnGRuPk,00007,-6.800075260189731,10.496
train,pretrain,XkiXXPShycA,00020,0,pretrain,7pVPmmwSeJQ,00024,-1.670985458440379,8.0
train,pretrain,6VnKV1sr5VQ,00018,0,pretrain,sWN13pKVp9s,00001,9.324699348341237,8.128
train,trainval,IDSSieLCmS4,50013,0,pretrain,moS9iMlmsP0,00030,-0.5113541368359069,5.888
train,pretrain,zZo3S5j1Pf8,00013,0,pretrain,BQnOTJH3w4s,00007,-1.701761523120295,4.288
train,pretrain,ydKcaIE6O1k,00022,0,trainval,ZhDgwrKSBWQ,50036,7.589310753190585,3.328
train,pretrain,zeSVMG4GkeQ,00012,0,pretrain,SDjLpMj3BDU,00039,-7.138774192240824,6.4
train,pretrain,BzDEFAGvShc,00022,0,pretrain,RtFFT4zjyTM,00015,-8.751245098234033,3.648
train,trainval,7DLzXAjscXk,50018,0,pretrain,j7RsRnYlz7I,00012,-4.522940937698401,5.056
train,pretrain,CSUmoS40pqA,00010,0,pretrain,HYzrdn7YLCM,00019,-7.429297054998107,5.12
train,pretrain,CLSSiaFuLo4,00046,0,pretrain,Y0GHWogx0eg,00017,-8.498992434948091,3.776
train,trainval,5sS3Yjh9Lw4,50014,0,pretrain,EszGIvRdgTE,00016,9.0738727367882,3.136
train,pretrain,SEDvD1IICfE,00012,0,pretrain,WCj82W7XkjI,00025,8.958511178418838,6.72
train,pretrain,0x2SkWRB8SA,00016,0,pretrain,qGSYmIPFO68,00032,2.142561341935913,4.096
train,pretrain,tqf607N19Is,00009,0,trainval,SvBggxCNNno,50008,7.90085580829404,3.136
train,pretrain,Mjoxh4c2Dj0,00005,0,pretrain,Yn9fTcSWMbo,00011,1.7879175602147441,4.16
train,pretrain,fSOupkS4VVo,00019,0,pretrain,pyWrZceeKNE,00003,-3.398222591287232,12.16
train,trainval,6zVS8HIPUng,50002,0,pretrain,SsU5CJRaKP8,00006,2.6583234450463387,6.016
train,pretrain,rKtmsVa4Kvk,00009,0,pretrain,dcwuBo4PvE0,00036,8.113246271111269,12.8
train,pretrain,J6oMG7u9HGE,00021,0,pretrain,IyrcWMvu9ek,00011,4.291021622363251,18.816
train,pretrain,A71OktxTPac,00018,0,pretrain,tTcl5I0Wbzk,00016,6.092783981331525,4.096
train,pretrain,FMD2cMjrMDM,00004,0,pretrain,f6CILJA110Y,00025,-4.418630476160619,6.016
train,pretrain,rB6WmWvvyxg,00020,0,pretrain,HdHW77blulg,00015,0.6297604332595252,7.488
train,pretrain,90mj79GqWhc,00019,0,pretrain,lUaSg8ZNswU,00013,3.2428455725603573,35.2
train,pretrain,34a7UEzZdsA,00024,0,pretrain,QAd54DkXCr4,00005,5.346128111247648,13.184
train,trainval,r9Zz4hYuGdw,50004,0,trainval,20adDr7Felw,50001,-4.689106748185048,2.496
train,pretrain,frrZbq2LpwI,00007,0,pretrain,hHOX3dlhhZ0,00007,3.182258145776185,10.752
train,pretrain,xossR6eHv3I,00009,0,trainval,lrYx7HaUlMY,50007,-0.4121740757645327,2.24
train,trainval,YbtrDM1aJF0,50001,0,pretrain,7udZ5ux0dYE,00021,2.948839761067619,4.416
train,pretrain,Hui5YHSD6Go,00005,0,pretrain,a3im2S5mQCM,00008,-1.3266460913387021,6.336
train,pretrain,EjSuaeVfE9I,00012,0,pretrain,ErexJkoDhGI,00052,-7.917216401911253,5.056
train,pretrain,7NJhq163t78,00009,0,trainval,sLiM2SizFl4,50006,4.171328893145972,2.24
train,pretrain,oYpS4qQNmSs,00011,0,pretrain,WoSHlZ54b6Y,00013,2.25409943150032,2.688
train,pretrain,gypAjPp6eps,00016,0,pretrain,VGUnvr6ImOo,00016,-2.524340983540469,7.104
train,pretrain,BMdMSmtTgD0,00008,0,pretrain,DcKdClnpz4k,00032,-8.064523467128375,6.72
train,trainval,hh2Z2hSgFIY,50003,0,pretrain,ttRhMPgpoOQ,00022,-5.434277436255055,2.816
train,pretrain,S9ry1M7JlyE,00014,0,pretrain,GpKrM8GQwOg,00024,-5.531609765128962,5.568
train,trainval,KsqZqa9zYXA,50001,0,pretrain,ASQpKiUSNHo,00026,-6.932703171211713,5.888
train,pretrain,zsLz0mRmEG0,00006,0,pretrain,5AN5fPFtV0U,00009,-0.9134277836427529,9.92
train,pretrain,h9SKyrHRhDo,00009,0,pretrain,2zvjW9arAZ0,00043,8.503277998040474,4.032
train,pretrain,QUUFbS1hBtw,00029,0,pretrain,d0yGdNEWdn0,00035,-9.080512780828322,8.32
train,pretrain,XRP4xfN89Ss,00006,0,pretrain,yJJtRWFLSgw,00025,-2.2003572337084805,3.2
train,pretrain,8m5Ebx6nuGE,00026,0,pretrain,7udZ5ux0dYE,00012,-8.532987765574344,4.48
train,pretrain,Tmk7nAvpMXQ,00023,0,pretrain,AyWtIwwEgS0,00027,0.4501396889344438,5.12
train,trainval,IRxgDMSp9Gs,50009,0,trainval,ufUkAQOQaXU,50011,9.98089724950028,3.904
train,pretrain,hSSmmlridUM,00020,0,pretrain,2a2724wcfcc,00005,7.373000778086507,8.576
train,pretrain,PCWIGN3181U,00003,0,pretrain,hj7wkh6nONE,00010,9.725712664351715,9.088
train,pretrain,ScvI1jKxlTM,00010,0,pretrain,iU1bhHeCkoU,00044,5.234091418778364,5.056
train,pretrain,xP3SW546HYs,00009,0,pretrain,HjSGqwAFRcc,00015,-4.8561490703735855,6.592
train,pretrain,rrkrvAUbU9Y,00043,0,pretrain,fkPISY2Vg5k,00014,6.886580597886759,3.968
train,pretrain,8cwWSS29faQ,00001,0,pretrain,R5PHGMRoZMA,00005,9.4754817846655,6.208
train,pretrain,D5iFVKhLStU,00003,0,pretrain,3sUWSDHOVn0,00016,-1.7267451620514134,9.216
train,pretrain,VGUnvr6ImOo,00029,0,pretrain,RgubFcmvgDE,00004,-4.272203069480942,6.272
train,pretrain,08ZWROqoTZo,00035,0,pretrain,dBxvZwJZgdM,00002,0.1890070208080772,20.48
train,pretrain,0HYakD8XQ88,00004,0,trainval,M8CTOjQhJFo,50001,-2.8713736011581448,4.288
train,pretrain,6liIKYeUzaY,00009,0,pretrain,AjF0rquH11U,00003,1.2700398522166871,3.328
train,pretrain,SmQJYte4T2Q,00001,0,pretrain,MLyguFQR5N4,00016,0.38382937603703127,10.176
train,pretrain,2cU56SWXHFw,00001,0,pretrain,twG4mr6Jov0,00023,1.6418467570487465,12.16
train,pretrain,quJdL9ggETI,00011,0,pretrain,UoMpbLSFsig,00032,-4.188214585768161,7.808
train,pretrain,pbSSrJGgVIo,00028,0,pretrain,70uaS1e9YN0,00031,-9.830178479102633,14.976
train,pretrain,vEli4dfAXrM,00008,0,pretrain,bvAEJ8G9l9U,00023,4.605395397389781,11.904
train,trainval,LLmhQmicusM,50023,0,pretrain,0MD4Ymjyc2I,00046,-3.6582282793137395,5.12
train,pretrain,jpRqbP9Nv9k,00030,0,pretrain,2zvjW9arAZ0,00026,-3.497751838000074,7.232
train,pretrain,O90nfczjNHA,00008,0,pretrain,RvnS3cCrl9c,00007,-4.328877989983717,4.096
train,pretrain,wAIP6fI0NAI,00008,0,pretrain,B1dkma6GRZo,00018,-2.588667906824318,4.8
train,pretrain,lwcvhh4pLjE,00004,0,trainval,Iv3Ud7Shv9g,50007,0.15888909961035047,3.584
train,pretrain,F6NU0DMjv0Y,00017,0,pretrain,UqyOedEHIrw,00039,4.298702049189798,8.96
train,trainval,796LfXwzIUk,50032,0,pretrain,3F2jACWwKdU,00042,-8.700983437293297,2.688
train,pretrain,ws4GZvNeQhQ,00025,0,pretrain,S8DwxjDrNNM,00010,0.9157046127404591,3.072
train,trainval,NbpSibMSEiE,50011,0,pretrain,GB4s5b9NL3I,00064,-7.680696867160943,2.752
train,pretrain,4Lr1dvOjSUw,00002,0,trainval,DEmjzXi2lfI,50006,-5.992148459955697,3.264
train,pretrain,7LcSdlVrg5M,00025,0,pretrain,EBKSa94IFHY,00014,-8.810868526527145,7.36
train,pretrain,ivvKSx4Q6L4,00007,0,pretrain,pn8p3rOaA5I,00034,-2.928577967121562,5.504
train,trainval,JmCtZzSRztQ,50001,0,pretrain,q9Ou0cj3fF8,00026,-5.80676931898352,2.496
train,pretrain,HS8y0WLm78U,00100,0,pretrain,P65XdTlk4vA,00015,3.6282678299750692,8.32
train,pretrain,ZBrbHy7l3tg,00004,0,pretrain,NhSTVcNFtVI,00022,9.517261982088275,4.8
train,pretrain,CGksAjzI0go,00063,0,pretrain,rjECbQ1rSk0,00007,4.889726041443367,5.888
train,pretrain,38OUCtzkT4Q,00011,0,pretrain,uaB6Bdgp3WU,00008,8.396734874457323,4.544
train,pretrain,zvwQXwJyaj0,00012,0,pretrain,MAQihRikgZM,00014,-2.02882005375783,3.328
train,trainval,SUkVcmKZyyQ,50003,0,pretrain,j7c9b9A2AHc,00062,-3.2234926126009285,2.368
train,pretrain,hVShA7g4Joc,00022,0,pretrain,iueVZJVEmEs,00001,6.9163153644219655,8.832
train,pretrain,rSSSsisz2SM,00010,0,pretrain,H2vN2QXZGnc,00012,-1.2200761763765762,6.656
train,trainval,bSiGZPtWXzE,50070,0,trainval,DqsvwHG9cSM,50009,0.8679404773929882,3.456
train,pretrain,vGDZmSnSkfo,00021,0,pretrain,Z6T37m4r3yo,00039,-2.8748630524542707,6.464
train,pretrain,7ZoOyNTyjQE,00018,0,pretrain,qdiF1fSGfyM,00020,4.905085604194987,8.128
train,pretrain,TWPahtyJDsI,00009,0,pretrain,7Oe11XnBvA8,00038,-0.478740612107698,4.928
train,pretrain,ibMjhQvAmcI,00011,0,pretrain,ShswlNMaUSA,00001,5.55358054989707,8.448
train,pretrain,UyUXxrSS3qs,00043,0,pretrain,CDdpQSLr7YE,00010,-1.6731203807692108,5.056
train,pretrain,I1cGiNnJZgU,00019,0,pretrain,7LE4MoJS2po,00011,-1.8012182534371046,6.08
train,pretrain,bCjfy8Z7dv8,00017,0,pretrain,ljqra3BcqWM,00022,-8.487293659781104,3.008
train,pretrain,Ftnb2fpJ664,00016,0,pretrain,HzySGhX8SCc,00002,1.2902259219189922,6.272
train,pretrain,h9deGh8StEc,00013,0,pretrain,BStjKYvEziI,00013,8.43981696350157,5.248
train,pretrain,H03o2WCBoDU,00011,0,trainval,AhKevstJyrc,50003,4.389611081962574,3.072
train,trainval,5K57kcs15DY,50007,0,pretrain,3vJ4SUH38dQ,00029,-0.7840143801744919,5.568
train,pretrain,2W1jvTEjc1s,00010,0,pretrain,1Dd2yCf3PyA,00008,7.074783929961907,3.392
train,trainval,QekbuidfQKo,50055,0,pretrain,HonUUtuCSwM,00033,0.34339568947011223,4.416
train,pretrain,r55a0FapF2M,00005,0,pretrain,zWxFhFZJDks,00001,6.1337781701990295,8.448
train,pretrain,0iTehgSOZ8A,00016,0,pretrain,sAQfzHBpRsc,00007,6.885871118653849,6.656
train,trainval,jEHZSIAuYUY,50005,0,pretrain,YzhSmnGcSkE,00018,1.3584993020673153,5.824
train,pretrain,cOIJGGgaSIY,00040,0,pretrain,Jv5tn4MPJV4,00021,4.769635815455828,11.392
train,pretrain,bhHJ4DRZNZM,00003,0,pretrain,xYemnKEKx0c,00018,-8.459392974114232,13.568
train,pretrain,IL2lb9fmIV8,00019,0,pretrain,GW02Vo641dU,00026,7.410403951812889,7.936
train,pretrain,evfgbVjb688,00022,0,pretrain,4geb9DS0lhs,00016,-7.229742834658699,4.096
train,pretrain,3LmjSv8N8hE,00027,0,pretrain,UwtYQFSJSQc,00024,8.990426495635834,4.096
train,pretrain,3uFbJG6tBpI,00013,0,pretrain,HSZ1ZvjlKDE,00023,2.887046397995526,3.328
train,pretrain,hvStFIuhD8E,00013,0,trainval,tZYkjaKNrSo,50003,-2.447091744881593,5.568
train,trainval,xqPJKtFI42U,50016,0,pretrain,jVBp2nDmg7E,00022,-4.347716969838233,3.008
train,trainval,5nrn5fC001Q,50010,0,pretrain,2ZviHInGBJQ,00014,-9.665050304110617,3.52
train,pretrain,W0StyxgMk1o,00042,0,pretrain,fnS9f5x0f1Q,00019,-1.9796284053580706,4.736
train,trainval,4BwSMSCFdu0,50018,0,pretrain,5FjuSwOaV3Y,00031,-2.3006697258689783,3.008
train,pretrain,H8Pr9Jnulxk,00033,0,pretrain,aQ8T4sySLxw,00007,-5.469631576558305,9.472
train,pretrain,pDsAqCEo5CY,00015,0,pretrain,KCL8NjN7FMQ,00059,2.3246980724716373,9.792
train,pretrain,MbdxeFcQtaU,00005,0,pretrain,4Rtfi4MSafA,00026,-6.587191182203382,9.216
train,pretrain,3dy4SGkSD8M,00002,0,pretrain,I8tg0Myjimg,00006,-8.827992134216165,12.288
train,pretrain,XGq3MXQlRJs,00020,0,pretrain,30e60EOO5mo,00009,-2.4650692445489835,13.568
train,pretrain,sLo97Bu8Fo0,00004,0,trainval,nO69NjadSec,50004,-4.50912099834182,5.568
train,pretrain,jTfGAHroSSI,00018,0,trainval,bCGlWQnzDVE,50002,-9.006803025339348,2.56
train,pretrain,8meWY0W40OA,00002,0,pretrain,AhUhpfKeLus,00001,-9.021148881031067,8.064
train,pretrain,KTvSfeCRxe8,00068,0,trainval,m45SshJqOP4,50008,-5.1911417240202296,2.496
train,trainval,d1D2SGSBhlA,50001,0,pretrain,Sj5C4pY7NMg,00003,-6.285836709802124,2.368
train,pretrain,aiIxdFBA0Sw,00031,0,pretrain,U7y4GlmwPLQ,00022,3.9649625204281396,4.672
train,pretrain,F8bM8K7WSR8,00012,0,trainval,k9QTVIISlkg,50005,-7.813474187857947,2.368
train,pretrain,MUOSpWJ0riQ,00014,0,pretrain,OwfyH5S6bpA,00019,9.721378453779174,6.528
train,trainval,I9cmQFj13rc,50025,0,pretrain,Yp3kmJ4kjHQ,00011,-5.736253800573545,3.2
train,pretrain,sLFqwXqe4Yk,00017,0,pretrain,TZy5Srsksls,00006,-3.6415456058123796,5.952
train,pretrain,5YL3LT1ZvOM,00004,0,pretrain,6AvXhgXlGpE,00051,-8.508082613340225,4.608
train,pretrain,v9dEgXR1iWE,00016,0,pretrain,d38LKbYfWrs,00015,-1.7417447218161008,10.816
train,pretrain,pF72px2R3Hg,00060,0,pretrain,H50eCfpquBI,00016,0.3227862787632816,3.328
train,pretrain,JtSjYnXD83Q,00012,0,pretrain,uhRhtFFhNzQ,00007,8.391238178270331,14.912
train,pretrain,2VWSSFSUeQI,00017,0,pretrain,IkJSZGQaeak,00027,-9.604754053326982,8.448
train,trainval,hPI0TM75lXA,50004,0,pretrain,UROCz70tlMY,00009,-8.705572009093995,5.248
train,pretrain,qtOIh93Hvuw,00007,0,pretrain,3LmjSv8N8hE,00013,8.895027664293792,10.496
train,pretrain,2jTdZSPBRRE,00015,0,pretrain,pkGAMb5sYvg,00021,7.671498581967427,4.288
train,pretrain,l141Mauo74A,00009,0,pretrain,CBJMFvcR8PQ,00010,-2.0600719645106196,5.12
train,pretrain,RbNqU2K0qzo,00021,0,trainval,p2MEGk5q1WI,50006,-8.796403454394914,3.328
train,pretrain,Hc6yiSFtoNo,00032,0,pretrain,OibJT7GSwyo,00003,1.191405954697295,4.096
train,pretrain,VbeovM4RCh4,00013,0,pretrain,RG5QP2EVUVY,00012,-7.966812502722904,7.36
train,pretrain,bxkslfQc0EA,00029,0,pretrain,ydKcaIE6O1k,00019,-6.327437666459037,23.296
train,trainval,ZCS0MZuVBwE,50004,0,pretrain,s9jsZPeqFCw,00016,-7.699913422786979,5.248
train,pretrain,FTUpFYo0rMI,00018,0,pretrain,mAw2JSJPJQ0,00009,7.45464237160871,6.336
train,trainval,855Now8h5Rs,50006,0,pretrain,uSMqkSqSgN4,00029,-9.423474903011646,4.48
train,pretrain,cswhOCKQZ7Q,00015,0,pretrain,MDL85fzdc1g,00014,8.069102475945723,3.904
train,pretrain,y7S4yQRCYHE,00013,0,pretrain,okQXrB7ySAw,00010,-3.687728549856044,3.264
train,pretrain,XBaRdmEVy8s,00011,0,pretrain,GkRn9Lp16UI,00027,6.658046299922681,7.936
train,trainval,UQzvNIIMayo,50002,0,pretrain,BMcduh1HEHA,00009,-2.2175360213648236,3.84
train,pretrain,ema8O7xqjvk,00045,0,pretrain,7udZ5ux0dYE,00020,9.153672555209194,2.56
train,trainval,FTUpFYo0rMI,50025,0,pretrain,CFADnhYKDHg,00032,-5.941646955454036,2.56
train,pretrain,lECfUfqNVoo,00004,0,trainval,sjPRN2XGSts,50004,-5.6123482658746475,4.416
train,pretrain,mrZ6q4uUVL4,00015,0,pretrain,OIpgrZ8ySSQ,00007,9.894975209110871,5.44
train,pretrain,jpuDyGgIeh0,00001,0,pretrain,lYdk1NK9Sr0,00038,-5.9416192719269585,13.696
train,pretrain,uhRhtFFhNzQ,00034,0,pretrain,voXOUWiJuLo,00043,-2.1152650276594143,8.96
train,pretrain,7H0USvVSfhU,00007,0,pretrain,qFza3W87eDg,00016,-6.197187611443534,4.736
train,pretrain,UzuUljhS9uI,00014,0,pretrain,mLufqwmPl1A,00001,3.6394883764203616,7.04
train,pretrain,a2MR5XbJtXU,00038,0,pretrain,Yx2rjq1gSWA,00001,-1.330032471990199,4.8
train,pretrain,EEjyPqyFeSs,00039,0,trainval,0snNB1yS3IE,50020,9.687661213309855,4.8
train,pretrain,yBdyFKqwKy0,00016,0,pretrain,J9PgY1mbPgM,00036,-3.479295301043564,8.064
train,pretrain,8t987Lxt1t4,00003,0,trainval,JS8fYhwrYzI,50001,1.793914115663629,2.368
train,trainval,55n9pHSA0O8,50014,0,pretrain,bzj1BTdfoeI,00004,-9.532733425858844,5.12
train,pretrain,nmVDcD2olOA,00014,0,pretrain,31iuh9pfFwg,00001,8.577226830039852,16.384
train,pretrain,h0C2LPXaEW4,00012,0,trainval,cswhOCKQZ7Q,50013,3.026933972430246,2.368
train,pretrain,5sg4zxZMDN4,00017,0,pretrain,0S7tbjvnH3s,00003,9.61944212450614,5.248
train,pretrain,lnigGtrwAfs,00014,0,trainval,ZIhFcjcc568,50004,-6.410443595644482,6.144
train,pretrain,jAGgKE82034,00012,0,pretrain,wgPLGS1BvQo,00060,8.893348163658935,4.16
train,pretrain,yRUCU5FsvTY,00019,0,trainval,yP2niXStKVQ,50004,5.563380557723503,3.008
train,pretrain,zESeeaFDVSw,00001,0,pretrain,YsASJTeHJ6A,00025,-3.363163531194557,3.52
train,trainval,HBSQR6xovSw,50003,0,pretrain,HmHh8dn6MiA,00014,-1.8998101860773353,2.688
train,pretrain,jUIfiLplNqQ,00032,0,pretrain,D9ZNpt6FVTY,00003,4.915500705750748,8.96
train,pretrain,Hh09xlzxRmE,00043,0,pretrain,dsfROmgVN5U,00026,7.632060642607062,6.72
train,pretrain,6diqpGKOvic,00015,0,pretrain,RrFSO62p0jk,00003,7.715959986245391,7.104
train,pretrain,ozPqVGxKGMU,00015,0,pretrain,HlnhCdujYco,00022,1.390433546796059,6.208
train,pretrain,qp0HIF3SfI4,00003,0,pretrain,I9tB6Q5bmcQ,00004,-6.9828278106720205,4.8
train,pretrain,uWfLwKHSEko,00013,0,trainval,5qdZybHSLnI,50003,2.656752794542376,3.328
train,pretrain,gevXeQwS1jg,00022,0,trainval,8gSAkUOElsg,50003,9.719877376767872,6.08
train,pretrain,lfykytI3A6k,00024,0,pretrain,qzwCujeSSSc,00030,6.053423646233927,12.672
train,pretrain,0NV1KdWRHck,00034,0,pretrain,x3AwnkR92EA,00032,-3.271979582488271,4.8
train,pretrain,xlngY8QCEt0,00002,0,pretrain,o9NUy12lgs4,00021,-8.19496878373407,7.36
train,pretrain,LWULB9Aoopc,00051,0,pretrain,wc3VhvgUtB8,00020,-7.542132859949429,7.808
train,pretrain,YmRKlZEXVQM,00024,0,pretrain,huzhvbrcgeQ,00011,-2.337919070077346,13.44
train,pretrain,mvC3Qafe5Ms,00009,0,trainval,501FEzbB1JI,50007,-6.426248499931342,6.016
train,pretrain,weCFbknwZa8,00021,0,trainval,IdW9UYlxlVY,50004,-0.16235067004965842,2.56
train,pretrain,OmMv9tShW8k,00034,0,pretrain,SDjLpMj3BDU,00047,7.351283412743079,5.44
train,pretrain,aILSY9g7Tg0,00022,0,pretrain,tsFKSfItBoE,00020,-7.656236225006337,19.904
train,pretrain,gpSnhBdsKE4,00002,0,pretrain,hVsnkRoYfX0,00008,2.9690697595988347,3.584
train,pretrain,OOG65rSM5fA,00018,0,pretrain,HY71088saG4,00009,-3.351321904643136,20.16
train,pretrain,rSfHY43qLWs,00010,0,pretrain,IL2lb9fmIV8,00009,-5.993862925600048,3.776
train,pretrain,JGVU8n7jjHc,00018,0,pretrain,UQzvNIIMayo,00005,-4.823357628331825,8.448
train,trainval,3gSSNHO1dDs,50006,0,pretrain,TT6qWghHkFI,00009,8.29550417024949,2.752
train,pretrain,Ep2MAx95m20,00028,0,pretrain,9vpqilhW9uI,00001,5.741039218534986,17.6
train,pretrain,RGRlkq4Xl1s,00013,0,trainval,5nrn5fC001Q,50008,-0.3353993252742775,3.52
train,trainval,70uaS1e9YN0,50013,0,pretrain,IfzrN2yMBaQ,00002,-5.587028716795485,2.048
train,pretrain,0P0mBj09vwk,00006,0,pretrain,sJKFyDbWVqA,00008,7.57480900141249,15.488
train,trainval,Cu3ILSqFJJQ,50001,0,pretrain,8m5Ebx6nuGE,00017,0.9295046116675252,2.624
train,pretrain,p2MEGk5q1WI,00029,0,pretrain,qZRSPO8NtJc,00013,0.13988865011888763,7.488
train,pretrain,bClWV3eeETA,00011,0,pretrain,mFnS7wG1qXw,00009,2.5597165918298153,9.216
train,pretrain,ea3HnhOLC9g,00035,0,pretrain,uTbASmxo858,00019,4.375238633452023,4.416
train,pretrain,DtT6S1vtjzQ,00036,0,trainval,bXnTAnsVfN8,50006,-1.8156830035014888,5.376
train,pretrain,FzApYQDIXlg,00004,0,pretrain,mA1vshSuyQU,00020,1.7822096330101829,10.88
train,pretrain,fBLErez9ljw,00033,0,trainval,yFVXsjVdvmY,50004,7.937441654425623,3.52
train,pretrain,5AN5fPFtV0U,00046,0,trainval,IfjI0tVUpbc,50004,5.9564986716872,3.776
train,trainval,VbF2KPn3TrU,50010,0,pretrain,Qzmt2wQMhYo,00004,6.181704561732708,3.776
train,pretrain,gXlIASSrI4E,00004,0,pretrain,70uaS1e9YN0,00031,-3.845713708946457,3.968
train,pretrain,boSGZ3qSAys,00015,0,pretrain,oTHSfmQo3Ok,00001,-4.422208957635418,5.568
train,trainval,uM1Ygy0tSp0,50013,0,pretrain,Oa82WNk0mis,00012,2.2655226798844375,5.952
train,pretrain,wX78iKhInsc,00054,0,pretrain,gBkIyJ7kfSI,00050,9.713659576707826,3.712
train,trainval,MEDgtjpycYg,50002,0,trainval,hVsnkRoYfX0,50012,4.178122438034288,4.16
train,pretrain,zZJSgrzZNdY,00015,0,pretrain,xDe346z233Y,00021,-6.251433672999287,9.728
train,pretrain,mJxA8eIWQUc,00053,0,pretrain,ttRhMPgpoOQ,00013,9.363397384652757,4.736
train,pretrain,ZChEFOGSn8Q,00027,0,trainval,9EglK8Mk18o,50034,2.100831624796431,2.752
train,pretrain,U9BzgnX3z6Q,00018,0,pretrain,9SGSSQssNj4,00029,0.9327777210809511,11.52
train,pretrain,KVjkFqS7Y6A,00032,0,pretrain,K926HAKRFvw,00012,-3.470153980328366,7.424
train,pretrain,oPpE0AGqFuk,00017,0,pretrain,1BXYSGepx7Q,00025,-9.892847252795677,7.232
train,pretrain,wOsQKjNoHmw,00013,0,pretrain,qP2W2k3L1Ow,00019,8.405164734679602,6.528
train,pretrain,Smhe7COLiR0,00016,0,pretrain,Ftow7dSpaiY,00030,5.973632954728279,18.56
train,pretrain,W14XWvAz3x4,00006,0,trainval,Qm172DbaSbc,50006,6.668136036226716,3.84
train,pretrain,SjSHVDfXHQ4,00010,0,trainval,vNpmq6OkSQQ,50007,-9.443519863510728,2.048
train,pretrain,k3zZVQPaKKQ,00003,0,pretrain,jk6Y3f2c4SI,00015,-1.0111524906037452,4.16
train,pretrain,uhRhtFFhNzQ,00005,0,pretrain,5tUnSuoYKoE,00058,-5.159062506663961,4.928
train,pretrain,DqbM1ZrpTQg,00009,0,pretrain,aiDSQyFdd68,00030,4.993113941251806,11.392
train,pretrain,qYfEYvo96Hg,00001,0,pretrain,LFxQEUDIAuk,00006,-6.993369980468842,8.64
train,pretrain,0HEXx3SP8kk,00003,0,pretrain,Tmk7nAvpMXQ,00004,3.3297089597250267,6.72
train,pretrain,0sYguTPLpHE,00025,0,pretrain,svNcoU59IQ0,00002,-2.0979302148533403,8.512
train,pretrain,Br1AIvMrvAE,00037,0,pretrain,km4GiwSIFCo,00009,1.45596953402476,6.976
train,pretrain,DW5YctpK7pM,00009,0,pretrain,q9Ou0cj3fF8,00057,4.2305975747441735,8.768
train,trainval,oDdcx5luv5s,50005,0,pretrain,mT4Qbp89nIQ,00011,3.879061135828989,4.288
train,pretrain,JSuTsrxfYWQ,00017,0,pretrain,P82edb1SCNs,00005,-3.1317087541997024,6.08
train,pretrain,SGzenQjZSpU,00022,0,trainval,ATISgVUKetI,50028,4.609733028154093,3.136
train,pretrain,KkyzYjPuxK8,00006,0,trainval,NAcuH7nSdLc,50015,9.632838938569591,2.048
train,pretrain,i0QKBKWnkxg,00009,0,pretrain,9KaMufF0rAY,00028,1.2342026862541537,7.68
train,pretrain,ooIxHVXgLbc,00022,0,pretrain,VcMyX5R4dzs,00012,-7.240036150147837,4.864
train,pretrain,dE1DuBesGYM,00003,0,pretrain,1joQ8ZhX2o4,00012,-1.3861091435436297,2.88
train,pretrain,zawpbVpu5nY,00008,0,pretrain,ASQpKiUSNHo,00040,8.150527297415298,6.208
train,trainval,lfBpsV1Hwqs,50019,0,pretrain,pz1TDXKSTHc,00003,-7.168212001674603,4.288
train,trainval,EiTrl0W1QrM,50002,0,pretrain,bo4HiVetBd0,00002,6.306189943023533,3.328
train,trainval,raCIUeGUr3s,50010,0,pretrain,9MegHiL93B0,00014,-9.088624751663092,6.016
train,pretrain,TPA0qoemShQ,00006,0,pretrain,uCC3dS7FrkQ,00026,2.66732643411763,4.928
train,pretrain,0N1oA9LUEc4,00013,0,pretrain,Zf0zAiS8CtY,00010,-5.123322530379594,6.4
train,pretrain,KE3SK9M3JjY,00001,0,pretrain,1gdKrtwBGqY,00014,-0.9450141843820852,7.04
train,pretrain,fYUaWgVF2XA,00014,0,pretrain,vGzBcBZrOSw,00005,-4.817478256110634,9.344
train,pretrain,KoXdjyJyxbE,00011,0,pretrain,0sYguTPLpHE,00046,-7.530910145045386,5.696
train,pretrain,7DLzXAjscXk,00011,0,pretrain,nPdUMWGWE28,00003,7.994619636918788,19.456
train,pretrain,G0jxiJzIiz4,00006,0,trainval,ZcFRfJb2ONk,50003,-9.350516111302161,5.568
train,pretrain,o9DNWK6WfQw,00035,0,pretrain,CLSSiaFuLo4,00033,-3.1168165087119837,7.744
train,pretrain,ASQpKiUSNHo,00044,0,pretrain,rzbtSeVZeEE,00009,-6.692226042425893,8.448
train,pretrain,3Z6x5t5A9so,00026,0,trainval,FdHJw0veVNY,50002,5.581177765498694,2.88
train,pretrain,Mjoxh4c2Dj0,00012,0,pretrain,a19lSbFPRqY,00019,0.22781263239265392,5.888
train,pretrain,XS3m37czBfk,00011,0,pretrain,YraU52j3y8s,00026,2.1063784606378793,5.184
train,pretrain,MLvwTlbj1Y8,00044,0,trainval,zISxg4JhSRk,50019,6.810070015578866,4.8
train,pretrain,EZSf3Fc0ZRA,00020,0,pretrain,7O7BMa9XGXE,00017,-8.119183004765496,8.0
train,pretrain,nG1oCU0ijP0,00033,0,pretrain,SJ5bDhMP9lQ,00016,-9.711839616103152,9.28
train,pretrain,sYySLEdYr8A,00009,0,pretrain,IfjI0tVUpbc,00006,9.8428918171935,16.32
train,pretrain,SRKgDP1YPUo,00011,0,trainval,CiLnSGrcuEs,50008,9.686882416284217,5.888
train,pretrain,JhcCHjqSiBo,00018,0,pretrain,SgYvy71CSSA,00021,4.508409425321382,3.648
train,pretrain,P4X9ZfEx9So,00001,0,trainval,6H6wKMYSiEU,50002,-4.969342065392057,6.016
train,trainval,v3oSF94S4FI,50017,0,pretrain,wSepGxx36To,00011,3.169603438343758,5.888
train,pretrain,Eo9bb3U9wPs,00005,0,pretrain,8olL43PKJKw,00035,8.948466539732415,5.376
train,pretrain,z0HsPBKfhoI,00021,0,pretrain,MKKGS38vCO8,00037,9.431047769392961,5.952
train,pretrain,SQe8cR4Jl10,00008,0,pretrain,LM3ISST2eg8,00004,2.6862124558283327,9.536
train,pretrain,ouXGIw7gBmk,00028,0,pretrain,2jTdZSPBRRE,00001,5.39567030383915,4.48
train,pretrain,qNvDRuGK84I,00025,0,pretrain,rAZPIxYvBAE,00017,-7.57815953976144,4.48
train,pretrain,hPsUXhXgWmI,00032,0,pretrain,ofjRnIpXBF0,00016,8.583667147037364,5.568
train,pretrain,saXfavo1OQo,00017,0,pretrain,WSsjBMSWSYE,00003,-4.975859632502826,5.056
train,pretrain,oDdcx5luv5s,00028,0,pretrain,iZRGUADAu2Q,00031,-3.472163866070062,14.336
train,pretrain,MLU7qcMYKO8,00023,0,trainval,cSsxBTNF2U8,50001,7.03392166486649,5.696
train,pretrain,GZyjTPEufLk,00022,0,pretrain,mDSuP2BsVy4,00026,-0.18418515885722542,6.72
train,pretrain,UoMpbLSFsig,00018,0,pretrain,PcQwHHbjZ0A,00019,2.9105839773192965,6.592
train,pretrain,kpfsQbFV5SU,00008,0,pretrain,PgCmT0qkfQM,00025,5.518107327145806,12.48
train,pretrain,jn0Ygp7pMbA,00017,0,pretrain,AP8i435ztwE,00020,-3.0847048758271134,9.216
train,pretrain,X2et2KO8gcY,00032,0,pretrain,svIPBU31d0c,00005,-3.7898672905018227,16.704
train,pretrain,NPSelwWdPa0,00041,0,trainval,es4w3WUcrN0,50002,5.130265877797168,4.8
train,pretrain,HaHeAdJNa70,00008,0,pretrain,GDnYDLERnRE,00007,-5.190470292996263,4.736
train,pretrain,Br1AIvMrvAE,00027,0,trainval,SXJ20tt5nPQ,50003,3.3986122606006326,6.208
train,pretrain,7Mn4PnGRuPk,00002,0,pretrain,w1TBZhdSsN0,00026,9.855933986214389,3.968
train,pretrain,2G0wQfUl9EU,00006,0,pretrain,YO0lbdhF30g,00019,-8.804424724568698,5.504
train,trainval,btF6nKHo2i0,50006,0,pretrain,pF72px2R3Hg,00040,8.738140033508813,2.24
train,pretrain,eh3cdTlh7VM,00004,0,pretrain,bmFhWr693is,00009,-5.592636309166545,6.208
train,pretrain,zGEDHMF4rLI,00035,0,trainval,wznroZvpVHU,50003,-7.296059680350333,2.432
train,pretrain,AzW2iKdSITM,00006,0,pretrain,sG2K1S4M8U8,00006,-7.238673667401681,8.832
train,pretrain,wvIyVZf3qZU,00010,0,pretrain,oZ2eT76Sb4I,00022,-1.5766418034437546,7.232
train,pretrain,N9HF8mMe2pU,00003,0,pretrain,23vKtqo2t4k,00002,-9.849519247148704,12.736
train,pretrain,tRqVPRwKn2o,00016,0,trainval,ZhDgwrKSBWQ,50019,-3.9555423151293256,5.824
train,pretrain,VQRjouwKDlU,00029,0,pretrain,5pGWV4KBDUs,00001,5.119967428646532,5.12
train,pretrain,ESlb3D7AySM,00006,0,pretrain,cOIJGGgaSIY,00013,0.053585368397987665,5.44
train,trainval,s7YsNStlRwI,50004,0,pretrain,Cqj0sgrNL10,00054,-7.866698216185329,5.888
train,pretrain,dskNubEgzCk,00006,0,pretrain,ro1Ksq5DihU,00002,4.105257873490878,8.768
train,pretrain,XSuZ6ukuz5s,00012,0,pretrain,av3SCLBU7sI,00001,6.900080707846186,5.312
train,pretrain,U4Lx5rcii38,00007,0,pretrain,HfotnZVEq80,00010,0.13710846937537013,11.072
train,pretrain,fa6ERdxyYdo,00020,0,pretrain,Sid0oc0w3mQ,00022,8.296176214910943,11.2
train,pretrain,C8QCStOtqus,00020,0,pretrain,aIFFFGf1ZRE,00021,1.4414600334658907,5.76
train,pretrain,lrYx7HaUlMY,00037,0,pretrain,TOSSkVIkY6A,00017,-9.7255152080521,8.256
train,pretrain,IzPcu0SETTU,00024,0,trainval,kTz52RWSbD0,50005,-6.3723787674675325,2.496
train,pretrain,QWN5xhV6v1U,00008,0,pretrain,kbAac9DxM1I,00004,-5.77228037390727,9.728
train,pretrain,SxwLfSlkJDI,00003,0,pretrain,KSWL5iqvPlY,00011,-2.8498929683515017,4.352
train,pretrain,4ZgwzSm7sRs,00012,0,trainval,bSiGZPtWXzE,50022,2.5096741078303886,5.376
train,pretrain,E66oIgegbv0,00001,0,trainval,N8Votwxx8a0,50007,2.1635417992411057,3.264
train,pretrain,CR5krXHkr2I,00018,0,trainval,jpuDyGgIeh0,50008,4.876837612017216,5.568
train,pretrain,jDfeDOWiw3g,00009,0,trainval,hQ4XmSR9zw8,50014,-4.497918078999956,6.08
train,pretrain,h1Yg1rURKR0,00013,0,trainval,lqSBVyou38s,50002,0.5661934235419981,2.624
train,trainval,RjyxIsE3V2g,50002,0,pretrain,hfznpykprP0,00014,-0.957569881562975,2.048
train,trainval,KTTtn0iSZyA,50003,0,pretrain,60P7717SXOQ,00030,-6.773052561420847,4.096
train,pretrain,NhSTVcNFtVI,00013,0,pretrain,XkiXXPShycA,00033,8.947043172434107,8.64
train,pretrain,SMTRxRO5SRA,00006,0,pretrain,ZCS0MZuVBwE,00024,-6.342751272686016,4.544
train,pretrain,yVQ8fZB30JU,00006,0,pretrain,CSeFjLZqXt8,00022,-8.602239108032775,3.904
train,pretrain,Eo9bb3U9wPs,00010,0,pretrain,sucza6EOIf0,00062,4.929217768601699,3.2
train,pretrain,5nwSjRA3kQA,00001,0,pretrain,ftWn4QOvTTo,00024,-3.8340147964860076,5.76
train,pretrain,gevXeQwS1jg,00029,0,pretrain,1N39Z0ODeME,00011,6.811594091349111,8.0
train,trainval,aEjUlH7bNDo,50011,0,pretrain,BltRufe5kkI,00003,7.184146113251025,4.48
train,pretrain,SjaWs87t5UM,00004,0,pretrain,iyfdWsa1zns,00021,-0.788576398891319,11.136
train,trainval,MoSmgcxGYYE,50018,0,pretrain,nLtUl2CP8ak,00054,9.56491193640288,2.88
train,pretrain,yVQ8fZB30JU,00025,0,pretrain,iwlSPe0FbSg,00026,0.5253228793312914,10.56
train,pretrain,QoRZNSVpt3Q,00004,0,trainval,sWN13pKVp9s,50001,-3.9293810068884705,3.968
train,pretrain,afev0ZjAhUA,00006,0,pretrain,jKAehegqTvg,00021,-4.107797572003884,4.416
train,pretrain,A60UTjiEp4c,00016,0,pretrain,I6M54p8VQFA,00016,-4.029807910715424,3.776
train,pretrain,SQdPW8JrYzQ,00011,0,pretrain,j7c9b9A2AHc,00034,-8.4465603956993,5.504
train,pretrain,a7cDt5r2pGY,00002,0,trainval,53P0aypkpXY,50007,-3.0686260398922176,5.888
train,pretrain,3F2jACWwKdU,00026,0,pretrain,3TXSNu5wTS8,00001,-9.68300035992224,14.4
train,pretrain,WzuWMf3WPPc,00013,0,trainval,XoBSE2C1u0s,50003,2.7918966776492447,5.76
train,pretrain,zvwQXwJyaj0,00013,0,pretrain,4jUdCy6Vghw,00001,-7.459840124493759,3.776
train,pretrain,S6BLFdBfgfU,00017,0,pretrain,C3DyhrDsNUA,00001,-1.2080565971419244,6.72
train,pretrain,86xSuStz0MA,00007,0,pretrain,93fJ33L9OKw,00036,1.1499202472764747,6.272
train,pretrain,bzj1BTdfoeI,00018,0,pretrain,DcKdClnpz4k,00041,1.5894112327323828,4.608
train,pretrain,NMfXycr7SOU,00023,0,pretrain,D089tSF9yUU,00010,-6.045448956627649,5.632
train,pretrain,UoMpbLSFsig,00024,0,trainval,1CN7PF10RKo,50002,2.6940400593240916,3.904
train,trainval,PL9wP3pAl7A,50011,0,pretrain,M1yCvKASWdU,00005,-5.478076587056632,3.328
train,pretrain,VB9S4kELT2k,00008,0,pretrain,utV1sdjr4PY,00026,6.11003328492928,13.568
train,trainval,unNRCSj0igI,50001,0,pretrain,bXnTAnsVfN8,00017,4.15042443098649,3.456
train,pretrain,TDCYJ3Sgx2w,00021,0,pretrain,z3kdILSEbQU,00010,1.8563008936825476,9.28
train,pretrain,X6Zo53M0lcY,00001,0,pretrain,z0HsPBKfhoI,00017,9.619484999392881,4.8
train,pretrain,ivvKSx4Q6L4,00006,0,pretrain,ooUqOwhS2LE,00010,-1.8321037917001899,13.76
train,pretrain,eaelI0u4Sz0,00012,0,pretrain,CiSk3gmyjQ8,00016,-3.974392737208712,8.384
train,pretrain,B4xOFsygwr4,00036,0,pretrain,v3SZTqj2Skw,00032,-2.097693105567757,7.36
train,pretrain,Y350oOiunf4,00027,0,pretrain,DZfOvYiQtow,00012,6.779137528902297,19.584
train,pretrain,EEWTNYovKfE,00004,0,pretrain,Tu01sNfs5SQ,00025,-3.358040673628981,8.896
train,pretrain,3sUWSDHOVn0,00046,0,pretrain,w3q89BTJj3o,00024,-8.411345115557534,5.824
train,pretrain,KQEWc3LVfyc,00003,0,pretrain,P2y3Uspr8Bg,00010,7.954120838695886,7.68
train,pretrain,SxMWqUe8FdU,00005,0,pretrain,2g9GedPylM8,00006,-4.9592381286299165,6.4
train,trainval,3phTundagzQ,50002,0,pretrain,KJ3lcCa0G4Y,00015,0.7587098288468113,3.072
train,pretrain,n8eyF4UWG38,00015,0,pretrain,UWKvpFZJwcE,00015,-1.8500985746081895,3.2
train,pretrain,uBgRo9tnvSI,00009,0,pretrain,ErexJkoDhGI,00017,5.984500368044042,9.152
train,pretrain,qQDC7c2I8l8,00014,0,trainval,FIrgjCNcDBI,50002,6.627120095799157,6.08
train,pretrain,8oHvknJfklE,00006,0,pretrain,NJ9Iq7ReMDs,00002,0.1404794712145474,5.696
train,pretrain,jMVAgCPYYHY,00018,0,pretrain,5sS3Yjh9Lw4,00015,7.936691438138212,6.016
train,pretrain,2OlhCITl1J4,00020,0,pretrain,F6NU0DMjv0Y,00033,1.4446066770479895,10.752
train,trainval,i6SbQqqRVtM,50002,0,pretrain,NMBNZspmn7I,00015,2.75881453131017,5.952
train,trainval,cWcVPpxezE0,50004,0,pretrain,1IxIDGyISzk,00008,-9.313110446931121,3.456
train,pretrain,rToBZSrxjgM,00003,0,pretrain,F6NU0DMjv0Y,00014,4.854558735776246,5.632
train,pretrain,ea3HnhOLC9g,00017,0,pretrain,xRdZXhyrO6c,00016,-0.289929721524409,9.856
train,trainval,0MYq1WJMmts,50001,0,pretrain,AhKevstJyrc,00032,3.7547996456519037,3.968
train,pretrain,lWnrS99DNeE,00001,0,pretrain,4EUAMe2ixCI,00059,7.516987588631302,5.12
train,pretrain,gypAjPp6eps,00010,0,pretrain,oimk352QvAg,00011,2.1573049821394754,4.928
train,pretrain,FRKg49ySnNw,00032,0,pretrain,vwhSTukb07U,00023,-3.5700545594130677,4.416
train,pretrain,k5tCYg9s0HU,00009,0,pretrain,bGOQFSkA6SE,00004,-8.711033950030501,13.888
train,trainval,BMDSPhk7JSY,50001,0,pretrain,QAnNM3WJCYA,00007,5.728387124485824,5.952
train,pretrain,0sYguTPLpHE,00056,0,pretrain,mWA2uL8zXPI,00014,-3.0243823403644914,14.272
train,pretrain,aL00a3sfnYM,00001,0,pretrain,rEgSZNB3qyI,00027,-1.2813414641004073,6.976
train,trainval,qS7zAkwAOYg,50002,0,pretrain,WpldYJ3sSIo,00006,-3.4324044623227383,5.056
train,pretrain,rzu845HV8n8,00004,0,pretrain,CrsdoIOGCRw,00001,7.200589038139313,6.08
train,trainval,sWN13pKVp9s,50003,0,pretrain,Hul8htHa9AY,00009,6.451292433909078,5.888
train,pretrain,o0TbaHimigw,00006,0,pretrain,XZiNVGA78kA,00007,-9.857804057989155,15.488
train,pretrain,mSvyBpWueu4,00033,0,pretrain,AR6RiSHN7S0,00007,8.989545410750146,6.976
train,pretrain,FMJgZ4s2E3w,00004,0,pretrain,sa0RUmGTCYY,00015,0.14510832395168904,6.144
train,pretrain,YZa4sdIwV04,00023,0,pretrain,49aWAHqi200,00021,5.011341541593648,7.616
train,pretrain,tpH2fhwCzSM,00001,0,pretrain,AyWtIwwEgS0,00016,1.7137726835322482,3.584
train,pretrain,ko32Hr1SoPc,00009,0,trainval,8jPQjjsBbIc,50005,-0.4715844970860097,6.208
train,pretrain,okQXrB7ySAw,00041,0,pretrain,n9ZSpccScW0,00016,-8.566050966183171,7.296
train,pretrain,xEtXItg9hEE,00028,0,pretrain,01GWGmg5jn8,00045,-5.2791456996518615,4.288
train,pretrain,WR2kKw3kQEA,00001,0,pretrain,n8Y8FK8gonc,00009,4.162701267762319,2.176
train,pretrain,JSLUS3qLv0I,00027,0,trainval,5iqZzi9mj4M,50004,-4.088468825842959,3.968
train,pretrain,bEdvQjTGYP8,00025,0,pretrain,QOSPNVunyFQ,00017,6.558211234074356,6.784
train,pretrain,gXlIASSrI4E,00017,0,pretrain,NMBNZspmn7I,00010,6.31365582054061,6.72
train,pretrain,lrYx7HaUlMY,00019,0,trainval,NMfXycr7SOU,50001,-0.4842670552828494,5.888
train,pretrain,0FQXicAGy5U,00004,0,pretrain,93fJ33L9OKw,00011,0.8446496320054138,6.208
train,pretrain,Mu00S1dAMl4,00014,0,pretrain,SRKgDP1YPUo,00004,8.601331956111263,7.36
train,trainval,Mjl1i13JKNM,50001,0,pretrain,vkEeNkHilIg,00027,8.01967025911977,6.016
train,pretrain,osBbP6Om4Mg,00018,0,pretrain,lwcvhh4pLjE,00065,4.552891521581145,3.008
train,pretrain,v84pD2g3gSk,00021,0,pretrain,G1RRbupCxi0,00015,7.502333358707325,7.36
train,trainval,CFtsHf1lVI4,50002,0,pretrain,S3SnIMZ43EQ,00039,-8.247799585742053,5.568
train,pretrain,WSsjBMSWSYE,00021,0,pretrain,ARGkp6am3S8,00010,6.150459605683782,4.096
train,pretrain,n1jA0BKOLSY,00007,0,pretrain,UoruUSrndBA,00017,4.956019581729885,13.056
train,pretrain,gIuhIo7mO5A,00007,0,pretrain,sY0PfSpfqCI,00026,0.09692300673955323,3.456
train,pretrain,TpC8wNkjSvs,00012,0,pretrain,mSQmfZOVNPw,00004,5.361431497172859,4.48
train,pretrain,V1ItvwxBENg,00043,0,pretrain,8LQhhYgjlJ0,00013,4.744880343530367,7.552
train,pretrain,kYXiegTXsEs,00034,0,trainval,Xv2gHiX9Bqw,50010,-7.9828942635984435,4.992
train,pretrain,WKXmw7uZc5U,00003,0,pretrain,Qao76IPXWSE,00028,9.663764488836502,2.368
train,pretrain,Phf66nAoMIk,00004,0,pretrain,4SkoG9FWP4w,00005,-6.204167828447789,3.136
train,pretrain,4uAAegPkCKo,00031,0,pretrain,hPsUXhXgWmI,00010,-8.34032995946256,6.656
train,pretrain,VvpUZjRVoBI,00012,0,trainval,bX32UShfri4,50009,7.412673353465035,4.416
train,pretrain,UTwRlz13NYI,00013,0,pretrain,sYySLEdYr8A,00019,9.826163795550112,12.16
train,pretrain,L9Sc1j9VRwE,00014,0,pretrain,TWPahtyJDsI,00039,9.356468000340612,5.44
train,pretrain,01GWGmg5jn8,00037,0,pretrain,dcwuBo4PvE0,00023,-9.678853560524646,6.208
train,pretrain,pbGLBjDhnSY,00022,0,pretrain,dsOSb0SrS5Y,00026,6.24513679761052,6.976
train,pretrain,pPBI8oUXZ8Q,00007,0,pretrain,O9Hfqc3trhw,00006,7.462202708015198,11.008
train,pretrain,AQ8cpjEdpmI,00036,0,pretrain,IdW9UYlxlVY,00015,-8.380130565694209,5.568
train,pretrain,HpAaSOgpi50,00002,0,pretrain,rCplocVemjo,00009,7.570634409178961,9.408
train,pretrain,DokhOtMp75A,00003,0,pretrain,9SQYDFiWnSs,00028,-4.199735119938762,13.056
train,pretrain,qmnVdzzAuQk,00012,0,pretrain,mt4oSR9wzrs,00009,4.04768721538651,3.2
train,pretrain,PdxPCeWw75k,00018,0,trainval,pWrgvI4nyyg,50003,1.1950900678920373,2.112
train,pretrain,RmXiItk49Gw,00021,0,pretrain,cplaWsiu7Yg,00005,-6.340162576343076,8.32
train,pretrain,CfmNXPMjChs,00012,0,pretrain,PCupHgKGCcY,00023,5.3861588327718515,5.44
train,pretrain,oVE5rRJa0D8,00002,0,trainval,Fc1yN6uxZfQ,50003,-2.8424155010946333,3.008
train,pretrain,sj3PnSpogXw,00014,0,trainval,9EglK8Mk18o,50026,-5.581160115116046,3.136
train,pretrain,uRxwQsrI560,00006,0,pretrain,7npLVcymHGc,00007,3.152126644274473,10.88
train,pretrain,D1QoyTmeAYw,00005,0,pretrain,SK095wuESeE,00011,-2.334327061140975,5.44
train,pretrain,wjXClLxcFTQ,00011,0,pretrain,hTAXEq6zLo8,00033,-3.8983099985150815,17.216
train,trainval,n8eyF4UWG38,50001,0,pretrain,qywLsqI5YeY,00001,-2.4593743249304474,4.48
train,pretrain,2SIk5ofBKco,00003,0,pretrain,sYySLEdYr8A,00004,-2.4588857176926044,4.352
train,pretrain,WOgSqHtTtHY,00002,0,trainval,pY6ulSP70HY,50021,-0.5381326045735086,2.24
train,pretrain,goSQOzc79Uc,00007,0,trainval,Possj5cXEnM,50019,1.72534022512923,6.208
train,pretrain,DJGreSgaOTc,00006,0,trainval,QhLLMBN57AU,50014,-0.21564377019890202,2.496
train,pretrain,97MWOERYSdE,00013,0,pretrain,dsMCVMVTdn0,00009,-7.179452308228296,7.04
train,pretrain,lwz8KvS9NRA,00023,0,pretrain,6liIKYeUzaY,00014,-7.856555195994086,4.16
train,pretrain,3GBrJiSMFu0,00003,0,trainval,q06YIWCR2Js,50032,-4.589465903063578,3.52
train,pretrain,G8gJJuCdPSA,00007,0,trainval,KI3WJXNhCJ8,50009,-3.480177330519063,6.208
train,pretrain,kLIfeGflNp8,00008,0,pretrain,vu7eInSBt4I,00002,-5.589556619112126,12.928
train,pretrain,IGadg8xHVPI,00018,0,pretrain,rBS1eaMitXQ,00003,-0.3721825511075867,11.136
train,pretrain,pVQdpofMhwU,00015,0,pretrain,RxmzCJug9HE,00004,5.418086784522298,22.592
train,pretrain,6ORDQFh0Byw,00006,0,trainval,KxDwieKpawg,50010,6.253833859802384,2.624
train,pretrain,jn0Ygp7pMbA,00009,0,pretrain,3M29BY86bP4,00010,4.994601448778697,6.016
train,pretrain,F4Zu5ZZAG7I,00009,0,pretrain,AQa3kUJPEko,00019,-1.5208150160334721,12.224
train,trainval,NaoSp4NpkGg,50001,0,pretrain,PyXZvuxDkC4,00031,-1.9131131220770232,5.76
train,pretrain,wZzHnZzmS58,00016,0,pretrain,UGtFXtnWME4,00029,4.687576036167787,3.008
train,pretrain,cswhOCKQZ7Q,00021,0,pretrain,l1fodZNF1GI,00002,-2.819628521076125,6.848
train,pretrain,J6ZzmqDMhi0,00014,0,trainval,N37x4GgDVBM,50018,-2.2657963889261197,4.288
train,pretrain,BYeYVuqD8kU,00028,0,trainval,8COaMKbNrX0,50007,5.211782592554968,5.888
train,pretrain,b4kSKPELNcc,00013,0,pretrain,xX1Job6O60E,00010,8.35301677633391,9.728
train,pretrain,2m9kC1yRnLQ,00008,0,pretrain,GOCUH7TxHRI,00001,6.876472447427922,2.688
train,pretrain,j3BKOnw9mD8,00013,0,pretrain,LM3ISST2eg8,00002,-6.918311062443074,15.68
train,pretrain,cC0KxNeLp1E,00002,0,pretrain,WzDygsn0Djs,00038,-4.309833600943273,7.04
train,pretrain,F6NU0DMjv0Y,00045,0,pretrain,acJscdoP2a4,00026,2.3614165042246853,11.584
train,pretrain,aUBawr1hUwo,00002,0,pretrain,btlF4ZSAoFc,00016,0.21611395215967732,3.968
train,pretrain,v7UKkzIaSsQ,00017,0,pretrain,y8qc8Aa3weE,00003,9.04660614255635,7.616
train,pretrain,bB5zR2xYhm4,00022,0,pretrain,niASMK9RoAI,00020,5.906906347985849,5.696
train,pretrain,oml5JLFKgH8,00001,0,trainval,h0C2LPXaEW4,50014,-0.7368543275553279,6.144
train,pretrain,r92jUj7gNRw,00009,0,pretrain,4v4Pf5Dt8Hg,00041,-7.943368405664475,3.968
train,trainval,vHhn7z6BA0w,50001,0,pretrain,RjrS5EqZlUs,00005,-1.0309969747333412,2.176
train,pretrain,okQXrB7ySAw,00056,0,pretrain,mSQmfZOVNPw,00002,-6.541019344005095,5.248
train,pretrain,LZXUR4z2P9w,00005,0,pretrain,pSCefSAYqaA,00005,-1.7060401280749442,6.144
train,pretrain,HyZV8Ql1PI0,00004,0,pretrain,p0p45l9NMto,00001,8.856476711377333,7.04
train,trainval,h0dSQDgl3gI,50006,0,pretrain,EZSf3Fc0ZRA,00003,-0.9920396094449657,2.688
train,pretrain,syjEN3peCJw,00007,0,pretrain,OAK1UIbSFio,00036,-5.643758627381434,5.056
train,pretrain,zESeeaFDVSw,00017,0,pretrain,ZR4LdnFGzPk,00009,5.183846818132572,4.224
train,pretrain,COwSbfCgXBw,00024,0,trainval,vR8msiSohZM,50006,5.014082382101071,2.752
train,pretrain,0HEXx3SP8kk,00032,0,pretrain,ZChEFOGSn8Q,00001,-8.972930819553602,5.696
train,pretrain,EluxCgnQVzg,00008,0,pretrain,mzu3ira61k8,00003,-8.786261669319448,7.104
train,pretrain,Mjl1i13JKNM,00027,0,pretrain,L51h8BBu7b8,00008,-5.240639871717856,17.856
train,pretrain,2TDLN61HKKc,00028,0,pretrain,bfAzi6D5FpM,00033,-8.627803452287273,8.0
train,pretrain,Y9DsAmzNkWk,00002,0,trainval,1ZQmwVYNgPc,50005,8.903781966095824,2.88
train,pretrain,EEjyPqyFeSs,00003,0,trainval,WzDygsn0Djs,50009,-8.343430186757583,6.016
train,trainval,2dnSoGaEHxs,50001,0,trainval,Yx2rjq1gSWA,50003,6.652096259571504,5.696
train,trainval,stBSQ6CagVo,50005,0,pretrain,SQe8cR4Jl10,00031,4.512508378203371,4.736
train,pretrain,BFK2knjj4lQ,00013,0,pretrain,I9tB6Q5bmcQ,00033,-9.105371405132976,4.8
train,trainval,2wu28tI9VkM,50001,0,pretrain,ivvKSx4Q6L4,00020,-4.14137743403491,6.08
train,pretrain,KTTtn0iSZyA,00010,0,pretrain,H03o2WCBoDU,00009,3.908391119409309,5.248
train,pretrain,WNTk29zXl4A,00006,0,pretrain,6c0VtOdibcI,00016,-8.898934561557772,5.056
train,pretrain,5J6jAC6XxAI,00019,0,pretrain,RxmzCJug9HE,00015,6.098617694697662,4.672
train,pretrain,erCApSBd0AQ,00046,0,pretrain,Mr8nvXvlSy8,00033,-7.422369581426964,4.16
train,pretrain,vMiSf7LpFQE,00017,0,pretrain,pgmiPXAwiLg,00030,9.258504884585758,5.056
train,trainval,RVX8ZSAR4OY,50017,0,pretrain,rxeLnx5UEEk,00015,-3.4218802085323023,2.816
train,pretrain,S6cX2p5cBVg,00045,0,trainval,n9yuAhusVts,50007,7.709668693397532,4.288
train,pretrain,AK9OBSx77S8,00020,0,pretrain,3OMgvtWNHp4,00007,-1.198487559517325,5.568
train,pretrain,8HplGZBS7FY,00004,0,trainval,IfzrN2yMBaQ,50001,-7.885961091888333,5.376
train,pretrain,yTR4sADS4qM,00002,0,pretrain,YhW9I8SUkFU,00001,-4.645879679884253,17.792
train,pretrain,pk35J2u8KqY,00012,0,pretrain,0z03xkwFbw4,00009,-2.1155427364664554,6.016
train,pretrain,huzhvbrcgeQ,00004,0,pretrain,mkdSXHXhCcw,00073,0.5075691103730957,6.72
train,pretrain,0NV1KdWRHck,00028,0,pretrain,LTtTfCwkIW0,00003,-2.120046983180222,3.584
train,pretrain,vhhgI4tSMwc,00039,0,pretrain,Fr26scqsIwk,00007,-9.369826067528795,5.312
train,pretrain,FD5ZKiSmoMU,00048,0,pretrain,DWoAShyDSsY,00004,7.266380199767532,3.136
train,pretrain,mWm2qtEeBjE,00026,0,pretrain,fCKNScHMBGE,00020,-6.378670492453102,6.4
train,pretrain,28sa2zGgmwE,00021,0,trainval,1Gtc0ounD5I,50004,-9.237241863659378,6.144
train,pretrain,yxC30tEjZk8,00012,0,pretrain,v3SZTqj2Skw,00017,1.842379033342194,6.912
train,pretrain,zZo3S5j1Pf8,00009,0,pretrain,C74amJRp730,00007,5.476738196403375,13.696
train,pretrain,YDvbDiJZpy0,00010,0,pretrain,o9DNWK6WfQw,00007,4.32451167572847,13.76
train,pretrain,LSdPxGLesE4,00007,0,pretrain,Xw4K07eVuQE,00013,-0.4227794434624794,4.16
train,pretrain,BXcFEhl7ynM,00007,0,pretrain,bfAzi6D5FpM,00012,-8.924316921586218,4.992
train,pretrain,IYDqtxvKDW4,00001,0,pretrain,b8z6HfSq7l8,00004,-0.3808913707405086,8.448
train,pretrain,kcwBHSUevxo,00007,0,pretrain,3E46oWB4V0s,00001,7.14559812592255,4.736
train,pretrain,5Dn08yo9aiM,00006,0,pretrain,iNOE0dZpHcY,00050,7.164173673221267,5.248
train,pretrain,lxYFURQ7Ehw,00023,0,pretrain,aIFFFGf1ZRE,00002,4.985849349379119,7.04
train,pretrain,PVzcGhZ8Aeg,00009,0,pretrain,1XL8I9SIqRY,00007,-5.76017542702145,3.648
train,pretrain,CiZMZ7d7O0k,00001,0,pretrain,qykDS2AXKIU,00010,-7.177091196618253,5.312
train,pretrain,1BfMMoLYMlg,00005,0,pretrain,l141Mauo74A,00005,-1.6895037166766524,6.784
train,pretrain,eZWzNfOpbCQ,00009,0,trainval,o0TbaHimigw,50008,5.701275033591076,3.136
train,pretrain,S7SXH1CBzGw,00009,0,trainval,eNC1h5H5cJA,50006,3.608512807353561,4.096
train,pretrain,jobYTQTgeUE,00022,0,pretrain,KxDwieKpawg,00016,2.67443185205957,3.776
train,pretrain,1BfMMoLYMlg,00024,0,pretrain,FEeTLopLkEo,00011,-8.793279886768657,5.44
train,pretrain,bnvnBwP9sTo,00012,0,pretrain,DnbC2Tii0S8,00023,-1.2173951819736573,25.92
train,pretrain,TDCYJ3Sgx2w,00016,0,pretrain,1z3Fgtj8fqk,00044,-7.6524798601073325,5.376
train,pretrain,YhW9I8SUkFU,00014,0,pretrain,luoKOkTxOtU,00023,4.84615838148966,9.216
train,trainval,zcMj4Az1MwE,50022,0,pretrain,mCZCokSu37w,00009,6.239957659274985,6.144
train,pretrain,hj7wkh6nONE,00015,0,pretrain,pY6ulSP70HY,00015,0.34603503788424206,8.0
train,pretrain,W0WOfMeWvsQ,00025,0,pretrain,6wk4dkYSrV0,00018,1.245218672926491,4.416
train,pretrain,vNpmq6OkSQQ,00025,0,trainval,r3afSFSG570,50007,7.458275645562885,3.648
train,trainval,gwPoM7lGYHw,50005,0,pretrain,56WGgJNBRxQ,00010,4.51656840236631,2.816
train,pretrain,gLdBqrTOQxc,00017,0,pretrain,MvojSku8zk0,00021,3.8291881162013617,4.928
train,pretrain,lJGtXuCmZBM,00006,0,pretrain,xyIQFI865Sw,00017,-1.6220564457396591,8.384
train,pretrain,IaWeJ8V3pg4,00013,0,trainval,ZlKrvnB8YnU,50003,0.3201774004123248,5.952
train,pretrain,yDubrSRjlCE,00014,0,pretrain,dsMCVMVTdn0,00009,-1.4829455497772557,7.04
train,pretrain,csnxJFQw98k,00004,0,pretrain,KU0zEEDRKXo,00005,-9.686039236382891,2.688
train,pretrain,c2tOp7OxyQ8,00038,0,pretrain,Hc6yiSFtoNo,00041,-1.9510152485514372,10.624
train,pretrain,5QGApheKRc0,00031,0,pretrain,S6pLPVfKFoQ,00022,-7.880345512871536,6.208
train,trainval,znO7UHpxgTI,50010,0,pretrain,MSZS1wnjfhY,00046,0.18571928155896522,5.888
train,pretrain,PuroSL7O4eY,00012,0,pretrain,JeHqgambbcI,00005,7.473373260647932,3.84
train,pretrain,KCr8s57hdzY,00017,0,pretrain,dcwuBo4PvE0,00031,-8.06473902023135,8.0
train,pretrain,5Dn08yo9aiM,00018,0,pretrain,5K57kcs15DY,00022,-7.748697004029525,8.128
train,pretrain,SUkVcmKZyyQ,00022,0,pretrain,XS3m37czBfk,00001,-1.463738965742067,8.512
train,trainval,khRkIVPa1Vc,50007,0,trainval,DjcZrtcBZi4,50041,-4.569015075173725,4.288
train,pretrain,td1PbsV6B80,00017,0,trainval,VmP574ikRFs,50004,0.562692925992522,3.008
train,pretrain,APPbSStpGHk,00011,0,pretrain,NAkkckxE9i8,00014,3.449130412616997,9.024
train,pretrain,STdSfeMDeI4,00027,0,pretrain,PzSw6OsEP9Q,00026,6.155865901935481,3.584
train,pretrain,BSxI3YxAPW4,00024,0,pretrain,9AgCr2tTvng,00020,7.21752466931089,5.696
train,pretrain,d25l1aPz2kc,00017,0,pretrain,HjnclEhy960,00006,2.718021134759381,5.568
train,pretrain,IvtZBUSplr4,00005,0,pretrain,bJ8Kq1wucsk,00003,-8.131220720823338,10.304
train,pretrain,a5xR4QB1ADw,00013,0,pretrain,ZBWsmoy5Re4,00036,-5.849885271144539,5.376
train,pretrain,ZvSJE9n0GfA,00037,0,pretrain,sEOSCziWuP8,00012,-7.348241804944449,8.256
train,pretrain,h4GEMYsrJSY,00026,0,pretrain,jKcm96l0uqE,00001,-7.9619531546771105,7.04
train,trainval,o0td5aw1KXA,50002,0,pretrain,1CdmpHLSZRU,00008,-0.7356323183744387,6.208
train,pretrain,uo7w3g24DWo,00006,0,pretrain,z4fsN1DSEVk,00008,-4.648033249321156,5.184
train,trainval,1G8dQQrlbbA,50003,0,pretrain,fDV4fDWUo6U,00005,-6.1979947881515844,2.368
train,trainval,uHRG3Vr9qyI,50008,0,pretrain,6d6oq0zGGmw,00002,-1.9087308523128765,3.776
train,trainval,vzKA1y3cdYI,50023,0,pretrain,AQ8cpjEdpmI,00031,-4.851345529230178,3.968
train,pretrain,PWhjzFwn9Js,00007,0,pretrain,wAIP6fI0NAI,00012,0.42847459015528244,3.776
train,pretrain,qS7zAkwAOYg,00017,0,pretrain,sFNmulAb4wM,00026,-7.614403218163847,7.36
train,pretrain,YGoI3B86iX4,00031,0,pretrain,KTTtn0iSZyA,00014,6.349310303922259,4.736
train,pretrain,k6DPjCmc3BM,00004,0,pretrain,lU1ISu1LOv4,00003,-1.0298264371905432,7.744
train,pretrain,855Now8h5Rs,00016,0,pretrain,f6nQJoEk7Ko,00012,-2.7429219571098358,8.64
train,pretrain,WNDWYW4yWEM,00022,0,pretrain,ppZ2WIlRvR8,00008,-4.403929129657296,5.376
train,pretrain,cQl6jUjFjp4,00026,0,pretrain,N9HF8mMe2pU,00017,-3.072079376368084,4.288
train,pretrain,ShY9QSdaReY,00016,0,pretrain,o5SrKh9BNHg,00004,9.75312618393383,9.92
train,pretrain,ztGkmruGPqM,00011,0,pretrain,bZsn1SDARRs,00021,-5.730645956759042,14.08
train,pretrain,2zvjW9arAZ0,00026,0,pretrain,R7vmHGAshi8,00004,1.7684069206479247,7.424
train,pretrain,b4sMMWJYUOs,00008,0,trainval,bbFF5n7S930,50004,-2.0578097623013614,2.88
train,pretrain,fDzj9vRw5yM,00018,0,pretrain,WmJwn4WDeLE,00001,-3.5199522093573776,4.416
train,pretrain,v7UKkzIaSsQ,00009,0,pretrain,A7ktYbVwr90,00025,4.0828600466835,17.472
train,pretrain,hVShA7g4Joc,00023,0,pretrain,znO7UHpxgTI,00010,6.492766249002699,5.888
train,pretrain,r3afSFSG570,00003,0,pretrain,ASY5DjSZUDE,00006,7.709416043929416,5.184
train,pretrain,TOSSkVIkY6A,00002,0,pretrain,SxMWqUe8FdU,00018,-5.6745737324599315,6.336
train,trainval,VNGFep6rncY,50016,0,pretrain,zLNXIXingyU,00058,-7.364429228105567,2.688
train,pretrain,ZUGOaSux6pU,00019,0,pretrain,NI0yARyFoIM,00006,3.1320420656408725,11.392
train,pretrain,6ORDQFh0Byw,00027,0,pretrain,nncYSMA1Iu8,00006,-5.927888636372165,4.48
train,pretrain,PGsQwAu3PzU,00024,0,pretrain,Gvo6xxoSSzE,00003,4.728504997614193,6.464
train,pretrain,YAV96XSdMQo,00024,0,pretrain,OkKhI6St40w,00016,-0.07758868493982973,12.032
train,pretrain,ab0PKt50RGs,00014,0,pretrain,2OlhCITl1J4,00016,-3.4094152362757217,10.24
train,pretrain,VSTGxJI4JwA,00018,0,pretrain,ZxVJt6vQWV8,00001,7.044837815936656,4.288
train,pretrain,avuhY7D71sQ,00036,0,pretrain,SwT0YLKbwoU,00006,8.875956393111984,11.968
train,pretrain,5Jqk1rkuUwU,00015,0,pretrain,2FMBSblpcrc,00004,-9.779463436932359,4.608
train,pretrain,BSxI3YxAPW4,00013,0,trainval,uXlSmKZ7aSc,50004,-8.608335408566967,2.816
train,pretrain,C2SVEM19NHA,00005,0,pretrain,6fJRmouSDL4,00002,1.5515621545507496,3.52
train,pretrain,CrsdoIOGCRw,00023,0,pretrain,ZCS0MZuVBwE,00012,5.992482367608494,9.024
train,pretrain,W9YBCwgrwQA,00001,0,pretrain,AyWtIwwEgS0,00024,-9.3883942918601,5.568
train,pretrain,vhhgI4tSMwc,00042,0,pretrain,NdKEy6vcCMw,00074,-8.108291885766807,4.032
train,pretrain,U9BzgnX3z6Q,00026,0,pretrain,cplaWsiu7Yg,00009,-7.5749888602812065,7.36
train,pretrain,MOQcSzkKfbs,00016,0,trainval,mZqL7MC8Eys,50009,-8.252399086669993,4.416
train,pretrain,RtFFT4zjyTM,00023,0,pretrain,1TYPldG99dk,00031,-3.954046195063574,4.352
train,pretrain,ScJVrV6bk1g,00009,0,pretrain,vSONFixSe4k,00031,1.450122476765932,18.56
train,pretrain,Sb2qXygFm8U,00007,0,pretrain,LyOgVtNtEb4,00009,5.682964078548649,5.44
train,pretrain,0MD4Ymjyc2I,00042,0,pretrain,mQOOgDqUta0,00018,-7.003650698439614,9.088
train,pretrain,RjyxIsE3V2g,00020,0,pretrain,uarlIjkHlAs,00013,-5.9728669892641095,11.84
train,pretrain,7POkIJfbMyU,00010,0,pretrain,ndAHAjgquwk,00008,8.749399622648031,12.864
train,pretrain,2lJvr5UL2pQ,00005,0,pretrain,CS9f7Qq4YZc,00004,9.657995053392462,5.248
train,pretrain,k0T6rfpYoqA,00013,0,pretrain,CFtsHf1lVI4,00042,-7.049839153192547,8.256
train,pretrain,19KkFCQz8WQ,00014,0,pretrain,U7fFCaHZvVk,00038,4.214216766439591,3.968
train,pretrain,3f6xCzKx9CA,00017,0,pretrain,HcTtoGhn0Dc,00003,1.0335558839584422,4.608
train,pretrain,1VRgmKiE0Js,00001,0,pretrain,qzwCujeSSSc,00023,-1.9264168831594475,5.056
train,pretrain,vNpmq6OkSQQ,00015,0,pretrain,6weGCM3sWKc,00016,7.9186963141668585,4.096
train,pretrain,fwm3azuoLr4,00017,0,trainval,KyamsZXXF2w,50005,8.988791526564636,3.968
train,pretrain,UqyOedEHIrw,00013,0,pretrain,pmKNXZmfIMU,00003,3.05174260474805,4.672
train,trainval,6Af6bSwyiwI,50008,0,pretrain,OAK1UIbSFio,00010,-7.0224466795300255,4.608
train,pretrain,VUT6GQveD0E,00032,0,trainval,k4vzhweOefs,50009,-5.784796474141314,4.096
train,pretrain,7npLVcymHGc,00040,0,pretrain,zpT5kBrZFVw,00005,-0.648226376627278,5.12
train,pretrain,cMhPOiuDzBc,00005,0,trainval,g985z9Wq5gk,50001,8.811023069265175,6.208
train,pretrain,TdBAHexVYzc,00025,0,pretrain,EBebWBjpWIQ,00017,-5.536366428607646,13.504
train,pretrain,IDSSieLCmS4,00042,0,pretrain,GzzHawjP648,00001,-8.518564038507781,13.824
train,pretrain,hTAXEq6zLo8,00030,0,trainval,zjvsA0v7r0g,50008,-6.902067513346104,5.952
train,pretrain,nv0dObM5XGk,00014,0,pretrain,CDdpQSLr7YE,00013,7.523822081961519,3.904
train,pretrain,XgRlrBlS7Yg,00060,0,pretrain,fnS9f5x0f1Q,00013,-3.139445260382397,5.632
train,pretrain,zWxFhFZJDks,00007,0,pretrain,ZSRaJIMYSMs,00010,-4.520220856061203,9.216
train,pretrain,td1PbsV6B80,00008,0,pretrain,5SOHiN8Ne58,00017,-0.8857017559801168,2.56
train,pretrain,U8XD0CcNhPU,00015,0,trainval,YL1XwfyaS00,50019,-1.255946101984831,6.208
train,pretrain,zStF2WEZMSs,00005,0,pretrain,AQ8cpjEdpmI,00036,-8.278092410671729,5.568
train,pretrain,4KhnSz9FPmU,00034,0,pretrain,XZiNVGA78kA,00007,1.8507173333662728,7.296
train,pretrain,OwRAFCrsDS8,00031,0,trainval,boSGZ3qSAys,50006,9.421217258615918,5.76
train,trainval,ElJxUVJ8blw,50039,0,trainval,FLbEKpLS5Z0,50013,9.006102075145805,2.56
train,pretrain,gmn7tjSNyAA,00004,0,pretrain,SS6ZojCzNGY,00036,-3.217220993129839,6.016
train,trainval,ac1mOswXxLs,50016,0,pretrain,askcLEVCTko,00010,4.490665440858164,3.84
train,pretrain,w96osGZaS74,00007,0,pretrain,iOByGJskqks,00002,6.467645445322564,16.832
train,trainval,nLB8ASSQdHc,50001,0,pretrain,tiwVMrTLUWg,00021,0.5082029219200415,2.688
train,pretrain,soqnBdPOwoo,00004,0,pretrain,GMc8aSoCE30,00005,-5.803466817652392,10.688
train,pretrain,H1fvr9rGgSg,00048,0,pretrain,speKlXgUTX8,00002,-3.9230528526599144,6.592
train,pretrain,4mJ1aHFPS1M,00027,0,pretrain,AE0gO5wSaok,00041,3.4797275958902887,7.808
train,pretrain,OT9poHSD2Iw,00020,0,pretrain,U5kIdtMJGc8,00020,-4.578493639325316,3.776
train,pretrain,zESeeaFDVSw,00003,0,pretrain,wX78iKhInsc,00065,8.289969858660626,6.72
train,pretrain,eFwaRDqTUL8,00005,0,trainval,2wseM6wWd74,50005,4.012096086208441,5.504
train,pretrain,ESlb3D7AySM,00008,0,pretrain,S6pLPVfKFoQ,00018,0.16927137567122763,3.072
train,trainval,Wj7hmzfX5eQ,50009,0,pretrain,jT5rRh9AZf4,00030,-6.778079106468795,5.504
train,pretrain,byHcqsGvcj8,00010,0,pretrain,ImQrUjlyHUg,00048,-1.614679049974594,3.456
train,pretrain,o0I0Poe3qlg,00017,0,pretrain,qYvXkSbqlBk,00009,7.355417264515637,9.728
train,pretrain,v7UKkzIaSsQ,00024,0,pretrain,RvpXNXXP5Vc,00005,-0.529087795511531,9.28
train,trainval,R21MsHQA8vM,50014,0,pretrain,0Bhk65bYSI0,00001,-1.7645918788148514,4.16
train,pretrain,0FkuRwU8HFc,00012,0,pretrain,HSmKRshF1SA,00020,6.3054536443402895,5.824
train,pretrain,sYySLEdYr8A,00021,0,pretrain,9i7cGZadEV4,00008,-0.5391615761504891,7.808
train,pretrain,ao3NtIZ0iBU,00019,0,trainval,UxXOi6Zwm7Q,50004,-0.4770206518047253,3.584
train,pretrain,h4GEMYsrJSY,00026,0,pretrain,qtOIh93Hvuw,00009,-9.276751025566998,4.288
train,pretrain,FSS4Kv6MlG0,00005,0,pretrain,v7UKkzIaSsQ,00031,7.7784737607916306,13.376
train,pretrain,nLtUl2CP8ak,00003,0,pretrain,ELET24AHnEg,00020,-1.6498886849666654,6.912
train,trainval,PzSw6OsEP9Q,50011,0,pretrain,uTL9tm7S1Io,00012,0.11474523088594246,4.224
train,pretrain,gDMOcSWCTW0,00002,0,pretrain,Kc0Kthyo0hU,00016,9.160989645330002,7.296
train,pretrain,rSxVSM0KPo0,00019,0,trainval,YzQDnTPuNZM,50001,-0.6961562934190226,6.016
train,trainval,XUW5pfux2IA,50004,0,pretrain,afev0ZjAhUA,00009,-3.9258975521320565,3.52
train,pretrain,o3VwYIazybI,00003,0,trainval,1rTEOU67zCo,50002,9.723546433008735,5.632
train,pretrain,kEejVSZ5mLY,00018,0,pretrain,y2X7c9TUQJ8,00035,6.126241901889223,30.72
train,trainval,MPMr5jPwA7I,50001,0,pretrain,TMoYQhyxViw,00001,6.755390072484641,2.24
train,pretrain,xLuMcYn8Yk0,00016,0,pretrain,ONXYcNS7k1Y,00031,3.5965132063964393,9.664
train,pretrain,iclWthSVvBs,00018,0,pretrain,rTJpJlVkRTA,00037,6.599977874340347,8.448
train,pretrain,8m5Ebx6nuGE,00037,0,pretrain,BT2XlI8oeh0,00003,0.8277272306418553,11.136
train,pretrain,bhHJ4DRZNZM,00020,0,pretrain,AS3Pyc4Qr2Q,00055,7.362216281325477,3.84
train,pretrain,QeAGu40vZzI,00011,0,trainval,q16f8km11Ms,50002,9.598091256891301,2.752
train,pretrain,ddek3gQVt9Y,00011,0,trainval,Mgbf3cq7lms,50058,-4.2508478221727835,3.52
train,pretrain,2dnSoGaEHxs,00002,0,pretrain,ouXGIw7gBmk,00002,-4.466606179478387,5.056
train,pretrain,K2mhMzVCfhI,00006,0,pretrain,vrU6YJle6Q4,00014,7.76631247743358,6.016
train,pretrain,nCwwVjPNloY,00010,0,pretrain,3qRtDnsnSwk,00008,-1.7914443509478168,6.976
train,pretrain,pysNMB033co,00011,0,pretrain,jqWHy6B0ADA,00008,3.7668669310679697,6.72
train,pretrain,AR6RiSHN7S0,00039,0,pretrain,kjmsb9pDrF0,00011,-2.817532614146094,4.864
train,pretrain,F4Zu5ZZAG7I,00004,0,trainval,HcTtoGhn0Dc,50001,4.044364763969924,5.952
train,pretrain,bjNSaXg4S6Y,00003,0,pretrain,qItCBNzqdn8,00009,-2.7618391706354517,4.608
train,pretrain,fSmQIWnO3Ag,00007,0,pretrain,h7u6NScSWtY,00002,5.585074213851133,7.552
train,pretrain,NMQGa6grfeE,00002,0,pretrain,IyYgvo2ZJtw,00004,-0.19684502842702045,9.344
train,pretrain,TM4HiNOhkM0,00010,0,pretrain,ljqra3BcqWM,00039,-9.666024570006249,4.736
train,pretrain,lwz8KvS9NRA,00002,0,pretrain,jZxLsDkvkVQ,00019,-1.5088064707091569,11.584
train,pretrain,mclzytQQMGI,00001,0,trainval,iwlSPe0FbSg,50019,9.410433484097261,2.816
train,pretrain,SQe8cR4Jl10,00034,0,pretrain,WaGq9XwSVys,00003,6.859797720732711,5.76
train,pretrain,rTMqGbTNkNg,00026,0,pretrain,CjB6DQGalU0,00015,1.3716113363324425,6.656
train,pretrain,dOOtM7ZpAS8,00004,0,pretrain,0akiEFwtkyA,00039,-0.024833387236780524,7.936
train,pretrain,FSNEIwDiCSw,00034,0,pretrain,TM4HiNOhkM0,00008,4.2554532017363815,11.456
train,pretrain,raCIUeGUr3s,00007,0,trainval,S2OzLREwHtI,50007,8.961460662940738,3.52
train,pretrain,JTX0diTlUFU,00004,0,pretrain,gBkIyJ7kfSI,00006,4.502503260743316,10.88
train,pretrain,SSogppqBahk,00012,0,pretrain,wSHYZv6HzAs,00024,-4.599760817587441,7.232
train,pretrain,VbeovM4RCh4,00016,0,pretrain,F2dFiK3wkRA,00026,6.5055448569274965,9.024
train,trainval,3phTundagzQ,50016,0,pretrain,pcSlowAhvUk,00038,8.549429278100419,6.016
train,pretrain,yPGwA7t6bpI,00016,0,pretrain,GB4s5b9NL3I,00043,5.871157052441639,4.416
train,pretrain,6gSwRHScq6M,00074,0,pretrain,Yp3kmJ4kjHQ,00009,-1.0188877072345353,6.784
train,pretrain,w4RLfVxTGH4,00016,0,trainval,gyM6rx69iqg,50026,1.4537718505503179,3.776
train,pretrain,YyBk55G7Keo,00024,0,pretrain,qqNLSZ6SSSc,00023,7.904679689208454,4.032
train,pretrain,ema8O7xqjvk,00003,0,pretrain,ST4JS67J0Y4,00005,-0.30816246514103973,5.056
train,pretrain,wBObnvIZGwE,00026,0,pretrain,KQEWc3LVfyc,00069,-8.886696211016787,8.576
train,pretrain,LGtNFHtM81A,00031,0,trainval,bzlYyhh3X0w,50001,-4.21073637411159,5.312
train,pretrain,eGoSdLNceEk,00033,0,pretrain,vYV4tAq3wVg,00006,4.245133153136656,4.096
train,pretrain,DkocjGrWwvc,00002,0,pretrain,hi4QzyuSi6o,00014,-5.302105904341672,11.84
train,pretrain,9aC7bUTBKv0,00009,0,pretrain,7SRGn75JcZ8,00003,-3.783217747015957,28.096
train,pretrain,gMNlRovT5x4,00014,0,pretrain,2Shh4UkPVCc,00014,-4.889388626168973,4.864
train,pretrain,dOOtM7ZpAS8,00005,0,pretrain,j7c9b9A2AHc,00024,3.638393117037232,9.088
train,pretrain,Y350oOiunf4,00016,0,pretrain,Syi9bqfFIdY,00004,-0.04558401989369543,4.8
train,pretrain,zA6SpcEz8Ls,00014,0,trainval,Mo2Ai7ESNL8,50007,2.6506271713197407,4.864
train,pretrain,ZChEFOGSn8Q,00062,0,trainval,AIfBSkVI6NQ,50003,-7.83861984610361,2.56
train,pretrain,mWfCqsFP05A,00020,0,pretrain,f6CILJA110Y,00004,-3.9928374155383617,6.08
train,pretrain,4v4Pf5Dt8Hg,00038,0,pretrain,cK74vhqzeeQ,00022,-7.794147967472913,7.68
train,trainval,SXYwKxdxfF8,50002,0,pretrain,2R3Njv0LjjM,00004,8.769320552863423,2.368
train,trainval,UVDgemuZdho,50010,0,pretrain,Bc2wVyl8RLI,00001,3.7957695664237168,3.52
train,pretrain,X41iulkRqZU,00029,0,pretrain,cF2dhWWUyQ4,00008,-8.94295040200376,8.128
train,pretrain,PWhjzFwn9Js,00002,0,trainval,q06YIWCR2Js,50005,-3.449145443635249,4.864
train,pretrain,mLufqwmPl1A,00022,0,pretrain,Y28ARjfk4gg,00001,8.128364886414474,2.816
train,pretrain,FN0fjOsJIxk,00010,0,trainval,xWVWhSvNLtU,50007,-8.05532093178394,5.952
train,pretrain,iXHil1TPxvA,00002,0,trainval,wDxjss7kHRw,50012,-2.0635740080423925,6.208
train,pretrain,F73O3Sim0Wo,00003,0,pretrain,dgYItsUBW1M,00027,8.289829820353589,5.76
train,pretrain,mSvyBpWueu4,00012,0,pretrain,a3im2S5mQCM,00008,-8.19314990006024,5.568
train,pretrain,wc3VhvgUtB8,00015,0,pretrain,Bc2wVyl8RLI,00009,-7.901546465714182,7.04
train,pretrain,Ztl2li6GTWg,00018,0,pretrain,J10EaonNV2A,00018,-2.044641702682391,6.528
train,pretrain,a2MR5XbJtXU,00055,0,pretrain,IgKWPdJWuBQ,00031,1.0217666773774798,3.648
train,pretrain,EU15c9hnftE,00015,0,pretrain,mozxTk3Brqw,00007,-6.935556437712799,3.84
train,pretrain,aiDSQyFdd68,00010,0,pretrain,mSvyBpWueu4,00009,-6.502851984282449,14.848
train,trainval,JLLpWtHbMAo,50011,0,pretrain,iONu2ndDmHM,00012,-0.009693984510622755,3.456
train,pretrain,ZK3S2rCHmPA,00008,0,pretrain,5ldhLuX4vSM,00023,5.41106326014015,5.056
train,trainval,XGq3MXQlRJs,50010,0,trainval,0D9QIG36J9Q,50004,-9.34958786522179,4.544
train,pretrain,gmjSazFbpkA,00050,0,pretrain,XgRlrBlS7Yg,00047,-2.3382883459958066,9.856
train,pretrain,2R3Njv0LjjM,00018,0,pretrain,mAEqvn7B2Qg,00003,4.003772442884387,3.776
train,pretrain,wc3VhvgUtB8,00006,0,pretrain,U23gPSGhW1w,00017,-0.7599697514594812,4.8
train,pretrain,mguvTfAw4wk,00015,0,pretrain,urOCGSMlB9g,00020,4.422113813660083,3.712
train,pretrain,SQe8cR4Jl10,00020,0,pretrain,fJ36gCwKVec,00001,-8.492982710674342,4.288
train,trainval,UMSWdzT6rV8,50001,0,pretrain,796LfXwzIUk,00018,-4.318342851322279,3.328
train,pretrain,tSSNoFstCmQ,00019,0,pretrain,tsgvhP07BC8,00003,9.58060817966646,11.008
train,pretrain,8ewxApY3uO4,00006,0,pretrain,Aqc2SgiOVr8,00005,-7.6812965057471105,5.376
train,pretrain,1HIxnTruN78,00020,0,pretrain,J9SXc9wxByM,00002,3.9471384173462187,3.648
train,pretrain,njESlZa2b10,00009,0,pretrain,VM6HZqQKhok,00006,-2.4016332125878144,11.712
train,trainval,aQ8T4sySLxw,50005,0,pretrain,0UmUgaJwEr0,00028,1.5525366961575298,2.816
train,pretrain,NVPxmzSPvUw,00031,0,pretrain,c73Q8oQmwzo,00041,-5.2660872644715395,6.784
train,pretrain,5XD2kNopsUs,00038,0,pretrain,jKAehegqTvg,00001,0.30610887705959655,7.36
train,pretrain,5ldhLuX4vSM,00007,0,pretrain,Fc1yN6uxZfQ,00021,-8.383472495665645,6.912
train,pretrain,VbF2KPn3TrU,00017,0,pretrain,arj7oStGLkU,00005,0.6489082667183936,6.016
train,pretrain,Itmu78W9cOI,00017,0,pretrain,V1xt7zgnuK0,00006,8.075126316986612,8.0
train,trainval,da1vvigy5tQ,50019,0,pretrain,SJ5bDhMP9lQ,00030,5.135054599479895,4.48
train,pretrain,PXBjQ7bc6PY,00013,0,pretrain,QC3EbSexmDw,00020,2.3910789318073498,5.696
train,pretrain,VObLitSe3K0,00015,0,pretrain,7n9IOH0NvyY,00050,-2.5616332533986323,3.456
train,pretrain,LlQXs0yofMs,00024,0,trainval,1sgb2cUqFiY,50012,9.501224404047552,3.008
train,pretrain,KfK3eKSkOQA,00002,0,pretrain,g2m97gPI70I,00023,-6.989805865651684,7.04
train,pretrain,wgPLGS1BvQo,00018,0,pretrain,dj4Qk5rUmRw,00001,-9.231507282718203,9.664
train,pretrain,BoRUrWcdkQ4,00007,0,pretrain,CfmNXPMjChs,00015,-4.955917577307451,8.192
train,pretrain,K5wCfYujRdE,00040,0,pretrain,5QTjSH1KGlY,00007,2.4552439456557913,5.568
train,trainval,jobYTQTgeUE,50015,0,pretrain,hFgPtuzgw4o,00018,7.935560362777483,6.08
train,pretrain,AE0gO5wSaok,00053,0,pretrain,qQSPUXPVlos,00003,-4.309272078637443,4.992
train,pretrain,h8cF5QPPmWU,00012,0,pretrain,Qi8MoU6g8Sc,00006,2.3912736686802454,9.6
train,pretrain,QYGO5tepBLY,00003,0,trainval,SPSq3cW672s,50001,-8.005856357107632,3.52
train,pretrain,l2oywAEJ9hE,00007,0,pretrain,9YGZkgkj3fM,00014,5.332171817106843,9.088
train,pretrain,HHwXlcHcTHc,00003,0,pretrain,u7SWcQaoaRQ,00022,1.919444642400812,12.096
train,pretrain,i1OAMgrsUUw,00008,0,pretrain,dY7iATJVCso,00008,3.9459752111595243,7.872
train,trainval,kTsqFn33RiQ,50002,0,trainval,Mlt6kaNjoeI,50006,-1.366372302747612,2.368
train,pretrain,H1fvr9rGgSg,00032,0,pretrain,EXo3qA9V3eI,00032,-7.323108335779169,11.2
train,pretrain,w1TBZhdSsN0,00010,0,pretrain,rToBZSrxjgM,00011,-0.37843652047768117,13.888
train,pretrain,GP4sBGbeF8w,00021,0,pretrain,cj5LZBmiQu4,00018,-8.006435991080956,27.776
train,pretrain,pF72px2R3Hg,00053,0,pretrain,rmeGVhhbGrM,00008,-8.387478385795681,7.616
train,pretrain,xsU10fX0aC0,00001,0,pretrain,jSdBXFkQ3S8,00001,-2.585147458360632,4.736
train,pretrain,lkzoQuzlW4M,00007,0,pretrain,M3fGS0tZDB4,00006,-1.9132533691896398,29.76
train,pretrain,jryCoo0BrRk,00007,0,trainval,tbicAmaXYtM,50013,0.5317233684557756,4.864
train,pretrain,LhszKevcH30,00027,0,pretrain,80GqbW1MmQM,00022,9.200712743137277,14.656
train,pretrain,dUdCToPPK5A,00002,0,pretrain,RkTE1LZStLk,00006,6.296255281722484,5.568
train,pretrain,ESPCyHjmRsQ,00004,0,pretrain,pi9SMFWTzXw,00003,-9.854221399951268,4.48
train,pretrain,lV3trdyDdHE,00030,0,pretrain,V84bSWIlNA0,00011,4.697362843273719,6.912
train,pretrain,q4TJEASZRys,00019,0,pretrain,td5Ld3nURAI,00007,-4.665211569196122,19.968
train,pretrain,w96osGZaS74,00031,0,pretrain,Wh9O3SciOYs,00015,-7.102744315760045,6.976
train,pretrain,Ztl2li6GTWg,00007,0,pretrain,xRL2vVAa47I,00015,6.874819882014972,11.136
train,pretrain,K74JqctvM2g,00046,0,pretrain,7ZWTG0SeCEg,00004,6.809067762828267,12.224
train,pretrain,7DCofMA9eQA,00006,0,trainval,e8JK3qVGuUg,50007,-7.246774433033409,3.328
train,pretrain,YwSGTipx3As,00009,0,pretrain,HSpqhMO3ZSY,00001,7.1377960731026775,3.776
train,pretrain,mPCDOij0bB0,00012,0,pretrain,o9DNWK6WfQw,00006,0.20084637760110446,3.136
train,pretrain,jgnqlZUI4n8,00024,0,pretrain,Z6T37m4r3yo,00023,-1.5413315596234085,2.624
train,pretrain,nUdsTizSxSI,00009,0,pretrain,r2SX7mTUirk,00007,1.9284511034700085,7.744
train,pretrain,y6FT80ZoVJY,00005,0,pretrain,kvpUiBqHoVM,00025,6.858017429455938,16.896
train,pretrain,QPiaadMporw,00014,0,pretrain,Hul8htHa9AY,00023,6.940107933199602,9.92
train,pretrain,EZSf3Fc0ZRA,00037,0,pretrain,RSW3xi2jMYI,00014,-2.2324569896694086,3.072
train,pretrain,BN9a8Ldy7Xc,00005,0,pretrain,ec9GyxEUGec,00002,-6.405411273852217,9.728
train,pretrain,xmlekZSSOWE,00010,0,pretrain,ATISgVUKetI,00013,-1.2281121680674545,5.12
train,pretrain,j7c9b9A2AHc,00043,0,pretrain,Wh9O3SciOYs,00018,4.895068236999453,2.496
train,pretrain,FD5ZKiSmoMU,00003,0,pretrain,150cqgYh8sQ,00010,-4.795291744248256,3.712
train,trainval,hxJ8LELZCjo,50004,0,pretrain,csnxJFQw98k,00024,9.523050904043963,3.52
train,pretrain,vIme03wdEFU,00004,0,pretrain,m45SshJqOP4,00022,-5.3102752514241125,5.248
train,pretrain,jUIfiLplNqQ,00003,0,pretrain,4SSn83lCbTg,00006,1.6190217397733768,6.272
train,pretrain,56JMahuMlvE,00001,0,pretrain,o2BJsFkzSYU,00012,-0.5131015789499358,22.4
train,pretrain,RS5O4n0TqlU,00007,0,pretrain,C0nM8l9qeGY,00004,-7.41062737368649,9.088
train,pretrain,855Now8h5Rs,00025,0,pretrain,tV2RLLtOgL4,00030,1.6493726445141395,4.288
train,pretrain,LpNkuaVnlPY,00017,0,pretrain,8olL43PKJKw,00005,2.0333828681066812,3.904
train,pretrain,nZSVjUKAsao,00002,0,trainval,IHBGLHgIWJM,50004,-5.814339999653038,6.208
train,trainval,Pzd7ReqiQnE,50004,0,pretrain,ayOmOaXC0Z0,00003,-3.230694809888563,4.16
train,pretrain,uNDWvejza4c,00035,0,pretrain,oLomVgNbNV8,00011,4.705698635420127,7.936
train,trainval,Rpsf1YJsbbI,50017,0,pretrain,AQ8cpjEdpmI,00012,-8.658743518218724,2.88
train,pretrain,RKK7wGAYP6k,00014,0,pretrain,Mr8nvXvlSy8,00029,-8.46243479641438,3.392
train,pretrain,zOSaCQ6xHS8,00015,0,pretrain,yPGwA7t6bpI,00019,6.4908027789446585,4.672
train,pretrain,h0C2LPXaEW4,00005,0,pretrain,CVdPhUPO5YU,00010,-0.7463795299038445,6.336
train,pretrain,oEIYHTlbeLA,00016,0,pretrain,DwShSwvxPKs,00009,-8.30270294817008,3.84
train,pretrain,KNXOVpN8Wgg,00027,0,pretrain,DgofaSv4MA4,00004,-6.609546920005494,3.2
train,pretrain,2j00U6lUCSc,00010,0,pretrain,mt4oSR9wzrs,00003,2.406506842685527,4.992
train,pretrain,FN0fjOsJIxk,00007,0,pretrain,sLiM2SizFl4,00019,-0.23644560033065432,5.888
train,trainval,znO7UHpxgTI,50009,0,trainval,IMTcuU0KLSw,50005,-1.400086863235817,4.416
train,pretrain,0g2WE1qXiKM,00010,0,pretrain,jHLm5Lne3D0,00003,-7.377651645931522,4.416
train,pretrain,hfznpykprP0,00031,0,pretrain,dFC2pSkETas,00019,8.307200152854762,4.16
train,pretrain,l92bqJNkIao,00010,0,pretrain,sPQViNNOAkw,00023,3.320476567655998,4.224
train,pretrain,DwShSwvxPKs,00010,0,pretrain,nbYQ7kdt0U4,00004,7.617465779759364,4.416
train,pretrain,0z03xkwFbw4,00019,0,pretrain,d8s8e8JdGCc,00033,4.366666391142788,6.08
train,pretrain,Ftnb2fpJ664,00032,0,pretrain,ol1b5mMeP7s,00021,-7.203231275428332,13.376
train,pretrain,9RTkZaX1cH0,00015,0,pretrain,150cqgYh8sQ,00021,-7.748650260613905,9.088
train,trainval,GOZOhpxSAFI,50032,0,trainval,FD5ZKiSmoMU,50011,6.029384791082752,3.648
train,trainval,BjclkhNAO0s,50002,0,pretrain,3VwxWDVKs8k,00026,-9.660847860964175,3.456
train,pretrain,lQflBowgVB4,00022,0,pretrain,sLiM2SizFl4,00011,-7.73758836116725,6.016
train,pretrain,tsgvhP07BC8,00017,0,pretrain,zCvSZBy6SyU,00021,-7.322932809856784,9.216
train,trainval,h0dSQDgl3gI,50006,0,pretrain,xRL2vVAa47I,00029,4.674557279344718,3.072
train,pretrain,tFX1nQLZUVM,00002,0,pretrain,rRxdxIbSQbY,00010,4.307837304887796,7.04
train,pretrain,U5SyBjKKicA,00016,0,pretrain,c00zfzk4gdg,00009,2.344416696725178,10.496
train,trainval,7shXEFuxHAA,50001,0,pretrain,NhmybGS7FLA,00014,1.6434825895167293,2.496
train,trainval,E4ptaIDAIlY,50003,0,pretrain,NcmxEPOQQzg,00018,-6.141048022119455,2.56
train,pretrain,YhG1Bgbsj2w,00047,0,pretrain,seARHjX8Ssg,00021,-6.898843497825531,4.224
train,pretrain,ofsncCF9OSU,00049,0,pretrain,b3H9V1jq0A8,00010,3.1185548954878666,4.736
train,pretrain,150cqgYh8sQ,00026,0,trainval,c2tOp7OxyQ8,50067,-2.2113640318577277,2.368
train,pretrain,w96osGZaS74,00019,0,pretrain,1TYPldG99dk,00002,-6.0834174272676815,17.216
train,pretrain,4RSgUhgg70Q,00012,0,pretrain,5nys6iebjHw,00049,5.905472427210203,4.608
train,pretrain,vW99KFDSBk8,00004,0,pretrain,LUNBiST4KSs,00011,-5.798619585099285,4.608
train,pretrain,Mh3SwYHdeVs,00020,0,pretrain,7ZoOyNTyjQE,00012,-3.6564163200881694,7.488
train,pretrain,bVV2Zk88beY,00015,0,pretrain,gLDQr9i7LkM,00026,7.939079503731094,4.16
train,pretrain,kyaiTGmwxnU,00004,0,pretrain,qL7UlSA6rRk,00021,5.676677594161179,16.0
train,pretrain,C6mNITMY7e0,00007,0,pretrain,VMXdSkW6hns,00011,8.10541659123659,8.256
train,pretrain,CGksAjzI0go,00051,0,pretrain,7Xmr87nsl74,00027,-7.904519905676393,22.208
train,pretrain,1z3Fgtj8fqk,00017,0,pretrain,j51HsRILGKI,00041,-1.8960590347746997,2.048
train,pretrain,v84pD2g3gSk,00012,0,pretrain,nmVDcD2olOA,00004,1.2870100177318697,6.016
train,pretrain,apbSsILLh28,00070,0,pretrain,5qdZybHSLnI,00002,3.520040454046331,2.112
train,pretrain,I64CQp6z0Pk,00019,0,pretrain,oCBYfGXSAlA,00014,2.1040047634196277,8.896
train,pretrain,HdHW77blulg,00015,0,pretrain,q1pKLVX3VSA,00006,0.6128892176421026,7.488
train,pretrain,7DLzXAjscXk,00012,0,pretrain,LNHBMFCzznE,00036,-4.237372539871016,4.096
train,pretrain,Y8u42OjH0ss,00007,0,pretrain,SGzenQjZSpU,00020,-4.183642713790223,3.776
train,pretrain,jSS03JfgHEA,00001,0,pretrain,2tBuvxXxlS4,00031,-9.106589937295457,10.368
train,pretrain,qtAZbSZESOU,00006,0,trainval,avuhY7D71sQ,50033,1.5306262331668634,6.08
train,pretrain,ScGSlv9dCeY,00001,0,pretrain,KTvSfeCRxe8,00030,8.520541819795643,8.768
train,trainval,ZBrbHy7l3tg,50007,0,pretrain,1Totz8aa2Gg,00009,3.0665260654155713,4.416
train,pretrain,BMOjVYgYaG8,00026,0,pretrain,ygKNRnz7q5o,00002,6.348038443319172,19.52
train,trainval,yr6khSQOk0s,50002,0,pretrain,weCFbknwZa8,00011,6.557568200832851,5.952
train,pretrain,Df2JBnql8lc,00030,0,pretrain,HQIi3nUXh0g,00003,9.854856426591038,8.576
train,pretrain,LWULB9Aoopc,00009,0,trainval,y2yka9lyvMA,50004,-6.713772041349024,2.24
train,trainval,iZRGUADAu2Q,50009,0,pretrain,PGsQwAu3PzU,00024,7.079234355149055,2.24
train,pretrain,tjZlLk9bVVA,00009,0,pretrain,VoCOzuWOgSY,00018,-1.0182662471705246,16.128
train,pretrain,u5GCetbP7Fg,00003,0,pretrain,w96osGZaS74,00010,2.200051305338121,3.84
train,pretrain,y2yka9lyvMA,00047,0,trainval,zLNXIXingyU,50005,-1.6860027803135793,4.608
train,pretrain,lw3YTbubyjI,00002,0,pretrain,wvIOoxPxpfQ,00004,-8.41685686206131,7.04
train,pretrain,NgVwPj54TEo,00007,0,pretrain,8etnSTnX92g,00014,-6.984006566776355,22.72
train,pretrain,yVwAodrjZMY,00033,0,pretrain,y9KeyKVuLHU,00022,1.5079370631226965,3.456
train,trainval,snkrS1C2e7U,50006,0,pretrain,4ZgwzSm7sRs,00040,-5.747372112936516,5.888
train,pretrain,cmlRinjYKfM,00001,0,pretrain,KQEWc3LVfyc,00039,-0.029728527441001518,4.48
train,pretrain,aSLSiIskEFU,00054,0,pretrain,0TOkvcqeVQY,00004,7.069690297315123,4.16
train,pretrain,JKsHhXwqDqM,00013,0,pretrain,VSTGxJI4JwA,00007,-3.622059869687728,4.224
train,pretrain,S9PEogIrHSk,00030,0,pretrain,b81YwSOs8RM,00015,5.3269720736973465,5.504
train,pretrain,o0td5aw1KXA,00036,0,pretrain,Sx1qkuvUxuI,00028,5.320732621845941,6.528
train,trainval,2t13Rq4oc7A,50002,0,pretrain,VNGFep6rncY,00006,4.103773202692722,2.112
train,pretrain,5HL1BEC024g,00021,0,pretrain,mJxA8eIWQUc,00041,3.6621537343139448,9.472
train,pretrain,2XiDdnDCD34,00036,0,pretrain,LuG2rf9enHE,00015,3.5435342724524226,3.84
train,pretrain,9ebJlcZMx3c,00034,0,pretrain,5nys6iebjHw,00038,-4.76049959790275,7.168
train,pretrain,KTTtn0iSZyA,00015,0,pretrain,9KACXVScWS4,00053,-3.034642666728944,3.968
train,pretrain,ufUkAQOQaXU,00019,0,pretrain,aEa11FZwTRY,00010,-5.9416729653669424,5.696
train,pretrain,wAIP6fI0NAI,00009,0,pretrain,1EIQ6nSSXxk,00013,4.84392423678597,8.0
train,pretrain,sNV4yIyXXX0,00002,0,pretrain,e8JK3qVGuUg,00014,-5.672714422264349,15.296
train,pretrain,IYpovgkaS9Q,00017,0,pretrain,mJxA8eIWQUc,00032,5.52286259101418,13.12
train,pretrain,mUJdzaLDRIo,00068,0,pretrain,3icoSeGqQtY,00002,4.8412719560391455,10.432
train,pretrain,rSSSsisz2SM,00027,0,pretrain,ro1Ksq5DihU,00013,-5.237196586319801,4.608
train,trainval,eG2X0WRrb88,50005,0,pretrain,uTbASmxo858,00004,-8.585284886612861,6.016
train,pretrain,RbNqU2K0qzo,00015,0,pretrain,wgPLGS1BvQo,00037,-8.69565551763423,13.376
train,pretrain,UQzvNIIMayo,00012,0,pretrain,LizFrxTK5Qo,00011,-0.6055257265258582,4.48
train,trainval,3WMuzhQXJoY,50009,0,pretrain,PYSkd46RfVE,00002,1.7419588216451913,3.904
train,pretrain,SmsYxDvdcYc,00007,0,pretrain,xNiBDGBw4Zs,00011,-3.876189571172155,3.456
train,pretrain,aUBawr1hUwo,00026,0,pretrain,dJEwC4wCM70,00009,3.6908178670183034,14.72
train,trainval,buHSvs7LFzw,50003,0,trainval,QbSD6PTcmfs,50001,7.3952422485631715,2.56
train,pretrain,Z6T37m4r3yo,00038,0,pretrain,ynSrWmoq7Is,00041,-5.853758815842096,3.776
train,trainval,ZpT0cw9bmiw,50002,0,pretrain,ZzugJPASNB8,00020,-3.1498351310939228,5.76
train,trainval,qP2W2k3L1Ow,50020,0,trainval,SeQ8vdtSXB4,50011,-0.4732526098178642,6.08
train,pretrain,rjECbQ1rSk0,00012,0,pretrain,nncYSMA1Iu8,00009,-3.5004962528747168,15.488
train,pretrain,w4RLfVxTGH4,00021,0,pretrain,ygRNoieAnzI,00009,-5.734169191923895,5.952
train,pretrain,L2M15ZeTLxc,00010,0,pretrain,kGZvNbfrNag,00008,1.8570152106719213,4.608
train,pretrain,Td2hfdXQ5x8,00019,0,pretrain,7JVTirBEfho,00034,0.7319304402547093,7.296
train,pretrain,LXQqrR9mDMo,00006,0,pretrain,ZCS0MZuVBwE,00024,-9.282565182801072,17.6
train,pretrain,tHYtv5FLC6I,00003,0,pretrain,St7SxHszKws,00028,-2.404582879075596,3.84
train,pretrain,JCI9FBP0Abg,00036,0,pretrain,X41iulkRqZU,00018,-4.149446549380591,4.288
train,pretrain,AhUhpfKeLus,00011,0,pretrain,1G0MzlfMPuM,00006,-4.272644457393464,7.168
train,pretrain,h0C2LPXaEW4,00003,0,pretrain,5s61n2MLGRQ,00009,0.4896107644182184,5.568
train,pretrain,mwzBJF5Q7Vw,00017,0,pretrain,Ufs8cKyzLvg,00024,-3.856296027540898,4.8
train,trainval,jSOPQgPIdKg,50026,0,pretrain,soqnBdPOwoo,00005,-6.735773475016808,2.88
train,trainval,dJEwC4wCM70,50004,0,trainval,J6oMG7u9HGE,50004,6.318217258531924,2.048
train,pretrain,gBkIyJ7kfSI,00070,0,pretrain,F8R7S4AoGhs,00006,0.598374255341394,7.168
train,pretrain,JKsHhXwqDqM,00046,0,pretrain,oEIYHTlbeLA,00018,-7.683510294121891,8.128
train,pretrain,j81saupKVpo,00016,0,pretrain,TZy5Srsksls,00011,-1.1276886293152586,5.568
train,pretrain,ZBuT2wdYtpM,00010,0,pretrain,gC1CVOn8JQk,00013,-3.7302084012060295,4.544
train,pretrain,lRAeIrv4TEE,00002,0,trainval,iwlSPe0FbSg,50014,2.4205221149477936,3.52
train,trainval,SMBiP3G2Pzc,50005,0,pretrain,HzySGhX8SCc,00004,-5.531045726647353,2.176
train,pretrain,mJxA8eIWQUc,00002,0,pretrain,unSnvLgyf3o,00009,0.7596213729051122,6.464
train,pretrain,BURbLmQL1BE,00008,0,pretrain,LBvHI1awWaI,00021,-5.6909999089986085,5.184
train,pretrain,NMr3ShTSKl4,00003,0,pretrain,P2y3Uspr8Bg,00028,9.779203336578231,6.208
train,pretrain,wN3ovSzal3g,00004,0,pretrain,IRVdiHu1VCc,00065,7.672274750465341,9.792
train,pretrain,3icoSeGqQtY,00002,0,pretrain,43e6eAAeGCs,00027,3.0313612582396043,8.32
train,pretrain,BCvzpm4d2gs,00016,0,pretrain,BJsrYqPtXFM,00041,1.7333801102095148,6.08
train,trainval,n4EhJ898rSk,50006,0,pretrain,WNj1Y11tSx8,00016,-3.283903495723557,2.624
train,pretrain,vdDFLzyk94k,00028,0,pretrain,2dRlssVF7fc,00001,-9.177747465259873,6.4
train,pretrain,E0M1beV91js,00028,0,pretrain,7TXEZ4tP06c,00005,-7.837219779639037,4.288
train,pretrain,kCOV51S7Xqg,00010,0,pretrain,9usocDBGnvA,00023,-6.693273893606502,5.504
train,pretrain,bB5zR2xYhm4,00013,0,pretrain,wIkvIKeRNoY,00003,-3.895797423390057,10.304
train,trainval,ByuWS1bBwpc,50008,0,pretrain,7VRzn8hc5mc,00009,5.347549734985353,4.416
train,pretrain,yG7v4ySxwzQ,00015,0,trainval,lQDxasFKQCA,50002,1.2785494072432932,6.08
train,pretrain,AfljJGTVcKE,00020,0,pretrain,BsFxokC02sg,00033,-9.964713724703032,5.312
train,pretrain,SmQadYi4F14,00001,0,pretrain,h9SKyrHRhDo,00039,-6.1832567164597325,4.48
train,pretrain,16cMSRFid9U,00032,0,trainval,7Iv2nZnZOrM,50012,-5.135940541870654,3.072
train,pretrain,7n9IOH0NvyY,00044,0,pretrain,dcwuBo4PvE0,00014,-5.158331340387314,5.952
train,trainval,DqsvwHG9cSM,50022,0,pretrain,A71OktxTPac,00022,-1.056917460295308,5.824
train,pretrain,sNbGUSI9HWw,00009,0,pretrain,sWN13pKVp9s,00001,-7.550044292577622,8.64
train,pretrain,tvos4nORfSY,00010,0,trainval,HsSvPqfsO0Q,50001,-7.850029319332101,3.968
train,pretrain,JoGCaI1HzYo,00006,0,trainval,5tzEpqDtaPE,50008,-4.396307534324189,2.048
train,pretrain,yPGwA7t6bpI,00008,0,pretrain,fhCYS8avhWM,00001,5.46980085844358,5.312
train,pretrain,AhUhpfKeLus,00014,0,pretrain,AoAbPIbGLUo,00034,-9.594869690069842,5.12
train,trainval,rN7VcY1fS1Q,50001,0,pretrain,HS8y0WLm78U,00026,-9.112886931166527,5.696
train,pretrain,7JVTirBEfho,00011,0,pretrain,BYeYVuqD8kU,00013,1.881080851409024,7.36
train,trainval,AJg9SXIcPiM,50003,0,pretrain,u9FSvAVQvGM,00020,8.9155253892691,4.992
train,trainval,ElJxUVJ8blw,50037,0,pretrain,HH3m1OSiOT0,00017,2.623054692253765,2.88
train,trainval,pcNxS2i7SvQ,50001,0,trainval,NR33yerZgso,50002,-5.222096465403094,2.752
train,pretrain,aUBawr1hUwo,00032,0,pretrain,7LE4MoJS2po,00011,1.278870987094427,12.608
train,pretrain,4bsiMd1zQ3s,00010,0,pretrain,MS4x6G0zzeg,00022,7.614337604043627,11.776
train,pretrain,VbeekjZPSCI,00002,0,trainval,bSiGZPtWXzE,50043,7.639888311862279,4.992
train,pretrain,tic7X3ET4gE,00017,0,pretrain,tsFKSfItBoE,00007,3.9424101590960454,12.736
train,pretrain,Xv2gHiX9Bqw,00017,0,pretrain,qFOooWq2inA,00020,-4.634709955373626,21.056
train,pretrain,gXlIASSrI4E,00029,0,pretrain,xqPJKtFI42U,00001,-0.305982127318547,9.728
train,pretrain,bC0hlK7WGcM,00012,0,pretrain,W4LYn4mIP18,00012,-5.688169601946738,5.376
train,pretrain,iFTWM7HV2UI,00006,0,pretrain,Tg35UfOJhe4,00006,-8.105173390241712,4.864
train,pretrain,vwhSTukb07U,00002,0,pretrain,F17SKiAZOxg,00008,0.31571683225906355,4.16
train,pretrain,dY7iATJVCso,00008,0,pretrain,Ym6VkhUn0ec,00002,8.250253017642475,5.056
train,pretrain,B1dkma6GRZo,00026,0,pretrain,zkQL7UJYDIY,00008,-7.339183672336409,3.456
train,pretrain,0K5OO2ybueM,00022,0,pretrain,pWX1oQEGl90,00002,-4.411162429823376,4.16
train,pretrain,ygmlKMQ8kc4,00006,0,pretrain,unSnvLgyf3o,00011,-6.531235087746126,4.16
train,trainval,4T9N3ZcRBSI,50001,0,pretrain,Sj2XrT0QN5A,00018,2.4408814260963148,2.048
train,pretrain,vvlozhvQPJw,00003,0,pretrain,5sS3Yjh9Lw4,00018,-2.2732238894470864,5.44
train,trainval,QhLLMBN57AU,50019,0,pretrain,E4ptaIDAIlY,00007,-0.38703491341681584,6.08
train,pretrain,0pzIPHWR3iY,00009,0,pretrain,QcnuWDZuYy0,00014,7.717705516454064,6.592
train,pretrain,wstksuaSMD4,00007,0,trainval,qFza3W87eDg,50017,-7.740690275537956,6.08
train,pretrain,YATYsgi3e5A,00010,0,pretrain,uSD6RlqHwOk,00011,4.148418988806277,3.584
train,pretrain,eOU3Tv0vN24,00003,0,pretrain,SYwvyjIDk80,00006,-4.622519327490762,5.056
train,pretrain,mFnS7wG1qXw,00021,0,pretrain,DqCsQqy9MyU,00016,0.3104379999633071,5.248
train,pretrain,z8UevNKDFKU,00004,0,pretrain,I9tB6Q5bmcQ,00007,9.235754671439427,11.136
train,pretrain,f7EjekSWGFI,00008,0,pretrain,EZwxKPv1CwA,00054,0.3562744312035413,11.2
train,pretrain,S6cX2p5cBVg,00012,0,pretrain,IQDrStvBt9s,00007,8.083395019771999,11.52
train,pretrain,WfTZ5iIUn4s,00002,0,pretrain,lkzoQuzlW4M,00001,-7.955358478500183,4.416
train,trainval,asgdGSGQBgY,50011,0,pretrain,6AvXhgXlGpE,00015,-5.855457817643126,6.016
train,pretrain,SB9A3J70IPQ,00005,0,pretrain,l5Bbg96VODk,00008,-6.622964345031555,4.032
train,pretrain,EjSuaeVfE9I,00001,0,trainval,hxJ8LELZCjo,50005,-8.606593094849194,5.632
train,pretrain,B1dkma6GRZo,00034,0,pretrain,zYhgy5ouYLM,00026,5.856265139890128,5.568
train,pretrain,DJGreSgaOTc,00054,0,pretrain,6gSwRHScq6M,00039,3.1119781398196054,3.392
train,pretrain,cotBM0laSSo,00016,0,trainval,UJ7QaCFbizo,50008,-0.5294693472897514,2.496
train,pretrain,XPkV1bDZDl4,00012,0,pretrain,G5pvUaMgfC8,00017,4.311549296176915,5.248
train,trainval,7DLzXAjscXk,50066,0,pretrain,R7beBKnH9u0,00001,3.1237928544423905,6.144
train,pretrain,HA7GwKXfJB0,00025,0,trainval,u9Lu85L111Y,50010,-9.094321271526047,5.568
train,pretrain,8QuAokSXiyg,00034,0,pretrain,I9telSZCswM,00004,2.104057615166141,9.28
train,pretrain,s3IPatkuByA,00006,0,trainval,BA8XOF6IpXA,50004,5.223550242246127,5.056
train,trainval,gLDQr9i7LkM,50010,0,pretrain,VS5CCbyap5Q,00018,-9.978899588056056,2.688
train,pretrain,CFtsHf1lVI4,00002,0,pretrain,uSMqkSqSgN4,00022,6.968397262434269,7.936
train,pretrain,XRWTyUVh0BQ,00023,0,pretrain,dsfROmgVN5U,00032,-1.2732007294249357,5.248
train,pretrain,TvW4yugCPZo,00001,0,pretrain,DwQMDyyS42Q,00042,1.5791721719533918,15.232
train,pretrain,hFgPtuzgw4o,00018,0,trainval,Tg35UfOJhe4,50004,-0.1600516011138282,6.144
train,pretrain,GMc8aSoCE30,00022,0,pretrain,vPhM8lxibSU,00028,3.984507594372884,7.808
train,pretrain,TBIL2sdfoVc,00036,0,pretrain,tZYkjaKNrSo,00006,-5.150690676218956,11.456
train,trainval,NVPxmzSPvUw,50014,0,pretrain,nv0dObM5XGk,00017,5.163380222410099,5.76
train,pretrain,KCr8s57hdzY,00012,0,pretrain,q1sk47FLAmg,00014,2.8058211693558572,13.056
train,pretrain,ynSrWmoq7Is,00001,0,pretrain,ww4kNxYE0c4,00024,-5.24398943594999,3.968
train,pretrain,a2MR5XbJtXU,00027,0,pretrain,RxyQNEVOElU,00010,-2.671310221216925,8.384
train,pretrain,I64CQp6z0Pk,00010,0,trainval,9YeQi5Zqy1I,50006,-9.026467917522897,5.12
train,pretrain,uSUOduS5MPc,00001,0,pretrain,xAgawjzimjc,00018,6.688024849831528,10.176
train,pretrain,ultonpeO0ZA,00013,0,pretrain,NPX5RwjNzl0,00005,-5.637059293771025,6.528
train,pretrain,wAIP6fI0NAI,00026,0,pretrain,rBt7LMrIkxg,00003,-2.8952558504534824,6.08
train,pretrain,X41iulkRqZU,00023,0,pretrain,YO0lbdhF30g,00001,4.520617794064359,7.296
train,pretrain,SqgSz1UmcBM,00016,0,pretrain,MDqyOLCFJ3c,00001,9.280910454216823,7.488
train,pretrain,yuD6ozE9rtc,00013,0,pretrain,gLgNjywpKsY,00019,-3.575169243825746,4.48
train,trainval,fTznEIZRkLg,50001,0,trainval,OtUSnXV0i4E,50002,8.87214694690713,2.624
train,pretrain,acJscdoP2a4,00014,0,pretrain,WDbxqM4Oy1Y,00023,1.3710791159022921,5.504
train,pretrain,G0ZjSInJ4BQ,00005,0,pretrain,ok54sSWquT4,00010,0.9709357317177805,8.64
train,pretrain,CSLy17buxlI,00011,0,pretrain,VSbjOJzB7LY,00013,8.842717720383366,5.568
train,pretrain,C14bXC7zi84,00010,0,pretrain,VlC93dig40E,00011,2.6564153979788223,4.544
train,pretrain,7hWUhEA6hxk,00013,0,trainval,04SEzifEsGg,50033,-1.2872851607342852,2.048
train,trainval,i63jTStjZSQ,50001,0,pretrain,kSGFq12w5WU,00035,-8.46601925121018,2.176
train,trainval,LwSzyoYlIsA,50004,0,pretrain,hxJ8LELZCjo,00031,9.437796621595382,5.44
train,pretrain,5tUnSuoYKoE,00058,0,pretrain,7VRzn8hc5mc,00019,3.751191145644148,5.312
train,trainval,GzPpH9WexDc,50001,0,pretrain,ELET24AHnEg,00001,-9.797324067829196,3.328
train,trainval,LiyaSr5aeho,50003,0,pretrain,8QuAokSXiyg,00042,2.3406008884786402,5.696
train,pretrain,85hbMtegrLc,00017,0,pretrain,iyfdWsa1zns,00005,1.4190452872053534,4.672
train,trainval,cswhOCKQZ7Q,50002,0,pretrain,jnS66SszwEs,00016,6.659111316463083,5.824
train,pretrain,S6cX2p5cBVg,00031,0,pretrain,DGvPfD1Dd1U,00003,7.603914630732046,4.928
train,pretrain,imaWSTabxOE,00016,0,pretrain,9YR8jNtV4BE,00044,-0.1881674483002982,8.512
train,trainval,iwlSPe0FbSg,50010,0,pretrain,2NHV4AzSEzY,00004,-0.06422757644616794,2.176
train,pretrain,FIrgjCNcDBI,00011,0,pretrain,osBbP6Om4Mg,00015,7.122677896408202,8.0
train,pretrain,6StqiaPoS2U,00016,0,pretrain,4uAAegPkCKo,00007,-6.533125088909499,4.352
train,pretrain,t5dSmG8SI34,00006,0,pretrain,UqyOedEHIrw,00034,8.406284663762193,6.72
train,pretrain,u0VHC1SDOS8,00038,0,pretrain,ioMpOr7Yx98,00024,4.973282806185363,5.056
train,pretrain,oTHSfmQo3Ok,00027,0,trainval,0bop3D7SdDM,50012,-8.067087738846013,3.328
train,trainval,Zctk6MZaxMk,50009,0,trainval,3sZDmOducck,50001,-8.89451616653294,3.648
train,pretrain,WonC2e5aOGE,00005,0,pretrain,MtSE4rglxbY,00016,0.9994920107958087,3.52
train,pretrain,esPRsTSlmw8,00030,0,pretrain,UtA860ss1eU,00014,-6.601595216556049,3.712
train,pretrain,JS8fYhwrYzI,00009,0,pretrain,Bp2FvktSTRM,00008,9.946315167784391,12.608
train,pretrain,ZBWsmoy5Re4,00015,0,trainval,fmZSIr2Z29s,50002,6.401006160851843,6.016
train,pretrain,OwRAFCrsDS8,00015,0,pretrain,o8NPllzkFhE,00021,0.45561439073225074,5.952
train,pretrain,ZvSJE9n0GfA,00019,0,trainval,iueVZJVEmEs,50007,5.584829443200432,2.24
train,pretrain,60OVlfAUPJg,00057,0,pretrain,wsIrdxDJpSQ,00028,8.972413712896174,5.312
train,pretrain,tSK6bn9sc50,00020,0,pretrain,yrcaHGqTqHk,00014,-5.178405084662252,4.8
train,pretrain,j3YjeARuilI,00009,0,pretrain,ufJ7sOtuFd0,00010,-3.4023718107659873,7.232
train,pretrain,K926HAKRFvw,00007,0,pretrain,HQzXqjT0w3k,00030,4.39049286337835,3.84
train,pretrain,xp0O2vi8DX4,00013,0,pretrain,9IgOVOPLTYI,00018,5.499027937716006,2.944
train,pretrain,UN8S8qSKmdE,00001,0,pretrain,CrsdoIOGCRw,00008,8.959443709287484,4.992
train,pretrain,6ePXxeGrfvQ,00005,0,pretrain,Mr8nvXvlSy8,00040,-4.972654147880869,2.816
train,pretrain,20DZsCdCuOg,00010,0,trainval,vCCdmGKtxPA,50012,7.050492063565269,3.392
train,pretrain,J6oMG7u9HGE,00024,0,pretrain,O4bGOvkkHcM,00003,-1.9438063365457818,4.16
train,pretrain,PTUcj45juXg,00004,0,pretrain,VPweEhht9y4,00004,-2.8714044435955755,4.288
train,trainval,aeiSXpmMQys,50002,0,pretrain,jJXMvOqS5bM,00018,0.018379901033192425,2.816
train,pretrain,nhrZHRqUaT0,00008,0,pretrain,S0hxl03JoA0,00013,4.655873934424735,3.968
train,pretrain,dgYItsUBW1M,00028,0,trainval,MSLHHgSXloM,50010,-8.863700693305605,3.712
train,pretrain,XSuZ6ukuz5s,00023,0,pretrain,694XUHVuGQo,00003,0.010388710838650894,5.504
train,pretrain,YKACzIrog24,00026,0,trainval,KI3WJXNhCJ8,50006,-9.888735223752494,2.176
train,pretrain,CiSk3gmyjQ8,00021,0,pretrain,MOFdlEbu15g,00011,0.7397159003943088,7.168
train,pretrain,6iFCm5ZokBI,00001,0,pretrain,WfTZ5iIUn4s,00003,0.744435710195928,11.008
train,trainval,WpEjt71l08I,50016,0,pretrain,25onkAGt3Gs,00009,-8.898202153352347,4.48
train,pretrain,h4mmeN8gv9o,00016,0,trainval,ozmowWZ1YYU,50001,0.7787225864880458,5.568
train,pretrain,vGzBcBZrOSw,00003,0,trainval,HALd9FY5SVQ,50001,-8.388061764847581,2.496
train,pretrain,PENkzh0tWJs,00008,0,pretrain,0ZhL7P7w3as,00020,-1.7880549664815977,5.696
train,pretrain,HwxjoBQdn0s,00008,0,pretrain,DnbC2Tii0S8,00016,-2.1747860506414067,20.096
train,pretrain,bkeBjPS9ZR4,00035,0,pretrain,A60UTjiEp4c,00049,6.026047078725341,4.352
train,pretrain,uHs2Auz5s6w,00004,0,pretrain,jxKUDXrtDFI,00006,-4.996666782303658,3.328
train,pretrain,l5ZJ6bK1EIc,00031,0,pretrain,bEdvQjTGYP8,00020,4.228328765859112,7.552
train,pretrain,YMyofREc5Jk,00019,0,trainval,a17Z5Sk2XJY,50013,4.616267072847787,2.048
train,pretrain,0jmST6bSUoc,00007,0,pretrain,kGZvNbfrNag,00001,2.4386496744405086,9.92
train,pretrain,vzKA1y3cdYI,00005,0,pretrain,HBSQR6xovSw,00023,9.78939289878004,3.84
train,pretrain,UUkAGboDMwI,00017,0,pretrain,g2J6YOiLNr4,00033,1.3189280575534035,4.672
train,pretrain,Pro06WQG77M,00005,0,pretrain,12ud0nSTvro,00013,-6.670822660623434,4.608
train,pretrain,h4GEMYsrJSY,00033,0,pretrain,HCgvSHNoJrY,00020,5.575695902882449,8.896
train,pretrain,LuG2rf9enHE,00010,0,pretrain,ZzugJPASNB8,00009,4.454579323647614,6.72
train,pretrain,KaiwGb0csas,00002,0,pretrain,6ORDQFh0Byw,00026,4.632078805335782,5.824
train,pretrain,WiGZGBowXQg,00008,0,pretrain,unNRCSj0igI,00021,2.434816236744018,5.504
train,pretrain,cMhPOiuDzBc,00025,0,pretrain,CdxVbUjaSpY,00010,5.166114956015054,9.152
train,pretrain,G0jxiJzIiz4,00013,0,pretrain,ZuCtZJGcEMU,00007,4.95920260109466,10.496
train,pretrain,mk3KSVrveSE,00012,0,trainval,dsOSb0SrS5Y,50005,3.3742260728440208,5.76
train,pretrain,pF72px2R3Hg,00014,0,pretrain,p9UC0chfXcg,00002,2.7296059597054914,4.16
train,pretrain,rpOwTspdwkI,00025,0,pretrain,VPxEde3Q1F0,00001,9.295845713155437,5.76
train,pretrain,lGbuCmuTJHg,00013,0,pretrain,PsihkFWDt3Y,00012,-4.204297696000589,4.096
train,pretrain,dE1DuBesGYM,00071,0,pretrain,moS9iMlmsP0,00045,-3.0763431581467815,7.936
train,trainval,z19gIaUmIBU,50003,0,pretrain,lUO0xDSJQVI,00007,-9.19317884661326,6.016
train,pretrain,bB5zR2xYhm4,00033,0,pretrain,6rcvWcRMuzs,00034,9.826084615307074,4.096
train,pretrain,iFTWM7HV2UI,00033,0,pretrain,oQql5kbCDEg,00014,2.9211267943794255,10.816
train,pretrain,gLdBqrTOQxc,00009,0,pretrain,OVSNSeFTaso,00010,4.626668128875211,7.168
train,pretrain,Oj8eFu72Sfc,00021,0,trainval,fBQnQTkhsq4,50001,-0.23266049819405055,5.568
train,pretrain,KVjkFqS7Y6A,00021,0,pretrain,1Yz7Snu6pnI,00003,0.8392198441721526,6.976
train,pretrain,PGsQwAu3PzU,00038,0,trainval,ydzNAuqUAnc,50003,-2.1532817186322495,6.144
train,trainval,BPMrcY9z0nM,50004,0,pretrain,MSLHHgSXloM,00003,-4.2917191023636425,5.568
train,pretrain,J6tgYBMXR6s,00048,0,pretrain,LuG2rf9enHE,00016,0.4874515127718624,3.968
train,pretrain,awtmTJW9ic8,00005,0,pretrain,oIGBBPspTKM,00017,-4.8878880771382205,5.376
train,pretrain,boSGZ3qSAys,00032,0,trainval,gBkIyJ7kfSI,50002,9.606492223063889,2.56
train,trainval,TYFH0DSjyqc,50002,0,trainval,x8jdxSlf2Dw,50017,-7.362762276253938,2.24
train,trainval,b4sMMWJYUOs,50001,0,pretrain,rFAdlU2ETjU,00015,-6.9108182298662495,6.08
train,pretrain,0akiEFwtkyA,00034,0,trainval,P3fIZuW9PSM,50003,3.714654262133667,2.24
train,trainval,W9YBCwgrwQA,50001,0,pretrain,79tRTivyMSM,00009,7.462514702143729,5.056
train,pretrain,AhKevstJyrc,00037,0,pretrain,on3KttMgbZE,00023,7.569711922298666,4.736
train,pretrain,KiPcxhJtuPQ,00060,0,pretrain,jryCoo0BrRk,00018,0.8883792432806068,8.896
train,pretrain,zCvSZBy6SyU,00014,0,pretrain,AvtStbwMQqs,00014,-1.958442288584635,15.488
train,pretrain,7SjWguOXVwE,00013,0,pretrain,RgtoZ2ue05w,00012,0.3270841865184906,9.28
train,pretrain,73jPh0eRPSY,00005,0,pretrain,BBSVLGf7zPI,00022,7.560223194316642,3.328
train,pretrain,1G0MzlfMPuM,00013,0,pretrain,pi9SMFWTzXw,00016,8.785139548332914,12.096
train,pretrain,cJgStPB0Nu0,00005,0,pretrain,zSqYtUeKUl4,00020,-3.936231190328579,7.168
train,pretrain,Sid0oc0w3mQ,00005,0,trainval,DUd8XAS5HEk,50018,-1.1480830315385138,5.888
train,pretrain,0TOkvcqeVQY,00001,0,trainval,yTR4sADS4qM,50006,-1.6701921756466902,6.144
train,pretrain,ZoWZ1Ycr37o,00002,0,trainval,C0byYFXjRJM,50012,-8.88970091170795,4.928
train,pretrain,itLUXZnLRn8,00033,0,pretrain,2cYDyMnL4M8,00038,6.742215570864801,5.248
train,pretrain,qCrVpRBBSvY,00005,0,trainval,2JSZ66uMRwc,50012,-2.5727077243723295,2.368
train,pretrain,eNDhBSR1DZ0,00002,0,pretrain,kU0ei9ApmsY,00009,-0.6415497383950619,2.816
train,pretrain,gjfYohXoiz0,00002,0,pretrain,VqtEppZmjfw,00002,-0.7627284631141436,11.776
train,pretrain,jiDQDLnEXdA,00023,0,pretrain,IWjzT2l5C34,00025,8.536862356199912,3.84
train,pretrain,KTTtn0iSZyA,00012,0,pretrain,6VnKV1sr5VQ,00014,3.668923927907869,5.056
train,trainval,J6oMG7u9HGE,50046,0,trainval,3rbVQNTzCh8,50007,7.526730170660944,5.76
train,pretrain,nncPtxLCPrE,00039,0,pretrain,yjtCDgjxRAw,00014,-1.1110125387655128,4.8
train,pretrain,jUIfiLplNqQ,00005,0,pretrain,H1fvr9rGgSg,00017,3.3649177509384067,6.016
train,pretrain,yyW9W3e9VD0,00018,0,pretrain,rgPrf3YyByI,00003,4.627432721560524,12.16
train,pretrain,rN7VcY1fS1Q,00028,0,trainval,GeDSgi0A7A8,50022,5.692689920948622,3.136
train,pretrain,u1K6hnm09xs,00010,0,pretrain,UGtFXtnWME4,00004,-0.8741785469690981,5.76
train,trainval,gSUvy6pvLA4,50001,0,pretrain,cfNaMMItHAI,00002,-1.2634888055777154,4.672
train,pretrain,rHbjwH2Blfg,00022,0,pretrain,Aetg4kJie0o,00013,-4.523810171978222,7.04
train,pretrain,jnS66SszwEs,00002,0,pretrain,td5Ld3nURAI,00011,-7.468607675605483,7.616
train,pretrain,w8lH8tNlAXc,00016,0,pretrain,S2uSeHHzRto,00003,0.11496719244578202,9.92
train,pretrain,xcR1SWhjZys,00015,0,pretrain,J6tgYBMXR6s,00050,-0.8814437201582255,9.856
train,pretrain,dhMoQrLEJe0,00005,0,pretrain,yXTtHmj1sr0,00001,-4.926683621991444,8.192
train,pretrain,evfgbVjb688,00014,0,pretrain,G5pvUaMgfC8,00005,-1.1163440664123048,5.76
train,trainval,Ftow7dSpaiY,50002,0,pretrain,2MifgJqOm3Q,00001,9.768779951913011,5.568
train,pretrain,YeXcNpVkezI,00005,0,trainval,8b2vNkEtfpc,50031,-9.279582465511742,3.52
train,pretrain,4v4Pf5Dt8Hg,00043,0,pretrain,LuG2rf9enHE,00041,9.600943578117722,33.728
train,pretrain,joyi6anTSFQ,00010,0,pretrain,8olL43PKJKw,00015,5.9889611110015615,4.928
train,pretrain,wKIHuxe2fi0,00023,0,pretrain,sWN13pKVp9s,00019,-7.511166939828533,20.096
train,pretrain,hh2Z2hSgFIY,00026,0,pretrain,Kqm9AEvJgxU,00022,-5.8981909949403395,4.096
train,pretrain,UWKvpFZJwcE,00039,0,pretrain,7PwvGfs6Pok,00030,-3.4667516626344286,4.416
train,pretrain,0P0mBj09vwk,00013,0,pretrain,SGnmDWtyhAs,00017,4.197906124118756,3.264
train,pretrain,a6Qvzp516gY,00008,0,pretrain,mDSuP2BsVy4,00003,8.613978003865167,4.608
train,pretrain,RPjqPHCMJHU,00005,0,trainval,eRQdAOrqvGg,50013,-6.808996873805604,2.496
train,pretrain,buHSvs7LFzw,00049,0,pretrain,ufUkAQOQaXU,00015,-1.8202179117930477,7.936
train,pretrain,lqbLSUhhyPk,00021,0,pretrain,3m6dV7Xo3Vc,00017,1.047509542610392,4.992
train,pretrain,OwfyH5S6bpA,00015,0,pretrain,SgYvy71CSSA,00008,-3.2521946403430775,4.16
train,pretrain,tSSNoFstCmQ,00019,0,pretrain,F1U26PLiXjM,00028,0.9007944629331455,5.248
train,pretrain,f8U2GwInI9o,00027,0,pretrain,4c1lqFXHvqI,00039,-9.765964591557008,4.48
train,pretrain,bbFF5n7S930,00002,0,pretrain,o8xWaNpSlbI,00006,-5.0845414482090785,6.208
train,pretrain,lDq9SQxvsNU,00066,0,pretrain,sYUjyH8Y0No,00053,-1.725433483403494,4.8
train,trainval,Ep2MAx95m20,50012,0,trainval,6Af6bSwyiwI,50006,3.7921701178362817,2.048
train,pretrain,FRKg49ySnNw,00002,0,trainval,ZChEFOGSn8Q,50002,0.9283851428450021,4.608
train,pretrain,v84pD2g3gSk,00032,0,trainval,BPMrcY9z0nM,50018,-6.205775537153871,5.632
train,pretrain,U2dHczVSCdo,00037,0,pretrain,aR5N2Jl8k14,00010,-5.314835694191132,5.952
train,pretrain,NVPxmzSPvUw,00014,0,pretrain,eJZSzNuKX7c,00022,5.110229716781554,5.312
train,pretrain,3UaOl8SYHes,00024,0,pretrain,G6dfUFgKmN4,00002,1.5164342788591973,5.312
train,trainval,O9Hfqc3trhw,50030,0,pretrain,7tu9nJmr4Xs,00013,8.391348761424972,4.608
train,pretrain,Sv36Vt9GmH8,00015,0,pretrain,ftWn4QOvTTo,00019,4.66901916198751,7.168
train,pretrain,aiDSQyFdd68,00016,0,pretrain,lQDxasFKQCA,00022,-5.500898360309998,4.544
train,pretrain,1sgb2cUqFiY,00016,0,trainval,jSSqQDPGW2k,50015,-7.905055096189408,5.824
train,trainval,ST4JS67J0Y4,50021,0,pretrain,Oa82WNk0mis,00018,-1.4750630697918474,3.584
train,pretrain,rpOwTspdwkI,00001,0,pretrain,kFMZrEABdw4,00001,5.0318526696114105,6.528
train,pretrain,HDjM5lw8OYo,00012,0,pretrain,04SEzifEsGg,00057,2.45138935404327,10.24
train,pretrain,vR8msiSohZM,00011,0,pretrain,YrtANPtnhyg,00016,5.032680272562658,3.584
train,pretrain,2XiDdnDCD34,00049,0,trainval,U23gPSGhW1w,50001,9.912566976605099,4.224
train,pretrain,eQdFkSSgHYo,00005,0,pretrain,GIt6Z0k3PQo,00024,-9.402476774671973,5.056
train,pretrain,o8NPllzkFhE,00004,0,pretrain,J3Zsj4LfsSo,00006,8.657684316146515,16.512
train,pretrain,wmE8dQcZgB4,00030,0,trainval,xY7kVVS2HVY,50042,9.115100304874975,3.328
train,pretrain,nx3GuO41Jyg,00012,0,pretrain,IRhl1lr0nJg,00012,0.11396645043634024,7.936
train,trainval,ONXYcNS7k1Y,50009,0,trainval,sgTjCpBOeCU,50017,6.820274970978506,3.328
train,pretrain,btF6nKHo2i0,00017,0,pretrain,v3oSF94S4FI,00004,-6.231802461109681,5.888
train,pretrain,GSmaUPREKlU,00013,0,pretrain,Zwwanld4T1w,00031,-0.5007490056009978,6.016
train,pretrain,HSzqFSOft20,00008,0,pretrain,Tg35UfOJhe4,00008,3.955166014418225,7.744
train,pretrain,jMBdQW2LLxw,00007,0,pretrain,JN3mW2IzCrc,00006,-7.82740769302849,13.056
train,pretrain,Z2hFbbG7t70,00013,0,pretrain,ldhppc7GmZg,00025,8.46835529738961,5.312
train,pretrain,lVQ3KUTHDe0,00018,0,pretrain,6diqpGKOvic,00015,4.307130270051275,7.104
train,pretrain,xeFl0RE31x0,00016,0,pretrain,DW5YctpK7pM,00034,-4.664251878858501,5.696
train,pretrain,LdjNw8SZc5U,00008,0,pretrain,SF242mxtZN8,00022,-3.1993667434908213,8.576
train,pretrain,nz0cAjXVepg,00015,0,pretrain,0UmUgaJwEr0,00005,3.6018107815612073,15.36
train,pretrain,I6M54p8VQFA,00010,0,pretrain,XSuZ6ukuz5s,00016,2.7568193444675835,19.392
train,pretrain,tsFKSfItBoE,00003,0,pretrain,SDjLpMj3BDU,00032,-2.5607059222474042,5.376
train,trainval,wIkvIKeRNoY,50004,0,pretrain,zbHe4RpgV80,00015,-5.284534196700381,3.52
train,pretrain,v22SdEMzxO4,00015,0,trainval,j8T3bdqTdp4,50002,-2.0734897446491063,3.328
train,pretrain,ImmtTHYU5GQ,00005,0,pretrain,3B24RaqA33k,00007,-9.31081023839399,7.424
train,pretrain,U7fFCaHZvVk,00035,0,pretrain,0sYguTPLpHE,00057,-3.1748266085684023,8.32
train,pretrain,o08ykAqLOxk,00026,0,pretrain,6vLrreR6YOE,00033,-0.20449416496257378,6.016
train,pretrain,pNttjJUtkA4,00036,0,trainval,CVdPhUPO5YU,50009,7.3760662549053215,4.288
train,pretrain,Bk9wQD6eYts,00027,0,pretrain,LETgWDSSzSI,00017,-7.0846814224461845,16.0
train,pretrain,i6SbQqqRVtM,00001,0,pretrain,gCWeVYCcKXw,00005,-9.275175448640287,10.176
train,pretrain,F0ofeD8VKMA,00083,0,pretrain,tTvIEUGCigk,00046,0.8077109195473149,16.256
train,pretrain,5tUnSuoYKoE,00036,0,pretrain,3qyVvDGDGQs,00015,1.9501771575281737,3.904
train,pretrain,X0VDy8s8FN4,00006,0,trainval,aiDSQyFdd68,50008,-6.176868844432852,2.304
train,pretrain,oW91ATcgXVc,00029,0,pretrain,W0StyxgMk1o,00011,2.835239501096039,3.328
train,pretrain,N4wFyRGilp4,00001,0,pretrain,cnQFvrWDYsU,00003,2.746900950271776,9.344
train,pretrain,jgnqlZUI4n8,00009,0,pretrain,ORBf73HiJns,00010,-6.767126467223237,4.48
train,pretrain,qu7ZpWecIS8,00027,0,pretrain,r2YiRiLAUSY,00010,0.5820034738851234,5.76
train,pretrain,JaFSfq2Zn7I,00069,0,pretrain,AzcMEwAxSP8,00002,4.021007904118809,3.584
train,trainval,Nhwq12TKkQQ,50008,0,pretrain,g2J6YOiLNr4,00035,6.43048553389108,4.8
train,pretrain,Kw5vyJ30djM,00010,0,pretrain,gqpErbFnbiY,00023,-6.752507450277527,7.68
train,pretrain,9IRv3TOjE1I,00011,0,pretrain,fbU9l46Lz7c,00019,-2.6901348196896535,6.848
train,pretrain,Chr3rQ6Vpcw,00019,0,pretrain,rugSZIFY7mc,00011,-0.11088586197280748,6.528
train,pretrain,LETgWDSSzSI,00022,0,pretrain,JNcLKbJs3xk,00026,4.7599407749689,8.256
train,pretrain,IRhl1lr0nJg,00003,0,pretrain,tsgvhP07BC8,00050,8.784723689270105,6.208
train,pretrain,TPA0qoemShQ,00016,0,pretrain,MbBHVL4hT90,00013,5.007827063102226,4.16
train,pretrain,fCt6PoTfPvg,00007,0,pretrain,FVSc2FnPnDE,00003,8.45137879973295,11.648
train,pretrain,ZmSF9gVz9pg,00010,0,trainval,MtSE4rglxbY,50006,-3.1600450231572985,2.88
train,pretrain,cplaWsiu7Yg,00047,0,pretrain,SGnmDWtyhAs,00028,8.288188406230798,4.48
train,trainval,ALTvG9MIR64,50007,0,pretrain,ZmSF9gVz9pg,00003,4.044698583761296,5.76
train,pretrain,19KkFCQz8WQ,00022,0,pretrain,vvEH93EQiKg,00010,-6.582826007514937,7.936
train,pretrain,HFFBkbsSFY0,00017,0,pretrain,IdW9UYlxlVY,00002,-3.6484483096499005,9.6
train,pretrain,NbpSibMSEiE,00005,0,pretrain,rufeSSlZJg8,00012,-2.1926998399161057,4.608
train,pretrain,SU1foLW8h54,00013,0,pretrain,IHyR7p6Shn0,00010,1.1169678047034957,8.256
train,pretrain,h27g5iT0tck,00005,0,pretrain,MSZS1wnjfhY,00005,-6.745730910251355,10.752
train,trainval,V3CLRL32Mcw,50002,0,pretrain,CMeRySbMXDU,00009,-2.1931786815021326,2.88
train,pretrain,AR6RiSHN7S0,00041,0,pretrain,SvZXgApsPCQ,00018,-9.12121701507247,11.008
train,pretrain,imaWSTabxOE,00015,0,pretrain,I4fJPKSKbrA,00018,1.6574946021028847,6.08
train,pretrain,f6CILJA110Y,00025,0,pretrain,zSWppsceZ1c,00031,-1.0689834477356808,6.016
train,trainval,IHyR7p6Shn0,50024,0,pretrain,r92jUj7gNRw,00025,0.6791015054632847,2.176
train,pretrain,y9Trdafp83U,00025,0,pretrain,tMSU6k5SWXg,00005,7.332020989882086,6.464
train,pretrain,EUYLa7MAlPc,00028,0,pretrain,ZQBSh9k74aY,00018,-1.5182933060401638,4.736
train,pretrain,1Dd2yCf3PyA,00005,0,pretrain,I4fJPKSKbrA,00016,-2.6201110876462153,7.68
train,pretrain,ShY9QSdaReY,00012,0,pretrain,wDxjss7kHRw,00010,-7.100014741200122,3.648
train,pretrain,FpHPVrsEkYY,00008,0,pretrain,QcnuWDZuYy0,00006,-5.466308988083752,3.52
train,trainval,c8WMMSPUOj0,50005,0,pretrain,jPyR3UDhOm4,00011,2.0537894425509826,2.24
train,trainval,r9DDE7NV1Nw,50025,0,pretrain,zbHe4RpgV80,00003,-3.619292433777397,6.208
train,pretrain,WOxSQHtJWlo,00016,0,trainval,dsOSb0SrS5Y,50004,-4.879254808849492,3.648
train,pretrain,y3jYVe1RGaU,00049,0,pretrain,LSdPxGLesE4,00015,-7.367582650207789,4.224
train,pretrain,N9HF8mMe2pU,00012,0,pretrain,gj3ZnKlHqxI,00004,0.9870828511227376,3.968
train,trainval,DSPWxjBgvF4,50041,0,pretrain,9h2dFSIsH0I,00059,7.070895033325932,4.864
train,pretrain,IeblJdB2SVo,00020,0,pretrain,KiPcxhJtuPQ,00059,-3.5244778400342414,10.752
train,pretrain,btlF4ZSAoFc,00011,0,pretrain,6k8YBJ5sgko,00016,9.387939729461706,3.648
train,trainval,lwcvhh4pLjE,50001,0,pretrain,KCr8s57hdzY,00002,3.289321064393034,6.208
train,pretrain,lbfhz7u0qyI,00004,0,pretrain,Sm5xFSUYgdg,00010,-7.506070588476721,3.712
train,pretrain,MpYrJs0rX84,00009,0,pretrain,LUNBiST4KSs,00007,-8.969727874679629,10.496
train,pretrain,H2rG4Dg6xyI,00044,0,pretrain,tAcQfn96yFk,00011,-0.06382309210415116,6.656
train,pretrain,ddek3gQVt9Y,00010,0,pretrain,9H38oQBw2HU,00037,3.8759580640377056,6.592
train,pretrain,a5xR4QB1ADw,00017,0,pretrain,5Jqk1rkuUwU,00016,-2.05542045152667,14.4
train,trainval,SJyE40koQyA,50010,0,pretrain,SFW0TEFKCxk,00028,-3.626810009613215,4.672
train,pretrain,WNDWYW4yWEM,00021,0,pretrain,7Oe11XnBvA8,00035,3.685205205033423,3.968
train,pretrain,sS9ys09BkGE,00033,0,pretrain,vcfrsYWFR78,00006,2.664932744512683,3.904
train,pretrain,gXlIASSrI4E,00028,0,pretrain,5pW2b1vwwf4,00013,-9.103679190410098,8.832
train,pretrain,BFK2knjj4lQ,00017,0,pretrain,TBIL2sdfoVc,00013,-2.4892989997289527,4.032
train,pretrain,ZBWsmoy5Re4,00005,0,pretrain,wNokfBHccVI,00025,9.22954197735811,9.536
train,trainval,PB7xs7UpIfY,50006,0,trainval,DSPWxjBgvF4,50029,1.266779317927325,3.456
train,pretrain,cnDEVgxD6QQ,00010,0,pretrain,b6rAgHcuYtE,00007,5.192279248545722,3.52
train,pretrain,0NV1KdWRHck,00060,0,pretrain,paSYuxyRDuw,00009,-0.881128604607408,4.736
train,trainval,bTE0MRRXNzs,50002,0,trainval,5aLiFw8CSEA,50007,6.668150812891547,2.24
train,trainval,36m1oStM05g,50002,0,pretrain,iKHTawgyKWQ,00015,0.32860767338699404,6.08
train,pretrain,JSLUS3qLv0I,00004,0,pretrain,zawpbVpu5nY,00031,5.927877546437369,6.08
train,pretrain,KsSSMh1QhMc,00044,0,pretrain,MywGrRvNkWQ,00005,0.8079809481472573,6.464
train,trainval,OKIyDMaxh4w,50008,0,pretrain,23vKtqo2t4k,00010,0.39459213378977154,5.888
train,pretrain,6ydYeyNSQVY,00009,0,trainval,sa0RUmGTCYY,50030,-8.69468785033077,2.496
train,pretrain,PB7xs7UpIfY,00020,0,trainval,hSSmmlridUM,50006,3.4451887174916536,5.824
train,trainval,7KtAbgvGEvY,50001,0,pretrain,druJDI6hiiY,00011,-5.999245776857432,2.176
train,pretrain,OWq7ToR2U8Q,00015,0,pretrain,DkyMCCnNI3Q,00002,7.070093477698482,13.44
train,pretrain,iBzfQKWNsVE,00005,0,trainval,NVPxmzSPvUw,50010,-2.361203395603388,3.328
train,trainval,01GWGmg5jn8,50017,0,pretrain,aMrCYPCsLUk,00005,1.685637408614646,2.496
train,pretrain,bLGTrz1Zolk,00037,0,pretrain,nLtUl2CP8ak,00009,-4.807136822920701,2.816
train,pretrain,11Mq9ZuxZMc,00016,0,trainval,sgTjCpBOeCU,50023,-2.9905636983453388,3.328
train,pretrain,aTgPJQ9Dy7Q,00014,0,pretrain,bhHJ4DRZNZM,00020,-4.56957223359828,6.592
train,pretrain,Kqm9AEvJgxU,00009,0,pretrain,t1ZSoufuQg4,00013,-8.79800731836967,9.856
train,pretrain,JNcLKbJs3xk,00020,0,pretrain,RtFFT4zjyTM,00006,6.189167221922723,8.256
train,pretrain,gkKymhU7yi0,00022,0,trainval,LNHBMFCzznE,50001,-1.0172885268155767,3.072
train,pretrain,eSndlO2SMIQ,00001,0,pretrain,J0WQz9qlgZI,00002,3.7419526610822995,4.736
train,pretrain,T9nFC6dkRxU,00008,0,trainval,wznroZvpVHU,50005,-3.035851169108237,2.112
train,pretrain,umgWcQ5uNu0,00017,0,pretrain,OwfyH5S6bpA,00013,-6.486767565152231,10.688
train,pretrain,7Mqse6SLOds,00024,0,pretrain,BFK2knjj4lQ,00022,5.87993074687801,2.944
train,trainval,ooIxHVXgLbc,50005,0,trainval,VfKWd7iXMSo,50018,0.5561103380761168,2.048
train,trainval,yPGwA7t6bpI,50003,0,trainval,1YO1FmVAPrA,50006,-1.1836283010657738,6.016
train,pretrain,SmsYxDvdcYc,00032,0,pretrain,AGivotqSrd0,00017,4.372812438513627,7.296
train,pretrain,0FQXicAGy5U,00003,0,pretrain,rXepkIWPhFQ,00010,8.952585012236337,3.968
train,pretrain,vcSn852sv3E,00026,0,pretrain,IGadg8xHVPI,00018,-0.9402227206804721,11.136
train,trainval,AJYRJ92g4GI,50007,0,pretrain,gZga0AmCGdE,00001,-1.1208697551002835,5.824
train,pretrain,LBvHI1awWaI,00036,0,pretrain,ASQpKiUSNHo,00013,-9.733462056758997,4.096
train,pretrain,hqQSTqVNnOY,00021,0,trainval,EhM56Fk2aFk,50003,2.729088416145398,3.328
train,pretrain,qywLsqI5YeY,00018,0,pretrain,drv3BP0Fdi8,00041,2.64164208966589,9.216
train,pretrain,QHIocNOHd7A,00009,0,pretrain,syqScVtnKuU,00038,-4.51609109000297,11.2
train,trainval,NAkkckxE9i8,50002,0,pretrain,wZzHnZzmS58,00004,-1.226736606655896,5.76
train,trainval,rni41c9iq54,50002,0,pretrain,SvZXgApsPCQ,00013,0.5181410857590301,6.208
train,trainval,q06YIWCR2Js,50024,0,pretrain,FM5SDGprLpc,00015,4.568828807937653,5.888
train,trainval,4SSn83lCbTg,50004,0,pretrain,hha0NsYXS5c,00021,-6.707812273628266,3.072
train,pretrain,OLHh9E5ilZ4,00018,0,pretrain,7H0USvVSfhU,00021,2.4610143041132986,6.08
train,trainval,ea3HnhOLC9g,50001,0,pretrain,JrRRvqgYgT0,00009,-4.45344391872286,5.888
train,pretrain,yyW9W3e9VD0,00003,0,pretrain,tRqVPRwKn2o,00019,-5.601849145580351,5.76
train,pretrain,7s0CpRfyYp8,00036,0,pretrain,fgfQLTIhi1U,00036,-0.09358478543454574,7.296
train,pretrain,ioMpOr7Yx98,00026,0,pretrain,4XESlSz0TLM,00017,-6.879419928209258,11.84
train,pretrain,1N39Z0ODeME,00011,0,pretrain,lUO0xDSJQVI,00008,-3.725371252897234,5.056
train,pretrain,9qd36SQPxSY,00019,0,pretrain,mj0CWrSB7E8,00010,-8.383894798517444,3.84
train,pretrain,nItwVO9stX8,00011,0,pretrain,m4GQk4ufRKs,00003,5.5222647502086275,8.576
train,pretrain,CEN4XNth61o,00027,0,pretrain,tUAepQYyMY4,00002,-1.721757833978451,3.072
train,pretrain,XRWTyUVh0BQ,00010,0,pretrain,DtT6S1vtjzQ,00011,9.615856708022537,5.12
train,pretrain,FcoJt2KLC9k,00006,0,pretrain,gSUvy6pvLA4,00001,-8.572254851647678,9.216
train,pretrain,DGIuSNks3DA,00004,0,pretrain,V3CLRL32Mcw,00006,-9.602629274265492,4.736
train,pretrain,ZuCX92wuw2g,00018,0,trainval,Chfoo9NBEow,50002,-2.4111252759004165,3.776
train,pretrain,xNiBDGBw4Zs,00001,0,pretrain,9RTkZaX1cH0,00006,6.103830588912857,2.752
train,pretrain,3QZp6smeSQA,00023,0,pretrain,Gj2pWl1vjCY,00013,3.9378541071184703,5.504
train,trainval,aIFFFGf1ZRE,50026,0,pretrain,qMppKiqMpAk,00021,-4.207640345957467,2.56
train,pretrain,HA7GwKXfJB0,00029,0,pretrain,GkRn9Lp16UI,00023,-3.787331891041033,11.008
train,pretrain,x4lASM3zbdU,00004,0,pretrain,MLvwTlbj1Y8,00029,-5.147539908154977,4.736
train,pretrain,Rv9SwZWVkOs,00026,0,trainval,0GL5r3HVAZ0,50007,-2.998166796117074,6.016
train,pretrain,SeBUcBfkVCo,00014,0,trainval,8jPQjjsBbIc,50013,7.873183505140716,5.376
train,pretrain,gCWeVYCcKXw,00015,0,pretrain,S9O9vyJBQ6g,00007,-8.960618754859198,13.76
train,trainval,dOt4NkcmIUg,50011,0,pretrain,Svo01ldlTQc,00028,7.471192792754529,2.56
train,pretrain,oCBYfGXSAlA,00011,0,pretrain,5QGApheKRc0,00021,-4.489691555032261,12.608
train,trainval,VB9S4kELT2k,50001,0,pretrain,sAQfzHBpRsc,00008,-3.1846864824400782,2.56
train,pretrain,y9Trdafp83U,00002,0,trainval,8aSUUhW7SHU,50030,6.39144719361342,3.52
train,trainval,X03jYXszD3Q,50001,0,pretrain,sHJZRPWXQ9s,00019,-4.941294552690156,2.496
train,pretrain,oQql5kbCDEg,00006,0,pretrain,BGRy5VUSLfI,00043,-4.549214982758847,8.832
train,trainval,K74JqctvM2g,50001,0,pretrain,t8RSGKSSM2Y,00010,6.199443805154793,6.208
train,trainval,jpeSLKnS4gM,50030,0,trainval,CE3tL9MMk3U,50004,3.2681231863193876,2.112
train,pretrain,VohNDqzWP9E,00014,0,pretrain,sBaiRpIpPKQ,00025,4.346418997389357,9.408
train,pretrain,wZ2TF8SPGQ4,00027,0,pretrain,1KFUSfbcwfw,00010,6.589302265278505,2.816
train,pretrain,y7A4dZIyI0g,00022,0,pretrain,WSsjBMSWSYE,00015,-1.156015311625394,11.84
train,pretrain,A71OktxTPac,00027,0,trainval,9EVEmZ2cSes,50028,-9.468635257150698,4.608
train,pretrain,R5PHGMRoZMA,00005,0,pretrain,AAkEYcmCCCk,00034,-3.968619324444857,6.208
train,pretrain,tF1oSdNwE8c,00023,0,pretrain,E3SSSS5SFHQ,00023,-2.9342560177296706,6.016
train,pretrain,uarlIjkHlAs,00014,0,pretrain,S9PEogIrHSk,00027,1.3476183840961475,4.928
train,pretrain,HS8y0WLm78U,00020,0,pretrain,ruvWiXowiZ8,00011,-5.196900137499554,4.608
train,pretrain,ooUqOwhS2LE,00001,0,trainval,59SRn1SkWAA,50002,1.9749524246931145,4.8
train,trainval,RVX8ZSAR4OY,50008,0,trainval,F2dFiK3wkRA,50002,6.9448508670675615,2.24
train,pretrain,HQIi3nUXh0g,00016,0,pretrain,HqawqHB7nDM,00023,-6.6568610826488905,8.768
train,pretrain,RKmxL8VYy0M,00015,0,pretrain,yuD6ozE9rtc,00015,-6.62366687342681,2.816
train,pretrain,NWUFjb8w9Ps,00002,0,pretrain,yrcaHGqTqHk,00033,8.648688694519734,7.168
train,trainval,SdBPkbi4SR8,50015,0,pretrain,YSmJDnSemqY,00016,4.076263350989063,2.88
train,pretrain,rokPqHc9iD0,00036,0,pretrain,7tu9nJmr4Xs,00010,1.0056570618653744,11.2
train,pretrain,36m1oStM05g,00016,0,pretrain,zLNXIXingyU,00063,5.549916546864475,7.296
train,pretrain,jSS03JfgHEA,00005,0,pretrain,VbeovM4RCh4,00016,8.775749121063111,5.12
train,pretrain,fzKxYlHmhmY,00011,0,pretrain,3OMgvtWNHp4,00003,3.3277153971406843,4.8
train,pretrain,KTvSfeCRxe8,00022,0,pretrain,OhYvDS7qSV8,00004,-6.335010366584257,4.48
train,trainval,iCvmsMzlF7o,50028,0,pretrain,F0ofeD8VKMA,00005,-3.988584209275208,2.176
train,pretrain,enW2OUGzqtQ,00018,0,pretrain,RvnS3cCrl9c,00009,0.895485699447029,8.896
train,pretrain,hVsnkRoYfX0,00018,0,trainval,IOzdXNXzDqE,50003,-5.352445839313842,3.968
train,trainval,5AN5fPFtV0U,50016,0,pretrain,f8U2GwInI9o,00006,-8.250676236321583,2.56
train,trainval,7ZWTG0SeCEg,50012,0,pretrain,6qqqVwM6bMM,00018,-5.0425077361046515,3.2
train,trainval,q06YIWCR2Js,50025,0,pretrain,U7y4GlmwPLQ,00027,8.721397107446979,4.288
train,pretrain,2Shh4UkPVCc,00023,0,pretrain,FMD2cMjrMDM,00001,-7.13592770070306,9.664
train,pretrain,LMrzdkSYnYY,00007,0,pretrain,1gdKrtwBGqY,00004,-5.205734605295495,6.208
train,trainval,SRSJX0qRVSw,50009,0,pretrain,eg66CMRpKCw,00012,5.7242450128431095,4.928
train,trainval,ZBDablzQ9ts,50012,0,trainval,ShY9QSdaReY,50003,-5.5605318949972515,2.368
train,pretrain,yqWJuDBSWm4,00002,0,pretrain,a4ZBzM3L6ws,00005,4.349029045244972,6.592
train,pretrain,YodRXxzhb7s,00004,0,pretrain,QQ0K98XDvds,00002,4.170222221725492,4.8
train,pretrain,7SfQLQ7eyA8,00022,0,pretrain,aOW7JZaqKGA,00028,3.8024792204233187,7.616
train,pretrain,QoRZNSVpt3Q,00013,0,pretrain,r55a0FapF2M,00018,-8.31868116441024,11.136
train,pretrain,3aJma6R8Ptw,00003,0,pretrain,Z6T37m4r3yo,00023,6.377953585444487,2.624
train,pretrain,mjUsobGWhs8,00015,0,pretrain,Fc1yN6uxZfQ,00035,0.2346242885973595,3.2
train,trainval,6VWPHKABRQA,50005,0,pretrain,HfotnZVEq80,00004,-5.8731176132557845,2.88
train,pretrain,dY7iATJVCso,00005,0,pretrain,aUBawr1hUwo,00029,-8.50944797183136,10.944
train,pretrain,B5MkpzMAOZM,00026,0,pretrain,DUd8XAS5HEk,00004,4.86916198454141,8.32
train,trainval,DqCsQqy9MyU,50016,0,pretrain,ivvKSx4Q6L4,00022,-3.134984775051506,5.888
train,pretrain,nG1oCU0ijP0,00014,0,pretrain,9FBxfd7DL3E,00022,-9.043883198790843,4.48
train,trainval,xjxyEwjG2Es,50001,0,pretrain,Wj7hmzfX5eQ,00012,3.538974133567338,2.048
train,pretrain,iWHq2mSHwhw,00014,0,trainval,Sb2qXygFm8U,50005,4.4719914331833,6.016
train,pretrain,U23gPSGhW1w,00012,0,pretrain,BSiNIZ6zZqY,00015,-5.496948683681007,5.44
train,pretrain,ooIxHVXgLbc,00044,0,pretrain,JolJi3uLMOM,00023,6.798091880280744,9.28
train,pretrain,OXQwtTOnLvg,00014,0,pretrain,0snNB1yS3IE,00026,-7.057474132426378,3.648
train,pretrain,xf8zep5BADs,00001,0,trainval,aI8KiPiVLyY,50001,6.9186476560272006,5.504
train,pretrain,0FOlwct8k9M,00006,0,pretrain,sHdYaMyR5S8,00024,0.48849711393074813,7.296
train,pretrain,S9PEogIrHSk,00033,0,pretrain,UiosQf4GqnQ,00011,0.5439987593048414,7.04
train,pretrain,TWPahtyJDsI,00041,0,pretrain,DWZsOe1j2w0,00029,-0.43200732825273747,7.936
train,trainval,DqsvwHG9cSM,50025,0,pretrain,DokhOtMp75A,00023,-1.5998714186534269,4.288
train,pretrain,6LmPq7DSds0,00019,0,pretrain,qywLsqI5YeY,00013,-1.6037057353055832,12.544
train,pretrain,GqGksNRYu8s,00055,0,pretrain,IeblJdB2SVo,00012,8.811224008081439,11.136
train,pretrain,5pW2b1vwwf4,00048,0,pretrain,Sd7lvPpDDUg,00004,3.7472779182050804,2.624
train,pretrain,G6dfUFgKmN4,00001,0,pretrain,z4kwU6z6ORg,00016,6.425290145907546,8.512
train,pretrain,GigYWy2UmOY,00011,0,pretrain,LFJ9WAHowcg,00029,7.15687678959792,3.776
train,pretrain,3GFG6Cvy9HQ,00021,0,pretrain,YraU52j3y8s,00094,-5.882219676776879,3.712
train,pretrain,qgv8VoyJ3wA,00015,0,trainval,vhhgI4tSMwc,50010,8.715795402114043,2.368
train,pretrain,zLNXIXingyU,00018,0,pretrain,xS8jLsYoSic,00005,-4.134080634389905,11.008
train,pretrain,cplaWsiu7Yg,00046,0,pretrain,wKIHuxe2fi0,00029,4.7628278503219175,4.032
train,pretrain,lVQ3KUTHDe0,00007,0,pretrain,1Dd2yCf3PyA,00002,9.599827458859835,3.776
train,pretrain,43e6eAAeGCs,00007,0,pretrain,KVjkFqS7Y6A,00016,4.578628995813023,4.352
train,pretrain,dcySuzHPCWM,00008,0,trainval,zvwQXwJyaj0,50003,-9.844135832091201,3.968
train,pretrain,LBvHI1awWaI,00005,0,pretrain,56WGgJNBRxQ,00036,-0.14699969886079245,6.592
train,pretrain,mDSuP2BsVy4,00031,0,pretrain,V6yixyiJcos,00003,8.5868123836071,11.776
train,pretrain,iSpwUpdQdyY,00049,0,pretrain,sDfhSIKFGz0,00016,-4.237078229539424,13.312
train,pretrain,B5MkpzMAOZM,00021,0,trainval,PsihkFWDt3Y,50004,-6.48235437224999,4.928
train,trainval,gh5VhaicC6g,50012,0,pretrain,3uFbJG6tBpI,00019,-8.949334068621212,6.08
train,pretrain,lnHXhYSeOJ0,00021,0,pretrain,URSuWwvpn5c,00029,-2.4548512987261866,4.352
train,pretrain,BDOSUiEh0eY,00027,0,trainval,bnvnBwP9sTo,50003,9.784799126084572,3.264
train,pretrain,QuaIMgzIOn8,00018,0,trainval,JmZpFy1QUww,50010,6.243086060104432,2.688
train,pretrain,cSsxBTNF2U8,00011,0,pretrain,aOW7JZaqKGA,00004,6.36674265471828,7.168
train,pretrain,SGzenQjZSpU,00011,0,pretrain,XgRlrBlS7Yg,00011,4.233250216668665,4.736
train,pretrain,r3L9n20myqk,00011,0,pretrain,2NcetHNXaxU,00005,3.6298530793280026,7.808
train,pretrain,ac1mOswXxLs,00009,0,trainval,LgntY0dOfSc,50016,-5.626202804760167,5.888
train,pretrain,nv0dObM5XGk,00020,0,pretrain,STuCsRugKN0,00005,6.476834700811608,9.856
train,pretrain,K5PEJPSwt0k,00009,0,pretrain,1Gtc0ounD5I,00004,-9.734307979601962,3.2
train,pretrain,BYeYVuqD8kU,00031,0,trainval,vEli4dfAXrM,50024,-7.051801601326206,5.12
train,pretrain,QQ0K98XDvds,00005,0,pretrain,G6dfUFgKmN4,00033,8.949694367618264,16.64
train,pretrain,iRSjlgWE9GQ,00027,0,trainval,jqWHy6B0ADA,50003,-2.9350608569039345,3.776
train,pretrain,oiVSHkItqxo,00030,0,trainval,YL1XwfyaS00,50013,9.099300332694753,5.888
train,pretrain,6Eu964BbJO4,00007,0,trainval,AvtStbwMQqs,50002,7.804714788205089,6.144
train,pretrain,NP8xt8o4S5Q,00032,0,pretrain,oXbhTHaMwTw,00029,-2.6276524673237533,7.424
train,pretrain,3sUWSDHOVn0,00045,0,trainval,FSNEIwDiCSw,50002,7.3616645895525075,5.696
train,pretrain,k7djE1X16og,00008,0,pretrain,9y7YEmyzSDo,00015,0.6645403236479268,10.496
train,pretrain,8S66QUJk3w4,00017,0,pretrain,J45cWdDEbm0,00001,-5.726896475192909,6.208
train,pretrain,4ef6KJ7vfIw,00015,0,trainval,3E46oWB4V0s,50009,-8.633430774176416,4.352
train,pretrain,pNttjJUtkA4,00036,0,pretrain,AS3Pyc4Qr2Q,00019,5.220090248143649,3.968
train,pretrain,oX1C3Jn05OE,00019,0,pretrain,voXOUWiJuLo,00001,-8.501376094719417,3.776
train,pretrain,2ju61VPdTzw,00020,0,pretrain,W4I68CGUV3w,00017,3.949747016336474,15.36
train,pretrain,atKSMfx4E3I,00003,0,pretrain,yzm4gpAKrBk,00018,6.464039026827017,7.872
train,pretrain,2NHV4AzSEzY,00029,0,pretrain,0kPu6eKpja8,00008,6.2386967867260985,7.552
train,pretrain,Bqx8abrSIYo,00001,0,trainval,289ZxBZdKvY,50002,-8.626418169361308,6.144
train,trainval,jvBaRf9LHDs,50001,0,pretrain,E2qmkUsf6Y4,00027,1.9533794226457388,4.096
train,pretrain,oXbhTHaMwTw,00013,0,pretrain,PB2OegI6wvI,00006,7.936937975169943,5.504
train,pretrain,CQ6by9cmt54,00006,0,pretrain,EBebWBjpWIQ,00001,2.7041499153273136,4.544
train,pretrain,ihR9SX7dgRo,00012,0,trainval,IRVdiHu1VCc,50014,7.528577517674574,3.52
train,pretrain,deT1mILtFEY,00029,0,pretrain,DGvPfD1Dd1U,00004,3.311072274014947,4.416
train,pretrain,DEmjzXi2lfI,00022,0,pretrain,fbU9l46Lz7c,00017,-7.578923035339777,5.888
train,pretrain,W8OiVZrAj4c,00005,0,pretrain,MEDgtjpycYg,00029,-5.114812242395503,14.272
train,pretrain,7udZ5ux0dYE,00034,0,pretrain,drv3BP0Fdi8,00013,0.6206086899047758,5.76
train,pretrain,iq5lXSj6Prg,00037,0,pretrain,Qt1RPkbF4o4,00017,0.4584580065917798,4.48
train,pretrain,zCvSZBy6SyU,00021,0,pretrain,kySSXxxiWHg,00004,2.0311953780924608,18.752
train,pretrain,rueQgStScw0,00003,0,pretrain,P8GCjrDWWUM,00014,-2.0490385285854646,4.224
train,pretrain,vcSn852sv3E,00027,0,pretrain,V48M5jS6zdE,00002,9.241388203677953,3.2
train,pretrain,0wpCZxiAQzw,00027,0,trainval,oeL72c6scAs,50003,-2.673096750236235,3.264
train,trainval,td5Ld3nURAI,50005,0,pretrain,tp4Z4EVFA0g,00015,1.1123023511922696,3.84
train,pretrain,IzPcu0SETTU,00019,0,pretrain,zbHe4RpgV80,00008,-6.524005667335169,3.52
train,trainval,cQvDUTOOkiI,50002,0,pretrain,MywGrRvNkWQ,00009,0.14441367727653542,6.016
train,pretrain,SGMVTJ9ZKVc,00023,0,pretrain,sz77x05rySc,00002,-9.280200489386978,3.008
train,pretrain,AzcMEwAxSP8,00018,0,pretrain,jvBaRf9LHDs,00028,8.827685807301318,6.464
train,pretrain,XRWTyUVh0BQ,00035,0,pretrain,acNSymOsL6M,00002,-9.540906054126436,16.512
train,pretrain,T2jwSUhu7ok,00019,0,pretrain,6WeS1bXRBOk,00002,7.560886888281818,4.16
train,pretrain,o8NPllzkFhE,00013,0,pretrain,mWp4Sp8GTgI,00004,2.1439210440768814,16.576
train,pretrain,Ytw0I6ytRto,00033,0,pretrain,xzT6iH2CX4k,00027,-1.4549134250870583,9.024
train,pretrain,LnQYJa9SaR0,00009,0,pretrain,Y0GHWogx0eg,00045,6.286077429567506,7.424
train,pretrain,Znc6TJAAXFU,00001,0,pretrain,vIgWMzdgweI,00017,-1.581921940471691,8.896
train,pretrain,IU1i2IlkLbU,00012,0,pretrain,ivfJJh9y1UI,00030,1.8306369937640383,5.696
train,pretrain,ZmSF9gVz9pg,00021,0,pretrain,jSGzkjHtFiA,00015,-4.44596871769118,6.912
train,pretrain,Uq1idqpX9SA,00038,0,pretrain,koOpvazE9VQ,00008,-4.288717330557339,3.84
train,pretrain,aFDKHFsVRnY,00015,0,pretrain,dhDBxxOKGlg,00017,-9.386051799184372,26.176
train,pretrain,khRkIVPa1Vc,00031,0,pretrain,LHd0vXDglb8,00013,-2.1585154250496164,6.528
train,trainval,tiWwrdMqvvM,50004,0,pretrain,2zvjW9arAZ0,00056,3.323832786552348,2.24
train,pretrain,HfotnZVEq80,00021,0,trainval,ocqn3wYTCRM,50001,5.678149503127123,2.688
train,pretrain,5tUnSuoYKoE,00067,0,trainval,OXQwtTOnLvg,50005,3.5315415700580104,3.776
train,pretrain,jNSOh4xILSc,00025,0,trainval,56WGgJNBRxQ,50025,-4.871700175083113,6.08
train,pretrain,cC0KxNeLp1E,00009,0,pretrain,iCvmsMzlF7o,00001,6.620707154264625,16.128
train,pretrain,0NV1KdWRHck,00030,0,trainval,sa1iS1MqUy4,50001,1.070538659987177,2.624
train,pretrain,fRu9DbUULHM,00001,0,pretrain,fvoWoMIwrSg,00024,-7.747462365788149,11.008
train,pretrain,EKSF037iji0,00022,0,pretrain,Rv9SwZWVkOs,00004,9.104534642569206,9.216
train,pretrain,8wSOZFBcwZc,00020,0,pretrain,rTMqGbTNkNg,00029,8.624643675450784,12.16
train,pretrain,7H0USvVSfhU,00003,0,pretrain,F17SKiAZOxg,00051,-0.1898075869868876,3.776
train,pretrain,IDSSieLCmS4,00001,0,pretrain,dk60sYrU2RU,00027,-0.8497331787974751,14.016
train,trainval,CsqSDpmgsQg,50011,0,pretrain,vvEH93EQiKg,00015,-3.881033889304268,5.632
train,pretrain,OKIyDMaxh4w,00003,0,pretrain,UwtYQFSJSQc,00030,8.426286948650283,8.576
train,pretrain,0qYTf9evWeY,00011,0,pretrain,QOSPNVunyFQ,00022,-2.6186370628650106,6.464
train,pretrain,yzm4gpAKrBk,00024,0,pretrain,NU82HhqhEHM,00004,-2.4840390890553437,3.776
train,pretrain,FRKg49ySnNw,00012,0,pretrain,uebxlIrosiM,00006,-6.794192679592614,4.096
train,trainval,FLbEKpLS5Z0,50024,0,pretrain,BwHAYgOnZSU,00005,-2.7064846071686333,5.312
train,pretrain,N37x4GgDVBM,00031,0,pretrain,bSZh8qdKaBc,00011,0.8720096885140176,7.808
train,pretrain,kpfsQbFV5SU,00003,0,pretrain,Kp13yOhLEbU,00039,2.1806386311827133,11.2
train,trainval,IU4A4h1ACJs,50008,0,pretrain,CXvUdCdKTJY,00017,-5.973878328814715,5.44
train,pretrain,ol1b5mMeP7s,00030,0,pretrain,tiwVMrTLUWg,00019,-0.8121215810790154,5.952
train,pretrain,zORUUqJd81M,00004,0,pretrain,xcR1SWhjZys,00009,9.441064807067225,3.328
train,pretrain,dQijrruP9c4,00023,0,pretrain,jnS66SszwEs,00021,-3.958518665680777,5.12
train,trainval,zsLz0mRmEG0,50003,0,trainval,6k8YBJ5sgko,50005,9.083886338491041,4.096
train,trainval,iwlSPe0FbSg,50019,0,pretrain,dcwuBo4PvE0,00013,-7.499534042139522,2.816
train,pretrain,kZP8KqrSbcw,00017,0,pretrain,TH9CqtMzxG0,00015,1.0699791455442238,6.848
train,pretrain,bCjfy8Z7dv8,00027,0,pretrain,W7kZWmw3JxY,00012,-3.851035130304843,5.76
train,pretrain,cnxEP6bzg7o,00010,0,pretrain,y3EG6cO3ngc,00025,-2.638711147695445,7.68
train,pretrain,dcySuzHPCWM,00014,0,pretrain,1N6e0DnGq38,00001,-8.84021628797335,9.28
train,pretrain,F6Qo8IDsVNg,00011,0,trainval,wPFA8n7goio,50003,8.952392987661671,6.08
train,pretrain,yjtCDgjxRAw,00005,0,trainval,XAcARiiK5uY,50013,-2.941761755845251,3.84
train,pretrain,d6PS4p3IXLQ,00049,0,pretrain,GDnYDLERnRE,00017,5.8103234566757145,4.48
train,trainval,GOZOhpxSAFI,50008,0,pretrain,OAK1UIbSFio,00042,3.069135342369245,6.208
train,pretrain,eOvG4ZXQxUU,00024,0,pretrain,bGBamfWasNQ,00009,2.6927635743101046,5.888
train,pretrain,2NcetHNXaxU,00018,0,pretrain,7wJTgUCxnKA,00036,-5.359266861235074,21.44
train,pretrain,rKtmsVa4Kvk,00003,0,pretrain,ErexJkoDhGI,00005,9.95024576840057,5.952
train,trainval,FSNEIwDiCSw,50011,0,pretrain,Y350oOiunf4,00019,1.629815411280216,3.84
train,pretrain,uPeIesugF14,00011,0,pretrain,E27DY3AVA98,00005,8.44261314199067,17.856
train,pretrain,3NzgEwye6Uk,00001,0,trainval,23FRUuLcQ6A,50001,6.841702070948674,5.76
train,pretrain,SB9A3J70IPQ,00010,0,pretrain,cplaWsiu7Yg,00032,-3.860553283958474,3.968
train,pretrain,0d6iSvF1UmA,00027,0,trainval,iW4fCwfw1vg,50026,-8.17396120510795,3.072
train,pretrain,I1cGiNnJZgU,00024,0,pretrain,uNDWvejza4c,00035,-0.7934127952339978,13.568
train,pretrain,CLWRclarri0,00010,0,pretrain,iUbfRzxNy20,00013,-3.8082390304961518,8.256
train,pretrain,488ZBeaGo6s,00034,0,pretrain,rSSSsisz2SM,00019,1.645913248895452,4.8
train,pretrain,oiZ42KUsxGo,00017,0,trainval,XPAG3I8P34k,50020,8.007060402154114,6.208
train,pretrain,IwWuLSwSMvI,00010,0,pretrain,hvStFIuhD8E,00010,-3.2059076859885804,4.864
train,pretrain,GW02Vo641dU,00031,0,pretrain,DUd8XAS5HEk,00023,-6.005022448338022,4.736
train,pretrain,WWRXOqYwRkM,00005,0,pretrain,cQl6jUjFjp4,00018,-7.692067501172623,3.968
train,pretrain,d6PS4p3IXLQ,00019,0,pretrain,lSYy6poJ2zs,00006,-3.7948297115980045,4.544
train,pretrain,q06YIWCR2Js,00009,0,trainval,BwIGcvBGSRk,50005,0.36479877232448565,5.632
train,pretrain,SYwvyjIDk80,00006,0,pretrain,0FkuRwU8HFc,00042,6.730606429421503,5.056
train,pretrain,yuD6ozE9rtc,00026,0,pretrain,5Walt8nPINM,00010,-5.352716334141682,7.552
train,pretrain,Z2Z3P8E0tos,00003,0,pretrain,NiKtZgImdlY,00022,5.741431282431694,8.448
train,pretrain,IDqMB6C1uys,00018,0,pretrain,j3YjeARuilI,00011,-6.550454962514422,6.144
train,pretrain,YeXcNpVkezI,00004,0,pretrain,jpuDyGgIeh0,00006,3.914382022493804,14.208
train,trainval,vGDZmSnSkfo,50012,0,pretrain,W8OiVZrAj4c,00010,-3.940568502611354,5.888
train,pretrain,aMkNASF9lwE,00004,0,pretrain,ce31WjiVcY0,00011,-1.8740094291943254,5.952
train,pretrain,Mjl1i13JKNM,00011,0,pretrain,7JQbyvNjM74,00006,4.911620084414217,6.4
train,pretrain,muEW4v6lBxc,00001,0,pretrain,EfXidZmAW1s,00019,7.279684533860898,4.928
train,trainval,4O2JKS94g3Y,50003,0,trainval,bczm0RsIZUM,50002,7.9778713839832385,3.008
train,pretrain,0UmUgaJwEr0,00022,0,pretrain,u8bsCiq6hvM,00018,-2.513711244990171,4.288
train,pretrain,mAEqvn7B2Qg,00004,0,pretrain,2zvjW9arAZ0,00086,-1.2317255911479474,6.4
train,pretrain,PVfd6fg7QsM,00040,0,pretrain,Ftnb2fpJ664,00021,4.0464971871169535,4.224
train,pretrain,9ebJlcZMx3c,00005,0,pretrain,BsFxokC02sg,00022,-8.135619997561193,5.44
train,pretrain,o3oDpCb7VqI,00001,0,pretrain,CTEhgUmSrro,00008,3.3580501369647493,3.776
train,trainval,6XS8TA4RBog,50007,0,pretrain,PL9wP3pAl7A,00005,9.538743250740211,2.304
train,pretrain,tTcl5I0Wbzk,00011,0,pretrain,VUT6GQveD0E,00027,1.6140435325313227,4.48
train,pretrain,Df2JBnql8lc,00004,0,pretrain,B8Z2G7d2kzs,00012,2.298907837416076,6.08
train,pretrain,jguSkEMwrcc,00020,0,pretrain,8xHrpO6p7dE,00008,6.080750188677126,10.496
train,pretrain,5nrn5fC001Q,00006,0,pretrain,GeDSgi0A7A8,00005,7.058065269370623,25.216
train,pretrain,aIcwIH1vZ9w,00013,0,pretrain,MQrhPhan5Gw,00012,5.7349475205299765,6.08
train,pretrain,BRETz2FSheQ,00010,0,trainval,S74wSYuesOI,50010,7.917375574981239,5.76
train,pretrain,50m48lpi4AU,00039,0,pretrain,druJDI6hiiY,00017,4.931851622930514,4.096
train,trainval,yFVXsjVdvmY,50007,0,pretrain,DJGreSgaOTc,00010,-4.856411159703848,5.888
train,trainval,IvtZBUSplr4,50003,0,pretrain,m7SuKQGPMSw,00020,-4.8726734180037035,2.752
train,pretrain,wYCSHKl4RPU,00017,0,trainval,nqj6fH2i9go,50003,-2.6088795527814916,5.824
train,pretrain,FN0fjOsJIxk,00018,0,pretrain,RPjqPHCMJHU,00003,-4.576474378019501,9.088
train,pretrain,YhG1Bgbsj2w,00024,0,trainval,DKISYPEF0Ls,50007,-4.7669124644929095,6.144
train,pretrain,dwU8eavPInw,00072,0,pretrain,zYhgy5ouYLM,00020,1.7906477039197028,6.144
train,pretrain,KPN8LHVeFYA,00006,0,pretrain,tpODOkfrwyQ,00019,-2.6824092791901144,8.128
train,trainval,qG6SnAIinj0,50018,0,pretrain,HB2SlA68YDU,00038,-0.7857928865453729,6.08
train,trainval,bSiGZPtWXzE,50076,0,pretrain,A9qqR8NVbtM,00011,-8.64097782324861,4.416
train,trainval,mp0SQQQgv7s,50006,0,pretrain,Sf994ANuGIY,00003,9.498822360852287,2.56
train,pretrain,hBtXiTumdY0,00010,0,trainval,SJyE40koQyA,50006,-4.705886462567042,2.24
train,pretrain,oS4R8TG9e5Y,00002,0,pretrain,SDjLpMj3BDU,00034,-6.289775235307104,3.136
train,pretrain,bf7BXwVeyWw,00043,0,pretrain,3UFGqjWcVU8,00035,-4.69798297931532,5.248
train,pretrain,SUkVcmKZyyQ,00019,0,pretrain,48oiapTn3K0,00003,6.304737938882166,4.096
train,pretrain,W1KIgMXPR28,00015,0,pretrain,vY2l2xfDBcE,00009,-5.322607358382781,3.84
train,pretrain,4KhnSz9FPmU,00007,0,pretrain,3Bk6G2X5Vjk,00007,6.115623641496782,7.552
train,pretrain,KTvSfeCRxe8,00041,0,pretrain,cXQrbxD9SNg,00017,-5.04471728855254,14.336
train,pretrain,rTJpJlVkRTA,00027,0,pretrain,cnDEVgxD6QQ,00006,-2.3854041639192562,4.48
train,pretrain,owl8keTUioo,00003,0,pretrain,mJxA8eIWQUc,00004,3.133916398926184,4.736
train,pretrain,EHTmxmuhZ10,00030,0,pretrain,erCApSBd0AQ,00032,-6.992136586113242,8.32
train,pretrain,sFIDCtRXSSo,00021,0,pretrain,C14bXC7zi84,00004,4.88935666954249,3.648
train,trainval,WzDygsn0Djs,50002,0,pretrain,kTsqFn33RiQ,00001,-8.35519387825211,4.096
train,pretrain,PYSkd46RfVE,00019,0,pretrain,YAV96XSdMQo,00024,3.880027299308926,8.768
train,pretrain,koOpvazE9VQ,00007,0,pretrain,LS3wMC2BpxU,00007,-4.677847469176195,5.248
train,pretrain,z5ncIwCZDGU,00005,0,trainval,46w99bZ3WSM,50003,5.427492827898842,3.328
train,pretrain,qJ7A74Vx7YE,00005,0,trainval,mWA2uL8zXPI,50005,6.857672565106483,3.072
train,pretrain,9yEl0SbCA9M,00022,0,pretrain,7Mqse6SLOds,00030,1.0213294109806448,6.08
train,trainval,cswhOCKQZ7Q,50013,0,pretrain,0YeVt2kpSSo,00001,9.66915437338454,2.368
train,pretrain,GDnYDLERnRE,00027,0,pretrain,hha0NsYXS5c,00015,-9.526463853276088,8.96
train,pretrain,wQJC2MMB8nA,00022,0,pretrain,UROCz70tlMY,00050,9.125476553630875,4.544
train,pretrain,FcoJt2KLC9k,00014,0,pretrain,1S9RVl1dSl4,00005,-6.098668693574096,7.808
train,pretrain,6k8YBJ5sgko,00038,0,pretrain,LnnyuVG0krs,00004,-8.775049407006394,6.528
train,trainval,inxIM1aGvZY,50005,0,trainval,aR6jLD1USW0,50001,-9.480683371467613,2.176
train,trainval,iueVZJVEmEs,50012,0,trainval,PSXxEyYQc5g,50002,-9.629245053543906,3.136
train,trainval,xqPJKtFI42U,50005,0,pretrain,RSW3xi2jMYI,00011,-5.224538305343922,4.096
train,pretrain,lbIh6yngKHo,00002,0,pretrain,SmoW9jvvMr4,00014,-7.470307233027889,8.064
train,pretrain,JaFSfq2Zn7I,00062,0,pretrain,GzPpH9WexDc,00021,0.3853947997747369,4.48
train,pretrain,BT2XlI8oeh0,00004,0,pretrain,L51h8BBu7b8,00027,-4.4673373639750125,9.472
train,pretrain,HHwXlcHcTHc,00017,0,pretrain,6rcvWcRMuzs,00004,-4.9493238671931845,7.424
train,pretrain,4l3Kj3hVSVY,00016,0,pretrain,FJFxLQCo83U,00026,0.16839570675445614,4.352
train,pretrain,QuaIMgzIOn8,00031,0,pretrain,XiEQmcZi8cM,00034,-5.873834020974289,6.016
train,trainval,Z9dt5qlgO24,50009,0,pretrain,iq5lXSj6Prg,00025,6.908253256106022,5.504
train,pretrain,N2HgOWBXyc4,00006,0,pretrain,9XFeW9dgyIs,00001,-5.538364328939203,16.448
train,pretrain,pxzUDc1Zs4E,00006,0,pretrain,ovV7v2XYJAI,00021,-2.190682012423082,6.848
train,pretrain,jLOfXsFlb18,00015,0,pretrain,qKJv4S5peJQ,00017,-8.669388469932699,6.208
train,pretrain,zStF2WEZMSs,00015,0,pretrain,mymMye4purU,00029,6.615754460559884,5.76
train,pretrain,T3I6LwDSfPE,00022,0,pretrain,q4TJEASZRys,00014,7.037738389122325,4.48
train,trainval,KsSSMh1QhMc,50007,0,pretrain,1gdKrtwBGqY,00010,-6.460021381510021,2.368
train,pretrain,OOG65rSM5fA,00025,0,pretrain,05jJodDVJRQ,00019,-7.334159618767986,14.656
train,pretrain,5aH2Ppjpcho,00015,0,pretrain,P3fIZuW9PSM,00011,-7.312051416748129,8.064
train,trainval,V1K3GvSKyJQ,50009,0,pretrain,dBxvZwJZgdM,00004,6.379875682903457,2.176
train,pretrain,O6GimGZz6a8,00014,0,pretrain,pGSQG0IyNTo,00021,2.0286165694963074,3.776
train,pretrain,v2jSfxnRPSE,00041,0,pretrain,chXKZC4D42k,00008,-1.9037735430031422,6.4
train,trainval,s2F41IQSPGE,50004,0,pretrain,lbfhz7u0qyI,00010,-8.258520793257242,3.136
train,pretrain,jk6Y3f2c4SI,00017,0,pretrain,g2m97gPI70I,00004,-5.9841240421980775,4.096
train,trainval,PB7xs7UpIfY,50001,0,pretrain,sLiM2SizFl4,00024,0.5767018257083585,3.712
train,pretrain,HYzrdn7YLCM,00022,0,trainval,P2dlq8ZqjDM,50002,2.1782914122515358,5.824
train,pretrain,mK2TDdEP58g,00030,0,pretrain,7KtAbgvGEvY,00005,-4.573187172520202,4.096
train,pretrain,uSUOduS5MPc,00018,0,pretrain,PyXZvuxDkC4,00019,9.833028144704944,5.184
train,trainval,BoRUrWcdkQ4,50026,0,pretrain,RrFSO62p0jk,00013,-3.605152905906186,3.328
train,pretrain,uarlIjkHlAs,00002,0,pretrain,z5ncIwCZDGU,00004,-1.4773866551744455,6.72
train,pretrain,UWKvpFZJwcE,00003,0,pretrain,bB5zR2xYhm4,00029,-8.448240459254407,8.128
train,pretrain,dcwuBo4PvE0,00010,0,trainval,7SfRgg9botI,50004,7.3117260371105885,2.24
train,trainval,SeJwaOCYWwM,50007,0,pretrain,iRSjlgWE9GQ,00056,3.8641705826892156,6.08
train,pretrain,oPpE0AGqFuk,00004,0,pretrain,vNyZmSg92HI,00012,1.1592261929553178,6.4
train,pretrain,ZBuT2wdYtpM,00007,0,trainval,2i0dGoh3VUg,50005,7.355730049906548,2.24
train,pretrain,Possj5cXEnM,00018,0,pretrain,1QQ3gWmd20s,00017,4.9895617384415285,3.264
train,pretrain,oJfFMoAgbv8,00005,0,pretrain,LpNkuaVnlPY,00022,2.8870239808328595,10.816
train,pretrain,xHwMV35yjoE,00017,0,pretrain,hcIpbUsIVKw,00011,-1.9002509577879838,8.384
train,pretrain,dJEwC4wCM70,00033,0,pretrain,FMD2cMjrMDM,00005,-4.176481108564096,9.408
train,trainval,J0WQz9qlgZI,50002,0,pretrain,oPBC15XYl3Q,00006,-3.728459073468491,6.08
train,pretrain,tYclUdcsdeo,00017,0,trainval,stAstsOxLPc,50014,-3.285168203035358,2.176
train,trainval,r9Zz4hYuGdw,50002,0,pretrain,X9FFzWUInyA,00006,8.58027018528977,6.08
train,trainval,ysln0YyjUok,50002,0,trainval,V6yixyiJcos,50012,-2.990931621906096,3.52
train,pretrain,uYaF8pSTNSU,00064,0,pretrain,Wj7hmzfX5eQ,00004,0.7115547076694817,2.816
train,pretrain,9X68dm92HVI,00039,0,pretrain,IMjn62naclM,00010,6.506146688895232,6.208
train,pretrain,LPrS7Skx9Y0,00013,0,trainval,DGvPfD1Dd1U,50005,3.1037949664100033,5.76
train,pretrain,DsSrzoyyfF0,00031,0,pretrain,1EHZAQmw2JA,00012,-6.889465884014127,6.72
train,pretrain,mgBsSW5CFnw,00007,0,pretrain,jk6Y3f2c4SI,00003,2.838133779964968,14.528
train,pretrain,rKtmsVa4Kvk,00026,0,pretrain,CFtsHf1lVI4,00057,-7.125797453314753,5.248
train,pretrain,HqawqHB7nDM,00025,0,pretrain,Z9dt5qlgO24,00025,7.084241423492237,9.728
train,pretrain,mozxTk3Brqw,00011,0,trainval,OPtxa35JU6Y,50005,-3.7910534885124303,5.696
train,pretrain,LNohxpJntZo,00021,0,pretrain,jSdBXFkQ3S8,00003,1.5775816600133474,2.112
train,pretrain,UyQIKwSPZGM,00013,0,trainval,7SjWguOXVwE,50001,8.456900363752709,4.736
train,pretrain,QAd54DkXCr4,00019,0,pretrain,iCXfJVCg1LA,00013,-5.780849267313741,8.896
train,pretrain,BgbD67U0BAQ,00001,0,pretrain,eMdh57x1UBQ,00021,3.7645457890650906,19.776
train,pretrain,ZJodZcGfTVE,00019,0,pretrain,3QZp6smeSQA,00002,0.13411862579093814,7.232
train,pretrain,wMWYLgj1ydw,00014,0,pretrain,c00zfzk4gdg,00003,-3.9661636641091054,5.504
train,pretrain,olPn5xr0L08,00014,0,pretrain,kCOV51S7Xqg,00019,-8.451695272568111,15.936
train,trainval,uXlSmKZ7aSc,50015,0,pretrain,Z6T37m4r3yo,00005,6.954699389819474,2.816
train,pretrain,gXlIASSrI4E,00036,0,pretrain,z4vmzTZ7qLA,00026,-0.16656456021464194,6.656
train,pretrain,RsxlLsHtoBI,00024,0,pretrain,FJFxLQCo83U,00044,9.8541009404391,4.608
train,pretrain,JtSjYnXD83Q,00005,0,pretrain,J6tgYBMXR6s,00041,-9.410077725632604,5.248
train,pretrain,6Af5tJzSR2w,00021,0,pretrain,BUhksjVTbEk,00021,-8.052572052052716,8.064
train,pretrain,eAnHjuTQF3M,00008,0,trainval,9KACXVScWS4,50004,4.201036731416954,3.2
train,pretrain,Fc1yN6uxZfQ,00016,0,trainval,9XRPbFIN4lk,50001,1.419041972743928,3.456
train,trainval,Yx2rjq1gSWA,50005,0,pretrain,potB0voQzNg,00009,-8.71469079322374,2.368
train,pretrain,urOCGSMlB9g,00019,0,pretrain,MD23gIlr52Y,00002,-2.1903347627213705,10.56
train,pretrain,YO0lbdhF30g,00017,0,pretrain,bZsn1SDARRs,00017,0.6223012158491876,7.488
train,pretrain,fCt6PoTfPvg,00007,0,pretrain,TH9CqtMzxG0,00006,8.452452228246045,17.536
train,pretrain,f68AdM1m4hk,00009,0,pretrain,4EUAMe2ixCI,00057,-8.525133610685675,6.528
train,pretrain,vJ66jv8ICjc,00010,0,pretrain,pvBlSFVmoaw,00015,3.928694631750309,5.12
train,pretrain,ZJodZcGfTVE,00025,0,trainval,e4PTvXtz4GM,50006,2.687764521879574,6.016
train,pretrain,3sUWSDHOVn0,00003,0,pretrain,gDS1Eh6rqf8,00028,9.815488578011646,7.104
train,pretrain,P65XdTlk4vA,00001,0,pretrain,OWq7ToR2U8Q,00024,-5.909027405960863,7.168
train,pretrain,Sx1qkuvUxuI,00009,0,pretrain,3GFG6Cvy9HQ,00042,-7.8308111040714445,7.04
train,trainval,lzSkIDxbzGA,50013,0,pretrain,ftWn4QOvTTo,00033,-8.524126532358489,3.584
train,pretrain,2zvjW9arAZ0,00013,0,pretrain,F8bM8K7WSR8,00018,5.8532619654793905,6.656
train,pretrain,2wu28tI9VkM,00008,0,trainval,B4xOFsygwr4,50024,6.982122669675132,2.496
train,pretrain,0akiEFwtkyA,00005,0,pretrain,QYGO5tepBLY,00017,6.235027725811467,11.072
train,pretrain,hHOX3dlhhZ0,00033,0,pretrain,oW91ATcgXVc,00016,-3.1246336133091246,12.8
train,pretrain,fBQnQTkhsq4,00011,0,pretrain,eGoSdLNceEk,00027,-1.3666012753784784,5.568
train,pretrain,KExLCJAuTXA,00017,0,trainval,DjcZrtcBZi4,50039,-4.282736711401773,6.208
train,pretrain,g3TyY9y8mBc,00003,0,trainval,DqCsQqy9MyU,50001,-3.2357736717008727,6.08
train,pretrain,dhMoQrLEJe0,00027,0,trainval,GZGY0wPAnus,50003,-7.596512210050099,2.688
train,pretrain,sFGWSg7wSuk,00006,0,pretrain,IU1i2IlkLbU,00008,-0.30477939442205937,4.096
train,pretrain,dooLZNsHVDY,00013,0,pretrain,Phf66nAoMIk,00014,6.0043219392552984,19.584
train,pretrain,JCI9FBP0Abg,00014,0,pretrain,qEZmFR1WS7g,00031,2.754542362773172,7.616
train,trainval,NbpSibMSEiE,50001,0,pretrain,HfMhU6qjVVM,00005,-0.06286533670260219,2.56
train,trainval,qKlzdSH2X9w,50013,0,trainval,hscdmpKGqrQ,50010,-0.8890760308477397,2.88
train,trainval,0K5OO2ybueM,50004,0,pretrain,uebxlIrosiM,00001,-2.7821716794106566,4.096
train,pretrain,AJg9SXIcPiM,00011,0,pretrain,G88JZ1DIdg8,00035,5.26913980528229,8.32
train,pretrain,Qd5rAVHT6Vw,00013,0,pretrain,IGadg8xHVPI,00008,2.144515440195862,3.84
train,pretrain,HCJRXoYOoaI,00023,0,pretrain,jpeSLKnS4gM,00036,6.8802403932383704,4.864
train,trainval,HqawqHB7nDM,50006,0,pretrain,FETryXMpDl8,00005,-4.531401647298132,2.624
train,pretrain,kCOV51S7Xqg,00008,0,pretrain,YiXdS9DFCOQ,00020,6.105240462507105,4.224
train,pretrain,zZJSgrzZNdY,00001,0,pretrain,6liIKYeUzaY,00011,-7.562315380899733,3.776
train,pretrain,kYZqyjzuaOw,00023,0,pretrain,ZmSF9gVz9pg,00002,4.3759038271632615,15.296
train,pretrain,3ELnyoso6vI,00013,0,pretrain,d25l1aPz2kc,00003,-9.803148604669136,4.992
train,pretrain,1gdKrtwBGqY,00016,0,pretrain,sAUIAChAmc4,00006,7.014777490747221,7.104
train,trainval,rni41c9iq54,50007,0,pretrain,6Af5tJzSR2w,00003,5.460872029617308,3.456
train,pretrain,Uq1idqpX9SA,00031,0,trainval,8SAWKDRHZuw,50006,-7.882691389740193,2.496
train,pretrain,pLqjQ55tzSU,00012,0,pretrain,UJv5B7s1DdE,00005,-8.04570237750714,3.008
train,pretrain,MoSmgcxGYYE,00083,0,pretrain,4bsiMd1zQ3s,00003,-6.466125270844165,3.84
train,trainval,rYwTA5RA9eU,50013,0,pretrain,vRK7KKQH9Ck,00005,7.797627992436965,2.048
train,pretrain,iXHil1TPxvA,00007,0,pretrain,G8gJJuCdPSA,00030,-9.14504710680476,3.52
train,pretrain,emeEpzkf044,00001,0,trainval,fDzj9vRw5yM,50003,-3.6201939176640057,5.12
train,trainval,8XQ1onjXJK0,50003,0,pretrain,OOhgwjEnfAA,00012,-5.2173683074841755,6.208
train,trainval,TFbv757kup4,50002,0,pretrain,6xtmm0MnaS0,00003,-2.68296220251621,2.816
train,pretrain,oDdcx5luv5s,00051,0,pretrain,HALd9FY5SVQ,00003,-6.427859026776361,7.36
train,pretrain,4c1lqFXHvqI,00037,0,pretrain,mGInCowjJ48,00009,9.297984890993508,9.472
train,pretrain,x3AwnkR92EA,00015,0,pretrain,6EghiYSs2ts,00020,3.6568986001458033,6.144
train,trainval,g2J6YOiLNr4,50025,0,trainval,ddek3gQVt9Y,50003,8.427079906438241,2.24
train,pretrain,iNtNP6LGek8,00004,0,pretrain,3g968CCd3XQ,00004,6.072079518223578,4.16
train,pretrain,9YeQi5Zqy1I,00011,0,trainval,GhpFTQfiqCs,50007,1.9617010168550681,2.88
train,pretrain,iSpwUpdQdyY,00013,0,trainval,jSOPQgPIdKg,50025,7.704086539844699,5.76
train,pretrain,pwdPxj3gHQ0,00004,0,trainval,AGivotqSrd0,50022,-5.341422921153702,4.992
train,pretrain,FTUpFYo0rMI,00005,0,pretrain,druJDI6hiiY,00006,0.7245361266359023,3.52
train,trainval,0bop3D7SdDM,50011,0,pretrain,iW4fCwfw1vg,00012,2.195183460015116,2.368
train,pretrain,Y350oOiunf4,00027,0,pretrain,mvC3Qafe5Ms,00013,-6.849092040567186,19.584
train,pretrain,HSZ1ZvjlKDE,00011,0,pretrain,Sttw2PxncIE,00028,-6.253633482675651,4.736
train,pretrain,7ZoOyNTyjQE,00005,0,pretrain,B5MkpzMAOZM,00031,8.247888107034164,4.416
train,pretrain,0YeVt2kpSSo,00012,0,pretrain,UIAm1gSVgn0,00009,-7.53298508581401,7.296
train,pretrain,yFVXsjVdvmY,00041,0,pretrain,oxpJGynSHJU,00004,3.8010245278032695,9.28
train,pretrain,H50eCfpquBI,00010,0,pretrain,qm0isl11BfY,00001,2.8455270585299175,5.312
train,pretrain,F1U26PLiXjM,00039,0,pretrain,N9HF8mMe2pU,00015,-0.9156564723741294,6.784
train,trainval,SPSq3cW672s,50012,0,pretrain,5mug2UKGwp4,00011,1.550961589996957,6.144
train,pretrain,AP8i435ztwE,00028,0,pretrain,kLIfeGflNp8,00035,-6.028382035655455,3.648
train,pretrain,ZzugJPASNB8,00005,0,pretrain,yJJtRWFLSgw,00053,-9.720542491542318,4.864
train,pretrain,b64qvG2Jgro,00013,0,pretrain,v9dEgXR1iWE,00014,3.0578062471932643,12.736
train,pretrain,qGSYmIPFO68,00052,0,pretrain,MHN1gqrXMUM,00021,-0.9710368572336314,6.144
train,trainval,3f6xCzKx9CA,50017,0,trainval,KkyzYjPuxK8,50001,1.3405326776067756,4.096
train,pretrain,JD4O7ama3o8,00046,0,pretrain,zXSrqdSohyA,00004,-4.337709252232402,5.76
train,pretrain,BQOz6OVz1zc,00059,0,pretrain,LoXAAEy6YQU,00025,-9.697157361843903,4.032
train,pretrain,mK2TDdEP58g,00018,0,pretrain,5aH2Ppjpcho,00006,-9.950551145018629,9.088
train,trainval,MOFdlEbu15g,50013,0,pretrain,SmQadYi4F14,00015,-9.591523677062728,4.928
train,pretrain,k4N2SxUZwiU,00002,0,pretrain,3f6xCzKx9CA,00014,-7.046012855378258,3.328
train,pretrain,ShY9QSdaReY,00011,0,pretrain,oW91ATcgXVc,00015,-6.376870579469287,6.08
train,pretrain,60P7717SXOQ,00018,0,pretrain,CVdPhUPO5YU,00041,4.2901362700003265,4.672
train,pretrain,bfAzi6D5FpM,00037,0,pretrain,UbVZ7rmDYrc,00013,4.029204744280477,29.248
train,pretrain,2W1jvTEjc1s,00020,0,pretrain,Syi9bqfFIdY,00015,9.10128508952948,4.288
train,pretrain,BDOSUiEh0eY,00015,0,pretrain,lzSkIDxbzGA,00005,-7.88910891456569,3.392
train,pretrain,CPVjktgYKo4,00010,0,pretrain,fa7SkR2fz3M,00002,-0.01896305108774854,7.808
train,pretrain,dm4fvbrMLPw,00027,0,pretrain,pF72px2R3Hg,00044,9.237598009512183,4.48
train,pretrain,r92jUj7gNRw,00030,0,pretrain,x5mionzBMlA,00003,-2.6035856573213927,11.328
train,pretrain,2tBuvxXxlS4,00015,0,pretrain,nFSdHdNOgSA,00025,1.5314777438328129,11.008
train,pretrain,cWcVPpxezE0,00014,0,trainval,KZIGekgoaz4,50005,1.583955324997067,2.88
train,trainval,ddek3gQVt9Y,50005,0,pretrain,TM4HiNOhkM0,00021,-2.2813688600357818,3.712
train,pretrain,dskNubEgzCk,00027,0,pretrain,JVwLjC5etEQ,00012,7.025163415875333,10.88
train,pretrain,gwMjgSqFm0M,00008,0,pretrain,2L1R7OtJhWs,00046,9.69284955336413,6.4
train,pretrain,31iuh9pfFwg,00027,0,trainval,haTsrKptgIU,50011,-0.21110450747736387,2.048
train,pretrain,U1a72bvusS0,00017,0,trainval,VoCOzuWOgSY,50002,-5.449493442148672,4.672
train,pretrain,lUHy84tSDrA,00011,0,trainval,0Bhk65bYSI0,50001,1.8219678673994277,2.624
train,pretrain,y3ZrjRlIcgI,00019,0,pretrain,tkIgSSxPzTA,00018,-0.2667041923194109,7.936
train,trainval,cn9Q4c3dXGU,50007,0,pretrain,qdiF1fSGfyM,00030,-9.411371270008784,3.968
train,pretrain,scITIoJvMJ0,00022,0,pretrain,dsCNuBSKBUw,00020,9.578082373136802,5.376
train,pretrain,U7fFCaHZvVk,00041,0,trainval,CTEhgUmSrro,50006,5.926370959276635,2.496
train,pretrain,4a6ZRstYlgw,00051,0,pretrain,a7t61U6BBcs,00007,-6.913442265084169,3.84
train,pretrain,kLRanIhp2jg,00021,0,pretrain,Eq1Aes1SWMU,00008,6.522323901401524,4.48
train,pretrain,I1cGiNnJZgU,00004,0,pretrain,LGtNFHtM81A,00025,-0.7054512342574366,6.528
train,pretrain,K74JqctvM2g,00003,0,pretrain,f8U2GwInI9o,00021,-7.734924275531679,12.608
train,pretrain,PS2h8hSFphs,00035,0,pretrain,dkLcwHmnPV4,00003,2.8515012462976337,3.84
train,pretrain,OkKhI6St40w,00021,0,pretrain,7wJTgUCxnKA,00018,-3.261040505804784,12.416
train,pretrain,Y0GHWogx0eg,00001,0,pretrain,SbphPa7Wp4c,00010,-0.7016654551330515,4.608
train,pretrain,kDXJhxLzmBQ,00023,0,pretrain,QBDShp6U7tU,00030,6.089717393508714,7.936
train,trainval,CWU13rx44j8,50003,0,trainval,bjNSaXg4S6Y,50002,-4.014730128342336,5.824
train,pretrain,JaQNy0Ef4YY,00012,0,trainval,LPwWYFOFTGU,50003,1.0790146537010976,3.008
train,pretrain,ASQpKiUSNHo,00044,0,pretrain,bczm0RsIZUM,00014,2.0446264883722787,6.72
train,pretrain,SJWoKsfsSaA,00052,0,pretrain,ttDM6ZtLUL4,00008,6.054931677980218,8.768
train,pretrain,ZoDYTYSeuN8,00004,0,pretrain,iKEtQSzz4GA,00009,-2.9825167845896132,9.152
train,pretrain,6bVhrpkp0WU,00013,0,pretrain,XS85KAYKOT4,00022,-2.7724035208486697,4.16
train,pretrain,mj0Ymr2DzUY,00008,0,pretrain,9h2dFSIsH0I,00041,2.0364910219733545,7.488
train,pretrain,04SEzifEsGg,00009,0,pretrain,zWxFhFZJDks,00008,-1.1401581561491714,5.568
train,pretrain,b2qM1ISJCEQ,00031,0,pretrain,k4N2SxUZwiU,00019,-0.8203928092938355,2.048
train,pretrain,oD06XPtmLZY,00013,0,pretrain,DJGreSgaOTc,00006,6.015485980038161,6.848
train,trainval,LPwWYFOFTGU,50006,0,pretrain,crjU5hu2fag,00008,-7.753766189382247,3.264
train,pretrain,N9HF8mMe2pU,00005,0,trainval,DUd8XAS5HEk,50004,-1.4153209043195787,3.136
train,pretrain,GkRn9Lp16UI,00045,0,pretrain,CzgS9C7gw0o,00021,-1.7941181410965577,9.344
train,pretrain,KQEWc3LVfyc,00043,0,pretrain,v2jSfxnRPSE,00001,-3.253616387960969,7.168
train,pretrain,6qTfX4U6CS0,00014,0,pretrain,teVE3VGrBhM,00027,7.849739135274774,15.808
train,pretrain,S9gAgInOV8w,00004,0,pretrain,7CIq4mtiamY,00029,4.6993155478855115,4.736
train,pretrain,VlC93dig40E,00022,0,pretrain,bGBamfWasNQ,00021,2.262209550217582,11.328
train,trainval,FTUpFYo0rMI,50015,0,pretrain,Jv2GGScsUc8,00039,-6.291445024388855,3.904
train,trainval,V2DgJBx3cyA,50010,0,pretrain,dsmgvrcH94U,00014,-3.6788200256948294,4.928
train,trainval,AoAbPIbGLUo,50005,0,trainval,bCGlWQnzDVE,50005,9.866638827111675,2.56
train,pretrain,XiSPD5aZT7Q,00009,0,trainval,XUW5pfux2IA,50001,7.848687163697704,2.816
train,pretrain,4ZgwzSm7sRs,00064,0,pretrain,QPC5SP2SFu8,00015,-1.6176963208243773,9.152
train,pretrain,GbYc9BOU30o,00003,0,pretrain,SF242mxtZN8,00029,5.330611628927668,4.48
train,pretrain,P5Mpo4JQZhw,00032,0,pretrain,3KmaFiKvGSM,00003,0.620130840817934,3.136
train,pretrain,syjEN3peCJw,00015,0,trainval,xY7kVVS2HVY,50035,-9.161210596504025,4.48
train,pretrain,Itmu78W9cOI,00004,0,pretrain,ZbYDSIe5jsI,00008,-4.278602888674579,9.92
train,pretrain,YzQDnTPuNZM,00002,0,pretrain,nLtUl2CP8ak,00059,-2.5261841880570017,7.872
train,pretrain,Kn5JRgz3W0o,00010,0,pretrain,jAGgKE82034,00022,4.571563490080688,6.144
train,pretrain,pX8zZdLw7cs,00014,0,pretrain,12ud0nSTvro,00019,-0.6735821919025486,4.736
train,pretrain,nVEvzeIXbpk,00035,0,pretrain,NjpXs8Ymr14,00012,5.174048128866149,8.256
train,pretrain,ziGD7vQOwl8,00017,0,pretrain,UOn3zOp8JPE,00018,7.301189170343811,3.52
train,pretrain,snkrS1C2e7U,00001,0,pretrain,SF242mxtZN8,00012,-4.32624065338135,6.72
train,pretrain,yRUCU5FsvTY,00016,0,trainval,hJnEQCMA5Sg,50005,4.501439800423688,4.288
train,pretrain,u1SdYypojbE,00030,0,pretrain,xlggecnjOY0,00028,-2.0769458294382286,8.512
train,pretrain,qFza3W87eDg,00016,0,pretrain,T3fznrlWaSo,00006,3.1547061556711746,4.736
train,trainval,w96osGZaS74,50009,0,pretrain,c6mhFgAjqwA,00036,-5.703751971918174,2.112
train,trainval,CTEhgUmSrro,50012,0,trainval,7DLzXAjscXk,50039,-6.974421825343509,4.416
train,pretrain,Nhx1SyXMwCg,00014,0,pretrain,pcSlowAhvUk,00047,4.267065835525985,5.824
train,pretrain,8etnSTnX92g,00001,0,pretrain,lxovD2LQVUQ,00003,0.2027126008912319,26.176
train,pretrain,0zbHnOcGbrw,00014,0,pretrain,fmZSIr2Z29s,00003,-3.721494975516462,17.664
train,pretrain,lXQ4HSMp1OA,00013,0,trainval,zESeeaFDVSw,50002,-9.000086462936936,3.2
train,pretrain,2j00U6lUCSc,00009,0,pretrain,9X68dm92HVI,00035,-7.628531864311037,6.08
train,trainval,lbBDoFp2HIQ,50002,0,pretrain,H03o2WCBoDU,00032,-1.0011824723843272,2.816
train,pretrain,S6cX2p5cBVg,00045,0,pretrain,0Bhk65bYSI0,00001,-5.066856796815062,12.8
train,pretrain,zmDENxTPn8Q,00022,0,trainval,G8cjIBwP52o,50021,4.837633317065135,2.24
train,pretrain,B5MkpzMAOZM,00015,0,pretrain,c8re1U9rCo4,00012,-0.5968931748823358,6.592
train,trainval,HYzrdn7YLCM,50006,0,pretrain,nCwwVjPNloY,00018,-6.883023264870642,6.144
train,pretrain,Tu01sNfs5SQ,00021,0,pretrain,8khcH5Lqxgk,00011,-9.208556802446086,3.52
train,pretrain,0SFkPxScSM4,00005,0,pretrain,jsZDlBU36n0,00024,-3.1143822867039876,5.952
train,pretrain,ac1mOswXxLs,00017,0,trainval,kiDfwUQySEs,50021,-2.367821327585218,6.016
train,pretrain,0hzSUUdTDUA,00019,0,pretrain,zXCiv4sc5eY,00024,-0.5049670015483549,4.096
train,pretrain,QW8muMXpkRg,00010,0,pretrain,ZvSJE9n0GfA,00019,-6.788349740271671,8.576
train,pretrain,7tu9nJmr4Xs,00008,0,pretrain,9vpqilhW9uI,00018,-5.776603454482774,7.616
train,pretrain,LTtTfCwkIW0,00033,0,pretrain,wN3ovSzal3g,00013,-0.5502980089989578,7.168
train,pretrain,h9deGh8StEc,00017,0,pretrain,hPsUXhXgWmI,00019,2.2729179141258413,4.288
train,trainval,UqyOedEHIrw,50009,0,pretrain,1KFUSfbcwfw,00010,5.420194010032336,2.368
train,pretrain,bJkv9b9o9lo,00006,0,pretrain,a19lSbFPRqY,00015,-2.1578771930611556,3.2
train,pretrain,Kp13yOhLEbU,00034,0,pretrain,RxqyO5hafdk,00007,7.591754580026773,8.0
train,pretrain,vPhM8lxibSU,00035,0,pretrain,icI94blMKIc,00003,9.429428231890313,4.736
train,pretrain,E2qmkUsf6Y4,00007,0,pretrain,SLyoVkOl24E,00001,8.830198189077723,4.288
train,pretrain,PL9wP3pAl7A,00035,0,trainval,ISSupr6ayqw,50004,-4.462938505282954,6.016
train,pretrain,m7SuKQGPMSw,00009,0,pretrain,0MD4Ymjyc2I,00030,5.36035597212968,4.16
train,pretrain,VvpUZjRVoBI,00001,0,pretrain,2S0aEezKvBE,00008,6.829154572088182,3.776
train,pretrain,K8Dj0oSf1SA,00009,0,pretrain,hVsnkRoYfX0,00013,6.9246243117757125,14.592
train,pretrain,qMppKiqMpAk,00005,0,pretrain,jeOumyTMCI8,00027,-7.0356763019360935,5.632
train,pretrain,AIfBSkVI6NQ,00005,0,pretrain,kWnsmzSSgdI,00018,5.6380574144916995,3.52
train,pretrain,ktD119xbBtY,00002,0,pretrain,nncYSMA1Iu8,00007,9.423570632559944,2.304
train,pretrain,Mr8nvXvlSy8,00038,0,pretrain,kiUnJ1d8vvw,00004,4.028286887838842,6.464
train,pretrain,85hbMtegrLc,00014,0,pretrain,TuD3IerTOms,00017,-0.532346379588553,6.336
train,trainval,2NHV4AzSEzY,50005,0,trainval,KaiwGb0csas,50010,2.6105922663744217,2.56
train,pretrain,w3q89BTJj3o,00041,0,pretrain,i1MRJrm9Gts,00013,4.515056191487709,4.672
train,pretrain,CSSBGTJgBGo,00002,0,pretrain,AGivotqSrd0,00045,-6.955112040193187,24.512
train,trainval,xpS7LMLkS5Y,50001,0,pretrain,0pzIPHWR3iY,00006,4.354951473246434,2.496
train,pretrain,RvpXNXXP5Vc,00020,0,pretrain,HirySSCYiwI,00006,-7.691387108928174,5.312
train,trainval,sHJZRPWXQ9s,50015,0,pretrain,UROCz70tlMY,00013,-4.661391169339599,5.312
train,pretrain,IJmr7MsS8fw,00038,0,pretrain,K0PJbPlZoNI,00003,9.973264689628781,5.312
train,pretrain,XbgdpsXDU2o,00002,0,trainval,N0vRIqeoefs,50004,5.017522250635105,2.112
train,pretrain,cK74vhqzeeQ,00034,0,pretrain,UUkAGboDMwI,00019,1.0536143742912643,9.728
train,pretrain,3nsPcBJAdxI,00021,0,pretrain,7CmqNpCofc8,00017,-4.905600445126068,8.64
train,pretrain,RcGyVTAoXEU,00027,0,pretrain,5LrThfSBeq0,00015,9.125903323893894,9.472
train,pretrain,JolJi3uLMOM,00006,0,pretrain,fnS9f5x0f1Q,00015,-8.424896896536566,3.392
train,pretrain,YXWKuKSQsu4,00018,0,pretrain,s9jsZPeqFCw,00008,5.060658944419751,11.2
train,pretrain,nFEgRt2EH1g,00013,0,pretrain,jdMv5x8SBuM,00022,-0.6213857276692387,5.184
train,pretrain,cj5LZBmiQu4,00019,0,pretrain,lUaSg8ZNswU,00013,7.557659934482956,20.48
train,pretrain,HR9956gDpUY,00002,0,trainval,zawpbVpu5nY,50004,-0.24238097409947024,5.248
train,pretrain,Svm5Czaf82k,00013,0,pretrain,hgui64Kr0Go,00019,-6.104425408139031,4.352
train,pretrain,gSCSsL3it9Y,00009,0,pretrain,lQDxasFKQCA,00005,3.27853593319411,11.712
train,trainval,DjcZrtcBZi4,50013,0,pretrain,YkzwHuf6C2U,00002,5.5885054167536445,3.648
train,pretrain,T4SvurUIYI8,00016,0,trainval,a7B39MLVeIc,50016,-7.664839657105864,3.072
train,pretrain,eH5qxw6Pd1c,00019,0,pretrain,cZ7LzE3u7Bw,00008,2.964570220372325,9.152
train,pretrain,jSOPQgPIdKg,00040,0,pretrain,5nrn5fC001Q,00004,8.019229873941246,3.584
train,pretrain,P6w7Eq7YhL8,00005,0,trainval,5aH2Ppjpcho,50001,7.575848999253957,5.888
train,pretrain,C8pNGaSIFoU,00001,0,pretrain,y9Trdafp83U,00026,8.969344722068676,4.992
train,pretrain,pY6ulSP70HY,00014,0,pretrain,WfDSFRPjQTo,00004,1.4400835774732563,3.52
train,pretrain,1X8b7mXImVM,00020,0,pretrain,ZJPdJuhI03U,00028,3.9704128400124894,11.136
train,pretrain,NiKtZgImdlY,00010,0,pretrain,LoXAAEy6YQU,00041,9.312977663012703,7.936
train,pretrain,86xSuStz0MA,00007,0,pretrain,dE1DuBesGYM,00003,-7.021027988169973,9.152
train,pretrain,cSsxBTNF2U8,00013,0,pretrain,lASzdhSbQBo,00011,-4.161822018360947,6.016
train,trainval,AQ8cpjEdpmI,50021,0,pretrain,AHcTWlxWzpE,00012,1.9439225554640078,3.84
train,pretrain,DGIuSNks3DA,00009,0,pretrain,XPkV1bDZDl4,00031,9.679755789549574,3.456
train,pretrain,abMQhaMdQu0,00009,0,pretrain,KsSSMh1QhMc,00043,7.055483728593309,4.416
train,pretrain,5MgBikgcWnY,00025,0,pretrain,UPRxyy2UB3c,00002,-2.1100116871037073,9.216
train,pretrain,vSONFixSe4k,00031,0,trainval,HR9956gDpUY,50005,6.053374092614593,6.144
train,pretrain,UMn2q35HBeQ,00003,0,trainval,bSiGZPtWXzE,50036,2.0877536856900853,3.584
train,pretrain,ZxVJt6vQWV8,00011,0,pretrain,7npLVcymHGc,00044,3.738734404118757,12.928
train,pretrain,5qdZybHSLnI,00025,0,pretrain,tRqVPRwKn2o,00004,8.267488347715823,4.224
train,pretrain,aqhzFd4NUPI,00019,0,pretrain,SCEKKHyxgaw,00026,-9.967831339659423,10.368
train,pretrain,gypAjPp6eps,00033,0,pretrain,pbotabqHUys,00011,3.661780565900985,8.896
train,pretrain,8XQ1onjXJK0,00016,0,pretrain,Nhwq12TKkQQ,00007,6.520360817001215,5.248
train,pretrain,TZy5Srsksls,00007,0,pretrain,3E46oWB4V0s,00001,3.0789069568995586,10.56
train,pretrain,F17SKiAZOxg,00023,0,pretrain,4FBFvWc7zf0,00003,4.84734653102497,3.648
train,pretrain,gC1CVOn8JQk,00007,0,pretrain,mYQx5n5SRVQ,00012,-7.345012664175279,6.336
train,trainval,nFEgRt2EH1g,50009,0,pretrain,JzLiCBCbAMY,00018,-2.2561644384323865,5.824
train,trainval,vZWokpaQ3NE,50008,0,trainval,ISjk9ni4XWk,50004,-3.9028886884512453,5.056
train,pretrain,fIXnJycnkaQ,00005,0,pretrain,5sS3Yjh9Lw4,00017,-9.176760869401392,5.568
train,pretrain,vhhgI4tSMwc,00030,0,pretrain,9o2CRjTRKIA,00021,7.816981498665193,7.936
train,trainval,P2dlq8ZqjDM,50002,0,pretrain,PB2OegI6wvI,00034,3.001218848708593,5.824
train,pretrain,MQrhPhan5Gw,00003,0,trainval,NtOoDN0ojxo,50008,-9.592035434860177,5.888
train,pretrain,eGoSdLNceEk,00018,0,pretrain,TKOKD69jUA0,00009,-8.6142479155755,16.576
train,trainval,HyQp3gGYf3I,50003,0,pretrain,0sYguTPLpHE,00081,-8.719070118701087,2.368
train,pretrain,JN3mW2IzCrc,00005,0,pretrain,oHDeULyOqmM,00009,-8.313238175705091,7.232
train,pretrain,InukG97C8wY,00008,0,pretrain,6a6vVIdQBd0,00047,3.4024281267362255,5.376
train,pretrain,Sf8j5LFv3nI,00023,0,pretrain,vvhiNSqq6oo,00003,-8.193834333596497,5.376
train,pretrain,HJY8gMsonU0,00011,0,pretrain,ptIecdCZ3dg,00014,6.691104729879022,9.088
train,pretrain,8dSDMQNoikU,00015,0,pretrain,MQtWJARMoLw,00026,-4.3238275675424775,5.44
train,trainval,ImmtTHYU5GQ,50030,0,pretrain,J8xfuCcXZu8,00008,1.0463404543293073,6.016
train,pretrain,IxjwJ0Y1bxE,00004,0,pretrain,EKy19WzkPxE,00017,2.1220645876427024,6.016
train,pretrain,IYDqtxvKDW4,00009,0,pretrain,itnoDEL5QjQ,00005,5.493613166975621,3.52
train,pretrain,8n5O9tz30So,00019,0,pretrain,wz0mlDELSo0,00003,-2.181664963594221,7.232
train,pretrain,Y9DsAmzNkWk,00001,0,trainval,qG6SnAIinj0,50016,-4.759990012393565,3.84
train,pretrain,3GVOSMfIl1Q,00002,0,pretrain,PS2h8hSFphs,00002,5.183007387487308,3.776
train,pretrain,oIGBBPspTKM,00022,0,pretrain,SVB39Jo8mAQ,00015,-7.299816251420279,8.0
train,trainval,6xsvGYIxJok,50008,0,pretrain,oJfFMoAgbv8,00042,-5.889288801416431,3.264
train,pretrain,BoRUrWcdkQ4,00007,0,pretrain,boSGZ3qSAys,00011,7.498570407909877,3.84
train,pretrain,0snNB1yS3IE,00051,0,trainval,h0dSQDgl3gI,50020,-9.581753439645858,6.08
train,trainval,0ygtX2nyexo,50029,0,pretrain,Ogce5D2XMZ0,00005,4.949599597605182,6.208
train,pretrain,0jmST6bSUoc,00001,0,pretrain,SvBggxCNNno,00006,-3.4005175626176882,7.04
train,trainval,XZiNVGA78kA,50013,0,pretrain,QPC5SP2SFu8,00018,4.969072029874813,6.208
train,pretrain,Dk37LhxjPEY,00003,0,trainval,NDWkSrKRTCs,50008,0.6275507784415861,2.112
train,pretrain,EHTmxmuhZ10,00038,0,pretrain,6ul2TSvUDog,00013,-2.1128255315342326,9.664
train,trainval,guXxy8LH2QM,50004,0,pretrain,ye8sVvVJdg4,00005,9.283709437438294,3.2
train,pretrain,aiIxdFBA0Sw,00036,0,pretrain,fWInyaMWBY8,00010,-7.773511493969134,3.328
train,pretrain,CEN4XNth61o,00001,0,pretrain,b1sQZxrBMXk,00008,9.464597174439916,4.608
train,trainval,c8re1U9rCo4,50008,0,pretrain,7jx0dTYUO5E,00043,-1.827524676525936,4.48
train,pretrain,7E9a24Nw6Cg,00017,0,pretrain,mbbMLOZjUYI,00005,-1.5601770350781123,4.8
train,pretrain,uPeIesugF14,00005,0,pretrain,HEFSHP2XE7E,00011,-4.891327945684649,6.528
train,pretrain,rtsHUeKnkC8,00009,0,pretrain,ExcDNly1DbI,00008,9.94962630391353,58.56
train,trainval,luoKOkTxOtU,50006,0,pretrain,bpi6us7wQfE,00034,-5.229767399405203,2.88
train,pretrain,dkmpRQdJslI,00001,0,pretrain,TdBAHexVYzc,00010,-6.572345965795893,4.544
train,pretrain,jTfGAHroSSI,00019,0,pretrain,4Lb5LSVEm34,00043,-3.6342264666672452,12.416
train,pretrain,G8gJJuCdPSA,00026,0,pretrain,z5aAJGNSRHs,00002,-9.510595205065943,9.28
train,pretrain,UfM7tSoqNDw,00004,0,pretrain,sjPRN2XGSts,00001,9.14511072360066,6.464
train,pretrain,0UmUgaJwEr0,00042,0,pretrain,aUBawr1hUwo,00020,-6.4893061400375345,9.28
train,pretrain,l1fodZNF1GI,00004,0,pretrain,MywGrRvNkWQ,00005,6.677655056448547,7.168
train,trainval,9VXOknUbzBM,50001,0,pretrain,KxDwieKpawg,00036,1.7336457591952303,6.144
train,pretrain,0qYTf9evWeY,00045,0,pretrain,mKe3QKctaS8,00015,-7.872527155266278,12.608
train,pretrain,fCKNScHMBGE,00004,0,trainval,mMDuakmEEV4,50001,-5.90129629975757,3.136
train,pretrain,MSLHHgSXloM,00016,0,pretrain,U5kIdtMJGc8,00047,8.302819692693504,11.968
train,pretrain,QW8muMXpkRg,00010,0,pretrain,b2qM1ISJCEQ,00041,-0.7578481186425456,5.632
train,trainval,8woKcr7uSYQ,50002,0,pretrain,Gk9T7ngEijs,00014,-3.68882184517137,4.48
train,pretrain,1BHOflzxPjI,00048,0,pretrain,w3q89BTJj3o,00015,-8.497926422915212,4.032
train,pretrain,LMrzdkSYnYY,00009,0,pretrain,n4EhJ898rSk,00005,-8.717813555093834,3.776
train,pretrain,HyZV8Ql1PI0,00021,0,pretrain,SXYwKxdxfF8,00018,-5.597193009297725,6.976
train,pretrain,HonUUtuCSwM,00006,0,pretrain,UQniNhS6LOY,00044,-9.7460993766952,10.56
train,trainval,J6oMG7u9HGE,50004,0,pretrain,rtsHUeKnkC8,00013,-0.5054990035293532,2.048
train,pretrain,rAZPIxYvBAE,00011,0,trainval,d6eMdixkoRI,50020,-8.185391191906488,4.288
train,trainval,drXnDLHKKPM,50010,0,pretrain,PYSkd46RfVE,00046,-9.061512454490066,5.888
train,trainval,k9QTVIISlkg,50006,0,pretrain,oX1C3Jn05OE,00012,-4.28548837156685,5.888
train,trainval,HV4loecFZh8,50001,0,pretrain,ilMwoEdqMTs,00028,-6.744503955492329,6.016
train,trainval,4l3Kj3hVSVY,50001,0,trainval,IshrD4mjnNU,50010,5.365560637811782,2.496
train,trainval,EBebWBjpWIQ,50004,0,pretrain,Y4xCpqVaS6I,00006,1.8569576529606397,2.88
train,pretrain,BURbLmQL1BE,00027,0,pretrain,HQzXqjT0w3k,00005,-3.865337933653736,3.456
train,pretrain,cWpRxyqDgpM,00006,0,pretrain,cf3zxHuSM2Y,00037,-7.361903866764892,3.968
train,pretrain,ZhDgwrKSBWQ,00014,0,trainval,W8OiVZrAj4c,50004,-1.311484493379231,5.632
train,pretrain,2XiDdnDCD34,00024,0,pretrain,r3L9n20myqk,00013,0.5276822202728333,7.232
train,pretrain,xV7IvRT5Qyw,00028,0,pretrain,HsSvPqfsO0Q,00018,7.806787910188326,2.496
train,pretrain,fSOupkS4VVo,00007,0,trainval,qG6SnAIinj0,50038,-5.600113898952193,2.56
train,pretrain,YhCkjRXgnDw,00017,0,pretrain,c2tOp7OxyQ8,00022,-1.4964776581609325,18.112
train,pretrain,potB0voQzNg,00069,0,pretrain,zwjLQgNd7XM,00007,-3.5103811336122837,14.528
train,pretrain,LPwWYFOFTGU,00003,0,pretrain,zGEDHMF4rLI,00039,8.461260458951084,8.192
train,pretrain,9KaMufF0rAY,00006,0,trainval,abMQhaMdQu0,50024,8.869176310937405,3.136
train,pretrain,JD4O7ama3o8,00023,0,pretrain,NXfYNdapq3Q,00015,-9.491143716380082,6.592
train,pretrain,1cQbMP3I5Sk,00017,0,pretrain,gWPFJgLAzu4,00006,4.084538945978478,10.688
train,trainval,LCxcnUrokJo,50003,0,pretrain,arj7oStGLkU,00004,9.262580222971486,2.368
train,trainval,zXSrqdSohyA,50001,0,pretrain,B9DdIivSGts,00006,-2.7439834032099686,2.688
train,pretrain,0UmUgaJwEr0,00047,0,pretrain,r3afSFSG570,00014,7.554532289124623,4.864
train,pretrain,9ebJlcZMx3c,00043,0,pretrain,dskNubEgzCk,00016,-8.307558623253954,4.544
train,trainval,b6rAgHcuYtE,50005,0,trainval,7DLzXAjscXk,50057,9.342230741490134,3.136
train,pretrain,QBDShp6U7tU,00027,0,pretrain,1OQkdRdfyjI,00017,1.3227753376294373,18.176
train,pretrain,bmmnEJ4rtCI,00013,0,pretrain,aqhzFd4NUPI,00034,-0.6776665127710135,9.472
train,pretrain,9AgCr2tTvng,00026,0,pretrain,D089tSF9yUU,00003,0.1237613471690917,10.816
train,pretrain,3F2jACWwKdU,00038,0,pretrain,Ttshw4mELNk,00010,-2.312057540236731,10.368
train,pretrain,2G8C36aKnpU,00014,0,pretrain,kpyc84kamhw,00004,-8.144260561167226,3.84
train,pretrain,SYHG5y4tvLw,00017,0,pretrain,12ud0nSTvro,00020,-2.58475108241754,4.288
train,trainval,ge3SS1hOm1s,50001,0,pretrain,4a6ZRstYlgw,00022,2.0321447651174562,3.456
train,pretrain,j7c9b9A2AHc,00006,0,pretrain,0ygtX2nyexo,00027,6.995026208431284,5.12
train,pretrain,1X7fZoDs9KU,00041,0,pretrain,CEN4XNth61o,00010,-1.4484744817252722,5.76
train,pretrain,nwZkoAeOzuo,00026,0,pretrain,ZQElzjCsl9o,00010,0.9358646386002576,3.968
train,trainval,6MBaFL7sCb8,50002,0,pretrain,x4ESCiSBgdY,00008,-8.527517386412999,3.072
train,pretrain,z0HsPBKfhoI,00001,0,pretrain,BCvzpm4d2gs,00028,3.007474347844063,4.928
train,pretrain,N9HF8mMe2pU,00003,0,pretrain,ImmtTHYU5GQ,00007,7.355542990592031,3.776
train,pretrain,dkmpRQdJslI,00003,0,pretrain,uNQujCwCu88,00055,-5.022199179695774,5.248
train,pretrain,EXo3qA9V3eI,00009,0,pretrain,YMyofREc5Jk,00016,-3.861479931500213,4.416
train,pretrain,B9bDZ5SzPtY,00018,0,pretrain,U8XD0CcNhPU,00001,-1.0076080087784263,5.888
train,pretrain,YiXdS9DFCOQ,00028,0,pretrain,ZBDablzQ9ts,00029,-1.3150155251697626,4.288
train,trainval,SxPeQda00Co,50008,0,pretrain,GzB0BDstCI0,00018,-6.723989816817961,4.032
train,trainval,tBbyP0P7BRg,50011,0,trainval,G8w4UQL6aI0,50007,-4.598751339415783,4.928
train,pretrain,G2Y6Am46eVU,00039,0,pretrain,jT5rRh9AZf4,00021,2.069783660375373,7.744
train,trainval,FLbEKpLS5Z0,50026,0,pretrain,kzhJb5jcH58,00005,-2.828185802840723,4.288
train,pretrain,0akiEFwtkyA,00030,0,pretrain,kiUnJ1d8vvw,00008,8.27548700172061,17.344
train,pretrain,SF242mxtZN8,00035,0,pretrain,paSYuxyRDuw,00022,3.7207467003565284,6.848
train,pretrain,dY9f9bFctUE,00010,0,pretrain,1SS2wOnkcSk,00013,2.805547774345028,12.672
train,pretrain,CS01Hmjv1pQ,00001,0,pretrain,AQ8cpjEdpmI,00028,-8.213319952270426,3.776
train,pretrain,O90nfczjNHA,00012,0,pretrain,01GWGmg5jn8,00015,1.2020694429059287,13.44
train,pretrain,XZiNVGA78kA,00022,0,pretrain,kDXJhxLzmBQ,00018,-9.727980272778682,7.36
train,pretrain,6wk4dkYSrV0,00018,0,trainval,IOzdXNXzDqE,50005,-5.166369508899429,3.52
train,pretrain,kySSXxxiWHg,00002,0,trainval,7n9IOH0NvyY,50017,-9.86097693885103,6.016
train,pretrain,BXlnrFpCu0c,00036,0,trainval,lRAeIrv4TEE,50001,6.3670824081816235,4.16
train,pretrain,5s61n2MLGRQ,00008,0,pretrain,JNcLKbJs3xk,00003,-6.336126638808484,4.8
train,pretrain,R84vqXjXWJc,00031,0,pretrain,8Ug1MnU6LKw,00002,9.980496603711558,7.808
train,pretrain,UyQIKwSPZGM,00005,0,pretrain,LgBjU8ovWh0,00023,1.9772677443058466,15.68
train,trainval,CtvIX4s1bTU,50002,0,pretrain,I9tB6Q5bmcQ,00021,-4.057687327846491,5.632
train,pretrain,khRkIVPa1Vc,00009,0,pretrain,DJGreSgaOTc,00056,-9.468777086167428,4.992
train,pretrain,n3qA8DNc2Ss,00002,0,pretrain,ayOmOaXC0Z0,00014,-2.530225479870727,6.784
train,pretrain,G9wIXAGzn1w,00001,0,pretrain,yuD6ozE9rtc,00002,8.550006353607639,3.84
train,trainval,dUdCToPPK5A,50008,0,pretrain,SCEKKHyxgaw,00015,-3.4223567650786713,4.992
train,pretrain,TBnNbyi4AN4,00020,0,pretrain,IhoRGJlSs8M,00002,-4.189668016174462,15.488
train,pretrain,UCFg9bcW7Bk,00042,0,pretrain,pzN4WGPC4kc,00016,-7.8452506880920625,7.168
train,pretrain,GzPpH9WexDc,00009,0,trainval,CVdPhUPO5YU,50007,-8.27823846971567,3.968
train,pretrain,WXqjacxw8zg,00010,0,pretrain,uDIyxxayNig,00013,5.579219895501746,15.424
train,pretrain,IMjn62naclM,00026,0,pretrain,v2jSfxnRPSE,00021,-6.266813065895398,14.464
train,pretrain,fgfQLTIhi1U,00022,0,pretrain,NNHAgXy5dxQ,00002,3.423597309834012,6.08
train,pretrain,fDV4fDWUo6U,00013,0,pretrain,VC3H1lMEeS4,00023,7.380693835237828,3.648
train,pretrain,BFygtNQSJcU,00001,0,pretrain,gmjSazFbpkA,00045,8.261302795396666,11.136
train,pretrain,FKQavJZHRJU,00003,0,pretrain,ec9GyxEUGec,00012,-0.9522735218397482,5.376
train,pretrain,KVjkFqS7Y6A,00032,0,trainval,tiWwrdMqvvM,50023,6.622826507644401,2.304
train,pretrain,fSErHToV8IU,00019,0,pretrain,y62pJTJkfbg,00023,0.16283500182229638,4.736
train,pretrain,aiIxdFBA0Sw,00022,0,pretrain,h4GEMYsrJSY,00005,-3.14657373695937,3.648
train,pretrain,7ZWTG0SeCEg,00014,0,pretrain,enW2OUGzqtQ,00005,0.36704394058663325,15.488
train,pretrain,Si644sBMaOY,00006,0,trainval,Sk0ywFgMpFk,50004,-0.45848760407455735,2.688
train,pretrain,H50eCfpquBI,00005,0,pretrain,YglyHzvBqpA,00018,8.036759925934135,7.168
train,pretrain,8iQnrM3DkVI,00023,0,pretrain,SZWS8SNCKMw,00003,3.918072564656164,4.544
train,pretrain,KIysMV9wbVY,00011,0,trainval,cj5LZBmiQu4,50041,2.694523888138228,6.208
train,pretrain,DSSAz5nZBBM,00052,0,pretrain,JNSgdmKysxA,00004,-9.06648907365901,3.648
train,trainval,9VXOknUbzBM,50012,0,pretrain,r3afSFSG570,00002,-3.8084435099307568,2.88
train,pretrain,V2PP3p4S4R8,00005,0,pretrain,w32u2NwCve0,00015,-2.6794992263293267,14.4
train,pretrain,fBQnQTkhsq4,00005,0,pretrain,Z6T37m4r3yo,00014,4.1105279105045955,3.456
train,trainval,wZ2TF8SPGQ4,50006,0,trainval,2dnSoGaEHxs,50004,-6.174257082245727,5.76
train,pretrain,iCXfJVCg1LA,00015,0,pretrain,IMjn62naclM,00029,5.642627954875991,3.904
train,pretrain,WFImhWa5oUw,00010,0,pretrain,ulYR5bpu68E,00008,9.48676859927858,9.344
train,pretrain,6ydYeyNSQVY,00002,0,pretrain,uqc56GMOYWY,00005,2.426486278587902,3.328
train,trainval,bmmnEJ4rtCI,50002,0,pretrain,L51h8BBu7b8,00008,-2.748444451391685,2.368
train,pretrain,Qj4xf3U8dh8,00028,0,pretrain,ZuCX92wuw2g,00037,-7.215385381521198,3.712
train,pretrain,rptMkkcM9Sk,00015,0,pretrain,STdSfeMDeI4,00001,-9.424758157968538,7.168
train,pretrain,0bRocfcPhHU,00018,0,pretrain,mkdSXHXhCcw,00008,1.5945782341200694,4.672
train,trainval,aIFFFGf1ZRE,50028,0,trainval,jSS03JfgHEA,50010,-7.382931670902493,3.072
train,pretrain,gWPFJgLAzu4,00040,0,pretrain,qzwCujeSSSc,00010,4.145626308908714,9.728
train,trainval,DGulIdIS3XE,50002,0,pretrain,CLSSiaFuLo4,00046,-9.977573392613683,2.176
train,pretrain,ShY9QSdaReY,00012,0,pretrain,PuroSL7O4eY,00006,-4.241334742100116,4.096
train,trainval,6qqqVwM6bMM,50002,0,pretrain,qdiF1fSGfyM,00017,4.983851880461662,2.24
train,pretrain,NJ9Iq7ReMDs,00010,0,pretrain,C8OqQ2lmsEo,00017,-3.602929687929601,4.16
train,pretrain,5GZu8xECOdw,00007,0,trainval,T4SvurUIYI8,50009,7.401045556396475,5.952
train,pretrain,bClWV3eeETA,00002,0,pretrain,sJKFyDbWVqA,00008,3.5095260472226144,9.856
train,trainval,lYdk1NK9Sr0,50006,0,pretrain,F17SKiAZOxg,00040,-7.786901418737509,2.304
train,pretrain,dsT5eVSm7BA,00013,0,pretrain,lQflBowgVB4,00021,5.172265312236345,3.456
train,pretrain,EDLWWP8N6MU,00020,0,trainval,xcR1SWhjZys,50009,-2.8669524690421166,6.08
train,trainval,KZIGekgoaz4,50026,0,pretrain,dvuh1Np35Pk,00039,-2.1536692772830435,2.24
train,trainval,3QZp6smeSQA,50006,0,trainval,VmP574ikRFs,50018,-3.316209068573084,3.584
train,trainval,5sS3Yjh9Lw4,50005,0,pretrain,wstksuaSMD4,00011,-9.867388027405052,4.288
train,pretrain,i1MRJrm9Gts,00012,0,pretrain,sFNmulAb4wM,00035,7.335481298963298,3.84
train,pretrain,Yx2rjq1gSWA,00001,0,pretrain,k4vzhweOefs,00035,5.279522835276175,5.696
train,pretrain,1joQ8ZhX2o4,00003,0,pretrain,HBSQR6xovSw,00035,-8.967898880877836,3.584
train,pretrain,mArrNRWQEso,00006,0,pretrain,qu7ZpWecIS8,00019,1.6121521569968156,4.864
train,pretrain,4wOxJOPnSUg,00043,0,pretrain,u7SWcQaoaRQ,00006,-6.279332293535276,7.936
train,pretrain,kQa11RMCeSI,00018,0,pretrain,gvGSfRhlvlw,00005,4.314497312700777,11.968
train,pretrain,Wh9O3SciOYs,00031,0,pretrain,f6CILJA110Y,00045,5.163568142189705,6.592
train,pretrain,wcMnmCH6Gjg,00023,0,pretrain,PJUIXSpLoVk,00006,-3.780719550869387,9.088
train,pretrain,es4w3WUcrN0,00002,0,pretrain,2wseM6wWd74,00025,1.528013570865287,4.48
train,pretrain,BnC6IABJXOI,00036,0,pretrain,4ShLkgv6LSk,00022,-1.7866110761704022,7.744
train,pretrain,aTgPJQ9Dy7Q,00011,0,pretrain,jAGgKE82034,00030,-8.065921798882353,21.696
train,pretrain,3XDdhbrg2kw,00025,0,pretrain,aUBawr1hUwo,00029,-5.826096386772727,5.888
train,pretrain,huzhvbrcgeQ,00004,0,pretrain,RgtoZ2ue05w,00012,-6.461047853208601,6.72
train,pretrain,SHt4qiDRZE8,00011,0,pretrain,ljqra3BcqWM,00031,7.932508424844528,4.736
train,pretrain,4EUAMe2ixCI,00040,0,trainval,3rbVQNTzCh8,50007,-5.81523513780116,5.76
train,trainval,qNvDRuGK84I,50004,0,trainval,bfAzi6D5FpM,50009,0.46329491790952204,3.648
train,trainval,2L1R7OtJhWs,50005,0,pretrain,KfK3eKSkOQA,00005,9.52753438585836,6.08
train,pretrain,7A66iZQXNh4,00010,0,pretrain,SJyE40koQyA,00017,9.373676370516936,12.544
train,trainval,nTFEUsudhfs,50005,0,pretrain,MiPXuEFAdIc,00009,-2.8868470695475708,2.368
train,pretrain,NDQ1Mi5I4rg,00016,0,pretrain,YkzwHuf6C2U,00011,-9.773696699640428,7.616
train,pretrain,19KkFCQz8WQ,00016,0,trainval,zwjLQgNd7XM,50018,7.942084439944331,5.44
train,pretrain,JmZpFy1QUww,00012,0,pretrain,XAvE61JqkQs,00001,5.222535886748458,5.248
train,pretrain,WNDWYW4yWEM,00026,0,pretrain,fw01Sq0cxM8,00028,-8.276560448783343,7.744
train,trainval,NVPxmzSPvUw,50001,0,pretrain,ScFWnnQF7A8,00021,7.9585515733301975,4.608
train,pretrain,AzcMEwAxSP8,00021,0,pretrain,3lxyiS3CGrk,00018,4.7217437879746615,6.656
train,pretrain,QekbuidfQKo,00023,0,trainval,S9PEogIrHSk,50010,-8.047551904113433,2.432
train,pretrain,y9KeyKVuLHU,00013,0,pretrain,CS01Hmjv1pQ,00001,-3.208090306440237,3.776
train,pretrain,Nt88TSEAgDE,00009,0,pretrain,dnMeyvtJpsk,00012,5.025073498116033,3.648
train,pretrain,uuwgtX2zU9Q,00011,0,pretrain,xjuY3lUfkK8,00015,1.7083078995028202,11.648
train,pretrain,uH0aihGWB8U,00002,0,pretrain,a7cDt5r2pGY,00027,4.656274165647325,3.712
train,trainval,ME0OeqjnVAw,50006,0,pretrain,6d6oq0zGGmw,00032,-2.7273049214745004,2.688
train,pretrain,MvojSku8zk0,00012,0,trainval,DgofaSv4MA4,50008,3.8438584051862374,6.08
train,trainval,1mUDw0sRZV0,50012,0,trainval,zESeeaFDVSw,50001,6.704177274302946,2.944
train,pretrain,I64CQp6z0Pk,00018,0,pretrain,nnYhZCUYOxs,00009,-1.5569033480412848,6.08
train,pretrain,5XnRSw682bw,00001,0,pretrain,2NWpMqD8Qyk,00009,7.333692480957474,4.608
train,pretrain,z4eSa6GXEsE,00003,0,pretrain,Mu00S1dAMl4,00007,-2.28027069377414,13.888
train,pretrain,o2WyXD7IaN0,00025,0,pretrain,ofsncCF9OSU,00060,5.272624796849794,3.84
train,pretrain,tBoBC3nBoFs,00028,0,trainval,J3pGKt7fESM,50002,0.610868778111346,6.016
train,pretrain,AP8i435ztwE,00008,0,trainval,zuLOT6GsAxw,50014,-6.507464603655331,6.08
train,pretrain,LkOmfSSQLgI,00001,0,trainval,c6mhFgAjqwA,50013,5.209807462191753,3.84
train,trainval,RPicL1AWrs8,50009,0,pretrain,bLGTrz1Zolk,00026,-4.116492918421455,3.008
train,pretrain,U7fFCaHZvVk,00036,0,pretrain,LZAi7DlVN2g,00002,8.713290646939996,8.256
train,pretrain,L51h8BBu7b8,00025,0,pretrain,py1RrSdVt5A,00007,-7.899550392939084,6.336
train,trainval,HFqLoHyCTRc,50007,0,pretrain,Oa82WNk0mis,00022,-2.865915826947532,2.368
train,pretrain,3dy4SGkSD8M,00013,0,pretrain,W4LYn4mIP18,00012,7.216085500392321,4.864
train,pretrain,nU5gOr1cSxU,00012,0,trainval,WvvuLDX7iIk,50002,-6.025095531839932,6.016
train,trainval,zuLOT6GsAxw,50002,0,pretrain,a2MR5XbJtXU,00048,2.835234832370544,2.176
train,pretrain,FETryXMpDl8,00006,0,pretrain,kySSXxxiWHg,00007,-1.6730203056657889,6.976
train,pretrain,wIkvIKeRNoY,00012,0,trainval,9VXOknUbzBM,50029,0.6702313951429417,3.968
train,pretrain,qxmEpmCtM3o,00024,0,pretrain,5nys6iebjHw,00020,-0.10088800062032632,8.832
train,pretrain,4a6ZRstYlgw,00023,0,pretrain,BnC6IABJXOI,00026,9.883086041420722,8.512
train,pretrain,Lrdn4lazVBc,00004,0,pretrain,IRhl1lr0nJg,00016,8.333060019322744,4.608
train,pretrain,A9UmdY0E8hU,00018,0,pretrain,VoCOzuWOgSY,00018,-1.1249960444158127,6.528
train,pretrain,K5wCfYujRdE,00041,0,pretrain,xQZxGCPjpqM,00009,-6.745605691999037,4.992
train,pretrain,yuD6ozE9rtc,00027,0,pretrain,Kc0Kthyo0hU,00031,-4.995842449891475,10.368
train,pretrain,aOW7JZaqKGA,00020,0,pretrain,h4GEMYsrJSY,00033,-7.988146304265573,7.04
train,trainval,1CN7PF10RKo,50002,0,pretrain,2L1R7OtJhWs,00022,-2.3619417762313226,3.904
train,pretrain,pbGLBjDhnSY,00023,0,pretrain,2zvjW9arAZ0,00073,-3.200602996242723,4.608
train,pretrain,oZ2eT76Sb4I,00021,0,trainval,qP2W2k3L1Ow,50021,0.0871164067582626,3.648
train,pretrain,694XUHVuGQo,00001,0,pretrain,SmqSHqRnngc,00013,5.6975536860407505,5.568
train,pretrain,XknIGenqHxQ,00013,0,pretrain,FSS4Kv6MlG0,00011,9.222504860718644,8.896
train,pretrain,FdHJw0veVNY,00002,0,pretrain,85bqT904VWA,00043,5.39892743506482,8.448
train,pretrain,mUJdzaLDRIo,00001,0,pretrain,bbFF5n7S930,00022,-7.977646667604558,14.464
train,pretrain,SF242mxtZN8,00022,0,pretrain,qtAZbSZESOU,00008,-5.0133987547318615,8.576
train,pretrain,nCwwVjPNloY,00041,0,pretrain,SgYvy71CSSA,00006,-0.0724117532468398,4.736
train,pretrain,gLgNjywpKsY,00013,0,pretrain,oIGBBPspTKM,00049,1.2237943072313513,10.56
train,pretrain,Chfoo9NBEow,00005,0,pretrain,8FKYe2v0teI,00018,9.69150814469225,15.936
train,pretrain,XKc9MJDeqj0,00022,0,pretrain,Fkd9TWUtFm0,00001,5.522054740454163,3.52
train,trainval,osBbP6Om4Mg,50011,0,pretrain,KxDwieKpawg,00010,-6.918214832252101,2.688
train,pretrain,yJJtRWFLSgw,00046,0,pretrain,DkyMCCnNI3Q,00002,8.534936576477158,13.696
train,pretrain,20adDr7Felw,00021,0,pretrain,Zq7QPnqLoUk,00061,-1.7189815864792557,8.96
train,pretrain,TuD3IerTOms,00028,0,pretrain,5UH7uTpTa44,00016,-3.229777627393096,12.032
train,trainval,ElJxUVJ8blw,50050,0,pretrain,AGivotqSrd0,00032,-8.089726758964025,3.008
train,pretrain,P65XdTlk4vA,00027,0,trainval,0iTehgSOZ8A,50032,-0.09626544428570405,6.08
train,pretrain,cxGWGohIXiw,00001,0,pretrain,ao6WnXo8Fbo,00012,9.184813036018259,6.656
train,pretrain,b3H9V1jq0A8,00025,0,pretrain,qFOooWq2inA,00017,-0.6947535306298036,12.608
train,trainval,SeBUcBfkVCo,50017,0,pretrain,Re53vgaVFvI,00011,-7.67134910184039,5.376
train,trainval,7vsO7SHLJMI,50007,0,pretrain,lfykytI3A6k,00026,0.46744664054772755,2.944
train,pretrain,UQniNhS6LOY,00029,0,pretrain,TzNSuIVkfjg,00010,6.596151490372577,4.544
train,pretrain,hh2Z2hSgFIY,00003,0,pretrain,c6mhFgAjqwA,00016,5.400009476540708,8.64
train,pretrain,j8T3bdqTdp4,00023,0,pretrain,85bqT904VWA,00048,-5.331327392282324,6.336
train,pretrain,Aoa20kFNYmY,00005,0,pretrain,CSeFjLZqXt8,00011,-4.742063074565959,28.416
train,pretrain,uHnqvhWQMV0,00011,0,pretrain,WyOSqjIABe0,00014,-6.488164351698005,7.296
train,pretrain,qu7ZpWecIS8,00013,0,pretrain,t1sYh9itUvs,00017,7.933727289249511,5.12
train,trainval,f6CILJA110Y,50016,0,trainval,y2yka9lyvMA,50004,8.329061210553455,2.24
train,pretrain,acNSymOsL6M,00007,0,pretrain,ivfJJh9y1UI,00013,-2.979123416670366,5.44
train,pretrain,wcMnmCH6Gjg,00005,0,pretrain,MwzqSswl4cI,00038,-8.528680342725622,6.08
train,pretrain,5AN5fPFtV0U,00045,0,pretrain,y7A4dZIyI0g,00004,-3.260278445094979,6.336
train,pretrain,BRETz2FSheQ,00011,0,pretrain,AE0gO5wSaok,00045,6.1513620177429615,6.592
train,pretrain,xf8zep5BADs,00002,0,pretrain,m0ZPM5I1tTg,00014,3.1766484786573983,12.544
train,trainval,1BfMMoLYMlg,50007,0,pretrain,Cu3ILSqFJJQ,00002,3.712369471280466,4.864
train,pretrain,7SfRgg9botI,00025,0,pretrain,LWULB9Aoopc,00058,2.9213256398975602,6.208
train,pretrain,F6Qo8IDsVNg,00004,0,trainval,DL0SgcP15Ts,50001,4.451495123803124,5.824
train,trainval,nbYQ7kdt0U4,50004,0,trainval,j7c9b9A2AHc,50002,-2.896665558554168,2.624
train,trainval,CFADnhYKDHg,50014,0,pretrain,pgmiPXAwiLg,00028,-5.7607469501383735,4.928
train,trainval,dOt4NkcmIUg,50009,0,pretrain,1X7fZoDs9KU,00006,5.7468301997393745,5.696
train,pretrain,d0yGdNEWdn0,00014,0,pretrain,wMWYLgj1ydw,00010,2.5021280671013493,4.48
train,pretrain,WSsjBMSWSYE,00011,0,pretrain,ufUkAQOQaXU,00001,9.627758526459655,7.104
train,pretrain,OwfyH5S6bpA,00012,0,pretrain,9YGZkgkj3fM,00003,-1.2002701604623809,11.008
train,pretrain,BDOSUiEh0eY,00042,0,pretrain,XkiXXPShycA,00030,3.295682949796646,4.736
train,pretrain,nPdUMWGWE28,00005,0,pretrain,uJZWcKOIZMo,00002,-0.8692913161364793,13.696
train,pretrain,Uvli7NBUfY4,00009,0,pretrain,fumsXEuiLyk,00001,-1.8008508353370907,4.416
train,pretrain,jSS03JfgHEA,00028,0,pretrain,ZHOyfyGwpes,00017,-9.021018400500541,8.256
train,pretrain,lWnrS99DNeE,00007,0,pretrain,cXQrbxD9SNg,00013,2.205222885275939,8.96
train,pretrain,ESlb3D7AySM,00003,0,pretrain,h9x2SWgwhY4,00008,4.465381136209949,4.928
train,pretrain,gMNlRovT5x4,00016,0,pretrain,k8OgHJ4WXR0,00019,-7.335698636494243,5.44
train,pretrain,h9SKyrHRhDo,00038,0,pretrain,6ePXxeGrfvQ,00008,8.378359011902717,6.016
train,pretrain,AgMOJC5R4F8,00016,0,pretrain,1PV7HyS8fhA,00001,-5.942946984834753,6.464
train,pretrain,uTbASmxo858,00027,0,pretrain,Br1AIvMrvAE,00019,-9.921193725718906,7.296
train,pretrain,JaFSfq2Zn7I,00021,0,pretrain,MgnnQ2CN6yY,00009,-1.1525148096173616,7.488
train,pretrain,WbuIl6phdco,00008,0,pretrain,wKIHuxe2fi0,00026,4.8970824371956905,2.176
train,trainval,Ctz4E2ARkCg,50001,0,pretrain,0ueGFLVFi80,00018,-3.549670895770096,6.08
train,trainval,uPtP6SnAjJ0,50002,0,pretrain,TdBAHexVYzc,00004,9.573652454234931,3.776
train,pretrain,dRic5yJC8UY,00014,0,pretrain,lbfhz7u0qyI,00011,-1.8538896842983874,26.88
train,trainval,SeBUcBfkVCo,50025,0,pretrain,gBkIyJ7kfSI,00051,4.550780380739159,2.496
train,pretrain,9YGZkgkj3fM,00005,0,pretrain,ky6KSWsx5RE,00006,6.029337938830569,5.312
train,trainval,ZlKrvnB8YnU,50001,0,pretrain,CkDYlQhx0wY,00006,-1.525945108422171,5.952
train,pretrain,2ju61VPdTzw,00009,0,pretrain,eAnHjuTQF3M,00003,0.5900540786658741,6.912
train,trainval,6JcKbNSGjCE,50006,0,pretrain,M0yhHKWUa0g,00007,8.25970583123177,3.84
train,pretrain,SGnmDWtyhAs,00032,0,pretrain,N3SCXzYOWBg,00008,-6.005565470160807,12.608
train,pretrain,wCf62ksaplI,00011,0,trainval,mZqL7MC8Eys,50005,-4.732962188677772,6.08
train,pretrain,iYwAMccbhYs,00010,0,trainval,DUd8XAS5HEk,50035,7.450587755064323,5.056
train,pretrain,ut5STVLAFDc,00015,0,pretrain,S2HS8IfxzT4,00009,7.364426925205727,4.416
train,pretrain,8pHzROP1DSw,00017,0,pretrain,IHBGLHgIWJM,00032,4.265848239770262,12.608
train,trainval,eyBEIx7fCfY,50013,0,pretrain,4VDYo4k3xKk,00006,-1.0383651718221731,4.288
train,pretrain,iNOE0dZpHcY,00022,0,pretrain,DoRSyk7lA5Q,00006,7.071554772968749,12.8
train,pretrain,rHbjwH2Blfg,00016,0,trainval,XMSQKG70a5s,50010,4.006431538799472,5.952
train,pretrain,jMBdQW2LLxw,00008,0,trainval,DEmjzXi2lfI,50012,-4.625374361235533,2.24
train,pretrain,QPiaadMporw,00017,0,pretrain,vNDhu2uqfdo,00012,8.097681182352105,5.056
train,trainval,JmZpFy1QUww,50001,0,pretrain,ZxVJt6vQWV8,00003,-6.677777072202353,6.08
train,pretrain,vbHkhSfaQu8,00034,0,pretrain,0QbLI1U4cLE,00021,4.995146425885515,4.416
train,pretrain,HXGwJevjOfs,00003,0,pretrain,Dk37LhxjPEY,00005,3.6838830325908916,7.808
train,pretrain,xWVWhSvNLtU,00010,0,pretrain,mLufqwmPl1A,00002,8.293315129454577,6.336
train,pretrain,STuCsRugKN0,00007,0,trainval,AHcTWlxWzpE,50015,6.261290563016878,3.136
train,pretrain,YGoI3B86iX4,00019,0,trainval,LPrS7Skx9Y0,50003,-9.742793057469418,4.16
train,pretrain,OF5VVrsnpzo,00036,0,pretrain,9jRkACywckE,00006,-9.953088086164165,7.296
train,pretrain,u7SWcQaoaRQ,00001,0,pretrain,P6w7Eq7YhL8,00003,-5.396165938588631,10.048
train,pretrain,HoyNrlMNBvw,00010,0,pretrain,UVZyVz8gBeQ,00024,3.575443865920189,3.584
train,trainval,59SRn1SkWAA,50013,0,pretrain,FuahzV12mi0,00012,-5.457641481020252,2.176
train,pretrain,ETFkztcoMVc,00010,0,pretrain,KPPxXeoIzRY,00001,5.636119652318962,9.728
train,pretrain,5tUnSuoYKoE,00037,0,pretrain,zeSVMG4GkeQ,00002,-7.42873178698807,4.032
train,pretrain,zawpbVpu5nY,00004,0,pretrain,H2vN2QXZGnc,00012,-2.428859312409357,4.736
train,trainval,O9Hfqc3trhw,50029,0,pretrain,EKSF037iji0,00017,6.925013205287151,2.496
train,pretrain,grtGI7QpPdw,00023,0,pretrain,aL00a3sfnYM,00012,-6.573287835608291,2.944
train,pretrain,FEeTLopLkEo,00022,0,pretrain,ATISgVUKetI,00010,-1.4051089650601778,23.104
train,pretrain,OmMv9tShW8k,00014,0,trainval,mYQx5n5SRVQ,50006,9.75362039808456,2.944
train,pretrain,FzApYQDIXlg,00024,0,pretrain,2G8C36aKnpU,00017,5.26206318926752,4.864
train,trainval,th3nnEpITz0,50001,0,pretrain,CfqO1U6lfDs,00040,9.726026448674276,3.584
train,pretrain,SwaBFUgSoT8,00001,0,pretrain,bbFF5n7S930,00019,-4.87105848540784,3.968
train,pretrain,9YR8jNtV4BE,00061,0,pretrain,3BS1itqCKHo,00014,-0.4847417838048891,8.768
train,pretrain,ZLiUelSu7s8,00006,0,pretrain,ASQpKiUSNHo,00027,7.003167597080829,7.36
train,pretrain,EKSF037iji0,00026,0,pretrain,zSbCNWyYams,00009,-6.200591557279099,5.888
train,trainval,b6rAgHcuYtE,50002,0,pretrain,SEiSloE1rSA,00011,-5.698351117920291,2.304
train,pretrain,PB7xs7UpIfY,00017,0,pretrain,5LrThfSBeq0,00033,3.9609770607762798,11.52
train,trainval,W4LYn4mIP18,50002,0,pretrain,w2mJMS09Qjk,00003,1.1349189610819757,2.432
train,pretrain,k6DPjCmc3BM,00004,0,pretrain,zORUUqJd81M,00025,-9.694781470334844,13.248
train,pretrain,fIqABIcKIvs,00010,0,pretrain,80GqbW1MmQM,00022,-3.6171170091276323,10.24
train,pretrain,97MWOERYSdE,00039,0,pretrain,rAA8mMQi0is,00024,-4.867974872900527,5.248
train,pretrain,ErexJkoDhGI,00002,0,pretrain,UzuUljhS9uI,00010,-7.220801677187165,3.072
train,pretrain,kZP8KqrSbcw,00013,0,pretrain,6a6vVIdQBd0,00023,-7.249158013891797,6.592
train,pretrain,z5aAJGNSRHs,00016,0,pretrain,GIt6Z0k3PQo,00022,-8.927683874450068,11.648
train,pretrain,2i0dGoh3VUg,00014,0,pretrain,EZSf3Fc0ZRA,00044,-7.187645473616692,6.976
train,pretrain,cn9Q4c3dXGU,00020,0,pretrain,rBt7LMrIkxg,00004,7.56444242370798,19.52
train,pretrain,iF4s75ZPano,00023,0,pretrain,U11XcUta1jk,00006,9.34381483698846,6.272
train,pretrain,ppRtQCAbzPk,00009,0,trainval,z5aAJGNSRHs,50004,8.520231936178895,6.208
train,pretrain,6Eu964BbJO4,00031,0,pretrain,Ftnb2fpJ664,00019,4.291265397858936,3.84
train,trainval,N7wF2AdVy2Q,50010,0,trainval,ue4L8kmaKXQ,50007,4.889463685178345,2.816
train,pretrain,7LcSdlVrg5M,00031,0,trainval,VC3H1lMEeS4,50023,-3.9263845311060237,2.112
train,trainval,wQJC2MMB8nA,50049,0,pretrain,tJ54irRmdC0,00009,-7.587383984367193,2.752
train,trainval,2R1lZSN4SSo,50007,0,pretrain,BepU74BYOtg,00008,-5.04706294788291,3.2
train,trainval,8b2vNkEtfpc,50008,0,pretrain,ttDM6ZtLUL4,00016,-2.2151443711283747,3.584
train,pretrain,XkiXXPShycA,00001,0,pretrain,LSGfqyhleUA,00019,-2.3065767064822085,7.104
train,pretrain,dhDBxxOKGlg,00006,0,trainval,2JSZ66uMRwc,50001,-7.083613298834319,6.144
train,trainval,PgCmT0qkfQM,50002,0,pretrain,SltDJynTduY,00019,-4.584351692200888,2.56
train,pretrain,yVQ8fZB30JU,00003,0,pretrain,dwU8eavPInw,00078,-0.7562053912349675,6.016
train,trainval,3f6xCzKx9CA,50019,0,pretrain,2W1jvTEjc1s,00009,-8.631708026757373,5.376
train,pretrain,jryCoo0BrRk,00018,0,trainval,5OISkgjSjkA,50012,5.5709514311961765,2.688
train,trainval,qQSPUXPVlos,50001,0,pretrain,2dnSoGaEHxs,00007,-9.302908636930242,2.368
train,pretrain,folTvNDL08A,00005,0,pretrain,KsSSMh1QhMc,00034,4.718309333029918,8.0
train,trainval,UxLRv0FEndM,50008,0,pretrain,wmE8dQcZgB4,00022,4.966399448230174,3.136
train,pretrain,voLcX6SpF9g,00013,0,pretrain,11Mq9ZuxZMc,00035,-5.057150910237205,4.736
train,pretrain,SSJkV8IzsZA,00019,0,pretrain,5w5BhwLzoqg,00008,-1.406076203878552,4.16
train,pretrain,08ZWROqoTZo,00009,0,pretrain,fBLErez9ljw,00004,0.4671176984236851,7.744
train,pretrain,dJEwC4wCM70,00045,0,pretrain,k4vzhweOefs,00047,-8.103953515155624,9.28
train,pretrain,qbeLy3Dkay4,00008,0,pretrain,scITIoJvMJ0,00002,2.1737209278886738,4.096
train,pretrain,gyPoqFcvt9w,00053,0,pretrain,nSOSNWblMNE,00012,9.044106917890698,3.456
train,pretrain,gWPFJgLAzu4,00017,0,pretrain,2zvjW9arAZ0,00070,8.803451492632558,7.04
train,pretrain,MLvwTlbj1Y8,00023,0,pretrain,YhW9I8SUkFU,00020,-0.7388192716203186,3.2
train,trainval,1PV7HyS8fhA,50006,0,pretrain,xjSQFZX2m9o,00001,-5.367207614697891,2.56
train,trainval,gVLu99Ja2mA,50005,0,pretrain,wvIyVZf3qZU,00008,-1.776087935545787,2.368
train,pretrain,wX78iKhInsc,00058,0,pretrain,5w5BhwLzoqg,00032,-4.141671666927669,9.728
train,pretrain,ramueKMLXZY,00006,0,trainval,h9x2SWgwhY4,50001,5.5840889484177225,6.016
train,pretrain,2t13Rq4oc7A,00007,0,pretrain,ESwp7HN9Zvs,00003,-2.7557793533639057,7.04
train,trainval,asgdGSGQBgY,50010,0,pretrain,XsvgWEdydDI,00014,8.465134484158419,5.696
train,pretrain,o5ojwGhKr20,00008,0,pretrain,Bp2FvktSTRM,00009,-1.4659271249241712,11.904
train,pretrain,JqokS3P1D9o,00009,0,pretrain,lrZ2DJzbYYo,00020,-5.565529668250349,5.568
train,pretrain,gYKyaDOyUO4,00008,0,pretrain,QoTSdOkjEVs,00022,8.64215255948147,5.184
train,pretrain,SmoW9jvvMr4,00027,0,trainval,VCRcGKpjWtU,50005,-9.568342713000156,3.648
train,pretrain,MoSmgcxGYYE,00059,0,pretrain,ZOYoTup1t3A,00005,7.069407245673787,2.816
train,pretrain,yLjxoscCi0A,00020,0,pretrain,TvW4yugCPZo,00009,-5.8932290048567,7.168
train,trainval,gh5VhaicC6g,50040,0,pretrain,nC06omDS0kA,00017,-8.153753747122456,5.824
train,pretrain,i2t8pN5ecMo,00008,0,pretrain,YkzwHuf6C2U,00009,-7.277986532138079,9.408
train,pretrain,dXqPaHQp4Xw,00004,0,pretrain,X9NFPZGyDPg,00014,6.415587787497621,14.272
train,pretrain,H50eCfpquBI,00002,0,pretrain,cK74vhqzeeQ,00010,6.72488844120668,11.648
train,pretrain,c0Z7KeNCi7g,00003,0,pretrain,mGbMwP8MDjg,00033,3.8030176333417653,8.768
train,pretrain,RsiLLNziScM,00015,0,pretrain,U5kIdtMJGc8,00051,-0.11884153598265712,3.84
train,pretrain,5aH2Ppjpcho,00034,0,trainval,o0VrZPBskpg,50011,-3.070492149798463,4.48
train,trainval,2i0dGoh3VUg,50005,0,pretrain,lhqYBhLh1IM,00008,9.838433106047777,2.24
train,pretrain,P82edb1SCNs,00006,0,pretrain,3LzX36sShcs,00026,4.610268997278329,2.048
train,pretrain,0SW0HFy9Et4,00004,0,pretrain,9SqHrhrTktc,00002,0.6447038041998852,3.84
train,trainval,cI9vSC1eQ18,50005,0,pretrain,sj3PnSpogXw,00006,5.759767195982752,6.208
train,pretrain,WaGq9XwSVys,00012,0,pretrain,IeblJdB2SVo,00023,8.736880899108904,3.712
train,pretrain,YXWKuKSQsu4,00021,0,pretrain,HyZV8Ql1PI0,00002,1.1979099684415893,9.6
train,pretrain,NP8xt8o4S5Q,00028,0,pretrain,Sx4Gsh0r9HU,00009,-5.887323258823471,3.776
train,pretrain,LsSh5ZUfnz4,00003,0,pretrain,ReCvreRPdeY,00016,4.850769742994155,4.672
train,pretrain,TgRy2KmcPhw,00001,0,trainval,cQl6jUjFjp4,50003,9.472040463325783,4.416
train,pretrain,1QX7aoxSTAQ,00016,0,trainval,w4RLfVxTGH4,50003,-4.784184777667926,3.264
train,pretrain,CkDYlQhx0wY,00014,0,trainval,uHRG3Vr9qyI,50026,-5.4066269205024415,2.624
train,pretrain,dgYItsUBW1M,00027,0,pretrain,uYyvbgINZkQ,00021,-2.7148847308382162,4.928
train,pretrain,j4yCdGB2NG4,00019,0,pretrain,znO7UHpxgTI,00010,9.489656212746674,9.536
train,pretrain,btlF4ZSAoFc,00006,0,trainval,weCFbknwZa8,50009,-1.3648614080268828,3.136
train,pretrain,XknIGenqHxQ,00011,0,pretrain,vhfcedpoCLo,00008,-3.976317312513105,11.584
train,trainval,6XS8TA4RBog,50010,0,pretrain,o4Nno6POrwE,00055,5.646158764984037,3.072
train,pretrain,UwtYQFSJSQc,00008,0,pretrain,Bk9wQD6eYts,00032,7.751379092179963,6.08
train,trainval,pbGLBjDhnSY,50002,0,pretrain,afev0ZjAhUA,00011,-7.966398727684392,2.24
train,pretrain,gypAjPp6eps,00036,0,pretrain,Yo5cKRmJaf0,00009,-1.327132826691507,7.232
train,trainval,cI9vSC1eQ18,50005,0,pretrain,Q0Uo05JoZQo,00007,-2.6858280789898936,6.208
train,pretrain,nG1oCU0ijP0,00002,0,pretrain,YhJPoyv8O3A,00032,0.9531684718572038,6.336
train,pretrain,YeXcNpVkezI,00001,0,pretrain,86xSuStz0MA,00028,2.450216027824455,4.928
train,pretrain,HdHW77blulg,00026,0,pretrain,McDjnRcUcfM,00007,-6.888842769406677,4.416
train,pretrain,ScvI1jKxlTM,00009,0,pretrain,EZwxKPv1CwA,00022,0.8574809999611226,9.024
train,pretrain,atKSMfx4E3I,00011,0,pretrain,SC3DVeWT09w,00004,-3.2440472251437047,6.528
train,pretrain,sucza6EOIf0,00019,0,pretrain,kbAac9DxM1I,00006,-5.860984857502293,15.04
train,pretrain,chXsLtHqfdM,00005,0,pretrain,9Eobo04R7SY,00001,0.8649422487722944,6.144
train,pretrain,QeAGu40vZzI,00010,0,trainval,zLNXIXingyU,50009,-5.841614359472782,3.456
train,pretrain,HFFBkbsSFY0,00031,0,trainval,TFvkq4BAvnw,50007,3.0961031707997666,6.208
train,pretrain,DzNNS4rcIjs,00016,0,pretrain,73cTNHEQhkQ,00019,1.234825426064372,11.392
train,pretrain,yBFCSRtfTfg,00008,0,pretrain,Cgxsv1riJhI,00004,-8.703844701458623,5.184
train,pretrain,wKIHuxe2fi0,00009,0,pretrain,lhP52caGW6s,00015,-1.2993763694066907,4.8
train,pretrain,08ZWROqoTZo,00031,0,pretrain,ZuCtZJGcEMU,00003,8.914344153960503,5.632
train,trainval,gmjSazFbpkA,50021,0,pretrain,iSpwUpdQdyY,00065,2.757045909187392,5.184
train,pretrain,aiDSQyFdd68,00020,0,pretrain,WzuWMf3WPPc,00007,5.985038938636498,4.032
train,trainval,olPn5xr0L08,50004,0,pretrain,gCWeVYCcKXw,00030,6.412379590224784,6.144
train,pretrain,F8R7S4AoGhs,00004,0,pretrain,v3oSF94S4FI,00038,-2.802550762593037,12.224
train,pretrain,mDSuP2BsVy4,00003,0,pretrain,wDkH7Qpu6V4,00008,8.470375990244754,4.608
train,pretrain,pkGAMb5sYvg,00024,0,pretrain,bNpx7gpSqbY,00001,5.4159127355958585,3.776
train,pretrain,G5pvUaMgfC8,00004,0,pretrain,1SS2wOnkcSk,00028,-3.6006573331262075,10.816
train,pretrain,THJUvXkqmBk,00012,0,pretrain,hz2ONnzRANs,00028,-5.194056569638765,6.336
train,trainval,tSSNoFstCmQ,50011,0,pretrain,tlS3r8Gid90,00005,2.2242603945625703,3.008
train,pretrain,haTsrKptgIU,00017,0,trainval,Mb8x6vLcggc,50004,1.5126060498897758,5.76
train,pretrain,uVAaZVz9pDs,00054,0,pretrain,b64qvG2Jgro,00011,-3.4559360808987964,4.288
train,pretrain,QOSPNVunyFQ,00027,0,pretrain,1X8b7mXImVM,00001,-7.596898761850419,2.944
train,pretrain,Tg35UfOJhe4,00024,0,pretrain,ZWfCi9WxK1E,00022,6.497515206121868,9.344
train,pretrain,ogXTSCI7KRU,00024,0,pretrain,v22SdEMzxO4,00002,-3.0384633353101442,17.28
train,pretrain,S6BLFdBfgfU,00007,0,pretrain,uPE0G00XFV0,00006,8.093961161051872,5.184
train,pretrain,pysNMB033co,00008,0,pretrain,OISOhvOumT0,00002,8.923034333913805,13.12
train,pretrain,kSGFq12w5WU,00019,0,pretrain,ZBDablzQ9ts,00011,-9.250126955106722,3.84
train,trainval,9YR8jNtV4BE,50003,0,trainval,QbxinUJcLGg,50009,-7.801009433370343,4.288
train,pretrain,MSZS1wnjfhY,00041,0,pretrain,KCL8NjN7FMQ,00002,2.2523498857974253,3.328
train,pretrain,buHSvs7LFzw,00045,0,pretrain,E27DY3AVA98,00005,-6.653348124517688,7.04
train,pretrain,jMVAgCPYYHY,00008,0,pretrain,d6PS4p3IXLQ,00030,-2.9624461201109824,5.504
train,pretrain,LizFrxTK5Qo,00013,0,pretrain,lbIh6yngKHo,00016,3.997543510901844,11.328
train,pretrain,SYpHNImNsx8,00009,0,pretrain,N9HF8mMe2pU,00005,5.187456144989602,11.648
train,pretrain,OAK1UIbSFio,00013,0,pretrain,AhKevstJyrc,00006,-7.9011383824914905,8.768
train,pretrain,NgDGlcxYrhQ,00003,0,trainval,MOFdlEbu15g,50025,3.4867225847131635,4.416
train,pretrain,EYgoqiX15Rw,00014,0,pretrain,zqnZCSVsqPw,00016,4.281298637574935,6.464
train,trainval,mAAxykQH0Wo,50001,0,pretrain,CR5krXHkr2I,00008,-6.757665476960764,4.928
train,pretrain,A60UTjiEp4c,00004,0,pretrain,tjZlLk9bVVA,00009,0.6027375656892495,7.744
train,pretrain,kiDfwUQySEs,00024,0,pretrain,hscdmpKGqrQ,00007,7.934402813958677,4.416
train,trainval,cRrgDS4SD8s,50003,0,pretrain,dY9f9bFctUE,00039,7.3028418708073914,3.52
train,pretrain,sucza6EOIf0,00037,0,pretrain,8sQ2p89P0Us,00002,4.89015663438205,3.456
train,pretrain,r2YiRiLAUSY,00011,0,pretrain,KIMWfSe7ZJI,00001,0.6029357571890497,4.608
train,pretrain,YMyofREc5Jk,00039,0,pretrain,ftWn4QOvTTo,00036,-8.075153860388092,8.896
train,pretrain,hZ6uYagzwVE,00001,0,pretrain,YuEm03Ko0J8,00020,6.838258317826234,8.128
train,pretrain,dghBrSBC34Y,00024,0,trainval,PnMsSqLwaes,50009,6.1092251449197335,3.52
train,trainval,zcMj4Az1MwE,50007,0,pretrain,NtOoDN0ojxo,00003,-1.493804699837833,3.648
train,pretrain,CSUmoS40pqA,00022,0,pretrain,f8U2GwInI9o,00030,-5.442318942653317,4.48
train,pretrain,0MMSpsvqiG8,00001,0,pretrain,apbSsILLh28,00037,9.327632078759788,10.688
train,pretrain,KjKBOo5tFX8,00005,0,pretrain,esugL07XANg,00075,-8.277349304908626,3.712
train,pretrain,emeEpzkf044,00001,0,pretrain,KZIGekgoaz4,00011,-8.523426836795709,4.352
train,trainval,7sqeoYOQ4qg,50010,0,pretrain,aTgPJQ9Dy7Q,00006,-1.9896765299963786,5.44
train,pretrain,0C5UQbWzwg8,00001,0,pretrain,bCjfy8Z7dv8,00002,-4.269138699305168,4.928
train,pretrain,AAkEYcmCCCk,00044,0,pretrain,JNcLKbJs3xk,00019,0.2148606362196901,7.424
train,pretrain,gCWeVYCcKXw,00041,0,trainval,gjfYohXoiz0,50007,2.401290576231638,3.392
train,pretrain,sPQViNNOAkw,00028,0,pretrain,iW4fCwfw1vg,00012,-7.986636004452594,5.888
train,pretrain,BFK9laBVa54,00005,0,pretrain,4cJ08wOqloc,00003,1.7935164446661176,8.576
train,pretrain,EUYLa7MAlPc,00022,0,pretrain,0D9QIG36J9Q,00021,7.981508809183257,3.776
train,pretrain,SjaWs87t5UM,00021,0,pretrain,a2MR5XbJtXU,00047,-1.6682239741298375,3.328
train,pretrain,MHN1gqrXMUM,00016,0,pretrain,XgRlrBlS7Yg,00043,-3.7061953911342886,6.016
train,pretrain,Gj2pWl1vjCY,00010,0,pretrain,o9DNWK6WfQw,00015,-3.108904876908573,4.672
train,pretrain,uaJSNRAkr5I,00005,0,pretrain,CLSSiaFuLo4,00039,0.336236179650939,6.528
train,pretrain,DJGreSgaOTc,00006,0,pretrain,hTAXEq6zLo8,00028,6.610586191790858,6.72
train,pretrain,1pq5jnM1CSA,00014,0,trainval,kiDfwUQySEs,50026,0.6203976278597256,5.376
train,pretrain,Mlt6kaNjoeI,00011,0,trainval,aIFFFGf1ZRE,50002,-5.875888460003907,3.968
train,pretrain,Kw5vyJ30djM,00010,0,trainval,w3q89BTJj3o,50005,-7.528897915598167,2.432
train,pretrain,LrBKcTTMlCQ,00008,0,pretrain,CtvIX4s1bTU,00016,0.6606529331996498,6.336
train,trainval,0K5OO2ybueM,50006,0,pretrain,wYCSHKl4RPU,00009,-3.718136558831162,3.2
train,trainval,bSiGZPtWXzE,50008,0,pretrain,dQijrruP9c4,00028,5.145599058093575,3.84
train,pretrain,rjECbQ1rSk0,00012,0,pretrain,MOFdlEbu15g,00081,8.854314588383563,9.216
train,pretrain,8m5Ebx6nuGE,00029,0,pretrain,VPweEhht9y4,00034,1.9780415200993406,6.336
train,pretrain,NWUFjb8w9Ps,00007,0,trainval,SmsYxDvdcYc,50006,-0.683658303860259,3.712
train,pretrain,mAvSoNUgMno,00027,0,pretrain,bIiXsBVTfHc,00001,-5.547317073981526,9.664
train,pretrain,aILSY9g7Tg0,00020,0,pretrain,vNyZmSg92HI,00021,2.0718814627288573,7.68
train,trainval,R9g3QSqvtss,50004,0,pretrain,XBcPFhg0BC8,00002,1.6073870487347026,3.136
train,pretrain,InukG97C8wY,00016,0,pretrain,ynSrWmoq7Is,00032,-6.644070384947263,2.304
train,pretrain,rBt7LMrIkxg,00003,0,pretrain,YhCkjRXgnDw,00018,7.318489006522725,6.08
train,pretrain,7LPJrzZaoZg,00015,0,pretrain,80USSKwX0iU,00020,-6.373157096824031,5.12
train,pretrain,IaMnRrrQx48,00019,0,trainval,1oNlTrLIjU4,50001,-8.85955726222994,4.288
train,pretrain,EjSuaeVfE9I,00001,0,pretrain,FrgzvykPILc,00014,0.45729614745655134,3.968
train,pretrain,V2DgJBx3cyA,00001,0,trainval,IXBalykzauE,50018,-2.6891648615081536,2.752
train,trainval,EXo3qA9V3eI,50009,0,pretrain,MnT1xgZgkpk,00026,3.482661615680362,6.016
train,pretrain,iSRWMLMBkqk,00018,0,pretrain,askcLEVCTko,00021,3.072905279179782,5.888
train,pretrain,u9Lu85L111Y,00062,0,pretrain,GMc8aSoCE30,00040,-4.156273671349348,6.976
train,trainval,3E46oWB4V0s,50039,0,pretrain,imhUmLtlZpw,00020,8.670570525355739,3.2
train,pretrain,1ZQmwVYNgPc,00001,0,pretrain,bDbN8R6Gb6Q,00020,-2.750947053146577,35.136
train,pretrain,04SEzifEsGg,00033,0,pretrain,LlQXs0yofMs,00017,1.9567763737153658,6.016
train,pretrain,rGaj2VImQec,00015,0,pretrain,D1QoyTmeAYw,00006,9.092249766043153,6.784
train,pretrain,vZWokpaQ3NE,00009,0,pretrain,lwcvhh4pLjE,00067,-4.995378365611169,7.424
train,pretrain,5nwSjRA3kQA,00006,0,trainval,BoRUrWcdkQ4,50012,9.377179239881212,5.696
train,pretrain,PkcBE74OYJw,00021,0,pretrain,ouXGIw7gBmk,00005,-8.814106124569186,8.768
train,pretrain,qzR62JJCMBQ,00010,0,trainval,5XD2kNopsUs,50002,-7.227898727868665,5.12
train,trainval,4bHO8NZwmIg,50012,0,pretrain,iwlSPe0FbSg,00007,-0.21900393572614973,2.88
train,pretrain,xMS9HlSSLSA,00031,0,trainval,KI3WJXNhCJ8,50012,-5.624563234317441,5.568
train,pretrain,1OQkdRdfyjI,00007,0,pretrain,sW9sr2SZ5kk,00008,-1.0088027254620435,6.336
train,pretrain,IRVdiHu1VCc,00097,0,trainval,eZWzNfOpbCQ,50004,6.141135286856073,5.888
train,pretrain,eLz9TvxGoKs,00023,0,pretrain,h7qKzqQnjXw,00007,8.9335047161249,4.608
train,pretrain,bxkslfQc0EA,00008,0,pretrain,dNoSK3HgQJc,00002,9.967056568669499,4.992
train,pretrain,zIwLWfaAgS8,00104,0,pretrain,LSn4OF7G9BM,00023,-9.749963452569432,3.008
train,pretrain,iSRWMLMBkqk,00015,0,pretrain,acJscdoP2a4,00025,6.561298371771315,6.528
train,pretrain,ZBDablzQ9ts,00018,0,pretrain,y3jYVe1RGaU,00003,1.3106869458778725,5.44
train,trainval,8JSMI8Xrwms,50010,0,pretrain,blfVA0aSCBc,00004,1.5654991169205061,2.368
train,pretrain,8OkzozrUEHY,00012,0,pretrain,1LSE7KCN9xg,00013,-3.567548478429396,4.736
train,pretrain,6a6vVIdQBd0,00011,0,pretrain,jZxLsDkvkVQ,00024,-7.950316287021602,4.8
train,pretrain,MUOSpWJ0riQ,00016,0,pretrain,nOHbn8Q1fBM,00015,6.29786307017649,5.056
train,pretrain,7hWUhEA6hxk,00014,0,trainval,mUJdzaLDRIo,50001,1.4035654386831844,4.672
train,pretrain,uRdQS2sjF2s,00020,0,pretrain,uQGYr9bnktw,00019,9.929506643301579,4.48
train,pretrain,dTwXeZ4GkzI,00020,0,trainval,ElJxUVJ8blw,50037,-7.460521131663411,2.88
train,pretrain,G88JZ1DIdg8,00025,0,trainval,yVwAodrjZMY,50005,3.1138967132747357,3.776
train,pretrain,ncwpzEoVZCk,00021,0,pretrain,4sg9TlsMRVA,00006,-6.83416814840915,9.344
train,pretrain,hz2ONnzRANs,00026,0,pretrain,0GL5r3HVAZ0,00013,1.8174596668766725,4.16
train,pretrain,19Hj93IgbeQ,00001,0,pretrain,Zx8uYIfUvh4,00010,4.281469906551692,14.528
train,pretrain,by3NnWvSCj8,00015,0,pretrain,mkdSXHXhCcw,00105,-2.8369900031855817,3.072
train,pretrain,ok54sSWquT4,00027,0,pretrain,pWX1oQEGl90,00023,-0.9092874180963211,4.864
train,trainval,6fJRmouSDL4,50009,0,pretrain,AJg9SXIcPiM,00014,-3.460262423040006,5.952
train,pretrain,6e99DuPQ6j8,00010,0,pretrain,FRKg49ySnNw,00023,-8.34050081011374,7.296
train,pretrain,eUznJ3LtvGc,00052,0,trainval,kU7veyGGps4,50001,-4.005447121063625,3.072
train,trainval,nbYQ7kdt0U4,50002,0,pretrain,qH4GAXXH29s,00032,3.677029378860759,3.008
train,pretrain,sa0RUmGTCYY,00052,0,trainval,W0StyxgMk1o,50003,4.13392431044311,2.496
train,pretrain,FdHJw0veVNY,00008,0,pretrain,bdEF9WEiO5g,00004,3.3975654199566137,11.584
train,pretrain,L2M15ZeTLxc,00019,0,pretrain,JqokS3P1D9o,00015,-3.5325968032052435,6.336
train,pretrain,dQijrruP9c4,00045,0,pretrain,8gSAkUOElsg,00029,9.821634502510456,6.272
train,trainval,ezVk1ahRF78,50004,0,pretrain,k8OgHJ4WXR0,00019,4.680274470664507,3.648
train,pretrain,aR6jLD1USW0,00031,0,pretrain,lhqYBhLh1IM,00008,-5.8462166686926125,6.72
train,pretrain,pCHWOt3FOgY,00018,0,pretrain,90mj79GqWhc,00023,8.15642499047948,5.248
train,pretrain,T4SvurUIYI8,00016,0,pretrain,OlLFK8oSNEM,00027,7.171566301083232,8.256
train,pretrain,VPweEhht9y4,00010,0,pretrain,nLecuOcB3dA,00016,-2.1569125523864567,3.776
train,trainval,S2OzLREwHtI,50012,0,trainval,CE3tL9MMk3U,50002,-5.218420664832115,3.264
train,pretrain,Kc0Kthyo0hU,00036,0,pretrain,8woKcr7uSYQ,00004,-8.301918373349913,7.808
train,trainval,F8bM8K7WSR8,50001,0,pretrain,rAA8mMQi0is,00004,-4.044250821712689,4.736
train,trainval,6Co3dn0nSTk,50001,0,pretrain,Yo5cKRmJaf0,00007,-1.2164039270718021,5.888
train,trainval,mclzytQQMGI,50015,0,pretrain,mUJdzaLDRIo,00066,-6.24231625989335,5.44
train,trainval,u9hauSrihYQ,50006,0,pretrain,2j00U6lUCSc,00047,-2.4998640971848562,5.888
train,pretrain,0ygtX2nyexo,00023,0,pretrain,6k8YBJ5sgko,00020,-2.4875792729583317,7.232
train,pretrain,t5KNNlxLScc,00010,0,pretrain,LhszKevcH30,00012,0.4419449256177792,7.104
train,trainval,VC3H1lMEeS4,50006,0,pretrain,EiTrl0W1QrM,00040,5.718779281013791,2.56
train,pretrain,6gSwRHScq6M,00065,0,pretrain,KxDwieKpawg,00006,8.794439840050575,8.32
train,pretrain,huzhvbrcgeQ,00024,0,pretrain,HBSQR6xovSw,00030,9.42384315031207,6.528
train,pretrain,In6iAXTnqEo,00021,0,pretrain,FcoJt2KLC9k,00013,2.7943167738440717,5.44
train,pretrain,30kPKxGuHLA,00001,0,pretrain,DSbtkLA3GrY,00026,0.6431631431636085,7.872
train,pretrain,kTsqFn33RiQ,00018,0,pretrain,xx310zM3tLs,00001,3.40419185805991,8.96
train,pretrain,h8cF5QPPmWU,00009,0,pretrain,W9wwvA5BRZc,00005,5.855283214237417,7.744
train,trainval,gEH4gSeSt3g,50003,0,pretrain,KDBcoRLkut8,00035,2.4048126413611204,4.096
train,pretrain,19MSMRPgPYc,00006,0,trainval,gdg4mUSwuhI,50003,-4.913343518812274,2.176
train,trainval,nw6u3fk88pY,50003,0,trainval,eqDgt12m26c,50014,-9.984830793752547,2.176
train,pretrain,H03o2WCBoDU,00023,0,pretrain,LFJ9WAHowcg,00023,6.5533211145185035,7.232
train,pretrain,mMasmrJOmEo,00009,0,pretrain,d0a0eXJ5TJM,00017,-0.6463664331154462,6.592
train,trainval,xp0O2vi8DX4,50007,0,pretrain,wfW3aZCFfLA,00048,-3.07862773248202,2.432
train,pretrain,DEmjzXi2lfI,00016,0,pretrain,gypAjPp6eps,00002,4.208616591187743,7.168
train,pretrain,ux1GxExRUUY,00008,0,pretrain,4BZuWrdCS9Q,00028,8.007927607121694,6.528
train,trainval,7ZWTG0SeCEg,50014,0,pretrain,SUkVcmKZyyQ,00025,1.1729901097548172,4.416
train,pretrain,c6mhFgAjqwA,00031,0,pretrain,wDxjss7kHRw,00028,5.418173919443088,8.32
train,trainval,7TXEZ4tP06c,50014,0,pretrain,YlmZkY1uqXM,00024,-1.9906319664590892,4.352
train,pretrain,3B24RaqA33k,00029,0,pretrain,R7vmHGAshi8,00003,-7.321990938667251,5.056
train,pretrain,szU2S1infqc,00010,0,pretrain,SZSul0GzzM4,00021,-3.0258374652649938,7.872
train,pretrain,Y8wol2nGSpY,00003,0,trainval,KZIGekgoaz4,50002,5.115761860287746,2.368
train,pretrain,jgnqlZUI4n8,00011,0,pretrain,iNPsDky1z94,00014,-6.514621612656251,4.928
train,pretrain,nW5VhQyc4Fg,00007,0,pretrain,sBsuIAscshE,00023,-0.9754138914825532,4.8
train,pretrain,n8yhaFdSGpM,00001,0,trainval,UVDgemuZdho,50001,7.421748086199244,5.824
train,pretrain,Uq1idqpX9SA,00005,0,pretrain,oTHSfmQo3Ok,00012,-8.86834035162445,6.528
train,pretrain,RxyQNEVOElU,00054,0,pretrain,fkPISY2Vg5k,00008,-9.968516450093505,4.736
train,trainval,jMVAgCPYYHY,50003,0,pretrain,ym6OYelD5fA,00001,-8.571486688830543,3.904
train,pretrain,G6dfUFgKmN4,00036,0,trainval,ImmtTHYU5GQ,50032,-4.623998314466425,2.688
train,trainval,KZIGekgoaz4,50024,0,trainval,aqhzFd4NUPI,50019,0.18280764101860925,3.2
train,trainval,vzi4AopBEBg,50009,0,trainval,5aH2Ppjpcho,50001,-3.5434318744347104,3.456
train,pretrain,j3qs0q4RBHY,00011,0,pretrain,eYLb7WUtYt8,00006,-7.491168214626782,8.0
train,trainval,AU66C6HePfg,50011,0,pretrain,qywLsqI5YeY,00019,-7.254288188408326,4.48
train,trainval,URSuWwvpn5c,50001,0,pretrain,izddjApSN4I,00013,5.9722051504767375,2.112
train,pretrain,j51HsRILGKI,00010,0,pretrain,F2SIP2nSEoc,00011,-4.459398857356596,6.592
train,pretrain,p2MEGk5q1WI,00061,0,pretrain,S6cX2p5cBVg,00049,-3.217846612085915,5.824
train,pretrain,HSmKRshF1SA,00012,0,pretrain,2YPHJdq5QWM,00002,-5.030104718389996,6.528
train,pretrain,xjxyEwjG2Es,00006,0,pretrain,U1XJJxHIQwo,00004,3.8301609825215603,5.376
train,pretrain,jqWHy6B0ADA,00014,0,pretrain,7p4zw4SqgUw,00007,-7.03364409694559,13.248
train,pretrain,7CIq4mtiamY,00029,0,pretrain,OibJT7GSwyo,00038,8.385931917742493,4.736
train,pretrain,H2rG4Dg6xyI,00040,0,pretrain,LFJ9WAHowcg,00003,1.2690564198731522,4.928
train,pretrain,xnovQVRHj5c,00015,0,pretrain,YraU52j3y8s,00087,6.960958984515877,5.312
train,trainval,ErexJkoDhGI,50009,0,pretrain,8m5Ebx6nuGE,00019,4.911858641976606,3.264
train,pretrain,150cqgYh8sQ,00017,0,pretrain,sHdYaMyR5S8,00025,-6.328374995174302,5.696
train,pretrain,CycOuSVQOnM,00001,0,pretrain,YodRXxzhb7s,00017,7.123991395637848,2.816
train,pretrain,XxSSz2xiuyA,00002,0,trainval,raCIUeGUr3s,50005,2.45097971769656,3.776
train,trainval,PuroSL7O4eY,50003,0,pretrain,DSSAz5nZBBM,00021,0.5088388387740199,4.288
train,trainval,lYdk1NK9Sr0,50019,0,pretrain,EZSf3Fc0ZRA,00018,-4.04748774222921,2.048
train,pretrain,DeUDQo1sYAw,00018,0,pretrain,JDDGhGiaAZU,00029,-7.616435611315325,7.168
train,pretrain,v9dEgXR1iWE,00036,0,pretrain,KDBcoRLkut8,00053,7.091740038920275,4.48
train,pretrain,8QuAokSXiyg,00042,0,trainval,gh5VhaicC6g,50059,6.213162231293545,5.696
train,pretrain,1fZk6aWnqGg,00001,0,pretrain,QeAGu40vZzI,00019,1.952389964417831,5.696
train,pretrain,a2MR5XbJtXU,00043,0,pretrain,6AvXhgXlGpE,00003,5.553721112816419,3.584
train,pretrain,vR8msiSohZM,00015,0,pretrain,QVSqg1CRvl0,00014,-3.6969202881481866,4.416
train,trainval,h0dSQDgl3gI,50002,0,pretrain,0sYguTPLpHE,00030,4.204922879421581,2.816
train,pretrain,VbeovM4RCh4,00025,0,pretrain,rTJpJlVkRTA,00044,0.30124198651801315,11.136
train,pretrain,SSogppqBahk,00006,0,pretrain,CH4TZteceas,00006,3.4418077278141297,4.48
train,pretrain,N8Votwxx8a0,00015,0,pretrain,zawpbVpu5nY,00001,-8.977428704094297,13.632
train,pretrain,cmFSHbPSjd0,00010,0,pretrain,7Mqse6SLOds,00003,3.1208181964505712,3.648
train,pretrain,SasMjDCSyR4,00010,0,pretrain,tic7X3ET4gE,00013,6.719710365983129,12.544
train,pretrain,PB7xs7UpIfY,00007,0,pretrain,9XFeW9dgyIs,00012,9.98587606309627,5.696
train,pretrain,ww4kNxYE0c4,00016,0,pretrain,nFSdHdNOgSA,00024,9.96610418429351,5.76
train,pretrain,Svm5Czaf82k,00017,0,pretrain,DWoAShyDSsY,00002,-5.368273101532499,5.952
train,pretrain,eRQdAOrqvGg,00023,0,trainval,Er9bh94f1w0,50005,-1.2316404777351782,5.12
train,pretrain,SC3DVeWT09w,00024,0,pretrain,J9SXc9wxByM,00033,0.9973705280638221,4.48
train,pretrain,Jv5tn4MPJV4,00017,0,pretrain,TXaXvrd3jS4,00013,6.726824902325674,13.056
train,pretrain,mWfCqsFP05A,00029,0,pretrain,4ZgwzSm7sRs,00044,7.635395478765279,4.608
train,pretrain,NRcPXtqdKjE,00013,0,pretrain,2XiDdnDCD34,00001,2.7591690506405175,5.696
train,pretrain,Itmu78W9cOI,00001,0,pretrain,paSYuxyRDuw,00021,-1.4705125569852466,9.984
train,trainval,ofjRnIpXBF0,50002,0,pretrain,fIqABIcKIvs,00003,9.342706988008612,5.76
train,pretrain,7ShFmRzffOg,00005,0,pretrain,8QuAokSXiyg,00004,-8.97881296737339,3.968
train,pretrain,CQ5dRyyHwfM,00011,0,pretrain,JNcLKbJs3xk,00005,-2.593678395237104,6.912
train,pretrain,RJ0ldeMS9SM,00011,0,pretrain,YsASJTeHJ6A,00017,2.4208746166807042,4.992
train,pretrain,fIw07IX6rG8,00007,0,trainval,AwS1mOwx5gM,50001,-0.4474850227125948,5.568
train,pretrain,43e6eAAeGCs,00023,0,pretrain,SjaWs87t5UM,00002,8.385720971392324,4.224
train,pretrain,1NG7FoC5XRo,00027,0,trainval,3PQrElyu9HY,50013,7.948891918208869,5.888
train,pretrain,mAAxykQH0Wo,00001,0,pretrain,utV1sdjr4PY,00004,4.182817457438688,5.184
train,pretrain,tVIaoQrnAxY,00008,0,pretrain,lQDxasFKQCA,00011,-3.9513648697881276,8.448
train,pretrain,GROCkg810R0,00003,0,pretrain,SMTRxRO5SRA,00021,-4.7564996130276205,8.448
train,pretrain,OwRAFCrsDS8,00025,0,pretrain,tFGCB51xb6U,00004,0.4517245396576204,4.544
train,pretrain,d5wfMNNr3ak,00006,0,pretrain,nDIdnlJHJCQ,00017,2.719826432149876,5.504
train,pretrain,KxDwieKpawg,00038,0,pretrain,ARWBdfWpDyc,00008,-6.977926477243461,9.472
train,pretrain,QijH4UAqGD8,00022,0,pretrain,b6rAgHcuYtE,00023,-0.05624637171918678,9.408
train,pretrain,hSSmmlridUM,00019,0,pretrain,qZRSPO8NtJc,00005,-2.8301557603951473,11.328
train,pretrain,6aRz72yxHQo,00001,0,pretrain,cXQrbxD9SNg,00023,-9.30906134001528,5.312
train,pretrain,iSpwUpdQdyY,00003,0,pretrain,SgYvy71CSSA,00031,6.916748647771154,3.648
train,pretrain,nOHbn8Q1fBM,00049,0,pretrain,sWnAtLt8kSs,00006,-4.626811291203834,5.696
train,pretrain,lhqYBhLh1IM,00017,0,pretrain,Jv2GGScsUc8,00029,-5.235371440319867,7.168
train,pretrain,PVfd6fg7QsM,00039,0,pretrain,9KACXVScWS4,00050,-4.5661456366550945,4.096
train,pretrain,SUkVcmKZyyQ,00036,0,pretrain,V2gCKH91GJo,00002,-8.931158459444006,5.248
train,pretrain,IfqdMoKVIR0,00008,0,pretrain,0d6iSvF1UmA,00022,8.114116726628925,15.296
train,pretrain,qL7UlSA6rRk,00012,0,pretrain,4mJ1aHFPS1M,00037,-7.939578327069752,6.528
train,pretrain,97MWOERYSdE,00061,0,pretrain,0GL5r3HVAZ0,00021,6.392776960992336,5.312
train,pretrain,lw3YTbubyjI,00004,0,pretrain,6vLrreR6YOE,00021,8.40484796723641,10.496
train,pretrain,YzhSmnGcSkE,00010,0,pretrain,7pVPmmwSeJQ,00013,7.557190221412512,10.24
train,pretrain,YeXcNpVkezI,00021,0,pretrain,GYzLcpN8dso,00008,2.8979724870842904,8.768
train,trainval,gjCwsdCssdk,50008,0,pretrain,H2rG4Dg6xyI,00042,4.503001761737536,3.008
train,trainval,3UaOl8SYHes,50001,0,trainval,mWA2uL8zXPI,50010,8.960880381091116,4.48
train,pretrain,K5wCfYujRdE,00003,0,pretrain,AhUhpfKeLus,00021,-3.4867775950731357,5.504
train,pretrain,qp0HIF3SfI4,00047,0,trainval,urOCGSMlB9g,50003,2.7030425837931205,3.328
train,pretrain,bhgonb4EqXI,00023,0,pretrain,EXo3qA9V3eI,00020,3.846674659968434,11.52
train,pretrain,UVDgemuZdho,00034,0,pretrain,IvtZBUSplr4,00021,-9.670218724517465,4.928
train,pretrain,UiDJFGroD3U,00003,0,pretrain,iONu2ndDmHM,00011,0.6514865084532229,9.408
train,pretrain,Ja5UAq09lps,00002,0,pretrain,jTfGAHroSSI,00002,1.9223743603248984,9.216
train,pretrain,u1K6hnm09xs,00011,0,pretrain,j12BBcKSgEQ,00007,7.5544481077728385,8.384
train,pretrain,Pl8OlkkwRpc,00025,0,pretrain,fSRWTyY2YSM,00012,-3.8692124862856474,5.568
train,pretrain,ASQpKiUSNHo,00036,0,trainval,b6rAgHcuYtE,50008,0.3781953709587942,2.688
train,pretrain,ts5MKtXNpMQ,00024,0,pretrain,ImQrUjlyHUg,00057,5.296959056027109,3.776
train,trainval,Rz8m1yDE0ms,50006,0,pretrain,rzbtSeVZeEE,00012,-8.629493953248897,2.688
train,pretrain,ZJodZcGfTVE,00014,0,pretrain,WKlIytaSlu4,00007,-6.8191978977280865,4.8
train,pretrain,oy25A7vnigg,00023,0,pretrain,8S6S5vZGSSk,00008,3.3434061400985033,6.208
train,pretrain,8s3bdVxuFBs,00006,0,pretrain,QHIocNOHd7A,00005,-8.465756963332478,11.712
train,pretrain,jdMv5x8SBuM,00022,0,pretrain,1hxwsYYz5fI,00002,-6.082993434196055,10.56
train,pretrain,5SOHiN8Ne58,00020,0,pretrain,rN7VcY1fS1Q,00023,-3.4944314661843334,8.448
train,trainval,RBElFl1aLtI,50005,0,trainval,s2F41IQSPGE,50056,-2.9890622087678693,2.112
train,trainval,6Af5tJzSR2w,50006,0,pretrain,796LfXwzIUk,00020,7.4545589356104145,6.144
train,pretrain,Fr26scqsIwk,00012,0,pretrain,EBKSa94IFHY,00005,6.652294295963486,12.288
train,trainval,bSiGZPtWXzE,50062,0,pretrain,V2u6CzpRqts,00009,-9.028931746288343,3.136
train,pretrain,DSbtkLA3GrY,00017,0,pretrain,jobYTQTgeUE,00029,3.794171569082012,6.912
train,trainval,LS6TWtYWaPA,50014,0,pretrain,wfW3aZCFfLA,00029,1.0852494599567173,4.48
train,pretrain,wgPLGS1BvQo,00022,0,trainval,W4I68CGUV3w,50039,9.711902539766808,5.696
train,pretrain,Iv3Ud7Shv9g,00016,0,pretrain,fXf3CCyhLGU,00007,9.702135444103924,4.608
train,pretrain,eJnlgDUcxOQ,00014,0,pretrain,50m48lpi4AU,00029,1.2015445198895787,6.272
train,pretrain,MO0LSLY2hRA,00002,0,pretrain,qmnVdzzAuQk,00001,6.4179705786840096,4.928
train,pretrain,pj2YxCAnqx0,00028,0,pretrain,SYHG5y4tvLw,00023,8.19345871881045,6.848
train,pretrain,AQa3kUJPEko,00009,0,pretrain,kyaiTGmwxnU,00010,9.920408921155207,7.936
train,trainval,jQ95xlZeHo8,50002,0,pretrain,Mtjatz9rSVc,00011,0.9743745211066219,5.76
train,pretrain,wvCMZBA7RiA,00019,0,pretrain,NRXCxJGQ4KY,00034,4.123828412283228,4.672
train,trainval,bCGlWQnzDVE,50037,0,pretrain,T7ibjISKSdY,00043,3.2959667497391116,3.84
train,pretrain,1BfMMoLYMlg,00022,0,pretrain,U9cGdRNMdQQ,00001,7.008477253010518,5.056
train,trainval,yFVXsjVdvmY,50015,0,pretrain,AgMOJC5R4F8,00009,4.193369481044233,6.208
train,pretrain,KyamsZXXF2w,00008,0,pretrain,KJ3lcCa0G4Y,00009,-0.619119338251295,6.656
train,trainval,sjPRN2XGSts,50014,0,pretrain,qvEU36woPB8,00002,-0.4972924339056046,6.08
train,pretrain,Ztl2li6GTWg,00006,0,pretrain,1mUDw0sRZV0,00019,-6.985987689543565,7.36
train,pretrain,gmjSazFbpkA,00015,0,pretrain,bKQA6I4BA7o,00014,-5.738561368287627,4.928
train,pretrain,jKcm96l0uqE,00004,0,pretrain,9EVEmZ2cSes,00008,-0.2511254881650604,3.776
train,pretrain,SS3qnZrVy9o,00020,0,pretrain,uYyvbgINZkQ,00013,6.9871931015742526,7.168
train,pretrain,mkdSXHXhCcw,00111,0,pretrain,M1o3FS0awtk,00014,-5.607223940097885,5.888
train,pretrain,MLU7qcMYKO8,00027,0,pretrain,DUd8XAS5HEk,00058,-3.5611171483196635,8.576
train,pretrain,XKc9MJDeqj0,00010,0,pretrain,TdBAHexVYzc,00043,3.2682202148077355,4.608
train,pretrain,qp0HIF3SfI4,00006,0,pretrain,b81YwSOs8RM,00014,-5.7292604100344775,5.056
train,pretrain,7oDtWA9fFBU,00004,0,trainval,04SEzifEsGg,50015,-1.8353336681790378,2.048
train,pretrain,4v4Pf5Dt8Hg,00032,0,pretrain,DEmjzXi2lfI,00010,4.472080453410005,4.544
train,trainval,CiLnSGrcuEs,50015,0,pretrain,vY2l2xfDBcE,00041,-1.906197048054219,3.648
train,pretrain,SJWoKsfsSaA,00043,0,pretrain,kU7veyGGps4,00009,-2.140201843988083,12.736
train,pretrain,oIGBBPspTKM,00045,0,pretrain,btF6nKHo2i0,00056,5.4132429061810505,5.376
train,pretrain,h9SKyrHRhDo,00007,0,pretrain,j8T3bdqTdp4,00020,5.392956380283046,8.128
train,pretrain,bEdvQjTGYP8,00025,0,trainval,SxPeQda00Co,50005,4.792609926423943,5.248
train,pretrain,16cMSRFid9U,00019,0,pretrain,P82edb1SCNs,00029,-4.990421754248686,3.648
train,trainval,wsIrdxDJpSQ,50003,0,pretrain,vGDZmSnSkfo,00017,6.227101818811974,6.144
train,pretrain,MSZS1wnjfhY,00045,0,pretrain,EfXidZmAW1s,00004,-0.8833176520495343,10.048
train,pretrain,zSbCNWyYams,00014,0,pretrain,omGbKQIzoWY,00020,-3.297824916563405,9.28
train,pretrain,ZSRaJIMYSMs,00017,0,trainval,9SQYDFiWnSs,50005,6.1154423886413944,5.888
train,trainval,E27DY3AVA98,50001,0,pretrain,UVqoIgh7bcw,00010,1.2819529623209824,2.368
train,pretrain,JmCtZzSRztQ,00006,0,pretrain,p0SwjVS9iSc,00006,-2.3181591196349194,40.576
train,pretrain,SjsGSNgmleA,00019,0,pretrain,jzfV2xVsUKc,00014,-7.523779409265057,3.648
train,pretrain,9yPlMBPNf2M,00026,0,pretrain,0SW0HFy9Et4,00005,-6.12454628181464,15.872
train,pretrain,S1VpOweDio8,00022,0,pretrain,RxqyO5hafdk,00013,-8.949731883902,11.456
train,pretrain,drXnDLHKKPM,00013,0,trainval,Z9dt5qlgO24,50009,3.86561553909341,5.504
train,pretrain,RLh5CRUecfY,00010,0,pretrain,ao3NtIZ0iBU,00018,0.8909069626969135,5.76
train,pretrain,5tUnSuoYKoE,00017,0,pretrain,nPGVm6OesQk,00006,0.2293269818249648,4.48
train,pretrain,jv8m8rycnQs,00024,0,pretrain,nOHbn8Q1fBM,00050,-0.02010763322939546,7.68
train,pretrain,6vLrreR6YOE,00003,0,pretrain,tSK6bn9sc50,00017,1.9635985385298085,22.272
train,pretrain,DkyMCCnNI3Q,00012,0,pretrain,KvQRF6PKojA,00006,-2.0210459914179673,3.136
train,pretrain,gh5VhaicC6g,00006,0,pretrain,7POkIJfbMyU,00016,5.078756691489657,23.296
train,pretrain,esPRsTSlmw8,00007,0,pretrain,N3e8ZG5GzaY,00004,3.548568776720714,5.44
train,pretrain,tHYtv5FLC6I,00010,0,trainval,CXSKrxq5eUI,50010,2.0251980066170283,3.776
train,trainval,G1RRbupCxi0,50013,0,pretrain,sa1iS1MqUy4,00004,-2.535853749810766,6.208
train,pretrain,AoAbPIbGLUo,00002,0,pretrain,UG2zHhgfAW0,00010,-1.9618109247184563,15.552
train,pretrain,pcSlowAhvUk,00064,0,pretrain,6oLsJUH1cfU,00005,5.17622304777726,6.72
train,pretrain,ultonpeO0ZA,00022,0,pretrain,gzcwS02ZB1o,00016,-1.0766731059784398,14.848
train,pretrain,8vSGrrQs8ow,00018,0,trainval,xY7kVVS2HVY,50002,6.401095155952994,5.632
train,pretrain,cplaWsiu7Yg,00020,0,pretrain,BT2XlI8oeh0,00014,-6.634619877029437,5.056
train,pretrain,qGSYmIPFO68,00036,0,pretrain,7ZW8SLQftnY,00016,1.5927992566268507,7.744
train,pretrain,K8Dj0oSf1SA,00012,0,pretrain,fnS9f5x0f1Q,00007,-0.7224576218225351,5.184
train,pretrain,bGBamfWasNQ,00002,0,pretrain,9KACXVScWS4,00052,0.36946773172707736,6.016
train,pretrain,6AvXhgXlGpE,00009,0,pretrain,uEkgM9P2C5U,00008,-2.991443987958837,8.704
train,pretrain,Ssl0043HgQU,00013,0,pretrain,9UbnOKC1ioU,00005,3.351530622326104,13.888
train,pretrain,O4Og5tFNiaU,00012,0,pretrain,MHN1gqrXMUM,00022,-8.558889372670695,3.456
train,pretrain,qYvXkSbqlBk,00026,0,pretrain,cAGFKYNrQgY,00006,-1.908199550134258,3.072
train,pretrain,8pHzROP1DSw,00035,0,pretrain,a5xR4QB1ADw,00011,-3.7114010575586587,8.192
train,trainval,ohGMgSLJCjs,50008,0,pretrain,o3oDpCb7VqI,00026,9.400622230152536,3.136
train,pretrain,snHSSUcGSSE,00014,0,pretrain,vo2cse4CoGM,00017,0.02422842271435499,5.056
train,pretrain,jk6Y3f2c4SI,00024,0,pretrain,7TXEZ4tP06c,00008,8.906273372346039,4.224
train,pretrain,dcySuzHPCWM,00006,0,pretrain,97rrxS1yBU0,00009,-6.4598070961200875,6.016
train,pretrain,iTdZn78u6pI,00012,0,pretrain,MEDgtjpycYg,00006,9.319954355434916,5.056
train,pretrain,aYBJayS6mTY,00006,0,pretrain,aTfwA1TaH3Q,00013,4.5138491907702125,5.44
train,pretrain,VCRcGKpjWtU,00004,0,trainval,h0C2LPXaEW4,50021,-8.625628500943366,2.24
train,pretrain,weCFbknwZa8,00021,0,trainval,jqWHy6B0ADA,50003,1.5552488738375523,3.776
train,pretrain,3p3Svl9VFYU,00002,0,trainval,fnS9f5x0f1Q,50005,-9.653081506008409,3.776
train,pretrain,rCplocVemjo,00004,0,trainval,R2kOgSVF2Uk,50005,7.043661657311141,2.176
train,pretrain,KSzkPSW4Hik,00006,0,pretrain,tlS3r8Gid90,00017,-1.969759254861998,5.504
train,trainval,SC3DVeWT09w,50001,0,pretrain,btF6nKHo2i0,00041,9.279729688928619,2.688
train,trainval,tsFKSfItBoE,50022,0,pretrain,j7c9b9A2AHc,00045,-4.748977166215189,4.096
train,pretrain,xeFl0RE31x0,00018,0,pretrain,nqj6fH2i9go,00014,3.0453872480619992,3.968
train,pretrain,IW8mHxAkOtA,00021,0,pretrain,XVXmYD0UPRQ,00016,-2.5509386388741344,8.192
train,trainval,FLbEKpLS5Z0,50005,0,pretrain,3LzX36sShcs,00028,-8.444166755829652,3.264
train,pretrain,16cMSRFid9U,00028,0,pretrain,A47JaOMDH4c,00002,5.259461190315735,4.16
train,pretrain,DwQMDyyS42Q,00009,0,pretrain,PzSw6OsEP9Q,00007,-6.222274883688055,7.04
train,trainval,bxkslfQc0EA,50002,0,pretrain,Uwl012o8P7I,00014,9.275326151775968,6.08
train,trainval,6g3WUEgrvVA,50014,0,pretrain,JBLc4Ekl3BA,00003,-9.276279788873357,3.84
train,pretrain,iSRWMLMBkqk,00025,0,pretrain,mk3KSVrveSE,00020,-8.822092241527983,16.128
train,pretrain,CqasLvlSWGU,00009,0,pretrain,Nhwq12TKkQQ,00009,5.028553394875344,4.032
train,trainval,j7c9b9A2AHc,50002,0,pretrain,4O2JKS94g3Y,00005,-0.9613668426217146,2.624
train,pretrain,Wzy0cX1NXpM,00006,0,pretrain,ZBWsmoy5Re4,00024,-5.639398073991238,8.64
train,pretrain,UROCz70tlMY,00023,0,pretrain,a5xR4QB1ADw,00026,-6.658197996402113,6.08
train,pretrain,7oQY0uC52jY,00004,0,pretrain,tic7X3ET4gE,00006,-6.426617177740203,9.92
train,pretrain,APPbSStpGHk,00012,0,pretrain,UxLRv0FEndM,00007,-5.697547306639303,15.424
train,pretrain,xRdZXhyrO6c,00019,0,pretrain,uSD6RlqHwOk,00005,9.668636428874635,3.52
train,pretrain,gaY4m00wXpw,00003,0,pretrain,eyBEIx7fCfY,00001,-4.099763873119972,10.176
train,pretrain,nhrZHRqUaT0,00017,0,pretrain,pbotabqHUys,00017,0.4857047132717973,24.768
train,pretrain,IWjzT2l5C34,00034,0,pretrain,qqNLSZ6SSSc,00025,-3.442103463812667,9.856
train,pretrain,VMwjscSCcf0,00042,0,pretrain,QVSqg1CRvl0,00012,-5.222591330567836,8.896
train,pretrain,uYaF8pSTNSU,00051,0,pretrain,2ju61VPdTzw,00027,-4.526797149566151,5.632
train,pretrain,tMSU6k5SWXg,00014,0,pretrain,jhm5OaXJVMQ,00008,-3.2445484282122656,8.64
train,pretrain,XvS83nXSf0k,00005,0,pretrain,STsOdmkH5fI,00036,-1.9189102710047585,6.08
train,pretrain,8jkri0AeZWQ,00018,0,pretrain,55n9pHSA0O8,00043,-0.008174434050101098,6.08
train,trainval,MoSmgcxGYYE,50007,0,pretrain,G8gJJuCdPSA,00014,-1.5844554095761776,4.352
train,trainval,KTvSfeCRxe8,50058,0,pretrain,fCKNScHMBGE,00005,-0.3906954008196095,6.016
train,pretrain,iU1bhHeCkoU,00007,0,pretrain,mi9B40hZYAo,00016,1.306708186130276,10.816
train,pretrain,p49rv25dx0g,00002,0,trainval,ZUGOaSux6pU,50001,1.8598085632572285,5.888
train,pretrain,3dqXHHCc5lA,00018,0,pretrain,9yPlMBPNf2M,00020,-6.706940851147795,13.184
train,pretrain,nLtUl2CP8ak,00061,0,pretrain,emeEpzkf044,00014,-7.457911766022834,6.592
train,pretrain,HjnclEhy960,00018,0,pretrain,mUJdzaLDRIo,00027,4.422519968096175,6.208
train,pretrain,9SQYDFiWnSs,00002,0,trainval,2i0dGoh3VUg,50001,-0.047806905917662235,5.12
train,pretrain,jzfV2xVsUKc,00032,0,trainval,EiTrl0W1QrM,50007,8.377239243244919,2.624
train,pretrain,Eewvsw027jg,00033,0,pretrain,X77DUi9PD4Y,00023,0.6022139170361704,7.04
train,trainval,O8e8TtfzSpY,50004,0,pretrain,cyBeRNOxNBk,00009,-0.6036768466251843,3.2
train,pretrain,ysln0YyjUok,00001,0,pretrain,kLRanIhp2jg,00016,7.020766458638931,11.136
train,trainval,vqPAdUeU6mQ,50002,0,pretrain,5XD2kNopsUs,00008,2.9682562060893005,4.352
train,trainval,qzR62JJCMBQ,50008,0,pretrain,aFBIPOSP7LM,00011,4.265237108663754,6.08
train,pretrain,seARHjX8Ssg,00001,0,pretrain,4VDYo4k3xKk,00002,-9.281607451086991,6.72
train,pretrain,YraU52j3y8s,00025,0,pretrain,7udZ5ux0dYE,00029,7.029603198945512,7.488
train,trainval,Rz8m1yDE0ms,50005,0,pretrain,LTtTfCwkIW0,00018,-4.455896879662912,4.608
train,pretrain,vGDZmSnSkfo,00021,0,pretrain,E5BOBs3Nmbw,00025,-3.142200342295032,6.72
train,pretrain,b4kSKPELNcc,00011,0,pretrain,jPyR3UDhOm4,00018,-7.821743871995199,6.016
train,pretrain,aL00a3sfnYM,00009,0,pretrain,Qa2HpQI1Ufg,00009,-0.11125444071668866,5.184
train,pretrain,DZfOvYiQtow,00012,0,pretrain,YAV96XSdMQo,00006,4.128693110388063,13.12
train,pretrain,RlToQQfSlLA,00014,0,pretrain,AS3Pyc4Qr2Q,00048,-3.0520984840633725,4.992
train,pretrain,2tcEgqTWbxQ,00010,0,pretrain,5HL1BEC024g,00012,1.236992106187076,6.656
train,pretrain,0UmUgaJwEr0,00004,0,pretrain,QhLLMBN57AU,00009,-9.427458880751743,6.912
train,pretrain,kvpUiBqHoVM,00011,0,pretrain,X2et2KO8gcY,00008,1.2963742964513614,5.184
train,pretrain,gWmRkYsLzB4,00003,0,pretrain,Sv36Vt9GmH8,00017,9.487294884656468,6.848
train,pretrain,6wk4dkYSrV0,00049,0,pretrain,qp0HIF3SfI4,00004,2.2734859234052607,13.888
train,pretrain,9EVEmZ2cSes,00037,0,pretrain,FLbEKpLS5Z0,00008,-3.1411268703538786,3.712
train,pretrain,X77DUi9PD4Y,00014,0,pretrain,2zvjW9arAZ0,00047,-0.36519988676401205,6.656
train,pretrain,tbvUCrS5S5I,00028,0,pretrain,SqgSz1UmcBM,00014,1.4003656371077593,11.776
train,pretrain,oX1C3Jn05OE,00006,0,pretrain,ruh6rN5UrME,00010,0.07198167765906405,3.712
train,pretrain,z9sa2ZAqHl0,00019,0,pretrain,LlQXs0yofMs,00002,-5.221572032934909,4.736
train,pretrain,Chfoo9NBEow,00005,0,trainval,wAIP6fI0NAI,50011,9.344947169901182,6.016
train,pretrain,9KACXVScWS4,00037,0,trainval,mkdSXHXhCcw,50029,4.791792814158558,4.736
train,trainval,H6n3iNh4XLI,50051,0,pretrain,MQrhPhan5Gw,00015,1.5008243282550318,4.224
train,pretrain,6LmPq7DSds0,00031,0,pretrain,JSuTsrxfYWQ,00004,-5.54395437493733,7.488
train,pretrain,2NcetHNXaxU,00021,0,pretrain,8t987Lxt1t4,00003,3.8126425293470625,12.416
train,pretrain,1gAQ82IHyZ8,00029,0,pretrain,i6SbQqqRVtM,00003,-1.20781944522885,4.416
train,pretrain,Acsv55lctGY,00008,0,pretrain,zCvSZBy6SyU,00018,3.6551905608686326,5.696
train,trainval,UQzvNIIMayo,50018,0,pretrain,AhSSmLEMgis,00007,9.00806882765217,4.736
train,pretrain,DW5YctpK7pM,00034,0,pretrain,E7oq6J8HvKw,00007,4.271880787738285,5.696
train,trainval,l2S0V1DeDa4,50001,0,pretrain,3B24RaqA33k,00032,5.893546347473986,6.08
train,pretrain,9SQYDFiWnSs,00031,0,pretrain,H3YbZsStuSI,00006,-4.910016813927998,11.264
train,pretrain,EiTrl0W1QrM,00043,0,pretrain,xEtXItg9hEE,00025,5.933071961373432,4.736
train,pretrain,QWN5xhV6v1U,00024,0,pretrain,MSLHHgSXloM,00023,3.8035264100885424,5.248
train,pretrain,syqScVtnKuU,00064,0,trainval,yr6khSQOk0s,50002,-6.045619188888949,5.952
train,trainval,J0WQz9qlgZI,50001,0,pretrain,PxQcnxSbivQ,00001,-5.722923001970903,5.888
train,pretrain,fi8CYv9Dcr0,00012,0,trainval,KZIGekgoaz4,50009,-6.4361256368989705,3.328
train,pretrain,2FASIuDTMjE,00027,0,pretrain,izddjApSN4I,00010,-6.383156460834536,4.544
train,pretrain,nLtUl2CP8ak,00046,0,pretrain,Zf0zAiS8CtY,00019,7.90338481614533,3.776
train,pretrain,JQ0iMulicgg,00008,0,pretrain,MbdxeFcQtaU,00029,-2.367463824996441,5.376
train,pretrain,SK095wuESeE,00018,0,trainval,N0vRIqeoefs,50006,-3.5359229717066354,3.008
train,pretrain,PSggxpMY9q0,00018,0,pretrain,bzj1BTdfoeI,00032,-4.330212731271774,4.288
train,pretrain,01GWGmg5jn8,00045,0,pretrain,V48M5jS6zdE,00028,1.9025927736646242,4.928
train,trainval,YO0lbdhF30g,50019,0,pretrain,C44r6knuJtU,00010,-3.3436095900177705,6.016
train,pretrain,vqPAdUeU6mQ,00001,0,pretrain,2vVAzRN5ez8,00006,1.4426362406903177,6.08
train,pretrain,G88JZ1DIdg8,00016,0,pretrain,rAA8mMQi0is,00016,1.1931897797202424,6.144
train,pretrain,AR6RiSHN7S0,00034,0,pretrain,syqScVtnKuU,00039,-5.286749780918843,4.288
train,pretrain,Bk9wQD6eYts,00017,0,trainval,JeHqgambbcI,50005,5.519681218127824,4.352
train,pretrain,yg8SBuTuoKk,00026,0,trainval,bscKRPkR328,50008,-3.5127331505527604,2.496
train,pretrain,Ydj28CDrHV4,00012,0,pretrain,xlggecnjOY0,00008,-8.633231987698895,4.032
train,trainval,oeL72c6scAs,50001,0,pretrain,h27g5iT0tck,00014,5.787628655764745,3.904
train,pretrain,mqovAg11qSc,00003,0,pretrain,WQ2PFoHptK8,00016,-8.462468001031043,6.912
train,pretrain,pew48bbrob0,00013,0,pretrain,TH9CqtMzxG0,00005,6.174502013046084,10.368
train,pretrain,oIGBBPspTKM,00033,0,trainval,mYQx5n5SRVQ,50006,-2.2272690804851365,2.944
train,pretrain,MOFdlEbu15g,00011,0,pretrain,SSJu0Jy9oSQ,00019,3.4584866152312888,7.168
train,pretrain,JaFSfq2Zn7I,00031,0,pretrain,ImmtTHYU5GQ,00021,4.433644791756848,7.168
train,pretrain,zHuH8PSVqc0,00005,0,pretrain,5PhNVxr7Vtw,00013,0.17145595125292346,4.16
train,pretrain,97MWOERYSdE,00034,0,pretrain,S2SzP6NS9P0,00004,-5.212812723506522,4.928
train,pretrain,gHxr8uJeqsg,00004,0,pretrain,nDIdnlJHJCQ,00017,-8.488055102957375,3.776
train,trainval,osBbP6Om4Mg,50005,0,trainval,c0H1zU2ytxA,50002,-0.07571790349231478,2.56
train,pretrain,fWInyaMWBY8,00003,0,pretrain,TPA0qoemShQ,00009,-4.482579960016473,6.848
train,trainval,HWsehvUkISc,50004,0,trainval,eMSonXncSjA,50008,-0.5847836093973235,2.432
train,trainval,B0ESVNX1SYk,50001,0,pretrain,iP9QFSlBOyA,00011,0.7161834930303854,3.776
train,pretrain,r1qdSnDm67s,00004,0,pretrain,o2WyXD7IaN0,00022,-6.681674707428864,4.672
train,pretrain,td1PbsV6B80,00001,0,pretrain,xLuMcYn8Yk0,00011,-2.432249727000075,4.032
train,pretrain,Tu01sNfs5SQ,00009,0,pretrain,AfljJGTVcKE,00006,-2.47549049492902,10.24
train,pretrain,vNpmq6OkSQQ,00002,0,pretrain,N8Votwxx8a0,00017,9.28956866459588,7.36
train,pretrain,NVrpKRdtWwc,00008,0,trainval,6k8YBJ5sgko,50011,9.924614859861613,5.056
train,pretrain,ziGD7vQOwl8,00019,0,pretrain,ErexJkoDhGI,00002,2.5264937559521528,3.072
train,pretrain,6EghiYSs2ts,00030,0,pretrain,6VnKV1sr5VQ,00003,1.5630473964976659,4.032
train,pretrain,jh7TYJHec2s,00019,0,pretrain,A27QjpQSIeo,00009,-2.4046771030599112,4.16
train,pretrain,S4XXhSwYASk,00021,0,pretrain,drXnDLHKKPM,00006,-0.30366825661713825,8.192
train,pretrain,2G0wQfUl9EU,00004,0,pretrain,8gSAkUOElsg,00040,-9.601079241139157,5.568
train,pretrain,gWPFJgLAzu4,00019,0,pretrain,ddrIKWVnyZ4,00005,-8.608778097629063,7.104
train,pretrain,vMeEKBaiPbg,00002,0,pretrain,iISw251TIgw,00025,6.974786230016605,13.888
train,pretrain,jVBp2nDmg7E,00013,0,pretrain,yq3TQoMjXTw,00042,-6.262927077522185,5.888
train,pretrain,eMdh57x1UBQ,00020,0,pretrain,az5vU9CT4CY,00029,3.8215092799706056,7.296
train,pretrain,l5Bbg96VODk,00003,0,pretrain,ltelQ3iKybU,00008,0.38015226944936487,4.48
train,trainval,WpEjt71l08I,50007,0,pretrain,GDnYDLERnRE,00004,-4.4127224686025475,5.312
train,pretrain,YrZThoSoSis,00001,0,pretrain,VSJpBJal3F8,00006,-1.4661564209813012,4.992
train,pretrain,cpsRAk5HpK4,00008,0,pretrain,Rv9SwZWVkOs,00016,0.736350697855757,9.088
train,pretrain,AAkEYcmCCCk,00011,0,pretrain,KQEWc3LVfyc,00019,-5.411197403991535,3.968
train,pretrain,ZJXxySanins,00016,0,trainval,ElJxUVJ8blw,50003,-0.28633375509160075,2.624
train,pretrain,YraU52j3y8s,00004,0,pretrain,NhSTVcNFtVI,00020,6.512658539538737,10.56
train,trainval,9y7YEmyzSDo,50009,0,trainval,KVhWqwnZ1eM,50004,0.2047181255252699,2.56
train,pretrain,RlToQQfSlLA,00008,0,pretrain,F17SKiAZOxg,00011,6.325761602040053,3.712
train,pretrain,j2ax758kW6o,00001,0,pretrain,gjfYohXoiz0,00007,6.764730098255988,3.84
train,trainval,GXySSkBVq1M,50002,0,pretrain,CHxhjDPKfbY,00004,-6.422272017268611,2.368
train,trainval,by3NnWvSCj8,50008,0,pretrain,K2BES6FUAO4,00015,-5.584554936847523,6.08
train,pretrain,6StqiaPoS2U,00017,0,pretrain,1InHN8JPazA,00030,3.089989115129878,3.008
train,pretrain,C74amJRp730,00053,0,trainval,IMTcuU0KLSw,50026,6.0234774737451815,4.48
train,pretrain,maCww8AXIvg,00023,0,pretrain,OwRAFCrsDS8,00009,4.639001371549632,8.0
train,pretrain,dOOtM7ZpAS8,00016,0,pretrain,f8U2GwInI9o,00035,8.58698052428754,5.888
train,pretrain,V7zMFJbBsD0,00005,0,pretrain,nw52e0dfCaA,00002,4.785671038411367,9.856
train,pretrain,lUO0xDSJQVI,00001,0,pretrain,y7l5QHRYSAI,00004,-0.43558854680600945,3.904
train,pretrain,TWPahtyJDsI,00022,0,trainval,VktGgoVvgXo,50003,-6.268895898245113,6.144
train,pretrain,Y81rCiw1LPY,00018,0,pretrain,1cQbMP3I5Sk,00009,3.3195957766170654,7.488
train,pretrain,kYXiegTXsEs,00004,0,pretrain,joyi6anTSFQ,00011,-5.309828839803439,20.8
train,pretrain,z4vmzTZ7qLA,00033,0,pretrain,lSYy6poJ2zs,00012,0.3626762400855661,10.112
train,pretrain,2L4BSVpvx1A,00018,0,pretrain,hz2ONnzRANs,00004,9.709967663888847,3.904
train,pretrain,E7sqRrUoL3U,00007,0,pretrain,8rzlrItooG4,00032,-2.071469505954373,5.12
train,pretrain,cnDEVgxD6QQ,00021,0,trainval,ZhDgwrKSBWQ,50035,8.756594512369084,4.096
train,pretrain,65e2qScVSK8,00023,0,pretrain,Eewvsw027jg,00030,-4.580134129143801,4.288
train,pretrain,gwPoM7lGYHw,00006,0,pretrain,aSGIZBmGOsU,00011,7.9414942069739105,5.12
train,pretrain,LZAi7DlVN2g,00007,0,pretrain,dLHWVTa5xZs,00008,6.192715079053752,12.48
train,pretrain,yOc9mFvusDg,00016,0,pretrain,EEjyPqyFeSs,00040,1.8986378597187663,7.424
train,pretrain,xX1Job6O60E,00003,0,pretrain,PiVB5niLrWg,00033,9.709782089636935,8.0
train,pretrain,goiyLgCzgSI,00019,0,pretrain,H6n3iNh4XLI,00009,-9.959721012304254,3.84
train,pretrain,j51HsRILGKI,00062,0,pretrain,mGS7sGyRjqE,00008,-5.149170145597106,3.456
train,trainval,W8OiVZrAj4c,50019,0,pretrain,YlmZkY1uqXM,00034,7.130134519826665,3.584
train,pretrain,DlGUSNXOdpQ,00013,0,pretrain,wX78iKhInsc,00053,-8.064424047751896,3.136
train,pretrain,HAKea48B3oM,00035,0,pretrain,bHLgTUV0XWI,00023,3.556298774267157,3.776
train,pretrain,rueQgStScw0,00011,0,pretrain,QdAG161FeT8,00004,-7.685623438996972,19.84
train,pretrain,J9PgY1mbPgM,00022,0,pretrain,HcTtoGhn0Dc,00006,-2.679358689423683,5.696
train,pretrain,PFVP8L3SlfQ,00014,0,pretrain,HCJRXoYOoaI,00021,-6.632554226262306,4.736
train,pretrain,YKACzIrog24,00006,0,pretrain,askcLEVCTko,00023,-6.103430044330141,3.968
train,pretrain,STdSfeMDeI4,00021,0,pretrain,AyWtIwwEgS0,00032,8.595563518291243,5.888
train,trainval,2Yt6rajSS1M,50005,0,pretrain,tkIgSSxPzTA,00013,8.355502478440485,3.008
train,pretrain,mgBsSW5CFnw,00020,0,pretrain,csnxJFQw98k,00024,-4.315486153852128,3.84
train,trainval,ydKcaIE6O1k,50001,0,pretrain,u1SdYypojbE,00026,-2.1428879125148814,3.776
train,pretrain,8S66QUJk3w4,00010,0,pretrain,sAQfzHBpRsc,00006,-9.014632044222804,3.776
train,pretrain,BRETz2FSheQ,00013,0,pretrain,vpTHi7O66pI,00018,3.3432763397512346,2.56
train,pretrain,7s2CoqypMLg,00008,0,trainval,S47ZRF02Cyo,50010,-2.1361417894361434,3.136
train,pretrain,9X68dm92HVI,00001,0,pretrain,IdW9UYlxlVY,00014,-1.328212988962994,26.496
train,pretrain,ym6OYelD5fA,00027,0,pretrain,PTUcj45juXg,00017,5.907806272492177,7.104
train,pretrain,7Z9xCX4ifJo,00010,0,pretrain,pNttjJUtkA4,00041,-0.7780969281211938,4.096
train,pretrain,NhYnouvrGS8,00030,0,trainval,AhKevstJyrc,50003,8.583771563987252,3.072
train,pretrain,ZK3S2rCHmPA,00008,0,pretrain,MvojSku8zk0,00014,-1.1588412912008934,5.056
train,trainval,4fyvDMFriRI,50014,0,trainval,zIwLWfaAgS8,50019,6.237437730341906,2.048
train,pretrain,MS4x6G0zzeg,00019,0,pretrain,K5wCfYujRdE,00060,-9.980151655298357,5.44
train,pretrain,SwaBFUgSoT8,00003,0,pretrain,fBQnQTkhsq4,00010,3.439144357519732,5.76
train,pretrain,rokPqHc9iD0,00007,0,trainval,eS44GSkE8lE,50004,4.342972513408663,4.608
train,pretrain,8s3bdVxuFBs,00007,0,pretrain,xY7kVVS2HVY,00033,-1.020108696246627,5.568
train,pretrain,lYdk1NK9Sr0,00036,0,pretrain,U5SyBjKKicA,00021,1.6954495690837863,10.176
train,pretrain,7A66iZQXNh4,00009,0,pretrain,0S3YDofSvGs,00014,0.0018649795026508542,3.84
train,pretrain,eLrBw8BKOWI,00003,0,pretrain,1sE96vd8W40,00020,0.9117126741324242,6.4
train,pretrain,QS0p8ZpBq04,00002,0,trainval,S74wSYuesOI,50014,-2.75993566528226,5.184
train,trainval,ElJxUVJ8blw,50015,0,pretrain,5PhNVxr7Vtw,00003,4.826619694206247,3.776
train,pretrain,2tcEgqTWbxQ,00015,0,trainval,ueOqYebVhtc,50006,-9.981506200806331,3.008
train,trainval,XMSQKG70a5s,50023,0,pretrain,ygKNRnz7q5o,00015,6.329599902249047,5.888
train,pretrain,zMWYQRKuc5M,00008,0,pretrain,TuD3IerTOms,00029,-7.677425050163071,7.296
train,pretrain,s9jsZPeqFCw,00016,0,pretrain,2wseM6wWd74,00005,-4.193290050906855,7.424
train,pretrain,Ctz4E2ARkCg,00028,0,pretrain,0MD4Ymjyc2I,00057,-4.256542768102472,7.616
train,trainval,n3qA8DNc2Ss,50001,0,pretrain,sFNmulAb4wM,00018,-6.177055537465463,6.208
train,pretrain,BURbLmQL1BE,00027,0,pretrain,9bbX13SfsBw,00010,-7.038224266690389,3.776
train,pretrain,fJ36gCwKVec,00014,0,trainval,RjyxIsE3V2g,50002,3.7499279326747352,2.048
train,pretrain,5vXRgT6egSU,00030,0,pretrain,txJGm6zhiBA,00014,-3.516245298405554,9.024
train,pretrain,cZ7LzE3u7Bw,00001,0,pretrain,aUBawr1hUwo,00042,-3.326033626115599,18.816
train,trainval,8Ug1MnU6LKw,50030,0,pretrain,vR8msiSohZM,00002,-1.2286124520564812,2.048
train,pretrain,8m5Ebx6nuGE,00045,0,pretrain,UoruUSrndBA,00005,-0.8233217154634058,8.896
train,pretrain,tUAepQYyMY4,00027,0,trainval,ZcFRfJb2ONk,50004,-6.311297145907382,2.688
train,pretrain,SpUtz75lNaw,00006,0,pretrain,ivfJJh9y1UI,00036,-1.3496056904525275,2.688
train,pretrain,3NdSVi38RM8,00026,0,pretrain,pNttjJUtkA4,00044,-6.516599892383718,5.952
train,pretrain,lrZ2DJzbYYo,00021,0,pretrain,SgKCzdT60Uo,00011,6.173468373178938,7.552
train,pretrain,Diuv3XZQXyc,00008,0,pretrain,Qj4xf3U8dh8,00020,8.885732381694151,7.36
train,pretrain,ZFpbkCSHimY,00005,0,pretrain,2xs8qmk0OPc,00013,-5.118544520911463,5.44
train,pretrain,aFDKHFsVRnY,00006,0,trainval,sK4rgGgqzmY,50001,-2.3685895873004466,2.368
train,trainval,zG21nyJNBSA,50001,0,pretrain,r9LelXa3USI,00019,6.023096227277346,2.56
train,pretrain,B4xOFsygwr4,00042,0,pretrain,nzj7Wg4DAbs,00035,4.263739988654054,10.176
train,pretrain,p2MEGk5q1WI,00019,0,pretrain,JiwZQNYlGQI,00040,3.1099758486058615,4.096
train,pretrain,ZHOyfyGwpes,00050,0,pretrain,5l4cA8zSreQ,00004,6.705895626620784,3.904
train,pretrain,uYaF8pSTNSU,00057,0,pretrain,WxUf326kZ1I,00009,-5.409035773170792,7.36
train,pretrain,1YO1FmVAPrA,00018,0,pretrain,y1yK36RMyRE,00011,-4.798004963538385,8.896
train,pretrain,eUznJ3LtvGc,00044,0,trainval,ro1Ksq5DihU,50007,4.6561251681811555,5.76
train,pretrain,VPxEde3Q1F0,00006,0,pretrain,sYySLEdYr8A,00037,-1.5546340705619208,12.096
train,pretrain,GDnYDLERnRE,00017,0,pretrain,iUbfRzxNy20,00010,7.878781901187384,16.64
train,pretrain,mKPmlliPL0U,00004,0,pretrain,RjyxIsE3V2g,00019,6.848144287475865,8.192
train,trainval,2SlbsnaSNNM,50005,0,pretrain,IU1i2IlkLbU,00008,-0.5107366104445816,3.648
train,trainval,aSLSiIskEFU,50023,0,pretrain,rMeIzXvYaYI,00018,8.417551848581933,3.072
train,pretrain,Kxg0SEpOcWs,00013,0,pretrain,vtjbyBUYYzY,00012,7.752922607497503,7.168
train,pretrain,sDfhSIKFGz0,00009,0,trainval,AhKevstJyrc,50003,-8.863603784053424,3.072
train,trainval,uXlSmKZ7aSc,50014,0,pretrain,DZT6YpCsapg,00055,-0.2815003316773197,3.392
train,pretrain,wZ2TF8SPGQ4,00013,0,pretrain,aSLSiIskEFU,00045,-0.7896939641174612,12.608
train,pretrain,z8UevNKDFKU,00001,0,pretrain,mYQx5n5SRVQ,00006,1.7526631174949276,4.16
train,trainval,vMwPTI54rqQ,50006,0,pretrain,itnoDEL5QjQ,00009,-8.246792606398978,2.304
train,pretrain,PcQwHHbjZ0A,00036,0,trainval,289ZxBZdKvY,50005,8.50271639964911,5.632
train,pretrain,njESlZa2b10,00015,0,trainval,Q0Uo05JoZQo,50019,-3.227052060473037,4.16
train,pretrain,BpxVIwCbBK0,00006,0,pretrain,CBJMFvcR8PQ,00014,-5.371886861521427,6.656
train,pretrain,2BOTS9GAjc4,00021,0,pretrain,MKKGS38vCO8,00034,-7.819675371702042,3.776
train,trainval,OWq7ToR2U8Q,50008,0,pretrain,L7CqpVQDL0E,00003,8.271475145494634,6.08
train,pretrain,MoSmgcxGYYE,00074,0,pretrain,lfBpsV1Hwqs,00019,-2.8373820791330084,3.328
train,trainval,J45cWdDEbm0,50002,0,pretrain,B5MkpzMAOZM,00023,-7.750742572986344,4.416
train,pretrain,MKKGS38vCO8,00017,0,pretrain,PCupHgKGCcY,00019,-2.0116593414456485,4.736
train,pretrain,7hFy02TSH4U,00001,0,pretrain,5WI6ZqCUNk0,00011,6.163280125050548,5.888
train,pretrain,U7y4GlmwPLQ,00036,0,pretrain,SZSul0GzzM4,00027,-6.454115040086523,4.608
train,pretrain,tsFKSfItBoE,00019,0,trainval,iEySxTbcr2A,50004,1.0427818967579618,2.624
train,pretrain,QPiaadMporw,00013,0,pretrain,C9CKRd2jScg,00002,-3.0238132505649347,3.712
train,pretrain,gyPoqFcvt9w,00042,0,pretrain,YuEm03Ko0J8,00025,2.301347706716113,10.816
train,pretrain,icI94blMKIc,00005,0,pretrain,j51HsRILGKI,00007,-9.445763334031017,3.712
train,pretrain,MDL85fzdc1g,00037,0,pretrain,2ZviHInGBJQ,00009,0.8500485434960563,6.016
train,pretrain,PrZwUTdFmis,00002,0,pretrain,F1U26PLiXjM,00012,-9.016610645216574,5.376
train,pretrain,nVEvzeIXbpk,00004,0,pretrain,nw6u3fk88pY,00004,5.057265622284035,20.992
train,pretrain,5TKRSIKtaCg,00007,0,pretrain,nO69NjadSec,00016,-6.7929343531644175,3.328
train,pretrain,DJGreSgaOTc,00006,0,trainval,eHlu6ViSwxo,50003,-0.5257099972428705,5.76
train,pretrain,mk3KSVrveSE,00024,0,trainval,jqWHy6B0ADA,50008,0.6797524539451079,2.24
train,pretrain,ZBrbHy7l3tg,00009,0,trainval,rYwTA5RA9eU,50016,3.256104299855904,2.112
train,pretrain,o3VwYIazybI,00002,0,pretrain,i2a8pDbCabg,00003,5.4701978354628515,10.24
train,trainval,V1qHNrQQHZI,50005,0,pretrain,1IxIDGyISzk,00013,4.43491512520283,3.52
train,pretrain,bhgonb4EqXI,00002,0,pretrain,CXvUdCdKTJY,00032,5.057674739368462,2.752
train,pretrain,eHzLV1LM4Rs,00005,0,pretrain,jR4jbI3Ds9A,00002,1.0011539729622498,5.568
train,pretrain,sa0RUmGTCYY,00001,0,pretrain,uYaF8pSTNSU,00025,-7.500079275343083,6.976
train,pretrain,weCFbknwZa8,00007,0,pretrain,VGUnvr6ImOo,00031,0.8863736522467747,8.32
train,pretrain,CEN4XNth61o,00005,0,pretrain,A71OktxTPac,00011,5.067159918072022,4.48
train,pretrain,tJ54irRmdC0,00016,0,pretrain,p9UC0chfXcg,00028,-0.43495408975989314,9.088
train,pretrain,9YeQi5Zqy1I,00027,0,pretrain,HSmKRshF1SA,00012,-3.116155362071864,6.528
train,pretrain,ww4kNxYE0c4,00001,0,pretrain,jsjItmQfgUk,00003,-6.65507685458389,4.8
train,trainval,MPMr5jPwA7I,50004,0,pretrain,JNt1k3ohkbs,00003,-1.0679917068494618,2.048
train,pretrain,JqokS3P1D9o,00023,0,pretrain,2SEv4rU27HY,00017,2.5523011301116725,7.936
train,pretrain,xY7kVVS2HVY,00023,0,pretrain,OAK1UIbSFio,00062,-5.007481031007437,7.36
train,trainval,qgv8VoyJ3wA,50001,0,pretrain,PYjWLqEScfE,00019,-6.765929139488058,5.76
train,trainval,ciStnd9Y2ak,50015,0,pretrain,Tu01sNfs5SQ,00038,-0.30525572954017477,4.16
train,pretrain,34a7UEzZdsA,00049,0,pretrain,eGoSdLNceEk,00033,-6.355538356983262,4.096
train,pretrain,IRxgDMSp9Gs,00020,0,pretrain,wsIrdxDJpSQ,00013,7.055579126838765,13.696
train,pretrain,r9Zz4hYuGdw,00016,0,pretrain,GlUS6KE67Vs,00008,2.3043064674720526,8.0
train,pretrain,DGvPfD1Dd1U,00033,0,trainval,HNOnvp5t7Do,50007,8.750418862714046,4.096
train,trainval,vbHkhSfaQu8,50002,0,pretrain,mbbMLOZjUYI,00034,-7.83981553911498,3.776
train,pretrain,7wJTgUCxnKA,00028,0,pretrain,k5tCYg9s0HU,00013,-5.157031851326557,5.312
train,pretrain,SZSc5UCSZS0,00007,0,trainval,Wh9O3SciOYs,50001,-9.420360125198963,4.48
train,pretrain,qGSYmIPFO68,00038,0,pretrain,7icexlbjQnE,00001,-0.446106815270884,3.84
train,pretrain,DSbtkLA3GrY,00016,0,pretrain,eJZSzNuKX7c,00021,-5.7165412503534085,4.224
train,pretrain,XO1MeSMYSQ0,00020,0,pretrain,yVwAodrjZMY,00007,7.9163181588422304,2.88
train,pretrain,nvSSeGObF4w,00001,0,pretrain,B12syeJflbQ,00031,-8.538416932080075,6.528
train,trainval,pi9SMFWTzXw,50002,0,pretrain,dwU8eavPInw,00080,-7.792177755711944,3.968
train,trainval,5qdZybHSLnI,50012,0,pretrain,fbeFn1Xcqo4,00056,6.849984346179138,6.144
train,pretrain,7SjWguOXVwE,00009,0,pretrain,CK5w3wh4GSM,00019,6.420183318781479,5.696
train,pretrain,l2oywAEJ9hE,00008,0,pretrain,uRdQS2sjF2s,00011,-4.6552410920050065,8.448
train,pretrain,2SIk5ofBKco,00008,0,trainval,jSOPQgPIdKg,50006,-6.064754780470452,4.096
train,trainval,K5PEJPSwt0k,50005,0,pretrain,uSTmKo75gJI,00007,1.1654356038300584,2.88
train,pretrain,shqLZyONA0M,00019,0,pretrain,hCop3IGZH2o,00004,3.373129130786001,6.272
train,pretrain,dQijrruP9c4,00038,0,pretrain,eLrBw8BKOWI,00012,-2.7844873123413993,11.072
train,trainval,cWcVPpxezE0,50031,0,pretrain,jpRqbP9Nv9k,00027,8.047955273001111,4.48
train,pretrain,tbvUCrS5S5I,00010,0,pretrain,MiOVX7qKQ24,00021,-4.801172349268292,12.608
train,pretrain,ouXGIw7gBmk,00040,0,pretrain,tsFKSfItBoE,00005,9.131634249924804,7.488
train,pretrain,BEcyzAcFFwU,00005,0,pretrain,r3L9n20myqk,00017,-4.387035921773577,18.496
train,trainval,0ZOqbO2jIKg,50006,0,trainval,DkyMCCnNI3Q,50009,2.29168118647177,3.2
train,pretrain,ZChEFOGSn8Q,00009,0,trainval,a17Z5Sk2XJY,50011,-1.5683019439381045,6.208
train,pretrain,O4bGOvkkHcM,00001,0,pretrain,0JGarsZE1rk,00009,2.8235303982829123,8.896
train,pretrain,XGq3MXQlRJs,00030,0,pretrain,fIXnJycnkaQ,00010,3.70889986446587,9.664
train,pretrain,MBZyRlxVdSE,00019,0,pretrain,mj0CWrSB7E8,00010,2.1734360848588956,20.288
train,pretrain,KyamsZXXF2w,00021,0,pretrain,iNOE0dZpHcY,00018,-2.667719875886023,6.72
train,pretrain,BsVzjd5HS9Y,00013,0,pretrain,4Z75ASJMBx4,00025,7.783675462760218,4.8
train,trainval,0YeVt2kpSSo,50006,0,pretrain,uEkgM9P2C5U,00032,2.7551059833244302,4.48
train,pretrain,ATISgVUKetI,00014,0,trainval,HQIi3nUXh0g,50031,-4.120080425260273,3.712
train,pretrain,ANFQPEkczYc,00016,0,pretrain,xAXUqSQc8DI,00004,5.49166140787414,3.52
train,trainval,ESNiCniw0JE,50007,0,pretrain,ZbYDSIe5jsI,00004,7.409253726736328,5.568
train,pretrain,VGpZ06RlVfI,00013,0,pretrain,fVhggGSjXVg,00016,-8.856939363781912,4.544
train,pretrain,u1K6hnm09xs,00006,0,pretrain,seARHjX8Ssg,00016,2.30946094906688,5.056
train,pretrain,Cj04JUBXe2E,00004,0,pretrain,Tu01sNfs5SQ,00020,-2.3132196368008717,7.104
train,pretrain,DBoShCrKfLQ,00019,0,pretrain,6tpsSu5O0Ws,00012,4.797822456291174,10.176
train,pretrain,IXBalykzauE,00038,0,pretrain,C8zY0oAdQrs,00039,-8.743733505506476,5.76
train,pretrain,CfqO1U6lfDs,00002,0,pretrain,5ftklsHZ4cU,00006,-4.7530514082422854,4.864
train,pretrain,7SfQLQ7eyA8,00038,0,pretrain,lwcvhh4pLjE,00026,5.448494794764686,3.776
train,pretrain,nncYSMA1Iu8,00004,0,pretrain,St7SxHszKws,00029,-3.6050551192552494,2.688
train,trainval,qx6KKSeT4qw,50008,0,pretrain,unSnvLgyf3o,00010,8.069890209698269,6.08
train,pretrain,mLSFzBUAHuQ,00004,0,pretrain,r8WPIZJOJuk,00004,7.06317650197396,12.288
train,pretrain,0SFkPxScSM4,00011,0,trainval,mA1vshSuyQU,50014,6.816105425770914,4.16
train,pretrain,ty5QtslaAHM,00023,0,pretrain,GDnYDLERnRE,00010,-6.574859420244962,14.848
train,pretrain,goYIHXKvwLk,00001,0,pretrain,uM1Ygy0tSp0,00009,-0.16959450622411332,6.272
train,pretrain,Rs5CDLgjSsI,00022,0,trainval,p49rv25dx0g,50008,5.101528963931724,4.8
train,pretrain,cnDEVgxD6QQ,00007,0,trainval,jobYTQTgeUE,50026,1.5415517941595738,6.208
train,pretrain,7Xnty9zSCrA,00002,0,pretrain,6iFCm5ZokBI,00005,-5.687639485417795,9.536
train,pretrain,cSsxBTNF2U8,00014,0,pretrain,RoS2q3pSrq4,00016,5.225645495743434,6.336
train,pretrain,7sqeoYOQ4qg,00024,0,pretrain,CTEhgUmSrro,00018,-1.912561192923686,9.6
train,pretrain,ovV7v2XYJAI,00024,0,pretrain,qGSYmIPFO68,00014,2.521179058170569,4.224
train,pretrain,J45cWdDEbm0,00014,0,pretrain,iq5lXSj6Prg,00003,-9.376775088668609,3.84
train,pretrain,RSl1ramE35s,00038,0,pretrain,MO0LSLY2hRA,00009,-3.911733814167624,8.896
train,pretrain,8QuAokSXiyg,00002,0,pretrain,iSRWMLMBkqk,00017,-3.8530245752375496,8.768
train,pretrain,5UH7uTpTa44,00023,0,pretrain,xnovQVRHj5c,00016,7.9031011144639685,10.944
train,pretrain,cWYcXhMhJF4,00002,0,pretrain,LJhklPJz9U8,00001,-4.834452083270873,3.84
train,pretrain,zLNXIXingyU,00010,0,pretrain,HSpqhMO3ZSY,00017,-6.452807743390951,4.864
train,pretrain,iSicXZ2tMRM,00016,0,trainval,wgPLGS1BvQo,50001,-1.9337198083038576,2.048
train,trainval,ZcFRfJb2ONk,50004,0,pretrain,UDXtFbSmBAg,00014,9.919005805112427,2.688
train,pretrain,dsfROmgVN5U,00009,0,pretrain,bwMUQEMOP6w,00003,-0.7024233835195748,3.84
train,pretrain,SYpHNImNsx8,00028,0,pretrain,05jJodDVJRQ,00021,8.369646391986851,5.888
train,pretrain,az5vU9CT4CY,00006,0,pretrain,hcIpbUsIVKw,00011,5.454655786957115,19.648
train,pretrain,56WGgJNBRxQ,00047,0,trainval,C6mNITMY7e0,50009,-2.277845164890766,2.56
train,trainval,dRic5yJC8UY,50010,0,pretrain,2zvjW9arAZ0,00033,9.61792233362544,6.144
train,pretrain,MnT1xgZgkpk,00015,0,pretrain,2dbNRGiqaaM,00001,-5.077387883915856,7.936
train,pretrain,qH4GAXXH29s,00035,0,pretrain,BUhksjVTbEk,00016,8.70810360129293,4.352
train,pretrain,VbeovM4RCh4,00005,0,pretrain,Br1AIvMrvAE,00008,2.7327395150300493,7.808
train,pretrain,YMyofREc5Jk,00013,0,pretrain,2g9GedPylM8,00020,-8.02381955178757,5.504
train,pretrain,uDIyxxayNig,00023,0,pretrain,7JVTirBEfho,00017,4.787793710987087,14.208
train,pretrain,xAgawjzimjc,00004,0,pretrain,y9ALB39wRKo,00002,-3.954090657202878,2.816
train,trainval,QBDShp6U7tU,50004,0,pretrain,SPSq3cW672s,00001,1.0363041872404093,4.416
train,pretrain,0jmST6bSUoc,00002,0,pretrain,by3NnWvSCj8,00025,-2.9316573096205794,11.904
train,trainval,m45SshJqOP4,50007,0,pretrain,qKlzdSH2X9w,00029,6.988275991463222,4.544
train,pretrain,jkEgngW766Y,00006,0,pretrain,JRHzQG0aI8w,00017,-5.769135094785602,3.328
train,pretrain,eG2X0WRrb88,00002,0,pretrain,ZUGOaSux6pU,00011,-1.2781896252196923,12.288
train,pretrain,cF2dhWWUyQ4,00023,0,trainval,1S9RVl1dSl4,50004,-0.7975208971609131,5.056
train,pretrain,qH4GAXXH29s,00030,0,trainval,UJ7QaCFbizo,50009,-8.166989761848226,6.208
train,trainval,weCFbknwZa8,50004,0,pretrain,qS7zAkwAOYg,00018,-7.2808726015963465,5.824
train,pretrain,mulbSSAULSo,00002,0,pretrain,jE1j5Om7g0U,00002,8.419402095350584,20.736
train,trainval,8cwWSS29faQ,50002,0,pretrain,j3YjeARuilI,00002,-6.920298549108958,3.264
train,pretrain,SJmnB54WRgk,00002,0,pretrain,YzhSmnGcSkE,00003,-2.9611793137639424,11.392
train,pretrain,3UaOl8SYHes,00001,0,pretrain,vNpmq6OkSQQ,00031,1.6870238912769828,3.776
train,pretrain,CwpvSWtUP3o,00003,0,pretrain,hvJ4KlVlqV8,00013,7.797344854957299,4.608
train,pretrain,rEgSZNB3qyI,00014,0,pretrain,Kk7kzUt3SLc,00031,-5.075356047529875,3.84
train,pretrain,2S0aEezKvBE,00008,0,pretrain,LSdPxGLesE4,00045,-8.354044415195023,3.776
train,pretrain,T9nFC6dkRxU,00010,0,pretrain,S8bJ3YlgL1Q,00002,-7.2011784532280405,10.88
train,pretrain,anmktfGYw8k,00019,0,trainval,QJ28IC63hlI,50001,-8.496212976838333,6.08
train,pretrain,iP9QFSlBOyA,00024,0,pretrain,6SdtkXAQq3k,00006,6.659865540113824,12.096
train,pretrain,b1sQZxrBMXk,00026,0,pretrain,kiDfwUQySEs,00025,0.03891976658758978,4.096
train,pretrain,pLqjQ55tzSU,00005,0,pretrain,XGq3MXQlRJs,00008,8.697954166073202,17.216
train,pretrain,GtXyGFMBWBs,00035,0,pretrain,Xv2gHiX9Bqw,00019,-5.224783589560518,11.136
train,pretrain,DUd8XAS5HEk,00026,0,trainval,FPhZGDS6kVQ,50006,-1.093223671248186,4.48
train,pretrain,5cQoGNEcc5Q,00012,0,pretrain,7FecGsXFgcQ,00005,-2.1520761402021016,5.632
train,pretrain,1TYPldG99dk,00014,0,pretrain,LHd0vXDglb8,00003,8.141474360216513,7.168
train,trainval,dsT5eVSm7BA,50009,0,pretrain,UTwRlz13NYI,00017,-6.597460615560131,3.008
train,pretrain,haA6QtH0PIc,00011,0,trainval,5J6jAC6XxAI,50002,-4.926693604995618,3.904
train,trainval,H8Pr9Jnulxk,50009,0,trainval,jpuDyGgIeh0,50008,6.273559290573957,5.568
train,pretrain,xtRIvS65M4k,00002,0,pretrain,SvSSb7cJn2A,00004,9.45403119744704,6.4
train,pretrain,tRqVPRwKn2o,00033,0,pretrain,70uaS1e9YN0,00028,-0.7688659157232021,3.904
train,pretrain,fIXnJycnkaQ,00006,0,pretrain,saXfavo1OQo,00020,8.527599598343453,8.32
train,pretrain,DG7kSeazMQ4,00054,0,pretrain,y8qc8Aa3weE,00009,8.754939100126549,6.528
train,pretrain,bczm0RsIZUM,00025,0,pretrain,dcwuBo4PvE0,00031,8.849765844567301,4.032
train,pretrain,mArrNRWQEso,00041,0,pretrain,py1RrSdVt5A,00013,-7.248343453605061,4.608
train,pretrain,oVw7HSe9Igo,00004,0,pretrain,QHIocNOHd7A,00026,3.4070962982393933,23.936
train,pretrain,CFADnhYKDHg,00020,0,pretrain,THJUvXkqmBk,00002,-1.82788852025665,5.568
train,pretrain,raCIUeGUr3s,00020,0,pretrain,lASzdhSbQBo,00020,8.006355507446287,3.456
train,pretrain,Uwl012o8P7I,00006,0,pretrain,PYSkd46RfVE,00014,-8.705100731713454,6.144
train,trainval,4uAAegPkCKo,50004,0,trainval,esugL07XANg,50014,-0.6426569524829269,3.328
train,pretrain,6VnKV1sr5VQ,00011,0,pretrain,BcTOSxcv2So,00019,-8.24328445666179,5.44
train,pretrain,6bVhrpkp0WU,00004,0,pretrain,PcQwHHbjZ0A,00003,6.014856460218713,2.56
train,pretrain,dQijrruP9c4,00022,0,trainval,kSGFq12w5WU,50005,6.897649405836788,2.048
train,trainval,DJGreSgaOTc,50008,0,pretrain,O1j2A6ndEio,00022,-8.657303259005998,2.304
train,pretrain,lyu7v7nWzfo,00011,0,pretrain,TBnNbyi4AN4,00019,-2.9719309211082816,4.928
train,pretrain,UuXeY3S2emA,00016,0,trainval,3NzgEwye6Uk,50009,-1.853908799334329,4.736
train,pretrain,oJfFMoAgbv8,00003,0,pretrain,Ytw0I6ytRto,00009,2.70716315788704,8.32
train,pretrain,VFaQtPw3Va4,00019,0,pretrain,6hFxDLkWNPY,00019,9.15054088279436,3.712
train,pretrain,Nhx1SyXMwCg,00008,0,pretrain,buHSvs7LFzw,00024,8.28115050451261,14.4
train,pretrain,Pro06WQG77M,00008,0,pretrain,D5iFVKhLStU,00013,4.106487360475629,4.8
train,pretrain,M4soSZ9aSu0,00016,0,pretrain,pj2YxCAnqx0,00032,-7.368920441408999,4.544
train,pretrain,SYwvyjIDk80,00009,0,trainval,ZhDgwrKSBWQ,50017,-7.721176807869381,2.176
train,pretrain,USmTQeKRaP4,00018,0,pretrain,bCjfy8Z7dv8,00036,1.6308218626351039,10.56
train,pretrain,HB2SlA68YDU,00020,0,pretrain,vhfcedpoCLo,00010,-5.943754687540704,13.248
train,pretrain,TH9CqtMzxG0,00010,0,pretrain,EZwxKPv1CwA,00008,-9.382300184319337,18.304
train,trainval,wPFA8n7goio,50001,0,pretrain,5XD2kNopsUs,00017,5.444166216754635,2.88
train,pretrain,HWsehvUkISc,00003,0,pretrain,oIGBBPspTKM,00079,7.683259657103154,5.056
train,pretrain,q1sk47FLAmg,00006,0,pretrain,VLe84OkwKOA,00021,-5.957008317274129,10.56
train,pretrain,fIqABIcKIvs,00019,0,pretrain,0C5UQbWzwg8,00021,-0.03829987256452938,10.176
train,pretrain,IKZCw4xdESQ,00019,0,pretrain,jZxLsDkvkVQ,00011,2.6964153156496007,7.36
train,pretrain,FrgzvykPILc,00018,0,pretrain,a3im2S5mQCM,00013,-2.3812496684440365,7.744
train,pretrain,49aWAHqi200,00009,0,pretrain,aSGIZBmGOsU,00008,3.924344574321161,13.056
train,trainval,5XD2kNopsUs,50016,0,pretrain,3lxyiS3CGrk,00009,-5.809674047241444,4.288
train,pretrain,qrNDkRHAA4E,00009,0,pretrain,C2SVEM19NHA,00008,6.750395587026933,5.568
train,pretrain,6wk4dkYSrV0,00011,0,pretrain,kLIfeGflNp8,00018,1.3223921863982433,13.248
train,pretrain,u9Lu85L111Y,00061,0,pretrain,lzSkIDxbzGA,00003,6.028600321707433,8.064
train,pretrain,ooIxHVXgLbc,00049,0,pretrain,U8XD0CcNhPU,00010,5.016902944249983,4.16
train,pretrain,T2jwSUhu7ok,00019,0,pretrain,quJdL9ggETI,00023,-3.8140054845136024,9.728
train,pretrain,DlGUSNXOdpQ,00013,0,pretrain,yTR4sADS4qM,00002,4.1532419888757826,5.12
train,pretrain,6tSlMoMNSlY,00004,0,pretrain,cF2dhWWUyQ4,00011,1.8867306408602307,6.336
train,pretrain,uTbASmxo858,00005,0,pretrain,QEiWkJbc1Zs,00001,0.6104932758986052,5.056
train,pretrain,Oj8eFu72Sfc,00002,0,trainval,JS8fYhwrYzI,50008,-8.26481702240381,2.112
train,pretrain,8GOFoquSdkI,00001,0,pretrain,8jPQjjsBbIc,00016,8.599052333155718,8.896
train,pretrain,Wn1imxwGscs,00011,0,pretrain,BQOz6OVz1zc,00014,4.426094041555185,8.128
train,pretrain,EszGIvRdgTE,00027,0,pretrain,EEjyPqyFeSs,00004,-8.550139721828385,8.128
train,pretrain,1mUDw0sRZV0,00025,0,pretrain,tbicAmaXYtM,00013,-5.767394555964918,9.28
train,trainval,IshrD4mjnNU,50011,0,pretrain,sHdYaMyR5S8,00042,-0.7958141198529294,6.016
train,pretrain,YWBwsS3lkXU,00020,0,pretrain,ANFQPEkczYc,00032,3.3714847986021184,8.896
train,pretrain,RPjqPHCMJHU,00004,0,trainval,KPN8LHVeFYA,50011,6.38092710256684,2.56
train,pretrain,rTJpJlVkRTA,00007,0,pretrain,no809a9j25w,00020,-4.66501253035865,10.496
train,pretrain,HA7GwKXfJB0,00013,0,trainval,YAV96XSdMQo,50018,0.8380932727665389,2.112
train,pretrain,HjSGqwAFRcc,00006,0,pretrain,eJCTAXbSBWs,00018,0.9759759658610907,7.744
train,pretrain,mKe3QKctaS8,00007,0,pretrain,9IRv3TOjE1I,00007,8.738564030155501,13.44
train,pretrain,3uFbJG6tBpI,00027,0,pretrain,90mj79GqWhc,00020,-3.6479794479730927,11.84
train,pretrain,11Mq9ZuxZMc,00027,0,pretrain,KIKqRFZ3r1I,00017,0.4131420592896191,12.736
train,pretrain,ibMjhQvAmcI,00012,0,pretrain,qKlzdSH2X9w,00011,-7.277137953446062,4.416
train,trainval,JeHqgambbcI,50007,0,pretrain,oD06XPtmLZY,00001,1.6210773212492242,4.544
train,pretrain,imaWSTabxOE,00010,0,pretrain,yvSQiSvuLLM,00002,7.01582350107077,6.784
train,pretrain,Pl8OlkkwRpc,00010,0,pretrain,vbHkhSfaQu8,00016,8.867967124221224,3.776
train,pretrain,sa1iS1MqUy4,00025,0,pretrain,xqPJKtFI42U,00015,2.573080707711828,4.672
train,pretrain,0ZhL7P7w3as,00015,0,pretrain,A9kQBAH1nK4,00008,-7.344715837091885,5.76
train,pretrain,DZT6YpCsapg,00001,0,pretrain,oD06XPtmLZY,00011,5.7599600192907445,4.928
train,pretrain,iSpwUpdQdyY,00062,0,pretrain,pSCefSAYqaA,00013,4.588311576540665,3.776
train,pretrain,ogXTSCI7KRU,00022,0,trainval,ayVm441iZfo,50004,9.051508111101594,2.048
train,pretrain,7Y2sjSG4Njg,00012,0,pretrain,3gSSNHO1dDs,00011,8.412586857142038,10.048
train,pretrain,f6nQJoEk7Ko,00014,0,pretrain,6iFCm5ZokBI,00005,-6.795156811335714,6.528
train,pretrain,mkdSXHXhCcw,00049,0,pretrain,BsFxokC02sg,00015,-1.392153372908517,3.52
train,pretrain,PGsQwAu3PzU,00047,0,pretrain,ofsncCF9OSU,00045,-6.583159559954678,4.352
train,pretrain,69szjo8bt14,00007,0,pretrain,5XD2kNopsUs,00046,7.140606724581261,4.032
train,pretrain,tlS3r8Gid90,00010,0,pretrain,KQEWc3LVfyc,00076,6.128249548389796,7.488
train,pretrain,nCwwVjPNloY,00024,0,pretrain,OSGHRMKrVM8,00042,3.09944121730023,8.0
train,pretrain,iF4s75ZPano,00021,0,pretrain,Sid0oc0w3mQ,00003,4.854540738993819,13.568
train,pretrain,V2u6CzpRqts,00002,0,pretrain,iWaZEXBbQL0,00001,-3.0666725634722596,4.608
train,pretrain,xcR1SWhjZys,00017,0,pretrain,BR9dbjubfuU,00013,-2.0346689903657245,3.392
train,pretrain,iFTWM7HV2UI,00019,0,pretrain,Se8kcnUSuZw,00024,5.474267258664881,3.2
train,pretrain,BSiNIZ6zZqY,00015,0,pretrain,XyCY6mjWOPc,00006,5.599651382044735,4.48
train,pretrain,7Mqse6SLOds,00018,0,trainval,olPn5xr0L08,50007,-7.859418916381491,3.136
train,pretrain,F17SKiAZOxg,00002,0,pretrain,4KhnSz9FPmU,00001,-7.466150976537751,5.248
train,pretrain,7jx0dTYUO5E,00013,0,pretrain,AS3Pyc4Qr2Q,00056,-9.250151250707233,7.296
train,trainval,tiWwrdMqvvM,50015,0,pretrain,zpT5kBrZFVw,00003,-9.129869007616456,2.368
train,pretrain,iZRGUADAu2Q,00006,0,pretrain,7s0CpRfyYp8,00025,-3.645294189737056,4.992
train,pretrain,FXYFLK0KZio,00030,0,pretrain,NPSelwWdPa0,00007,0.10577117675406456,7.488
train,pretrain,mSQmfZOVNPw,00013,0,pretrain,HSmKRshF1SA,00005,-4.429702189908051,10.176
train,trainval,4SkoG9FWP4w,50003,0,pretrain,BISCnsKyOuk,00034,5.963746419970704,6.08
train,pretrain,694XUHVuGQo,00009,0,pretrain,VL5zqmpiJlQ,00018,3.832079738582232,5.568
train,pretrain,KSzkPSW4Hik,00023,0,pretrain,fbU9l46Lz7c,00014,-3.9071154317787666,4.544
train,pretrain,1X8b7mXImVM,00018,0,pretrain,jqWHy6B0ADA,00025,-0.8317480868907694,9.92
train,pretrain,qtcWebAYmKY,00007,0,pretrain,5SOHiN8Ne58,00017,3.4152633663075154,3.776
train,pretrain,7H0USvVSfhU,00023,0,pretrain,a19lSbFPRqY,00007,-1.0898852047442489,4.48
train,pretrain,e450FJaS3no,00004,0,pretrain,aiDSQyFdd68,00001,3.2415987950726066,16.256
train,pretrain,p2MEGk5q1WI,00058,0,pretrain,EvEj5zAJriw,00023,-5.551715723398878,5.504
train,pretrain,n3qA8DNc2Ss,00033,0,pretrain,R1vskiVDwl4,00004,4.290425401388971,6.528
train,pretrain,mymMye4purU,00004,0,pretrain,B1dkma6GRZo,00008,3.732525506477156,5.824
train,pretrain,aFBIPOSP7LM,00006,0,pretrain,HJqtUUDhaxA,00012,-8.806338478478352,27.136
train,pretrain,TBnNbyi4AN4,00020,0,pretrain,tbicAmaXYtM,00036,-1.7737744971792893,7.232
train,pretrain,mwzBJF5Q7Vw,00024,0,pretrain,rGaj2VImQec,00018,9.544307740410275,5.056
train,trainval,hVsnkRoYfX0,50013,0,pretrain,btF6nKHo2i0,00075,-2.4971550274071364,5.888
train,pretrain,yioZhHe1i5M,00006,0,pretrain,CrsdoIOGCRw,00043,4.77855978501182,4.672
train,pretrain,H03o2WCBoDU,00011,0,pretrain,IW8mHxAkOtA,00020,-4.647329544955916,10.368
train,trainval,h0dSQDgl3gI,50003,0,pretrain,k4N2SxUZwiU,00007,-9.256158216435566,3.456
train,pretrain,8pHzROP1DSw,00001,0,pretrain,DFjIi2hxxf0,00001,-9.032320071254116,4.48
train,pretrain,qAYqK9lAxic,00011,0,trainval,p4tffKWs3BM,50018,-1.4228381531610808,3.904
train,pretrain,d1D2SGSBhlA,00004,0,pretrain,2Oe6HUgrRlQ,00005,9.13006186773493,28.48
train,pretrain,tlS3r8Gid90,00008,0,pretrain,ScGSlv9dCeY,00021,-1.016846039480745,5.12
train,trainval,r9DDE7NV1Nw,50017,0,pretrain,Znc6TJAAXFU,00005,0.004607482382661843,6.016
train,pretrain,ueOqYebVhtc,00009,0,trainval,RGRlkq4Xl1s,50003,-4.338696766753564,4.288
train,pretrain,HtSRNn0kSSw,00005,0,pretrain,J45cWdDEbm0,00015,-0.9424481223089032,3.84
train,pretrain,8SG4H4sVSW8,00014,0,pretrain,SF242mxtZN8,00021,4.7650785777349824,6.08
train,trainval,2tcEgqTWbxQ,50007,0,pretrain,VcMyX5R4dzs,00010,9.706863239615625,4.16
train,pretrain,SSJkV8IzsZA,00019,0,pretrain,fkPISY2Vg5k,00008,-0.7090297082643087,4.736
train,trainval,P86fZa4xKSw,50018,0,pretrain,PUh5msG0rG8,00004,5.780596804847892,3.456
train,pretrain,xkq8drS5ofs,00012,0,pretrain,av3SCLBU7sI,00009,0.3163095164527814,5.056
train,trainval,2xs8qmk0OPc,50001,0,pretrain,kOPMqiKhoSc,00003,-5.09080811785682,4.16
train,pretrain,k5tCYg9s0HU,00031,0,pretrain,VLe84OkwKOA,00034,3.3216769933248926,7.808
train,pretrain,dgYItsUBW1M,00009,0,pretrain,1mUDw0sRZV0,00022,-3.486377146201667,5.248
train,pretrain,JrqgyAoS6oI,00015,0,pretrain,5FjuSwOaV3Y,00005,-0.33763805226463894,9.152
train,pretrain,HH3m1OSiOT0,00030,0,pretrain,cnDEVgxD6QQ,00019,9.582499797114988,8.96
train,pretrain,xyIQFI865Sw,00020,0,pretrain,yTR4sADS4qM,00003,4.302022756642938,9.152
train,pretrain,USmTQeKRaP4,00005,0,trainval,4YS3gGpnPe8,50004,7.287502595139646,2.048
train,trainval,2KSP7HvSZwg,50003,0,pretrain,f6nQJoEk7Ko,00018,-6.768902378004191,2.24
train,pretrain,w32u2NwCve0,00002,0,pretrain,aTfwA1TaH3Q,00001,-3.778691962324549,4.096
train,pretrain,IyYgvo2ZJtw,00009,0,pretrain,aiIxdFBA0Sw,00031,-9.594551316835284,5.888
train,pretrain,1oNlTrLIjU4,00006,0,pretrain,n4YcornnWFI,00007,4.057861866412258,8.896
train,pretrain,nwZkoAeOzuo,00025,0,pretrain,cF2dhWWUyQ4,00011,-1.6859996303650142,11.136
train,trainval,4GKTEDqbQIw,50028,0,pretrain,5AN5fPFtV0U,00047,-3.4237422257129406,6.208
train,pretrain,sY0PfSpfqCI,00024,0,pretrain,dLHWVTa5xZs,00001,-0.6665875002937245,9.792
train,trainval,pGSQG0IyNTo,50002,0,pretrain,lYdk1NK9Sr0,00017,4.208974730538843,3.008
train,pretrain,J8xfuCcXZu8,00004,0,pretrain,a5xR4QB1ADw,00017,-8.065847026074449,14.4
train,pretrain,RxqyO5hafdk,00024,0,pretrain,XPa1RE59wpg,00005,-6.090145778638201,11.456
train,pretrain,xDe346z233Y,00026,0,pretrain,eMVWSUeeg8A,00006,5.377362895395946,6.016
train,pretrain,cMhPOiuDzBc,00022,0,pretrain,N8Votwxx8a0,00012,3.1545860166086257,12.736
train,pretrain,j12BBcKSgEQ,00012,0,pretrain,FuSkBWSKSms,00004,-2.0733781390871737,4.608
train,pretrain,WCj82W7XkjI,00047,0,pretrain,AFRmGkdXkxA,00007,-6.496285472067493,5.632
train,pretrain,bXRCVHVstEY,00023,0,trainval,druJDI6hiiY,50010,-3.9308933356325593,4.544
train,pretrain,y2yka9lyvMA,00023,0,pretrain,AA1BT0tfihw,00005,8.09354115265791,5.44
train,pretrain,A47JaOMDH4c,00013,0,pretrain,s6rJLXq1Re0,00006,-1.4137017698440246,3.52
train,trainval,kSxhDZaLyVQ,50003,0,pretrain,q7rz3v588bQ,00002,-5.8597012589032005,3.2
train,pretrain,apbSsILLh28,00003,0,pretrain,1BHOflzxPjI,00019,5.5508994981071975,7.168
train,trainval,Qhomjw2PSV0,50003,0,pretrain,weCFbknwZa8,00024,2.1940947944307005,5.888
train,pretrain,gto6w0a13B0,00029,0,pretrain,hBtXiTumdY0,00005,5.624197698555463,8.64
train,pretrain,tj2jeYqfLuA,00022,0,pretrain,erCApSBd0AQ,00006,-5.151424266795306,6.4
train,pretrain,d0a0eXJ5TJM,00005,0,pretrain,2dRlssVF7fc,00008,-8.014516513340684,7.936
train,pretrain,nC06omDS0kA,00006,0,pretrain,RlToQQfSlLA,00016,2.8186659966961116,5.952
train,pretrain,bClWV3eeETA,00005,0,trainval,7Xmr87nsl74,50007,7.701203735078362,2.176
train,pretrain,dcySuzHPCWM,00024,0,pretrain,c2tDEZjPJYY,00002,-1.1490430201117086,3.456
train,pretrain,9X68dm92HVI,00015,0,pretrain,jJMBwqhD9DE,00023,-4.680517062593285,10.176
train,trainval,bGBamfWasNQ,50007,0,trainval,IHyR7p6Shn0,50048,4.744103923012526,4.096
train,pretrain,VJRBx0JjMSM,00009,0,trainval,58eTdyeVwbA,50010,9.220239912668262,6.016
train,pretrain,xpnFeyMGUs8,00008,0,pretrain,DqbM1ZrpTQg,00012,-0.9014109737541922,3.648
train,pretrain,PwBgcjDVxxE,00006,0,pretrain,73jPh0eRPSY,00014,0.035044198684897054,3.008
train,pretrain,ALryABSAYiA,00001,0,pretrain,TRE4Sll42lE,00009,7.326607190891032,12.864
train,trainval,s2F41IQSPGE,50023,0,pretrain,GSmaUPREKlU,00015,-3.3698300769355294,6.208
train,trainval,YKACzIrog24,50007,0,pretrain,RgubFcmvgDE,00004,7.413378431829976,6.208
train,trainval,tH5iEf9oxaI,50015,0,pretrain,LBvHI1awWaI,00013,9.435431536844266,2.176
train,trainval,y6FT80ZoVJY,50010,0,trainval,8jkri0AeZWQ,50009,5.968047306939646,5.76
train,pretrain,2cYDyMnL4M8,00017,0,pretrain,bzj1BTdfoeI,00042,2.0807685808216707,8.512
train,pretrain,vpTHi7O66pI,00020,0,trainval,avuhY7D71sQ,50008,-8.913584150104528,2.752
train,pretrain,1O2l1dcSohA,00017,0,pretrain,NiKtZgImdlY,00012,6.309890136757037,4.032
train,pretrain,NwmGTM5Py8Y,00080,0,pretrain,VB9S4kELT2k,00014,-6.540741100158838,6.72
train,pretrain,NVPxmzSPvUw,00013,0,pretrain,TUtxSwC5mqA,00005,-5.343348903640351,12.352
train,pretrain,bS7A7S8AZSQ,00005,0,trainval,ShY9QSdaReY,50013,-6.940392195089231,2.496
train,pretrain,qykSnLkPM7E,00020,0,pretrain,bJ8Kq1wucsk,00017,-5.44577495273276,6.528
train,pretrain,SDjLpMj3BDU,00015,0,pretrain,txxOrXPNzpo,00003,-3.4349577472664468,4.352
train,pretrain,tic7X3ET4gE,00011,0,pretrain,VfKWd7iXMSo,00023,-3.4247023682908733,31.232
train,pretrain,aIcwIH1vZ9w,00013,0,pretrain,J10EaonNV2A,00021,1.7441210346871152,6.08
train,pretrain,1sE96vd8W40,00016,0,trainval,c2tOp7OxyQ8,50005,7.834153933805336,2.816
train,pretrain,ema8O7xqjvk,00023,0,pretrain,lv9QDjw8GJk,00018,-4.630059641262461,7.936
train,pretrain,StzWIIgIRZY,00004,0,pretrain,apbSsILLh28,00026,2.847216727582488,15.872
train,pretrain,UyQIKwSPZGM,00004,0,pretrain,dXqPaHQp4Xw,00009,0.7525159846767853,10.048
train,pretrain,uXlSmKZ7aSc,00020,0,pretrain,khRkIVPa1Vc,00033,7.962165685147831,4.288
train,pretrain,2t13Rq4oc7A,00003,0,pretrain,EUYLa7MAlPc,00011,9.245167415060777,8.256
train,trainval,kNhyOYv2ejw,50011,0,pretrain,1nZ9u2ZoIJo,00003,4.1490989565840835,2.688
train,pretrain,5ErKrSyUpEo,00027,0,pretrain,PB2OegI6wvI,00033,-0.7789520573517787,8.448
train,pretrain,dLHWVTa5xZs,00014,0,pretrain,GZyjTPEufLk,00011,2.641052591012066,5.824
train,pretrain,iOByGJskqks,00022,0,trainval,EgU3iSg8ZRY,50004,-8.480870218190262,2.432
train,pretrain,2KSP7HvSZwg,00001,0,pretrain,qKJv4S5peJQ,00009,-3.9722497641651877,2.368
train,pretrain,ayVm441iZfo,00002,0,pretrain,0FQXicAGy5U,00005,0.3414905644673141,7.744
train,pretrain,hi4QzyuSi6o,00013,0,pretrain,QijH4UAqGD8,00021,-4.0172247930543525,10.688
train,trainval,bzj1BTdfoeI,50002,0,pretrain,ZoDYTYSeuN8,00013,2.705036331300292,3.712
train,pretrain,DWZsOe1j2w0,00002,0,pretrain,4BwSMSCFdu0,00052,6.7626348850442355,15.552
train,pretrain,uM1Ygy0tSp0,00007,0,pretrain,7p4zw4SqgUw,00023,9.430655101146211,16.192
train,trainval,S74wSYuesOI,50011,0,trainval,5Dn08yo9aiM,50005,-6.7585014232132785,5.952
train,pretrain,wtvhqeVoeqI,00003,0,pretrain,6e99DuPQ6j8,00013,-8.252032599957776,16.384
train,pretrain,oPDaWYUCn8Y,00007,0,pretrain,M5tre30cRwU,00007,-1.105281500896428,6.08
train,pretrain,4B2qC7PIHxs,00012,0,pretrain,4BZuWrdCS9Q,00023,-3.2608606217239533,3.328
train,pretrain,MywGrRvNkWQ,00010,0,pretrain,lUO0xDSJQVI,00028,-9.699958309153608,6.208
train,pretrain,x5LshSZn5RA,00006,0,pretrain,CpkXmtJOH84,00018,-1.3434690640152702,7.04
train,pretrain,SxPeQda00Co,00003,0,pretrain,86xSuStz0MA,00060,8.260535296005799,24.448
train,pretrain,moS9iMlmsP0,00040,0,pretrain,Sf994ANuGIY,00015,-8.027132823794247,3.648
train,trainval,ZBrbHy7l3tg,50003,0,pretrain,d6wGSsAdP0U,00031,9.38430780547337,3.968
train,pretrain,kTz52RWSbD0,00018,0,pretrain,2OlhCITl1J4,00010,-8.837077366873157,4.864
train,pretrain,dOOtM7ZpAS8,00002,0,pretrain,8s3bdVxuFBs,00006,-1.1912439578843106,3.52
train,trainval,ufUkAQOQaXU,50003,0,pretrain,lzSkIDxbzGA,00016,9.621894056936078,5.056
train,pretrain,IkJTwfHPv6A,00005,0,trainval,Y28ARjfk4gg,50001,0.3461975287441845,6.208
train,trainval,buRLc2eWGPQ,50003,0,pretrain,sa1iS1MqUy4,00001,-2.395509635489665,5.504
train,pretrain,NZspSEdO2Xk,00002,0,trainval,drv3BP0Fdi8,50010,-6.8982188481614015,5.888
train,pretrain,dQijrruP9c4,00037,0,pretrain,Lp5Ccer5NM8,00024,7.031056156792555,16.256
train,pretrain,j51HsRILGKI,00018,0,pretrain,uVAaZVz9pDs,00001,-3.285641159709889,3.968
train,pretrain,PYSkd46RfVE,00003,0,pretrain,FESv2CgyJag,00008,-2.100213878848061,10.432
train,pretrain,0P0mBj09vwk,00010,0,pretrain,y9ALB39wRKo,00054,2.9930702348649625,10.944
train,pretrain,7JQbyvNjM74,00003,0,pretrain,NZspSEdO2Xk,00006,-6.572303466791086,5.312
train,pretrain,inxIM1aGvZY,00011,0,pretrain,qAYqK9lAxic,00008,6.055445298413062,10.944
train,pretrain,cJgStPB0Nu0,00014,0,pretrain,DwQMDyyS42Q,00005,-7.65428663521472,4.416
train,pretrain,SS6ZojCzNGY,00002,0,pretrain,LnnyuVG0krs,00012,-8.507218960781053,4.672
train,pretrain,mjUsobGWhs8,00001,0,pretrain,IDSSieLCmS4,00002,5.989667474475194,3.072
train,pretrain,v3oSF94S4FI,00022,0,pretrain,ERSZb2wHFDw,00016,-8.339942206052225,10.56
train,trainval,fDzj9vRw5yM,50003,0,pretrain,hyHUVPG33QI,00035,3.957102156700831,5.12
train,pretrain,Possj5cXEnM,00001,0,pretrain,cplaWsiu7Yg,00016,6.409317212476033,12.48
train,pretrain,kKeUISJko3o,00018,0,pretrain,iYwAMccbhYs,00019,4.973919811916652,4.608
train,pretrain,N9HF8mMe2pU,00016,0,pretrain,0ZhL7P7w3as,00013,9.377284757762517,4.352
train,pretrain,S8bJ3YlgL1Q,00009,0,trainval,GeDSgi0A7A8,50007,-4.271659125404406,3.456
train,pretrain,nLtUl2CP8ak,00042,0,pretrain,qZRSPO8NtJc,00014,-6.657128918826012,17.728
train,pretrain,nz0cAjXVepg,00002,0,pretrain,ZdvUktSa1I4,00009,-8.518131495424303,4.8
train,pretrain,LuG2rf9enHE,00032,0,pretrain,JolJi3uLMOM,00015,-1.2376189767616843,9.856
train,pretrain,hgui64Kr0Go,00009,0,pretrain,Td2hfdXQ5x8,00026,-5.623910528424652,3.52
train,pretrain,QcnuWDZuYy0,00008,0,pretrain,L2upTRjXeJM,00005,-0.2685760759670046,7.488
train,pretrain,o5ojwGhKr20,00002,0,pretrain,fmZSIr2Z29s,00006,-8.436906669327218,15.232
train,pretrain,fkPISY2Vg5k,00015,0,pretrain,X0VDy8s8FN4,00005,0.5007885844490119,5.696
train,pretrain,f6nQJoEk7Ko,00010,0,pretrain,9h2dFSIsH0I,00028,-9.120913423495224,7.936
train,trainval,xqPJKtFI42U,50002,0,pretrain,7LE4MoJS2po,00010,4.507872708671661,5.76
train,pretrain,PJy8vTu66tE,00011,0,pretrain,BsVzjd5HS9Y,00017,9.49372269120466,8.384
train,pretrain,XDBWEKBq0Sw,00011,0,pretrain,iSicXZ2tMRM,00014,4.890358013406084,9.984
train,pretrain,NwmGTM5Py8Y,00006,0,pretrain,c00zfzk4gdg,00021,-8.797529627958378,4.48
train,pretrain,tAReayFqUEY,00013,0,trainval,ts9JpM0gHMU,50024,2.3945209563470513,2.048
train,trainval,LPrS7Skx9Y0,50009,0,pretrain,qErZ2AQDMB4,00022,-9.022307435408997,2.688
train,pretrain,EpFCykE9Lk0,00023,0,pretrain,7JVTirBEfho,00039,0.04523393227725059,8.384
train,pretrain,3gSSNHO1dDs,00009,0,trainval,cn9Q4c3dXGU,50013,3.1838083341839294,4.16
train,pretrain,SryJK294Psw,00035,0,pretrain,Pmbkx71iedM,00010,-3.681246952021679,6.592
train,trainval,OzvxbUnWJUc,50011,0,pretrain,ivvKSx4Q6L4,00012,-4.657113266346049,2.24
train,pretrain,4mJ1aHFPS1M,00017,0,pretrain,3z1cCT2NP4k,00006,-2.500042109864868,5.888
train,pretrain,5aLiFw8CSEA,00014,0,trainval,SsU5CJRaKP8,50009,-1.1252608026072508,5.696
train,pretrain,ATISgVUKetI,00011,0,pretrain,lO1P6lCNnyo,00011,-8.426827210748511,16.128
train,pretrain,0K5OO2ybueM,00020,0,pretrain,SSJu0Jy9oSQ,00009,8.656037994112708,9.664
train,trainval,MUOSpWJ0riQ,50004,0,pretrain,6Co3dn0nSTk,00009,1.538883405715758,6.208
train,pretrain,dXqPaHQp4Xw,00016,0,pretrain,3yfFwDq4R5M,00005,8.638333366683955,11.008
train,pretrain,5sS3Yjh9Lw4,00018,0,pretrain,buhMdC7MO0U,00010,-0.9540776369897515,5.44
train,pretrain,VpvzrtPtqeE,00010,0,pretrain,KSWL5iqvPlY,00006,-8.543028956397759,13.248
train,pretrain,d0a0eXJ5TJM,00002,0,pretrain,tJ54irRmdC0,00011,7.7059878182166415,3.648
train,pretrain,uNDWvejza4c,00032,0,pretrain,tlS3r8Gid90,00033,9.868310459750255,7.104
train,pretrain,mUJdzaLDRIo,00028,0,pretrain,zLNXIXingyU,00019,3.9421849581392188,18.432
train,pretrain,hVsnkRoYfX0,00002,0,trainval,ErexJkoDhGI,50003,5.228784834862914,3.008
train,pretrain,TdtoAQFStBk,00016,0,pretrain,f6CILJA110Y,00069,-5.840301280069755,11.328
train,pretrain,v7UKkzIaSsQ,00024,0,trainval,7SfRgg9botI,50005,-6.489750807521233,2.816
train,pretrain,I64CQp6z0Pk,00022,0,trainval,cWYcXhMhJF4,50009,-9.185594800485205,4.928
train,pretrain,zeSVMG4GkeQ,00030,0,pretrain,IXBalykzauE,00018,-7.168658458109993,4.608
train,pretrain,rgPrf3YyByI,00006,0,pretrain,hj7wkh6nONE,00016,-7.115545481562466,7.68
train,pretrain,7npLVcymHGc,00023,0,pretrain,U2dHczVSCdo,00027,-2.814635756815047,7.488
train,pretrain,qFOooWq2inA,00020,0,pretrain,Td2hfdXQ5x8,00047,-5.966777253110234,9.6
train,pretrain,LTtTfCwkIW0,00021,0,trainval,askcLEVCTko,50012,2.3378950739575917,4.672
train,pretrain,0tqq66zwa7g,00017,0,pretrain,48NRknBcz6k,00005,-6.290197623185256,8.768
train,pretrain,VFaQtPw3Va4,00012,0,pretrain,mk3KSVrveSE,00025,-5.12295561356958,6.912
train,pretrain,RxyQNEVOElU,00014,0,trainval,3f6xCzKx9CA,50011,9.399813268985639,4.16
train,pretrain,Tu01sNfs5SQ,00021,0,pretrain,SGnmDWtyhAs,00001,-6.768998893620606,3.776
train,pretrain,zvvZEIGNLo0,00029,0,pretrain,0lS9NDZ8VZA,00007,-9.194145317982654,8.0
train,trainval,GjINFuwLGvQ,50004,0,trainval,j81saupKVpo,50001,-6.475200668621925,3.648
train,pretrain,VNGFep6rncY,00003,0,pretrain,8b2vNkEtfpc,00020,6.680783123869151,29.12
train,pretrain,Va07q3HFEZQ,00017,0,trainval,Rpsf1YJsbbI,50023,9.371670203297342,5.888
train,pretrain,o9NUy12lgs4,00013,0,pretrain,WIebxoTx408,00022,-2.609754273772369,13.76
train,pretrain,40riCqvRoMs,00013,0,trainval,DqCsQqy9MyU,50021,9.045297861610006,2.368
train,trainval,Ydj28CDrHV4,50001,0,pretrain,1QX7aoxSTAQ,00021,-7.865485709286119,6.144
train,pretrain,syjEN3peCJw,00057,0,pretrain,3nsoNSLS8RQ,00015,-3.048203974678259,6.656
train,pretrain,d6eMdixkoRI,00008,0,trainval,DSPWxjBgvF4,50038,7.4253491702727175,3.776
train,trainval,tHSTfiMtSDE,50003,0,pretrain,sBaiRpIpPKQ,00038,-6.79677741645887,2.688
train,pretrain,3bFabjnryE0,00003,0,pretrain,7sqeoYOQ4qg,00027,-5.5309759812628485,9.728
train,pretrain,56WGgJNBRxQ,00008,0,pretrain,QhLLMBN57AU,00002,-1.25742966136524,7.616
train,pretrain,DWZsOe1j2w0,00046,0,pretrain,CR5krXHkr2I,00016,0.7342872055247796,6.464
train,trainval,XzDNfLnUOYY,50007,0,trainval,DW5YctpK7pM,50010,-2.07112318535901,2.048
train,trainval,3F2jACWwKdU,50025,0,pretrain,9FCsyK4aRXQ,00013,-0.9533131658485985,3.008
train,pretrain,2zvjW9arAZ0,00038,0,pretrain,u943Jv9JuZc,00006,7.317174393903031,6.72
train,pretrain,UG2zHhgfAW0,00014,0,pretrain,hupHAPF1fHY,00025,-7.147320041595437,5.248
train,trainval,r9Zz4hYuGdw,50002,0,trainval,tFX1nQLZUVM,50003,7.876038879436059,6.08
train,pretrain,0ygtX2nyexo,00023,0,trainval,Bc2wVyl8RLI,50003,4.993480165728121,3.776
train,trainval,56WGgJNBRxQ,50008,0,pretrain,fCKNScHMBGE,00050,-3.0554567386083376,3.776
train,pretrain,Hc6yiSFtoNo,00037,0,pretrain,bvAEJ8G9l9U,00021,7.873269489010475,6.272
train,trainval,8jkri0AeZWQ,50012,0,pretrain,MSLHHgSXloM,00007,8.031612207632367,4.288
train,pretrain,o3oDpCb7VqI,00031,0,pretrain,BJsrYqPtXFM,00045,-5.395351243010271,4.736
train,pretrain,lXNE4MD2X2w,00021,0,pretrain,PCupHgKGCcY,00020,3.9443225026225033,9.344
train,pretrain,L51h8BBu7b8,00008,0,pretrain,b28brIs1OmM,00010,6.264115888079246,10.176
train,pretrain,gmSsyvrI2Xw,00018,0,pretrain,8XQ1onjXJK0,00016,8.398371453805666,5.248
train,pretrain,maMU4XZYdtQ,00018,0,pretrain,ol1b5mMeP7s,00004,8.949963693525003,5.632
train,pretrain,kNhyOYv2ejw,00012,0,pretrain,7DCofMA9eQA,00034,-8.030709102224016,7.168
train,pretrain,2MifgJqOm3Q,00008,0,pretrain,vo2cse4CoGM,00013,-8.48699155586251,5.12
train,trainval,V3CLRL32Mcw,50015,0,pretrain,9SuptXUPZxQ,00001,-6.367170300565787,4.096
train,pretrain,QoTSdOkjEVs,00005,0,trainval,DKISYPEF0Ls,50002,2.7168638676443724,5.696
train,trainval,jfqwHT3u1S8,50013,0,pretrain,IwWuLSwSMvI,00021,-7.491292402325531,2.816
train,pretrain,HJYDwS09coE,00016,0,pretrain,FnL7I6tESAs,00001,-9.260327651396674,4.48
train,pretrain,oDtZi2SUm8Q,00001,0,pretrain,dqMj51Ea1K8,00013,-0.12541080905113233,16.32
train,pretrain,ixsridS3qVs,00021,0,pretrain,tV2RLLtOgL4,00025,-2.8202559889581957,5.632
train,pretrain,BURbLmQL1BE,00031,0,pretrain,fLJsdqxnZb0,00010,-5.222839438539482,11.2
train,trainval,Bp2FvktSTRM,50001,0,pretrain,a5xR4QB1ADw,00016,8.772315854311152,2.112
train,pretrain,zSXchYY3bnU,00016,0,pretrain,SgsbNR2pIts,00019,-4.844223439520885,5.376
train,pretrain,J6ZzmqDMhi0,00004,0,pretrain,O8e8TtfzSpY,00012,9.625811716103122,8.32
train,trainval,aqhzFd4NUPI,50030,0,pretrain,GkRn9Lp16UI,00043,-5.272827470012917,3.968
train,pretrain,SryJK294Psw,00020,0,pretrain,k9fmJ5xQSmc,00008,5.925044554833418,4.352
train,pretrain,O4g60zB4Un4,00004,0,pretrain,Vj3gCWmJSiE,00008,-9.205895199913671,4.096
train,pretrain,4RSgUhgg70Q,00011,0,pretrain,PS6vDLq64gE,00038,-7.481679930101455,3.776
train,trainval,UoruUSrndBA,50007,0,pretrain,Qt1RPkbF4o4,00014,-6.080246881827196,2.56
train,pretrain,Peu7eeGtmQ4,00028,0,pretrain,R7vmHGAshi8,00008,0.43893534085384545,6.208
train,pretrain,uNQujCwCu88,00032,0,trainval,1VRgmKiE0Js,50016,3.657217801639172,4.608
train,pretrain,tbRM4Q6OI8A,00012,0,pretrain,VYU25aJpg5o,00023,1.4782244897475145,3.968
train,pretrain,7JVTirBEfho,00004,0,pretrain,GjYt5uQPu8o,00001,-6.345239416026094,18.048
train,pretrain,KkYuhwr3esg,00032,0,pretrain,NiKtZgImdlY,00021,-5.2861068504585385,9.664
train,pretrain,ZUGOaSux6pU,00008,0,pretrain,VM7HQSzbdIw,00006,6.653496742782782,4.288
train,pretrain,FdXUSZg9pcM,00006,0,pretrain,nx3GuO41Jyg,00034,0.8688541253161759,8.0
train,pretrain,XS85KAYKOT4,00026,0,pretrain,ldhppc7GmZg,00013,4.715348604690083,5.056
train,pretrain,XqsmITK1VO8,00003,0,pretrain,TdtoAQFStBk,00009,4.614977492171647,5.12
train,pretrain,t1sYh9itUvs,00047,0,pretrain,hcIpbUsIVKw,00007,1.5869217940765985,6.4
train,pretrain,uH0aihGWB8U,00012,0,pretrain,BDOSUiEh0eY,00037,-0.057255477803071386,5.12
train,trainval,Uq1idqpX9SA,50003,0,pretrain,H03o2WCBoDU,00003,1.3831818521708321,2.176
train,trainval,NI0yARyFoIM,50003,0,trainval,VObLitSe3K0,50003,7.4413369495491715,2.432
train,trainval,S4XXhSwYASk,50003,0,pretrain,UQkIbUvcs7w,00001,5.565827406819402,2.56
train,pretrain,tj2jeYqfLuA,00001,0,pretrain,QHIocNOHd7A,00013,-2.3186302608480025,6.336
train,pretrain,yq3TQoMjXTw,00008,0,pretrain,IkJSZGQaeak,00027,-7.701383167178308,4.352
train,pretrain,Yx2rjq1gSWA,00013,0,trainval,N9HF8mMe2pU,50002,3.571058781686542,4.16
train,trainval,7c5t6FkvUG0,50004,0,trainval,BoRUrWcdkQ4,50030,-3.9095071910780366,3.072
train,pretrain,gBkIyJ7kfSI,00063,0,pretrain,OWq7ToR2U8Q,00021,2.1730708132403684,4.48
train,pretrain,KCL8NjN7FMQ,00009,0,pretrain,6JxRxBqQLKA,00003,-1.492726709489908,4.608
train,pretrain,rAZPIxYvBAE,00017,0,trainval,sWN13pKVp9s,50017,1.698548919567811,2.112
train,trainval,yRUCU5FsvTY,50017,0,pretrain,SZSul0GzzM4,00001,-8.907629274959397,4.928
train,pretrain,i7Ssa6UEpUQ,00020,0,trainval,HNOnvp5t7Do,50006,-2.310303520635017,2.496
train,pretrain,4YS3gGpnPe8,00009,0,pretrain,pz1TDXKSTHc,00047,8.439499466922243,5.44
train,pretrain,7sxpKhIbr0E,00004,0,pretrain,6Eu964BbJO4,00040,-6.563384312007059,3.776
train,pretrain,08ZWROqoTZo,00028,0,trainval,J6tgYBMXR6s,50019,-3.5509576715529168,5.376
train,pretrain,ggPh4X7UKwY,00022,0,pretrain,qtcWebAYmKY,00009,6.462831685759859,6.08
train,trainval,quJdL9ggETI,50006,0,pretrain,CGksAjzI0go,00007,4.059032299188905,4.48
train,trainval,BJsrYqPtXFM,50002,0,pretrain,OH0dK208MNk,00014,-2.0984907338607535,3.072
train,pretrain,uH0aihGWB8U,00008,0,trainval,xh8el8m9mLM,50005,3.3409246518205276,2.24
train,pretrain,fLJsdqxnZb0,00020,0,pretrain,zLNXIXingyU,00043,2.0110858771215234,4.288
train,pretrain,SoJnEQ6bJKE,00001,0,pretrain,SrqmuYvk3iQ,00022,-9.423171208186103,7.296
train,pretrain,lASzdhSbQBo,00023,0,pretrain,D9xJl4S6NsM,00003,-6.766202124527007,4.608
train,pretrain,49aWAHqi200,00004,0,pretrain,uaJSNRAkr5I,00005,-0.3849843234221684,5.952
train,pretrain,aSLSiIskEFU,00056,0,pretrain,GZGY0wPAnus,00012,1.9132817415751902,10.816
train,pretrain,UVZyVz8gBeQ,00011,0,pretrain,x3AwnkR92EA,00013,5.708704681698929,3.776
train,pretrain,fRu9DbUULHM,00004,0,trainval,8LQhhYgjlJ0,50001,-0.9456410022376787,5.952
train,pretrain,oJfFMoAgbv8,00036,0,pretrain,ym6OYelD5fA,00007,2.9881172784936627,9.28
train,trainval,1Yz7Snu6pnI,50003,0,pretrain,bEdvQjTGYP8,00005,-0.6910736804199793,6.144
train,trainval,sucza6EOIf0,50024,0,pretrain,ytJyT9oDEm4,00002,-6.9508021428951805,6.08
train,trainval,nVEvzeIXbpk,50009,0,pretrain,p2MEGk5q1WI,00017,-9.08906761692575,4.096
train,trainval,ZLiUelSu7s8,50005,0,pretrain,iFTWM7HV2UI,00024,-6.153150165563028,4.928
train,pretrain,11Mq9ZuxZMc,00033,0,pretrain,iF4s75ZPano,00014,-6.301740707210042,4.096
train,pretrain,SrqmuYvk3iQ,00032,0,pretrain,J6JrHteOsII,00002,7.620100101747354,11.136
train,pretrain,DcKdClnpz4k,00037,0,pretrain,uHnqvhWQMV0,00011,-8.017755268500098,4.736
train,pretrain,y1GqNN2Xe7g,00014,0,pretrain,aQ8T4sySLxw,00009,-1.465932357438703,8.768
train,pretrain,1NG7FoC5XRo,00004,0,pretrain,r3afSFSG570,00008,9.603980495901808,10.688
train,pretrain,1NG7FoC5XRo,00013,0,pretrain,m0ZPM5I1tTg,00025,-7.98738238618448,9.6
train,pretrain,KQbTvFHymLc,00024,0,pretrain,i7Ssa6UEpUQ,00005,7.105464244633545,6.72
train,pretrain,CiJ6ybBSm10,00028,0,pretrain,bzj1BTdfoeI,00004,1.7771026071027691,5.12
train,trainval,FpHPVrsEkYY,50004,0,pretrain,mj0CWrSB7E8,00019,-1.1821554302588755,6.208
train,pretrain,WHjKnNbYiOs,00007,0,trainval,ea3HnhOLC9g,50013,1.1703369853598993,2.176
train,pretrain,SxMWqUe8FdU,00016,0,trainval,RxyQNEVOElU,50003,-2.415008011908597,2.816
train,pretrain,kLIfeGflNp8,00017,0,pretrain,J6ZzmqDMhi0,00016,6.252256014137547,5.76
train,pretrain,VB9S4kELT2k,00018,0,pretrain,sjPRN2XGSts,00004,-5.786751223029536,3.072
train,pretrain,cGrFSZYPAyk,00010,0,pretrain,BgbD67U0BAQ,00009,7.955212863124981,7.36
train,trainval,MSE5Vryrd0I,50004,0,trainval,VRhjc3dJtOo,50002,6.749451271851086,2.752
train,pretrain,h4MhbkWJzKk,00030,0,pretrain,1gAQ82IHyZ8,00031,-1.1458102038479527,5.12
train,pretrain,z9CabT4Kcz8,00007,0,pretrain,gevXeQwS1jg,00059,-9.350107614584235,4.48
train,pretrain,IkJTwfHPv6A,00007,0,pretrain,wX78iKhInsc,00043,-5.87513948265995,6.208
train,pretrain,wX78iKhInsc,00059,0,pretrain,6rcvWcRMuzs,00006,8.183875792360517,5.248
train,pretrain,BJsrYqPtXFM,00017,0,trainval,ktOeFgmdIAo,50010,1.1935897978078103,2.176
train,pretrain,XFOkSdlPafQ,00010,0,pretrain,cXQrbxD9SNg,00007,1.8697489154733944,3.072
train,pretrain,SGzenQjZSpU,00012,0,pretrain,cf3zxHuSM2Y,00003,1.305112186350657,5.44
train,pretrain,jsZDlBU36n0,00001,0,trainval,Cu3ILSqFJJQ,50005,-1.828211496972198,2.048
train,pretrain,JTX0diTlUFU,00005,0,pretrain,te3u3MSpk1c,00003,6.624198327269838,29.696
train,trainval,dLHWVTa5xZs,50017,0,trainval,WOxSQHtJWlo,50002,-2.708308223767988,5.696
train,pretrain,9EVEmZ2cSes,00012,0,pretrain,H1fvr9rGgSg,00047,-5.964436230596986,11.968
train,pretrain,zESeeaFDVSw,00004,0,pretrain,pk35J2u8KqY,00024,4.942090948565616,3.2
train,pretrain,cf3zxHuSM2Y,00027,0,pretrain,SdBPkbi4SR8,00002,-7.670084616503974,6.08
train,pretrain,70VZ1SOzSnc,00018,0,pretrain,eMXQ6ebbC1c,00016,3.505958271952572,4.864
train,pretrain,vSjlCJaEwZE,00003,0,pretrain,sucza6EOIf0,00007,9.798797552941508,23.296
train,pretrain,H1fvr9rGgSg,00001,0,pretrain,oDdcx5luv5s,00016,-7.761882768316557,4.416
train,pretrain,JM77aTk1XyI,00006,0,pretrain,VoCOzuWOgSY,00025,-7.723140010402581,7.04
train,pretrain,fw30yjccnD4,00009,0,pretrain,ko32Hr1SoPc,00002,8.195449063221993,17.856
train,trainval,a17Z5Sk2XJY,50013,0,trainval,mwzBJF5Q7Vw,50008,-8.449946789412039,2.048
train,pretrain,3yfFwDq4R5M,00011,0,pretrain,nLB8ASSQdHc,00017,-5.646198682203862,6.976
train,pretrain,3GBrJiSMFu0,00021,0,pretrain,gPEECGFJFb8,00005,-2.2823262705969487,4.032
train,trainval,nxRRqLpWi6Q,50011,0,trainval,Sm5xFSUYgdg,50006,3.250519198801147,3.328
train,pretrain,SgYvy71CSSA,00028,0,pretrain,aUBawr1hUwo,00012,-8.70503337179851,6.848
train,pretrain,KPzccnstSXg,00012,0,pretrain,pmKNXZmfIMU,00021,-8.481678326653313,12.608
train,pretrain,46wWjKTn4Ac,00032,0,pretrain,NhmybGS7FLA,00008,3.3683423758705526,4.48
train,pretrain,mLSFzBUAHuQ,00010,0,trainval,ts9JpM0gHMU,50012,4.384775837190277,2.432
train,pretrain,rpOwTspdwkI,00002,0,pretrain,BN9a8Ldy7Xc,00007,6.014866468609682,5.568
train,pretrain,xjuY3lUfkK8,00007,0,pretrain,PCWIGN3181U,00004,-7.028337523318237,4.8
train,pretrain,OaGEMSRms48,00015,0,pretrain,7npLVcymHGc,00033,-1.7208166886951641,4.992
train,trainval,Wai4ub90stQ,50001,0,trainval,YglyHzvBqpA,50005,6.551562082543864,5.952
train,pretrain,SGnmDWtyhAs,00029,0,pretrain,H4iRPytrnJo,00004,-5.610018114185948,5.056
train,pretrain,Y4xCpqVaS6I,00001,0,pretrain,7vsO7SHLJMI,00006,-9.274721739395712,9.472
train,pretrain,sSXv06gUX3Y,00028,0,pretrain,U1XJJxHIQwo,00013,4.629223247059324,8.256
train,trainval,tqf607N19Is,50005,0,pretrain,Jk0AknXMXmc,00004,-6.8768382921218425,5.888
train,pretrain,S6cX2p5cBVg,00031,0,pretrain,MoSmgcxGYYE,00073,-6.01699854877487,4.928
train,pretrain,IDSSieLCmS4,00023,0,trainval,9YeQi5Zqy1I,50007,7.483196407972432,3.456
train,trainval,QekbuidfQKo,50039,0,pretrain,ftWn4QOvTTo,00001,3.136692595175628,3.776
train,pretrain,5uVtphj4b6c,00001,0,trainval,MPMr5jPwA7I,50014,-1.9764507479840034,6.208
train,pretrain,28hGxw5DBK8,00012,0,pretrain,i7Ssa6UEpUQ,00017,7.989513727916652,4.224
train,trainval,4KhnSz9FPmU,50004,0,pretrain,ME0OeqjnVAw,00005,-3.9725443320959037,5.696
train,pretrain,zSWppsceZ1c,00036,0,pretrain,DWoAShyDSsY,00019,6.262215627550205,6.208
train,pretrain,XBcPFhg0BC8,00007,0,trainval,J6oMG7u9HGE,50069,-4.479147639920191,5.568
train,pretrain,ueOqYebVhtc,00014,0,trainval,TRE4Sll42lE,50018,-3.1163740259321315,2.048
train,pretrain,EiTrl0W1QrM,00029,0,pretrain,8xHrpO6p7dE,00006,-9.849139279960236,5.696
train,pretrain,pLqjQ55tzSU,00006,0,pretrain,IRVdiHu1VCc,00066,3.785467465500062,5.824
train,pretrain,eh3cdTlh7VM,00015,0,pretrain,cn9Q4c3dXGU,00021,6.807346780860836,4.16
train,pretrain,QWN5xhV6v1U,00030,0,pretrain,ScGSlv9dCeY,00025,-8.031150415041497,3.264
train,pretrain,0N6cjPWqpSk,00017,0,pretrain,STuCsRugKN0,00012,-6.02391972556839,10.688
train,pretrain,zaufonUBjoQ,00004,0,pretrain,jpeSLKnS4gM,00024,-6.459799660736529,5.184
train,pretrain,Jv5tn4MPJV4,00002,0,pretrain,mj0CWrSB7E8,00022,6.500642947573041,11.008
train,trainval,YAV96XSdMQo,50005,0,pretrain,78nsxRxbf4w,00015,6.405545934841022,6.016
train,pretrain,qesLGw23SzQ,00011,0,pretrain,855Now8h5Rs,00012,4.715260745901912,7.232
train,pretrain,pCHWOt3FOgY,00019,0,trainval,oLomVgNbNV8,50002,-6.554752670878847,2.816
train,pretrain,DzNNS4rcIjs,00018,0,pretrain,oSv7E8WK2Iw,00023,0.35389749006538196,8.32
train,pretrain,yrcaHGqTqHk,00001,0,pretrain,OAK1UIbSFio,00066,-8.68912252118614,4.16
train,trainval,qtOIh93Hvuw,50008,0,pretrain,Rs5CDLgjSsI,00004,-5.421292987117727,2.56
train,pretrain,G0ZjSInJ4BQ,00025,0,trainval,uTbASmxo858,50002,9.031815871904282,3.2
train,pretrain,6ZiN9ZJT294,00002,0,trainval,iSpwUpdQdyY,50008,6.969070858563018,3.84
train,pretrain,j7c9b9A2AHc,00017,0,pretrain,WNTk29zXl4A,00062,6.943096656987343,8.128
train,pretrain,bX32UShfri4,00015,0,pretrain,D2IQkKE7h9I,00007,5.730688292417929,6.72
train,pretrain,YFC5CwZVCEw,00007,0,pretrain,zdSdqUuvLk4,00009,-7.898622778020837,5.568
train,pretrain,IkJSZGQaeak,00023,0,pretrain,ESlb3D7AySM,00013,-7.441884191332382,11.456
train,pretrain,U5SyBjKKicA,00008,0,pretrain,Nhwq12TKkQQ,00003,-6.262983430192383,7.744
train,pretrain,Hy4yby7ZAd0,00008,0,trainval,NAcuH7nSdLc,50025,4.668805847307681,5.44
train,pretrain,agNlsB530CI,00010,0,pretrain,mArrNRWQEso,00058,-6.818540573551379,5.504
train,pretrain,SU1foLW8h54,00036,0,pretrain,F17SKiAZOxg,00028,8.707323925765643,4.544
train,pretrain,YS9vd4HWlVA,00002,0,trainval,CRSLBcZgS84,50002,9.978793650033051,4.096
train,trainval,wSepGxx36To,50013,0,pretrain,lASzdhSbQBo,00037,-1.861578542639382,6.016
train,pretrain,5CSDIcUsIJk,00011,0,pretrain,uSDSzEToJQ4,00002,6.5533611790111195,4.16
train,pretrain,qm0isl11BfY,00031,0,trainval,SCCG81UbruY,50004,-5.864077612468859,4.288
train,pretrain,S2OzLREwHtI,00034,0,pretrain,wmE8dQcZgB4,00033,3.0163477987183036,8.128
train,pretrain,Zctk6MZaxMk,00017,0,pretrain,pWrgvI4nyyg,00007,-8.243534595205341,17.984
train,trainval,eNDhBSR1DZ0,50004,0,trainval,pCd8KLukRV8,50008,-3.1976773857146963,2.688
train,trainval,kvpUiBqHoVM,50018,0,trainval,vR8msiSohZM,50002,3.637472502302403,3.136
train,pretrain,pi9SMFWTzXw,00009,0,pretrain,q9Ou0cj3fF8,00022,-1.9872676346863312,4.416
train,trainval,0ygtX2nyexo,50034,0,pretrain,xSLkNjQyHww,00028,-5.373840105737198,5.76
train,pretrain,S4XXhSwYASk,00007,0,pretrain,23vKtqo2t4k,00018,2.4587558645820966,4.992
train,trainval,CHh6hWo1AFE,50015,0,pretrain,VGpZ06RlVfI,00020,5.071853440212044,4.288
train,pretrain,Acsv55lctGY,00023,0,pretrain,Pr57T0RaSjc,00006,0.8774581838220996,2.816
train,pretrain,EZSf3Fc0ZRA,00010,0,trainval,gVLu99Ja2mA,50001,-4.135647170643937,3.968
train,trainval,AA1BT0tfihw,50002,0,pretrain,dE1DuBesGYM,00063,-8.895700069847603,2.496
train,pretrain,Zq7QPnqLoUk,00001,0,pretrain,pcSlowAhvUk,00056,-0.44994614818323697,3.328
train,pretrain,uUL5oS1Yawo,00003,0,pretrain,fHfhorJnAEI,00012,-4.087976128012489,7.68
train,trainval,nVEvzeIXbpk,50010,0,pretrain,uNQujCwCu88,00021,-9.092828306552487,2.048
train,pretrain,MOFdlEbu15g,00053,0,pretrain,rfOMqehlSZA,00014,-9.647331245279922,5.056
train,pretrain,JtSjYnXD83Q,00020,0,pretrain,Fom14XGMFHA,00003,-8.049615131706762,16.128
train,pretrain,9KACXVScWS4,00027,0,trainval,J6oMG7u9HGE,50061,4.217052224606874,2.496
train,pretrain,OSz2v42F0E0,00010,0,pretrain,m45SshJqOP4,00025,7.322534079048612,10.176
train,pretrain,OEydHbngSz0,00021,0,pretrain,jryCoo0BrRk,00005,-6.913904895429943,16.384
train,pretrain,aiDSQyFdd68,00022,0,pretrain,zWU9D2duSgs,00005,1.7631699016503042,8.064
train,pretrain,grtGI7QpPdw,00008,0,pretrain,aIcwIH1vZ9w,00007,8.758788254705461,4.096
train,pretrain,LWULB9Aoopc,00033,0,pretrain,eMdh57x1UBQ,00016,5.418133814241342,5.376
train,trainval,6k8YBJ5sgko,50010,0,pretrain,q2k2Xbfuy1I,00005,8.316702675322269,4.864
train,pretrain,VmP574ikRFs,00007,0,pretrain,SIKqVKyyW6w,00017,-0.00551365321086017,3.712
train,pretrain,WCj82W7XkjI,00026,0,pretrain,dY7iATJVCso,00031,-0.6717371091449138,4.8
train,pretrain,WmJwn4WDeLE,00036,0,pretrain,40Aziot4aao,00009,1.0915833469837217,10.304
train,pretrain,KTvSfeCRxe8,00061,0,pretrain,0ZhL7P7w3as,00006,7.450295316287789,4.096
train,pretrain,gmSsyvrI2Xw,00027,0,pretrain,dTwXeZ4GkzI,00009,-4.303562259982825,13.056
train,pretrain,RjyxIsE3V2g,00017,0,pretrain,Z1R1z9ipFnM,00013,1.9169625847293563,8.064
train,pretrain,7TXEZ4tP06c,00004,0,pretrain,PENUoKd5Feo,00009,-5.126097495295186,4.288
train,pretrain,pn8p3rOaA5I,00018,0,pretrain,3LzX36sShcs,00028,-3.778146924050885,4.608
train,pretrain,SdBPkbi4SR8,00010,0,pretrain,bybOi0nMmq0,00003,9.171961638960951,16.448
train,pretrain,hcIpbUsIVKw,00012,0,pretrain,GROCkg810R0,00024,-8.067524993105424,11.904
train,pretrain,sDfhSIKFGz0,00021,0,pretrain,C9mareySEAM,00032,5.922712663239162,10.624
train,pretrain,S3SnIMZ43EQ,00015,0,pretrain,jn0Ygp7pMbA,00019,8.563428577461007,7.168
train,pretrain,JRHzQG0aI8w,00012,0,trainval,askcLEVCTko,50009,-7.765565111577935,2.624
train,pretrain,7ZW8SLQftnY,00013,0,trainval,pY6ulSP70HY,50002,1.9898566855856714,2.88
train,pretrain,UyUXxrSS3qs,00042,0,pretrain,jUHE4SE3Mcg,00017,6.644199540443058,11.136
train,pretrain,wZzHnZzmS58,00037,0,pretrain,wtvhqeVoeqI,00028,1.8490308303148577,10.368
train,pretrain,Td2hfdXQ5x8,00041,0,pretrain,5aLiFw8CSEA,00012,-7.5648810476577495,7.68
train,pretrain,bf7BXwVeyWw,00029,0,pretrain,CbS6PPBJJB8,00020,4.064979962477262,4.416
train,trainval,DWZsOe1j2w0,50014,0,pretrain,qtcWebAYmKY,00018,-2.2378406527522614,5.952
train,pretrain,1joQ8ZhX2o4,00016,0,pretrain,HaHeAdJNa70,00004,-2.6576490064935605,3.008
train,pretrain,R7beBKnH9u0,00028,0,pretrain,axRSF7ku0Zg,00016,-3.0571009789580827,8.0
train,trainval,FzAyOddR5u4,50005,0,pretrain,8olL43PKJKw,00035,6.680077994176031,5.376
train,trainval,Qz6V5OA4ymA,50004,0,pretrain,DwShSwvxPKs,00011,-4.394765935047826,2.496
train,pretrain,SU1foLW8h54,00004,0,pretrain,qZYNWW4M7yM,00008,4.610155735175606,5.376
train,pretrain,KCr8s57hdzY,00023,0,pretrain,XLi6iYnnsGc,00023,-8.53603933443341,9.728
train,trainval,ue4L8kmaKXQ,50001,0,pretrain,nSOSNWblMNE,00010,-7.868324723982887,3.648
train,pretrain,S1VpOweDio8,00024,0,pretrain,tVoE8eSu4bw,00036,-0.14747238483564296,4.992
train,pretrain,troxvPRmZm8,00001,0,pretrain,eMSonXncSjA,00012,3.6277085446555155,4.736
train,pretrain,7Z9xCX4ifJo,00030,0,pretrain,9KACXVScWS4,00011,-1.528736603890323,5.632
train,pretrain,UzuUljhS9uI,00001,0,trainval,H03o2WCBoDU,50010,-0.44570536015118556,5.952
train,trainval,hh2Z2hSgFIY,50004,0,pretrain,CstD6O95LSo,00012,-8.91520671183612,4.48
train,trainval,HBSQR6xovSw,50002,0,pretrain,gLDQr9i7LkM,00035,5.983074264221992,6.144
train,trainval,b28brIs1OmM,50004,0,trainval,8b2vNkEtfpc,50011,0.9118405669385705,3.776
train,pretrain,VN357QrUdEc,00015,0,pretrain,pz1TDXKSTHc,00030,-3.2601483862265273,9.344
train,pretrain,on3KttMgbZE,00021,0,trainval,XPkV1bDZDl4,50009,-4.430244768070464,3.776
train,trainval,8b2vNkEtfpc,50002,0,trainval,pPgd7Hj3ABQ,50010,0.2345774760605721,2.496
train,pretrain,3GVOSMfIl1Q,00022,0,pretrain,goYIHXKvwLk,00020,-2.652311552312872,7.488
train,pretrain,1G8dQQrlbbA,00001,0,pretrain,tUAepQYyMY4,00022,-9.623704307286049,11.584
train,pretrain,ruh6rN5UrME,00004,0,pretrain,Oe1cDSPfbh8,00011,-4.937827684798963,5.44
train,pretrain,esugL07XANg,00055,0,pretrain,7PRp8j75o6Y,00015,3.384172458480565,8.512
train,pretrain,mSQmfZOVNPw,00006,0,pretrain,P2y3Uspr8Bg,00020,0.1518122546358942,17.984
train,pretrain,MNhCvM5pjfs,00004,0,pretrain,3M29BY86bP4,00002,5.92132238235817,7.616
train,pretrain,0nI65jgHG9o,00027,0,pretrain,dScYSVZtB7k,00009,-6.692926289916967,5.632
train,pretrain,ImQrUjlyHUg,00047,0,pretrain,8meWY0W40OA,00007,4.951890170425916,4.544
train,pretrain,NZspSEdO2Xk,00012,0,pretrain,yrcaHGqTqHk,00028,1.624856718161796,4.8
train,trainval,SKx2lfobPuU,50002,0,pretrain,ZuCtZJGcEMU,00015,3.02708928020137,2.688
train,pretrain,9y7YEmyzSDo,00025,0,trainval,NRXCxJGQ4KY,50013,2.860003019051309,6.208
train,pretrain,phUUjkSbtiY,00013,0,pretrain,lnigGtrwAfs,00008,0.516266065552383,5.568
train,pretrain,IjHlyKTSUug,00009,0,pretrain,KQbTvFHymLc,00023,-7.5156815553008816,7.424
train,trainval,sa1iS1MqUy4,50001,0,pretrain,F0ofeD8VKMA,00037,-8.429330118079836,2.624
train,pretrain,ufJ7sOtuFd0,00009,0,pretrain,MgUTzbGakRw,00003,6.163031331971144,6.592
train,pretrain,XWFvhGek3m0,00003,0,pretrain,OlLFK8oSNEM,00027,-2.3892881035797897,4.16
train,pretrain,mK6IdD4GXPo,00020,0,pretrain,kU0ei9ApmsY,00003,0.18803609787252107,5.504
train,pretrain,1bXAkbCyjpo,00011,0,trainval,z19gIaUmIBU,50003,8.100039638778298,6.016
train,pretrain,PS6vDLq64gE,00006,0,pretrain,eD9F5HdyKqU,00004,-3.3071213925107346,3.84
train,pretrain,RVX8ZSAR4OY,00022,0,pretrain,uNDWvejza4c,00031,-8.537261504272971,7.552
train,pretrain,ZBDablzQ9ts,00028,0,pretrain,7VRzn8hc5mc,00010,-8.733662471550794,4.928
train,trainval,JSswZaKN2Ic,50001,0,pretrain,kmNxhFFZWpM,00001,-8.198736047512371,2.688
train,pretrain,S0hxl03JoA0,00033,0,pretrain,1Gtc0ounD5I,00003,-6.220361137658747,5.376
train,trainval,2tCcoSRZqVY,50002,0,trainval,01GWGmg5jn8,50010,4.432970960406543,3.2
train,pretrain,uHnqvhWQMV0,00019,0,pretrain,C0nM8l9qeGY,00005,-8.4134779001539,6.848
train,pretrain,pF72px2R3Hg,00049,0,pretrain,ym6OYelD5fA,00005,-5.568455227218592,5.184
train,pretrain,QJORi5VO1F8,00013,0,pretrain,RlQEoJaLQRA,00022,1.2733999327800198,3.2
train,pretrain,ftWn4QOvTTo,00022,0,pretrain,LSn4OF7G9BM,00015,3.876326346064209,7.168
train,pretrain,CFtsHf1lVI4,00028,0,pretrain,VM6HZqQKhok,00060,4.260625799858705,6.976
train,pretrain,sYUjyH8Y0No,00047,0,pretrain,7VRzn8hc5mc,00012,-6.314579637602864,6.016
train,pretrain,AHcTWlxWzpE,00029,0,pretrain,2wseM6wWd74,00010,-8.085295834164707,9.408
train,pretrain,lw3YTbubyjI,00018,0,pretrain,mArrNRWQEso,00086,5.373630837382011,9.152
train,trainval,oeL72c6scAs,50004,0,pretrain,USkXuQHZmWs,00007,-3.7010766954956997,5.824
train,pretrain,z1KJAXM3xYA,00005,0,pretrain,9EglK8Mk18o,00017,-4.45801080985011,3.648
train,pretrain,sAMahX5hIgU,00024,0,trainval,iunmpgOnpqM,50001,9.02439206602827,4.608
train,pretrain,SdBPkbi4SR8,00014,0,pretrain,LsESSyMnwmU,00006,9.792421535596112,7.552
train,pretrain,KsSSMh1QhMc,00014,0,pretrain,AS3Pyc4Qr2Q,00051,7.425775407482799,4.736
train,trainval,9XFeW9dgyIs,50003,0,pretrain,SryJK294Psw,00004,5.483165244624564,3.2
train,pretrain,yPGwA7t6bpI,00031,0,pretrain,HQIi3nUXh0g,00013,-5.129814909949464,35.52
train,pretrain,xRL2vVAa47I,00027,0,pretrain,AfnruW7yERA,00007,1.391297668968141,3.648
train,pretrain,wX78iKhInsc,00031,0,trainval,MEDgtjpycYg,50011,-8.928662906778493,4.416
train,pretrain,g2J6YOiLNr4,00041,0,trainval,ElJxUVJ8blw,50047,-7.059706991016592,5.76
train,pretrain,GOZOhpxSAFI,00027,0,pretrain,ciStnd9Y2ak,00033,0.7141073154205664,9.472
train,pretrain,3MYEtQ5Zdn8,00017,0,pretrain,yVQ8fZB30JU,00024,-9.101389334616616,6.464
train,pretrain,LFJ9WAHowcg,00004,0,pretrain,Iv3Ud7Shv9g,00022,7.15267681280617,3.392
train,pretrain,j4LSwZ05laQ,00007,0,trainval,l2oywAEJ9hE,50007,3.422364469241625,3.136
train,trainval,eyBEIx7fCfY,50006,0,pretrain,5EORxJsoUJQ,00037,6.65666516688632,5.568
train,pretrain,dOOtM7ZpAS8,00040,0,trainval,FLbEKpLS5Z0,50013,-8.21572603725607,2.56
train,pretrain,lXNE4MD2X2w,00029,0,pretrain,jodhovumkHQ,00007,-7.753030225933624,4.544
train,pretrain,U4Lx5rcii38,00035,0,pretrain,T9nFC6dkRxU,00010,5.511917463796676,10.88
train,pretrain,UoMpbLSFsig,00017,0,trainval,C0nM8l9qeGY,50007,-2.3661506283034983,3.456
train,trainval,qzwCujeSSSc,50006,0,pretrain,xyIQFI865Sw,00025,1.9995501454177926,6.144
train,trainval,fBQnQTkhsq4,50001,0,pretrain,W4LYn4mIP18,00020,3.9028625765756573,5.568
train,pretrain,oQql5kbCDEg,00009,0,pretrain,sE3gxX5CiW0,00003,-7.8261712891622786,26.24
train,trainval,sgTjCpBOeCU,50039,0,pretrain,hvJ4KlVlqV8,00010,-1.1221916598891397,2.24
train,pretrain,TjaM0tdxtYA,00005,0,pretrain,potB0voQzNg,00066,9.770806725854154,7.936
train,pretrain,cf3zxHuSM2Y,00016,0,pretrain,Sx1qkuvUxuI,00004,9.398962908735104,7.104
train,pretrain,Uvli7NBUfY4,00008,0,pretrain,ImQrUjlyHUg,00034,-0.021930414325240122,4.288
train,pretrain,c8re1U9rCo4,00025,0,pretrain,dgYItsUBW1M,00024,0.2850812980514199,11.008
train,trainval,SmsYxDvdcYc,50001,0,pretrain,H1fvr9rGgSg,00040,9.634771363304132,4.224
train,pretrain,ONXYcNS7k1Y,00003,0,pretrain,bRQahFJUSJQ,00009,2.7840808827338392,4.864
train,trainval,lqSBVyou38s,50002,0,trainval,kmflTZnRuZI,50007,-5.121116043046204,2.24
train,trainval,mk3KSVrveSE,50003,0,pretrain,GROCkg810R0,00002,-9.605838881569843,3.776
train,pretrain,N9HF8mMe2pU,00033,0,pretrain,nLecuOcB3dA,00003,2.491170676664545,4.992
train,pretrain,ht1zFl7HyO8,00006,0,pretrain,SQdPW8JrYzQ,00001,-4.447680551225243,4.096
train,pretrain,gWmRkYsLzB4,00003,0,trainval,vhfcedpoCLo,50003,5.289576570513052,6.144
train,trainval,JmZpFy1QUww,50009,0,pretrain,maCww8AXIvg,00017,-5.713997121843621,3.648
train,pretrain,w1TBZhdSsN0,00007,0,pretrain,hFGLqkDnSVI,00017,-4.068063863437872,4.608
train,trainval,VehHPwAVL9g,50019,0,pretrain,kySSXxxiWHg,00016,-8.046890714593895,5.12
train,pretrain,odyakQwtWwo,00018,0,pretrain,asSNPOU5U3c,00025,8.754908038823942,3.072
train,pretrain,eMMKxVcxjrI,00004,0,pretrain,buHSvs7LFzw,00025,9.161961374131778,7.808
train,pretrain,O6GimGZz6a8,00019,0,pretrain,tH5iEf9oxaI,00020,-4.390179842239212,3.584
train,pretrain,AvtStbwMQqs,00012,0,pretrain,JSLQxBbQPTY,00001,9.420705763908337,6.784
train,trainval,HB2SlA68YDU,50002,0,pretrain,SEiSloE1rSA,00014,-0.6542287242722864,4.16
train,pretrain,FD5ZKiSmoMU,00002,0,pretrain,xjuY3lUfkK8,00017,-9.344527289377684,4.864
train,pretrain,py1RrSdVt5A,00040,0,pretrain,YraU52j3y8s,00080,-9.888157308806454,4.48
train,pretrain,YeJhVtJKJU8,00005,0,trainval,mLufqwmPl1A,50010,9.608619975306297,6.08
train,pretrain,rAAY1jOZFSE,00003,0,pretrain,wX78iKhInsc,00059,4.0324173825547085,7.168
train,pretrain,d0a0eXJ5TJM,00004,0,pretrain,NwmGTM5Py8Y,00068,9.971418634259145,6.784
train,pretrain,rQSSSLRpsVs,00001,0,pretrain,B1dkma6GRZo,00013,0.04637582634888204,6.656
train,pretrain,6Eu964BbJO4,00001,0,pretrain,maCww8AXIvg,00012,2.600065670227556,6.976
train,pretrain,yDYCf4ONh5M,00009,0,pretrain,Qa2HpQI1Ufg,00017,9.661215266073494,13.76
train,pretrain,qJ7A74Vx7YE,00018,0,pretrain,2W1jvTEjc1s,00036,9.238662127689668,14.656
train,pretrain,vhfcedpoCLo,00009,0,pretrain,weCFbknwZa8,00019,-0.9382371840736567,7.36
train,pretrain,IhoRGJlSs8M,00009,0,pretrain,xV7IvRT5Qyw,00016,1.1330332792687425,20.736
train,trainval,vR8msiSohZM,50003,0,trainval,fa7SkR2fz3M,50005,6.731592027685103,2.176
train,trainval,wDxjss7kHRw,50010,0,pretrain,zuAj2F54bdo,00025,-2.196975725468537,2.688
train,pretrain,Zx8uYIfUvh4,00019,0,pretrain,vpTHi7O66pI,00029,-3.9069395261066475,7.168
train,pretrain,D9xJl4S6NsM,00010,0,pretrain,9EVEmZ2cSes,00004,-5.377767847200388,2.816
train,pretrain,0d6iSvF1UmA,00030,0,trainval,lYdk1NK9Sr0,50009,-9.351988145734149,3.008
train,pretrain,3OMgvtWNHp4,00025,0,pretrain,3KmaFiKvGSM,00011,9.97860887294398,3.84
train,pretrain,SMBiP3G2Pzc,00013,0,pretrain,dY7iATJVCso,00022,-8.158106844337187,30.272
train,pretrain,gMNlRovT5x4,00007,0,pretrain,59SRn1SkWAA,00054,8.968216983193113,6.912
train,pretrain,potB0voQzNg,00021,0,pretrain,mymMye4purU,00003,-6.7346856318938375,10.304
train,pretrain,v3SZTqj2Skw,00006,0,pretrain,eh3cdTlh7VM,00027,-6.441934857586009,9.024
train,pretrain,HJY8gMsonU0,00010,0,pretrain,SsU5CJRaKP8,00014,6.3903519070445505,7.296
train,pretrain,qGSYmIPFO68,00009,0,pretrain,SPLooRl0PSU,00008,-9.419860085066942,4.288
train,trainval,6Af6bSwyiwI,50007,0,pretrain,nO69NjadSec,00010,-8.672806428609492,6.016
train,pretrain,xb4nTtpvDF4,00001,0,pretrain,k3zZVQPaKKQ,00015,7.655642897693987,3.776
train,pretrain,KyamsZXXF2w,00025,0,trainval,boSGZ3qSAys,50004,-7.54011970002975,4.16
train,pretrain,Sv36Vt9GmH8,00004,0,trainval,Pl8OlkkwRpc,50004,7.320738395995576,3.392
train,pretrain,weCFbknwZa8,00004,0,pretrain,UQniNhS6LOY,00004,-9.201551492950307,5.888
train,pretrain,fOk6HQaNpdE,00005,0,pretrain,kNhyOYv2ejw,00021,-8.663463975737857,4.224
train,pretrain,unNRCSj0igI,00002,0,pretrain,b1bKfLaiSlI,00001,4.270023444473106,9.92
train,pretrain,VpvzrtPtqeE,00001,0,pretrain,eLrBw8BKOWI,00007,-7.23770776338961,7.936
train,pretrain,ooIxHVXgLbc,00048,0,pretrain,SgYvy71CSSA,00027,6.51224218287248,4.8
train,pretrain,iRSjlgWE9GQ,00039,0,pretrain,5d4ZEgZU9Aw,00015,6.571569877760741,8.896
train,trainval,yA9xQB547Yo,50004,0,pretrain,7SjWguOXVwE,00004,-0.05789805818986338,3.392
train,pretrain,Dk37LhxjPEY,00009,0,pretrain,btF6nKHo2i0,00016,0.9437891646959606,8.128
train,pretrain,EiTrl0W1QrM,00003,0,pretrain,N9HF8mMe2pU,00009,-4.375073651737964,8.576
train,pretrain,Ssl0043HgQU,00022,0,trainval,CyElHdaqkjo,50005,-0.6635213357091647,5.888
train,pretrain,muEW4v6lBxc,00005,0,pretrain,Jp9b2Hf7QWg,00003,9.382663796917502,11.84
train,pretrain,pF72px2R3Hg,00058,0,pretrain,4c1lqFXHvqI,00032,-5.949525263416691,8.384
train,pretrain,Sf994ANuGIY,00027,0,pretrain,axRSF7ku0Zg,00012,-5.655452314009679,3.712
train,pretrain,ulLFP8axZVQ,00023,0,pretrain,ZCS0MZuVBwE,00005,-0.665350037889457,20.736
train,pretrain,ZBg5QvcZQP8,00002,0,pretrain,J9PgY1mbPgM,00018,-9.77104225091523,4.928
train,pretrain,D4cV8yfgNyI,00008,0,pretrain,xRdZXhyrO6c,00014,8.884681958561139,6.272
train,trainval,w5T0wS1OdMo,50001,0,pretrain,B8ofWFx525s,00012,1.6175088363755457,2.24
train,pretrain,mSQmfZOVNPw,00022,0,pretrain,4bHO8NZwmIg,00021,2.6800978171770353,8.192
train,pretrain,ww4kNxYE0c4,00030,0,pretrain,iq5lXSj6Prg,00016,-2.884489871112299,5.76
train,pretrain,3WMuzhQXJoY,00013,0,pretrain,nPdUMWGWE28,00008,1.342057787253692,5.12
train,pretrain,iE9HMudybyc,00002,0,trainval,u9Lu85L111Y,50001,-3.57725580846952,3.392
train,pretrain,xlggecnjOY0,00013,0,trainval,zISxg4JhSRk,50010,-6.744498181320317,5.888
train,pretrain,bczm0RsIZUM,00012,0,pretrain,y2yka9lyvMA,00029,9.362994538857176,15.296
train,trainval,SZSc5UCSZS0,50004,0,pretrain,fkPISY2Vg5k,00010,5.388017320835177,3.008
train,trainval,HQIi3nUXh0g,50021,0,pretrain,sYySLEdYr8A,00026,4.419192914151784,5.888
train,pretrain,GZyjTPEufLk,00008,0,pretrain,fLJsdqxnZb0,00020,4.7101810439162115,4.288
train,pretrain,bNpx7gpSqbY,00012,0,pretrain,iq5lXSj6Prg,00017,4.538751154749079,4.8
train,trainval,GIt6Z0k3PQo,50013,0,pretrain,NhSTVcNFtVI,00012,3.466532560872773,3.648
train,pretrain,JolJi3uLMOM,00008,0,pretrain,xbagFzcyNiM,00015,3.542318680300438,3.776
train,pretrain,XKc9MJDeqj0,00011,0,pretrain,gyM6rx69iqg,00024,0.8472636268248479,5.376
train,pretrain,LS6TWtYWaPA,00004,0,pretrain,IfjI0tVUpbc,00013,-3.7776776169130226,13.952
train,pretrain,1pq5jnM1CSA,00008,0,pretrain,pMUv6UWkuWw,00008,5.451052432173196,5.76
train,pretrain,ht1zFl7HyO8,00018,0,pretrain,AhKevstJyrc,00025,-0.3116793663849471,5.056
train,pretrain,4jBB5iibKy0,00015,0,pretrain,U7y4GlmwPLQ,00009,-2.1859455696033496,11.2
train,pretrain,LSGfqyhleUA,00041,0,pretrain,PfWGiu0jGv0,00004,2.7174307880044495,4.608
train,trainval,rueQgStScw0,50004,0,pretrain,g2m97gPI70I,00020,4.570655229061863,2.88
train,pretrain,A7ktYbVwr90,00027,0,pretrain,JmZpFy1QUww,00002,-0.25567770264103906,4.8
train,trainval,6k8YBJ5sgko,50010,0,pretrain,Cqj0sgrNL10,00038,-2.445421793326714,4.864
train,pretrain,UROCz70tlMY,00012,0,pretrain,8u9Wvz1edxI,00018,-2.476879397081479,7.936
train,pretrain,uEkgM9P2C5U,00003,0,trainval,vvlozhvQPJw,50001,2.4537835787387223,6.08
train,pretrain,dV7TJgJmD2g,00009,0,trainval,askcLEVCTko,50009,-3.935335721453561,2.624
train,pretrain,Kc0Kthyo0hU,00015,0,pretrain,06M8qY7Q74Y,00030,2.912502008473904,2.944
train,pretrain,VNGFep6rncY,00014,0,pretrain,i0QKBKWnkxg,00013,5.770641737819357,7.552
train,pretrain,eAnHjuTQF3M,00002,0,pretrain,GW02Vo641dU,00026,-7.095409059700819,7.936
train,trainval,ZWfCi9WxK1E,50002,0,trainval,cj5LZBmiQu4,50016,2.2593492692674992,2.624
train,pretrain,bCGlWQnzDVE,00027,0,pretrain,PJy8vTu66tE,00005,5.729858600057069,4.928
train,trainval,LZXUR4z2P9w,50003,0,pretrain,SKx2lfobPuU,00034,-5.1594493082008785,2.944
train,trainval,fSmQIWnO3Ag,50002,0,pretrain,AhUhpfKeLus,00016,7.789781607201739,3.2
train,pretrain,PENUoKd5Feo,00002,0,pretrain,sucza6EOIf0,00003,9.90999783388179,18.816
train,pretrain,uSMqkSqSgN4,00021,0,pretrain,dsmgvrcH94U,00014,7.014957316471598,7.68
train,pretrain,0K5OO2ybueM,00021,0,pretrain,pyWrZceeKNE,00003,1.2230600674609668,7.488
train,pretrain,6wk4dkYSrV0,00023,0,pretrain,Kp13yOhLEbU,00019,-0.8341944564522343,4.224
train,pretrain,1OQkdRdfyjI,00008,0,pretrain,XS3m37czBfk,00007,3.880090365813757,10.176
train,pretrain,F0ofeD8VKMA,00056,0,pretrain,dgYItsUBW1M,00006,2.6866857352430262,4.736
train,pretrain,qrNDkRHAA4E,00013,0,pretrain,nUdsTizSxSI,00017,-5.747505034427325,4.288
train,pretrain,qZYNWW4M7yM,00009,0,pretrain,DjcZrtcBZi4,00008,1.6793643826291653,13.504
train,pretrain,KVjkFqS7Y6A,00034,0,trainval,UeKZYCq3s0E,50002,-8.549162193311705,4.16
train,pretrain,zGEDHMF4rLI,00021,0,pretrain,4BZuWrdCS9Q,00024,0.16790807213217462,3.52
train,pretrain,uRdQS2sjF2s,00020,0,pretrain,guXxy8LH2QM,00005,1.7224262507215542,9.344
train,pretrain,w8lH8tNlAXc,00020,0,pretrain,ydKcaIE6O1k,00025,-7.8160960139553755,3.2
train,pretrain,hha0NsYXS5c,00017,0,pretrain,AQ8cpjEdpmI,00032,8.696489747923785,6.336
train,trainval,Rpsf1YJsbbI,50031,0,pretrain,90mj79GqWhc,00011,2.6078023750876245,4.736
train,pretrain,F8pUtbSgrxc,00045,0,pretrain,vMwPTI54rqQ,00002,2.285187023242578,6.72
train,pretrain,EZSf3Fc0ZRA,00006,0,trainval,CWU13rx44j8,50027,5.98073532322659,2.176
train,pretrain,zXSrqdSohyA,00017,0,pretrain,PXMJobWlXks,00025,3.7158163392944648,4.416
train,pretrain,Svo01ldlTQc,00016,0,pretrain,kTsqFn33RiQ,00002,7.744699687347687,5.568
train,pretrain,GHcCs4TPvYA,00005,0,pretrain,aT6vIq6S1OE,00003,1.4607885506826523,4.16
train,trainval,cpsRAk5HpK4,50017,0,pretrain,dk60sYrU2RU,00015,-4.187144227541351,2.816
train,pretrain,UlDWRZ7IYqw,00002,0,pretrain,bGBamfWasNQ,00022,9.767506656825798,8.96
train,pretrain,9SGSSQssNj4,00012,0,trainval,7ZWTG0SeCEg,50037,-9.020193658394291,3.456
train,pretrain,njVJz0wZUfI,00005,0,pretrain,z9sa2ZAqHl0,00011,5.227925351222172,4.224
train,pretrain,FRKg49ySnNw,00023,0,pretrain,LsESSyMnwmU,00017,9.666796927884402,8.0
train,pretrain,eRQdAOrqvGg,00043,0,pretrain,IL2lb9fmIV8,00013,-1.0012511457867763,9.088
train,pretrain,2ju61VPdTzw,00017,0,pretrain,acNSymOsL6M,00025,-3.739432787091504,6.976
train,pretrain,QoRZNSVpt3Q,00003,0,pretrain,HQNfpElOiZY,00004,-6.683824135107348,5.184
train,pretrain,XRWTyUVh0BQ,00004,0,pretrain,5nys6iebjHw,00043,1.977674062479247,7.04
train,trainval,VSJpBJal3F8,50005,0,pretrain,8OkzozrUEHY,00011,-3.523115872706968,2.432
train,pretrain,Sd7lvPpDDUg,00011,0,pretrain,StqRJhHNUGA,00009,8.01575188510164,13.12
train,pretrain,KSWL5iqvPlY,00017,0,pretrain,Zctk6MZaxMk,00017,-8.52234250664402,17.984
train,pretrain,fDV4fDWUo6U,00016,0,pretrain,SS3qnZrVy9o,00002,-7.302754184335056,4.032
train,pretrain,MF2Q6CcGN7E,00004,0,pretrain,LhjsRjC6B8U,00003,5.263537279294209,10.88
train,pretrain,1X8b7mXImVM,00017,0,trainval,csnxJFQw98k,50003,-5.062875419017185,2.048
train,pretrain,b0vDWqp6J7Y,00002,0,pretrain,G2Y6Am46eVU,00031,3.623490009991528,3.456
train,pretrain,tH5iEf9oxaI,00048,0,pretrain,goYIHXKvwLk,00002,-0.6710055520337086,4.16
train,pretrain,acNGOQO7URc,00014,0,trainval,vPhM8lxibSU,50006,1.1926339156579662,2.688
train,pretrain,uHnqvhWQMV0,00009,0,pretrain,cf3zxHuSM2Y,00033,7.528260986522362,3.84
train,pretrain,BcTOSxcv2So,00003,0,pretrain,Hc6yiSFtoNo,00004,1.2863435401097068,8.384
train,pretrain,g9M3HIjHuq0,00001,0,pretrain,XVXmYD0UPRQ,00002,-3.94494157919715,12.288
train,pretrain,y8qc8Aa3weE,00020,0,pretrain,k4vzhweOefs,00073,-0.06982124950259916,5.76
train,pretrain,1InHN8JPazA,00020,0,pretrain,kdqUhTnAgJU,00016,-6.128470821950742,5.568
train,pretrain,ofsncCF9OSU,00022,0,pretrain,eyBEIx7fCfY,00009,-2.2229918882677557,5.76
train,pretrain,kjmsb9pDrF0,00026,0,pretrain,jT5rRh9AZf4,00031,-1.8312331189071642,3.52
train,pretrain,Svo01ldlTQc,00027,0,pretrain,ARGkp6am3S8,00020,-4.546547291512601,5.248
train,pretrain,atKSMfx4E3I,00013,0,pretrain,MLKj1puoWCg,00001,-8.615339762056564,7.488
train,pretrain,4sg9TlsMRVA,00035,0,pretrain,eLz9TvxGoKs,00021,0.9541021100606457,5.376
train,trainval,fTosle3h3G8,50002,0,pretrain,oghkCpRYVjU,00004,-3.918883846286314,6.08
train,pretrain,x5LshSZn5RA,00042,0,pretrain,Rr5Py1r9xjw,00010,-9.35333446301803,5.632
train,pretrain,CVaSIZVzUoc,00003,0,pretrain,8m5Ebx6nuGE,00003,-2.3635725222364297,6.656
train,pretrain,tH5iEf9oxaI,00046,0,trainval,f6CILJA110Y,50042,5.496031160731787,3.584
train,pretrain,F0ofeD8VKMA,00012,0,pretrain,NMfXycr7SOU,00014,-3.03460971474456,9.408
train,pretrain,csnxJFQw98k,00010,0,pretrain,0akiEFwtkyA,00013,2.6250252822944287,5.952
train,pretrain,u9hauSrihYQ,00007,0,trainval,KfK3eKSkOQA,50007,3.158629014751435,2.816
train,pretrain,TDCYJ3Sgx2w,00004,0,pretrain,3nsoNSLS8RQ,00007,-4.754577484370264,4.48
train,pretrain,iW4fCwfw1vg,00028,0,pretrain,5aLiFw8CSEA,00008,9.968479397383057,7.68
train,trainval,XFOkSdlPafQ,50012,0,pretrain,weyd0UMdP7g,00007,1.5178949307109377,6.144
train,pretrain,tTvIEUGCigk,00010,0,pretrain,kSR8G8mfp84,00020,-9.944513104383137,5.504
train,pretrain,hZS5swhJHUk,00001,0,pretrain,1QQ3gWmd20s,00019,1.7201952046078546,4.352
train,trainval,ReCvreRPdeY,50002,0,trainval,lPtPG2lAmm4,50005,4.107589205835655,4.032
train,trainval,3LzX36sShcs,50002,0,trainval,H2rG4Dg6xyI,50051,-8.929819329981823,2.176
train,pretrain,SVOBeHsQlVk,00007,0,pretrain,H3YbZsStuSI,00013,4.282019362304069,12.096
train,pretrain,folTvNDL08A,00026,0,pretrain,YmRKlZEXVQM,00031,-1.859295350408896,6.08
train,pretrain,K74JqctvM2g,00017,0,pretrain,SgOTaXhbqPQ,00004,-1.912026324856491,5.568
train,pretrain,N37x4GgDVBM,00010,0,pretrain,G1RRbupCxi0,00007,3.6381979821009747,3.264
train,trainval,rFAdlU2ETjU,50004,0,trainval,PL9wP3pAl7A,50003,8.496812875879261,2.112
train,trainval,wfNX1cHkSfE,50010,0,pretrain,4ZgwzSm7sRs,00024,-6.883685785783131,5.76
train,pretrain,kYZqyjzuaOw,00006,0,trainval,CWU13rx44j8,50013,2.5394553237670703,3.456
train,pretrain,6gSwRHScq6M,00055,0,pretrain,MqnbE5WRPEU,00025,0.8401406200056662,6.208
train,pretrain,QijH4UAqGD8,00021,0,pretrain,sBsuIAscshE,00047,-9.950346231713912,4.16
train,pretrain,5iqZzi9mj4M,00031,0,trainval,wn8S33NBB04,50015,0.9008943414170609,4.416
train,pretrain,iP9QFSlBOyA,00031,0,pretrain,97MWOERYSdE,00047,5.749512340433988,3.84
train,trainval,QekbuidfQKo,50047,0,pretrain,fkPISY2Vg5k,00001,-9.079737951083375,3.52
train,pretrain,86xSuStz0MA,00028,0,pretrain,uXlSmKZ7aSc,00003,-0.482414726192804,9.792
train,pretrain,eYe0Rca4NbM,00007,0,pretrain,dsMCVMVTdn0,00002,-6.270269874042467,8.576
train,pretrain,B8Z2G7d2kzs,00011,0,pretrain,b64qvG2Jgro,00011,9.288220040898658,4.288
train,pretrain,VYU25aJpg5o,00043,0,trainval,DW5YctpK7pM,50006,0.45053807644559285,6.144
train,pretrain,syjEN3peCJw,00036,0,pretrain,GSmaUPREKlU,00008,-6.4379656007823804,10.432
train,pretrain,qIVTKBeiabI,00016,0,trainval,2OlhCITl1J4,50002,-5.154581452338583,5.888
train,pretrain,fJ36gCwKVec,00008,0,pretrain,Ufs8cKyzLvg,00020,-4.173259943589766,3.136
train,pretrain,dskNubEgzCk,00010,0,pretrain,aUYSDEYdmzw,00008,9.812350044123008,5.184
train,pretrain,u9FSvAVQvGM,00008,0,pretrain,sSXv06gUX3Y,00024,-9.378803444684493,3.52
train,trainval,sEOSCziWuP8,50004,0,pretrain,ZQBSh9k74aY,00012,-3.5371251439341016,2.176
train,pretrain,IRxgDMSp9Gs,00006,0,pretrain,7POkIJfbMyU,00018,-3.0065115233659974,20.992
train,pretrain,ZBrbHy7l3tg,00003,0,pretrain,KQEWc3LVfyc,00083,2.668737389112316,4.096
train,pretrain,XRWTyUVh0BQ,00021,0,pretrain,gbDraZi7FS4,00001,-4.586931211859795,6.208
train,trainval,UUqr4P7P3gM,50002,0,pretrain,VM6HZqQKhok,00036,-9.030662850967385,2.432
train,pretrain,nwZkoAeOzuo,00025,0,pretrain,IL2lb9fmIV8,00008,-9.468704556164113,6.4
train,trainval,G1RRbupCxi0,50018,0,pretrain,0ITHlySbhJE,00015,4.668437501732871,6.016
train,pretrain,6XS8TA4RBog,00031,0,trainval,9EVEmZ2cSes,50021,-7.393284542884018,5.76
train,pretrain,0af00UcTOSc,00029,0,pretrain,IL2lb9fmIV8,00025,-3.7676617856823817,3.52
train,trainval,9SQYDFiWnSs,50019,0,pretrain,tsFKSfItBoE,00011,2.448037596779365,3.2
train,pretrain,DM1SDVSFhc4,00011,0,trainval,iQsnObyii4Q,50002,-0.8299129337930822,4.608
train,pretrain,HV4loecFZh8,00004,0,pretrain,sYySLEdYr8A,00021,-3.116795774095271,7.616
train,pretrain,NRcPXtqdKjE,00056,0,pretrain,fm9SH6NucHk,00017,-9.358866130011105,4.672
train,pretrain,j3BKOnw9mD8,00014,0,trainval,oiZ42KUsxGo,50002,-7.331330567118435,4.736
train,pretrain,dgYItsUBW1M,00027,0,pretrain,WbuIl6phdco,00009,3.210575568691624,7.232
train,pretrain,r3L9n20myqk,00014,0,pretrain,57FMau29OSg,00014,-0.15417984360889392,8.32
train,pretrain,wznroZvpVHU,00002,0,pretrain,eS5wqwp64MM,00006,-2.7898403754717593,5.12
train,pretrain,wmE8dQcZgB4,00010,0,pretrain,nzj7Wg4DAbs,00013,7.4350031038644495,7.552
train,pretrain,y9wzaxSPtIo,00010,0,trainval,2Oe6HUgrRlQ,50001,-1.614882349447388,2.816
train,pretrain,iUbfRzxNy20,00022,0,pretrain,jguSkEMwrcc,00017,2.1358126129630683,5.568
train,pretrain,hcIpbUsIVKw,00001,0,pretrain,E3SSSS5SFHQ,00003,0.6634730287999204,4.096
train,pretrain,0MMSpsvqiG8,00001,0,pretrain,jvBaRf9LHDs,00016,-6.489868685362595,7.552
train,pretrain,HjnclEhy960,00010,0,pretrain,TOSSkVIkY6A,00018,0.3719594741579062,20.864
train,pretrain,v22SdEMzxO4,00016,0,pretrain,S8fxEWsQy9s,00009,9.114171130288046,5.76
train,pretrain,g2m97gPI70I,00004,0,pretrain,pF72px2R3Hg,00006,9.76167303472472,4.096
train,pretrain,SY78HMlWo6k,00005,0,trainval,o2BJsFkzSYU,50004,0.9952342371365113,2.56
train,pretrain,0FkuRwU8HFc,00018,0,pretrain,vzKA1y3cdYI,00013,-1.4287158113452705,2.368
train,trainval,ZBg5QvcZQP8,50003,0,pretrain,V2u6CzpRqts,00009,4.492692710929525,4.16
train,pretrain,rQNisRKhSiU,00007,0,pretrain,jAGgKE82034,00036,-6.741357551442702,6.912
train,pretrain,XMSQKG70a5s,00002,0,pretrain,OmMv9tShW8k,00003,-4.238909321553814,5.888
train,pretrain,j3BKOnw9mD8,00001,0,pretrain,vNDhu2uqfdo,00010,0.6236759031970287,3.648
train,pretrain,lwL4hjhkid4,00004,0,pretrain,SYpHNImNsx8,00022,-4.126606662059302,6.976
train,pretrain,KnFZpoplGQo,00005,0,pretrain,weCFbknwZa8,00010,-7.536729058240994,6.208
train,trainval,gjCwsdCssdk,50008,0,pretrain,T3I6LwDSfPE,00016,-1.3653194311146617,3.008
train,trainval,VN357QrUdEc,50035,0,pretrain,XoBSE2C1u0s,00013,2.503598630251897,3.904
train,pretrain,vtjbyBUYYzY,00004,0,pretrain,rni41c9iq54,00016,-7.0476826010407745,3.776
train,pretrain,lkzoQuzlW4M,00002,0,pretrain,qgv8VoyJ3wA,00009,-4.21665652673239,11.008
train,trainval,9o2CRjTRKIA,50019,0,pretrain,frrZbq2LpwI,00008,-1.2917472080432209,6.016
train,pretrain,Qm172DbaSbc,00030,0,pretrain,AyWtIwwEgS0,00016,5.310775671615415,3.584
train,trainval,CjB6DQGalU0,50001,0,pretrain,25onkAGt3Gs,00025,5.537856536976944,6.08
train,pretrain,SK095wuESeE,00025,0,pretrain,g2J6YOiLNr4,00049,2.831049938492942,3.584
train,pretrain,4yyPSZSGLOI,00025,0,pretrain,K0PJbPlZoNI,00009,-0.3242855163615861,6.72
train,pretrain,v9dEgXR1iWE,00016,0,trainval,deT1mILtFEY,50017,-0.7290025015733157,6.016
train,pretrain,jMVAgCPYYHY,00008,0,pretrain,x5LshSZn5RA,00002,5.261073346834852,5.504
train,pretrain,YKACzIrog24,00008,0,pretrain,chXsLtHqfdM,00018,1.2215704459133896,7.36
train,pretrain,m048uAa8L3k,00024,0,pretrain,2NENlXsW4pM,00010,2.298957560326972,8.64
train,pretrain,pz1TDXKSTHc,00033,0,pretrain,by3NnWvSCj8,00013,5.905339246184294,5.184
train,trainval,orumugzJpt0,50002,0,pretrain,Ctz4E2ARkCg,00016,-4.037089900705711,5.12
train,pretrain,ZJodZcGfTVE,00025,0,trainval,gWPFJgLAzu4,50014,-9.180857169603984,2.496
train,trainval,eyBEIx7fCfY,50007,0,pretrain,AS3Pyc4Qr2Q,00034,5.431895401975881,2.688
train,pretrain,BXcFEhl7ynM,00003,0,pretrain,VSUWNySSpLI,00006,1.2116474807975024,8.576
train,pretrain,YwSGTipx3As,00002,0,pretrain,LtWINl3CS7s,00002,6.818569469898957,6.208
train,pretrain,pimgaSjgwWQ,00006,0,pretrain,gVLu99Ja2mA,00041,9.760747851534742,17.6
train,trainval,d5wfMNNr3ak,50018,0,pretrain,u4m65sbqbhY,00008,2.957763724484499,4.224
train,pretrain,BA8XOF6IpXA,00024,0,pretrain,cK74vhqzeeQ,00028,0.1516095286499759,4.736
train,pretrain,Z1R1z9ipFnM,00006,0,trainval,4yyPSZSGLOI,50013,-5.319205121495192,4.352
train,pretrain,DqsvwHG9cSM,00017,0,pretrain,mSQmfZOVNPw,00003,-6.863768194122015,11.2
train,pretrain,6a6vVIdQBd0,00011,0,pretrain,rufeSSlZJg8,00002,-1.143206647548789,8.576
train,trainval,f5udS4pbXPk,50015,0,pretrain,Eu22Wgu98VE,00001,8.454184211401643,3.328
train,pretrain,YbtrDM1aJF0,00004,0,pretrain,8woKcr7uSYQ,00017,5.055526133543962,6.656
train,pretrain,pMNxSROBwrg,00002,0,pretrain,C74amJRp730,00026,-3.074926102812716,11.008
train,trainval,PDefVd8DRxM,50004,0,pretrain,LsESSyMnwmU,00055,6.024961251430216,2.496
train,pretrain,Syi9bqfFIdY,00031,0,pretrain,esugL07XANg,00064,0.5408640487673839,3.84
train,pretrain,CQ6by9cmt54,00016,0,pretrain,YiXdS9DFCOQ,00021,8.19341514587919,4.096
train,pretrain,Hui5YHSD6Go,00022,0,pretrain,zjvsA0v7r0g,00012,5.284424836519703,10.048
train,trainval,nCwwVjPNloY,50005,0,pretrain,XSuZ6ukuz5s,00019,5.384447587657608,3.456
train,pretrain,WIebxoTx408,00012,0,pretrain,y9ALB39wRKo,00054,-5.062683534428309,7.488
train,pretrain,SDSjySgNSTk,00014,0,pretrain,GB4s5b9NL3I,00028,-6.6681693246726255,6.976
train,trainval,bLGTrz1Zolk,50021,0,pretrain,MOFdlEbu15g,00030,-1.0005922501129643,4.16
train,pretrain,utV1sdjr4PY,00019,0,trainval,ce31WjiVcY0,50008,2.7819853469167803,3.456
train,trainval,ElJxUVJ8blw,50001,0,pretrain,IvtZBUSplr4,00008,-8.267870204038433,2.176
train,pretrain,S9ry1M7JlyE,00015,0,pretrain,5YL3LT1ZvOM,00026,7.842628140639988,6.848
train,pretrain,vUP0ytS6ba4,00002,0,pretrain,uSTmKo75gJI,00026,-5.831345205079064,13.952
train,pretrain,sWnAtLt8kSs,00033,0,pretrain,py1RrSdVt5A,00015,-2.113224357946324,4.736
train,pretrain,fbAj9JfCXng,00001,0,pretrain,WNDWYW4yWEM,00014,-0.042465334584832704,4.736
train,pretrain,68c2M4r9oQg,00006,0,trainval,be03wdS5Klc,50004,-2.420196019798871,5.632
train,pretrain,SMTRxRO5SRA,00013,0,pretrain,teVE3VGrBhM,00011,3.600206916058113,8.128
train,trainval,GOZOhpxSAFI,50018,0,pretrain,ZCRC5S0kfiw,00019,9.6563810847314,3.456
train,pretrain,qrNDkRHAA4E,00025,0,pretrain,vzKA1y3cdYI,00012,-0.3590276574696851,3.904
train,pretrain,WAuDCOl9qrk,00009,0,pretrain,potB0voQzNg,00039,-8.209470922872589,5.376
train,pretrain,MgnnQ2CN6yY,00014,0,pretrain,qVJBlW0j6tw,00001,-2.5579016674004773,11.2
train,pretrain,KyamsZXXF2w,00018,0,pretrain,Oa82WNk0mis,00019,-3.085310220535666,6.72
train,pretrain,9VOHt1oULJ0,00016,0,trainval,HQIi3nUXh0g,50002,9.854171323512823,5.952
train,pretrain,IW8mHxAkOtA,00022,0,pretrain,PJy8vTu66tE,00011,-6.568038287531031,9.92
train,pretrain,y7LXwGfvxwo,00029,0,pretrain,LSGfqyhleUA,00026,-1.0106771428223364,4.224
train,pretrain,BoRUrWcdkQ4,00016,0,pretrain,mK6IdD4GXPo,00012,-8.45593266946734,5.312
train,pretrain,AdHSwXl2nuQ,00018,0,pretrain,ziGD7vQOwl8,00030,2.522636220682104,4.736
train,pretrain,U5kIdtMJGc8,00039,0,pretrain,8JSMI8Xrwms,00011,-9.274666264418471,6.528
train,pretrain,drv3BP0Fdi8,00015,0,pretrain,I9tB6Q5bmcQ,00016,-4.537502108391607,9.792
train,trainval,d6wGSsAdP0U,50003,0,pretrain,WGBTz8ciZLg,00007,-7.092490530919775,4.544
train,trainval,sNV4yIyXXX0,50014,0,trainval,o0VrZPBskpg,50011,5.210651771803647,4.288
train,pretrain,ImmtTHYU5GQ,00023,0,trainval,Sk0ywFgMpFk,50012,7.880380785620332,2.496
train,pretrain,rugSZIFY7mc,00024,0,pretrain,vhfcedpoCLo,00001,0.5312237861151914,9.6
train,pretrain,t0pwKzTRG5E,00002,0,pretrain,x7I5BWWS0c8,00012,1.3249006131283547,9.152
train,pretrain,Tg35UfOJhe4,00020,0,pretrain,vNDhu2uqfdo,00002,-9.24098479128393,6.656
train,pretrain,jryCoo0BrRk,00003,0,pretrain,potB0voQzNg,00023,0.8235416968902225,7.616
train,pretrain,LSdPxGLesE4,00041,0,pretrain,8sQ2p89P0Us,00015,-7.913796959644017,4.544
train,pretrain,troxvPRmZm8,00004,0,pretrain,RlQEoJaLQRA,00018,4.241425107917447,2.688
train,pretrain,pVQdpofMhwU,00008,0,pretrain,ay8OMOsf6AQ,00008,-7.7997630299102845,4.16
train,pretrain,Uq1idqpX9SA,00012,0,pretrain,YsUAEFJsOdA,00002,-9.679815029982207,4.8
train,pretrain,6Eu964BbJO4,00005,0,pretrain,jT8G44XPYW8,00004,-9.940866525196885,9.088
train,pretrain,SxMWqUe8FdU,00014,0,trainval,fDzj9vRw5yM,50001,-8.72032008558101,6.016
train,pretrain,sJCBM9ajA5s,00001,0,pretrain,2g9GedPylM8,00018,-1.7093326163857618,16.192
train,pretrain,osBbP6Om4Mg,00009,0,pretrain,PS2h8hSFphs,00008,-9.763379409650367,7.04
train,pretrain,hxPiz2sE0h4,00041,0,pretrain,PcQwHHbjZ0A,00037,7.850853790374956,3.968
train,trainval,CpaFX6Ei0nU,50012,0,trainval,dLHWVTa5xZs,50002,-5.846344222533675,2.752
train,pretrain,jpRqbP9Nv9k,00024,0,pretrain,fv8KpQY0m6o,00008,3.0522817214039613,4.736
train,pretrain,SJmnB54WRgk,00007,0,trainval,0D9QIG36J9Q,50015,9.228246260208572,3.072
train,pretrain,znO7UHpxgTI,00017,0,pretrain,fYUaWgVF2XA,00007,-0.26109992593275955,8.448
train,pretrain,qQJHZZwI8zE,00009,0,pretrain,DJGreSgaOTc,00031,9.625874089149178,4.416
train,pretrain,46wWjKTn4Ac,00028,0,pretrain,Y0UB6g8Rsyw,00006,-5.38715800219361,18.304
train,pretrain,kSGFq12w5WU,00025,0,pretrain,IRxgDMSp9Gs,00035,-9.545224695174744,3.968
train,pretrain,mK6IdD4GXPo,00016,0,trainval,5p0ptQizXjg,50001,6.5000212940053785,2.176
train,pretrain,c00zfzk4gdg,00018,0,pretrain,X2et2KO8gcY,00009,-4.901523556479763,11.072
train,pretrain,cXbXNV9SZAg,00032,0,trainval,Fb3yp4uJhq0,50007,8.536759484136098,2.56
train,pretrain,ASQpKiUSNHo,00035,0,pretrain,O4Og5tFNiaU,00043,3.165759758178366,3.84
train,pretrain,NVPxmzSPvUw,00013,0,pretrain,rFAdlU2ETjU,00011,-0.7347217996728599,4.736
train,pretrain,RjrS5EqZlUs,00028,0,pretrain,ppZ2WIlRvR8,00003,6.5570025543734225,5.248
train,pretrain,TBIL2sdfoVc,00007,0,pretrain,aySy3tSYGYw,00002,2.1299984634363973,3.52
train,trainval,NMQGa6grfeE,50004,0,pretrain,y9ALB39wRKo,00002,-6.46652713685471,3.712
train,pretrain,3icoSeGqQtY,00012,0,pretrain,SJWoKsfsSaA,00037,1.9211950132848479,6.016
train,trainval,0g2WE1qXiKM,50006,0,pretrain,Uq1idqpX9SA,00021,-6.668421954351813,2.752
train,pretrain,b2MSSeKey4o,00016,0,pretrain,mUJdzaLDRIo,00014,-9.807343374112623,2.368
train,pretrain,A9qqR8NVbtM,00003,0,trainval,UvbFr0eSsg8,50001,-6.212828737369405,2.624
train,pretrain,jxKUDXrtDFI,00010,0,pretrain,lVQ3KUTHDe0,00012,-1.4081087914821886,6.976
train,pretrain,HaHeAdJNa70,00004,0,trainval,6Eu964BbJO4,50004,-6.0398491670019006,3.648
train,pretrain,G88JZ1DIdg8,00006,0,pretrain,P82edb1SCNs,00036,6.619677075352431,5.76
train,pretrain,EfXidZmAW1s,00018,0,pretrain,CK5w3wh4GSM,00018,9.30578330933583,6.912
train,pretrain,zWxFhFZJDks,00020,0,pretrain,RAec7hRHVKs,00004,-0.42469542073558486,9.088
train,pretrain,lfykytI3A6k,00036,0,trainval,fKyljukBE70,50001,9.626027842304087,4.928
train,pretrain,zqnZCSVsqPw,00022,0,trainval,fvoWoMIwrSg,50004,8.733427249699343,3.904
train,pretrain,t9c7aheZxls,00017,0,trainval,56WGgJNBRxQ,50007,-7.2343421143887765,6.144
train,trainval,PDefVd8DRxM,50002,0,trainval,f6CILJA110Y,50038,9.519048540863771,3.968
train,pretrain,hw321SwC6kA,00001,0,pretrain,avuhY7D71sQ,00045,-6.848913588594674,7.616
train,pretrain,3LfVxGdczEA,00002,0,pretrain,G8cjIBwP52o,00007,4.461874258215687,5.12
train,pretrain,Si644sBMaOY,00004,0,pretrain,rKtmsVa4Kvk,00053,-6.931810526827508,9.28
train,pretrain,9UbnOKC1ioU,00010,0,trainval,BT2XlI8oeh0,50021,-8.829522416292901,4.16
train,pretrain,XOU2ubWkoPw,00003,0,pretrain,kvpUiBqHoVM,00021,-4.643414933221632,7.872
train,pretrain,1X7fZoDs9KU,00006,0,pretrain,MqnbE5WRPEU,00021,9.134764294597908,8.96
train,trainval,WHjKnNbYiOs,50005,0,pretrain,85bqT904VWA,00024,-4.106216211091443,6.208
train,pretrain,LVFVaWCV1TE,00015,0,pretrain,AgMOJC5R4F8,00002,1.414834383970005,4.352
train,trainval,8LQhhYgjlJ0,50001,0,pretrain,VvQSG24Zwek,00002,9.040269876709182,5.952
train,pretrain,FrgzvykPILc,00029,0,trainval,gmjSazFbpkA,50021,-6.891119893758811,5.888
train,pretrain,ZChEFOGSn8Q,00042,0,pretrain,iISw251TIgw,00024,9.206579608594865,4.416
train,pretrain,wznroZvpVHU,00015,0,trainval,SeJwaOCYWwM,50003,2.5762882093884336,4.736
train,trainval,BYeYVuqD8kU,50008,0,pretrain,n3qA8DNc2Ss,00025,5.068967758260833,2.176
train,trainval,04SEzifEsGg,50033,0,pretrain,u9hauSrihYQ,00010,-1.1487804319111063,2.048
train,pretrain,6JM9JD2iYrk,00003,0,trainval,APPbSStpGHk,50010,7.067200412731431,5.312
train,trainval,IHyR7p6Shn0,50043,0,pretrain,73cTNHEQhkQ,00006,0.9241288492850597,6.016
train,pretrain,ggPh4X7UKwY,00015,0,trainval,2TDLN61HKKc,50005,4.34123623260936,6.08
train,pretrain,LkOmfSSQLgI,00003,0,pretrain,vPn94XAUBoo,00017,5.427378495901785,6.784
train,pretrain,ZoDYTYSeuN8,00015,0,pretrain,wgeh4xhSA2Q,00003,8.163705797227902,6.336
train,pretrain,7LcSdlVrg5M,00012,0,pretrain,G6dfUFgKmN4,00022,3.8165957345028687,7.872
train,pretrain,ouXGIw7gBmk,00021,0,pretrain,pLqjQ55tzSU,00011,1.5784981741918038,6.4
train,pretrain,ORBf73HiJns,00035,0,pretrain,RKK7wGAYP6k,00012,1.1131943512317939,5.248
train,pretrain,fW6AndSUByo,00007,0,pretrain,7H0USvVSfhU,00008,0.7596531613060797,7.488
train,pretrain,NP8xt8o4S5Q,00005,0,pretrain,Kk7kzUt3SLc,00014,3.435373107768429,9.792
train,pretrain,HTf7Ziklcms,00030,0,trainval,cSohjlYQI2A,50002,-0.10570136240523986,3.456
train,pretrain,LVSRvzXGH2Y,00005,0,pretrain,jk6Y3f2c4SI,00004,9.02498123574534,3.776
train,trainval,oml5JLFKgH8,50001,0,trainval,osBbP6Om4Mg,50002,-3.224438581727247,5.312
train,pretrain,lwcvhh4pLjE,00050,0,pretrain,8meWY0W40OA,00014,-0.230875887289276,10.88
train,pretrain,PYSkd46RfVE,00063,0,pretrain,HgRJNsTb08Q,00019,6.153866944369334,14.528
train,pretrain,zyet9fPS24k,00003,0,trainval,YATYsgi3e5A,50004,-6.960865409263075,2.048
train,pretrain,Rv9SwZWVkOs,00003,0,pretrain,7DCofMA9eQA,00004,0.12548631906872565,5.888
train,pretrain,s7R5Ty1XfqE,00003,0,pretrain,VObLitSe3K0,00022,-6.9512080987833125,5.312
train,pretrain,waRCSCQnoeY,00025,0,pretrain,RgtoZ2ue05w,00011,0.6257154957239877,15.808
train,pretrain,AvtStbwMQqs,00017,0,trainval,BPMrcY9z0nM,50019,-9.479546481754909,2.496
train,pretrain,kTz52RWSbD0,00021,0,trainval,jodhovumkHQ,50017,4.077761346707732,2.368
train,trainval,WonC2e5aOGE,50002,0,pretrain,JKsHhXwqDqM,00027,-6.538231028796453,4.352
train,pretrain,mAvSoNUgMno,00012,0,pretrain,rSqYQXRVP0k,00022,-6.8823370688505925,5.12
train,trainval,289ZxBZdKvY,50007,0,pretrain,HirySSCYiwI,00013,-3.2181158640047265,5.888
train,pretrain,BzDEFAGvShc,00015,0,pretrain,95MmftgCHMo,00002,5.824888479878311,9.024
train,pretrain,UkLWzSxAQJU,00009,0,pretrain,tiwVMrTLUWg,00002,3.6631945074823964,6.144
train,pretrain,Fc1yN6uxZfQ,00037,0,pretrain,2mU8xezh7rQ,00020,1.2174505972229,5.824
train,pretrain,Fom14XGMFHA,00004,0,trainval,szU2S1infqc,50001,9.627011996514359,5.888
train,pretrain,FJFxLQCo83U,00037,0,pretrain,BWWPZlaq35U,00010,0.9881922175442508,18.176
train,pretrain,OSz2v42F0E0,00025,0,pretrain,ShFk6FDrZBc,00027,4.828729491993471,6.72
train,pretrain,itnoDEL5QjQ,00016,0,trainval,UoBUXOOdLXY,50002,-1.4492887456859584,2.176
train,pretrain,d4Dj0qdWLnk,00004,0,pretrain,MrEuta9GPGM,00011,-4.491050924999797,6.976
train,pretrain,FN0fjOsJIxk,00006,0,trainval,7sqeoYOQ4qg,50002,-8.54117892610794,3.84
train,pretrain,a4PUlSHZvf8,00002,0,pretrain,9o5jAaZn2p0,00004,4.928355555904256,3.776
train,pretrain,x3AwnkR92EA,00005,0,pretrain,Uwl012o8P7I,00001,9.071197062157342,6.208
train,pretrain,NWUFjb8w9Ps,00011,0,pretrain,G0ZjSInJ4BQ,00021,9.043672509791051,14.528
train,trainval,U23gPSGhW1w,50001,0,trainval,FzAyOddR5u4,50013,-6.66405900829006,4.224
train,pretrain,emeEpzkf044,00003,0,pretrain,XbgdpsXDU2o,00001,-1.5035167933562086,9.6
train,pretrain,5aLiFw8CSEA,00012,0,trainval,tTvIEUGCigk,50005,5.682410090421005,2.688
train,trainval,UzuUljhS9uI,50006,0,pretrain,bEdvQjTGYP8,00017,1.8420689343392773,2.816
train,pretrain,FJFxLQCo83U,00011,0,trainval,iEySxTbcr2A,50005,3.966431882666569,6.144
train,pretrain,4SkoG9FWP4w,00012,0,trainval,N37x4GgDVBM,50014,3.6459140588677776,5.888
train,pretrain,pWrgvI4nyyg,00009,0,trainval,XMSQKG70a5s,50022,2.8545051286346492,6.08
train,pretrain,FXYFLK0KZio,00030,0,pretrain,MvMUMShuMaI,00032,5.67349767378029,10.944
train,pretrain,0tVGSTxcsSU,00005,0,trainval,CXSKrxq5eUI,50011,-8.910536806325748,6.144
train,pretrain,IeblJdB2SVo,00022,0,pretrain,F17SKiAZOxg,00032,8.58601437540598,4.288
train,pretrain,tic7X3ET4gE,00013,0,pretrain,SSy6CJLMuiw,00008,7.784227071347132,27.008
train,pretrain,gAxSu7UgPGg,00019,0,trainval,KaiwGb0csas,50009,1.2342366005185106,4.48
train,trainval,DajRM7VyeZ4,50008,0,trainval,K5wCfYujRdE,50014,7.1344212045279,3.072
train,pretrain,9usocDBGnvA,00015,0,pretrain,OF5VVrsnpzo,00031,0.30167560974907026,9.088
train,pretrain,Soe7yjlFEJ8,00012,0,pretrain,HH3m1OSiOT0,00041,-9.258161073896787,3.648
train,trainval,3phTundagzQ,50004,0,pretrain,cdpIwjTtLlg,00021,-0.015493608944419535,4.096
train,pretrain,QoTSdOkjEVs,00003,0,pretrain,ljqra3BcqWM,00003,0.3300406843325643,7.616
train,pretrain,hPsUXhXgWmI,00032,0,pretrain,lYdk1NK9Sr0,00038,6.409291877532002,5.568
train,pretrain,6weGCM3sWKc,00013,0,trainval,QekbuidfQKo,50028,6.182963906560339,6.08
train,pretrain,JiwZQNYlGQI,00007,0,pretrain,6ul2TSvUDog,00023,-0.6935894444562116,5.76
train,pretrain,2xs8qmk0OPc,00002,0,trainval,NAcuH7nSdLc,50017,-4.984710946892664,6.016
train,pretrain,mw2z9lV3W1g,00024,0,pretrain,Eu22Wgu98VE,00007,-4.901433096151068,8.448
train,pretrain,on3KttMgbZE,00004,0,trainval,zjvsA0v7r0g,50019,1.7988499064754588,3.328
train,trainval,xTBYcSL3MrI,50005,0,pretrain,jVcaTtJmRNs,00006,7.094784860105662,3.136
train,pretrain,SSy6CJLMuiw,00006,0,trainval,CXSKrxq5eUI,50010,2.66909179212192,3.776
train,pretrain,ALTvG9MIR64,00012,0,pretrain,TH9CqtMzxG0,00004,1.2418222886313064,9.728
train,pretrain,o3oDpCb7VqI,00003,0,pretrain,QS0p8ZpBq04,00016,-6.133359074965465,8.896
train,pretrain,nLtUl2CP8ak,00041,0,pretrain,EZwxKPv1CwA,00072,6.327759998113407,13.76
train,pretrain,2JSZ66uMRwc,00045,0,pretrain,qEZmFR1WS7g,00011,-1.5705949482065957,9.088
train,pretrain,SZSul0GzzM4,00028,0,pretrain,8qqLMFBGvWI,00019,5.754863203883767,4.416
train,pretrain,HdHW77blulg,00015,0,pretrain,2MYsx6WArKY,00006,8.992776365815125,7.488
train,pretrain,KPzccnstSXg,00026,0,pretrain,XGk6mWv47dc,00001,4.984707063087605,7.488
train,trainval,lyu7v7nWzfo,50001,0,pretrain,UMn2q35HBeQ,00006,-8.791952796399137,4.736
train,pretrain,PB2OegI6wvI,00018,0,pretrain,MUOSpWJ0riQ,00008,-6.732229769626756,6.528
train,pretrain,cknBAMirSiQ,00005,0,pretrain,zZo3S5j1Pf8,00004,-7.6515546164664165,6.656
train,pretrain,I1cGiNnJZgU,00012,0,pretrain,DGvPfD1Dd1U,00010,1.8173471662884566,4.8
train,pretrain,jPyR3UDhOm4,00039,0,pretrain,kyaiTGmwxnU,00025,5.368947517619517,14.976
train,pretrain,e450FJaS3no,00004,0,pretrain,Kp13yOhLEbU,00004,-7.6908604888069165,3.264
train,pretrain,G8gJJuCdPSA,00029,0,trainval,YsUAEFJsOdA,50022,-7.6149284957240155,2.816
train,pretrain,eyBEIx7fCfY,00011,0,pretrain,UWKvpFZJwcE,00010,3.713798871979746,6.784
train,pretrain,CsqSDpmgsQg,00009,0,pretrain,u1K6hnm09xs,00001,7.952572561823661,13.056
train,pretrain,TH9CqtMzxG0,00012,0,trainval,bXnTAnsVfN8,50001,-5.334209186858887,5.952
train,pretrain,yFVXsjVdvmY,00004,0,pretrain,yVwAodrjZMY,00003,8.361204428595187,3.776
train,pretrain,9o5jAaZn2p0,00024,0,pretrain,ByuWS1bBwpc,00013,-3.4081767758901176,5.568
train,trainval,bbT8jSPS2LA,50035,0,pretrain,86Hyq4bBpA0,00001,7.191832888064852,5.888
train,pretrain,SeBUcBfkVCo,00021,0,pretrain,VMwjscSCcf0,00021,5.235078188011876,2.752
train,pretrain,9yPlMBPNf2M,00009,0,pretrain,xbWcLYOniWU,00003,3.8438256933558534,15.616
train,trainval,J6tgYBMXR6s,50003,0,trainval,QUL0eSQtV8c,50002,5.276184266826114,3.968
train,pretrain,2JSZ66uMRwc,00023,0,pretrain,0HEXx3SP8kk,00024,-4.8338837102202925,5.12
train,pretrain,vcxwcWuq7KQ,00016,0,trainval,ue2ZEmTJSXo,50003,-5.382992229393279,6.08
train,pretrain,ZbYDSIe5jsI,00013,0,pretrain,04VbxnzUwes,00008,-3.9728122489110262,5.44
train,pretrain,IJwlyf7rCtU,00012,0,pretrain,no809a9j25w,00018,-9.873303060652017,8.0
train,trainval,lfBpsV1Hwqs,50007,0,pretrain,wZ2TF8SPGQ4,00040,-9.123457044452717,3.648
train,pretrain,RBfdvib2irc,00008,0,pretrain,JzLiCBCbAMY,00029,-1.0881116800291384,5.824
train,trainval,v84pD2g3gSk,50005,0,trainval,I9cmQFj13rc,50013,6.46580330974335,2.24
train,trainval,XAcARiiK5uY,50009,0,pretrain,tF1oSdNwE8c,00012,1.8728832030817628,6.208
train,pretrain,Sk0ywFgMpFk,00039,0,trainval,ZOYoTup1t3A,50001,2.048347250486451,5.248
train,pretrain,EDLWWP8N6MU,00031,0,pretrain,lnigGtrwAfs,00012,7.534005976474472,4.544
train,pretrain,4bHO8NZwmIg,00009,0,pretrain,CbS6PPBJJB8,00015,2.479244276691187,4.928
train,pretrain,xnovQVRHj5c,00034,0,pretrain,fDV4fDWUo6U,00003,2.5465808493313844,4.544
train,trainval,HH3m1OSiOT0,50004,0,pretrain,V1qHNrQQHZI,00014,1.8711436036097346,3.84
train,pretrain,DzNNS4rcIjs,00001,0,pretrain,xSLkNjQyHww,00019,-1.189612154347305,12.928
train,pretrain,YYIXwJD7zeY,00006,0,pretrain,IOzdXNXzDqE,00003,-9.565696097204698,3.968
train,pretrain,CsECS5qsGLs,00009,0,pretrain,mguvTfAw4wk,00023,5.880681768502342,4.8
train,pretrain,h9x2SWgwhY4,00010,0,pretrain,dv3E6ESTp30,00003,-4.689646559019478,3.648
train,trainval,T7ibjISKSdY,50004,0,trainval,CTEhgUmSrro,50014,7.071621797105809,3.392
train,pretrain,9UbnOKC1ioU,00005,0,pretrain,2cYDyMnL4M8,00001,0.039067734176022384,4.928
train,pretrain,RvpXNXXP5Vc,00004,0,pretrain,d6PS4p3IXLQ,00003,-3.237255721012218,6.272
train,pretrain,8oHvknJfklE,00014,0,pretrain,wSF82AwSDiU,00015,-2.9348179478844916,7.616
train,pretrain,lVQ3KUTHDe0,00017,0,trainval,ZlKrvnB8YnU,50002,1.6208451545547842,6.144
train,pretrain,0bop3D7SdDM,00022,0,pretrain,4f7ppXm1mK8,00006,-1.000378506468941,4.8
train,pretrain,ty5QtslaAHM,00013,0,pretrain,nC06omDS0kA,00042,7.074360838039201,8.064
train,pretrain,zIwLWfaAgS8,00097,0,pretrain,gZga0AmCGdE,00027,5.0391445197033224,7.616
train,pretrain,vw5HJhIlJp4,00018,0,pretrain,lECfUfqNVoo,00012,8.945613090890877,5.568
train,pretrain,sBaiRpIpPKQ,00003,0,pretrain,Q80MfH7xPPE,00013,-4.486339127280781,9.408
train,pretrain,rFAdlU2ETjU,00004,0,pretrain,qL7UlSA6rRk,00006,-5.677461105551071,13.504
train,pretrain,23FRUuLcQ6A,00009,0,trainval,SvZXgApsPCQ,50004,-2.2319818705759147,2.176
train,pretrain,aOW7JZaqKGA,00032,0,pretrain,UCFg9bcW7Bk,00027,7.069968172568789,5.76
train,pretrain,fSOupkS4VVo,00001,0,trainval,dcwuBo4PvE0,50010,-7.6314737430948565,4.608
train,pretrain,6rcvWcRMuzs,00014,0,pretrain,5Jqk1rkuUwU,00025,7.2836000065302215,4.288
train,pretrain,speKlXgUTX8,00014,0,pretrain,sjPRN2XGSts,00011,0.6014564516801961,15.424
train,trainval,Rf8qS8gbfrw,50009,0,trainval,JSLUS3qLv0I,50006,7.5456458857032835,2.816
train,pretrain,RSl1ramE35s,00021,0,pretrain,Qy5A8dVYU3k,00006,3.6365346093859614,5.76
train,pretrain,MBZyRlxVdSE,00013,0,pretrain,3M29BY86bP4,00004,-5.912297402520541,3.584
train,pretrain,4jUdCy6Vghw,00008,0,pretrain,mCZCokSu37w,00021,5.795689903652857,8.896
train,trainval,2R1lZSN4SSo,50012,0,pretrain,b98IwSAeGQg,00011,-3.3225317563481642,3.648
train,pretrain,btlF4ZSAoFc,00011,0,pretrain,l3uttHEZnTY,00010,4.180664958281845,2.624
train,pretrain,wYCSHKl4RPU,00013,0,pretrain,up4hFjSjcTY,00017,3.5907958472698542,3.776
train,pretrain,DBoShCrKfLQ,00012,0,pretrain,SGnmDWtyhAs,00038,3.160637746987982,23.296
train,pretrain,7sqeoYOQ4qg,00016,0,pretrain,OlLFK8oSNEM,00033,-8.718659811416636,10.048
train,pretrain,DSPWxjBgvF4,00007,0,trainval,Mgbf3cq7lms,50047,3.873028358010039,3.52
train,pretrain,lxovD2LQVUQ,00021,0,trainval,PS6vDLq64gE,50006,8.931706530625942,3.136
train,pretrain,izddjApSN4I,00013,0,trainval,Yagdvqn2YMU,50006,-5.232123505535866,4.544
train,pretrain,quJdL9ggETI,00030,0,pretrain,UROCz70tlMY,00021,6.477763923051711,5.056
train,pretrain,6wk4dkYSrV0,00012,0,pretrain,bnvnBwP9sTo,00007,-8.142593119056105,5.056
train,pretrain,zYhgy5ouYLM,00009,0,pretrain,7rMYfiRNT7g,00024,2.653095613072818,6.976
train,pretrain,NDQ1Mi5I4rg,00010,0,trainval,dskNubEgzCk,50013,-2.750564952827985,2.688
train,pretrain,IU1i2IlkLbU,00002,0,trainval,ElJxUVJ8blw,50014,-6.297949794542896,4.8
train,pretrain,LKAhTELkOV8,00036,0,trainval,FLbEKpLS5Z0,50024,-5.0175615553731205,5.312
train,pretrain,zESeeaFDVSw,00016,0,pretrain,luoKOkTxOtU,00004,6.6055634487750545,5.44
train,pretrain,apbSsILLh28,00008,0,pretrain,YiXdS9DFCOQ,00039,0.424830888727147,7.36
train,trainval,bUaU9kdt9I8,50015,0,pretrain,3LmjSv8N8hE,00025,-2.1265133407263175,6.016
train,pretrain,04VbxnzUwes,00007,0,pretrain,2mU8xezh7rQ,00020,9.066731043953624,5.824
train,pretrain,W4zepOS7dgk,00020,0,pretrain,vFPkEIGUofc,00019,4.53111559655358,4.16
train,trainval,8S6S5vZGSSk,50003,0,pretrain,AkUcaludrcI,00006,3.793930078629904,5.696
train,pretrain,b2qM1ISJCEQ,00013,0,pretrain,xyIQFI865Sw,00003,-2.8435532890733617,3.392
train,trainval,HonUUtuCSwM,50001,0,pretrain,CiLnSGrcuEs,00013,-4.2411681221511,5.888
train,pretrain,k0GQSJrpVhM,00022,0,pretrain,SDjLpMj3BDU,00018,-2.1197532972839106,4.096
train,pretrain,quJdL9ggETI,00019,0,pretrain,Qlg6izBqKxM,00008,1.9658019012367092,5.12
train,pretrain,fTsFVO6OhO8,00009,0,pretrain,2dRlssVF7fc,00014,1.4949176855741353,7.168
train,pretrain,jSOPQgPIdKg,00040,0,pretrain,Zq7QPnqLoUk,00037,6.542864612948925,3.584
train,trainval,vZWokpaQ3NE,50015,0,pretrain,DhSoIwxWkkI,00011,0.7747353004755624,2.496
train,pretrain,3dqXHHCc5lA,00017,0,pretrain,OT9poHSD2Iw,00020,3.9579312032104834,4.416
train,pretrain,9EVEmZ2cSes,00009,0,pretrain,2FASIuDTMjE,00005,2.1675476720700164,10.944
train,pretrain,U5SyBjKKicA,00002,0,pretrain,SmoW9jvvMr4,00002,2.530739573723295,11.2
train,pretrain,vqPAdUeU6mQ,00003,0,pretrain,tTb3d5cjSFI,00003,-5.889077341919499,4.928
train,pretrain,BdxSZwxtg8Q,00001,0,trainval,In6iAXTnqEo,50002,6.853357963422258,4.16
train,trainval,V1qHNrQQHZI,50005,0,pretrain,CSeFjLZqXt8,00011,6.441008805134032,5.056
train,trainval,gZga0AmCGdE,50020,0,trainval,SU1foLW8h54,50015,1.1151719643379376,3.712
train,trainval,641aB1Dv1DY,50004,0,pretrain,U23gPSGhW1w,00024,0.09427186518267128,2.432
train,pretrain,0MD4Ymjyc2I,00034,0,pretrain,NZspSEdO2Xk,00033,2.9300203886981997,7.168
train,pretrain,LTtTfCwkIW0,00028,0,pretrain,IWjzT2l5C34,00021,-4.3730117551551935,3.968
train,pretrain,jpeSLKnS4gM,00053,0,trainval,Wai4ub90stQ,50007,7.716927483477932,3.584
train,pretrain,Tmk7nAvpMXQ,00004,0,pretrain,LuG2rf9enHE,00015,0.48622372809497705,7.552
train,pretrain,w6vVXmwYvgs,00010,0,pretrain,5tUnSuoYKoE,00020,-7.069773590248031,6.208
train,pretrain,vhhgI4tSMwc,00037,0,pretrain,K6YCcsDQX4w,00004,-9.221319589157286,15.808
train,trainval,2BOTS9GAjc4,50009,0,pretrain,SeJwaOCYWwM,00007,7.600260605280226,6.016
train,pretrain,i2a8pDbCabg,00005,0,pretrain,6Eu964BbJO4,00014,9.223107479001708,11.456
train,pretrain,uM1Ygy0tSp0,00009,0,pretrain,OhYvDS7qSV8,00006,-7.702773666258804,5.76
train,pretrain,nLeeTVmVrtA,00019,0,trainval,Wj7hmzfX5eQ,50016,0.19966960902494435,3.52
train,pretrain,tsgvhP07BC8,00026,0,trainval,6k8YBJ5sgko,50012,6.872788303951502,6.016
train,pretrain,uXlSmKZ7aSc,00005,0,pretrain,F6NU0DMjv0Y,00028,-3.721691639881519,13.312
train,pretrain,8n5O9tz30So,00001,0,pretrain,B1dkma6GRZo,00021,9.124707523192665,8.064
train,pretrain,0QbLI1U4cLE,00009,0,pretrain,AYzA2uyd9Ss,00006,0.7406528920499618,5.568
train,trainval,J6tgYBMXR6s,50010,0,pretrain,5AN5fPFtV0U,00046,-7.520447327310114,3.776
train,pretrain,FSNEIwDiCSw,00037,0,pretrain,PY9DcIMGxMs,00045,-5.180151689235153,5.824
train,pretrain,QekbuidfQKo,00008,0,pretrain,2K6P014XXmQ,00016,6.5398268776230175,5.44
train,pretrain,ayOmOaXC0Z0,00003,0,pretrain,qdiF1fSGfyM,00019,-7.528625991602194,14.848
train,pretrain,u5GCetbP7Fg,00020,0,pretrain,WAuDCOl9qrk,00009,1.7408010076444942,7.68
train,pretrain,FwFqvOFefqg,00003,0,trainval,ZhDgwrKSBWQ,50025,9.702684080578202,5.696
train,pretrain,vMeEKBaiPbg,00011,0,pretrain,dwbP9iBxkdA,00016,9.207374496699579,6.848
train,pretrain,4xnVNvd8lBg,00001,0,pretrain,8oHvknJfklE,00021,4.560759007755653,3.52
train,pretrain,2Kk9R2rhwlQ,00002,0,pretrain,IFF9iSgOO7w,00005,-7.823232154038489,5.76
train,trainval,HFFBkbsSFY0,50004,0,pretrain,fSOupkS4VVo,00019,2.0746901429549105,5.952
train,pretrain,UCFg9bcW7Bk,00007,0,pretrain,u1SdYypojbE,00022,-9.137764446339538,3.84
train,pretrain,BwIGcvBGSRk,00003,0,pretrain,J6oMG7u9HGE,00026,9.819140452715285,36.608
train,pretrain,56WGgJNBRxQ,00017,0,pretrain,MUOSpWJ0riQ,00009,6.163730807688793,3.904
train,pretrain,9yEl0SbCA9M,00019,0,pretrain,E6ynZcLdi2Q,00017,-4.814091988660046,7.552
train,pretrain,q43uXdOKPD8,00011,0,pretrain,6ORDQFh0Byw,00041,-6.535882672477557,4.736
train,pretrain,NgbqXsA62Qs,00013,0,pretrain,EKSF037iji0,00011,-7.63330432556579,4.928
train,trainval,MKKGS38vCO8,50009,0,trainval,dsfROmgVN5U,50004,-4.611388774713943,2.496
train,pretrain,3U6tEcIIAIc,00012,0,pretrain,ktOeFgmdIAo,00038,5.4353970201952695,8.448
train,trainval,QoTSdOkjEVs,50012,0,pretrain,cQvDUTOOkiI,00006,9.537315774012963,3.392
train,trainval,EXo3qA9V3eI,50009,0,pretrain,ZBDablzQ9ts,00005,1.0899801059387908,6.016
train,pretrain,mw2z9lV3W1g,00020,0,pretrain,n3qA8DNc2Ss,00017,-2.7006525455432957,6.592
train,pretrain,iCvmsMzlF7o,00004,0,pretrain,iNPsDky1z94,00017,1.3771115910703493,10.176
train,pretrain,UeKZYCq3s0E,00008,0,pretrain,UTwRlz13NYI,00004,1.8244665346733928,11.264
train,pretrain,co2enjjt3J0,00019,0,pretrain,SGzenQjZSpU,00004,-8.80307738335495,4.736
train,pretrain,SvZXgApsPCQ,00004,0,trainval,ddek3gQVt9Y,50005,-0.12265000279941596,5.568
train,trainval,S3SnIMZ43EQ,50004,0,pretrain,SgOTaXhbqPQ,00012,-0.5892177685172602,2.432
train,pretrain,CzgS9C7gw0o,00006,0,pretrain,N4wFyRGilp4,00018,5.438300764509641,3.52
train,pretrain,grtGI7QpPdw,00020,0,pretrain,9fyjlxizLFI,00008,2.377822618200467,4.992
train,pretrain,bxkslfQc0EA,00009,0,pretrain,jSSqQDPGW2k,00027,9.304406852014086,5.44
train,pretrain,9YGZkgkj3fM,00037,0,trainval,h0dSQDgl3gI,50004,6.009368992484632,5.952
train,trainval,5XD2kNopsUs,50005,0,trainval,QekbuidfQKo,50036,-9.790931188827614,2.816
train,trainval,H74XsXCjKA8,50001,0,pretrain,23vKtqo2t4k,00011,-2.5805028260110525,2.368
train,pretrain,DokhOtMp75A,00002,0,pretrain,V2PP3p4S4R8,00012,7.256024616909372,3.904
train,trainval,IRxgDMSp9Gs,50011,0,pretrain,aqhzFd4NUPI,00017,-2.5447432797670455,5.12
train,pretrain,5nwSjRA3kQA,00001,0,pretrain,Rv9SwZWVkOs,00004,4.810261301129026,5.76
train,trainval,wSepGxx36To,50008,0,pretrain,fVLJU45SnLY,00018,9.639506755025511,2.048
train,pretrain,iCXfJVCg1LA,00008,0,pretrain,hPsUXhXgWmI,00019,0.7161795726623197,4.288
train,pretrain,mLufqwmPl1A,00024,0,pretrain,LXQqrR9mDMo,00006,1.7101144524805854,11.84
train,pretrain,FSNEIwDiCSw,00009,0,pretrain,mbbMLOZjUYI,00007,-9.147935460199541,5.76
train,pretrain,5LrThfSBeq0,00023,0,trainval,X03jYXszD3Q,50002,8.955249222258875,2.56
train,pretrain,wn8S33NBB04,00005,0,pretrain,lVQ3KUTHDe0,00003,-3.570165284565274,9.152
train,trainval,rGgoCm1hofM,50006,0,pretrain,fXf3CCyhLGU,00014,9.418401593271707,2.688
train,pretrain,BepU74BYOtg,00008,0,pretrain,gyPoqFcvt9w,00026,7.454610689463383,8.576
train,pretrain,drv3BP0Fdi8,00039,0,pretrain,XkiXXPShycA,00014,-7.737670731702173,12.672
train,pretrain,fHfhorJnAEI,00021,0,pretrain,WQ82Uukl6rg,00006,-8.666669681324104,6.912
train,trainval,9EglK8Mk18o,50016,0,pretrain,bmmnEJ4rtCI,00020,-7.723365594395714,2.048
train,pretrain,zLNXIXingyU,00024,0,pretrain,cn9Q4c3dXGU,00023,7.7209264589953115,19.776
train,trainval,ac1mOswXxLs,50015,0,pretrain,tRjqFPwcJgY,00010,-7.398826784082921,5.888
train,trainval,8JSMI8Xrwms,50008,0,pretrain,MgnnQ2CN6yY,00032,-8.499017614079902,2.688
train,pretrain,ydKcaIE6O1k,00006,0,pretrain,GS1xL1qcBa4,00028,2.110143481114168,7.616
train,pretrain,ImmtTHYU5GQ,00009,0,pretrain,i6SbQqqRVtM,00007,6.395651748386147,5.376
train,pretrain,EZ9tC3PigiU,00005,0,pretrain,JmZpFy1QUww,00023,-4.932633447289064,32.064
train,pretrain,eCknUJJc3qU,00008,0,pretrain,gevXeQwS1jg,00036,3.3417480158718114,9.408
train,pretrain,DZyaRAVcYuY,00002,0,pretrain,oIGBBPspTKM,00033,-1.2955495720889587,7.808
train,pretrain,Ytw0I6ytRto,00022,0,pretrain,o0td5aw1KXA,00040,-7.007934904020172,4.672
train,pretrain,KzeQSZ3bQ2g,00030,0,pretrain,lUO0xDSJQVI,00027,1.3928579773758507,4.608
train,pretrain,5LgCl7ZyYGs,00011,0,trainval,BA8XOF6IpXA,50005,9.95546545851655,3.264
train,pretrain,2BOTS9GAjc4,00003,0,pretrain,4GKTEDqbQIw,00007,9.455259657683165,16.768
train,pretrain,gWD6g9CVSsc,00012,0,trainval,G1RRbupCxi0,50026,2.8370693427802163,4.736
train,pretrain,v3oSF94S4FI,00019,0,pretrain,Rpsf1YJsbbI,00013,-2.350604926971487,3.968
train,pretrain,dOt4NkcmIUg,00012,0,pretrain,EZwxKPv1CwA,00030,-8.637877056223719,3.968
train,pretrain,pMYYxSim5QI,00010,0,pretrain,FsGu5YTM1NI,00006,8.727644183644866,4.928
train,pretrain,1oNlTrLIjU4,00007,0,pretrain,b1sQZxrBMXk,00024,-2.9728425127615683,22.336
train,pretrain,sjPRN2XGSts,00011,0,pretrain,DERu2aAqqWM,00013,-8.216598388288332,2.944
train,trainval,LETgWDSSzSI,50002,0,trainval,YWBwsS3lkXU,50004,-7.4957300751699325,3.328
train,pretrain,WCj82W7XkjI,00049,0,pretrain,k5hspA18IU0,00038,6.859205985419365,13.696
train,pretrain,b6rAgHcuYtE,00003,0,pretrain,BRETz2FSheQ,00001,8.773126919514802,6.912
train,pretrain,fIXnJycnkaQ,00016,0,pretrain,21jSOCNLuYg,00005,-1.0244840325961473,22.528
train,trainval,HALd9FY5SVQ,50015,0,pretrain,QJORi5VO1F8,00007,6.883980452977127,4.288
train,pretrain,wsIrdxDJpSQ,00025,0,trainval,rFAdlU2ETjU,50020,0.8972314192953146,6.016
train,pretrain,syjEN3peCJw,00042,0,pretrain,uOrZF8FdtLc,00012,-3.797410241674859,8.448
train,pretrain,NhmybGS7FLA,00010,0,pretrain,ByEoeBYUwOo,00008,1.1023145408028263,10.496
train,pretrain,RsiLLNziScM,00032,0,pretrain,7PRp8j75o6Y,00008,5.316741880187362,15.104
train,pretrain,LH8MPbFoRjw,00020,0,pretrain,M8CTOjQhJFo,00001,6.892348079515081,5.952
train,pretrain,Sttw2PxncIE,00011,0,pretrain,8rzlrItooG4,00018,6.7536193893240295,9.408
train,trainval,zjvsA0v7r0g,50013,0,pretrain,4tQee2SJgUo,00013,8.201936916186149,3.456
train,pretrain,9VXOknUbzBM,00023,0,pretrain,tlS3r8Gid90,00035,2.191493628950065,4.48
train,pretrain,4v4Pf5Dt8Hg,00008,0,pretrain,uCC3dS7FrkQ,00011,2.7358701652623196,8.896
train,trainval,WfjzkO6SDEI,50003,0,pretrain,qqNLSZ6SSSc,00006,-5.661164820172406,3.392
train,trainval,Wgt8QUHQjw8,50001,0,pretrain,0akiEFwtkyA,00033,-5.9686831995804095,5.76
train,pretrain,yTR4sADS4qM,00010,0,pretrain,NR33yerZgso,00011,-4.0347339930294694,4.8
train,pretrain,Uq1idqpX9SA,00040,0,pretrain,Ttshw4mELNk,00008,6.62560837077654,9.216
train,trainval,7ZWTG0SeCEg,50016,0,pretrain,NR33yerZgso,00003,0.9919013738376137,4.16
train,pretrain,d6PS4p3IXLQ,00045,0,pretrain,25onkAGt3Gs,00034,2.6944455659499056,4.736
train,pretrain,2NENlXsW4pM,00001,0,pretrain,qyecmU5r9SI,00011,-5.268724729053855,9.088
train,pretrain,Sx4Gsh0r9HU,00006,0,pretrain,maCww8AXIvg,00009,7.068872092313853,8.896
train,pretrain,F1Kml3zuTco,00013,0,trainval,aSLSiIskEFU,50021,7.357365968209496,2.048
train,pretrain,ztGkmruGPqM,00005,0,pretrain,pbSSrJGgVIo,00049,2.0010913619223896,9.6
train,pretrain,rQSSSLRpsVs,00010,0,pretrain,bf7BXwVeyWw,00046,0.7743075375486477,7.168
train,pretrain,PYSkd46RfVE,00023,0,pretrain,F6Qo8IDsVNg,00005,4.9131383859737845,7.04
train,pretrain,raCIUeGUr3s,00050,0,trainval,rYwTA5RA9eU,50014,1.0794312656624108,4.864
train,pretrain,HuWMO3M1HVQ,00007,0,pretrain,UVZyVz8gBeQ,00012,-9.524786920438327,2.304
train,trainval,wSepGxx36To,50016,0,trainval,xTBYcSL3MrI,50006,5.528395845237856,6.016
train,pretrain,y62pJTJkfbg,00020,0,trainval,fgfQLTIhi1U,50006,0.7483633996053722,2.304
train,pretrain,SYpHNImNsx8,00004,0,pretrain,tXlNvlzd9M8,00014,2.375178100127947,3.52
train,pretrain,9VXOknUbzBM,00008,0,pretrain,BDOSUiEh0eY,00024,-9.124840387197462,4.288
train,pretrain,a19lSbFPRqY,00005,0,pretrain,SZSul0GzzM4,00023,2.655500519958302,7.232
train,trainval,HSzqFSOft20,50009,0,pretrain,3XDdhbrg2kw,00022,-5.999310302175216,2.176
train,pretrain,ufp5iGh0agA,00028,0,pretrain,OT9poHSD2Iw,00007,-4.07499381026237,7.36
train,pretrain,b64qvG2Jgro,00018,0,trainval,PY9DcIMGxMs,50012,-9.974208164402441,3.456
train,trainval,g985z9Wq5gk,50011,0,pretrain,Mu00S1dAMl4,00012,8.524713040045047,2.368
train,pretrain,eDFrlV106iM,00017,0,pretrain,N7wF2AdVy2Q,00028,0.3349082889659769,6.336
train,pretrain,erCApSBd0AQ,00028,0,pretrain,yVwAodrjZMY,00007,7.859881979272593,4.736
train,pretrain,k5hspA18IU0,00015,0,pretrain,fvoWoMIwrSg,00010,9.847430205012056,4.352
train,pretrain,oIGBBPspTKM,00045,0,pretrain,GzzHawjP648,00004,-1.1950599966534288,4.736
train,trainval,N4wFyRGilp4,50015,0,pretrain,KCr8s57hdzY,00018,8.035986656058903,5.952
train,pretrain,Qy5A8dVYU3k,00008,0,pretrain,e8JK3qVGuUg,00038,-7.6816680425844375,8.64
train,trainval,RmXiItk49Gw,50002,0,pretrain,sa0RUmGTCYY,00011,-6.235486086176792,2.816
train,pretrain,cC0KxNeLp1E,00010,0,pretrain,bl8S81JF3b8,00003,-9.059211278456193,8.192
train,pretrain,Td2hfdXQ5x8,00036,0,pretrain,S1VpOweDio8,00030,-7.786144690985797,4.48
train,pretrain,sHJZRPWXQ9s,00016,0,pretrain,G5pvUaMgfC8,00004,2.714418601098245,18.688
train,pretrain,g985z9Wq5gk,00039,0,pretrain,rB6WmWvvyxg,00013,1.3405686403615817,10.624
train,pretrain,TQMbvJNRpLE,00029,0,trainval,J6uL4vDAU3s,50003,-6.819740708672288,4.288
train,pretrain,rFAdlU2ETjU,00014,0,pretrain,MNhCvM5pjfs,00012,-6.79415899757938,13.248
train,pretrain,08ZWROqoTZo,00016,0,pretrain,OSGHRMKrVM8,00030,4.538944074585157,6.144
train,pretrain,pcSlowAhvUk,00010,0,pretrain,WvvuLDX7iIk,00018,8.65201767154289,4.736
train,pretrain,jdMv5x8SBuM,00007,0,pretrain,gaY4m00wXpw,00033,-3.280036083275113,7.36
train,pretrain,3aYWvujaT6M,00005,0,pretrain,RoS2q3pSrq4,00003,8.06872965423921,8.768
train,pretrain,nv0dObM5XGk,00015,0,pretrain,I9tB6Q5bmcQ,00024,-8.84880080991657,9.856
train,pretrain,K2BES6FUAO4,00003,0,pretrain,wstksuaSMD4,00013,-2.4385667620691915,5.824
train,pretrain,P9YbrVFoX0Q,00002,0,pretrain,COwSbfCgXBw,00017,-6.805248954838503,10.112
train,pretrain,vpTHi7O66pI,00014,0,pretrain,CfqO1U6lfDs,00040,2.9288095402478724,3.584
train,pretrain,488ZBeaGo6s,00029,0,trainval,7vsO7SHLJMI,50002,-9.56125980174319,2.176
train,pretrain,iWaZEXBbQL0,00005,0,pretrain,j12BBcKSgEQ,00007,7.232491045215802,9.536
train,pretrain,cnDEVgxD6QQ,00027,0,pretrain,RjrS5EqZlUs,00030,8.370059654079256,4.16
train,trainval,4bHO8NZwmIg,50008,0,pretrain,BFK2knjj4lQ,00020,-3.3546827947992464,2.112
train,pretrain,vGDZmSnSkfo,00009,0,trainval,3HaBoNSlpHU,50003,-8.616931797563424,6.144
train,pretrain,WbuIl6phdco,00014,0,pretrain,MnT1xgZgkpk,00029,-9.229340573989859,7.104
train,pretrain,zaufonUBjoQ,00004,0,trainval,2Oe6HUgrRlQ,50011,-2.659341876312011,5.184
train,pretrain,esPRsTSlmw8,00007,0,pretrain,8jPQjjsBbIc,00005,-9.268223962390373,5.568
train,trainval,mJxA8eIWQUc,50007,0,pretrain,OfL5JmZnkI8,00001,4.321836946477859,5.44
train,pretrain,vu7eInSBt4I,00008,0,trainval,C2SVEM19NHA,50004,9.0704600283626,5.952
train,pretrain,9SQYDFiWnSs,00019,0,trainval,8C2t8P809x8,50002,9.508288103230832,3.264
train,pretrain,SgOTaXhbqPQ,00006,0,pretrain,7sqeoYOQ4qg,00049,2.5093942010223973,10.368
train,pretrain,nv0dObM5XGk,00018,0,pretrain,JLLpWtHbMAo,00025,5.19260559609881,28.16
train,pretrain,buHSvs7LFzw,00031,0,pretrain,bf7BXwVeyWw,00052,-6.638284503486109,5.632
train,pretrain,XLi6iYnnsGc,00001,0,pretrain,eGoSdLNceEk,00035,9.340327387473689,7.104
train,trainval,08ZWROqoTZo,50007,0,trainval,iq5lXSj6Prg,50003,5.426793984811358,5.952
train,pretrain,DtT6S1vtjzQ,00032,0,pretrain,08ZWROqoTZo,00024,8.902828237231368,6.208
train,trainval,zyet9fPS24k,50013,0,pretrain,CyElHdaqkjo,00013,-6.264673443231679,2.496
train,pretrain,mwzBJF5Q7Vw,00019,0,pretrain,u0VHC1SDOS8,00003,-6.494411142082193,6.272
train,pretrain,DwQMDyyS42Q,00045,0,pretrain,qykDS2AXKIU,00027,6.834802943941611,6.592
train,trainval,8XQ1onjXJK0,50005,0,pretrain,70uaS1e9YN0,00020,-3.220134905284622,6.08
train,pretrain,l5ZJ6bK1EIc,00009,0,pretrain,hVsnkRoYfX0,00020,7.85002258013003,5.568
train,pretrain,6liIKYeUzaY,00023,0,pretrain,vzi4AopBEBg,00006,8.948569632474744,6.848
train,pretrain,CWU13rx44j8,00003,0,pretrain,CEN4XNth61o,00001,-3.780555246903498,4.544
train,trainval,rueQgStScw0,50002,0,pretrain,OwfyH5S6bpA,00015,-0.11425341807971101,4.16
train,pretrain,icI94blMKIc,00009,0,pretrain,wUKAVcj9NVA,00020,-4.185642731789308,5.632
train,trainval,LgBjU8ovWh0,50004,0,pretrain,gYKyaDOyUO4,00008,-9.740461602035104,5.184
train,pretrain,7rMYfiRNT7g,00012,0,pretrain,6aRz72yxHQo,00002,-2.338589534960991,10.112
train,pretrain,8COaMKbNrX0,00001,0,pretrain,20DZsCdCuOg,00005,-5.907493963303456,9.344
train,trainval,zIwLWfaAgS8,50019,0,pretrain,SfHRcaS6r3w,00001,7.317540924317655,2.048
train,pretrain,wPFA8n7goio,00011,0,pretrain,WNTk29zXl4A,00013,-8.159342105801334,2.048
train,pretrain,bmmnEJ4rtCI,00015,0,pretrain,aFBIPOSP7LM,00005,6.572510508685525,5.248
train,pretrain,y3ZrjRlIcgI,00023,0,pretrain,SmsYxDvdcYc,00042,5.5448159558266035,11.328
train,pretrain,6xy5pWOgeBY,00006,0,pretrain,R21MsHQA8vM,00014,-4.620829475737571,4.352
train,pretrain,ARGkp6am3S8,00007,0,pretrain,Rz8m1yDE0ms,00009,9.737828981618694,5.248
train,pretrain,0bop3D7SdDM,00010,0,pretrain,py1RrSdVt5A,00026,8.463984954319681,6.08
train,pretrain,XP8K4oS5TGE,00007,0,pretrain,89Dhye1lgik,00016,9.295621481149869,14.272
train,pretrain,I1cGiNnJZgU,00023,0,pretrain,buHSvs7LFzw,00018,0.878836580799021,4.672
train,trainval,Wj4E90stS2c,50002,0,pretrain,uuwgtX2zU9Q,00005,-4.912673205253489,2.304
train,pretrain,kLRanIhp2jg,00020,0,pretrain,jNSOh4xILSc,00016,-7.000005997915631,13.888
train,pretrain,BJsrYqPtXFM,00044,0,pretrain,FwLeiY5f7sI,00006,9.953714954590865,4.48
train,pretrain,sLiM2SizFl4,00008,0,pretrain,aIFFFGf1ZRE,00028,-8.35050004727272,11.456
train,pretrain,ZChEFOGSn8Q,00006,0,trainval,ImmtTHYU5GQ,50038,-6.55125646293647,2.88
train,pretrain,X9NFPZGyDPg,00023,0,trainval,ulLFP8axZVQ,50003,8.904469521643001,3.072
train,pretrain,p2MEGk5q1WI,00060,0,pretrain,n8Y8FK8gonc,00002,2.5956088230552705,6.72
train,pretrain,3nsPcBJAdxI,00010,0,pretrain,hSSmmlridUM,00001,-9.420553113613565,5.696
train,pretrain,AQcUeQsljSs,00005,0,pretrain,n9ZSpccScW0,00002,-9.961594055145767,6.656
train,pretrain,R7beBKnH9u0,00012,0,pretrain,LKAhTELkOV8,00012,0.8560388045738403,3.776
train,pretrain,DSSAz5nZBBM,00012,0,pretrain,C14bXC7zi84,00004,-6.755406698567928,4.288
train,pretrain,9ebJlcZMx3c,00015,0,pretrain,P4X9ZfEx9So,00005,-5.173146667714315,7.168
train,pretrain,unSnvLgyf3o,00010,0,pretrain,P9B8PmUR64U,00013,5.73240417067581,5.248
train,pretrain,H1fvr9rGgSg,00058,0,pretrain,G6dfUFgKmN4,00030,-7.852208761712509,5.12
train,pretrain,YL1XwfyaS00,00019,0,pretrain,rxeLnx5UEEk,00003,8.488657065498955,12.096
train,pretrain,TZkNJFrfdR8,00005,0,pretrain,KVjkFqS7Y6A,00034,8.02989653889405,12.672
train,pretrain,v2jSfxnRPSE,00005,0,pretrain,AHfiKav9fcQ,00023,-5.279501882675815,8.32
train,pretrain,4Z75ASJMBx4,00015,0,pretrain,MOFdlEbu15g,00021,8.457259887402326,5.824
train,pretrain,d25l1aPz2kc,00006,0,pretrain,4wOxJOPnSUg,00048,2.525538760195758,8.64
train,trainval,PgCmT0qkfQM,50006,0,pretrain,potB0voQzNg,00037,-8.876649895091441,6.144
train,pretrain,ts5MKtXNpMQ,00024,0,trainval,EijI8QaExDg,50008,8.676628632137671,3.2
train,pretrain,yFVXsjVdvmY,00037,0,pretrain,z0HsPBKfhoI,00016,7.392886860049195,5.632
train,trainval,5uVtphj4b6c,50001,0,pretrain,jSOPQgPIdKg,00049,-0.7403957075347698,2.624
train,pretrain,Sd7lvPpDDUg,00011,0,pretrain,i1MRJrm9Gts,00010,-1.8392880719824625,9.664
train,pretrain,b4sMMWJYUOs,00007,0,pretrain,UWKvpFZJwcE,00013,7.525083738240308,7.936
train,pretrain,8XQ1onjXJK0,00046,0,pretrain,8woKcr7uSYQ,00017,5.066457807342928,10.496
train,pretrain,1cQbMP3I5Sk,00007,0,pretrain,IxjwJ0Y1bxE,00009,1.303028443566351,6.528
train,pretrain,WkNpElapS9s,00010,0,pretrain,t9EuJ9QlikY,00006,-9.50898992676615,3.968
train,pretrain,qykDS2AXKIU,00014,0,pretrain,4wOxJOPnSUg,00029,2.6727498665150584,4.288
train,pretrain,97MWOERYSdE,00012,0,pretrain,Rf8qS8gbfrw,00012,6.3269733622096,4.544
train,pretrain,60OVlfAUPJg,00045,0,trainval,wPFA8n7goio,50001,-2.7044344969262424,2.88
train,pretrain,8oeiOeDqSNc,00028,0,pretrain,0T2RS3ydRiY,00001,-7.931088940857441,5.312
train,pretrain,y66YKWzSsf0,00004,0,trainval,MLKj1puoWCg,50007,-2.0272755382993175,2.112
train,pretrain,fIqABIcKIvs,00003,0,trainval,S47ZRF02Cyo,50009,-7.224653144448525,3.456
train,pretrain,breDQqrkikM,00034,0,pretrain,4f7ppXm1mK8,00006,6.428611393238242,4.8
train,trainval,0ygtX2nyexo,50035,0,pretrain,RWiI7AkDXSo,00009,-5.613220741022822,5.376
train,pretrain,1BXYSGepx7Q,00010,0,pretrain,fSmQIWnO3Ag,00019,6.4094237157465415,2.816
train,pretrain,EKy19WzkPxE,00026,0,pretrain,avuhY7D71sQ,00013,7.436685446448259,7.424
train,pretrain,uCC3dS7FrkQ,00016,0,pretrain,s7YsNStlRwI,00004,6.635769619682069,7.04
train,pretrain,iP9QFSlBOyA,00033,0,pretrain,VehHPwAVL9g,00005,-0.7142683737360365,9.088
train,pretrain,CiJ6ybBSm10,00005,0,pretrain,1NG7FoC5XRo,00016,-7.205992924761915,7.616
train,pretrain,trxGZMm4nBQ,00005,0,pretrain,lhqYBhLh1IM,00001,0.5235903896057756,6.016
train,pretrain,pzN4WGPC4kc,00029,0,pretrain,urntcMUJR9M,00006,-2.4570458737498546,4.8
train,pretrain,dcwuBo4PvE0,00015,0,pretrain,Mh3SwYHdeVs,00020,3.9314049654778316,8.32
train,pretrain,WSKPrVG3Evs,00028,0,pretrain,sEOSCziWuP8,00012,6.024975968730139,3.456
train,trainval,qty0NjF3pdQ,50003,0,pretrain,Mjl1i13JKNM,00020,5.041682910011243,4.736
train,pretrain,cSohjlYQI2A,00009,0,pretrain,ARGkp6am3S8,00028,1.4734957003779812,3.968
train,pretrain,A9UmdY0E8hU,00003,0,pretrain,IMjn62naclM,00021,-3.4354328969379244,13.568
train,trainval,dXqPaHQp4Xw,50005,0,pretrain,EijI8QaExDg,00006,-0.2197172659510649,2.048
train,trainval,CyElHdaqkjo,50004,0,trainval,W9YBCwgrwQA,50013,-7.2238872921157515,3.2
train,pretrain,49aWAHqi200,00019,0,pretrain,tn9SnXzSc4g,00002,2.037360121895315,7.36
train,pretrain,0z03xkwFbw4,00016,0,pretrain,D5iFVKhLStU,00006,8.31395787456984,19.136
train,pretrain,hRSw8DBbFr8,00001,0,pretrain,HJYDwS09coE,00002,6.947814829867312,6.592
train,pretrain,w8lH8tNlAXc,00007,0,pretrain,STutVhN7xSs,00012,-7.657294699520955,4.16
train,pretrain,gjCwsdCssdk,00001,0,pretrain,t0pwKzTRG5E,00010,-6.532033287714043,17.856
train,pretrain,HjSGqwAFRcc,00011,0,pretrain,YO0lbdhF30g,00004,0.603889296356833,12.48
train,pretrain,78nsxRxbf4w,00008,0,pretrain,Qy5A8dVYU3k,00004,1.4718415339815571,6.656
train,pretrain,8iZSsHd0IlU,00031,0,pretrain,l5Bbg96VODk,00008,-3.5569205892328277,3.712
train,pretrain,3B24RaqA33k,00026,0,trainval,GS1xL1qcBa4,50004,-9.252321817744226,4.032
train,trainval,MPMr5jPwA7I,50009,0,pretrain,5tUnSuoYKoE,00035,-0.7010042904904452,4.736
train,pretrain,ulYR5bpu68E,00001,0,pretrain,buhMdC7MO0U,00047,-3.6388976226528573,38.4
train,pretrain,KPN8LHVeFYA,00013,0,pretrain,sYOS4qOHxdg,00018,-1.975725873802915,4.8
train,pretrain,xSLkNjQyHww,00031,0,pretrain,ZuCtZJGcEMU,00006,6.141614280074066,5.568
train,pretrain,NIjjaFCADSE,00013,0,pretrain,FrgzvykPILc,00028,-1.8540259507091221,4.544
train,pretrain,r92jUj7gNRw,00046,0,pretrain,r1qdSnDm67s,00012,1.150560036297886,13.056
train,pretrain,1fZ4XOnnh1c,00011,0,trainval,Mr8nvXvlSy8,50010,-2.2572591099787376,4.8
train,pretrain,bJkv9b9o9lo,00006,0,pretrain,saXfavo1OQo,00025,3.8752270631343073,11.2
train,pretrain,G17iMOw0ar8,00006,0,pretrain,iKHTawgyKWQ,00022,-5.439768185763299,3.968
train,pretrain,aSpHGbL5138,00006,0,pretrain,3GFG6Cvy9HQ,00023,5.703679896606468,3.84
train,pretrain,UdsUVjeJuPE,00013,0,pretrain,wc3VhvgUtB8,00015,7.95686783549727,8.576
train,pretrain,wKIHuxe2fi0,00014,0,trainval,IDSSieLCmS4,50023,4.321822149990648,2.496
train,pretrain,XOU2ubWkoPw,00023,0,pretrain,oQql5kbCDEg,00012,6.234914355899953,7.424
train,pretrain,LsESSyMnwmU,00001,0,pretrain,2g9GedPylM8,00003,2.7029836793625925,3.072
train,trainval,WKlIytaSlu4,50006,0,pretrain,f5udS4pbXPk,00007,-5.576002727742262,5.696
train,pretrain,2ZviHInGBJQ,00016,0,pretrain,6EghiYSs2ts,00041,3.2044912366240332,5.824
train,pretrain,tYclUdcsdeo,00015,0,trainval,Yagdvqn2YMU,50003,-9.560751366939815,3.392
train,pretrain,oXbhTHaMwTw,00001,0,pretrain,7ZoOyNTyjQE,00010,7.881405908147315,3.328
train,pretrain,d0yGdNEWdn0,00031,0,pretrain,fnS9f5x0f1Q,00050,5.07878855672322,9.088
train,pretrain,2zvjW9arAZ0,00023,0,pretrain,CyElHdaqkjo,00006,-4.526250126621914,4.16
train,pretrain,Z9dt5qlgO24,00020,0,trainval,RPicL1AWrs8,50008,9.598480874702322,2.816
train,trainval,Possj5cXEnM,50002,0,pretrain,5QGApheKRc0,00025,-3.1175055140770507,5.952
train,trainval,LUNBiST4KSs,50001,0,pretrain,BjclkhNAO0s,00022,-6.8443644301305495,3.84
train,pretrain,vGzBcBZrOSw,00017,0,trainval,STdSfeMDeI4,50002,-7.267864520010403,5.952
train,pretrain,xTBYcSL3MrI,00011,0,pretrain,vHhn7z6BA0w,00020,2.9212991107679454,16.0
train,trainval,ZBDablzQ9ts,50004,0,pretrain,lkzoQuzlW4M,00004,3.286133135804093,2.24
train,pretrain,NiKtZgImdlY,00020,0,trainval,CpkXmtJOH84,50004,-3.900312280078033,4.032
train,pretrain,T8VS0LUCgmk,00029,0,pretrain,u0VHC1SDOS8,00046,0.3010001883619644,12.736
train,pretrain,n1ARQsdNvmI,00003,0,trainval,01GWGmg5jn8,50010,8.660793238818364,3.328
train,pretrain,ogXTSCI7KRU,00031,0,pretrain,i0a61wFaF8A,00021,5.310602416908502,4.16
train,pretrain,AoAbPIbGLUo,00017,0,pretrain,EZwxKPv1CwA,00019,7.252233658451441,7.872
train,trainval,5uVtphj4b6c,50017,0,pretrain,n1jA0BKOLSY,00004,-0.5238740566341153,6.144
train,pretrain,CFADnhYKDHg,00002,0,pretrain,JbuSeMcEF3s,00017,0.9524576937916613,7.04
train,pretrain,l5ZJ6bK1EIc,00001,0,trainval,stAstsOxLPc,50014,3.847496355332696,2.176
train,pretrain,qtcWebAYmKY,00002,0,trainval,QbxinUJcLGg,50002,2.0706322525494087,2.24
train,trainval,SRSJX0qRVSw,50011,0,pretrain,2g9GedPylM8,00013,-2.865807035081593,4.16
train,pretrain,8xHrpO6p7dE,00018,0,trainval,7CmqNpCofc8,50002,-6.631859947110588,3.52
train,pretrain,PzyAP4zLb6w,00003,0,pretrain,Tg35UfOJhe4,00010,7.175065207798454,5.056
train,pretrain,I1cGiNnJZgU,00030,0,pretrain,tbvUCrS5S5I,00018,-3.9313805300716798,3.84
train,pretrain,w4RLfVxTGH4,00002,0,trainval,DwQMDyyS42Q,50011,-9.606408098636576,5.568
train,pretrain,gevXeQwS1jg,00054,0,trainval,SSJkV8IzsZA,50004,3.1653091787789833,5.056
train,pretrain,zIwLWfaAgS8,00011,0,pretrain,tUAepQYyMY4,00012,5.935356901774645,12.48
train,pretrain,A7ktYbVwr90,00035,0,pretrain,ts9JpM0gHMU,00040,-8.667673058317309,3.648
train,pretrain,sYySLEdYr8A,00031,0,pretrain,nLeeTVmVrtA,00026,5.939597366221571,3.776
train,pretrain,8rzlrItooG4,00010,0,pretrain,vIgWMzdgweI,00006,-7.556659526649896,12.544
train,pretrain,j7c9b9A2AHc,00042,0,pretrain,zXCiv4sc5eY,00004,-3.2710626115897634,7.808
train,pretrain,deT1mILtFEY,00006,0,pretrain,yqWJuDBSWm4,00004,1.6048435708446007,9.472
train,pretrain,lV3trdyDdHE,00033,0,trainval,YGoI3B86iX4,50002,8.309248980550638,2.24
train,pretrain,2URf46UY7SA,00014,0,pretrain,SJyE40koQyA,00038,-9.949314707067112,15.296
train,pretrain,lwcvhh4pLjE,00037,0,pretrain,jobYTQTgeUE,00026,7.734387354350162,10.688
train,pretrain,KkYuhwr3esg,00016,0,pretrain,Cqj0sgrNL10,00027,6.349303954931575,12.224
train,pretrain,OyPGDBOqPFs,00012,0,pretrain,d5zjjJYqixo,00004,-4.311303026873614,10.624
train,pretrain,gwPoM7lGYHw,00010,0,pretrain,2tCcoSRZqVY,00010,-3.337284330603108,5.888
train,pretrain,mYQx5n5SRVQ,00005,0,pretrain,BnC6IABJXOI,00028,9.918920484534077,5.568
train,pretrain,uWfLwKHSEko,00027,0,pretrain,vbHkhSfaQu8,00034,5.047617798155661,4.608
train,pretrain,5duz42kHqPs,00008,0,trainval,AhKevstJyrc,50003,-1.4287333386080547,3.072
train,pretrain,mAAxykQH0Wo,00018,0,pretrain,YLG871tKZUM,00001,3.702020031441023,5.824
train,pretrain,TdtoAQFStBk,00014,0,pretrain,EfXidZmAW1s,00022,-9.73213980531874,5.568
train,pretrain,Z24sXLBnOu4,00012,0,pretrain,X9FFzWUInyA,00006,5.132856212082835,6.72
train,pretrain,u5GCetbP7Fg,00028,0,pretrain,jiDQDLnEXdA,00038,-2.8270499132658884,19.456
train,pretrain,DnbC2Tii0S8,00006,0,trainval,ETFkztcoMVc,50001,4.919575673372453,5.696
train,pretrain,2OlhCITl1J4,00006,0,pretrain,Ja5UAq09lps,00014,2.1162207599472964,11.584
train,pretrain,4jUdCy6Vghw,00032,0,pretrain,ts5MKtXNpMQ,00007,8.387009225675996,4.864
train,pretrain,Urk3xn7l3AM,00018,0,pretrain,vdDFLzyk94k,00009,-5.525467265888057,4.48
train,pretrain,I9tB6Q5bmcQ,00031,0,pretrain,esPRsTSlmw8,00021,7.361578129907535,5.504
train,pretrain,Qt1RPkbF4o4,00013,0,pretrain,AHcTWlxWzpE,00038,6.92551425263575,9.216
train,pretrain,4yyPSZSGLOI,00011,0,pretrain,eMSonXncSjA,00003,5.4750622252279495,27.136
train,pretrain,7H0USvVSfhU,00001,0,pretrain,z19gIaUmIBU,00014,7.188703751913586,5.248
train,pretrain,xPK2Ch90xWo,00019,0,trainval,uBgRo9tnvSI,50006,-8.695417431437198,2.496
train,pretrain,F0ofeD8VKMA,00003,0,trainval,sjPRN2XGSts,50009,2.933815235765893,4.8
train,pretrain,FXYFLK0KZio,00014,0,pretrain,93hbqLBpSHI,00013,5.1996063618423705,5.568
train,pretrain,6AvXhgXlGpE,00030,0,pretrain,kEejVSZ5mLY,00020,-5.24459921042202,5.248
train,pretrain,KNXOVpN8Wgg,00013,0,pretrain,SqgSz1UmcBM,00027,-4.570352076930697,8.448
train,pretrain,nXOSQeZNjJo,00008,0,pretrain,vpTHi7O66pI,00027,-1.1546950758533292,5.696
train,pretrain,HY71088saG4,00015,0,pretrain,488ZBeaGo6s,00037,1.0049982914769267,7.36
train,pretrain,QVSqg1CRvl0,00001,0,pretrain,vSjlCJaEwZE,00038,4.95708302936519,5.184
train,pretrain,bEdvQjTGYP8,00026,0,pretrain,8n5O9tz30So,00019,-2.3625627809939687,7.232
train,trainval,lO1P6lCNnyo,50003,0,pretrain,KZIGekgoaz4,00040,-7.901517072862887,3.392
train,pretrain,hPsUXhXgWmI,00007,0,pretrain,up4hFjSjcTY,00002,2.272873490800176,5.056
train,pretrain,YWBwsS3lkXU,00005,0,pretrain,CSSBGTJgBGo,00014,-5.842590549622095,25.792
train,pretrain,0FOlwct8k9M,00005,0,trainval,dooLZNsHVDY,50006,2.1095189027955925,6.208
train,pretrain,YodRXxzhb7s,00021,0,pretrain,AyWtIwwEgS0,00010,6.524672876773771,9.92
train,pretrain,tSN0n2yqIJI,00003,0,pretrain,Sx4Gsh0r9HU,00008,-8.957960529764996,14.336
train,pretrain,7tu9nJmr4Xs,00032,0,pretrain,V2u6CzpRqts,00005,0.5398261976233005,3.456
train,trainval,YraU52j3y8s,50018,0,pretrain,7Z9xCX4ifJo,00028,5.9454280852617,2.368
train,pretrain,0SUTgoPUTLQ,00005,0,pretrain,pF72px2R3Hg,00052,-5.000464591217694,15.488
train,pretrain,dvuh1Np35Pk,00007,0,pretrain,7Y9W1Gex660,00017,-9.719980115092188,11.264
train,trainval,JmZpFy1QUww,50014,0,pretrain,USmTQeKRaP4,00022,-2.5913640072862005,3.008
train,trainval,q1sk47FLAmg,50011,0,pretrain,UyUXxrSS3qs,00039,-5.627412005708392,2.24
train,pretrain,TFvkq4BAvnw,00020,0,pretrain,ycB29FkoylE,00022,6.672128182589134,6.208
train,pretrain,mJxA8eIWQUc,00051,0,trainval,cPL2FE7ZPTg,50003,-0.9342922068112429,2.816
train,pretrain,cplaWsiu7Yg,00041,0,pretrain,J8xfuCcXZu8,00018,-5.565032714662719,4.416
train,pretrain,UzuUljhS9uI,00007,0,pretrain,7O7BMa9XGXE,00018,-7.392653256935975,6.016
train,pretrain,avuhY7D71sQ,00030,0,pretrain,erCApSBd0AQ,00036,-5.405521897562986,3.904
train,pretrain,GB4s5b9NL3I,00050,0,trainval,VbF2KPn3TrU,50010,3.755510051241675,6.208
train,pretrain,EBKSa94IFHY,00003,0,pretrain,O6cmKeRV3Z0,00008,3.438946616800795,5.376
train,pretrain,YAV96XSdMQo,00023,0,pretrain,2t13Rq4oc7A,00028,8.754018773677256,5.696
train,pretrain,Ufs8cKyzLvg,00006,0,trainval,BMDSPhk7JSY,50007,9.695721080301546,4.8
train,pretrain,YlmZkY1uqXM,00028,0,pretrain,iq5lXSj6Prg,00028,4.069843742498351,4.928
train,pretrain,b28brIs1OmM,00011,0,pretrain,Chfoo9NBEow,00004,-6.756392618565674,10.944
train,pretrain,VoCOzuWOgSY,00013,0,pretrain,dsOSb0SrS5Y,00030,1.3429021777867707,4.8
train,pretrain,J6tgYBMXR6s,00037,0,trainval,zvwQXwJyaj0,50004,8.812624996662603,5.44
train,pretrain,teVE3VGrBhM,00029,0,pretrain,u0VHC1SDOS8,00023,-1.2932269858133338,5.76
train,pretrain,odIvobLv7C4,00003,0,pretrain,mlrB6npbwVQ,00009,8.138472924121132,6.336
train,pretrain,2j00U6lUCSc,00048,0,pretrain,6Af6bSwyiwI,00012,-8.632398805619555,8.0
train,pretrain,MQrhPhan5Gw,00016,0,pretrain,GCOc31fQi7A,00028,-3.903269736138708,11.776
train,pretrain,2G0wQfUl9EU,00018,0,pretrain,ruvWiXowiZ8,00014,7.227112541277478,3.712
train,pretrain,oX1C3Jn05OE,00015,0,pretrain,3QZp6smeSQA,00026,-4.556195128630507,10.048
train,pretrain,g2J6YOiLNr4,00048,0,pretrain,M1o3FS0awtk,00010,5.277517157371097,4.096
train,pretrain,fIXnJycnkaQ,00004,0,pretrain,uEkgM9P2C5U,00017,-5.059331883145255,4.48
train,pretrain,FrgzvykPILc,00006,0,pretrain,LZXUR4z2P9w,00007,2.931747795979568,5.44
train,trainval,1NG7FoC5XRo,50002,0,pretrain,SSV07QKguBI,00001,3.883781375495765,5.568
train,pretrain,GZyjTPEufLk,00020,0,pretrain,MwzqSswl4cI,00042,-1.632513179894243,6.592
train,pretrain,cOIJGGgaSIY,00039,0,trainval,SK095wuESeE,50006,-8.071293306178777,4.928
train,pretrain,t9c7aheZxls,00028,0,pretrain,qyecmU5r9SI,00010,2.8616621854165594,5.248
train,pretrain,9KACXVScWS4,00023,0,pretrain,h7qKzqQnjXw,00005,1.9376148115510468,9.6
train,trainval,2NHV4AzSEzY,50002,0,trainval,zsLz0mRmEG0,50002,-3.6079893683139153,3.648
train,pretrain,KyamsZXXF2w,00027,0,pretrain,qKlzdSH2X9w,00028,0.5287286025186138,6.848
train,pretrain,Cr1usGUSuL4,00021,0,pretrain,Aa2JfigaNcs,00007,0.9156249729075565,5.952
train,trainval,jEHZSIAuYUY,50005,0,pretrain,Uq1idqpX9SA,00004,4.207602559335404,5.824
train,pretrain,GlpGBSBpxOE,00031,0,trainval,HqawqHB7nDM,50006,-6.237992308654183,2.624
train,pretrain,mPCDOij0bB0,00006,0,trainval,56WGgJNBRxQ,50031,-1.0014307295742881,3.776
train,trainval,yuewc0SEn8M,50002,0,pretrain,cWpRxyqDgpM,00011,-7.275786968458126,2.368
train,pretrain,j4yCdGB2NG4,00025,0,trainval,Df2JBnql8lc,50001,-2.6901302945056322,2.688
train,pretrain,ofsncCF9OSU,00025,0,pretrain,5TKRSIKtaCg,00022,-8.729032492852266,9.984
train,pretrain,eGoSdLNceEk,00032,0,pretrain,Cv8ttNerBEg,00009,-9.162012983834046,7.872
train,pretrain,cnDEVgxD6QQ,00016,0,pretrain,4c1lqFXHvqI,00002,-3.9641657635393557,5.44
train,pretrain,QpmsftF2We4,00010,0,pretrain,qAYqK9lAxic,00005,5.654613207548035,7.616
train,pretrain,0YeVt2kpSSo,00023,0,pretrain,0zbHnOcGbrw,00003,7.966480561160214,12.672
train,pretrain,uP3pg3alCRw,00012,0,pretrain,GpKrM8GQwOg,00013,-4.625057183585975,4.736
train,trainval,WKlIytaSlu4,50005,0,trainval,hFgPtuzgw4o,50016,-2.288543248187125,4.608
train,pretrain,nZLO2PnGzMg,00004,0,pretrain,TcBrchkBSBE,00004,7.351478787023385,4.288
train,trainval,pY6ulSP70HY,50016,0,pretrain,kyaiTGmwxnU,00025,3.465152868746305,5.696
train,pretrain,ovV7v2XYJAI,00022,0,trainval,uNQujCwCu88,50005,7.666974921579392,5.696
train,pretrain,yjtCDgjxRAw,00003,0,pretrain,mvC3Qafe5Ms,00004,3.9835124644282267,7.36
train,pretrain,LWQfeSSfNbs,00013,0,pretrain,PcQwHHbjZ0A,00008,-5.1066428176503775,9.088
train,pretrain,eNDhBSR1DZ0,00023,0,pretrain,pcNxS2i7SvQ,00008,3.917010690734717,20.48
train,pretrain,B4xOFsygwr4,00023,0,trainval,iW4fCwfw1vg,50024,-1.6399884808133045,6.208
train,pretrain,Possj5cXEnM,00005,0,pretrain,JnfBXjWm7hc,00003,0.7585181469812614,4.992
train,pretrain,Z41BTeAU7DI,00010,0,pretrain,iZRGUADAu2Q,00001,8.847746460336506,11.136
train,pretrain,T7ibjISKSdY,00012,0,pretrain,4SY6Te9Y1ME,00005,2.3762225722964523,3.968
train,pretrain,nO69NjadSec,00007,0,pretrain,zawpbVpu5nY,00008,8.339473406326853,7.808
train,pretrain,7npLVcymHGc,00024,0,pretrain,Oe1cDSPfbh8,00009,3.263435768619976,4.096
train,pretrain,uRdQS2sjF2s,00031,0,pretrain,iP9QFSlBOyA,00030,-6.741071365433244,7.616
train,pretrain,JrJJxnSgCdo,00014,0,pretrain,LH8MPbFoRjw,00020,6.6705119951862955,2.496
train,pretrain,0GL5r3HVAZ0,00005,0,trainval,ea3HnhOLC9g,50012,4.095396658100263,4.928
train,pretrain,CBJMFvcR8PQ,00006,0,pretrain,Jp9b2Hf7QWg,00014,-3.7588194812177704,5.696
train,pretrain,nzj7Wg4DAbs,00033,0,trainval,YhG1Bgbsj2w,50013,0.842949824760522,6.144
train,pretrain,1Dd2yCf3PyA,00010,0,trainval,r6nSmSTKHGc,50002,-9.953889774356933,2.624
train,pretrain,h9SKyrHRhDo,00032,0,pretrain,58eTdyeVwbA,00017,1.5032252100189467,6.848
train,pretrain,zXCiv4sc5eY,00023,0,pretrain,YeXcNpVkezI,00002,-5.468729259254079,10.688
train,trainval,6JcKbNSGjCE,50002,0,pretrain,tVoE8eSu4bw,00004,6.7354565627509295,4.736
train,pretrain,gCWeVYCcKXw,00049,0,pretrain,AOEQ9GteWbg,00007,6.510055312498004,8.96
train,trainval,0iTehgSOZ8A,50017,0,pretrain,3GFG6Cvy9HQ,00012,-3.1481988894202306,3.584
train,pretrain,ztGkmruGPqM,00008,0,pretrain,Jz064FJMmKw,00013,0.79920023309651,7.424
train,pretrain,488ZBeaGo6s,00023,0,pretrain,HA7GwKXfJB0,00001,6.700397075041703,4.8
train,pretrain,tpKWHSsBpnE,00006,0,trainval,0Q1owhv3qAA,50004,-5.219573734317178,2.432
train,pretrain,Mb8x6vLcggc,00002,0,pretrain,HEFSHP2XE7E,00008,8.650679391811874,7.808
train,pretrain,7JVTirBEfho,00027,0,pretrain,kpfsQbFV5SU,00006,1.5898613824274594,7.872
train,pretrain,5ldhLuX4vSM,00028,0,pretrain,UROCz70tlMY,00015,2.5701049024221376,11.072
train,trainval,H7Gn2a0GnAc,50001,0,pretrain,vVY8L56oxSM,00007,2.6439782798192972,3.392
train,pretrain,tbicAmaXYtM,00014,0,pretrain,IOzdXNXzDqE,00010,-0.13548377528751487,8.128
train,pretrain,kDXJhxLzmBQ,00015,0,pretrain,DUd8XAS5HEk,00001,9.839257404261502,18.56
train,trainval,JRWC1UlMjZQ,50001,0,pretrain,Z1R1z9ipFnM,00021,7.861704014142333,2.176
train,pretrain,KQEWc3LVfyc,00058,0,pretrain,2xs8qmk0OPc,00007,-1.8682499408935982,13.568
train,pretrain,KQEWc3LVfyc,00104,0,pretrain,sa0RUmGTCYY,00006,5.04894038027912,9.088
train,pretrain,rN7VcY1fS1Q,00020,0,trainval,ESNiCniw0JE,50003,5.507339853133855,3.392
train,pretrain,vcSn852sv3E,00001,0,pretrain,UyQIKwSPZGM,00005,7.0133518803912445,5.248
train,pretrain,bSZh8qdKaBc,00001,0,trainval,dLHWVTa5xZs,50012,8.525872422160482,6.08
train,pretrain,BFK2knjj4lQ,00019,0,pretrain,j7c9b9A2AHc,00042,-8.026253033884107,3.968
train,pretrain,P9YbrVFoX0Q,00023,0,pretrain,SNzyG5RzZyY,00003,8.738674738497735,27.392
train,pretrain,lGbuCmuTJHg,00005,0,trainval,0snNB1yS3IE,50017,-1.6928770343597428,2.24
train,pretrain,Wn1imxwGscs,00002,0,pretrain,F10t7i8wHaM,00010,8.915087839535946,4.16
train,pretrain,U7y4GlmwPLQ,00023,0,pretrain,3QZp6smeSQA,00018,-8.612033574320161,3.968
train,pretrain,lV3trdyDdHE,00051,0,pretrain,PyXZvuxDkC4,00004,6.413224645455639,9.408
train,trainval,qQIwTWJSd2I,50007,0,trainval,HmHh8dn6MiA,50004,5.876065989297235,3.648
train,pretrain,UOn3zOp8JPE,00010,0,trainval,iE7YRHxwoDs,50004,-0.9894848514616719,4.288
train,pretrain,1QX7aoxSTAQ,00003,0,pretrain,Y0UB6g8Rsyw,00002,-1.1492039457054997,9.6
train,pretrain,CprpSEjVtwA,00018,0,pretrain,fVhggGSjXVg,00007,-0.45114611102249746,6.4
train,pretrain,SmsYxDvdcYc,00017,0,pretrain,8oeiOeDqSNc,00028,-7.762778512305082,7.04
train,pretrain,JNSgdmKysxA,00017,0,pretrain,HbQZ7jAvgoI,00005,-5.278508499251158,5.504
train,pretrain,f5qSfMluftA,00001,0,pretrain,d0yGdNEWdn0,00017,3.3105449417084714,7.68
train,trainval,CzgS9C7gw0o,50007,0,pretrain,SResvScvMkE,00003,2.653999204215573,3.584
train,pretrain,Urk3xn7l3AM,00028,0,trainval,bscKRPkR328,50008,-6.124646451744933,2.496
train,pretrain,6xy5pWOgeBY,00022,0,pretrain,yXTtHmj1sr0,00012,6.877335900700167,5.952
train,trainval,cf3zxHuSM2Y,50008,0,pretrain,eqDgt12m26c,00005,5.028260946646077,2.496
train,pretrain,8m5Ebx6nuGE,00035,0,trainval,FjibavNwOUI,50006,-9.560906797990487,4.48
train,pretrain,3YcZ3Zqk0a8,00003,0,pretrain,qMppKiqMpAk,00016,2.11150578186464,4.864
train,pretrain,cj5LZBmiQu4,00014,0,pretrain,mAvSoNUgMno,00017,-8.46226077398791,7.616
train,pretrain,KI3WJXNhCJ8,00006,0,pretrain,V3CLRL32Mcw,00001,5.149472813087799,15.616
train,pretrain,6qTfX4U6CS0,00022,0,trainval,FzAyOddR5u4,50008,-7.8945121798777596,2.624
train,pretrain,cplaWsiu7Yg,00014,0,pretrain,sbbzZYJSoJ4,00020,3.0670793091604747,4.608
train,pretrain,CR5krXHkr2I,00011,0,trainval,y2X7c9TUQJ8,50019,-9.934394951025457,6.08
train,pretrain,breDQqrkikM,00012,0,pretrain,EXo3qA9V3eI,00024,1.3989520031662295,7.04
train,pretrain,0g2WE1qXiKM,00021,0,pretrain,4B2qC7PIHxs,00001,1.2568337249028332,3.456
train,pretrain,1QQ3gWmd20s,00005,0,pretrain,lO1P6lCNnyo,00010,3.8848960898420177,4.224
train,trainval,x5LshSZn5RA,50001,0,pretrain,UVZyVz8gBeQ,00002,-8.885803851089133,4.16
train,pretrain,btF6nKHo2i0,00055,0,pretrain,deT1mILtFEY,00021,7.159459924877332,8.512
train,pretrain,7VRzn8hc5mc,00017,0,pretrain,pcSlowAhvUk,00009,-9.335152347637994,4.352
train,trainval,fm9SH6NucHk,50001,0,pretrain,nLeeTVmVrtA,00016,-7.049127477001884,2.368
train,pretrain,43e6eAAeGCs,00028,0,pretrain,QjpNV6QjG1c,00002,-4.278061069610679,4.864
train,pretrain,v50PTSaOOGI,00018,0,pretrain,LH8MPbFoRjw,00034,1.1656963767708657,5.056
train,pretrain,YwSGTipx3As,00010,0,pretrain,IdW9UYlxlVY,00002,1.287039420061575,3.392
train,pretrain,BSxI3YxAPW4,00043,0,pretrain,3QZp6smeSQA,00014,3.765499466478081,10.496
train,pretrain,IRxgDMSp9Gs,00001,0,pretrain,6aRz72yxHQo,00014,-5.371278869885221,12.8
train,pretrain,nC06omDS0kA,00043,0,trainval,TT6qWghHkFI,50016,6.6693086843076905,2.176
train,pretrain,DEmjzXi2lfI,00012,0,trainval,Cr1usGUSuL4,50001,8.526528397577035,2.24
train,pretrain,PyS1o4sX1hk,00020,0,pretrain,JaFSfq2Zn7I,00016,-3.032250774896534,4.352
train,pretrain,kNhyOYv2ejw,00028,0,pretrain,ihR9SX7dgRo,00017,3.1108503187170236,4.096
train,trainval,zLNXIXingyU,50013,0,pretrain,LH8MPbFoRjw,00006,-9.804848404013683,4.928
train,pretrain,MKKGS38vCO8,00024,0,pretrain,Possj5cXEnM,00006,-6.528411204825353,10.112
train,pretrain,rFAdlU2ETjU,00005,0,trainval,XS3m37czBfk,50009,4.951515079078634,2.496
train,pretrain,gdg4mUSwuhI,00006,0,pretrain,TFbv757kup4,00006,9.645307772007413,39.168
train,pretrain,Lrdn4lazVBc,00010,0,pretrain,Uwl012o8P7I,00023,7.418369798723862,4.032
train,pretrain,1G0MzlfMPuM,00011,0,pretrain,t5KNNlxLScc,00001,-3.544889051851923,4.8
train,pretrain,T2jwSUhu7ok,00014,0,pretrain,ea3HnhOLC9g,00009,2.916916639376147,4.352
train,trainval,PsihkFWDt3Y,50004,0,pretrain,cMhPOiuDzBc,00025,-6.933335036344634,4.928
train,pretrain,ISSupr6ayqw,00036,0,trainval,xjxyEwjG2Es,50001,-8.862094849837764,2.048
train,pretrain,89Dhye1lgik,00009,0,pretrain,BSiNIZ6zZqY,00016,8.570677580707258,5.12
train,pretrain,cPL2FE7ZPTg,00009,0,pretrain,SSy6CJLMuiw,00018,-4.122960902505321,9.408
train,pretrain,SI3v6KS2Zgs,00011,0,pretrain,gZpcTVqpaPw,00017,5.5076415498198195,7.68
train,pretrain,N7wF2AdVy2Q,00028,0,pretrain,ue2ZEmTJSXo,00008,2.6243764119775115,6.336
train,pretrain,QUL0eSQtV8c,00023,0,pretrain,txJGm6zhiBA,00020,-0.7453439655149712,3.136
train,pretrain,04SEzifEsGg,00007,0,pretrain,a2MR5XbJtXU,00028,2.389301417341784,4.16
train,pretrain,apbSsILLh28,00031,0,pretrain,LkOmfSSQLgI,00019,5.196534072628436,3.328
train,pretrain,cXbXNV9SZAg,00029,0,trainval,zBSaSy6aKTY,50003,2.28719656056807,2.24
train,trainval,bvAEJ8G9l9U,50013,0,pretrain,o5ojwGhKr20,00008,-5.557748170377385,3.648
train,pretrain,8XQ1onjXJK0,00041,0,trainval,V2u6CzpRqts,50002,2.052727307693356,3.52
train,trainval,0af00UcTOSc,50008,0,trainval,JN3mW2IzCrc,50003,7.750230685345528,2.112
train,pretrain,3GVOSMfIl1Q,00009,0,pretrain,IzPcu0SETTU,00023,-7.043657173125075,6.656
train,pretrain,BMOjVYgYaG8,00017,0,pretrain,xzT6iH2CX4k,00014,-2.5125020008808736,6.144
train,pretrain,P9B8PmUR64U,00002,0,pretrain,KzeQSZ3bQ2g,00011,3.695766600813748,3.2
train,pretrain,GMc8aSoCE30,00006,0,pretrain,dsOSb0SrS5Y,00026,5.183287213353154,6.976
train,pretrain,Eeas8QU5TzA,00010,0,trainval,N37x4GgDVBM,50004,4.15265661826713,2.56
train,pretrain,eUznJ3LtvGc,00055,0,pretrain,7sqeoYOQ4qg,00037,1.023398711045342,6.08
train,pretrain,AOEQ9GteWbg,00038,0,pretrain,sLFqwXqe4Yk,00020,-3.258657622664116,6.976
train,trainval,a4PUlSHZvf8,50004,0,pretrain,wX78iKhInsc,00023,-2.5943953493368106,2.432
train,pretrain,DlGUSNXOdpQ,00010,0,trainval,CLSSiaFuLo4,50021,1.9142937126400597,6.016
train,pretrain,14rYeATuCqQ,00017,0,pretrain,X98Fbe0Ccis,00002,-9.531333079362959,14.784
train,pretrain,iclWthSVvBs,00001,0,pretrain,pMYYxSim5QI,00027,-9.996939605613775,3.904
train,pretrain,jobYTQTgeUE,00019,0,pretrain,9h2dFSIsH0I,00056,8.096593253941002,11.84
train,pretrain,jnS66SszwEs,00007,0,pretrain,XII0TdSvloM,00011,-5.377880448365778,3.456
train,pretrain,kSR8G8mfp84,00004,0,pretrain,6E3zVSCSGYk,00024,-6.452035960846674,7.68
train,pretrain,ue2ZEmTJSXo,00005,0,pretrain,wQJC2MMB8nA,00027,6.228224577307994,37.696
train,pretrain,y3jYVe1RGaU,00044,0,pretrain,ZLiUelSu7s8,00017,-0.4581015364069536,4.544
train,pretrain,W0StyxgMk1o,00048,0,trainval,YsUAEFJsOdA,50014,-4.933272653255088,3.264
train,trainval,c2tOp7OxyQ8,50059,0,pretrain,85bqT904VWA,00034,-7.0124500565785075,2.24
train,pretrain,WGBTz8ciZLg,00012,0,pretrain,xmlekZSSOWE,00013,5.807944984934359,4.864
train,pretrain,k0GQSJrpVhM,00021,0,pretrain,V1K3GvSKyJQ,00001,-2.080853239593319,3.072
train,pretrain,xjxyEwjG2Es,00006,0,pretrain,OT9poHSD2Iw,00012,2.302901727085242,5.376
train,pretrain,ZChEFOGSn8Q,00001,0,pretrain,uCC3dS7FrkQ,00012,-1.041825591975872,9.536
train,pretrain,u9Lu85L111Y,00019,0,pretrain,vdDFLzyk94k,00010,0.4095772991102393,6.848
train,pretrain,A71OktxTPac,00029,0,pretrain,itnoDEL5QjQ,00016,7.0691753618169315,2.944
train,trainval,8jkri0AeZWQ,50008,0,pretrain,jKAehegqTvg,00018,-1.3888384810764602,4.288
train,pretrain,SEiSloE1rSA,00016,0,trainval,3qRtDnsnSwk,50009,2.4655345260585726,6.08
train,pretrain,GYcP2BR8EtY,00003,0,trainval,uP3pg3alCRw,50004,-7.212424836858324,3.456
train,pretrain,gB23pKmyIHM,00017,0,pretrain,jE1j5Om7g0U,00005,1.7108073483574486,11.136
train,pretrain,3p3Svl9VFYU,00003,0,pretrain,qykDS2AXKIU,00002,3.4245279186501794,6.336
train,trainval,mp0SQQQgv7s,50006,0,trainval,YXrEVQFtJm0,50004,-4.747639713340607,2.56
train,pretrain,SLyoVkOl24E,00004,0,pretrain,vUQLN4o63SY,00006,9.24509420022843,6.4
train,pretrain,boSGZ3qSAys,00035,0,pretrain,lzSkIDxbzGA,00008,-8.137363844108474,12.288
train,pretrain,K5wCfYujRdE,00001,0,pretrain,LwSzyoYlIsA,00006,9.320233163605064,6.528
train,pretrain,4EUAMe2ixCI,00020,0,pretrain,iNtNP6LGek8,00002,8.66338946135442,2.368
train,pretrain,o3VwYIazybI,00020,0,pretrain,pNttjJUtkA4,00020,-0.6061976212562179,5.44
train,trainval,79zra755WgA,50015,0,pretrain,LJhklPJz9U8,00035,6.4027728821510905,2.752
train,pretrain,Eewvsw027jg,00006,0,trainval,VC3H1lMEeS4,50005,6.514793668004739,2.944
train,trainval,ImmtTHYU5GQ,50052,0,pretrain,yDubrSRjlCE,00023,-0.6077823102366828,5.44
train,pretrain,v8YoSPXN7UA,00032,0,pretrain,jSdBXFkQ3S8,00014,-6.321525961226815,3.968
train,trainval,5sS3Yjh9Lw4,50011,0,pretrain,JhcCHjqSiBo,00019,9.53708396394424,2.304
train,pretrain,E27DY3AVA98,00006,0,trainval,IHyR7p6Shn0,50041,1.737127920787989,6.144
train,pretrain,NP8xt8o4S5Q,00025,0,pretrain,o1abyP4zfGg,00019,5.697563136269482,3.776
train,pretrain,u5GCetbP7Fg,00040,0,pretrain,iOByGJskqks,00024,-5.007855342496381,9.28
train,pretrain,2a2724wcfcc,00005,0,pretrain,G1Ke6JIZyX4,00005,-3.8747064352587053,9.024
train,pretrain,ZBg5QvcZQP8,00023,0,trainval,PMBWNbj2awk,50005,4.251669588745408,3.2
train,pretrain,hbG89FYKzaY,00003,0,pretrain,KZIGekgoaz4,00028,1.2223435252892845,4.16
train,pretrain,nZSVjUKAsao,00002,0,pretrain,FktsFcooIG8,00016,-2.612147533653819,7.616
train,pretrain,H3TFShI7zKc,00005,0,trainval,IxjwJ0Y1bxE,50001,-1.6638519515394954,3.136
train,pretrain,WbuIl6phdco,00025,0,trainval,sa0RUmGTCYY,50026,-3.6202336174276635,4.48
train,pretrain,AR6RiSHN7S0,00037,0,pretrain,Wtp7R97jz5k,00007,5.887272628655429,7.808
train,pretrain,sa1iS1MqUy4,00002,0,pretrain,CGksAjzI0go,00043,-4.227138620252429,5.888
train,trainval,m7SuKQGPMSw,50001,0,pretrain,Un2yBgIAxYs,00031,4.931631210126447,4.416
train,pretrain,klUoJxGv9wg,00012,0,pretrain,8n5O9tz30So,00013,3.590582160769877,8.96
train,pretrain,fw01Sq0cxM8,00007,0,pretrain,NdKEy6vcCMw,00078,-0.8213433921049855,9.792
train,pretrain,vY2l2xfDBcE,00031,0,pretrain,k7djE1X16og,00021,-6.804354031224397,7.616
train,trainval,aEjUlH7bNDo,50028,0,pretrain,SCEKKHyxgaw,00012,-0.1594361075808397,5.76
train,pretrain,FjibavNwOUI,00010,0,pretrain,qH66lTtW4Hg,00004,-4.406657273929413,8.96
train,pretrain,NRcPXtqdKjE,00013,0,pretrain,1KFUSfbcwfw,00007,-6.1887465864961655,5.696
train,pretrain,ng7sf2SpeFg,00009,0,pretrain,iSRWMLMBkqk,00022,5.478211381932017,2.88
train,pretrain,JQ0iMulicgg,00014,0,pretrain,SeEsTtedvBk,00004,1.6603007333611526,8.896
train,trainval,CR5krXHkr2I,50002,0,pretrain,LkOmfSSQLgI,00019,3.3097850580034915,2.304
train,pretrain,anmktfGYw8k,00023,0,pretrain,C14bXC7zi84,00015,-3.9671416911176376,4.608
train,pretrain,FLbEKpLS5Z0,00010,0,pretrain,AR6RiSHN7S0,00008,-8.37737979230398,8.448
train,pretrain,b98IwSAeGQg,00013,0,pretrain,VM6HZqQKhok,00007,-4.1399881395116545,5.312
train,pretrain,ZR4LdnFGzPk,00007,0,pretrain,rFAdlU2ETjU,00018,5.269834637098114,4.032
train,pretrain,fbeFn1Xcqo4,00010,0,pretrain,jVcaTtJmRNs,00002,-6.276810828583395,5.312
train,pretrain,R7beBKnH9u0,00003,0,pretrain,OaGEMSRms48,00011,7.349776859667887,4.16
train,pretrain,mK2TDdEP58g,00009,0,pretrain,ynSrWmoq7Is,00004,-8.401945909244109,6.016
train,trainval,9VXOknUbzBM,50013,0,pretrain,PB7xs7UpIfY,00010,8.13957548601904,3.2
train,pretrain,Kp13yOhLEbU,00033,0,pretrain,pSCefSAYqaA,00007,-2.109694580828627,5.696
train,trainval,rAZPIxYvBAE,50002,0,pretrain,6AvXhgXlGpE,00037,-6.633111640879674,3.328
train,pretrain,eS44GSkE8lE,00011,0,pretrain,RxmzCJug9HE,00005,-6.235272014934394,4.928
train,pretrain,6c0VtOdibcI,00014,0,pretrain,lwcvhh4pLjE,00011,-2.9635248443978046,3.84
train,pretrain,VbeovM4RCh4,00017,0,pretrain,rueQgStScw0,00003,6.7965109382860405,4.224
train,pretrain,HQzXqjT0w3k,00037,0,pretrain,r9Zz4hYuGdw,00013,9.046217556530824,6.528
train,pretrain,O6GimGZz6a8,00022,0,trainval,eqDgt12m26c,50025,1.812280053615014,5.76
train,pretrain,lXNE4MD2X2w,00001,0,pretrain,rYwTA5RA9eU,00016,6.698817691803434,9.28
train,pretrain,SZbNyp1jeGo,00012,0,pretrain,IBoJcDlqmo0,00014,-1.335599731644825,6.08
train,pretrain,E5BOBs3Nmbw,00001,0,pretrain,xMS9HlSSLSA,00037,-7.382536894543166,4.416
train,pretrain,04SEzifEsGg,00018,0,pretrain,bDbN8R6Gb6Q,00005,-5.352925959023642,4.416
train,pretrain,5TKRSIKtaCg,00010,0,pretrain,szU2S1infqc,00018,-7.269892299346397,6.208
train,pretrain,yldVmMfMyIg,00020,0,pretrain,tlS3r8Gid90,00019,2.815462952573231,3.968
train,trainval,3LzX36sShcs,50008,0,pretrain,CijsvAGU6Sc,00017,0.0649949112749919,3.776
train,pretrain,28hGxw5DBK8,00008,0,pretrain,hxJ8LELZCjo,00034,6.691827075140324,12.032
train,pretrain,28sa2zGgmwE,00018,0,pretrain,2OH1xSaKSmI,00006,-8.95293308092436,5.76
train,pretrain,cotBM0laSSo,00025,0,pretrain,pkGAMb5sYvg,00016,4.407192218345484,5.056
train,trainval,by3NnWvSCj8,50003,0,pretrain,c00zfzk4gdg,00047,-2.509604477477996,4.608
train,trainval,59SRn1SkWAA,50028,0,pretrain,fVLJU45SnLY,00014,-3.3902920034172634,5.12
train,pretrain,BMDSPhk7JSY,00001,0,trainval,VMwjscSCcf0,50001,-5.605255259650475,3.072
train,pretrain,cdpIwjTtLlg,00013,0,pretrain,BMdMSmtTgD0,00029,-2.542776561422988,13.568
train,pretrain,48oiapTn3K0,00005,0,trainval,8tEuaj4h8dw,50001,-0.6536669747410162,6.016
train,pretrain,oXbhTHaMwTw,00030,0,pretrain,3Z6x5t5A9so,00030,1.6964118371885313,6.016
train,pretrain,4Z75ASJMBx4,00004,0,trainval,NRcPXtqdKjE,50001,4.299598590553471,3.2
train,pretrain,qQIwTWJSd2I,00021,0,pretrain,UdsUVjeJuPE,00022,2.8952468698478935,14.4
train,pretrain,b2LbuqoNGGI,00027,0,trainval,N4wFyRGilp4,50005,-1.0201928738707888,2.304
train,pretrain,btF6nKHo2i0,00021,0,pretrain,WXOd4qh3JKk,00021,8.1389192749686,5.12
train,trainval,t4kyRyKyOpo,50001,0,pretrain,hvJ4KlVlqV8,00020,2.35840172061285,5.184
train,pretrain,t1owaS144N4,00022,0,trainval,dOt4NkcmIUg,50015,-4.79208893283229,6.208
train,pretrain,8khcH5Lqxgk,00007,0,pretrain,2cYDyMnL4M8,00013,2.836208648432418,6.464
train,pretrain,RhgrbQmYOSY,00039,0,pretrain,XOU2ubWkoPw,00017,-7.370142567107112,3.264
train,pretrain,vY2l2xfDBcE,00031,0,pretrain,Zx8uYIfUvh4,00025,9.881527720312619,8.576
train,pretrain,bzj1BTdfoeI,00055,0,pretrain,3aYWvujaT6M,00024,-2.2967018392567295,11.328
train,pretrain,6weGCM3sWKc,00013,0,trainval,AfljJGTVcKE,50001,-6.831450826714251,3.968
train,pretrain,LH8MPbFoRjw,00030,0,pretrain,4qKAse8388k,00001,1.266940552454205,3.968
train,pretrain,hYbSavnaJSE,00003,0,pretrain,LLmhQmicusM,00024,-9.121329317269772,7.616
train,pretrain,Xe2nlti47kA,00029,0,pretrain,Mo2Ai7ESNL8,00018,-4.811688126743436,5.44
train,pretrain,MtSE4rglxbY,00042,0,pretrain,PCWIGN3181U,00009,-8.805587098013135,4.096
train,trainval,ts9JpM0gHMU,50027,0,trainval,vQILP19qABk,50002,9.807991058936903,2.176
train,pretrain,7W8OJgeYy1w,00022,0,pretrain,XZiNVGA78kA,00022,-9.155849298385954,8.96
train,pretrain,up4hFjSjcTY,00011,0,pretrain,jJMBwqhD9DE,00016,-9.222219662275933,5.504
train,trainval,53P0aypkpXY,50006,0,pretrain,F4RMDoGCCK0,00017,-4.187322584243372,4.352
train,pretrain,vpTHi7O66pI,00017,0,trainval,oXSyMUeAEec,50017,3.1958809086755906,3.392
train,pretrain,OISOhvOumT0,00040,0,pretrain,0sYguTPLpHE,00065,-8.410434061010532,7.68
train,pretrain,I1cGiNnJZgU,00020,0,pretrain,pCHWOt3FOgY,00016,-9.14306676378837,5.568
train,pretrain,APgMXDjLcT4,00002,0,pretrain,o0I0Poe3qlg,00003,4.171178250108502,9.536
train,pretrain,sLiM2SizFl4,00019,0,pretrain,FDhlOovaGrI,00002,0.03755415969180831,4.672
train,pretrain,fIw07IX6rG8,00006,0,pretrain,zSXchYY3bnU,00022,8.082023124630812,6.848
train,pretrain,jdpIKXLLYYM,00007,0,trainval,iEySxTbcr2A,50004,9.715545105708223,2.624
train,pretrain,wxCtIdI3xL0,00019,0,pretrain,sucza6EOIf0,00003,-4.254467827751345,9.92
train,pretrain,wNokfBHccVI,00014,0,trainval,OKIyDMaxh4w,50004,7.218025295905992,3.968
train,pretrain,7udZ5ux0dYE,00010,0,trainval,saXfavo1OQo,50001,1.0280162836398148,2.048
train,trainval,kiUnJ1d8vvw,50002,0,pretrain,9E3a0HSXcSg,00006,-1.5798863010956055,4.352
train,pretrain,MHN1gqrXMUM,00030,0,pretrain,fBQnQTkhsq4,00020,-5.681789945999456,5.76
train,pretrain,HjSGqwAFRcc,00002,0,trainval,RBfdvib2irc,50006,-2.052863150633099,2.048
train,pretrain,04SEzifEsGg,00043,0,pretrain,T33vGEPLSwg,00009,-2.9479969461385576,6.72
train,pretrain,PL9wP3pAl7A,00033,0,trainval,z0HsPBKfhoI,50006,7.339362722954153,5.248
train,pretrain,rOVkASt39Uc,00018,0,trainval,79zra755WgA,50006,9.817986793822925,3.264
train,trainval,ac1mOswXxLs,50013,0,pretrain,RRRDYBwjjU0,00004,8.848917172660496,2.752
train,pretrain,bzj1BTdfoeI,00035,0,pretrain,oX1C3Jn05OE,00027,2.954299257534924,8.128
train,trainval,f5udS4pbXPk,50006,0,pretrain,Lh9lDWPMWrM,00019,-3.247078478834366,6.144
train,pretrain,7Z9xCX4ifJo,00013,0,trainval,79zra755WgA,50013,-1.3770518888560233,2.368
train,pretrain,d4Dj0qdWLnk,00029,0,pretrain,iueVZJVEmEs,00036,-3.461572783444846,8.448
train,pretrain,fSmQIWnO3Ag,00002,0,pretrain,RRRDYBwjjU0,00017,-7.72229043228172,7.104
train,pretrain,y2X7c9TUQJ8,00031,0,pretrain,uHRG3Vr9qyI,00004,-8.812618893021417,72.448
train,pretrain,rpOwTspdwkI,00039,0,pretrain,ZvSJE9n0GfA,00029,2.1175185077265457,6.464
train,pretrain,FrgzvykPILc,00015,0,pretrain,VoCOzuWOgSY,00018,-1.0009105179462896,12.928
train,pretrain,hfDkDzZ9GsU,00021,0,trainval,56WGgJNBRxQ,50007,5.159380846050485,6.144
train,pretrain,P4pKrxVcvJc,00004,0,pretrain,W1KIgMXPR28,00018,4.720631173517289,6.4
train,pretrain,JNSgdmKysxA,00034,0,pretrain,WbuIl6phdco,00039,1.9198108224978938,6.528
train,pretrain,U9cGdRNMdQQ,00008,0,trainval,7sqeoYOQ4qg,50007,-3.4124157721238157,2.688
train,trainval,IJwlyf7rCtU,50002,0,pretrain,PyS1o4sX1hk,00001,-3.7889052766256963,4.352
train,pretrain,u9Lu85L111Y,00012,0,pretrain,b98IwSAeGQg,00006,-2.9120312217507793,11.968
train,pretrain,qZRSPO8NtJc,00001,0,pretrain,Znc6TJAAXFU,00005,-0.31202839360081924,5.056
train,trainval,9XRPbFIN4lk,50001,0,pretrain,7icexlbjQnE,00010,-3.268245384380453,3.456
train,pretrain,UVZyVz8gBeQ,00011,0,trainval,7Mqse6SLOds,50005,2.639967734900999,3.776
train,trainval,cSohjlYQI2A,50002,0,pretrain,jFG7jqJXbno,00004,3.287774261067458,3.456
train,pretrain,TzNSuIVkfjg,00012,0,pretrain,YhvfOlPYifY,00001,-5.20665594626414,6.976
train,pretrain,u9FSvAVQvGM,00015,0,pretrain,wEM9c7RoVms,00009,1.897629824722511,5.12
train,pretrain,0D9QIG36J9Q,00016,0,pretrain,y2yka9lyvMA,00063,-1.8235015239864367,2.496
train,pretrain,JBLc4Ekl3BA,00020,0,pretrain,qS7zAkwAOYg,00014,-5.037751278921694,5.568
train,pretrain,F8bM8K7WSR8,00017,0,pretrain,73cTNHEQhkQ,00005,-7.798971886174222,7.168
train,pretrain,0S3YDofSvGs,00006,0,trainval,8Ug1MnU6LKw,50033,-1.51694570245734,2.88
train,pretrain,FJFxLQCo83U,00032,0,pretrain,7n9IOH0NvyY,00044,-3.3415538438358023,5.952
train,pretrain,jpRqbP9Nv9k,00001,0,pretrain,MS4x6G0zzeg,00029,9.004642730642392,4.928
train,pretrain,0hzSUUdTDUA,00011,0,pretrain,0S3YDofSvGs,00008,8.082079984242984,6.336
train,pretrain,vQILP19qABk,00006,0,pretrain,EvEj5zAJriw,00004,5.193660968105222,4.224
train,pretrain,xTMZJvfzxGY,00022,0,trainval,eQdFkSSgHYo,50013,3.3072246924007906,5.76
train,pretrain,p0aTfcXpOEs,00006,0,pretrain,ofjRnIpXBF0,00006,4.19597765099258,5.44
train,pretrain,rFAdlU2ETjU,00010,0,pretrain,iueVZJVEmEs,00036,-3.3252525195292577,8.448
train,pretrain,BQj2ZSGPsY8,00021,0,pretrain,CSLy17buxlI,00012,-8.83996352759129,4.16
train,pretrain,IRVdiHu1VCc,00066,0,pretrain,8gSAkUOElsg,00057,-5.84031365946752,5.824
train,pretrain,7hWUhEA6hxk,00006,0,pretrain,uSTmKo75gJI,00029,3.1649535481807796,13.376
train,pretrain,EYgoqiX15Rw,00002,0,pretrain,JmCtZzSRztQ,00019,5.744055904479611,3.136
train,pretrain,deT1mILtFEY,00013,0,pretrain,F5FYYV59Eew,00010,5.622182459995335,6.464
train,pretrain,A60UTjiEp4c,00048,0,pretrain,ndAHAjgquwk,00008,4.97202007709528,6.272
train,pretrain,cbSts8fUhB8,00012,0,trainval,hVsnkRoYfX0,50018,9.38228164532038,2.56
train,pretrain,UoBUXOOdLXY,00013,0,pretrain,exjlR7izakg,00020,-7.856283616259885,7.68
train,pretrain,sSXv06gUX3Y,00033,0,pretrain,Yn9fTcSWMbo,00025,1.805278126797198,4.48
train,pretrain,Skl42b9B9yA,00019,0,trainval,GeDSgi0A7A8,50019,7.231028323950234,6.208
train,pretrain,dE1DuBesGYM,00016,0,pretrain,DwQMDyyS42Q,00037,-1.2965116254323839,7.104
train,pretrain,qrNDkRHAA4E,00009,0,pretrain,xkq8drS5ofs,00010,3.559218963596374,5.568
train,pretrain,HjSGqwAFRcc,00020,0,pretrain,mK6IdD4GXPo,00018,-6.397125172029017,6.208
train,pretrain,sLiM2SizFl4,00001,0,pretrain,lUO0xDSJQVI,00021,0.6692748609944772,3.968
train,trainval,8n5O9tz30So,50002,0,pretrain,7s0CpRfyYp8,00029,8.73946220243312,2.624
train,pretrain,erg8sDIYjmw,00015,0,pretrain,y9ALB39wRKo,00008,2.0385619694692085,4.096
train,trainval,P4pKrxVcvJc,50004,0,pretrain,dgYItsUBW1M,00026,5.0529184727303615,4.032
train,pretrain,WCj82W7XkjI,00049,0,pretrain,5ErKrSyUpEo,00002,5.4080388025330866,11.712
train,trainval,jobYTQTgeUE,50005,0,pretrain,WCj82W7XkjI,00016,-4.893842435620304,2.432
train,pretrain,F17SKiAZOxg,00045,0,pretrain,VJRBx0JjMSM,00001,-2.649239482762919,4.16
train,pretrain,LUO3jqMlWkE,00021,0,pretrain,KjKBOo5tFX8,00001,3.463215916320035,5.568
train,pretrain,Fc1yN6uxZfQ,00023,0,pretrain,xyIQFI865Sw,00015,9.814969143204383,9.152
train,pretrain,QUUFbS1hBtw,00039,0,pretrain,XiEQmcZi8cM,00037,-2.5197742725011114,4.288
train,pretrain,F17SKiAZOxg,00035,0,trainval,3XDdhbrg2kw,50026,1.9733521104953944,5.888
train,pretrain,joyi6anTSFQ,00011,0,trainval,DajRM7VyeZ4,50012,2.852079459486955,6.08
train,trainval,F8bM8K7WSR8,50003,0,pretrain,atKSMfx4E3I,00026,-4.0327565009766015,5.056
train,pretrain,d4Dj0qdWLnk,00007,0,pretrain,JSLUS3qLv0I,00020,-5.632510227664218,3.136
train,pretrain,Jp9b2Hf7QWg,00014,0,pretrain,wAdwurHhvSI,00019,-4.416179889413099,5.056
train,pretrain,rHbjwH2Blfg,00017,0,pretrain,u9hauSrihYQ,00031,3.5172258852885427,5.888
train,pretrain,7npLVcymHGc,00045,0,pretrain,BQj2ZSGPsY8,00007,-2.6698797270615877,14.976
train,pretrain,sS9ys09BkGE,00024,0,trainval,w1TBZhdSsN0,50007,-1.0480085660337846,6.08
train,pretrain,AjF0rquH11U,00005,0,pretrain,uBsiYBrFtbY,00014,-2.98717329799233,8.896
train,pretrain,SI3v6KS2Zgs,00006,0,pretrain,2j00U6lUCSc,00023,9.82236769053672,9.472
train,pretrain,Qt1RPkbF4o4,00014,0,pretrain,NhYnouvrGS8,00024,-6.520871205992744,12.736
train,trainval,bxkslfQc0EA,50005,0,pretrain,KVhWqwnZ1eM,00006,-2.3512029621743302,3.2
train,pretrain,cdpIwjTtLlg,00003,0,pretrain,fCKNScHMBGE,00017,7.944278729487941,7.808
train,pretrain,zuLOT6GsAxw,00012,0,pretrain,SK095wuESeE,00010,-8.67712052201223,8.704
train,pretrain,z0USUSGggf8,00008,0,pretrain,VSTGxJI4JwA,00012,-5.420995517087075,6.336
train,pretrain,JKsHhXwqDqM,00037,0,trainval,zwpiI18TBdE,50002,8.067257317727886,2.944
train,trainval,dnMeyvtJpsk,50003,0,pretrain,cf3zxHuSM2Y,00028,9.640647135103304,3.264
train,pretrain,U9BzgnX3z6Q,00025,0,pretrain,ZBWsmoy5Re4,00004,7.210625754983159,12.992
train,trainval,vSONFixSe4k,50009,0,pretrain,qKlzdSH2X9w,00039,1.247666760329869,2.496
train,pretrain,EjSuaeVfE9I,00003,0,pretrain,8t4Vj6lmzVo,00011,-4.743773978910495,5.44
train,pretrain,3UaOl8SYHes,00025,0,pretrain,vhfcedpoCLo,00008,-6.127689144447473,14.208
train,trainval,0z03xkwFbw4,50001,0,pretrain,mQOOgDqUta0,00011,-6.733949250244091,6.016
train,pretrain,sWnAtLt8kSs,00024,0,pretrain,d4Dj0qdWLnk,00017,-7.160276408254709,5.248
train,trainval,aEjUlH7bNDo,50004,0,trainval,rAAY1jOZFSE,50002,3.569724441835424,2.048
train,trainval,MpISFKqk0Ew,50002,0,pretrain,iAZwvTV3CyQ,00027,-8.572006400234946,5.824
train,trainval,In6iAXTnqEo,50002,0,pretrain,o3VwYIazybI,00018,6.113172969497839,5.76
train,pretrain,Mb8x6vLcggc,00002,0,pretrain,FzApYQDIXlg,00035,-7.677808855961146,18.752
train,pretrain,ohGMgSLJCjs,00020,0,pretrain,ioMpOr7Yx98,00026,-9.396107307661685,11.84
train,trainval,cswhOCKQZ7Q,50011,0,pretrain,MD23gIlr52Y,00008,2.38474268573113,3.904
train,trainval,vWJwa7lntTs,50002,0,pretrain,8QuAokSXiyg,00042,-8.170712897357465,3.52
train,pretrain,KkyzYjPuxK8,00017,0,pretrain,YAV96XSdMQo,00022,-9.054733969187886,3.776
train,pretrain,KsSSMh1QhMc,00042,0,pretrain,QHIocNOHd7A,00002,-2.1440470099363846,15.168
train,pretrain,ywgdCrcx6oM,00014,0,pretrain,eYe0Rca4NbM,00006,-3.8683005866884335,4.736
train,trainval,tkIgSSxPzTA,50004,0,pretrain,9EVEmZ2cSes,00025,4.946414206111617,2.368
train,pretrain,yq3TQoMjXTw,00001,0,pretrain,dcySuzHPCWM,00034,-9.104273994677515,4.48
train,pretrain,pWrgvI4nyyg,00003,0,trainval,ORvwzoSf1Sc,50003,4.615814308926202,3.072
train,trainval,9EglK8Mk18o,50025,0,pretrain,p9UC0chfXcg,00029,6.78378902610222,4.928
train,pretrain,7ZW8SLQftnY,00002,0,pretrain,X41iulkRqZU,00028,7.893090480219179,7.36
train,pretrain,NS4bBu9Jyho,00006,0,pretrain,ruvWiXowiZ8,00006,-6.6006625194236745,6.784
train,pretrain,4ZgwzSm7sRs,00030,0,pretrain,B4xOFsygwr4,00007,-0.25100287046584313,4.544
train,trainval,9H38oQBw2HU,50003,0,pretrain,LVSRvzXGH2Y,00001,3.385090254650894,2.432
train,pretrain,ynSrWmoq7Is,00030,0,pretrain,fbU9l46Lz7c,00007,9.147478912377867,11.52
train,pretrain,T9vLHFza8Uc,00001,0,trainval,weCFbknwZa8,50003,6.046304101489806,2.176
train,trainval,LgntY0dOfSc,50011,0,pretrain,1z3Fgtj8fqk,00044,6.438995512327338,6.208
train,pretrain,cdpIwjTtLlg,00021,0,pretrain,CzgS9C7gw0o,00013,-4.158079646184225,5.568
train,pretrain,2JSZ66uMRwc,00016,0,pretrain,fwm3azuoLr4,00004,3.8798615600260042,4.608
train,pretrain,WzDygsn0Djs,00027,0,pretrain,yyW9W3e9VD0,00011,-4.2541394022885815,26.688
train,pretrain,0x2SkWRB8SA,00026,0,pretrain,7fx0QcHyrFk,00004,-0.16120405387561476,5.312
train,pretrain,3gSSNHO1dDs,00003,0,pretrain,G0jxiJzIiz4,00014,-5.004560614597214,5.312
train,pretrain,y7LXwGfvxwo,00001,0,pretrain,B12syeJflbQ,00043,3.5940655482790227,7.872
train,pretrain,nLtUl2CP8ak,00042,0,pretrain,y3ZrjRlIcgI,00024,-2.72355583957951,11.904
train,pretrain,vC1uxXvPG0Q,00017,0,pretrain,CSSBGTJgBGo,00006,6.56439643019732,9.088
train,pretrain,6Af6bSwyiwI,00011,0,pretrain,fgfQLTIhi1U,00039,2.309217314527743,11.776
train,pretrain,rbnBeSvXGQM,00020,0,pretrain,S6pLPVfKFoQ,00029,9.937406599585259,4.48
train,pretrain,LPrS7Skx9Y0,00022,0,pretrain,oDdcx5luv5s,00006,-5.232790416587985,10.368
train,trainval,hBtXiTumdY0,50001,0,pretrain,vcfrsYWFR78,00011,-5.700121882385036,3.456
train,pretrain,kFMZrEABdw4,00037,0,pretrain,SSJu0Jy9oSQ,00015,8.039779028389557,8.32
train,trainval,mUJdzaLDRIo,50003,0,trainval,oKtALHe3Y9Q,50001,-7.293113735755514,2.24
train,pretrain,Let7s6SPgEU,00018,0,trainval,53P0aypkpXY,50012,8.26319544997336,2.816
train,pretrain,jVBp2nDmg7E,00006,0,pretrain,j7RsRnYlz7I,00004,9.42623743580014,9.088
train,pretrain,teVE3VGrBhM,00009,0,pretrain,PuroSL7O4eY,00018,3.449364976282565,7.616
train,pretrain,9OECsmMont4,00030,0,pretrain,DkyMCCnNI3Q,00005,-2.2752077999103593,8.128
train,pretrain,4VDYo4k3xKk,00006,0,trainval,8m5Ebx6nuGE,50004,9.440691868058046,2.24
train,pretrain,bVV2Zk88beY,00006,0,pretrain,RSl1ramE35s,00039,-6.031603622078392,4.224
train,pretrain,h4MhbkWJzKk,00013,0,pretrain,bczm0RsIZUM,00014,5.264492613588207,6.72
train,pretrain,4wCQV4Le3S0,00006,0,pretrain,WWloIAQpMcQ,00023,-6.763828534377483,4.544
train,pretrain,hvJ4KlVlqV8,00022,0,pretrain,g9M3HIjHuq0,00020,-6.571950756853737,9.728
train,pretrain,XkiXXPShycA,00020,0,pretrain,drv3BP0Fdi8,00054,5.002999981891225,9.536
train,trainval,dO6AuQR9R7E,50002,0,pretrain,Mjl1i13JKNM,00021,-5.310487671457458,3.968
train,pretrain,HH3m1OSiOT0,00012,0,trainval,Wj7hmzfX5eQ,50013,-1.02766892886331,3.328
train,pretrain,evfgbVjb688,00024,0,pretrain,8woKcr7uSYQ,00035,-8.194367906460778,4.352
train,pretrain,yDYCf4ONh5M,00033,0,pretrain,7hWUhEA6hxk,00003,-0.38893382857859926,4.928
train,pretrain,xS8jLsYoSic,00007,0,pretrain,fBLErez9ljw,00019,-0.1584027199011402,12.864
train,pretrain,PlQ3VdvvTvE,00013,0,pretrain,NHopJHSlVo4,00002,3.723781499141449,5.376
train,pretrain,lrYx7HaUlMY,00034,0,pretrain,uSTmKo75gJI,00014,5.8522502659772115,4.352
train,pretrain,potB0voQzNg,00042,0,trainval,hSSmmlridUM,50014,0.22028109028670784,3.008
train,pretrain,wAIP6fI0NAI,00042,0,pretrain,2vVAzRN5ez8,00010,-5.443347793885904,5.056
train,trainval,fbeFn1Xcqo4,50010,0,pretrain,4fyvDMFriRI,00011,9.650011884006148,2.112
train,pretrain,YkzwHuf6C2U,00025,0,pretrain,FcoJt2KLC9k,00025,-0.8966925052213206,16.32
train,pretrain,D089tSF9yUU,00001,0,pretrain,YO0lbdhF30g,00033,-3.4805989079316246,2.432
train,trainval,fVLJU45SnLY,50010,0,pretrain,QOSPNVunyFQ,00033,5.50516900789515,3.392
train,pretrain,ww4kNxYE0c4,00015,0,pretrain,DZT6YpCsapg,00060,7.349665506566009,3.648
train,pretrain,v3oSF94S4FI,00003,0,trainval,GqGksNRYu8s,50005,-9.158077168797544,4.16
train,pretrain,k7sKMj85hDw,00008,0,pretrain,3B24RaqA33k,00041,-4.007886239448608,6.016
train,pretrain,JSuTsrxfYWQ,00008,0,pretrain,BJsrYqPtXFM,00044,-6.690081212789183,3.776
train,pretrain,vzKA1y3cdYI,00013,0,pretrain,YS9vd4HWlVA,00001,2.833353457236109,7.68
train,pretrain,CWU13rx44j8,00007,0,pretrain,5aLiFw8CSEA,00014,-7.403691481309817,5.568
train,trainval,lWnrS99DNeE,50001,0,pretrain,49aWAHqi200,00029,2.682817515695568,5.952
train,pretrain,nZLO2PnGzMg,00004,0,pretrain,JS8fYhwrYzI,00024,-1.661515494285437,4.16
train,pretrain,SQe8cR4Jl10,00037,0,pretrain,zHuH8PSVqc0,00001,0.8622432571021061,7.168
train,pretrain,rQNisRKhSiU,00003,0,pretrain,C4pHPSpgwlI,00010,-2.7334548667244434,4.736
train,pretrain,OrAo8oBBFIo,00005,0,trainval,DzNNS4rcIjs,50001,6.5696771483648675,3.328
train,pretrain,tH5iEf9oxaI,00062,0,pretrain,BwOd20Mv0hM,00020,5.661386841574094,6.976
train,pretrain,EzZzZSqpZ4w,00002,0,pretrain,7udZ5ux0dYE,00003,7.238138809166873,5.056
train,pretrain,HALd9FY5SVQ,00008,0,pretrain,iCXfJVCg1LA,00017,4.099235126272905,6.912
train,pretrain,LPrS7Skx9Y0,00020,0,pretrain,LsESSyMnwmU,00007,5.241622464605577,4.992
train,pretrain,GIt6Z0k3PQo,00017,0,pretrain,2zvjW9arAZ0,00006,-3.821148493761328,10.944
train,pretrain,SxPeQda00Co,00016,0,pretrain,sBsuIAscshE,00011,0.9205369870612756,4.096
train,pretrain,itLUXZnLRn8,00010,0,pretrain,ZOYoTup1t3A,00012,-6.19772482555952,3.584
train,pretrain,Fr26scqsIwk,00021,0,trainval,kiDfwUQySEs,50023,-0.49452042571519783,6.208
train,pretrain,vtjbyBUYYzY,00019,0,pretrain,xeFl0RE31x0,00002,-5.504572028428177,4.288
train,pretrain,5HL1BEC024g,00011,0,trainval,P4pKrxVcvJc,50006,-0.7379173497341096,3.2
train,pretrain,HCJRXoYOoaI,00016,0,pretrain,150cqgYh8sQ,00030,9.834183358022951,14.976
train,pretrain,NMfXycr7SOU,00001,0,pretrain,mKkF6mAlX4k,00013,5.365418671488742,4.992
train,pretrain,VSbjOJzB7LY,00011,0,pretrain,apiScBmE6rA,00003,7.551265652719977,4.992
train,pretrain,oXbhTHaMwTw,00002,0,trainval,aQ8T4sySLxw,50001,-7.420720132559122,2.496
train,pretrain,sPQViNNOAkw,00011,0,pretrain,9YeQi5Zqy1I,00025,4.819834611325529,7.68
train,pretrain,IRVdiHu1VCc,00063,0,pretrain,2L4BSVpvx1A,00015,4.313465761823558,5.12
train,pretrain,5cQoGNEcc5Q,00004,0,trainval,ShY9QSdaReY,50003,7.93168876880496,2.368
train,pretrain,L6PW0Nw35X0,00002,0,pretrain,zUS5GcqzHNM,00001,8.457181241327646,10.432
train,pretrain,MpISFKqk0Ew,00015,0,pretrain,svIPBU31d0c,00007,-1.860611027823584,6.848
train,pretrain,pY6ulSP70HY,00007,0,pretrain,v22SdEMzxO4,00002,-5.119214441692817,24.576
train,trainval,LJhklPJz9U8,50006,0,pretrain,cHSQGnhdSi4,00010,-8.058757007880889,5.568
train,pretrain,STsOdmkH5fI,00015,0,pretrain,cSrWtqConY8,00019,-3.8022872671160908,7.36
train,pretrain,VC3H1lMEeS4,00029,0,pretrain,d4Dj0qdWLnk,00002,4.784348857148789,5.568
train,pretrain,CfqO1U6lfDs,00020,0,pretrain,oPpE0AGqFuk,00018,-7.428266186179471,5.12
train,pretrain,xAXUqSQc8DI,00014,0,pretrain,sucza6EOIf0,00007,6.1060751458918645,27.008
train,trainval,UUqr4P7P3gM,50005,0,trainval,Sk0ywFgMpFk,50014,2.8298811565515454,2.688
train,pretrain,4BwSMSCFdu0,00032,0,trainval,nn5k4snG3rA,50028,4.8918957606665625,2.624
train,pretrain,HQzXqjT0w3k,00016,0,pretrain,RtFFT4zjyTM,00029,-4.896012703040855,10.496
train,pretrain,sY0PfSpfqCI,00002,0,pretrain,yVwAodrjZMY,00026,-5.153784968229593,13.248
train,pretrain,X5uGLbV5zVo,00003,0,pretrain,mWfCqsFP05A,00005,-2.9945605055276214,4.224
train,trainval,jSSqQDPGW2k,50017,0,pretrain,wKIHuxe2fi0,00002,9.828374651417064,3.2
train,pretrain,NZspSEdO2Xk,00033,0,pretrain,xQZxGCPjpqM,00002,-5.233369215040122,8.128
train,pretrain,RGRlkq4Xl1s,00003,0,trainval,HNOnvp5t7Do,50007,-9.28487143113848,4.096
train,pretrain,9ijS6iMi9gA,00023,0,pretrain,eLrBw8BKOWI,00015,1.5702080722632168,7.36
train,trainval,cWYcXhMhJF4,50016,0,pretrain,SrqmuYvk3iQ,00003,0.7153145255168312,5.888
train,trainval,hS3dLASh3Yc,50001,0,pretrain,B9DdIivSGts,00057,-5.726752955585896,5.952
train,pretrain,GqGksNRYu8s,00009,0,trainval,ImmtTHYU5GQ,50016,3.816146848717306,2.688
train,pretrain,ljqra3BcqWM,00026,0,pretrain,PSXxEyYQc5g,00001,-1.584989471750193,3.776
train,pretrain,VM6HZqQKhok,00030,0,pretrain,FnL7I6tESAs,00013,3.1261734172209046,8.128
train,pretrain,nFSdHdNOgSA,00025,0,pretrain,XebNxUE3ugA,00006,-4.489861830683153,11.008
train,pretrain,QbSD6PTcmfs,00019,0,pretrain,fw30yjccnD4,00004,-4.028605223026176,8.192
train,pretrain,cCdu67sSC5E,00005,0,pretrain,pWX1oQEGl90,00010,4.15539420044766,5.44
train,pretrain,qqNLSZ6SSSc,00025,0,pretrain,gevXeQwS1jg,00018,1.241069428844952,6.848
train,pretrain,f8nkcRMZKV4,00010,0,pretrain,yuD6ozE9rtc,00007,-2.8456131786661594,4.096
train,trainval,n9yuAhusVts,50008,0,pretrain,atKSMfx4E3I,00008,2.783275710424082,2.432
train,pretrain,bHLgTUV0XWI,00003,0,pretrain,boSGZ3qSAys,00013,0.20183820537656771,6.784
train,pretrain,SeBUcBfkVCo,00030,0,pretrain,SGnmDWtyhAs,00016,0.37324615892323365,10.88
train,pretrain,J45cWdDEbm0,00011,0,pretrain,tMQ4OxOxgrc,00006,4.502518308149302,4.416
train,pretrain,MLKj1puoWCg,00031,0,pretrain,UIAm1gSVgn0,00034,-4.206304349220966,7.552
train,pretrain,xp0O2vi8DX4,00020,0,pretrain,OkKhI6St40w,00027,-2.0743647368037603,13.248
train,pretrain,5Yikqlc7yl8,00011,0,pretrain,jqWHy6B0ADA,00015,-2.238702889316202,11.392
train,pretrain,X2et2KO8gcY,00008,0,pretrain,mDSuP2BsVy4,00033,-0.051251427862681,9.6
train,pretrain,wIkvIKeRNoY,00004,0,pretrain,ydKcaIE6O1k,00015,-8.150791241461182,4.096
train,pretrain,qrNDkRHAA4E,00017,0,pretrain,pxzUDc1Zs4E,00006,1.3747459650764746,6.848
train,pretrain,n9ZSpccScW0,00024,0,pretrain,7sqeoYOQ4qg,00022,-5.4378259627444265,15.04
train,pretrain,iKHTawgyKWQ,00003,0,pretrain,SQe8cR4Jl10,00029,9.328096485060794,6.08
train,trainval,0af00UcTOSc,50001,0,pretrain,I8tg0Myjimg,00006,-9.337441059898344,5.888
train,pretrain,l5Bbg96VODk,00016,0,pretrain,uYaF8pSTNSU,00037,9.435357650040341,5.248
train,pretrain,nx3GuO41Jyg,00005,0,pretrain,YPLGuwXomYQ,00031,-5.454877367408864,7.04
train,trainval,drXnDLHKKPM,50009,0,trainval,CqasLvlSWGU,50003,-5.873968293407026,6.208
train,pretrain,J6oMG7u9HGE,00003,0,trainval,sa1iS1MqUy4,50012,-7.906178289816941,3.968
train,pretrain,GzzHawjP648,00012,0,pretrain,FEeTLopLkEo,00015,-2.465103949919887,18.944
train,pretrain,nPdUMWGWE28,00010,0,pretrain,ko32Hr1SoPc,00014,3.404764844316448,26.816
train,pretrain,sucza6EOIf0,00015,0,pretrain,R7beBKnH9u0,00003,-6.929225916618911,7.936
train,pretrain,ByuWS1bBwpc,00004,0,pretrain,Er9bh94f1w0,00021,6.664024321301959,6.208
train,pretrain,PcDftBVDSlc,00009,0,pretrain,1isiSaTSXb8,00013,-2.7229004910409387,6.4
train,trainval,4yyPSZSGLOI,50008,0,pretrain,2NHV4AzSEzY,00025,-0.7864029387489033,3.84
train,pretrain,OmMv9tShW8k,00023,0,trainval,3Z6x5t5A9so,50009,0.6250824875655958,6.08
train,pretrain,SmoW9jvvMr4,00032,0,pretrain,npFSbX7DZ6k,00020,9.904958667010174,7.808
train,pretrain,a4PUlSHZvf8,00011,0,pretrain,u9hauSrihYQ,00011,2.235288589050297,4.8
train,pretrain,RrFSO62p0jk,00012,0,pretrain,Sx4Gsh0r9HU,00016,4.075756449630088,7.296
train,trainval,CVdPhUPO5YU,50012,0,pretrain,XgRlrBlS7Yg,00026,-6.510522627168463,5.568
train,pretrain,qZYNWW4M7yM,00011,0,trainval,VN357QrUdEc,50034,-4.677690300369961,4.48
train,pretrain,gyM6rx69iqg,00003,0,pretrain,2SlbsnaSNNM,00019,8.471155878479081,3.264
train,pretrain,bpi6us7wQfE,00014,0,pretrain,90mj79GqWhc,00008,1.5670241708666346,14.208
train,pretrain,UQzvNIIMayo,00026,0,pretrain,PENkzh0tWJs,00013,7.284295552290118,6.848
train,trainval,nFEgRt2EH1g,50009,0,pretrain,S8201wl4jjw,00018,6.255414942054738,4.8
train,pretrain,bybOi0nMmq0,00002,0,pretrain,ZuCX92wuw2g,00015,-2.1293295383744493,10.816
train,pretrain,c0H1zU2ytxA,00006,0,pretrain,gqpErbFnbiY,00014,9.132571008367652,4.352
train,trainval,mS8tQSTYLgk,50004,0,pretrain,zeSVMG4GkeQ,00008,4.984993272048431,6.08
train,pretrain,JbuSeMcEF3s,00007,0,trainval,8aSUUhW7SHU,50030,1.5723865551947451,3.52
train,pretrain,gevXeQwS1jg,00049,0,pretrain,ZR4LdnFGzPk,00008,7.993114640792552,3.264
train,pretrain,DJGreSgaOTc,00006,0,pretrain,VMwjscSCcf0,00031,-5.902447615201525,3.136
train,pretrain,SGnmDWtyhAs,00030,0,pretrain,zA6SpcEz8Ls,00010,-1.7922443943103712,6.72
train,pretrain,mMYhgTgE6MU,00001,0,pretrain,XKc9MJDeqj0,00017,-8.619718841088508,11.392
train,pretrain,sEOSCziWuP8,00011,0,pretrain,iSpwUpdQdyY,00062,-8.356532159906642,4.608
train,pretrain,JNSgdmKysxA,00027,0,pretrain,uU6o2SUFSEY,00003,3.3480433025871896,2.752
train,pretrain,yqc9zX04DXs,00009,0,trainval,zISxg4JhSRk,50009,-4.768234795779865,3.008
train,pretrain,DLEbNRdqX0U,00020,0,pretrain,fBLErez9ljw,00015,0.7379133835882676,9.6
train,pretrain,AS3Pyc4Qr2Q,00050,0,pretrain,W0StyxgMk1o,00035,8.09897434058346,4.736
train,pretrain,7W8OJgeYy1w,00014,0,pretrain,CQ5dRyyHwfM,00006,-4.472246439357295,4.736
train,pretrain,PGsQwAu3PzU,00045,0,pretrain,KyamsZXXF2w,00010,-1.3327901648153802,6.528
train,pretrain,SU1foLW8h54,00035,0,pretrain,dOOtM7ZpAS8,00012,0.5466546591139014,15.232
train,trainval,yOc9mFvusDg,50009,0,pretrain,bVJSSyLT3xo,00006,8.977035267508903,6.144
train,pretrain,3OMgvtWNHp4,00002,0,trainval,zwjLQgNd7XM,50010,6.872583007473235,2.368
train,pretrain,EDLWWP8N6MU,00013,0,pretrain,nx3GuO41Jyg,00015,8.168968961842534,13.12
train,pretrain,ZdvUktSa1I4,00006,0,pretrain,4SY6Te9Y1ME,00012,-5.50051355022247,3.2
train,pretrain,VS5CCbyap5Q,00002,0,pretrain,ELET24AHnEg,00027,4.1373112285516545,9.088
train,pretrain,NdKEy6vcCMw,00070,0,pretrain,CbS6PPBJJB8,00023,3.749484925026973,7.296
train,pretrain,vw5HJhIlJp4,00012,0,pretrain,pgmiPXAwiLg,00016,-3.0070353342865346,12.224
train,pretrain,YMyofREc5Jk,00023,0,pretrain,YmVZ8zXJO48,00001,3.2479845366651556,6.848
train,pretrain,YwSGTipx3As,00015,0,pretrain,xuAAPsiD768,00012,7.328999529275549,7.936
train,pretrain,fCKNScHMBGE,00021,0,pretrain,ruh6rN5UrME,00005,1.9540829091411478,7.104
train,pretrain,IwidCkCmWg4,00010,0,pretrain,XTf9Sdrq1zg,00006,6.9130137721206,2.688
train,pretrain,SWjSKTraw7c,00007,0,pretrain,gmSsyvrI2Xw,00007,3.7052131897122287,8.832
train,pretrain,VC3H1lMEeS4,00031,0,trainval,MVDXD3oyMJg,50001,3.6182678899701077,3.328
train,pretrain,cotBM0laSSo,00041,0,pretrain,oKtALHe3Y9Q,00029,2.0522265966232993,4.672
train,pretrain,PYSkd46RfVE,00006,0,pretrain,AHfiKav9fcQ,00039,4.022459102245882,7.936
train,pretrain,AU66C6HePfg,00015,0,pretrain,fgfQLTIhi1U,00023,9.30610083102405,11.968
train,trainval,7Z9xCX4ifJo,50008,0,pretrain,LNHBMFCzznE,00018,1.7557980206037982,4.096
train,pretrain,kQa11RMCeSI,00018,0,pretrain,qKJv4S5peJQ,00004,8.218036069181256,7.616
train,pretrain,gCWeVYCcKXw,00033,0,trainval,UJ7QaCFbizo,50005,2.341769475647803,6.08
train,pretrain,aOW7JZaqKGA,00035,0,pretrain,lDq9SQxvsNU,00068,5.161443461953368,9.152
train,pretrain,YiXdS9DFCOQ,00003,0,pretrain,pYgvVDCHRZM,00009,-3.293304097921281,8.448
train,pretrain,qMppKiqMpAk,00005,0,pretrain,tV2RLLtOgL4,00031,-8.57300159116204,6.144
train,pretrain,38OUCtzkT4Q,00021,0,pretrain,2Pp9ONyxBr8,00002,-4.898850468764396,7.488
train,pretrain,OKIyDMaxh4w,00016,0,pretrain,AQa3kUJPEko,00002,5.029501324850166,11.2
train,pretrain,RjgBko1p5wY,00007,0,pretrain,BUhksjVTbEk,00030,-4.287470256478896,18.624
train,trainval,kDXJhxLzmBQ,50007,0,pretrain,r6nSmSTKHGc,00006,-6.032167675267943,6.144
train,pretrain,56WGgJNBRxQ,00036,0,pretrain,Wj4E90stS2c,00003,5.916358425890685,11.584
train,trainval,GeDSgi0A7A8,50016,0,trainval,urntcMUJR9M,50003,-4.747700830895729,3.648
train,pretrain,ZBrbHy7l3tg,00004,0,pretrain,PXMJobWlXks,00012,-0.7169105616864346,4.8
train,pretrain,Y8wol2nGSpY,00007,0,pretrain,nLB8ASSQdHc,00001,8.956359912056516,5.248
train,pretrain,IJmr7MsS8fw,00013,0,pretrain,KPzccnstSXg,00024,-6.016509176863325,6.08
train,pretrain,zISxg4JhSRk,00003,0,pretrain,eMXQ6ebbC1c,00007,0.39707353462549655,3.776
train,pretrain,GHcCs4TPvYA,00003,0,pretrain,kFMZrEABdw4,00016,-2.348246875269724,13.312
train,pretrain,wD3S6JIUF7M,00023,0,trainval,HALd9FY5SVQ,50023,3.1648377624190367,2.432
train,pretrain,ROW9FSc0kIQ,00019,0,trainval,Rpsf1YJsbbI,50004,-7.207203835492377,4.096
train,pretrain,F6NU0DMjv0Y,00025,0,pretrain,ZHOyfyGwpes,00038,5.948193065708837,3.2
train,pretrain,4jUdCy6Vghw,00006,0,pretrain,7hFy02TSH4U,00004,-4.3591357448595875,4.928
train,pretrain,GggL8lStP9I,00004,0,pretrain,CyElHdaqkjo,00026,-6.874402400235724,3.776
train,pretrain,MBZyRlxVdSE,00010,0,pretrain,aT6vIq6S1OE,00022,-0.4992163331940773,5.376
train,trainval,eR22lqzdIHU,50004,0,pretrain,4c1lqFXHvqI,00053,1.7242495747861764,2.816
train,pretrain,QUL0eSQtV8c,00015,0,pretrain,6k8YBJ5sgko,00012,-3.223755706124793,5.12
train,pretrain,1l4B16s5i78,00008,0,pretrain,VFaQtPw3Va4,00015,8.61606157741274,6.848
train,pretrain,esugL07XANg,00010,0,pretrain,zLNXIXingyU,00052,-1.1320580334030605,14.016
train,pretrain,vMiSf7LpFQE,00008,0,pretrain,hgui64Kr0Go,00003,6.200925376684069,9.28
train,pretrain,s3IPatkuByA,00013,0,pretrain,hyHUVPG33QI,00011,-5.17411827584346,2.24
train,pretrain,MoSmgcxGYYE,00065,0,trainval,7rMYfiRNT7g,50001,5.47431035845651,2.112
train,trainval,iF4s75ZPano,50004,0,pretrain,YhG1Bgbsj2w,00025,-0.07524750269437419,3.136
train,pretrain,VoCOzuWOgSY,00005,0,trainval,oxpJGynSHJU,50001,3.7737894811976957,3.968
train,pretrain,ftWn4QOvTTo,00027,0,pretrain,a7cDt5r2pGY,00026,-6.497636776034323,4.608
train,trainval,aFBIPOSP7LM,50001,0,pretrain,SXYwKxdxfF8,00027,2.384867134703658,2.88
train,pretrain,HNOnvp5t7Do,00014,0,pretrain,4KhnSz9FPmU,00026,-0.2596130467732056,5.76
train,pretrain,tSN0n2yqIJI,00011,0,trainval,VPweEhht9y4,50004,7.005347115819401,4.288
train,pretrain,quJdL9ggETI,00015,0,pretrain,g985z9Wq5gk,00001,-8.33713732955249,8.832
train,trainval,sBaiRpIpPKQ,50002,0,pretrain,0UmUgaJwEr0,00034,1.422597055958704,2.688
train,pretrain,9KACXVScWS4,00050,0,pretrain,o9DNWK6WfQw,00011,-9.085648717737666,15.872
train,pretrain,xYemnKEKx0c,00001,0,pretrain,Mtjatz9rSVc,00019,1.9000779435865827,4.48
train,pretrain,FjnGdiqk96Y,00012,0,pretrain,yRUCU5FsvTY,00019,-5.810710312955029,7.36
train,trainval,mulbSSAULSo,50002,0,pretrain,uWfLwKHSEko,00037,-1.5845547727392564,2.688
train,pretrain,axRSF7ku0Zg,00014,0,trainval,DSPWxjBgvF4,50012,6.134103433861572,6.144
train,pretrain,cSiNSQubRs0,00029,0,trainval,zMWYQRKuc5M,50001,3.5572679388362936,4.48
train,pretrain,HQIi3nUXh0g,00011,0,pretrain,y2X7c9TUQJ8,00037,0.8420728166002647,6.976
train,pretrain,0af00UcTOSc,00011,0,pretrain,yioZhHe1i5M,00002,-8.911874509790154,4.032
train,pretrain,4u636RVZTIY,00004,0,trainval,bCGlWQnzDVE,50037,-7.721788867109756,3.84
train,pretrain,YmRKlZEXVQM,00017,0,pretrain,IDSSieLCmS4,00038,8.768228358968976,17.408
train,pretrain,I1cGiNnJZgU,00021,0,trainval,9SqHrhrTktc,50014,6.966794158728369,3.392
train,trainval,ydzNAuqUAnc,50004,0,trainval,rjECbQ1rSk0,50003,-4.758081844868971,2.048
train,pretrain,kTz52RWSbD0,00010,0,pretrain,BSiNIZ6zZqY,00018,0.6214812124358744,2.432
train,pretrain,Mr8nvXvlSy8,00041,0,pretrain,jnS66SszwEs,00016,-1.5130106803320214,7.168
train,pretrain,dXqPaHQp4Xw,00005,0,trainval,gyPoqFcvt9w,50003,-4.8918686152475495,5.504
train,pretrain,iSicXZ2tMRM,00029,0,pretrain,S9PEogIrHSk,00023,1.9630305229061271,4.416
train,pretrain,dwU8eavPInw,00067,0,trainval,53P0aypkpXY,50004,9.966866610278778,4.288
train,pretrain,6bCHq1OvGR4,00019,0,pretrain,IW8mHxAkOtA,00016,4.360444546094186,4.48
train,trainval,XZiNVGA78kA,50012,0,pretrain,KsSSMh1QhMc,00030,4.317626931491736,5.76
train,pretrain,jSSqQDPGW2k,00021,0,pretrain,VqtEppZmjfw,00006,-1.4888740527100772,8.832
train,pretrain,K5wCfYujRdE,00008,0,pretrain,5K57kcs15DY,00009,5.724294068818857,6.528
train,pretrain,vbHkhSfaQu8,00029,0,pretrain,8LQhhYgjlJ0,00003,-6.49111325026654,5.056
train,pretrain,P65XdTlk4vA,00055,0,pretrain,kyznWXHEX1o,00005,-8.767226014613211,14.912
train,pretrain,k9fmJ5xQSmc,00019,0,pretrain,InukG97C8wY,00007,-8.37761747013234,7.488
train,pretrain,YXWKuKSQsu4,00001,0,pretrain,BStjKYvEziI,00007,1.5571713164392342,4.8
train,pretrain,bHLgTUV0XWI,00023,0,pretrain,xSLkNjQyHww,00012,-3.65941828631928,13.76
train,pretrain,8s3bdVxuFBs,00003,0,pretrain,Hh09xlzxRmE,00032,-3.227467166521687,7.36
train,pretrain,2VWSSFSUeQI,00017,0,pretrain,tTvIEUGCigk,00030,-8.860785477159801,8.448
train,pretrain,2l0sZrrWlrU,00012,0,pretrain,3WCwBVprDuQ,00001,-9.48754527868035,5.248
train,pretrain,kSGFq12w5WU,00030,0,pretrain,lVQ3KUTHDe0,00033,3.33506517900533,6.464
train,pretrain,UUkAGboDMwI,00007,0,pretrain,KzeQSZ3bQ2g,00026,-7.266082256331268,7.04
train,pretrain,lXNE4MD2X2w,00033,0,pretrain,fqJAeReFr8I,00011,4.366481078746853,6.016
train,pretrain,GS1xL1qcBa4,00004,0,pretrain,o3oDpCb7VqI,00009,8.89295872965598,5.76
train,pretrain,mJxA8eIWQUc,00037,0,pretrain,CE3tL9MMk3U,00012,-1.1866966189152617,3.776
train,pretrain,8dSDMQNoikU,00026,0,pretrain,nG1oCU0ijP0,00004,6.977211519179907,6.592
train,trainval,eHzLV1LM4Rs,50001,0,pretrain,OKIyDMaxh4w,00027,4.824638291793422,6.08
train,pretrain,sa0RUmGTCYY,00033,0,pretrain,IBoJcDlqmo0,00018,-0.4170766014485867,6.016
train,pretrain,EBKSa94IFHY,00016,0,pretrain,0TOkvcqeVQY,00002,2.2089791062091813,3.968
train,pretrain,OwRAFCrsDS8,00018,0,pretrain,weyd0UMdP7g,00005,-6.478114751020129,11.008
train,pretrain,WIebxoTx408,00024,0,pretrain,aSLSiIskEFU,00024,3.78507579497672,6.72
train,pretrain,rAAY1jOZFSE,00005,0,pretrain,ndAHAjgquwk,00007,9.115302508886828,6.784
train,trainval,b64qvG2Jgro,50001,0,trainval,GB4s5b9NL3I,50011,-8.539531262369104,5.888
train,pretrain,raCIUeGUr3s,00042,0,trainval,HirySSCYiwI,50001,0.19446606652147302,3.008
train,trainval,8b2vNkEtfpc,50008,0,trainval,zwjLQgNd7XM,50007,-3.3012770272759706,3.584
train,pretrain,AQ8cpjEdpmI,00038,0,pretrain,fXf3CCyhLGU,00014,3.819345170272239,11.136
train,trainval,jodhovumkHQ,50009,0,pretrain,BA8XOF6IpXA,00021,9.075415403996352,2.816
train,pretrain,Qj4xf3U8dh8,00002,0,pretrain,fSRWTyY2YSM,00042,-0.10913419457933315,5.888
train,pretrain,P9YbrVFoX0Q,00015,0,pretrain,0qYTf9evWeY,00030,-6.704442713490433,8.832
train,trainval,4c1lqFXHvqI,50004,0,pretrain,aPjvEaE6VXs,00005,1.362654888965153,3.072
train,pretrain,JGVU8n7jjHc,00015,0,pretrain,BpxVIwCbBK0,00001,5.704133638110562,5.696
train,pretrain,Df2JBnql8lc,00030,0,trainval,QekbuidfQKo,50023,1.4377921832232907,3.328
train,pretrain,U7fFCaHZvVk,00011,0,pretrain,1U2qMRGihGg,00001,-2.521361910503474,7.488
train,pretrain,d6wGSsAdP0U,00018,0,pretrain,Ep2MAx95m20,00026,-5.917668195783676,6.592
train,pretrain,eqDgt12m26c,00023,0,pretrain,iEySxTbcr2A,00024,-2.5285054253532575,15.68
train,pretrain,zIwLWfaAgS8,00050,0,pretrain,S0hxl03JoA0,00009,7.139362408146226,6.272
train,pretrain,j3YjeARuilI,00039,0,pretrain,JnfBXjWm7hc,00003,-8.872951410189936,5.184
train,pretrain,ScJVrV6bk1g,00009,0,trainval,VSUWNySSpLI,50002,8.519489255609752,3.52
train,trainval,AoAbPIbGLUo,50006,0,pretrain,xYemnKEKx0c,00053,-2.3660758006259393,5.888
train,trainval,4KhnSz9FPmU,50004,0,trainval,0Bhk65bYSI0,50006,-3.4832568461933544,5.696
train,pretrain,bXRCVHVstEY,00016,0,pretrain,da1vvigy5tQ,00038,-8.804418683920318,10.368
train,pretrain,apiScBmE6rA,00035,0,pretrain,0NV1KdWRHck,00025,-6.799950096728331,5.248
train,pretrain,zeSVMG4GkeQ,00041,0,trainval,GeDSgi0A7A8,50016,-9.827481994684959,4.736
train,pretrain,85bqT904VWA,00002,0,pretrain,syqScVtnKuU,00014,-3.978888670118681,5.056
train,pretrain,i18gxxnJ2nc,00001,0,trainval,7sxpKhIbr0E,50001,2.0814154304530277,4.48
train,trainval,mS8tQSTYLgk,50011,0,pretrain,A71OktxTPac,00022,8.841067565597193,2.944
train,pretrain,MF2Q6CcGN7E,00011,0,pretrain,A27QjpQSIeo,00015,-9.001861081678479,3.52
train,pretrain,vzi4AopBEBg,00001,0,pretrain,eyq2Wo4eUDg,00022,9.914180103298385,14.464
train,pretrain,AwS1mOwx5gM,00004,0,pretrain,jSS03JfgHEA,00003,-2.3224574731118253,3.712
train,trainval,bSiGZPtWXzE,50074,0,pretrain,y9KeyKVuLHU,00013,-0.32796363472499657,4.608
train,pretrain,Y8wol2nGSpY,00009,0,pretrain,GtXyGFMBWBs,00036,8.034767744778389,3.712
train,pretrain,h9SKyrHRhDo,00014,0,pretrain,VPweEhht9y4,00033,-7.54800707850122,6.976
train,pretrain,XAvE61JqkQs,00033,0,pretrain,n4EhJ898rSk,00018,-3.087483981271073,12.032
train,pretrain,GeDSgi0A7A8,00029,0,trainval,a5xR4QB1ADw,50001,2.225958073646588,5.824
train,trainval,jhm5OaXJVMQ,50020,0,pretrain,oHBKqCI4Fgg,00017,-9.701436419482448,3.52
train,pretrain,XS85KAYKOT4,00004,0,pretrain,lv9QDjw8GJk,00006,-3.637777627156442,10.944
train,pretrain,jT5rRh9AZf4,00018,0,trainval,2Oe6HUgrRlQ,50011,-4.9742303365687395,5.696
train,pretrain,bB5zR2xYhm4,00008,0,pretrain,9o5jAaZn2p0,00010,-6.995749775590127,7.488
train,pretrain,1yzoCFqKEhI,00018,0,pretrain,iCvmsMzlF7o,00044,-5.570135526831463,3.648
train,pretrain,kWnsmzSSgdI,00024,0,pretrain,raCIUeGUr3s,00028,-5.2784588893331925,8.832
train,pretrain,S8DwxjDrNNM,00004,0,pretrain,FrxDrpi1XNU,00015,7.744757278884229,8.64
train,pretrain,lzSkIDxbzGA,00027,0,trainval,WSsjBMSWSYE,50011,-5.742516802093613,2.56
train,pretrain,4yyPSZSGLOI,00028,0,pretrain,q06YIWCR2Js,00018,-0.617909873116016,3.776
train,pretrain,XPkV1bDZDl4,00030,0,pretrain,gZlzCc57qX4,00037,6.455375899048491,3.712
train,pretrain,d25l1aPz2kc,00016,0,pretrain,Acsv55lctGY,00023,6.3608708353689245,2.944
train,pretrain,fDzj9vRw5yM,00003,0,trainval,DSPWxjBgvF4,50040,9.481282663275067,6.208
train,pretrain,1yVdhRyTxaM,00016,0,pretrain,HSzqFSOft20,00020,4.40271890346307,3.712
train,pretrain,DwQMDyyS42Q,00007,0,trainval,nxRRqLpWi6Q,50016,-1.9194028239854148,2.368
train,pretrain,pcNxS2i7SvQ,00009,0,pretrain,2XiDdnDCD34,00048,8.507839404916318,2.688
train,pretrain,gIuhIo7mO5A,00001,0,trainval,NlzanAw0RP4,50001,-8.775513155572979,2.624
train,pretrain,kvpUiBqHoVM,00025,0,trainval,H6n3iNh4XLI,50010,4.813007571293731,5.76
train,pretrain,tsFKSfItBoE,00017,0,pretrain,bhgonb4EqXI,00010,-7.39109079992099,11.136
train,trainval,S9gAgInOV8w,50001,0,pretrain,2JSZ66uMRwc,00012,8.146065398791684,2.56
train,pretrain,1X7fZoDs9KU,00011,0,trainval,dLHWVTa5xZs,50010,-8.901183925755332,6.144
train,pretrain,hJnEQCMA5Sg,00011,0,pretrain,wOiKRVH0nQ8,00022,2.972426709416524,12.992
train,pretrain,9EVEmZ2cSes,00023,0,pretrain,ZHOyfyGwpes,00006,-3.8429987383553055,21.248
train,trainval,ZBrbHy7l3tg,50007,0,pretrain,5pW2b1vwwf4,00036,5.785110974239547,4.16
train,pretrain,qIVTKBeiabI,00008,0,pretrain,j7c9b9A2AHc,00035,8.865980546011489,5.504
train,pretrain,ZzugJPASNB8,00007,0,pretrain,58eTdyeVwbA,00022,-5.423755559420993,12.928
train,pretrain,cOIJGGgaSIY,00032,0,pretrain,Wgt8QUHQjw8,00004,6.482956830299731,5.056
train,trainval,uFIc7XEVyM0,50014,0,trainval,ONXYcNS7k1Y,50012,3.3285700709993336,3.008
train,pretrain,11Mq9ZuxZMc,00044,0,pretrain,qykSnLkPM7E,00023,-4.170560798446745,15.616
train,pretrain,eRQdAOrqvGg,00014,0,pretrain,fw01Sq0cxM8,00029,-2.1111085497570325,5.952
train,pretrain,SeBUcBfkVCo,00004,0,pretrain,3Bk6G2X5Vjk,00009,7.521903631906262,5.824
train,pretrain,QpmsftF2We4,00009,0,pretrain,N8Votwxx8a0,00015,-9.523122248926486,21.056
train,pretrain,oEIYHTlbeLA,00006,0,pretrain,agNlsB530CI,00003,5.184894558539199,9.856
train,pretrain,KZIGekgoaz4,00039,0,pretrain,b2MSSeKey4o,00006,-0.75987733093082,6.144
train,pretrain,n8eyF4UWG38,00031,0,trainval,bhHJ4DRZNZM,50001,-2.7753657989594043,6.08
train,pretrain,VUT6GQveD0E,00034,0,pretrain,TureGeSxSew,00011,4.380285099570006,4.096
train,pretrain,7SfQLQ7eyA8,00021,0,pretrain,zIwLWfaAgS8,00107,-9.982397341130797,3.648
train,pretrain,BXlnrFpCu0c,00035,0,trainval,Fb2J5eDoFko,50007,5.570095350692867,5.568
train,trainval,weyd0UMdP7g,50001,0,pretrain,IU4A4h1ACJs,00011,-5.932266066984166,2.048
train,trainval,cWYcXhMhJF4,50002,0,pretrain,j8T3bdqTdp4,00014,5.107762539147716,2.816
train,pretrain,twG4mr6Jov0,00027,0,pretrain,Cr1usGUSuL4,00005,-0.8787019565712395,6.976
train,pretrain,nPGVm6OesQk,00028,0,pretrain,VRhjc3dJtOo,00003,3.938950019701677,5.12
train,pretrain,04SEzifEsGg,00056,0,pretrain,9X68dm92HVI,00010,-6.341211006734926,6.4
train,pretrain,D1QoyTmeAYw,00030,0,trainval,0ygtX2nyexo,50040,6.286686951576694,4.928
train,pretrain,LVFVaWCV1TE,00010,0,trainval,Df2JBnql8lc,50005,-6.151021864617114,5.248
train,pretrain,ISjk9ni4XWk,00003,0,pretrain,AIfwFLDXFyQ,00019,-4.870131692314907,6.528
train,pretrain,mrZ6q4uUVL4,00010,0,pretrain,jpeSLKnS4gM,00001,-0.8997156524872647,4.16
train,pretrain,RVX8ZSAR4OY,00021,0,pretrain,iNPsDky1z94,00018,8.544707783368505,5.952
train,pretrain,QSfFattg8N0,00023,0,pretrain,N1R84S5DYEA,00016,7.1477919013615505,9.28
train,pretrain,o8NPllzkFhE,00027,0,pretrain,SSy6CJLMuiw,00006,-2.319481249921238,7.808
train,pretrain,buRLc2eWGPQ,00044,0,pretrain,E6ynZcLdi2Q,00004,-9.366621610003952,6.72
train,pretrain,2jTdZSPBRRE,00002,0,pretrain,Fc1yN6uxZfQ,00034,-9.039858965908179,5.888
train,trainval,fSOupkS4VVo,50024,0,pretrain,o8NPllzkFhE,00001,1.6950382028480693,3.2
train,pretrain,wIkvIKeRNoY,00012,0,pretrain,b28brIs1OmM,00020,-1.9747888818542627,5.184
train,pretrain,9EglK8Mk18o,00034,0,pretrain,ZJXxySanins,00018,-8.666522757545788,8.32
train,pretrain,rueQgStScw0,00020,0,pretrain,a5xR4QB1ADw,00007,3.4087727709396614,7.04
train,pretrain,2OH1xSaKSmI,00028,0,pretrain,wjWSv0IPTSM,00003,7.034994274935805,4.032
train,pretrain,QYGO5tepBLY,00012,0,pretrain,z0HsPBKfhoI,00005,-2.1818101786434063,4.928
train,pretrain,c6mhFgAjqwA,00026,0,pretrain,VSbjOJzB7LY,00026,-5.254743908456165,3.2
train,pretrain,n8eyF4UWG38,00021,0,trainval,IBoJcDlqmo0,50007,-9.412441011446397,2.176
train,pretrain,Y350oOiunf4,00005,0,pretrain,nUdsTizSxSI,00023,5.265343123562488,6.976
train,pretrain,ZQElzjCsl9o,00012,0,pretrain,zZJSgrzZNdY,00012,5.273687407504804,4.16
train,pretrain,T3I6LwDSfPE,00005,0,pretrain,eHlu6ViSwxo,00001,0.6384278323102954,5.12
train,pretrain,lcZyzcTS5GU,00006,0,trainval,DajRM7VyeZ4,50011,-9.438507057692906,6.08
train,pretrain,xh8el8m9mLM,00008,0,pretrain,oAUU7cQmYiE,00005,9.522447419279366,4.992
train,pretrain,z5aAJGNSRHs,00020,0,pretrain,Svo01ldlTQc,00031,-9.707194641009057,8.768
train,pretrain,GtXyGFMBWBs,00012,0,pretrain,UB2iYzKeej8,00003,-2.2769574465199405,5.952
train,pretrain,HFFBkbsSFY0,00038,0,pretrain,evfgbVjb688,00008,-3.968064804466369,10.752
train,pretrain,rSfHY43qLWs,00008,0,pretrain,GjYt5uQPu8o,00001,7.04574691681983,3.264
train,pretrain,G6dfUFgKmN4,00035,0,pretrain,jPyR3UDhOm4,00020,-2.2370756716541207,4.224
train,pretrain,jSdBXFkQ3S8,00018,0,pretrain,EluxCgnQVzg,00016,9.88796334575855,6.016
train,pretrain,L2M15ZeTLxc,00006,0,pretrain,GlpGBSBpxOE,00006,-4.144086610464253,17.792
train,pretrain,kYXiegTXsEs,00002,0,pretrain,dm4fvbrMLPw,00002,-6.690101754862237,8.32
train,pretrain,TBIL2sdfoVc,00007,0,trainval,UwtYQFSJSQc,50002,3.6779302330589587,2.752
train,pretrain,deT1mILtFEY,00021,0,pretrain,IDSSieLCmS4,00041,4.810292374017518,4.288
train,pretrain,nq0SzGzSc8g,00016,0,pretrain,VvpUZjRVoBI,00003,1.1127140968982179,3.712
train,pretrain,mDSuP2BsVy4,00048,0,pretrain,b81YwSOs8RM,00012,5.44940344106954,8.128
train,pretrain,KCr8s57hdzY,00029,0,trainval,50m48lpi4AU,50004,-8.866236138448038,2.048
train,trainval,cQvDUTOOkiI,50005,0,trainval,y3ZrjRlIcgI,50006,5.025982243937365,3.904
train,pretrain,7KtAbgvGEvY,00007,0,trainval,SvBggxCNNno,50008,-7.525628736495904,3.136
train,pretrain,qykDS2AXKIU,00031,0,pretrain,FauPVZxDXxk,00010,9.706840818818986,13.44
train,pretrain,gSONUFFt2qM,00017,0,pretrain,PXHczjOg06w,00007,-6.6330012041366215,3.968
train,pretrain,UVDgemuZdho,00033,0,pretrain,dJEwC4wCM70,00037,-8.057401585290549,2.24
train,pretrain,4c1lqFXHvqI,00040,0,pretrain,NRO0SJXuFMY,00001,-1.1773312197604184,4.736
train,pretrain,NgVwPj54TEo,00016,0,pretrain,JrqgyAoS6oI,00015,-6.14671220458092,2.56
train,pretrain,gypAjPp6eps,00024,0,trainval,zbHe4RpgV80,50017,-7.67578038709267,2.624
train,pretrain,0FQXicAGy5U,00027,0,pretrain,kSR8G8mfp84,00020,3.2835324102968944,5.504
train,pretrain,xjuY3lUfkK8,00007,0,pretrain,ea3HnhOLC9g,00028,-2.1059607725767098,6.016
train,pretrain,AAkEYcmCCCk,00046,0,pretrain,qSTStSwyBWc,00005,-7.894887905109438,26.56
train,pretrain,2dRlssVF7fc,00019,0,trainval,S74wSYuesOI,50008,9.132042348331918,6.144
train,pretrain,YhG1Bgbsj2w,00039,0,trainval,kLIfeGflNp8,50004,6.382637124664818,6.08
train,trainval,2zvjW9arAZ0,50009,0,pretrain,mUJdzaLDRIo,00068,-7.675254534788816,5.568
train,pretrain,W9wwvA5BRZc,00008,0,pretrain,fbU9l46Lz7c,00025,3.9500054378407476,11.2
train,pretrain,MnT1xgZgkpk,00013,0,pretrain,rzbtSeVZeEE,00032,-9.3844929487471,13.056
train,trainval,GpKrM8GQwOg,50003,0,pretrain,7LcSdlVrg5M,00019,-4.890663905702426,5.696
train,pretrain,f6CILJA110Y,00050,0,pretrain,pSCefSAYqaA,00001,-2.069882744501113,5.888
train,pretrain,CwpvSWtUP3o,00006,0,pretrain,0SFkPxScSM4,00007,-4.143044243244367,6.912
train,pretrain,MLvwTlbj1Y8,00044,0,pretrain,7icexlbjQnE,00013,-8.147057649632243,4.8
train,pretrain,tvos4nORfSY,00021,0,pretrain,dO6AuQR9R7E,00025,2.1739892633486484,4.16
train,pretrain,vY2l2xfDBcE,00032,0,trainval,qG6SnAIinj0,50001,5.333942908501754,2.432
train,pretrain,FpHPVrsEkYY,00021,0,pretrain,YhJPoyv8O3A,00028,-3.1162525328814095,11.52
train,pretrain,0SUTgoPUTLQ,00007,0,trainval,AoAbPIbGLUo,50034,-9.143598468999537,4.8
train,pretrain,SqCWAsd2GP8,00004,0,pretrain,IwWuLSwSMvI,00006,4.946938674096446,3.52
train,trainval,eIho2S0ZahI,50008,0,pretrain,CyElHdaqkjo,00035,-0.3793553634981208,3.136
train,pretrain,aqhzFd4NUPI,00026,0,pretrain,ww4kNxYE0c4,00006,1.3945564985612293,8.448
train,pretrain,dY9f9bFctUE,00005,0,pretrain,fHfhorJnAEI,00019,0.7138806294614355,4.608
train,pretrain,JSswZaKN2Ic,00023,0,pretrain,HWsehvUkISc,00005,7.28726124963827,3.328
train,pretrain,6StqiaPoS2U,00005,0,pretrain,xmlekZSSOWE,00005,-4.546299086754244,8.256
train,pretrain,lrYx7HaUlMY,00033,0,pretrain,eZWzNfOpbCQ,00006,8.527629818278356,5.504
train,pretrain,9SGSSQssNj4,00024,0,pretrain,SmQadYi4F14,00015,6.646996635731085,4.288
train,trainval,gdg4mUSwuhI,50004,0,pretrain,voXOUWiJuLo,00027,5.003717770505151,2.496
train,pretrain,xp0O2vi8DX4,00036,0,pretrain,druJDI6hiiY,00001,-1.3422361247536827,3.648
train,pretrain,potB0voQzNg,00012,0,pretrain,xDe346z233Y,00018,3.3363508173684053,7.488
train,pretrain,FRKg49ySnNw,00035,0,pretrain,jLOfXsFlb18,00015,5.470308865548322,6.208
train,pretrain,tS2aISc3Q8A,00011,0,pretrain,bKQA6I4BA7o,00005,7.4151589522285555,10.88
train,pretrain,I2xDZlpInik,00003,0,pretrain,6JxRxBqQLKA,00018,-6.181521623907146,4.288
train,trainval,YodRXxzhb7s,50002,0,pretrain,UROCz70tlMY,00029,-5.19783186917458,5.952
train,pretrain,hfznpykprP0,00030,0,trainval,wmE8dQcZgB4,50001,-8.44179325458539,2.368
train,pretrain,KXAnS2epCPA,00009,0,trainval,yRUCU5FsvTY,50017,-7.404756253460814,5.44
train,pretrain,aOW7JZaqKGA,00029,0,pretrain,3Z6x5t5A9so,00005,3.638861748449937,8.512
train,trainval,tsgvhP07BC8,50010,0,trainval,GeDSgi0A7A8,50016,2.835057429246696,4.736
train,pretrain,tMSU6k5SWXg,00006,0,trainval,vSjlCJaEwZE,50012,1.830671719238543,5.952
train,pretrain,150cqgYh8sQ,00001,0,pretrain,F5FYYV59Eew,00015,0.20607617776766318,7.872
train,trainval,vVsXO9brK7M,50006,0,pretrain,ZqeASpsKn2E,00004,-7.025895852307274,2.88
train,pretrain,V1qHNrQQHZI,00011,0,pretrain,Cqj0sgrNL10,00022,9.172280766407589,8.192
train,pretrain,bCjfy8Z7dv8,00010,0,pretrain,d6KSsePuFAo,00019,3.7051772502900153,6.528
train,trainval,mDSuP2BsVy4,50017,0,pretrain,SGzenQjZSpU,00022,-9.357101695410917,6.144
train,pretrain,6StqiaPoS2U,00005,0,pretrain,sHdYaMyR5S8,00026,1.6130213887079385,8.256
train,pretrain,PiVB5niLrWg,00031,0,trainval,jSOPQgPIdKg,50004,-7.873591481591166,6.144
train,pretrain,nv0dObM5XGk,00020,0,pretrain,ZWfCi9WxK1E,00014,9.890543361987227,23.168
train,pretrain,dhMoQrLEJe0,00013,0,trainval,Wgt8QUHQjw8,50002,-5.968728702810921,5.76
train,trainval,Df2JBnql8lc,50029,0,pretrain,kbAac9DxM1I,00016,-9.299129073986057,3.072
train,pretrain,0af00UcTOSc,00047,0,pretrain,hvJ4KlVlqV8,00039,1.414940888874618,5.12
train,pretrain,4BwSMSCFdu0,00022,0,trainval,6VWPHKABRQA,50003,-2.4117076465986305,2.048
train,pretrain,ImQrUjlyHUg,00025,0,pretrain,Kw5vyJ30djM,00016,2.7287807189879754,3.968
train,pretrain,PgCmT0qkfQM,00006,0,pretrain,KIysMV9wbVY,00010,7.838966845199735,7.552
train,pretrain,aSLSiIskEFU,00039,0,trainval,O90nfczjNHA,50003,7.963351836048691,2.56
train,pretrain,sYySLEdYr8A,00026,0,pretrain,HyZV8Ql1PI0,00003,-8.987552881303394,3.904
train,pretrain,Syi9bqfFIdY,00037,0,pretrain,lnvkNGc6YYM,00011,8.411708346109123,13.312
train,pretrain,VfKWd7iXMSo,00012,0,pretrain,TH9CqtMzxG0,00011,5.603465045656952,6.72
train,pretrain,vbHkhSfaQu8,00041,0,pretrain,Df2JBnql8lc,00019,-1.2092133661682993,17.28
train,pretrain,kbAac9DxM1I,00011,0,pretrain,xmlekZSSOWE,00011,-5.045655359290356,3.968
train,pretrain,FktsFcooIG8,00017,0,pretrain,JQ0iMulicgg,00008,-6.584069249492,5.376
train,pretrain,gJv1WdMUz0w,00007,0,pretrain,UG2zHhgfAW0,00021,-3.7531329894242553,9.408
train,pretrain,A3yBxsDv8lM,00007,0,pretrain,SgOTaXhbqPQ,00033,-7.154103030991048,11.136
train,pretrain,IJwlyf7rCtU,00006,0,pretrain,E6ynZcLdi2Q,00017,6.887103736989459,12.096
train,pretrain,0P0mBj09vwk,00008,0,pretrain,U4Lx5rcii38,00002,-2.3904545927049536,7.168
train,pretrain,90mj79GqWhc,00005,0,pretrain,dTwXeZ4GkzI,00013,-9.326846259999673,21.12
train,pretrain,SvZXgApsPCQ,00003,0,pretrain,mbbMLOZjUYI,00006,-5.152696040954153,7.04
train,pretrain,oA0ws8rwdSc,00011,0,pretrain,XgRlrBlS7Yg,00015,-8.787922812627793,6.08
train,trainval,KPN8LHVeFYA,50010,0,pretrain,4T9N3ZcRBSI,00014,-8.9759560147742,2.624
train,pretrain,3ELnyoso6vI,00029,0,pretrain,SltDJynTduY,00016,-4.0399859064697985,12.928
train,trainval,phUUjkSbtiY,50007,0,trainval,nVEvzeIXbpk,50009,3.071055777441444,2.176
train,pretrain,J9PgY1mbPgM,00001,0,pretrain,xuAAPsiD768,00011,7.3617509884243475,5.12
train,pretrain,ktOeFgmdIAo,00026,0,pretrain,w3q89BTJj3o,00010,-3.667014924048977,3.776
train,pretrain,R84vqXjXWJc,00021,0,pretrain,9AgCr2tTvng,00038,3.153090844912402,7.488
train,pretrain,XP8K4oS5TGE,00013,0,pretrain,pLqjQ55tzSU,00012,8.16043411918223,7.488
train,pretrain,SDjLpMj3BDU,00047,0,trainval,tIINqNUediU,50005,1.8571914398368108,5.44
train,pretrain,UVZyVz8gBeQ,00019,0,pretrain,dvuh1Np35Pk,00034,1.496572826041703,10.048
train,trainval,FTUpFYo0rMI,50012,0,trainval,QekbuidfQKo,50036,4.5686995450623,2.816
train,trainval,AHfiKav9fcQ,50005,0,pretrain,dv3E6ESTp30,00006,1.246993426991862,4.48
train,pretrain,v3oSF94S4FI,00001,0,pretrain,uBsiYBrFtbY,00011,-8.553067607053816,17.216
train,trainval,Rf8qS8gbfrw,50008,0,pretrain,mWfCqsFP05A,00010,-2.760139637039569,3.584
train,pretrain,sWN13pKVp9s,00002,0,pretrain,150cqgYh8sQ,00018,2.357279983146654,17.28
train,pretrain,S4XXhSwYASk,00010,0,pretrain,oJfFMoAgbv8,00003,-7.340844625848868,7.168
train,pretrain,63tVsJI31Tk,00005,0,pretrain,tF1oSdNwE8c,00003,-3.6246033040685095,6.016
train,pretrain,Sf8j5LFv3nI,00007,0,pretrain,I4fJPKSKbrA,00024,-1.631961560393476,8.896
train,pretrain,EUYLa7MAlPc,00019,0,trainval,dcwuBo4PvE0,50009,7.95245366542083,5.504
train,trainval,P6w7Eq7YhL8,50002,0,pretrain,MtSE4rglxbY,00032,-9.91868763605546,4.16
train,pretrain,th3nnEpITz0,00004,0,pretrain,u9FSvAVQvGM,00003,-6.95810164964487,13.568
train,pretrain,kWnsmzSSgdI,00017,0,pretrain,4jUdCy6Vghw,00032,-4.9452091439096595,10.048
train,pretrain,KyamsZXXF2w,00053,0,pretrain,GCOc31fQi7A,00019,5.166327037452142,7.936
train,pretrain,yBdyFKqwKy0,00013,0,pretrain,snkrS1C2e7U,00015,4.390261589984352,4.736
train,pretrain,tS2aISc3Q8A,00005,0,pretrain,rThUrXYaneo,00003,7.842391491518054,13.76
train,pretrain,nxRRqLpWi6Q,00008,0,pretrain,0HEXx3SP8kk,00008,-4.264061500074961,4.416
train,pretrain,6hFxDLkWNPY,00015,0,pretrain,rCplocVemjo,00007,-7.411144132661502,11.008
train,pretrain,HSpqhMO3ZSY,00028,0,pretrain,iW4fCwfw1vg,00028,2.508513867489734,7.68
train,trainval,uM1Ygy0tSp0,50001,0,trainval,H74XsXCjKA8,50002,-8.62271071568996,2.816
train,pretrain,Qao76IPXWSE,00017,0,pretrain,ay8OMOsf6AQ,00030,-3.354298804288714,7.104
train,pretrain,lv9QDjw8GJk,00025,0,pretrain,vrU6YJle6Q4,00023,-9.974358696187707,3.52
train,pretrain,2lJvr5UL2pQ,00005,0,pretrain,RWiI7AkDXSo,00012,9.660570662665354,5.248
train,pretrain,7wJTgUCxnKA,00019,0,trainval,0OkOQhXhsIE,50031,8.19560337163876,5.12
train,pretrain,eyq2Wo4eUDg,00024,0,pretrain,wvCMZBA7RiA,00037,5.767283350219978,13.12
train,pretrain,IWjzT2l5C34,00051,0,pretrain,jvBaRf9LHDs,00034,-8.283717411544067,10.176
train,pretrain,7udZ5ux0dYE,00018,0,pretrain,xnovQVRHj5c,00056,-3.231120785802684,7.552
train,pretrain,2dbNRGiqaaM,00003,0,pretrain,OEydHbngSz0,00009,-5.327090064379021,7.936
train,pretrain,gyM6rx69iqg,00014,0,pretrain,CK5w3wh4GSM,00021,-1.930579494612486,10.048
train,pretrain,bvAEJ8G9l9U,00009,0,trainval,fDzj9vRw5yM,50005,-6.343168426300448,6.016
train,pretrain,LlQXs0yofMs,00020,0,pretrain,OmMv9tShW8k,00023,5.116905555809964,17.408
train,pretrain,ZCS0MZuVBwE,00015,0,pretrain,oy25A7vnigg,00002,-4.35885137247454,7.488
train,pretrain,kEejVSZ5mLY,00024,0,pretrain,FwFqvOFefqg,00007,-1.0804511044811207,8.128
train,pretrain,wJttdkKo4nM,00008,0,pretrain,GgBpyNsSSjU,00014,9.68028540410797,3.328
train,pretrain,c6mhFgAjqwA,00004,0,pretrain,2jTdZSPBRRE,00009,-4.11199376307456,19.968
train,pretrain,2Shh4UkPVCc,00022,0,pretrain,zcMj4Az1MwE,00028,8.580992991823564,10.24
train,pretrain,Y7QaqazOvSA,00001,0,pretrain,3nsPcBJAdxI,00019,-7.767083019912788,9.92
train,pretrain,CXvUdCdKTJY,00007,0,pretrain,5UH7uTpTa44,00009,-8.084260469280151,11.008
train,pretrain,tH5iEf9oxaI,00010,0,pretrain,2R3Njv0LjjM,00015,-6.502208851542292,4.992
train,pretrain,EiTrl0W1QrM,00055,0,pretrain,mDSuP2BsVy4,00033,2.731133424441982,8.192
train,trainval,5nrn5fC001Q,50004,0,pretrain,iSpwUpdQdyY,00028,-6.684927300845834,2.048
train,trainval,796LfXwzIUk,50035,0,pretrain,kcwBHSUevxo,00004,-8.116655535835203,2.816
train,trainval,TdtoAQFStBk,50007,0,trainval,Wj4E90stS2c,50003,-7.079640594076803,3.648
train,trainval,rokPqHc9iD0,50002,0,pretrain,ayhhuxAu6rw,00019,-7.424200432312384,5.376
train,pretrain,JtSjYnXD83Q,00015,0,pretrain,HS8y0WLm78U,00076,6.506543384184031,19.2
train,pretrain,mLufqwmPl1A,00032,0,trainval,jdMv5x8SBuM,50001,0.69441909970182,6.08
train,pretrain,EhM56Fk2aFk,00017,0,pretrain,4KhnSz9FPmU,00011,4.048851315845585,6.4
train,pretrain,Df2JBnql8lc,00019,0,trainval,IfqdMoKVIR0,50003,5.153769641484578,3.392
train,pretrain,3B24RaqA33k,00003,0,pretrain,F73O3Sim0Wo,00014,9.356751793494666,7.744
train,pretrain,odyakQwtWwo,00013,0,pretrain,ZWfCi9WxK1E,00015,-0.808226091382382,7.232
train,pretrain,SJWoKsfsSaA,00035,0,pretrain,WiNI6INAytE,00009,-0.2753083009314281,3.392
train,pretrain,bbFF5n7S930,00014,0,pretrain,50m48lpi4AU,00037,8.647890881869607,5.184
train,pretrain,GB4s5b9NL3I,00048,0,pretrain,tsFKSfItBoE,00015,-6.902213774711898,6.528
train,pretrain,jSOPQgPIdKg,00037,0,pretrain,OF5VVrsnpzo,00014,-7.455812652405385,8.384
train,pretrain,bXRCVHVstEY,00022,0,pretrain,w6vVXmwYvgs,00002,-5.434398953882759,10.048
train,pretrain,CiLnSGrcuEs,00033,0,pretrain,JzLiCBCbAMY,00018,3.2218143044225194,10.368
train,pretrain,7wJTgUCxnKA,00041,0,pretrain,PY9DcIMGxMs,00031,-3.0208671955629267,6.144
train,pretrain,GCOc31fQi7A,00020,0,pretrain,7DCofMA9eQA,00017,9.918113501292474,6.08
train,pretrain,y9Trdafp83U,00016,0,trainval,rTJpJlVkRTA,50003,8.496007944148598,5.248
train,trainval,tiWwrdMqvvM,50017,0,trainval,2a2724wcfcc,50002,-0.29495409623663704,3.136
train,pretrain,bkeBjPS9ZR4,00031,0,trainval,sjPRN2XGSts,50011,-4.7573115983382674,2.432
train,pretrain,GJWSZgjz7G0,00011,0,trainval,HQIi3nUXh0g,50028,4.69560302740317,6.144
train,trainval,r4KQfepEqWQ,50009,0,pretrain,PVXQUItNEDQ,00005,7.479593328942457,6.08
train,pretrain,vhhgI4tSMwc,00002,0,trainval,gh5VhaicC6g,50052,3.6710397055642563,5.44
train,pretrain,sa0RUmGTCYY,00047,0,pretrain,fBLErez9ljw,00029,-2.709229523422043,11.456
train,pretrain,YjHSx0xmXtU,00009,0,pretrain,Sx1qkuvUxuI,00031,1.302559315259252,3.648
train,pretrain,Zwwanld4T1w,00005,0,pretrain,Zq7QPnqLoUk,00033,-4.0069186076501895,8.768
train,trainval,Vqm8fXFFHyY,50006,0,trainval,H03o2WCBoDU,50006,-2.6018595355558123,5.376
train,pretrain,PzSw6OsEP9Q,00019,0,pretrain,7jRND5IU3Qg,00010,-6.239265414934554,5.696
train,pretrain,fddYApFEWfY,00001,0,pretrain,9KaMufF0rAY,00021,0.5642968524123368,4.992
train,pretrain,y8qc8Aa3weE,00033,0,pretrain,9IRv3TOjE1I,00022,-1.6727024914764872,27.2
train,pretrain,B4xOFsygwr4,00031,0,trainval,sa0RUmGTCYY,50016,-1.1280851002728944,2.112
train,pretrain,SgOTaXhbqPQ,00025,0,pretrain,DWoAShyDSsY,00003,-9.175299013528262,7.36
train,pretrain,y9wzaxSPtIo,00015,0,pretrain,Aetg4kJie0o,00020,9.371003331580788,8.192
train,pretrain,kj9HYBDSknQ,00005,0,pretrain,rjECbQ1rSk0,00030,7.060882908325606,5.504
train,pretrain,XiDAztWWAuM,00003,0,pretrain,B9bDZ5SzPtY,00002,6.931631790027566,6.4
train,trainval,DqCsQqy9MyU,50004,0,pretrain,mPCDOij0bB0,00029,-1.2551726437037498,5.376
train,pretrain,KSzkPSW4Hik,00008,0,trainval,s2F41IQSPGE,50030,-8.512074920568613,3.456
train,trainval,55n9pHSA0O8,50005,0,pretrain,tHSTfiMtSDE,00004,3.40482639170704,2.624
train,trainval,dsT5eVSm7BA,50012,0,pretrain,j51HsRILGKI,00037,-5.192233627300786,2.24
train,pretrain,S9PEogIrHSk,00041,0,pretrain,fSErHToV8IU,00018,1.1828202605914573,3.968
train,trainval,BSxI3YxAPW4,50010,0,pretrain,5sg4zxZMDN4,00010,7.343791594632872,2.304
train,pretrain,Un2yBgIAxYs,00013,0,pretrain,d6KSsePuFAo,00003,-4.32631235775724,14.528
train,trainval,ZhDgwrKSBWQ,50032,0,pretrain,ZBuT2wdYtpM,00015,-8.381849689701093,3.328
train,pretrain,WQG8EJTY48M,00013,0,trainval,deT1mILtFEY,50026,7.978200642898138,5.376
train,pretrain,qAYqK9lAxic,00014,0,trainval,tBbyP0P7BRg,50011,7.93012310766666,4.928
train,pretrain,GJWSZgjz7G0,00007,0,pretrain,TuD3IerTOms,00009,-1.9367217335575546,8.704
train,pretrain,jPyR3UDhOm4,00019,0,pretrain,FJFxLQCo83U,00039,-6.941438504152748,7.68
train,trainval,RJ0ldeMS9SM,50004,0,pretrain,GzPpH9WexDc,00013,-5.501645488514066,2.56
train,pretrain,ynSrWmoq7Is,00020,0,pretrain,BT2XlI8oeh0,00009,-9.859699042965286,4.992
train,pretrain,14rYeATuCqQ,00006,0,pretrain,sj3PnSpogXw,00018,3.091939433114174,6.208
train,pretrain,okQXrB7ySAw,00002,0,pretrain,1BSSXUntiLg,00006,-1.8186290491030235,7.168
train,pretrain,SZSul0GzzM4,00014,0,pretrain,U9BzgnX3z6Q,00014,8.101654357128862,4.608
train,trainval,wOiKRVH0nQ8,50002,0,pretrain,SXJ20tt5nPQ,00027,4.533252934511452,6.08
train,pretrain,U1XJJxHIQwo,00011,0,pretrain,K0PJbPlZoNI,00010,7.704114220612215,14.272
train,pretrain,2VWSSFSUeQI,00019,0,trainval,2SIk5ofBKco,50002,9.928061385739657,6.016
train,pretrain,bbFF5n7S930,00002,0,pretrain,GzzHawjP648,00002,-1.7762786422209391,6.208
train,pretrain,kYXiegTXsEs,00016,0,trainval,O6jrLgvCUNs,50014,-1.8396048480317422,2.944
train,pretrain,VYU25aJpg5o,00026,0,trainval,SPSq3cW672s,50012,7.787745184552431,6.144
train,pretrain,Z1R1z9ipFnM,00015,0,pretrain,LGtNFHtM81A,00033,-5.07148805671312,5.568
train,pretrain,ASY5DjSZUDE,00007,0,trainval,Nhwq12TKkQQ,50010,8.088275562771145,3.968
train,pretrain,sYUjyH8Y0No,00050,0,pretrain,PB7xs7UpIfY,00010,0.8514869649688173,2.944
train,trainval,ZhDgwrKSBWQ,50020,0,pretrain,DwQMDyyS42Q,00004,4.649514207074411,6.208
train,pretrain,VynSxLrtZaY,00018,0,pretrain,fw30yjccnD4,00001,-7.185909494661233,6.016
train,pretrain,pzN4WGPC4kc,00034,0,trainval,XAcARiiK5uY,50009,-5.754772176401264,4.096
train,pretrain,0oAJsPFH2wk,00007,0,pretrain,lyRSK2CZIHQ,00002,-0.4175498194006888,6.656
train,pretrain,gDMOcSWCTW0,00009,0,pretrain,wAdwurHhvSI,00014,-3.56090547122236,2.24
train,trainval,IRVdiHu1VCc,50021,0,pretrain,1bXAkbCyjpo,00029,8.741733847663493,2.688
train,pretrain,BMdMSmtTgD0,00030,0,pretrain,V1xt7zgnuK0,00003,2.9400168387931824,5.44
train,pretrain,2pb37k555AY,00007,0,pretrain,tsgvhP07BC8,00009,4.345893859827953,18.112
train,pretrain,HpAaSOgpi50,00009,0,pretrain,IyYgvo2ZJtw,00005,-3.0750650706179528,12.928
train,pretrain,S6cX2p5cBVg,00049,0,pretrain,zOSaCQ6xHS8,00004,-3.097198259525591,5.824
train,trainval,r9Zz4hYuGdw,50005,0,pretrain,PTUcj45juXg,00005,-5.855997632606251,2.304
train,trainval,kSGFq12w5WU,50006,0,trainval,Iv3Ud7Shv9g,50007,2.579807845627421,2.816
train,pretrain,3B24RaqA33k,00047,0,pretrain,MlLWTeApqIM,00009,-3.66468183455281,7.616
train,pretrain,2MYsx6WArKY,00019,0,pretrain,2Oe6HUgrRlQ,00030,-0.5471539556861043,4.8
train,pretrain,80GqbW1MmQM,00004,0,pretrain,3dy4SGkSD8M,00004,-8.343224557049167,6.272
train,pretrain,F17SKiAZOxg,00019,0,pretrain,TBIL2sdfoVc,00011,2.2727638252705944,4.096
train,trainval,UbVZ7rmDYrc,50004,0,pretrain,5PhNVxr7Vtw,00026,-9.052161508291906,4.352
train,pretrain,YhG1Bgbsj2w,00026,0,pretrain,12ud0nSTvro,00024,-5.211354580291929,2.88
train,pretrain,vcfrsYWFR78,00014,0,pretrain,o8xWaNpSlbI,00011,-5.364871352005349,8.896
train,trainval,AHfiKav9fcQ,50008,0,pretrain,yuD6ozE9rtc,00012,-5.8001110406486855,3.456
train,pretrain,4ZgwzSm7sRs,00048,0,pretrain,jSS03JfgHEA,00002,-6.322082997956331,11.456
train,pretrain,sNbGUSI9HWw,00040,0,pretrain,ncwpzEoVZCk,00009,5.744915970291073,8.896
train,pretrain,Un2yBgIAxYs,00030,0,pretrain,bhHJ4DRZNZM,00024,-9.516408872610526,5.248
train,pretrain,lfBpsV1Hwqs,00029,0,trainval,W9wwvA5BRZc,50003,2.759299492122862,4.096
train,pretrain,ZHOyfyGwpes,00010,0,pretrain,eRQdAOrqvGg,00013,5.000427969610248,10.24
train,pretrain,XS85KAYKOT4,00016,0,pretrain,gzthxdm7XNs,00021,-9.779970956841845,10.304
train,pretrain,WyOSqjIABe0,00009,0,pretrain,8m5Ebx6nuGE,00016,4.061599824318499,4.544
train,pretrain,Y8u42OjH0ss,00002,0,pretrain,b2qM1ISJCEQ,00001,6.606226352512948,5.248
train,trainval,nCwwVjPNloY,50010,0,pretrain,sJKFyDbWVqA,00001,-5.626035696027638,5.312
train,pretrain,CfqO1U6lfDs,00024,0,pretrain,T4SvurUIYI8,00019,-5.842495534850391,6.592
train,pretrain,SGzenQjZSpU,00012,0,pretrain,QHIocNOHd7A,00007,9.283674501737767,9.088
train,pretrain,v3SZTqj2Skw,00002,0,pretrain,ElJxUVJ8blw,00013,9.63972821295577,5.504
train,pretrain,bzj1BTdfoeI,00033,0,pretrain,xkq8drS5ofs,00005,5.497723068558658,6.144
train,trainval,ORvwzoSf1Sc,50003,0,pretrain,tSSNoFstCmQ,00044,7.368248901157358,3.072
train,pretrain,dNoSK3HgQJc,00003,0,pretrain,arj7oStGLkU,00018,-7.6633686777070364,4.48
train,pretrain,nzZA9XTdSLM,00012,0,trainval,yJJtRWFLSgw,50004,3.54170356348806,6.08
train,pretrain,qKlzdSH2X9w,00032,0,pretrain,K2mhMzVCfhI,00017,-0.7554887539337365,5.056
train,pretrain,bib1uDXMmWs,00003,0,trainval,GOZOhpxSAFI,50012,-8.28037294330443,5.312
train,pretrain,t1owaS144N4,00020,0,pretrain,y9Trdafp83U,00039,1.9322543772329226,11.904
train,pretrain,eh3cdTlh7VM,00008,0,pretrain,mUJdzaLDRIo,00050,3.8001327104597316,4.8
train,pretrain,acikxzM6GaY,00016,0,pretrain,XFOkSdlPafQ,00024,-9.972041072243808,12.416
train,pretrain,yqWJuDBSWm4,00001,0,trainval,jhm5OaXJVMQ,50013,-4.166541293054973,6.016
train,trainval,bbT8jSPS2LA,50002,0,pretrain,ayOmOaXC0Z0,00008,-7.686197154381054,2.176
train,pretrain,1G0MzlfMPuM,00007,0,pretrain,ZJPdJuhI03U,00015,8.27313467606917,3.904
train,pretrain,V48M5jS6zdE,00032,0,pretrain,cQl6jUjFjp4,00005,-2.47733760780136,4.48
train,trainval,0UmUgaJwEr0,50001,0,pretrain,855Now8h5Rs,00001,-8.611173551472378,2.816
train,trainval,R1vskiVDwl4,50012,0,pretrain,eCknUJJc3qU,00018,-3.2270207780848796,5.888
train,pretrain,OHBaOyaltpU,00007,0,pretrain,5CSDIcUsIJk,00020,7.481344288452881,18.816
train,trainval,X9NFPZGyDPg,50001,0,trainval,aqhzFd4NUPI,50027,-3.798807659028287,2.944
train,pretrain,Ytw0I6ytRto,00019,0,pretrain,F0ofeD8VKMA,00029,-0.9431742417361164,8.448
train,pretrain,eXp5QSfXLQU,00002,0,trainval,KTvSfeCRxe8,50062,5.71863433559767,5.504
train,pretrain,FVSc2FnPnDE,00001,0,pretrain,d25l1aPz2kc,00008,-3.3114373442462597,8.64
train,pretrain,50m48lpi4AU,00023,0,pretrain,uNQujCwCu88,00042,-7.5022425578699465,5.376
train,pretrain,tTvIEUGCigk,00033,0,pretrain,XII0TdSvloM,00001,-2.7270676776722302,6.528
train,pretrain,ioMpOr7Yx98,00027,0,trainval,iFTWM7HV2UI,50005,9.491109477737858,2.496
train,pretrain,hvStFIuhD8E,00013,0,pretrain,tX6YpAf6Sco,00002,-9.314848927972164,12.224
train,trainval,DSPWxjBgvF4,50002,0,pretrain,q2k2Xbfuy1I,00015,1.719926913289651,2.112
train,trainval,Z1R1z9ipFnM,50005,0,pretrain,I4PU2JlhO80,00018,2.4747000693049728,3.392
train,pretrain,S9ZciGIBcS8,00010,0,pretrain,2Pp9ONyxBr8,00013,-7.762905939590128,5.44
train,trainval,Nhx1SyXMwCg,50002,0,trainval,bSiGZPtWXzE,50076,9.959095084886439,4.416
train,pretrain,vNpmq6OkSQQ,00001,0,pretrain,88SlA2EZxtY,00012,4.551206786845132,6.272
train,pretrain,5aH2Ppjpcho,00009,0,pretrain,A60UTjiEp4c,00014,-9.373708661799604,3.968
train,pretrain,iKEtQSzz4GA,00011,0,pretrain,vZWokpaQ3NE,00013,-7.802712214015431,14.848
train,pretrain,mA1vshSuyQU,00010,0,pretrain,UkLWzSxAQJU,00006,-8.46729071695619,5.248
train,pretrain,EszGIvRdgTE,00027,0,pretrain,lVQ3KUTHDe0,00005,0.4788176094286438,7.232
train,pretrain,SZSc5UCSZS0,00010,0,trainval,CWU13rx44j8,50022,4.117629578369446,5.696
train,pretrain,JKsHhXwqDqM,00039,0,pretrain,FPhZGDS6kVQ,00007,0.10037149724847083,6.528
train,pretrain,SGMVTJ9ZKVc,00013,0,pretrain,FolCetXtYG0,00023,3.928258531084218,4.096
train,pretrain,mi9B40hZYAo,00022,0,pretrain,k6DPjCmc3BM,00013,4.099831300581524,12.096
train,pretrain,mKkF6mAlX4k,00003,0,pretrain,xuAAPsiD768,00019,-0.6339538214582525,6.72
train,pretrain,quJdL9ggETI,00011,0,pretrain,zXCiv4sc5eY,00032,1.4310069480631586,3.84
train,pretrain,hscdmpKGqrQ,00025,0,pretrain,rtsHUeKnkC8,00019,4.1241007285388935,6.848
train,pretrain,iq5lXSj6Prg,00006,0,pretrain,mDSuP2BsVy4,00024,-0.5171821283912621,3.84
train,trainval,3phTundagzQ,50012,0,pretrain,GZGY0wPAnus,00009,1.5416812631498562,5.888
train,pretrain,oKtALHe3Y9Q,00037,0,pretrain,mS8tQSTYLgk,00025,0.9182845329872009,4.672
train,pretrain,y3EG6cO3ngc,00019,0,trainval,ATISgVUKetI,50021,4.371785186849451,3.072
train,pretrain,3UaOl8SYHes,00026,0,pretrain,wNokfBHccVI,00025,-8.330383535249702,9.536
train,trainval,3E46oWB4V0s,50005,0,trainval,e4PTvXtz4GM,50001,7.528346973878602,5.504
train,pretrain,xjSQFZX2m9o,00010,0,pretrain,FVSc2FnPnDE,00031,1.252776728387433,7.808
train,pretrain,0jmST6bSUoc,00006,0,trainval,0ITHlySbhJE,50009,-3.5050097261758513,3.776
train,pretrain,I4PU2JlhO80,00009,0,pretrain,VFaQtPw3Va4,00012,9.54636833314612,9.216
train,pretrain,ASOvJjAw2Jo,00001,0,pretrain,Xe2nlti47kA,00050,-9.158904258866855,8.768
train,pretrain,ziGD7vQOwl8,00045,0,pretrain,ea3HnhOLC9g,00006,3.0864594331742126,4.48
train,pretrain,6LmPq7DSds0,00027,0,pretrain,KCL8NjN7FMQ,00009,2.097444215576491,3.584
train,pretrain,lrZ2DJzbYYo,00005,0,pretrain,KPzccnstSXg,00002,-0.8721138866804274,6.016
train,pretrain,c8WMMSPUOj0,00019,0,pretrain,CyElHdaqkjo,00037,-9.907539659621103,7.36
train,pretrain,yFVXsjVdvmY,00039,0,pretrain,wAIP6fI0NAI,00017,-4.879362693954368,8.64
train,pretrain,Vqm8fXFFHyY,00012,0,pretrain,r6nSmSTKHGc,00008,3.5577689244243977,8.768
train,pretrain,gmjSazFbpkA,00059,0,pretrain,40Aziot4aao,00003,8.808945828731897,6.016
train,pretrain,LFJ9WAHowcg,00033,0,pretrain,jpeSLKnS4gM,00012,8.696494780159728,6.016
train,pretrain,eNDhBSR1DZ0,00027,0,trainval,7POkIJfbMyU,50004,-2.120385112651917,2.944
train,pretrain,S7SXH1CBzGw,00017,0,pretrain,LhszKevcH30,00021,6.671376635683707,4.736
train,pretrain,6ORDQFh0Byw,00044,0,pretrain,e4PTvXtz4GM,00013,-5.643469393982079,6.016
train,pretrain,BXcFEhl7ynM,00026,0,pretrain,XFOkSdlPafQ,00018,-3.1806463367041076,7.296
train,pretrain,7udZ5ux0dYE,00024,0,pretrain,5qdZybHSLnI,00001,-5.240030248071705,7.616
train,pretrain,Zq7QPnqLoUk,00034,0,pretrain,GggL8lStP9I,00004,-0.946779580635905,3.776
train,pretrain,nC06omDS0kA,00014,0,pretrain,PDKKOSJX6yQ,00005,-8.63355098954397,4.864
train,pretrain,XBaRdmEVy8s,00002,0,pretrain,YraU52j3y8s,00005,0.9861579497987734,8.64
train,pretrain,FEAM4xdCDLE,00006,0,pretrain,EfXidZmAW1s,00021,9.385972543013828,4.864
train,pretrain,pX8zZdLw7cs,00018,0,pretrain,Sj2XrT0QN5A,00014,-5.479488131410946,4.288
train,pretrain,mkdSXHXhCcw,00044,0,pretrain,3GBrJiSMFu0,00003,-8.216365157791092,4.864
train,pretrain,LCxcnUrokJo,00015,0,pretrain,t4kyRyKyOpo,00007,3.466557480248218,3.968
train,pretrain,2EeqUSQMjbw,00008,0,trainval,wAIP6fI0NAI,50001,-4.514922174923379,6.08
train,pretrain,AAkEYcmCCCk,00046,0,trainval,iNOE0dZpHcY,50008,-7.8262746356690105,2.176
train,pretrain,1xgCI05l2GA,00019,0,pretrain,TBnNbyi4AN4,00018,4.569837710939693,3.584
train,pretrain,GjYt5uQPu8o,00009,0,pretrain,bB5zR2xYhm4,00033,8.64746183412533,4.288
train,pretrain,W8OiVZrAj4c,00031,0,pretrain,U7fFCaHZvVk,00028,5.4568929584831505,4.288
train,pretrain,wEM9c7RoVms,00031,0,pretrain,RjyxIsE3V2g,00020,0.14546217178682141,14.72
train,pretrain,08ZWROqoTZo,00013,0,pretrain,SltDJynTduY,00009,5.698298150928405,8.896
train,pretrain,H6n3iNh4XLI,00005,0,pretrain,zvwQXwJyaj0,00004,7.241094097820923,22.912
train,pretrain,PYSkd46RfVE,00037,0,trainval,04SEzifEsGg,50005,2.552751503397733,2.88
train,pretrain,zwjLQgNd7XM,00004,0,pretrain,9EVEmZ2cSes,00012,-1.2920044166751445,14.656
train,pretrain,VlC93dig40E,00021,0,pretrain,0YeVt2kpSSo,00007,-6.635878651278402,14.208
train,pretrain,vNyZmSg92HI,00023,0,pretrain,q49LtMyXK7Q,00020,-6.19424251307747,12.672
train,pretrain,mWfCqsFP05A,00015,0,pretrain,2tCcoSRZqVY,00003,-9.696122209575124,6.016
train,pretrain,SGzenQjZSpU,00014,0,pretrain,cSsxBTNF2U8,00057,-5.561638352903309,4.8
train,trainval,gto6w0a13B0,50005,0,pretrain,OSGHRMKrVM8,00036,-7.380571448363613,6.08
train,pretrain,F2dFiK3wkRA,00009,0,pretrain,6SdtkXAQq3k,00004,-2.407069265627819,6.208
train,pretrain,6tpsSu5O0Ws,00052,0,pretrain,4c1lqFXHvqI,00012,-7.777111714222105,7.68
train,pretrain,wc3VhvgUtB8,00018,0,trainval,3NdSVi38RM8,50002,1.469953925047209,5.76
train,pretrain,o0I0Poe3qlg,00025,0,pretrain,SsnWLZvRNZc,00014,-8.252103403982625,8.256
train,pretrain,gLDQr9i7LkM,00021,0,pretrain,9FCsyK4aRXQ,00036,-6.755796048830294,13.184
train,pretrain,CZNrOzgNWf4,00015,0,pretrain,potB0voQzNg,00002,9.259064717472484,6.976
train,pretrain,JS8fYhwrYzI,00022,0,pretrain,Let7s6SPgEU,00011,7.939912618555105,4.544
train,pretrain,PdxPCeWw75k,00021,0,trainval,lUHy84tSDrA,50001,-9.639780269240322,3.136
train,pretrain,voXOUWiJuLo,00031,0,pretrain,PVXQUItNEDQ,00016,-7.980064376240192,8.896
train,pretrain,5pIGDw18mIQ,00023,0,pretrain,I9weytKalQQ,00005,6.55784012140078,10.624
train,trainval,WCj82W7XkjI,50009,0,pretrain,3F2jACWwKdU,00021,-3.649066076191742,6.016
train,pretrain,i1MRJrm9Gts,00002,0,pretrain,Ssl0043HgQU,00005,-8.035874383004035,4.096
train,pretrain,AgMOJC5R4F8,00020,0,pretrain,DkyMCCnNI3Q,00001,2.5811210361857295,3.904
train,pretrain,GB4s5b9NL3I,00076,0,pretrain,nOHbn8Q1fBM,00005,7.717177805604468,9.024
train,pretrain,vrU6YJle6Q4,00033,0,pretrain,0tVGSTxcsSU,00004,-9.738156360951535,6.464
train,pretrain,PY9DcIMGxMs,00004,0,pretrain,MSX0uwAG2Jc,00003,-9.826802212962647,12.224
train,pretrain,QLBtr2rOFkI,00005,0,pretrain,YMyofREc5Jk,00045,-4.292128775328874,4.416
train,trainval,3f6xCzKx9CA,50013,0,pretrain,kpyc84kamhw,00006,-5.916575751544968,6.208
train,trainval,oKtALHe3Y9Q,50024,0,trainval,0FkuRwU8HFc,50004,9.408505956539564,3.584
train,pretrain,3UaOl8SYHes,00018,0,pretrain,SryJK294Psw,00001,-1.9241672627824187,3.456
train,pretrain,SB1JmOerYmY,00007,0,pretrain,jDy5j0c6TrU,00028,-3.0688937738318973,13.568
train,pretrain,HYzrdn7YLCM,00021,0,pretrain,SSJkV8IzsZA,00021,-6.192189720075452,3.392
train,pretrain,i0QKBKWnkxg,00010,0,pretrain,SgYvy71CSSA,00019,-1.3561780025215846,5.12
train,pretrain,1O2l1dcSohA,00016,0,trainval,rFAdlU2ETjU,50023,8.859934866617454,2.048
train,pretrain,HXGwJevjOfs,00005,0,pretrain,xuAAPsiD768,00025,2.5685480205649487,7.872
train,pretrain,k5hspA18IU0,00006,0,pretrain,kj9HYBDSknQ,00003,4.318948124871969,11.328
train,pretrain,l1fodZNF1GI,00031,0,trainval,iTdZn78u6pI,50012,-5.6621073711476,6.208
train,pretrain,Let7s6SPgEU,00013,0,pretrain,cQvDUTOOkiI,00025,0.8397229984716237,5.888
train,pretrain,CXSKrxq5eUI,00010,0,pretrain,KJ3lcCa0G4Y,00016,-1.3431132036773654,4.416
train,pretrain,SLyoVkOl24E,00007,0,pretrain,80GqbW1MmQM,00029,-0.13536467431209687,7.616
train,pretrain,UxXOi6Zwm7Q,00001,0,pretrain,gWPFJgLAzu4,00017,-4.549221396071612,12.544
train,pretrain,N6wjC0sxD2o,00002,0,pretrain,zSWppsceZ1c,00041,4.848650259520753,3.328
train,pretrain,2BOTS9GAjc4,00007,0,pretrain,pvBlSFVmoaw,00003,9.128953153405938,4.736
train,pretrain,lXNE4MD2X2w,00037,0,pretrain,FrgzvykPILc,00031,1.3679901854333707,4.288
train,pretrain,Un2yBgIAxYs,00022,0,pretrain,r6nSmSTKHGc,00003,7.984648138602445,5.312
train,trainval,501FEzbB1JI,50007,0,pretrain,HaHeAdJNa70,00012,-0.8762558206948405,6.016
train,pretrain,0snNB1yS3IE,00043,0,pretrain,5ldhLuX4vSM,00007,2.2865100042046507,4.352
train,pretrain,SRSJX0qRVSw,00005,0,pretrain,k0T6rfpYoqA,00031,-4.851044443760504,25.92
train,trainval,rYwTA5RA9eU,50013,0,pretrain,up4hFjSjcTY,00012,-5.944066621749027,2.048
train,pretrain,KyamsZXXF2w,00012,0,pretrain,bXRCVHVstEY,00019,-0.40827866197525253,5.056
train,pretrain,mMDuakmEEV4,00033,0,pretrain,nncPtxLCPrE,00022,4.784825461851838,3.904
train,pretrain,B5MkpzMAOZM,00004,0,pretrain,PcDftBVDSlc,00005,0.7706300416036527,5.12
train,pretrain,Sf994ANuGIY,00009,0,pretrain,WzDygsn0Djs,00032,-9.645953981879066,11.2
train,pretrain,mWfCqsFP05A,00023,0,pretrain,py1RrSdVt5A,00015,1.4072103865778995,2.496
train,pretrain,3uFbJG6tBpI,00021,0,pretrain,V1ItvwxBENg,00045,-5.197982417220121,7.232
train,pretrain,BISrGwNSyH4,00003,0,pretrain,pgmiPXAwiLg,00025,2.827013310001089,15.36
train,pretrain,4c1lqFXHvqI,00009,0,pretrain,ixsridS3qVs,00018,-1.8277498225575801,7.552
train,pretrain,Cqj0sgrNL10,00002,0,pretrain,HS8y0WLm78U,00044,5.956814245853794,4.48
train,pretrain,HmHh8dn6MiA,00009,0,pretrain,SU1foLW8h54,00019,2.8046977455396203,3.456
train,pretrain,Td2hfdXQ5x8,00018,0,trainval,vdDFLzyk94k,50006,-0.4470430867691917,2.56
train,pretrain,PyXZvuxDkC4,00031,0,pretrain,H3YbZsStuSI,00017,4.032521754442248,6.208
train,pretrain,ivfJJh9y1UI,00017,0,pretrain,jJMBwqhD9DE,00011,0.004020200099528637,6.272
train,pretrain,Qao76IPXWSE,00021,0,pretrain,S6pLPVfKFoQ,00048,6.035003631293733,11.072
train,pretrain,4mJ1aHFPS1M,00008,0,pretrain,FJFxLQCo83U,00015,-8.13460629752239,3.2
train,pretrain,FzmXULKUNJU,00004,0,pretrain,OXQwtTOnLvg,00004,-0.11558415983399684,10.752
train,pretrain,3GFG6Cvy9HQ,00003,0,pretrain,93fJ33L9OKw,00013,1.6923655970200322,4.352
train,pretrain,G1Ke6JIZyX4,00008,0,pretrain,VynSxLrtZaY,00023,-2.125699449073972,12.864
train,pretrain,FpHPVrsEkYY,00006,0,pretrain,MOFdlEbu15g,00009,-0.17584112143622654,6.4
train,trainval,9y7YEmyzSDo,50005,0,pretrain,g2J6YOiLNr4,00044,1.487416407624746,5.248
train,pretrain,ptIecdCZ3dg,00023,0,pretrain,LETgWDSSzSI,00001,4.698583472226954,8.832
train,pretrain,0SW0HFy9Et4,00020,0,pretrain,cVSg6uQfllk,00003,-8.375514099309363,4.16
train,pretrain,csnxJFQw98k,00023,0,pretrain,A9UmdY0E8hU,00009,-6.880621310830604,5.952
train,pretrain,doVRMBPUOhA,00006,0,pretrain,sucza6EOIf0,00027,3.464664596063807,6.848
train,pretrain,OPtxa35JU6Y,00014,0,pretrain,JQ0iMulicgg,00015,-5.757727133131176,5.824
train,pretrain,XLi6iYnnsGc,00023,0,pretrain,gmjSazFbpkA,00006,6.146477014089868,7.616
train,pretrain,wAdwurHhvSI,00019,0,trainval,tiWwrdMqvvM,50004,4.778710340192983,2.24
train,pretrain,WfjzkO6SDEI,00006,0,pretrain,HFFBkbsSFY0,00026,8.062309354599645,6.016
train,pretrain,ZBuT2wdYtpM,00013,0,pretrain,gZlzCc57qX4,00037,7.475209495593354,3.712
train,pretrain,uVAaZVz9pDs,00010,0,pretrain,2zvjW9arAZ0,00081,8.59075250939538,6.656
train,pretrain,qQJHZZwI8zE,00006,0,pretrain,TFvkq4BAvnw,00004,0.29635701842093454,6.272
train,pretrain,DZT6YpCsapg,00018,0,trainval,VM6HZqQKhok,50001,-0.182363258671856,5.952
train,pretrain,AvtStbwMQqs,00027,0,pretrain,aGSZeDqG8Zk,00012,-4.856284971426657,10.048
train,pretrain,LEzsELPNmr4,00005,0,pretrain,2ju61VPdTzw,00017,-6.29442056019392,5.696
train,pretrain,AIfwFLDXFyQ,00019,0,pretrain,wYCSHKl4RPU,00006,-7.964762908962659,3.52
train,pretrain,hfznpykprP0,00043,0,pretrain,uk7gKixqVNU,00001,9.070150074117866,3.968
train,trainval,iWaZEXBbQL0,50002,0,pretrain,3mTbO2kC6mA,00006,-0.18935120702824193,2.048
train,pretrain,2KSP7HvSZwg,00008,0,pretrain,cknBAMirSiQ,00006,-2.0074108122823713,4.48
train,trainval,IshrD4mjnNU,50011,0,pretrain,0P0mBj09vwk,00018,3.097327992290724,6.016
train,pretrain,7NJhq163t78,00001,0,pretrain,9yEl0SbCA9M,00013,-1.0298170242805114,6.336
train,pretrain,teVE3VGrBhM,00003,0,pretrain,BGRy5VUSLfI,00036,5.091034863779907,5.76
train,pretrain,SDjLpMj3BDU,00043,0,pretrain,mT4Qbp89nIQ,00004,-3.3832798192317988,4.352
train,trainval,CWU13rx44j8,50003,0,trainval,LWQfeSSfNbs,50004,6.387098546411597,3.264
train,pretrain,CSUmoS40pqA,00001,0,pretrain,WKlIytaSlu4,00015,-4.4956176450852325,3.52
train,pretrain,7SRGn75JcZ8,00009,0,trainval,SVB39Jo8mAQ,50008,-0.8815691428409664,6.08
train,pretrain,ST4JS67J0Y4,00006,0,pretrain,breDQqrkikM,00030,-0.957249450496855,4.608
train,pretrain,bvAEJ8G9l9U,00003,0,pretrain,Sm5xFSUYgdg,00011,2.2473136322315277,6.4
train,trainval,GlpGBSBpxOE,50004,0,pretrain,EZSf3Fc0ZRA,00035,-6.614856814566696,4.608
train,pretrain,vNpmq6OkSQQ,00027,0,pretrain,GlUS6KE67Vs,00007,-3.877180396032278,7.68
train,pretrain,UqyOedEHIrw,00028,0,pretrain,yDubrSRjlCE,00058,-7.426154736014352,10.048
train,pretrain,cQvDUTOOkiI,00020,0,pretrain,kFMZrEABdw4,00042,7.497745146018037,10.048
train,pretrain,9FCsyK4aRXQ,00029,0,trainval,lVQ3KUTHDe0,50002,-6.528568721436143,2.112
train,pretrain,4cJ08wOqloc,00014,0,pretrain,tSSNoFstCmQ,00010,-5.354952813430356,4.224
train,pretrain,ce31WjiVcY0,00014,0,trainval,2j00U6lUCSc,50009,2.6972412608158596,6.144
train,pretrain,v3oSF94S4FI,00020,0,pretrain,qAYqK9lAxic,00023,2.880998400928135,5.056
train,pretrain,RG5QP2EVUVY,00006,0,pretrain,MAQihRikgZM,00032,1.494127906472455,4.608
train,pretrain,wYCSHKl4RPU,00013,0,pretrain,KiPcxhJtuPQ,00022,7.574092436879923,3.776
train,pretrain,uDIyxxayNig,00019,0,pretrain,q9Ou0cj3fF8,00046,0.0600171823453195,2.816
train,pretrain,GCOc31fQi7A,00025,0,pretrain,XGq3MXQlRJs,00045,-4.97661545688497,3.904
train,pretrain,HlnhCdujYco,00013,0,pretrain,up4hFjSjcTY,00011,1.33706230408308,3.648
train,pretrain,ZUGOaSux6pU,00016,0,pretrain,ByuWS1bBwpc,00008,-0.5133046753367392,9.408
train,pretrain,KsSSMh1QhMc,00003,0,pretrain,dhMoQrLEJe0,00023,0.6039094658505757,5.056
train,pretrain,r92jUj7gNRw,00013,0,pretrain,6yR5OUVb2gY,00035,-8.97312968980438,15.424
train,pretrain,2W1jvTEjc1s,00032,0,pretrain,pWrgvI4nyyg,00019,-3.5282064294087823,5.056
train,pretrain,MUOSpWJ0riQ,00002,0,pretrain,j97WsAz3CDY,00013,-2.8875496352354313,5.696
train,trainval,OH0dK208MNk,50010,0,pretrain,FwLeiY5f7sI,00011,5.872622949731841,4.544
train,trainval,bUaU9kdt9I8,50009,0,pretrain,ko32Hr1SoPc,00005,-5.866875780343177,6.08
train,pretrain,HYzrdn7YLCM,00002,0,pretrain,2BOTS9GAjc4,00020,6.022556671651348,17.408
train,pretrain,gAxSu7UgPGg,00001,0,pretrain,AQa3kUJPEko,00005,2.4258225445795603,9.408
train,pretrain,w3q89BTJj3o,00027,0,pretrain,o08ykAqLOxk,00028,6.791203537566144,4.8
train,pretrain,19KkFCQz8WQ,00002,0,pretrain,9KaMufF0rAY,00016,3.3383880909371797,3.136
train,pretrain,avuhY7D71sQ,00042,0,pretrain,BYeYVuqD8kU,00005,2.806515861932935,6.464
train,pretrain,u9Lu85L111Y,00006,0,pretrain,0x2SkWRB8SA,00034,-1.1762203082599658,7.616
train,pretrain,qBHIT9yEPh4,00006,0,pretrain,34a7UEzZdsA,00020,-2.7613850194486655,8.768
train,pretrain,H2rG4Dg6xyI,00030,0,pretrain,enW2OUGzqtQ,00001,5.627873524941698,5.632
train,pretrain,40riCqvRoMs,00003,0,pretrain,2L4BSVpvx1A,00017,3.7330977265398158,5.312
train,pretrain,XyCY6mjWOPc,00025,0,trainval,HuWMO3M1HVQ,50001,1.8902264803247615,3.072
train,pretrain,MSE5Vryrd0I,00017,0,pretrain,7jRND5IU3Qg,00007,6.942671697603576,6.656
train,pretrain,wDxjss7kHRw,00011,0,pretrain,xYemnKEKx0c,00033,7.939583728739947,5.248
train,pretrain,wstksuaSMD4,00022,0,pretrain,LTtTfCwkIW0,00029,9.893147923617306,6.848
train,trainval,MKKGS38vCO8,50006,0,pretrain,OlLFK8oSNEM,00013,-0.707067230745622,6.016
train,trainval,DjcZrtcBZi4,50030,0,pretrain,HSZ1ZvjlKDE,00015,9.591745207109948,6.08
train,pretrain,YlmZkY1uqXM,00014,0,pretrain,Wai4ub90stQ,00003,0.08428244975949539,25.28
train,pretrain,WGBTz8ciZLg,00008,0,pretrain,SUkVcmKZyyQ,00011,7.40048798849616,4.288
train,pretrain,imhUmLtlZpw,00033,0,pretrain,GhpFTQfiqCs,00010,-6.347516601570058,8.96
train,pretrain,cC0KxNeLp1E,00027,0,pretrain,buHSvs7LFzw,00022,-1.0356180422517447,7.424
train,pretrain,dXqPaHQp4Xw,00029,0,pretrain,J45cWdDEbm0,00003,-2.9415304848229917,7.168
train,pretrain,RKK7wGAYP6k,00018,0,trainval,f5q9ZJ62NOo,50001,9.34695086601926,6.208
train,pretrain,nFQU5a5SByg,00024,0,pretrain,SeQ8vdtSXB4,00006,-5.968118906680893,6.272
train,pretrain,6k8YBJ5sgko,00001,0,pretrain,7O7BMa9XGXE,00001,-1.8102704974904515,5.12
train,pretrain,KIysMV9wbVY,00006,0,pretrain,ZuCtZJGcEMU,00023,0.6083176799952597,9.728
train,pretrain,7DLzXAjscXk,00008,0,pretrain,DokhOtMp75A,00009,-3.903748758772137,13.12
train,pretrain,cnDEVgxD6QQ,00005,0,pretrain,pWaxi4H2xPU,00014,-0.3530828647657174,16.768
train,pretrain,zLNXIXingyU,00031,0,pretrain,iSpwUpdQdyY,00008,2.4052679638486225,8.384
train,pretrain,M1yCvKASWdU,00012,0,pretrain,fSSNmDcLMKA,00026,-0.45041353338739754,5.888
train,pretrain,xSLkNjQyHww,00021,0,pretrain,1HIxnTruN78,00006,4.2502121013377305,4.032
train,pretrain,mj0Ymr2DzUY,00006,0,pretrain,N39xSWTPix0,00010,-7.226691725735048,11.2
train,pretrain,Bk9wQD6eYts,00020,0,trainval,qx6KKSeT4qw,50004,-0.8939026556273255,4.416
train,pretrain,bRuU02haIK8,00009,0,pretrain,r3afSFSG570,00017,0.6978846132723415,5.248
train,trainval,RxyQNEVOElU,50001,0,trainval,0K5OO2ybueM,50002,6.433148697757439,4.16
train,trainval,x8jdxSlf2Dw,50004,0,pretrain,NAkkckxE9i8,00025,9.117521459124053,2.24
train,pretrain,1rTEOU67zCo,00009,0,pretrain,cj5LZBmiQu4,00031,1.1923287102587175,7.04
train,pretrain,6E3zVSCSGYk,00001,0,pretrain,qYvXkSbqlBk,00029,-2.1252981761523344,10.816
train,pretrain,4wOxJOPnSUg,00008,0,pretrain,GjINFuwLGvQ,00011,-5.059230851851153,6.336
train,pretrain,wvIOoxPxpfQ,00003,0,pretrain,CrsdoIOGCRw,00012,1.6689389940459058,5.952
train,pretrain,uRdQS2sjF2s,00032,0,pretrain,7PwvGfs6Pok,00022,9.581818002204088,10.688
train,pretrain,y8ZMviYx9aY,00006,0,pretrain,okQXrB7ySAw,00007,7.563018916400058,5.12
train,pretrain,0iTehgSOZ8A,00017,0,pretrain,twG4mr6Jov0,00022,2.3866894909260044,8.256
train,trainval,APPbSStpGHk,50005,0,pretrain,PNqu5BWeHDw,00009,-3.854416090090007,5.568
train,pretrain,XqsmITK1VO8,00016,0,pretrain,YlmZkY1uqXM,00041,9.853185482649298,4.8
train,pretrain,h1Yg1rURKR0,00021,0,pretrain,8JSMI8Xrwms,00014,4.449975948742221,5.696
train,pretrain,i5p3NC9OwB0,00018,0,pretrain,d6PS4p3IXLQ,00031,3.0968268407738755,3.968
train,trainval,nncPtxLCPrE,50002,0,trainval,km4GiwSIFCo,50002,-7.2422623432526905,3.52
train,trainval,iNOE0dZpHcY,50008,0,pretrain,pbotabqHUys,00014,-9.514863403898152,2.176
train,pretrain,23vKtqo2t4k,00017,0,pretrain,bXnTAnsVfN8,00003,9.03247532685186,4.288
train,pretrain,VynSxLrtZaY,00050,0,pretrain,3OMgvtWNHp4,00010,-1.742514217483679,5.888
train,pretrain,9EVEmZ2cSes,00018,0,trainval,vQILP19qABk,50005,-5.778206036401148,2.944
train,pretrain,6oLsJUH1cfU,00002,0,trainval,ueOqYebVhtc,50009,7.817797934001614,6.08
train,pretrain,o08ykAqLOxk,00035,0,trainval,t4kyRyKyOpo,50001,4.07927126218647,5.184
train,pretrain,A9UmdY0E8hU,00008,0,pretrain,B4xOFsygwr4,00031,-0.876197664382163,9.408
train,trainval,p49rv25dx0g,50031,0,pretrain,0FkuRwU8HFc,00017,7.888222439454765,5.312
train,pretrain,huzhvbrcgeQ,00025,0,pretrain,urntcMUJR9M,00006,-3.5347667808832046,7.04
train,pretrain,1TYPldG99dk,00047,0,pretrain,GROCkg810R0,00038,6.325772678134129,8.192
train,pretrain,LGtNFHtM81A,00021,0,pretrain,6qTfX4U6CS0,00041,-0.5489556015754822,6.208
train,pretrain,uEkgM9P2C5U,00041,0,pretrain,UVDgemuZdho,00036,9.893297011934862,4.608
train,pretrain,SvZXgApsPCQ,00017,0,pretrain,Sttw2PxncIE,00014,-2.875934876799617,12.736
train,pretrain,5aH2Ppjpcho,00009,0,pretrain,wSF82AwSDiU,00004,0.5819427710328782,5.12
train,trainval,hgWie9dnssU,50008,0,pretrain,GMc8aSoCE30,00011,8.758069963387484,2.816
train,pretrain,yTR4sADS4qM,00005,0,pretrain,sLiM2SizFl4,00045,9.221052354982227,4.032
train,trainval,joyi6anTSFQ,50002,0,pretrain,uWfLwKHSEko,00002,9.788625102285554,3.968
train,pretrain,TdBAHexVYzc,00010,0,pretrain,ts5MKtXNpMQ,00008,-2.842592044917886,6.08
train,pretrain,Ep2MAx95m20,00032,0,pretrain,TexXAuRSe0g,00007,-8.45420254440015,5.952
train,trainval,2Oe6HUgrRlQ,50004,0,pretrain,sBsuIAscshE,00007,-9.282878791310758,3.072
train,pretrain,HByDu4uOFY4,00006,0,pretrain,7hWUhEA6hxk,00008,7.774312548440264,5.952
train,pretrain,bEdvQjTGYP8,00003,0,pretrain,lw3YTbubyjI,00022,-3.15636340307913,3.392
train,trainval,N4wFyRGilp4,50003,0,pretrain,P2y3Uspr8Bg,00009,-4.583123521617436,2.496
train,pretrain,Qa2HpQI1Ufg,00006,0,trainval,hSSmmlridUM,50009,-8.763320960708256,2.112
train,pretrain,syqScVtnKuU,00032,0,pretrain,KQEWc3LVfyc,00056,-6.185003583825461,8.896
train,pretrain,2XiDdnDCD34,00022,0,pretrain,JzLiCBCbAMY,00038,-4.9908132598546935,4.416
train,pretrain,xnovQVRHj5c,00046,0,pretrain,C0byYFXjRJM,00028,-3.113010798162172,9.408
train,pretrain,ZUGOaSux6pU,00008,0,pretrain,tpKWHSsBpnE,00010,-8.91672870725807,7.808
train,trainval,IKZCw4xdESQ,50003,0,pretrain,Z41BTeAU7DI,00020,-4.954159112726573,2.496
train,pretrain,6H6wKMYSiEU,00003,0,trainval,xjuY3lUfkK8,50002,3.5834655391338917,4.8
train,pretrain,2FASIuDTMjE,00009,0,pretrain,gCWeVYCcKXw,00032,-0.40859715198998003,4.608
train,pretrain,AhKevstJyrc,00027,0,pretrain,3sUWSDHOVn0,00030,-4.740511637671389,7.488
train,pretrain,gBkIyJ7kfSI,00026,0,pretrain,eMMKxVcxjrI,00011,-0.9854474776418076,16.768
train,pretrain,cQ3PWXoYIoE,00005,0,pretrain,DZT6YpCsapg,00054,0.44455609406231744,4.096
train,pretrain,gIuhIo7mO5A,00001,0,pretrain,MSZS1wnjfhY,00034,5.353207335358018,5.632
train,pretrain,Z9dt5qlgO24,00010,0,trainval,MBZyRlxVdSE,50023,6.268627190438362,2.944
train,trainval,C0nM8l9qeGY,50006,0,pretrain,xT8UwfwkCaY,00003,5.898166403041852,5.76
train,pretrain,kvpUiBqHoVM,00028,0,pretrain,VObLitSe3K0,00018,1.4943902140989511,7.168
train,pretrain,y3jYVe1RGaU,00016,0,pretrain,uVAaZVz9pDs,00004,2.777606998900728,5.12
train,pretrain,SWjSKTraw7c,00011,0,pretrain,GjINFuwLGvQ,00011,9.502731455814157,21.504
train,pretrain,8rZzHkpyPkc,00057,0,pretrain,byHcqsGvcj8,00001,-6.967254637767875,5.248
train,pretrain,CGksAjzI0go,00006,0,pretrain,5QTjSH1KGlY,00012,6.810314029609394,6.272
train,pretrain,AAkEYcmCCCk,00017,0,pretrain,KPzccnstSXg,00008,-1.9441190617073278,4.608
train,pretrain,dOOtM7ZpAS8,00023,0,pretrain,8SAWKDRHZuw,00007,6.063503920667802,3.008
train,pretrain,3XDdhbrg2kw,00025,0,pretrain,hHOX3dlhhZ0,00035,-8.48981684731151,5.888
train,pretrain,kpfsQbFV5SU,00016,0,trainval,YO0lbdhF30g,50017,-8.345041022576904,2.368
train,pretrain,5XD2kNopsUs,00033,0,pretrain,breDQqrkikM,00003,-9.124331355491115,2.944
train,pretrain,HQzXqjT0w3k,00006,0,pretrain,PyXZvuxDkC4,00017,-0.9621726637981958,4.48
train,pretrain,0ZOqbO2jIKg,00006,0,pretrain,KCL8NjN7FMQ,00016,-8.328959336627415,6.976
train,pretrain,SYHG5y4tvLw,00028,0,pretrain,QLBtr2rOFkI,00021,4.7161540604186065,3.52
train,pretrain,fenV3W7hQtw,00008,0,pretrain,tFX68SJs2S0,00002,-0.33608097701353934,7.168
train,pretrain,huzhvbrcgeQ,00009,0,pretrain,7wJTgUCxnKA,00032,8.23555362224209,9.6
train,pretrain,UVqoIgh7bcw,00012,0,pretrain,SztfBVVO9S8,00003,-4.0083363257836435,4.288
train,pretrain,iUbfRzxNy20,00010,0,pretrain,Y2y7BzjbSNo,00026,5.788636314019156,7.68
train,pretrain,Se8kcnUSuZw,00015,0,trainval,aEjUlH7bNDo,50024,4.471172171485605,6.208
train,pretrain,6qqqVwM6bMM,00010,0,pretrain,qqNLSZ6SSSc,00014,-7.105780968202051,18.112
train,pretrain,qykDS2AXKIU,00022,0,pretrain,Sf994ANuGIY,00027,4.513102890780345,3.712
train,pretrain,Xw8U5LXaItM,00011,0,pretrain,hCop3IGZH2o,00013,9.324356899277866,4.16
train,pretrain,vVsXO9brK7M,00008,0,pretrain,hPsUXhXgWmI,00047,7.0130827764198465,5.056
train,pretrain,VCRcGKpjWtU,00004,0,pretrain,aL00a3sfnYM,00027,-2.2101823674725107,4.8
train,pretrain,lw3YTbubyjI,00003,0,trainval,QxkxcsrveLw,50001,4.193017714669471,3.712
train,pretrain,xqahH6DLtbo,00003,0,pretrain,0SUTgoPUTLQ,00014,-7.559297862962255,4.416
train,pretrain,VLe84OkwKOA,00005,0,pretrain,kDXJhxLzmBQ,00032,-9.953205014439872,6.208
train,pretrain,8rzlrItooG4,00025,0,pretrain,k5tCYg9s0HU,00006,8.085119088516532,8.896
train,pretrain,x5LshSZn5RA,00018,0,trainval,PYSkd46RfVE,50006,9.537438135574522,6.016
train,trainval,86xSuStz0MA,50003,0,pretrain,c00zfzk4gdg,00033,9.166888968154922,3.776
train,trainval,z19gIaUmIBU,50004,0,pretrain,c00zfzk4gdg,00026,-0.29329103320154637,5.952
train,pretrain,wSF82AwSDiU,00016,0,pretrain,doVRMBPUOhA,00015,-3.849498479921028,16.768
train,pretrain,nOHbn8Q1fBM,00029,0,trainval,1mUDw0sRZV0,50012,-4.015659244087868,6.08
train,pretrain,MExS7F0lGzI,00003,0,pretrain,bXRCVHVstEY,00020,8.289544595111128,5.44
train,pretrain,VSTGxJI4JwA,00021,0,pretrain,hTAXEq6zLo8,00015,8.965981609289361,4.992
train,pretrain,PkcBE74OYJw,00003,0,pretrain,0UmUgaJwEr0,00015,-7.166179192884905,5.12
train,pretrain,AfnruW7yERA,00026,0,trainval,BxFvxKaSmWo,50013,-1.8094312048519008,3.008
train,pretrain,eRQdAOrqvGg,00014,0,pretrain,cplaWsiu7Yg,00020,4.633362882485878,5.056
train,trainval,SC3DVeWT09w,50025,0,trainval,nLotSkXFSUg,50004,5.067443154353759,2.304
train,pretrain,JeHqgambbcI,00001,0,pretrain,1lUAhRSACKQ,00006,-6.284269404943252,21.888
train,pretrain,S2uSeHHzRto,00024,0,pretrain,DtT6S1vtjzQ,00006,-7.28844347658365,5.568
train,pretrain,QPiaadMporw,00032,0,trainval,iTdZn78u6pI,50015,-7.176422753173877,2.112
train,pretrain,kzhJb5jcH58,00013,0,pretrain,GlpGBSBpxOE,00032,5.477836665775413,9.536
train,pretrain,5sS3Yjh9Lw4,00003,0,trainval,r92jUj7gNRw,50021,-0.48276271938084747,3.904
train,trainval,GXySSkBVq1M,50019,0,trainval,SjsGSNgmleA,50025,-3.721592635923905,2.752
train,pretrain,aeiSXpmMQys,00020,0,pretrain,yTR4sADS4qM,00007,-9.363690240524939,28.288
train,pretrain,2OlhCITl1J4,00007,0,trainval,HY71088saG4,50006,-6.133156623556362,6.08
train,pretrain,FRKg49ySnNw,00020,0,pretrain,QHSrG9Tuz84,00016,5.360456627896891,27.328
train,trainval,0tqq66zwa7g,50001,0,trainval,EiTrl0W1QrM,50002,-3.7056412725238292,2.176
train,pretrain,cZ7LzE3u7Bw,00003,0,pretrain,NXfYNdapq3Q,00002,7.7237661850934884,8.32
train,pretrain,uFIc7XEVyM0,00002,0,pretrain,d0yGdNEWdn0,00010,-9.977287753793707,4.16
train,pretrain,9usocDBGnvA,00024,0,pretrain,8m5Ebx6nuGE,00025,4.296442114957442,7.744
train,pretrain,HHwXlcHcTHc,00011,0,pretrain,G1Ke6JIZyX4,00003,-3.7412017954207943,3.2
train,pretrain,VJRBx0JjMSM,00010,0,trainval,bSiGZPtWXzE,50032,-5.119556290791236,6.144
train,pretrain,l2oywAEJ9hE,00008,0,pretrain,uuwgtX2zU9Q,00007,2.9900840852589265,20.416
train,pretrain,7Mqse6SLOds,00027,0,pretrain,xy7SMVCRFbQ,00001,-8.024196773614031,11.52
train,pretrain,M1o3FS0awtk,00040,0,pretrain,nPdUMWGWE28,00003,2.522857833790207,12.608
train,pretrain,GqGksNRYu8s,00024,0,pretrain,U23gPSGhW1w,00024,-6.493766549953013,5.568
train,pretrain,wgKmdbTmbDk,00021,0,pretrain,d0a0eXJ5TJM,00015,0.25364358695676614,5.504
train,pretrain,SypPoKpQi6w,00005,0,pretrain,3ite2QwSU7g,00020,8.066428876429793,3.584
train,pretrain,4AaSUyfNN4c,00009,0,pretrain,xx310zM3tLs,00003,-1.0825217883074139,5.12
train,pretrain,gF9PSRLjGGw,00005,0,pretrain,USmTQeKRaP4,00005,-7.153654195183239,10.816
train,pretrain,Tmk7nAvpMXQ,00024,0,pretrain,ZUGOaSux6pU,00018,-9.828593771393127,3.648
train,pretrain,2mU8xezh7rQ,00017,0,pretrain,gyPoqFcvt9w,00015,-8.939179993361277,9.792
train,trainval,nLB8ASSQdHc,50004,0,pretrain,pn8p3rOaA5I,00046,-1.1207739231913934,6.208
train,trainval,KTTtn0iSZyA,50003,0,pretrain,ZuCX92wuw2g,00010,5.893976799351794,4.096
train,pretrain,syjEN3peCJw,00004,0,trainval,zISxg4JhSRk,50031,2.642906718414979,4.416
train,pretrain,VLe84OkwKOA,00014,0,pretrain,vqz49SrYRMk,00005,3.0524895810594117,8.704
train,trainval,RBElFl1aLtI,50011,0,pretrain,1JxxCB9GiGU,00004,-1.1761206507953865,5.248
train,pretrain,FjnGdiqk96Y,00007,0,pretrain,wc3VhvgUtB8,00018,-6.066082106425307,3.264
train,pretrain,gyPoqFcvt9w,00033,0,pretrain,J5jwEyDaRS0,00009,-6.290488453694949,3.456
train,pretrain,Diuv3XZQXyc,00001,0,pretrain,xSLkNjQyHww,00030,-5.3535222824350175,4.992
train,pretrain,cC0KxNeLp1E,00030,0,pretrain,HHwXlcHcTHc,00011,1.1306128491854057,3.2
train,pretrain,XgRlrBlS7Yg,00044,0,pretrain,pi9SMFWTzXw,00002,5.235278781547972,7.36
train,trainval,HALd9FY5SVQ,50002,0,pretrain,BISCnsKyOuk,00018,8.168452387146004,3.648
train,pretrain,SCCG81UbruY,00006,0,trainval,DkyMCCnNI3Q,50016,5.866630767977725,3.328
train,pretrain,ZChEFOGSn8Q,00030,0,pretrain,7TXEZ4tP06c,00013,4.968874920558889,8.896
train,pretrain,CPVjktgYKo4,00015,0,pretrain,7JVTirBEfho,00010,-0.8692056466588056,8.128
train,pretrain,3dy4SGkSD8M,00035,0,trainval,RBElFl1aLtI,50006,4.916650884092304,3.456
train,pretrain,Aetg4kJie0o,00014,0,pretrain,4Z75ASJMBx4,00005,-1.7272785364395986,6.08
train,pretrain,X1LtIS8VGkk,00008,0,pretrain,jTfGAHroSSI,00022,-4.465769828155979,7.616
train,trainval,BSxI3YxAPW4,50015,0,pretrain,u4m65sbqbhY,00010,4.652067400926201,3.584
train,trainval,Zq7QPnqLoUk,50007,0,pretrain,mwzBJF5Q7Vw,00026,7.14372187754163,5.76
train,pretrain,hgWie9dnssU,00004,0,pretrain,YhW9I8SUkFU,00011,7.816261197192109,5.056
train,pretrain,3f6xCzKx9CA,00015,0,pretrain,mY2LIQbiGbo,00028,0.055334163070648756,8.448
train,pretrain,C8OqQ2lmsEo,00008,0,pretrain,BEcyzAcFFwU,00017,-8.971488566196316,3.648
train,pretrain,ZIhFcjcc568,00003,0,pretrain,ol1b5mMeP7s,00014,-1.2135304229538786,3.712
train,pretrain,eNDhBSR1DZ0,00032,0,pretrain,12OAr0lt4bk,00015,9.800154812289733,8.192
train,pretrain,YmRKlZEXVQM,00024,0,pretrain,WfDSFRPjQTo,00006,6.877911715014836,12.928
train,pretrain,BXcFEhl7ynM,00009,0,pretrain,r6nSmSTKHGc,00006,9.070931154933394,9.728
train,pretrain,6diqpGKOvic,00010,0,pretrain,NwmGTM5Py8Y,00017,-0.7855964007967042,3.136
train,pretrain,MKKGS38vCO8,00040,0,trainval,hJZ0pAoxksE,50005,-0.5596407622827915,6.016
train,pretrain,QYGO5tepBLY,00015,0,pretrain,LMrzdkSYnYY,00037,-7.299689030373524,5.504
train,pretrain,Uq1idqpX9SA,00034,0,pretrain,uVAaZVz9pDs,00031,3.217147727858819,10.88
train,trainval,6Af6bSwyiwI,50007,0,pretrain,21jSOCNLuYg,00003,7.599046334970513,6.016
train,pretrain,W3C23m71Yws,00020,0,pretrain,ldhppc7GmZg,00010,-6.398334175424665,10.24
train,pretrain,btlF4ZSAoFc,00021,0,pretrain,Ftnb2fpJ664,00008,2.7470248176296224,4.48
train,trainval,Sf994ANuGIY,50003,0,pretrain,i5p3NC9OwB0,00016,-8.219110517247266,5.184
train,pretrain,Zq7QPnqLoUk,00063,0,pretrain,jyYjI7zQlaA,00014,6.0094881271106,11.84
train,pretrain,6ORDQFh0Byw,00001,0,pretrain,JlbwchclCBo,00005,7.892340162491834,14.208
train,pretrain,8pHzROP1DSw,00034,0,pretrain,9AgCr2tTvng,00034,1.5600267535497778,9.856
train,pretrain,Kw5vyJ30djM,00002,0,pretrain,HEFSHP2XE7E,00002,-3.8821607402012965,5.248
train,pretrain,GpKrM8GQwOg,00002,0,pretrain,WDbxqM4Oy1Y,00006,-5.8259748475004365,10.688
train,pretrain,CprpSEjVtwA,00005,0,pretrain,SqCWAsd2GP8,00009,-9.807606171552985,5.952
train,pretrain,AQ8cpjEdpmI,00038,0,pretrain,1tcqfWkiShw,00010,-9.903536859640296,11.008
train,pretrain,SVB39Jo8mAQ,00020,0,trainval,97MWOERYSdE,50005,3.906582592326224,4.096
train,pretrain,5vXRgT6egSU,00032,0,pretrain,7Z9xCX4ifJo,00010,-3.2562354446851156,5.696
train,pretrain,y2yka9lyvMA,00049,0,trainval,bCGlWQnzDVE,50032,0.5551972031521579,2.496
train,trainval,150cqgYh8sQ,50014,0,pretrain,46wWjKTn4Ac,00015,8.02237101683663,6.016
train,pretrain,XO1MeSMYSQ0,00025,0,trainval,Q80MfH7xPPE,50013,-1.9013662656778951,5.76
train,trainval,vzKA1y3cdYI,50058,0,trainval,DJGreSgaOTc,50021,-8.944794614496153,2.88
train,pretrain,SmsYxDvdcYc,00040,0,pretrain,cOIJGGgaSIY,00039,-1.8710388259336792,4.928
train,pretrain,Hc6yiSFtoNo,00004,0,pretrain,Ydj28CDrHV4,00007,5.7787245026647405,8.384
train,pretrain,YWZmqpQi2y4,00009,0,pretrain,U7fFCaHZvVk,00002,-2.692161179421322,6.272
train,pretrain,XPkV1bDZDl4,00008,0,pretrain,NEC7TiHoxvI,00015,-5.720195231713763,4.096
train,pretrain,tRqVPRwKn2o,00019,0,pretrain,9SGSSQssNj4,00020,-1.4244484600417913,3.136
train,pretrain,rueQgStScw0,00008,0,pretrain,w1oKe8OaPbk,00002,-2.9359133105455415,8.576
train,pretrain,C0byYFXjRJM,00012,0,pretrain,4v4Pf5Dt8Hg,00005,-8.121962075697791,3.776
train,pretrain,8dSDMQNoikU,00021,0,pretrain,68c2M4r9oQg,00008,-8.243588515112174,11.2
train,pretrain,fDzj9vRw5yM,00010,0,pretrain,iQsnObyii4Q,00010,8.580065114760778,7.424
train,pretrain,TBIL2sdfoVc,00012,0,pretrain,FPhHHtn8On8,00014,-9.647489891825494,13.312
train,pretrain,GSmaUPREKlU,00010,0,trainval,vMwPTI54rqQ,50027,-9.59546108769244,2.24
train,pretrain,eh3cdTlh7VM,00028,0,pretrain,WNTk29zXl4A,00006,7.951265869840615,12.288
train,pretrain,MtSE4rglxbY,00030,0,pretrain,FyL9OkVgZA4,00010,1.0562538702432747,6.464
train,pretrain,SbphPa7Wp4c,00017,0,pretrain,TT6qWghHkFI,00001,-2.817446310099438,11.456
train,pretrain,RSW3xi2jMYI,00014,0,pretrain,W8OiVZrAj4c,00012,8.68691029273834,14.528
train,pretrain,syjEN3peCJw,00046,0,trainval,vo2cse4CoGM,50007,5.602661942425781,2.56
train,trainval,PiVB5niLrWg,50005,0,pretrain,sa0RUmGTCYY,00043,6.809326001932618,6.208
train,pretrain,ayhhuxAu6rw,00022,0,pretrain,CTEhgUmSrro,00023,-6.276722209703481,8.896
train,pretrain,1IxIDGyISzk,00011,0,pretrain,S9PEogIrHSk,00025,4.081873370912987,5.568
train,pretrain,F6NU0DMjv0Y,00047,0,pretrain,WXOd4qh3JKk,00034,6.659384685007861,8.0
train,pretrain,gSCSsL3it9Y,00008,0,pretrain,Qd7PiXg5fKE,00007,6.015551004738342,5.376
train,pretrain,mzy84VbSGxk,00015,0,pretrain,XRP4xfN89Ss,00030,7.545565291203268,3.2
train,pretrain,phUUjkSbtiY,00013,0,trainval,3MYEtQ5Zdn8,50002,-1.419652947735642,3.776
train,pretrain,oeL72c6scAs,00002,0,pretrain,u5GCetbP7Fg,00024,4.990889446045282,4.288
train,pretrain,aR5N2Jl8k14,00008,0,trainval,mDSuP2BsVy4,50017,3.6408359970800745,3.776
train,pretrain,5iqZzi9mj4M,00036,0,pretrain,j51HsRILGKI,00017,-2.414542888076161,6.848
train,trainval,GIt6Z0k3PQo,50024,0,pretrain,JQ0iMulicgg,00017,-0.6738407733976537,3.136
train,pretrain,nG1oCU0ijP0,00003,0,pretrain,NbpSibMSEiE,00007,-3.621770875746182,8.64
train,pretrain,gSONUFFt2qM,00001,0,trainval,BMOjVYgYaG8,50006,7.3711184293997825,2.048
train,pretrain,vqPAdUeU6mQ,00018,0,pretrain,KRrNST9OAcA,00005,-4.180613386037891,11.392
train,pretrain,4fyvDMFriRI,00027,0,pretrain,kfAxGhOS3S8,00013,0.1446290224708786,10.24
train,pretrain,3B24RaqA33k,00018,0,pretrain,OKIyDMaxh4w,00022,-8.208725519314136,9.088
train,pretrain,lfBpsV1Hwqs,00049,0,trainval,6XS8TA4RBog,50004,2.9374451680291784,2.368
train,pretrain,5SOHiN8Ne58,00003,0,pretrain,0ygtX2nyexo,00015,0.710700272035238,13.056
train,pretrain,34a7UEzZdsA,00049,0,trainval,4mJ1aHFPS1M,50006,7.619609201651116,5.76
train,trainval,Nhwq12TKkQQ,50006,0,pretrain,DOYASAY7dO4,00001,-7.8938377749143545,5.184
train,pretrain,p2MEGk5q1WI,00019,0,pretrain,d6PS4p3IXLQ,00029,-3.4355639089023633,4.096
train,trainval,ygKNRnz7q5o,50002,0,pretrain,bmmnEJ4rtCI,00011,4.205201851675993,6.016
train,pretrain,yXTtHmj1sr0,00026,0,trainval,mA1vshSuyQU,50014,-7.677629696274688,3.776
train,pretrain,AOEQ9GteWbg,00031,0,pretrain,NhYnouvrGS8,00028,-5.537838227619991,8.0
train,pretrain,CstD6O95LSo,00029,0,pretrain,TvW4yugCPZo,00001,0.5672433558395635,15.232
train,pretrain,LUNBiST4KSs,00009,0,pretrain,BwC4WRKi5QY,00010,0.26648636821842153,7.104
train,trainval,nxRRqLpWi6Q,50002,0,pretrain,mKPmlliPL0U,00007,-7.498912251076129,3.008
train,pretrain,TQMbvJNRpLE,00024,0,pretrain,1mUDw0sRZV0,00019,-0.37183996855378254,5.44
train,pretrain,2G0wQfUl9EU,00026,0,pretrain,xjSQFZX2m9o,00015,-2.347430338416581,5.952
train,pretrain,YKACzIrog24,00003,0,trainval,QoTSdOkjEVs,50012,-4.203273256803691,3.392
train,pretrain,aUBawr1hUwo,00045,0,pretrain,iRSjlgWE9GQ,00030,-6.302216979397947,15.808
train,trainval,9ebJlcZMx3c,50003,0,pretrain,PS6vDLq64gE,00036,8.641296664239665,2.24
train,pretrain,kjmsb9pDrF0,00012,0,pretrain,HoyNrlMNBvw,00003,-7.186760879583154,16.64
train,pretrain,25onkAGt3Gs,00012,0,pretrain,7Xmr87nsl74,00021,8.161853113076617,3.968
train,pretrain,g9M3HIjHuq0,00006,0,pretrain,BXcFEhl7ynM,00003,1.0397006955362293,8.576
train,pretrain,5cQoGNEcc5Q,00001,0,pretrain,asgdGSGQBgY,00006,9.957498636664099,5.888
train,pretrain,V2DgJBx3cyA,00016,0,trainval,8meWY0W40OA,50006,9.980828478888544,5.696
train,pretrain,IBoJcDlqmo0,00015,0,pretrain,rSQNi5sAwuc,00002,8.105531321508202,7.616
train,pretrain,7Mqse6SLOds,00040,0,pretrain,LUO3jqMlWkE,00003,3.0446362814786916,6.784
train,pretrain,nLtUl2CP8ak,00033,0,pretrain,VMwjscSCcf0,00034,9.918812025663517,12.672
train,pretrain,u5GCetbP7Fg,00013,0,trainval,pX8zZdLw7cs,50011,2.1019951199511873,2.816
train,pretrain,uHnqvhWQMV0,00003,0,pretrain,K2BES6FUAO4,00008,-3.270070046572748,8.576
train,pretrain,tTcl5I0Wbzk,00032,0,pretrain,qYvXkSbqlBk,00005,-5.465982952338074,4.096
train,pretrain,jAGgKE82034,00016,0,pretrain,Sj2XrT0QN5A,00021,-2.243306133227822,4.736
train,pretrain,SK095wuESeE,00031,0,pretrain,8b2vNkEtfpc,00011,3.882303693233249,3.136
train,trainval,iwlSPe0FbSg,50026,0,pretrain,j644FLPS5oE,00003,0.8664132548843657,2.56
train,pretrain,qgv8VoyJ3wA,00007,0,pretrain,PXMJobWlXks,00025,-2.8696171651214204,4.224
train,pretrain,qQJHZZwI8zE,00004,0,pretrain,H682jmofwZs,00010,-1.0953861890086163,7.168
train,pretrain,T7ibjISKSdY,00004,0,pretrain,gXlIASSrI4E,00039,-1.7470995515327008,5.76
train,pretrain,nU5gOr1cSxU,00012,0,pretrain,cj5LZBmiQu4,00025,-7.298400095850475,24.512
train,pretrain,yuewc0SEn8M,00015,0,pretrain,0snNB1yS3IE,00054,-5.1079597379741815,4.416
train,pretrain,ydzNAuqUAnc,00022,0,pretrain,twWkGt33XSk,00002,-2.0856817362731057,5.504
train,pretrain,JVwLjC5etEQ,00011,0,pretrain,9IRv3TOjE1I,00008,-9.188180309619673,5.44
train,pretrain,0LxPAY9yis8,00032,0,pretrain,0bop3D7SdDM,00014,2.354546227016588,3.712
train,pretrain,GkRn9Lp16UI,00001,0,pretrain,ol1b5mMeP7s,00006,-3.913496558571616,5.568
train,pretrain,JS8fYhwrYzI,00004,0,pretrain,40ieXxoJwZw,00040,3.9668551881262832,6.208
train,pretrain,lwcvhh4pLjE,00001,0,pretrain,fTznEIZRkLg,00001,8.500538927698397,7.424
train,pretrain,9vKRj9yV8pI,00030,0,pretrain,TQMbvJNRpLE,00023,8.600180174363452,6.208
train,trainval,56WGgJNBRxQ,50027,0,pretrain,MbdxeFcQtaU,00001,4.89426729648261,4.672
train,pretrain,2W1jvTEjc1s,00031,0,pretrain,FEAM4xdCDLE,00010,5.535844727670696,4.544
train,pretrain,hTAXEq6zLo8,00027,0,pretrain,0gMCZFHv9v8,00011,6.580113355476541,5.44
train,trainval,AlsFSLXjVdw,50003,0,pretrain,5ldhLuX4vSM,00021,4.679865107095775,6.08
train,pretrain,9KACXVScWS4,00002,0,pretrain,Wgt8QUHQjw8,00007,-0.45990737751527,6.976
train,pretrain,Ai7SOP5Zlc8,00006,0,pretrain,HpAaSOgpi50,00010,-5.964649512087313,3.136
train,trainval,r3afSFSG570,50003,0,trainval,vZWokpaQ3NE,50008,4.496567294263725,3.904
train,pretrain,GB4s5b9NL3I,00038,0,pretrain,ruh6rN5UrME,00005,3.397171559954405,17.856
train,pretrain,yq3TQoMjXTw,00012,0,pretrain,mqovAg11qSc,00002,9.56660280758799,4.48
train,pretrain,v9DHLMw2o70,00001,0,pretrain,mQOOgDqUta0,00005,5.3590877107923,7.616
train,pretrain,SsU5CJRaKP8,00002,0,pretrain,j81saupKVpo,00013,1.6728929604183147,8.32
train,trainval,R9g3QSqvtss,50004,0,pretrain,sucza6EOIf0,00003,-3.530875416467687,3.136
train,pretrain,SmoW9jvvMr4,00033,0,pretrain,vPhM8lxibSU,00025,6.474476536574869,3.52
train,pretrain,Lp5Ccer5NM8,00001,0,pretrain,2EeqUSQMjbw,00008,-7.114556642691243,5.504
train,pretrain,h4GEMYsrJSY,00031,0,trainval,6vLrreR6YOE,50012,9.639278010703944,6.016
train,pretrain,TM4HiNOhkM0,00004,0,pretrain,EUYLa7MAlPc,00038,-6.305494875189095,6.4
train,pretrain,1X7fZoDs9KU,00010,0,trainval,ktOeFgmdIAo,50010,-5.616683283040729,2.176
train,pretrain,ufp5iGh0agA,00007,0,pretrain,CSSBGTJgBGo,00008,0.7371865954568086,5.632
train,pretrain,td1PbsV6B80,00027,0,pretrain,7DCofMA9eQA,00027,-4.336021280871352,4.544
train,pretrain,J9SXc9wxByM,00021,0,pretrain,AzcMEwAxSP8,00020,-2.533776881363769,3.648
train,pretrain,SMBiP3G2Pzc,00005,0,pretrain,Mjoxh4c2Dj0,00051,-0.9497077118676245,5.568
train,pretrain,AhKevstJyrc,00027,0,pretrain,ndAHAjgquwk,00005,6.277245657682272,4.672
train,pretrain,b2qM1ISJCEQ,00027,0,pretrain,aDoFKwWPhmQ,00001,6.861455517428059,7.68
train,pretrain,6a6vVIdQBd0,00032,0,pretrain,6wk4dkYSrV0,00043,2.002412330521132,8.576
train,pretrain,wvCMZBA7RiA,00008,0,pretrain,jFG7jqJXbno,00003,7.037525466452614,6.336
train,trainval,m1LeGwELv9o,50004,0,trainval,g2J6YOiLNr4,50025,-3.7237019896939856,2.24
train,trainval,Zq7QPnqLoUk,50005,0,pretrain,OF5VVrsnpzo,00016,0.6143481504329635,4.544
train,pretrain,VFaQtPw3Va4,00023,0,pretrain,NJ9Iq7ReMDs,00005,9.013361715741265,11.968
train,pretrain,FTUpFYo0rMI,00002,0,pretrain,SJyE40koQyA,00038,-4.047457299325787,5.248
train,trainval,zwjLQgNd7XM,50008,0,pretrain,FETryXMpDl8,00002,-6.665047955982375,5.504
train,trainval,AAsSqx2aLsA,50004,0,trainval,9VXOknUbzBM,50001,-4.245555239476648,6.016
train,pretrain,rPh3c8Sa37M,00015,0,pretrain,btF6nKHo2i0,00050,8.999209383965091,6.848
train,pretrain,MrEuta9GPGM,00011,0,pretrain,aUYSDEYdmzw,00020,5.242178196641028,10.368
train,pretrain,mKe3QKctaS8,00028,0,pretrain,Sm5xFSUYgdg,00034,0.8925688259133402,5.888
train,pretrain,jNsgQiTS45s,00005,0,trainval,1fZk6aWnqGg,50006,7.296697326330371,5.376
train,pretrain,Mr8nvXvlSy8,00043,0,pretrain,qMppKiqMpAk,00017,8.61913016533719,6.208
train,pretrain,9yEl0SbCA9M,00009,0,pretrain,XP8K4oS5TGE,00005,3.0769080691881268,9.6
train,pretrain,fDzj9vRw5yM,00006,0,pretrain,4lzs5wpLkeA,00008,3.2770036854490225,23.488
train,pretrain,mArrNRWQEso,00088,0,pretrain,2KSP7HvSZwg,00020,0.577123717575585,11.648
train,pretrain,VC3H1lMEeS4,00015,0,trainval,vg8WAv0YT9c,50003,-8.150574562972013,4.096
train,pretrain,NEC7TiHoxvI,00009,0,pretrain,9jRkACywckE,00007,1.3742032097181465,5.248
train,pretrain,wDxjss7kHRw,00001,0,pretrain,O9Hfqc3trhw,00009,-1.520058512442592,10.88
train,pretrain,PfWGiu0jGv0,00001,0,trainval,8meWY0W40OA,50016,-4.122168855738595,6.08
train,pretrain,SUkVcmKZyyQ,00017,0,pretrain,YlmZkY1uqXM,00023,-5.974516361496303,10.24
train,pretrain,CprpSEjVtwA,00007,0,trainval,HV4loecFZh8,50001,-6.66230544442768,6.016
train,trainval,G0ZjSInJ4BQ,50006,0,pretrain,D4cV8yfgNyI,00012,1.9752385262459438,4.8
train,pretrain,9SuptXUPZxQ,00003,0,pretrain,kFMZrEABdw4,00023,-6.466964821991674,6.336
train,pretrain,TureGeSxSew,00022,0,pretrain,JNSgdmKysxA,00006,-2.8736956967070366,3.328
train,pretrain,7PwvGfs6Pok,00003,0,pretrain,MOFdlEbu15g,00049,1.7633989330686042,5.696
train,pretrain,ww4kNxYE0c4,00033,0,pretrain,ttDM6ZtLUL4,00013,-3.2038587977025745,6.08
train,pretrain,yvSQiSvuLLM,00004,0,pretrain,lbBDoFp2HIQ,00003,3.3769703592623923,7.168
train,pretrain,zSbCNWyYams,00009,0,pretrain,h9SKyrHRhDo,00026,-4.446625448435116,10.24
train,pretrain,fqJAeReFr8I,00029,0,pretrain,tbicAmaXYtM,00032,2.147068432320623,7.808
train,pretrain,zMAU8SY8pMs,00001,0,pretrain,IRVdiHu1VCc,00010,-7.370159481914644,6.336
train,trainval,qzwCujeSSSc,50001,0,pretrain,9qd36SQPxSY,00007,5.289406971061757,2.24
train,pretrain,RxyQNEVOElU,00031,0,pretrain,qQDC7c2I8l8,00015,2.780331185487375,9.792
train,trainval,r9Zz4hYuGdw,50005,0,pretrain,CEN4XNth61o,00005,-2.2835450256858962,2.304
train,pretrain,lRAeIrv4TEE,00003,0,pretrain,n1ARQsdNvmI,00011,-0.2474321926265688,8.64
train,trainval,FD5ZKiSmoMU,50007,0,trainval,pz1TDXKSTHc,50001,9.025829501486097,2.24
train,pretrain,oS4R8TG9e5Y,00001,0,pretrain,MNhCvM5pjfs,00012,-0.205085360307093,15.936
train,pretrain,PCupHgKGCcY,00023,0,pretrain,9XRPbFIN4lk,00023,-7.343012589273858,3.84
train,pretrain,y2X7c9TUQJ8,00001,0,pretrain,v2jSfxnRPSE,00038,-5.486768683076832,7.232
train,pretrain,MUOSpWJ0riQ,00013,0,pretrain,eNDhBSR1DZ0,00006,-9.1370198581323,5.376
train,pretrain,C8zY0oAdQrs,00013,0,pretrain,YO0lbdhF30g,00025,7.644781744540939,7.808
train,pretrain,X2et2KO8gcY,00029,0,pretrain,KQEWc3LVfyc,00007,7.077323116011506,16.0
train,pretrain,WNDWYW4yWEM,00022,0,pretrain,CBSU7vJn0us,00016,-7.696672384703563,9.024
train,pretrain,GmSfwNFkNJ8,00005,0,pretrain,boSGZ3qSAys,00012,0.20265784015360389,7.296
train,pretrain,yzm4gpAKrBk,00022,0,pretrain,KQEWc3LVfyc,00082,8.815497323338807,5.376
train,pretrain,9OECsmMont4,00032,0,pretrain,UCFg9bcW7Bk,00010,-0.6292149487928995,4.8
train,pretrain,IYpovgkaS9Q,00005,0,pretrain,vYV4tAq3wVg,00033,5.954168423027335,3.2
train,pretrain,sFNmulAb4wM,00022,0,pretrain,gto6w0a13B0,00030,7.05757669819501,9.408
train,pretrain,eIho2S0ZahI,00009,0,pretrain,5tUnSuoYKoE,00064,-1.3191971442491006,6.656
train,pretrain,d5wfMNNr3ak,00001,0,pretrain,paSYuxyRDuw,00008,-8.153959749339094,4.736
train,pretrain,2dRlssVF7fc,00013,0,trainval,0MMSpsvqiG8,50015,-3.049073275230036,6.08
train,pretrain,UROCz70tlMY,00007,0,pretrain,zLNXIXingyU,00016,-2.4624993268978956,7.424
train,pretrain,Hy4yby7ZAd0,00004,0,pretrain,tV2RLLtOgL4,00009,-0.43116215859201823,6.336
train,pretrain,Melo1Bgporw,00014,0,pretrain,a2MR5XbJtXU,00027,-8.158765839016342,7.68
train,pretrain,1nZ9u2ZoIJo,00018,0,trainval,IHyR7p6Shn0,50040,-3.3838201911928785,5.76
train,pretrain,W0StyxgMk1o,00043,0,pretrain,RcGyVTAoXEU,00040,-2.688994686457491,11.008
train,pretrain,FESv2CgyJag,00007,0,pretrain,iNOE0dZpHcY,00003,7.6463001763573395,2.496
train,pretrain,xEtXItg9hEE,00017,0,pretrain,c00zfzk4gdg,00043,8.031672405612127,3.968
train,pretrain,iW4fCwfw1vg,00020,0,pretrain,5iqZzi9mj4M,00032,2.048787535819791,8.384
train,pretrain,bUaU9kdt9I8,00025,0,pretrain,rHbjwH2Blfg,00008,8.446911257165002,16.768
train,trainval,iyfdWsa1zns,50009,0,pretrain,CWCWq155hyc,00003,8.742113323459293,5.056
train,pretrain,488ZBeaGo6s,00025,0,pretrain,B5MkpzMAOZM,00016,-1.5188873557055906,7.616
train,pretrain,5Yikqlc7yl8,00020,0,pretrain,eyBEIx7fCfY,00003,-5.662778436401945,3.2
train,pretrain,HqawqHB7nDM,00020,0,pretrain,mPCDOij0bB0,00037,1.175178632298561,4.736
train,pretrain,ta9jdCcqWiA,00003,0,pretrain,BEcyzAcFFwU,00016,-8.447998318344974,4.736
train,pretrain,2NWpMqD8Qyk,00014,0,pretrain,6ORDQFh0Byw,00052,-5.595349800764007,8.256
train,pretrain,QAd54DkXCr4,00009,0,trainval,rGgoCm1hofM,50003,-3.432293508002209,2.176
train,pretrain,V4Xw76SsHOM,00006,0,trainval,mZqL7MC8Eys,50008,3.4119731142596788,6.016
train,pretrain,f68AdM1m4hk,00006,0,pretrain,o0td5aw1KXA,00011,-6.729295369022143,5.376
train,pretrain,RKmxL8VYy0M,00012,0,trainval,ElJxUVJ8blw,50010,5.106521889916875,3.648
train,pretrain,boSGZ3qSAys,00003,0,pretrain,yvSQiSvuLLM,00010,-1.936171444285506,4.736
train,pretrain,25onkAGt3Gs,00014,0,trainval,mkdSXHXhCcw,50027,-8.112152126870164,2.112
train,pretrain,imhUmLtlZpw,00024,0,pretrain,ibMjhQvAmcI,00002,7.997882925485282,4.416
train,trainval,qzR62JJCMBQ,50005,0,pretrain,gypAjPp6eps,00025,-3.0744343275203185,4.16
train,pretrain,VwRlHLBweoI,00004,0,pretrain,XLi6iYnnsGc,00006,7.294629319868129,4.864
train,pretrain,wtvhqeVoeqI,00012,0,pretrain,GJWSZgjz7G0,00021,6.42838030765985,5.888
train,pretrain,mt4oSR9wzrs,00001,0,pretrain,N8Votwxx8a0,00022,6.475270764191407,4.096
train,trainval,MAQihRikgZM,50004,0,pretrain,HMYVHShBGWg,00014,6.1822478207981355,3.136
train,trainval,qAYqK9lAxic,50011,0,trainval,fwm3azuoLr4,50006,1.5557607877441644,6.016
train,pretrain,0zbHnOcGbrw,00013,0,pretrain,b3H9V1jq0A8,00028,-5.1360587776915985,4.096
train,pretrain,OibJT7GSwyo,00010,0,trainval,1rTEOU67zCo,50023,-4.827448992951455,2.56
train,pretrain,150cqgYh8sQ,00004,0,pretrain,SwiaaqKdtjw,00001,0.9850417653585382,6.016
train,pretrain,FRKg49ySnNw,00014,0,trainval,qP2W2k3L1Ow,50032,-3.0783593561905924,5.824
train,pretrain,e450FJaS3no,00004,0,pretrain,OXQwtTOnLvg,00004,9.79574133700315,10.752
train,pretrain,vkEeNkHilIg,00011,0,pretrain,Zx8uYIfUvh4,00017,1.872694239264007,16.576
train,pretrain,WfjzkO6SDEI,00005,0,pretrain,Rs5CDLgjSsI,00001,3.503877316684008,4.032
train,pretrain,nQcgD5DpVlQ,00020,0,trainval,ygKNRnz7q5o,50009,-6.158235992761485,4.416
train,trainval,C0nM8l9qeGY,50006,0,pretrain,lnigGtrwAfs,00008,1.175896711355641,5.568
train,pretrain,NwmGTM5Py8Y,00049,0,trainval,7DLzXAjscXk,50057,3.2036085580656426,3.84
train,pretrain,kTqgiF4HmgQ,00023,0,pretrain,jk6Y3f2c4SI,00011,2.364148898349166,5.696
train,pretrain,uaJSNRAkr5I,00004,0,pretrain,RWiI7AkDXSo,00007,-1.919328092254366,3.776
train,trainval,fYUaWgVF2XA,50004,0,pretrain,lASzdhSbQBo,00022,-2.3119559104466836,4.48
train,pretrain,16cMSRFid9U,00023,0,trainval,SJWoKsfsSaA,50003,1.9459010082959942,2.688
train,trainval,bzlYyhh3X0w,50005,0,pretrain,soqnBdPOwoo,00012,4.047319975777892,6.208
train,pretrain,7n9IOH0NvyY,00051,0,trainval,0GL5r3HVAZ0,50021,-6.390937212588403,2.048
train,pretrain,xSLkNjQyHww,00028,0,pretrain,7jx0dTYUO5E,00032,2.387020877972857,8.96
train,trainval,150cqgYh8sQ,50001,0,pretrain,oeL72c6scAs,00029,3.2645382862585297,4.416
train,pretrain,8COaMKbNrX0,00016,0,pretrain,pSCefSAYqaA,00044,-7.644302464975934,6.848
train,pretrain,dsmgvrcH94U,00020,0,pretrain,JbuSeMcEF3s,00016,-7.9247967492593645,9.728
train,pretrain,K2BES6FUAO4,00008,0,pretrain,7DCofMA9eQA,00038,-6.20580179397585,11.648
train,trainval,nVEvzeIXbpk,50005,0,pretrain,jSOPQgPIdKg,00020,4.465603285116904,2.112
train,pretrain,r55a0FapF2M,00015,0,trainval,ZLiUelSu7s8,50003,-9.357114225080085,3.2
train,pretrain,hupHAPF1fHY,00018,0,trainval,PY9DcIMGxMs,50002,1.2531311945772483,3.904
train,pretrain,folTvNDL08A,00030,0,pretrain,1X8b7mXImVM,00007,4.131939873560672,3.968
train,pretrain,TpC8wNkjSvs,00006,0,trainval,kyaiTGmwxnU,50003,-7.254486656824135,5.44
train,trainval,aEa11FZwTRY,50015,0,pretrain,2NcetHNXaxU,00016,-9.291264805173592,4.224
train,pretrain,jfqwHT3u1S8,00010,0,pretrain,DsSrzoyyfF0,00011,-3.2169472993249304,9.28
train,pretrain,BA8XOF6IpXA,00008,0,pretrain,oKtALHe3Y9Q,00004,9.726173666561419,6.208
train,pretrain,J6tgYBMXR6s,00008,0,pretrain,LNHBMFCzznE,00035,-7.846378023058264,7.168
train,pretrain,zIwLWfaAgS8,00090,0,pretrain,hi4QzyuSi6o,00004,6.0236302628828575,5.44
train,pretrain,xpfxVRBddNQ,00011,0,pretrain,tRqVPRwKn2o,00004,-6.913365103206949,5.568
train,pretrain,X6Zo53M0lcY,00014,0,pretrain,YzhSmnGcSkE,00001,-0.10069834398206723,3.136
train,pretrain,OSz2v42F0E0,00014,0,pretrain,v8YoSPXN7UA,00011,-1.1640350926947072,5.76
train,pretrain,3XDdhbrg2kw,00027,0,pretrain,RkTE1LZStLk,00004,-8.82050079545851,4.48
train,trainval,HCJRXoYOoaI,50013,0,pretrain,HS8y0WLm78U,00075,-7.301066633719186,3.328
train,pretrain,mguvTfAw4wk,00006,0,trainval,2cYDyMnL4M8,50007,6.851717145045313,2.432
train,pretrain,FzAyOddR5u4,00024,0,pretrain,swI68y2oQ60,00001,7.477588578122212,3.456
train,pretrain,nq0SzGzSc8g,00017,0,pretrain,TZy5Srsksls,00016,-5.206700386229786,4.096
train,trainval,KQbTvFHymLc,50002,0,pretrain,bczm0RsIZUM,00003,3.799823933738036,2.56
train,pretrain,A7ktYbVwr90,00005,0,pretrain,gevXeQwS1jg,00007,-7.318451906428322,7.744
train,pretrain,N37x4GgDVBM,00046,0,pretrain,8xHrpO6p7dE,00034,2.66577285553973,11.008
train,pretrain,jpRqbP9Nv9k,00003,0,pretrain,X41iulkRqZU,00018,-2.4974660811635303,4.416
train,pretrain,RvpXNXXP5Vc,00018,0,pretrain,sBsuIAscshE,00025,1.4305828299134475,7.04
train,pretrain,Wgt8QUHQjw8,00032,0,pretrain,n9OhxKlrWwc,00008,-5.048012608483459,8.576
train,pretrain,Eewvsw027jg,00012,0,pretrain,O6jrLgvCUNs,00011,-2.85842462280796,11.84
train,pretrain,C44r6knuJtU,00007,0,pretrain,o2WyXD7IaN0,00008,2.1257131730710395,3.456
train,pretrain,Uwl012o8P7I,00002,0,pretrain,WXOd4qh3JKk,00011,-9.8351667334492,8.512
train,pretrain,N8Votwxx8a0,00002,0,pretrain,K5wCfYujRdE,00066,-5.1213020152605875,10.112
train,trainval,zeSVMG4GkeQ,50003,0,pretrain,xgKqX5Yj3b8,00003,3.366273929325674,5.952
train,pretrain,PL9wP3pAl7A,00024,0,pretrain,fTosle3h3G8,00004,-1.91256501244286,10.88
train,pretrain,wQJC2MMB8nA,00001,0,trainval,GXySSkBVq1M,50012,-9.740389433289273,6.016
train,pretrain,KP5mzWDH4b8,00019,0,pretrain,ScGSlv9dCeY,00019,9.430552561565829,3.456
train,pretrain,w2itwFJCgFQ,00021,0,pretrain,2FMBSblpcrc,00008,-1.9015912185324328,5.312
train,pretrain,31PyAjy6Nl0,00002,0,pretrain,5tUnSuoYKoE,00053,-1.3324018270347455,6.528
train,pretrain,IeblJdB2SVo,00007,0,pretrain,gv1ApCmctVQ,00004,-2.289483193138466,12.224
train,pretrain,CWCWq155hyc,00003,0,pretrain,xfDUGqGPSfo,00010,-7.047238554629008,2.816
train,pretrain,Ligs82S0qN8,00022,0,pretrain,WSKPrVG3Evs,00021,-3.1401768168019135,3.2
train,pretrain,YsASJTeHJ6A,00006,0,pretrain,03h0dNZoxr8,00004,-8.761891075969341,10.56
train,pretrain,SJ5bDhMP9lQ,00018,0,pretrain,bxkslfQc0EA,00003,-9.3460532682259,5.44
train,pretrain,1gTNgijhKzw,00016,0,pretrain,sLo97Bu8Fo0,00027,3.1920737787268045,7.104
train,pretrain,5AcjM5BKfRQ,00005,0,pretrain,8SG4H4sVSW8,00014,-2.9304237422478945,6.72
train,pretrain,SvBggxCNNno,00008,0,pretrain,c0H1zU2ytxA,00013,5.643016906159987,4.096
train,trainval,N37x4GgDVBM,50010,0,pretrain,o0I0Poe3qlg,00004,3.11057781476733,5.568
train,pretrain,0UmUgaJwEr0,00017,0,pretrain,Uq1idqpX9SA,00021,3.551766561601662,8.96
train,pretrain,8s3bdVxuFBs,00008,0,pretrain,vbHkhSfaQu8,00028,-5.705131998565413,3.776
train,pretrain,tjkrKA1cVdU,00021,0,pretrain,JNSgdmKysxA,00033,1.2262361971311329,5.76
train,pretrain,QUUFbS1hBtw,00042,0,pretrain,9yPlMBPNf2M,00011,-0.21270657740241994,6.336
train,pretrain,nLtUl2CP8ak,00023,0,pretrain,EZSf3Fc0ZRA,00006,8.606833402147164,5.888
train,pretrain,BqSxYSOZrgU,00010,0,trainval,Wj7hmzfX5eQ,50015,-0.15919070510471656,3.584
train,trainval,QW8muMXpkRg,50001,0,pretrain,vrU6YJle6Q4,00026,-0.8020558033222471,2.048
train,pretrain,3vJ4SUH38dQ,00005,0,pretrain,iBzfQKWNsVE,00003,-4.990421324472494,10.88
train,pretrain,lQflBowgVB4,00015,0,pretrain,LWULB9Aoopc,00023,-3.746427369049565,3.776
train,pretrain,gto6w0a13B0,00002,0,pretrain,eNC1h5H5cJA,00032,-7.1074876847093265,4.288
train,trainval,tpH2fhwCzSM,50003,0,pretrain,qykDS2AXKIU,00006,-8.71276599076894,3.968
train,trainval,2NENlXsW4pM,50015,0,pretrain,CrsdoIOGCRw,00041,3.5177092023849887,2.176
train,pretrain,8J622Kyt4r0,00005,0,pretrain,4GKTEDqbQIw,00014,7.944944803627148,5.76
train,pretrain,luoKOkTxOtU,00022,0,trainval,cWcVPpxezE0,50013,-5.107885183109344,6.08
train,pretrain,t4kyRyKyOpo,00005,0,pretrain,K926HAKRFvw,00012,5.008038089512725,7.424
train,trainval,SgjGcBTyScY,50003,0,pretrain,TvW4yugCPZo,00018,3.0070281693557703,5.888
train,trainval,In6iAXTnqEo,50008,0,pretrain,twG4mr6Jov0,00002,-8.868270206787507,5.568
train,trainval,AGivotqSrd0,50036,0,pretrain,wBObnvIZGwE,00015,8.837473790559162,4.672
train,pretrain,bGBamfWasNQ,00006,0,trainval,30KJRb4MzSg,50003,-1.1569255834030443,2.24
train,pretrain,ZBDablzQ9ts,00022,0,pretrain,cj5LZBmiQu4,00032,1.9100107288821953,5.76
train,pretrain,Rpsf1YJsbbI,00032,0,pretrain,3lxyiS3CGrk,00014,-2.5406193884029493,3.712
train,trainval,RmXiItk49Gw,50025,0,pretrain,4GKTEDqbQIw,00003,-6.02848144262742,2.176
train,pretrain,wznroZvpVHU,00013,0,trainval,W4I68CGUV3w,50003,4.0519282985801635,2.816
train,pretrain,bRCo1Wxksfg,00003,0,pretrain,kZP8KqrSbcw,00013,1.9044393986631025,6.592
train,pretrain,acJscdoP2a4,00010,0,pretrain,SxMWqUe8FdU,00023,-2.1735951774839313,5.44
train,pretrain,UuXeY3S2emA,00006,0,pretrain,a2MR5XbJtXU,00015,-5.524135675487045,4.224
train,pretrain,BMOjVYgYaG8,00020,0,pretrain,h7qKzqQnjXw,00002,2.1277053836101327,6.848
train,pretrain,HYzrdn7YLCM,00012,0,pretrain,VLe84OkwKOA,00005,-8.578885977873936,6.208
train,pretrain,QijH4UAqGD8,00031,0,pretrain,tX6YpAf6Sco,00004,-7.6343457094219636,3.904
train,pretrain,5aLiFw8CSEA,00004,0,pretrain,1mUDw0sRZV0,00020,-8.490615883880414,7.424
train,trainval,H2rG4Dg6xyI,50051,0,pretrain,5LrThfSBeq0,00003,1.0739237565630475,3.328
train,pretrain,drXnDLHKKPM,00006,0,pretrain,hgWie9dnssU,00013,4.925235408901205,8.192
train,pretrain,SSy6CJLMuiw,00018,0,pretrain,gOdAHe3SfVI,00011,-3.1307386649272413,4.48
train,pretrain,E5BOBs3Nmbw,00015,0,pretrain,5pXelS1clHs,00016,-4.323134647418758,4.992
train,pretrain,4l3Kj3hVSVY,00001,0,pretrain,ISjk9ni4XWk,00009,3.979408991371006,6.72
train,pretrain,9AgCr2tTvng,00003,0,trainval,UUqr4P7P3gM,50008,-5.288736263404994,3.008
train,pretrain,Chfoo9NBEow,00021,0,pretrain,MQtWJARMoLw,00014,2.9541651464805945,10.432
train,pretrain,COwSbfCgXBw,00022,0,trainval,Nhwq12TKkQQ,50006,9.67591544136388,3.776
train,pretrain,pX8zZdLw7cs,00009,0,pretrain,0af00UcTOSc,00054,-2.139168004203582,5.952
train,pretrain,WiGZGBowXQg,00003,0,trainval,90mj79GqWhc,50004,1.7171001280142661,2.816
train,pretrain,jiDQDLnEXdA,00014,0,pretrain,6gSwRHScq6M,00032,9.191050814522516,7.296
train,pretrain,0kPu6eKpja8,00004,0,pretrain,o0td5aw1KXA,00005,0.5711741303095526,11.136
train,pretrain,90mj79GqWhc,00003,0,pretrain,gevXeQwS1jg,00058,3.9158267383902494,6.592
train,pretrain,bmmnEJ4rtCI,00003,0,pretrain,i5p3NC9OwB0,00007,-5.211091612372909,4.096
train,trainval,NZspSEdO2Xk,50011,0,pretrain,9fyjlxizLFI,00017,8.15080113797704,6.208
train,pretrain,0ueGFLVFi80,00018,0,pretrain,5FjuSwOaV3Y,00025,-0.7227026118856354,5.824
train,trainval,S74wSYuesOI,50009,0,pretrain,xSLkNjQyHww,00010,-6.483773864452558,4.8
train,pretrain,lV3trdyDdHE,00007,0,trainval,JC7WnzM2Lsc,50001,-7.156982374525535,2.048
train,pretrain,oPpE0AGqFuk,00032,0,pretrain,Yagdvqn2YMU,00004,7.446622382565799,9.6
train,trainval,0SUTgoPUTLQ,50004,0,pretrain,YguBSkeZ4Tk,00009,-3.482925032315971,4.416
train,pretrain,Mb8x6vLcggc,00014,0,trainval,PlQ3VdvvTvE,50017,2.403247112554446,3.712
train,pretrain,KJ3lcCa0G4Y,00015,0,pretrain,aEjUlH7bNDo,00010,-8.66779580206808,11.52
train,pretrain,Ztgadh2C3So,00001,0,pretrain,hFkI69zJzLI,00004,-8.422057517313267,9.408
train,pretrain,r2SX7mTUirk,00015,0,pretrain,qZYNWW4M7yM,00018,-5.457879131096037,7.36
train,pretrain,gniDHWq0RSQ,00007,0,pretrain,3UFGqjWcVU8,00037,2.0142841413241257,4.8
train,pretrain,Kw5vyJ30djM,00018,0,pretrain,cj5LZBmiQu4,00005,9.663970975101968,4.864
train,pretrain,u0VHC1SDOS8,00055,0,pretrain,gLDQr9i7LkM,00030,3.2300459231339413,11.072
train,pretrain,WSKPrVG3Evs,00024,0,pretrain,5pXelS1clHs,00023,3.566877924309747,11.456
train,pretrain,ogeGJS0GEF4,00010,0,trainval,VfKWd7iXMSo,50006,9.530894527012371,2.24
train,pretrain,PYSkd46RfVE,00010,0,pretrain,68c2M4r9oQg,00005,1.3715588786318484,3.776
train,pretrain,d1D2SGSBhlA,00008,0,pretrain,KRrNST9OAcA,00005,1.2460311806090285,6.4
train,pretrain,kSR8G8mfp84,00009,0,pretrain,yuewc0SEn8M,00011,9.29011418861695,6.08
train,pretrain,anmktfGYw8k,00010,0,trainval,gyM6rx69iqg,50008,0.547331487936729,6.208
train,pretrain,uXlSmKZ7aSc,00005,0,pretrain,2t13Rq4oc7A,00010,1.9259849030597227,5.12
train,pretrain,HJqtUUDhaxA,00015,0,pretrain,omGbKQIzoWY,00009,-3.7894878145459625,7.488
train,pretrain,ol1b5mMeP7s,00021,0,trainval,DsSrzoyyfF0,50007,2.147670905529395,6.08
train,pretrain,rAZPIxYvBAE,00021,0,pretrain,CiJ6ybBSm10,00020,1.2002115719478272,11.456
train,pretrain,hZ6uYagzwVE,00008,0,pretrain,AhSSmLEMgis,00007,-5.5727995386882245,6.976
train,pretrain,sY0PfSpfqCI,00005,0,pretrain,2MYsx6WArKY,00026,5.250434929049694,10.624
train,pretrain,btF6nKHo2i0,00012,0,pretrain,z8UevNKDFKU,00013,9.780615600168197,10.368
train,trainval,Cu3ILSqFJJQ,50004,0,pretrain,JS8fYhwrYzI,00006,8.25893573764738,4.544
train,pretrain,sIPvnWZ5O6Q,00011,0,pretrain,ycB29FkoylE,00013,9.294873697704627,8.768
train,pretrain,PS2h8hSFphs,00030,0,pretrain,C6mNITMY7e0,00011,-9.47100694007656,3.264
train,pretrain,qZYNWW4M7yM,00012,0,pretrain,DkyMCCnNI3Q,00009,-7.069505353031175,15.68
train,pretrain,NXfYNdapq3Q,00033,0,pretrain,z5aAJGNSRHs,00014,-8.234912333723098,10.048
train,pretrain,Cd0JH1AreDw,00038,0,pretrain,HonUUtuCSwM,00026,-5.441173079957855,11.776
train,pretrain,rH0AlC2TbR8,00008,0,pretrain,9qd36SQPxSY,00005,-3.794883622713467,6.4
train,pretrain,8u9Wvz1edxI,00032,0,pretrain,iEySxTbcr2A,00030,2.6907988436734893,6.528
train,pretrain,UyUXxrSS3qs,00025,0,pretrain,wUKAVcj9NVA,00036,6.221794454346927,2.816
train,pretrain,6EghiYSs2ts,00042,0,pretrain,cQl6jUjFjp4,00030,-3.1039889988804976,4.992
train,pretrain,6qTfX4U6CS0,00008,0,pretrain,dk60sYrU2RU,00036,-6.27151919951606,7.296
train,pretrain,3aYWvujaT6M,00020,0,pretrain,bpi6us7wQfE,00021,8.209277005759073,4.16
train,pretrain,bXnTAnsVfN8,00006,0,pretrain,H03o2WCBoDU,00018,7.1872600674593095,9.728
train,pretrain,kiDfwUQySEs,00002,0,pretrain,folTvNDL08A,00007,1.406003501786639,9.536
train,pretrain,k4vzhweOefs,00015,0,pretrain,k6DPjCmc3BM,00006,3.260001187063091,9.536
train,pretrain,WDbxqM4Oy1Y,00003,0,pretrain,h9x2SWgwhY4,00010,-3.027113101125174,3.648
train,pretrain,cotBM0laSSo,00007,0,pretrain,JSLUS3qLv0I,00001,-0.9982297896665564,3.648
train,pretrain,BFygtNQSJcU,00013,0,pretrain,DWZsOe1j2w0,00001,5.35797222582676,7.168
train,pretrain,9h2dFSIsH0I,00001,0,pretrain,GZGY0wPAnus,00016,-7.0306959070920545,3.136
train,pretrain,qp0HIF3SfI4,00002,0,pretrain,ruh6rN5UrME,00019,-6.872259778017769,15.744
train,pretrain,23vKtqo2t4k,00011,0,pretrain,w4RLfVxTGH4,00018,-9.64584883482072,9.92
train,pretrain,XS85KAYKOT4,00006,0,pretrain,Hui5YHSD6Go,00018,1.2470104628889835,8.512
train,pretrain,a5xR4QB1ADw,00015,0,pretrain,Pzd7ReqiQnE,00003,-1.4875244433674855,20.544
train,trainval,0MYq1WJMmts,50007,0,pretrain,nSOSNWblMNE,00009,-4.057262122346897,2.432
train,pretrain,c2tOp7OxyQ8,00065,0,pretrain,F2dFiK3wkRA,00008,5.781841670136496,14.976
train,trainval,m1LeGwELv9o,50010,0,pretrain,5AN5fPFtV0U,00031,-4.7454982030991655,6.208
train,pretrain,FLbEKpLS5Z0,00006,0,pretrain,RKK7wGAYP6k,00009,-6.367190726987291,6.528
train,pretrain,8OnsjVdEuRk,00010,0,pretrain,enW2OUGzqtQ,00020,-5.2181801957633,3.968
train,pretrain,uTbASmxo858,00012,0,trainval,mKkF6mAlX4k,50018,-4.157528096991527,2.176
train,pretrain,RSl1ramE35s,00020,0,pretrain,FfwFUjVEIl4,00001,0.6423096671800881,10.624
train,trainval,ukS8T7p2WMQ,50004,0,pretrain,Mh3SwYHdeVs,00005,5.007338037435005,6.208
train,pretrain,Syi9bqfFIdY,00025,0,pretrain,JSI2eScPkEw,00008,4.4171381787529445,3.584
train,pretrain,jodhovumkHQ,00005,0,pretrain,dIh8KBOOkYU,00002,-4.535448514818672,8.96
train,pretrain,ISSupr6ayqw,00034,0,pretrain,DSPWxjBgvF4,00012,7.158098939163207,4.288
train,pretrain,HS8y0WLm78U,00007,0,pretrain,vGDZmSnSkfo,00034,-9.228648085775536,2.56
train,pretrain,YiXdS9DFCOQ,00021,0,pretrain,HR9956gDpUY,00009,-6.107902740304891,4.096
train,pretrain,1BfMMoLYMlg,00020,0,pretrain,uuwgtX2zU9Q,00014,5.545156598626793,6.848
train,pretrain,Uq1idqpX9SA,00022,0,pretrain,UDXtFbSmBAg,00004,-6.81935363493448,8.064
train,pretrain,ufp5iGh0agA,00003,0,pretrain,E27DY3AVA98,00011,-8.83010474110739,6.976
train,pretrain,HzySGhX8SCc,00010,0,pretrain,MLKj1puoWCg,00013,6.727231427476525,12.736
train,trainval,NdKEy6vcCMw,50001,0,pretrain,S2uSeHHzRto,00013,9.468932257045314,3.072
train,pretrain,GOCUH7TxHRI,00020,0,trainval,bGBamfWasNQ,50029,-2.7337104493286795,2.432
train,pretrain,OLHh9E5ilZ4,00005,0,pretrain,QOSPNVunyFQ,00038,-5.059843534798771,4.16
train,trainval,IdW9UYlxlVY,50014,0,pretrain,HfuZJVpNWR4,00015,7.0315931974438115,6.08
train,pretrain,5duz42kHqPs,00014,0,pretrain,xV7IvRT5Qyw,00016,2.523849415348355,2.496
train,pretrain,4SIWhJvu0jU,00013,0,pretrain,UyUXxrSS3qs,00017,7.763720769794201,4.608
train,pretrain,6tpsSu5O0Ws,00045,0,pretrain,t9c7aheZxls,00010,-6.9516248838905215,6.656
train,pretrain,60OVlfAUPJg,00016,0,pretrain,iunmpgOnpqM,00017,9.409699169219564,5.696
train,pretrain,mArrNRWQEso,00087,0,pretrain,HqawqHB7nDM,00003,-1.3646177603085192,8.768
train,pretrain,UoMpbLSFsig,00032,0,pretrain,MLU7qcMYKO8,00006,-0.3652400739884918,4.352
train,pretrain,D2IQkKE7h9I,00002,0,pretrain,Z2Z3P8E0tos,00004,4.810197737125289,5.12
train,pretrain,hBtXiTumdY0,00006,0,pretrain,osBbP6Om4Mg,00006,-1.3692621700798924,10.048
train,pretrain,KSzkPSW4Hik,00014,0,pretrain,MpISFKqk0Ew,00022,4.4686233346515625,10.816
train,pretrain,BXcFEhl7ynM,00007,0,trainval,SSZG5aPkZyM,50002,-0.8831330504575181,6.08
train,pretrain,qp0HIF3SfI4,00014,0,pretrain,4ZgwzSm7sRs,00020,9.377177834377456,3.648
train,trainval,xY7kVVS2HVY,50035,0,pretrain,sDfhSIKFGz0,00021,3.6585616438259887,6.144
train,pretrain,y5nbWUOc9tY,00004,0,trainval,S2HS8IfxzT4,50001,-8.225280259761078,3.072
train,pretrain,R2kOgSVF2Uk,00004,0,trainval,8gSAkUOElsg,50006,-1.357010699656609,2.56
train,pretrain,WzDygsn0Djs,00042,0,pretrain,0kPu6eKpja8,00018,-7.138416925851139,9.856
train,pretrain,iKEtQSzz4GA,00004,0,pretrain,gLDQr9i7LkM,00037,6.073441990911974,4.224
train,pretrain,cS3f3rQRlug,00021,0,pretrain,GqGksNRYu8s,00023,2.304904472231142,4.608
train,pretrain,hCop3IGZH2o,00006,0,pretrain,jryCoo0BrRk,00010,6.553824619683784,18.432
train,pretrain,yDYCf4ONh5M,00011,0,pretrain,7SfRgg9botI,00005,-4.653210381792519,5.568
train,trainval,P8GCjrDWWUM,50005,0,pretrain,kHuLjmM8z3U,00003,5.630323897243104,5.888
train,pretrain,F1U26PLiXjM,00003,0,pretrain,j8T3bdqTdp4,00009,5.23013494568721,5.568
train,trainval,uHRG3Vr9qyI,50015,0,pretrain,moS9iMlmsP0,00037,-4.861372050759325,5.696
train,pretrain,D03n5dAmBSE,00004,0,pretrain,oIGBBPspTKM,00022,7.430667843105137,8.0
train,trainval,8zj8HJntlP4,50005,0,pretrain,Mr8nvXvlSy8,00045,-5.1444534902943495,3.712
train,pretrain,8woKcr7uSYQ,00027,0,pretrain,YraU52j3y8s,00002,-5.388084270923567,4.416
train,trainval,QbxinUJcLGg,50002,0,pretrain,GB4s5b9NL3I,00037,3.4425408623177116,2.24
train,pretrain,LWULB9Aoopc,00009,0,pretrain,mZqL7MC8Eys,00031,0.7595358620178931,6.08
train,pretrain,Ja5UAq09lps,00002,0,pretrain,zSbCNWyYams,00011,-2.611823576411094,9.216
train,trainval,r9DDE7NV1Nw,50030,0,pretrain,nccPghNJjBQ,00013,-2.0733260971777945,2.112
train,pretrain,jJXMvOqS5bM,00001,0,pretrain,v50PTSaOOGI,00003,-8.374740026542062,11.072
train,pretrain,9vKRj9yV8pI,00012,0,pretrain,VCRcGKpjWtU,00012,-3.7883472866707635,10.56
train,pretrain,u0VHC1SDOS8,00017,0,pretrain,lyu7v7nWzfo,00017,7.651354149278568,6.464
train,pretrain,SUkVcmKZyyQ,00011,0,pretrain,qErZ2AQDMB4,00003,-7.767923166248947,5.824
train,pretrain,GZGY0wPAnus,00012,0,pretrain,SbgwDk7A4as,00031,9.07298923764526,5.248
train,pretrain,Qj4xf3U8dh8,00006,0,pretrain,SMi3rHuK0c4,00019,8.388964085111063,7.488
train,pretrain,EEjyPqyFeSs,00016,0,pretrain,vSONFixSe4k,00024,4.058420737308669,6.464
train,pretrain,SU1foLW8h54,00037,0,pretrain,7shXEFuxHAA,00008,2.922386325751056,4.096
train,pretrain,lwL4hjhkid4,00004,0,trainval,SMBiP3G2Pzc,50006,8.301103194358756,3.328
train,trainval,AAkEYcmCCCk,50030,0,trainval,VNGFep6rncY,50008,1.3116973533449787,5.888
train,trainval,xEtXItg9hEE,50002,0,pretrain,gWPFJgLAzu4,00032,8.733527365383221,2.24
train,pretrain,KQEWc3LVfyc,00087,0,trainval,P65XdTlk4vA,50008,-8.643677740906362,2.496
train,pretrain,Df2JBnql8lc,00022,0,pretrain,sYySLEdYr8A,00015,7.352808298018818,5.44
train,pretrain,B9DdIivSGts,00051,0,pretrain,eMdh57x1UBQ,00011,-0.2829848770341563,5.888
train,pretrain,CiSk3gmyjQ8,00002,0,pretrain,lkVYV2P8dQE,00032,3.2051460431913004,5.056
train,pretrain,8FKYe2v0teI,00010,0,pretrain,7PwvGfs6Pok,00004,3.581166945424542,9.92
train,pretrain,8m5Ebx6nuGE,00011,0,pretrain,9XRPbFIN4lk,00016,1.0477488373836525,3.456
train,pretrain,zuAj2F54bdo,00017,0,pretrain,l5Bbg96VODk,00027,-7.835921965215276,9.92
train,pretrain,OFbF16DVTXY,00002,0,pretrain,SJyE40koQyA,00019,-6.179518371577872,11.968
train,pretrain,8cwWSS29faQ,00009,0,pretrain,2JSZ66uMRwc,00005,-9.617816198336453,10.176
train,pretrain,85hbMtegrLc,00025,0,pretrain,AQ8cpjEdpmI,00015,-5.226410644511505,8.64
train,pretrain,RPjqPHCMJHU,00009,0,pretrain,omGbKQIzoWY,00024,-8.205353172913725,6.464
train,pretrain,VbF2KPn3TrU,00020,0,pretrain,OSGHRMKrVM8,00018,-0.044652239498741864,8.064
train,pretrain,P3fIZuW9PSM,00016,0,trainval,Uq1idqpX9SA,50001,1.4952100858871944,3.84
train,pretrain,eNDhBSR1DZ0,00016,0,pretrain,OPASrQyKeLY,00001,-1.7152375251110783,8.32
train,trainval,7vsO7SHLJMI,50016,0,pretrain,3DsHHfu4Sco,00006,-9.971811573852401,2.624
train,pretrain,DnbC2Tii0S8,00021,0,trainval,0OkOQhXhsIE,50019,-6.8507939700966,2.56
train,pretrain,NiKtZgImdlY,00023,0,pretrain,LguEk06WbSU,00001,3.6968646223309864,4.48
train,pretrain,GSIpG4t4Z5k,00004,0,pretrain,pcSlowAhvUk,00038,0.05334401286259727,6.976
train,trainval,CyElHdaqkjo,50003,0,trainval,xp0O2vi8DX4,50014,-5.448357830524449,5.376
train,pretrain,gBkIyJ7kfSI,00038,0,pretrain,Syi9bqfFIdY,00002,2.8140601926587046,4.096
train,pretrain,ZOYoTup1t3A,00011,0,pretrain,nLtUl2CP8ak,00020,-0.11766969513545433,7.616
train,trainval,xTBYcSL3MrI,50005,0,pretrain,2zvjW9arAZ0,00013,7.669402525293648,3.136
train,pretrain,TuD3IerTOms,00018,0,pretrain,qKlzdSH2X9w,00032,-6.257858233439246,5.056
train,pretrain,qCrVpRBBSvY,00016,0,pretrain,mPCDOij0bB0,00020,-2.347319863243915,4.352
train,pretrain,LoXAAEy6YQU,00025,0,pretrain,7hFy02TSH4U,00024,-9.92707601870447,4.928
train,pretrain,59SRn1SkWAA,00089,0,trainval,vPhM8lxibSU,50009,-5.597011975576381,2.368
train,pretrain,WfjzkO6SDEI,00016,0,pretrain,kOPMqiKhoSc,00034,-6.752320608945577,5.376
train,pretrain,IgKWPdJWuBQ,00013,0,pretrain,PVzcGhZ8Aeg,00004,-2.421892390346663,4.608
train,trainval,G1RRbupCxi0,50021,0,pretrain,lUaSg8ZNswU,00008,-8.72426559257329,5.888
train,pretrain,aS1UEAGCo30,00024,0,pretrain,nzUds0TIQMY,00003,-8.973257752404038,13.376
train,pretrain,CyKmpyYy14k,00001,0,trainval,lUaSg8ZNswU,50001,9.23812684597167,5.888
train,pretrain,TBnNbyi4AN4,00004,0,pretrain,VQRjouwKDlU,00012,-5.572113739775617,3.328
train,pretrain,gVLu99Ja2mA,00002,0,pretrain,Syi9bqfFIdY,00037,-9.025183577293326,4.928
train,pretrain,2R3Njv0LjjM,00004,0,pretrain,RjrS5EqZlUs,00010,-0.9918165714330929,3.84
train,pretrain,ktOeFgmdIAo,00006,0,pretrain,speKlXgUTX8,00007,-5.387973819103227,8.448
train,pretrain,SxwLfSlkJDI,00013,0,pretrain,qpfq3xCdAu4,00011,-9.1930549219943,5.632
train,pretrain,aSpHGbL5138,00005,0,pretrain,6ul2TSvUDog,00010,1.7049457592742474,5.376
train,pretrain,ONXYcNS7k1Y,00013,0,pretrain,lJGtXuCmZBM,00016,5.117679593575568,8.32
train,trainval,GDnYDLERnRE,50006,0,pretrain,3E46oWB4V0s,00005,5.757658234885071,6.016
train,pretrain,Y6U728AZnV0,00010,0,trainval,YraU52j3y8s,50009,-4.849849356055833,2.24
train,pretrain,HaHeAdJNa70,00015,0,pretrain,mKkF6mAlX4k,00001,-8.521239270717722,4.8
train,pretrain,ddek3gQVt9Y,00041,0,pretrain,J6tgYBMXR6s,00023,-2.7947509232585706,5.12
train,pretrain,7hWUhEA6hxk,00013,0,trainval,d6wGSsAdP0U,50009,0.31352194437079994,4.288
train,pretrain,MgUTzbGakRw,00008,0,pretrain,DlGUSNXOdpQ,00020,1.6393501278570426,3.84
train,pretrain,LM3ISST2eg8,00007,0,pretrain,4BZuWrdCS9Q,00028,-4.266043094872318,6.528
train,pretrain,FpHPVrsEkYY,00039,0,pretrain,vXTFLMmOKV4,00002,-5.747633556647842,11.456
train,pretrain,axAxSDq3rn8,00010,0,pretrain,QS0p8ZpBq04,00014,-4.758077201153639,10.24
train,trainval,ayVm441iZfo,50003,0,trainval,NI0yARyFoIM,50007,-0.05035045731639087,6.208
train,pretrain,796LfXwzIUk,00007,0,pretrain,oZ2eT76Sb4I,00018,-6.95695196038677,10.304
train,pretrain,SGMVTJ9ZKVc,00018,0,pretrain,HBSQR6xovSw,00001,9.057932390322165,3.264
train,pretrain,9EglK8Mk18o,00035,0,pretrain,u70RZtCJSrI,00009,-5.23320771666442,14.08
train,trainval,pvBlSFVmoaw,50009,0,pretrain,TQMbvJNRpLE,00014,5.299749025214101,4.992
train,pretrain,N2HgOWBXyc4,00006,0,pretrain,1fZ4XOnnh1c,00013,-7.534824142666028,6.528
train,trainval,cotBM0laSSo,50001,0,pretrain,jYperQKUkcs,00021,6.413095344181233,5.76
train,pretrain,dSKkk618ax0,00009,0,pretrain,kYXiegTXsEs,00039,5.947085855018237,9.856
train,pretrain,xRdZXhyrO6c,00009,0,pretrain,bB5zR2xYhm4,00016,-3.1905374682464878,7.36
train,pretrain,eNC1h5H5cJA,00014,0,pretrain,TcBrchkBSBE,00006,7.518494065124941,5.056
train,pretrain,jSOPQgPIdKg,00007,0,pretrain,mUJdzaLDRIo,00039,-3.8967896398034974,3.584
train,pretrain,sHdYaMyR5S8,00016,0,pretrain,2BOTS9GAjc4,00045,3.2579973788236494,14.08
train,pretrain,PgCmT0qkfQM,00024,0,pretrain,aL00a3sfnYM,00009,-8.831987112532797,14.144
train,pretrain,Eewvsw027jg,00006,0,pretrain,bzlYyhh3X0w,00013,3.989407139539532,3.136
train,pretrain,Z2hFbbG7t70,00012,0,trainval,6E3zVSCSGYk,50002,0.14900138073982205,2.304
train,pretrain,CEN4XNth61o,00018,0,pretrain,cSsxBTNF2U8,00026,0.737863727893318,4.416
train,pretrain,gto6w0a13B0,00002,0,pretrain,ukS8T7p2WMQ,00003,-7.158750272205337,4.288
train,pretrain,7jRND5IU3Qg,00026,0,pretrain,utV1sdjr4PY,00003,7.7235737812025285,14.656
train,pretrain,9y7YEmyzSDo,00001,0,pretrain,HYzrdn7YLCM,00007,4.485179500310053,4.16
train,trainval,7DLzXAjscXk,50022,0,pretrain,gv1ApCmctVQ,00001,1.14358581073855,3.776
train,trainval,7XFLTDQ4JMk,50003,0,pretrain,bVJSSyLT3xo,00005,8.76618984577118,3.52
train,pretrain,cSsxBTNF2U8,00040,0,pretrain,N37x4GgDVBM,00030,-9.465541046150909,6.144
train,pretrain,vkEeNkHilIg,00030,0,pretrain,EaYS6muHSSI,00002,-5.651890677677091,3.776
train,pretrain,4geb9DS0lhs,00009,0,pretrain,qbeLy3Dkay4,00001,-4.267312579002917,13.696
train,pretrain,gyM6rx69iqg,00012,0,pretrain,UiDJFGroD3U,00006,-4.4481225688883,3.776
train,pretrain,yVwAodrjZMY,00039,0,trainval,avuhY7D71sQ,50033,0.480268999149736,6.08
train,pretrain,AoAbPIbGLUo,00024,0,pretrain,s6rJLXq1Re0,00032,-2.9036974560885875,6.848
train,pretrain,2S0aEezKvBE,00003,0,pretrain,gYKyaDOyUO4,00005,3.988872123099368,7.616
train,pretrain,Q0lARjgVnIU,00010,0,pretrain,y7LXwGfvxwo,00034,-0.35965268022493113,9.216
train,pretrain,0bop3D7SdDM,00022,0,pretrain,oghkCpRYVjU,00005,-6.524408879281383,5.248
train,pretrain,LSGfqyhleUA,00052,0,pretrain,Ufs8cKyzLvg,00012,-2.9084922439481975,10.688
train,pretrain,CdxVbUjaSpY,00022,0,pretrain,bkeBjPS9ZR4,00022,-8.29481973083043,8.448
train,trainval,kU7veyGGps4,50004,0,trainval,GDnYDLERnRE,50041,9.18716162984585,5.504
train,pretrain,qxmEpmCtM3o,00001,0,pretrain,bB5zR2xYhm4,00016,-2.5527600750476083,7.36
train,pretrain,XzDNfLnUOYY,00038,0,pretrain,DwQMDyyS42Q,00001,7.515407408960726,5.952
train,trainval,MSLHHgSXloM,50006,0,trainval,Z2hFbbG7t70,50001,-6.4884915604931575,3.008
train,pretrain,wQ0NNmo42SA,00001,0,pretrain,UkLWzSxAQJU,00006,2.1575637560048637,24.448
train,pretrain,LbIXYEW9CSQ,00014,0,pretrain,NAcuH7nSdLc,00020,-1.379028402505062,8.0
train,pretrain,nLeeTVmVrtA,00004,0,pretrain,snkrS1C2e7U,00012,-5.622581637838597,17.664
train,pretrain,pSZaIvgWUlk,00002,0,pretrain,gJv1WdMUz0w,00032,6.29364224263599,2.88
train,pretrain,oiZ42KUsxGo,00012,0,pretrain,sS9ys09BkGE,00018,2.9869219494202763,13.952
train,pretrain,dTwXeZ4GkzI,00007,0,pretrain,sLiM2SizFl4,00005,8.626135372272433,9.728
train,pretrain,HBSQR6xovSw,00018,0,pretrain,G9wIXAGzn1w,00020,-6.009842119063913,6.72
train,pretrain,3BgPFIKCaOQ,00004,0,pretrain,9EglK8Mk18o,00019,5.273809964910342,3.648
train,pretrain,oGlsUYGMYks,00017,0,pretrain,ATISgVUKetI,00014,2.5792453669105058,3.712
train,pretrain,fHfhorJnAEI,00026,0,pretrain,5d4ZEgZU9Aw,00012,8.973023927842071,4.928
train,trainval,CGksAjzI0go,50021,0,pretrain,RbNqU2K0qzo,00021,9.272518759360793,5.056
train,pretrain,PY9DcIMGxMs,00004,0,pretrain,I9tB6Q5bmcQ,00014,5.183223009285978,6.016
train,pretrain,2NcetHNXaxU,00031,0,pretrain,ZJPdJuhI03U,00016,4.095528927958867,8.0
train,pretrain,v84pD2g3gSk,00010,0,pretrain,CSUmoS40pqA,00014,-8.391171194285478,4.352
train,pretrain,k0GQSJrpVhM,00007,0,pretrain,LKAhTELkOV8,00034,1.706072748640171,3.392
train,pretrain,4Z75ASJMBx4,00001,0,pretrain,ZJodZcGfTVE,00003,-7.606917144435039,7.296
train,pretrain,Sj2XrT0QN5A,00020,0,pretrain,syqScVtnKuU,00052,9.847387384845813,6.208
train,pretrain,7s0CpRfyYp8,00054,0,pretrain,d0LQCXCiW8g,00004,-2.18969997039469,4.16
train,pretrain,UrqRudIUPWs,00004,0,pretrain,9y7YEmyzSDo,00032,-0.19143903053036482,5.696
train,pretrain,qNvDRuGK84I,00003,0,trainval,fLJsdqxnZb0,50019,6.300536943264156,4.672
train,pretrain,dE1DuBesGYM,00068,0,pretrain,YS9vd4HWlVA,00001,9.969801483512054,7.488
train,pretrain,zESeeaFDVSw,00024,0,trainval,DkyMCCnNI3Q,50007,8.634480307598572,4.864
train,pretrain,TM4HiNOhkM0,00019,0,pretrain,2lJvr5UL2pQ,00010,3.5947941649464727,6.016
train,trainval,vNpmq6OkSQQ,50005,0,pretrain,lJGtXuCmZBM,00012,-1.5711635059052647,3.712
train,pretrain,855Now8h5Rs,00024,0,pretrain,4bHO8NZwmIg,00005,-7.817912861265485,14.72
train,pretrain,1KS10q6N2A8,00012,0,trainval,WpEjt71l08I,50012,7.338880024887718,6.208
train,pretrain,aIcwIH1vZ9w,00003,0,pretrain,jPyR3UDhOm4,00026,8.973490656844131,5.952
train,pretrain,Ytw0I6ytRto,00025,0,trainval,n9yuAhusVts,50001,6.368008193608528,4.16
train,pretrain,WCj82W7XkjI,00002,0,pretrain,pWaxi4H2xPU,00018,-5.1097022863160735,8.064
train,pretrain,KzeQSZ3bQ2g,00033,0,pretrain,8meWY0W40OA,00015,-9.591556472636428,4.48
train,pretrain,2wu28tI9VkM,00010,0,pretrain,Eo9bb3U9wPs,00014,1.0300982352807821,12.352
train,pretrain,Peu7eeGtmQ4,00009,0,pretrain,druJDI6hiiY,00009,-3.5453439784188117,3.776
train,pretrain,AWEpeW7Ojzs,00002,0,pretrain,u4iOeHXObok,00001,-1.6549720350830874,3.776
train,pretrain,4jUdCy6Vghw,00042,0,pretrain,5tUnSuoYKoE,00015,7.602904131209087,5.44
train,pretrain,DnbC2Tii0S8,00008,0,pretrain,PzSw6OsEP9Q,00004,-4.822624799185784,18.624
train,pretrain,MOFdlEbu15g,00011,0,pretrain,CLSSiaFuLo4,00019,0.7634268126023684,7.168
train,pretrain,SgYvy71CSSA,00034,0,pretrain,Fr26scqsIwk,00004,-3.9860006062096325,6.976
train,pretrain,DSSAz5nZBBM,00019,0,pretrain,QfODW06Qi8E,00010,3.5558630382305,3.136
train,pretrain,A7ktYbVwr90,00008,0,pretrain,nOHbn8Q1fBM,00017,7.671357366198695,5.12
train,pretrain,Mtjatz9rSVc,00006,0,trainval,mRgSUwk1hnE,50002,0.2547258494703577,2.304
train,pretrain,tpODOkfrwyQ,00017,0,pretrain,CXvUdCdKTJY,00024,-6.260557836844429,8.896
train,pretrain,6bVhrpkp0WU,00020,0,pretrain,hvJ4KlVlqV8,00022,1.7958121675659875,4.48
train,pretrain,6qTfX4U6CS0,00012,0,pretrain,5zuBDgBdyug,00002,-1.3041629075984034,11.2
train,pretrain,AS3Pyc4Qr2Q,00020,0,pretrain,hPVLbEapUD0,00005,2.0354374538521967,3.008
train,pretrain,wjXClLxcFTQ,00009,0,pretrain,cPsP4F1qYCI,00010,9.247213179252725,9.024
train,pretrain,jxKUDXrtDFI,00007,0,trainval,2Oe6HUgrRlQ,50056,-5.881141578249977,3.84
train,pretrain,4ZgwzSm7sRs,00039,0,pretrain,sQNtu4kpd64,00012,-0.9956982347216847,6.528
train,pretrain,2MYsx6WArKY,00018,0,pretrain,BQOz6OVz1zc,00063,-8.250194442208365,7.04
train,pretrain,ZJodZcGfTVE,00001,0,pretrain,Fc1yN6uxZfQ,00006,-1.775498213426106,16.384
train,pretrain,D5iFVKhLStU,00017,0,pretrain,vvhiNSqq6oo,00011,8.383507910828282,6.72
train,trainval,zuAj2F54bdo,50008,0,pretrain,ApGeDdIaxo8,00005,-3.6164645612688666,6.08
train,pretrain,y9wzaxSPtIo,00013,0,trainval,esugL07XANg,50014,-8.086632275724694,3.328
train,pretrain,0SW0HFy9Et4,00013,0,pretrain,d4Dj0qdWLnk,00013,3.210583545054055,2.496
train,pretrain,RjrS5EqZlUs,00011,0,pretrain,weCFbknwZa8,00015,6.754474362642057,4.288
train,pretrain,VeXCU8cjIlw,00004,0,pretrain,HHwXlcHcTHc,00026,-9.7799819569168,5.824
train,pretrain,yrcaHGqTqHk,00032,0,pretrain,6ORDQFh0Byw,00012,-7.644132771206358,3.84
train,pretrain,cXbXNV9SZAg,00032,0,pretrain,odIXWv1m2a8,00018,7.091539563431745,13.504
train,pretrain,KiPcxhJtuPQ,00063,0,pretrain,u0VHC1SDOS8,00044,8.026589366615301,4.288
train,pretrain,Kqm9AEvJgxU,00002,0,pretrain,cOIJGGgaSIY,00021,7.283326413849135,11.84
train,pretrain,IKZCw4xdESQ,00004,0,pretrain,nvSSeGObF4w,00014,-3.465979493515718,9.472
train,pretrain,u8bsCiq6hvM,00013,0,pretrain,7Z9xCX4ifJo,00009,-9.02873214141221,4.224
train,pretrain,hfznpykprP0,00004,0,pretrain,MZbhgk4S7dA,00003,-5.245312450383064,8.0
train,pretrain,ppr6UyfBMlA,00006,0,pretrain,CiLnSGrcuEs,00033,-6.418205053321233,10.368
train,pretrain,6VWPHKABRQA,00034,0,pretrain,B9DdIivSGts,00063,-9.211562857262535,6.72
train,pretrain,K926HAKRFvw,00007,0,pretrain,PvT9tD3NZvo,00019,4.653779264751673,3.456
train,pretrain,XP8K4oS5TGE,00004,0,pretrain,EiTrl0W1QrM,00032,-3.7812048988914038,6.016
train,pretrain,L51h8BBu7b8,00025,0,trainval,URSuWwvpn5c,50009,-6.049789790756892,3.008
train,trainval,jJXMvOqS5bM,50002,0,pretrain,DG7kSeazMQ4,00062,-8.305669784682213,6.144
train,pretrain,ZIhFcjcc568,00011,0,pretrain,TQMbvJNRpLE,00004,2.9234086869107614,10.496
train,trainval,G6dfUFgKmN4,50001,0,pretrain,EZSf3Fc0ZRA,00019,9.345528375953496,4.48
train,trainval,unSnvLgyf3o,50003,0,pretrain,V1xt7zgnuK0,00012,-6.393881322621167,4.352
train,pretrain,z5ncIwCZDGU,00001,0,pretrain,iueVZJVEmEs,00031,8.846329327817003,8.0
train,pretrain,tsFKSfItBoE,00013,0,trainval,o0VrZPBskpg,50003,-5.568347236915477,2.176
train,pretrain,IL2lb9fmIV8,00020,0,pretrain,pysNMB033co,00017,-6.731727755324002,6.4
train,pretrain,lUaSg8ZNswU,00013,0,trainval,BgbD67U0BAQ,50003,-1.0305569298991983,6.016
train,pretrain,erg8sDIYjmw,00020,0,pretrain,RoS2q3pSrq4,00007,5.154591421227311,15.36
train,pretrain,F0ofeD8VKMA,00054,0,pretrain,fv8KpQY0m6o,00004,-9.853416766722617,17.344
train,pretrain,aOW7JZaqKGA,00028,0,pretrain,4v4Pf5Dt8Hg,00004,-6.686048791609245,4.288
train,pretrain,oXbhTHaMwTw,00008,0,pretrain,OMhLrHPI0Tw,00005,-0.692387888577743,10.176
train,pretrain,Se8kcnUSuZw,00025,0,pretrain,6fJRmouSDL4,00005,2.095037901473461,6.016
train,pretrain,QS0p8ZpBq04,00004,0,pretrain,jgnqlZUI4n8,00007,-2.2731408441585765,2.816
train,pretrain,wEM9c7RoVms,00012,0,pretrain,RVX8ZSAR4OY,00017,7.785392234323005,4.224
train,pretrain,VekRvcbL4yk,00014,0,trainval,JSLUS3qLv0I,50003,-8.77467167186122,5.376
train,pretrain,y1yK36RMyRE,00011,0,pretrain,ErexJkoDhGI,00057,-8.701007270511884,11.264
train,pretrain,Re53vgaVFvI,00017,0,pretrain,fIXnJycnkaQ,00005,-3.206963791084611,10.88
train,pretrain,cQvDUTOOkiI,00003,0,pretrain,hgui64Kr0Go,00005,4.4027907672798285,15.168
train,pretrain,hRSw8DBbFr8,00020,0,pretrain,SLyoVkOl24E,00013,1.5295035804230537,4.8
train,pretrain,Bqx8abrSIYo,00007,0,trainval,S8DwxjDrNNM,50004,-4.27117089149797,5.824
train,pretrain,bhgonb4EqXI,00005,0,pretrain,ziGD7vQOwl8,00031,-2.0518970449682357,6.976
train,pretrain,7npLVcymHGc,00025,0,pretrain,dySwrhMQdX4,00001,-7.394156804261942,5.312
train,pretrain,S9u71TB0VkA,00002,0,pretrain,dOOtM7ZpAS8,00014,0.5916014394677589,15.04
train,pretrain,GCOc31fQi7A,00018,0,trainval,J6oMG7u9HGE,50001,5.154615190775331,4.416
train,pretrain,2Brajdazp1o,00007,0,pretrain,k8OgHJ4WXR0,00020,-3.607774719874744,10.176
train,trainval,f6CILJA110Y,50065,0,pretrain,BJsrYqPtXFM,00030,1.823000763284215,3.968
train,pretrain,PcQwHHbjZ0A,00019,0,pretrain,AE0gO5wSaok,00025,-4.7814609873285185,4.864
train,pretrain,eMXQ6ebbC1c,00007,0,pretrain,K5wCfYujRdE,00003,-5.25856913204681,3.776
train,pretrain,WMAunz9LqZU,00009,0,pretrain,0N1oA9LUEc4,00002,6.695578970290029,4.928
train,pretrain,ZuCX92wuw2g,00015,0,pretrain,sBsuIAscshE,00010,2.376292208582667,3.52
train,pretrain,YhvfOlPYifY,00002,0,pretrain,TZy5Srsksls,00008,-8.75412167664351,2.944
train,trainval,DkyMCCnNI3Q,50008,0,pretrain,WF6SDe4USvE,00006,8.8166473743007,2.112
train,pretrain,nzZA9XTdSLM,00004,0,pretrain,9SqHrhrTktc,00019,1.1134180779483742,11.904
train,pretrain,ihR9SX7dgRo,00013,0,pretrain,xy7SMVCRFbQ,00009,2.153659252199203,4.096
train,pretrain,aUYSDEYdmzw,00013,0,pretrain,TuD3IerTOms,00027,-0.8666972616742878,5.056
train,pretrain,b28brIs1OmM,00016,0,pretrain,pSCefSAYqaA,00017,1.5369791101781338,3.904
train,pretrain,k4vzhweOefs,00017,0,pretrain,BJsrYqPtXFM,00011,0.8077044601052297,9.088
train,pretrain,wNokfBHccVI,00014,0,pretrain,yVwAodrjZMY,00023,9.346543551780297,3.968
train,pretrain,6weGCM3sWKc,00014,0,pretrain,CS9f7Qq4YZc,00017,8.193054297624535,8.96
train,pretrain,Mjoxh4c2Dj0,00044,0,pretrain,yVwAodrjZMY,00034,1.8790027198470725,7.808
train,pretrain,jobYTQTgeUE,00017,0,trainval,rToBZSrxjgM,50001,-8.794551108185534,3.328
train,pretrain,hVsnkRoYfX0,00011,0,pretrain,potB0voQzNg,00051,-4.056094861889186,12.416
train,pretrain,jfqwHT3u1S8,00031,0,pretrain,BURbLmQL1BE,00027,1.1956570789282566,5.056
train,pretrain,CdxVbUjaSpY,00017,0,pretrain,3dqXHHCc5lA,00031,-4.123565386466739,5.376
train,pretrain,QUUFbS1hBtw,00036,0,pretrain,adijpJHdWIU,00003,1.225364910892603,4.672
train,trainval,K5PEJPSwt0k,50005,0,pretrain,w4RLfVxTGH4,00014,-5.835729588777843,2.88
train,pretrain,Qy5A8dVYU3k,00011,0,pretrain,fbeFn1Xcqo4,00050,-9.814715922028954,4.352
train,pretrain,kWnsmzSSgdI,00001,0,pretrain,SUkVcmKZyyQ,00011,6.125007164519758,7.616
train,pretrain,KZIGekgoaz4,00009,0,pretrain,qdiF1fSGfyM,00021,8.072710528899051,4.992
train,pretrain,AS3Pyc4Qr2Q,00047,0,pretrain,SGzenQjZSpU,00028,-8.946514576792744,6.464
train,trainval,1SPazvfN9EU,50003,0,pretrain,CH4TZteceas,00001,9.784476626223288,4.16
train,pretrain,AJYRJ92g4GI,00019,0,pretrain,6qqqVwM6bMM,00019,-4.229350752593735,6.784
train,pretrain,bf7BXwVeyWw,00010,0,pretrain,ec9GyxEUGec,00006,6.249857482112525,8.256
train,trainval,zuLOT6GsAxw,50001,0,pretrain,0N6cjPWqpSk,00007,9.600840430673564,3.584
train,pretrain,ulLFP8axZVQ,00024,0,pretrain,UtA860ss1eU,00018,0.5317630288294808,7.168
train,pretrain,piCQ3StcRUQ,00020,0,pretrain,d38LKbYfWrs,00007,7.055956128795501,4.928
train,pretrain,Qlg6izBqKxM,00019,0,trainval,KZIGekgoaz4,50006,-1.4352895465692832,2.432
train,pretrain,xNiBDGBw4Zs,00008,0,pretrain,JzLiCBCbAMY,00047,-5.354141009283087,10.624
train,pretrain,t0pwKzTRG5E,00001,0,pretrain,d0LQCXCiW8g,00004,0.0017946678817715167,4.096
train,pretrain,CPVjktgYKo4,00041,0,pretrain,F2SIP2nSEoc,00011,7.121293898042996,5.056
train,pretrain,5WI6ZqCUNk0,00016,0,pretrain,LhjsRjC6B8U,00021,6.575548036026248,5.504
train,pretrain,iARReKKgETs,00027,0,trainval,VStEmE85QDE,50002,-2.47967263594024,6.208
train,pretrain,ec9GyxEUGec,00011,0,pretrain,7W8OJgeYy1w,00011,3.927749324626099,5.376
train,trainval,e8JK3qVGuUg,50009,0,pretrain,F6Qo8IDsVNg,00007,6.087668226859151,6.208
train,pretrain,y1yK36RMyRE,00011,0,pretrain,iSmdpCvfMg8,00005,2.7743990658317497,11.52
train,trainval,u2V0vOFexY4,50005,0,pretrain,B8ofWFx525s,00010,3.952839597756144,3.968
train,pretrain,d5wfMNNr3ak,00007,0,pretrain,DShPct3oIow,00022,1.7936303359626553,3.904
train,pretrain,wIkvIKeRNoY,00013,0,pretrain,tsgvhP07BC8,00042,9.335510806983415,11.456
train,pretrain,HS8y0WLm78U,00026,0,pretrain,NAkkckxE9i8,00023,-7.624721859863497,5.568
train,pretrain,wznroZvpVHU,00008,0,pretrain,bczm0RsIZUM,00006,9.622035329463014,12.736
train,trainval,3F2jACWwKdU,50011,0,pretrain,inxIM1aGvZY,00023,-7.313144281752133,4.48
train,pretrain,gwMjgSqFm0M,00005,0,pretrain,lGbuCmuTJHg,00011,-3.5118458775104706,6.336
train,pretrain,2VWSSFSUeQI,00033,0,pretrain,ZuCtZJGcEMU,00005,4.22299977842272,4.48
train,pretrain,bmFhWr693is,00026,0,pretrain,FMD2cMjrMDM,00005,-5.599619465054316,6.144
train,pretrain,ziGD7vQOwl8,00057,0,pretrain,vSjlCJaEwZE,00014,2.8124067992790014,6.08
train,pretrain,TjaM0tdxtYA,00017,0,pretrain,pg63A6WaCSc,00007,4.478654150024422,6.528
train,pretrain,Hc6yiSFtoNo,00047,0,pretrain,OlLFK8oSNEM,00003,0.8795900537043551,4.928
train,pretrain,7SRGn75JcZ8,00012,0,pretrain,UfM7tSoqNDw,00003,-0.29855309407132147,15.296
train,pretrain,PL9wP3pAl7A,00019,0,pretrain,43e6eAAeGCs,00005,-6.186299132087232,8.384
train,pretrain,OmMv9tShW8k,00028,0,pretrain,0sYguTPLpHE,00006,-6.38035110946179,7.104
train,pretrain,9RMaD0Sk7hc,00009,0,pretrain,mymMye4purU,00032,1.2007327703275923,9.344
train,pretrain,O9Hfqc3trhw,00011,0,pretrain,KfK3eKSkOQA,00014,0.683409792402065,11.008
train,pretrain,zXCiv4sc5eY,00029,0,pretrain,RmXiItk49Gw,00007,8.152532533874677,7.296
train,pretrain,AAkEYcmCCCk,00043,0,pretrain,7SfQLQ7eyA8,00027,-9.910401078306162,3.904
train,pretrain,KXAnS2epCPA,00014,0,pretrain,f5udS4pbXPk,00011,1.8056149781746598,3.392
train,pretrain,qKlzdSH2X9w,00045,0,pretrain,pF72px2R3Hg,00011,-4.208123693574111,5.312
train,pretrain,EZwxKPv1CwA,00031,0,pretrain,7s2CoqypMLg,00013,7.440767613809221,9.856
train,pretrain,QPiaadMporw,00004,0,pretrain,ZOYoTup1t3A,00003,-8.727159912854159,9.344
train,pretrain,y2X7c9TUQJ8,00026,0,pretrain,DnbC2Tii0S8,00014,-6.787446450262791,16.64
train,trainval,itnoDEL5QjQ,50003,0,pretrain,chXsLtHqfdM,00018,-4.347058326423934,3.008
train,trainval,J6oMG7u9HGE,50018,0,pretrain,c73Q8oQmwzo,00018,2.1076411010452105,5.952
train,pretrain,erg8sDIYjmw,00019,0,pretrain,wOsQKjNoHmw,00007,-6.98878416776834,9.792
train,pretrain,B1dkma6GRZo,00037,0,pretrain,7ZWTG0SeCEg,00016,8.645466739526423,3.84
train,pretrain,DShPct3oIow,00008,0,trainval,IRVdiHu1VCc,50032,9.775286898616123,3.52
train,trainval,Rpsf1YJsbbI,50004,0,pretrain,7ZW8SLQftnY,00006,-9.839221885210312,4.096
train,pretrain,CFADnhYKDHg,00014,0,pretrain,pk35J2u8KqY,00023,0.7283137777800324,11.456
train,pretrain,aL00a3sfnYM,00010,0,pretrain,kFX2LrNE3VI,00003,1.2572319183911986,10.88
train,trainval,G1RRbupCxi0,50026,0,pretrain,YATYsgi3e5A,00017,-2.1999538159350562,4.736
train,pretrain,NVPxmzSPvUw,00033,0,pretrain,evfgbVjb688,00040,6.747774088424524,5.056
train,pretrain,S1VpOweDio8,00025,0,pretrain,HYGvts8hre8,00022,6.864446278439292,9.536
train,trainval,BT2XlI8oeh0,50028,0,trainval,d5wfMNNr3ak,50017,5.389671670309895,2.304
train,pretrain,ZOlBqdkN2jY,00004,0,pretrain,GzzHawjP648,00015,-7.789515998587879,6.72
train,pretrain,oJfFMoAgbv8,00039,0,pretrain,48oiapTn3K0,00008,-1.2171049915381182,14.592
train,pretrain,hj7wkh6nONE,00001,0,pretrain,kiDfwUQySEs,00005,3.30869827817134,10.56
train,pretrain,syqScVtnKuU,00046,0,pretrain,BoRUrWcdkQ4,00003,8.197333606476676,4.928
train,pretrain,1hxwsYYz5fI,00009,0,pretrain,zR8ReJoc1u4,00008,5.9926969671755685,8.128
train,trainval,sHJZRPWXQ9s,50006,0,pretrain,aMrCYPCsLUk,00019,9.413927577072194,6.08
train,pretrain,TBIL2sdfoVc,00026,0,pretrain,omGbKQIzoWY,00015,-1.5746105048313588,2.112
train,pretrain,o2WyXD7IaN0,00020,0,pretrain,N1R84S5DYEA,00010,8.489732422393168,3.904
train,pretrain,lQDxasFKQCA,00025,0,pretrain,LKAhTELkOV8,00024,-8.337809891497866,9.088
train,pretrain,5AN5fPFtV0U,00027,0,trainval,6Af6bSwyiwI,50007,2.7926504927083364,6.016
train,pretrain,mmhedbY8wjU,00012,0,pretrain,Z9dt5qlgO24,00020,-7.078218435039001,9.088
train,pretrain,mMasmrJOmEo,00030,0,pretrain,vpTHi7O66pI,00014,4.391535595910533,4.928
train,pretrain,P8GCjrDWWUM,00017,0,trainval,5aH2Ppjpcho,50005,-2.4341161277352015,6.016
train,pretrain,YraU52j3y8s,00075,0,pretrain,gVLu99Ja2mA,00021,-9.84596669173792,6.528
train,pretrain,R2kOgSVF2Uk,00004,0,pretrain,Mjl1i13JKNM,00003,4.95290203515548,5.312
train,pretrain,qP2W2k3L1Ow,00008,0,pretrain,p7YRnLbmLGs,00001,6.989533559718449,7.296
train,pretrain,ym6OYelD5fA,00023,0,pretrain,L51h8BBu7b8,00025,2.8302147219518385,7.232
train,pretrain,NMBNZspmn7I,00043,0,trainval,ng7sf2SpeFg,50014,-7.052491793598527,3.264
train,pretrain,Se8kcnUSuZw,00025,0,pretrain,nFQU5a5SByg,00006,-3.1262879511959447,6.016
train,pretrain,LPrS7Skx9Y0,00028,0,pretrain,sa0RUmGTCYY,00005,6.919221865837105,5.568
train,pretrain,xAgawjzimjc,00012,0,pretrain,FSNEIwDiCSw,00021,4.7795918451811445,7.744
train,pretrain,lzSkIDxbzGA,00013,0,pretrain,2W1jvTEjc1s,00009,1.5577709400247741,4.608
train,pretrain,25onkAGt3Gs,00019,0,pretrain,LJhklPJz9U8,00026,2.0422709214402737,6.72
train,pretrain,njVJz0wZUfI,00002,0,pretrain,m0ZPM5I1tTg,00030,9.568046558520141,15.936
train,pretrain,SSogppqBahk,00006,0,trainval,8GOFoquSdkI,50004,-1.9071776956981896,4.736
train,pretrain,be03wdS5Klc,00011,0,pretrain,g2J6YOiLNr4,00035,-3.0366294246001573,4.8
train,pretrain,pcNxS2i7SvQ,00013,0,pretrain,ZdvUktSa1I4,00007,-3.6050307693102557,3.776
train,pretrain,wUKAVcj9NVA,00002,0,pretrain,ogeGJS0GEF4,00014,-4.130910407907731,11.328
train,pretrain,9KACXVScWS4,00054,0,pretrain,w2mJMS09Qjk,00023,4.812798370156056,5.12
train,pretrain,G5pvUaMgfC8,00015,0,pretrain,z5aAJGNSRHs,00020,9.615928398979747,24.32
train,trainval,oPBC15XYl3Q,50003,0,pretrain,GOCUH7TxHRI,00008,-6.756166520023974,2.048
train,pretrain,LNHBMFCzznE,00009,0,pretrain,rGaj2VImQec,00018,6.628359560410502,5.76
train,pretrain,jPyR3UDhOm4,00001,0,pretrain,G1RRbupCxi0,00012,-8.261626625961188,6.848
train,pretrain,izddjApSN4I,00005,0,pretrain,c73Q8oQmwzo,00044,4.119853690444986,7.296
train,pretrain,vSjlCJaEwZE,00015,0,pretrain,1tcqfWkiShw,00007,3.9181664651615637,7.744
train,trainval,vR8msiSohZM,50006,0,trainval,IBoJcDlqmo0,50003,9.93709389430494,2.752
train,pretrain,9SqHrhrTktc,00008,0,pretrain,XAvE61JqkQs,00024,-1.1576966245488087,3.968
train,pretrain,U4Lx5rcii38,00018,0,pretrain,XvS83nXSf0k,00009,-5.983804965101289,9.92
train,pretrain,48oiapTn3K0,00009,0,pretrain,1pq5jnM1CSA,00017,9.458093580864183,4.736
train,pretrain,Jc2F3SnawnI,00023,0,pretrain,gYKyaDOyUO4,00005,-7.382888167729305,8.192
train,pretrain,p9HPUiEdEj0,00019,0,pretrain,gIuhIo7mO5A,00003,3.504686685844886,8.256
train,pretrain,DjcZrtcBZi4,00010,0,pretrain,lUHy84tSDrA,00017,-3.095810114015272,6.08
train,pretrain,2G8C36aKnpU,00023,0,pretrain,mw2z9lV3W1g,00009,-4.898332184425593,4.8
train,pretrain,awtmTJW9ic8,00006,0,pretrain,gjCwsdCssdk,00006,2.6698838746485354,7.168
train,pretrain,oghkCpRYVjU,00005,0,pretrain,aeiSXpmMQys,00022,3.8852688062798215,3.84
train,pretrain,hsSYuHv0vUk,00020,0,pretrain,6wk4dkYSrV0,00009,0.7208106740973932,5.504
train,pretrain,MNhCvM5pjfs,00016,0,pretrain,N37x4GgDVBM,00007,0.305231150267943,7.744
train,pretrain,Hh09xlzxRmE,00038,0,pretrain,eZgSGgToBEE,00010,1.9060568888139695,6.4
train,pretrain,7A66iZQXNh4,00015,0,pretrain,1QQ3gWmd20s,00012,-2.066360920902655,7.68
train,pretrain,yDubrSRjlCE,00025,0,trainval,YAV96XSdMQo,50015,-3.383840223361185,3.776
train,pretrain,kSGFq12w5WU,00010,0,pretrain,hz2ONnzRANs,00010,-5.559102062463999,4.416
train,pretrain,VSTGxJI4JwA,00006,0,pretrain,dvYYYlgVAao,00017,-8.945397094706848,4.16
train,pretrain,C74amJRp730,00017,0,pretrain,P86fZa4xKSw,00001,-5.2072850523873555,14.976
train,pretrain,Ytw0I6ytRto,00029,0,pretrain,fbeFn1Xcqo4,00007,2.53158403842491,6.656
train,pretrain,GbYc9BOU30o,00017,0,trainval,Br1AIvMrvAE,50003,9.68930590338903,2.112
train,pretrain,sbbzZYJSoJ4,00009,0,trainval,sgTjCpBOeCU,50028,4.1824342128717,4.992
train,pretrain,vGDZmSnSkfo,00009,0,pretrain,5EH1dS2aQVg,00005,-9.910232067059383,11.84
train,pretrain,Nvw0reB1gpI,00009,0,pretrain,0S3YDofSvGs,00016,-5.1637360249167985,6.08
train,pretrain,U2dHczVSCdo,00030,0,pretrain,ZxVJt6vQWV8,00003,2.9767934292270315,7.04
train,pretrain,7SfQLQ7eyA8,00002,0,pretrain,w4RLfVxTGH4,00020,-4.910353996941266,5.696
train,pretrain,qNvDRuGK84I,00001,0,trainval,TRE4Sll42lE,50018,4.964612056836108,2.048
train,pretrain,MLZubXfClL4,00005,0,pretrain,dvYYYlgVAao,00003,0.019687843394507354,4.416
train,pretrain,G1Ke6JIZyX4,00008,0,pretrain,fmxNuVDJZEY,00013,6.007602430855613,14.272
train,pretrain,6a6vVIdQBd0,00012,0,pretrain,kvpUiBqHoVM,00006,5.167843434289679,12.736
train,trainval,gwPoM7lGYHw,50005,0,pretrain,Gv7Y0W0xmYQ,00014,-3.386837695448987,2.816
train,pretrain,0af00UcTOSc,00017,0,pretrain,FSNEIwDiCSw,00015,3.171905438418781,10.176
train,trainval,y2X7c9TUQJ8,50010,0,pretrain,4AaSUyfNN4c,00007,4.902576602180757,4.992
train,trainval,kNhyOYv2ejw,50011,0,pretrain,jyYjI7zQlaA,00022,1.6438862198080813,2.688
train,trainval,hVsnkRoYfX0,50019,0,trainval,G8gJJuCdPSA,50004,2.9690759109767697,4.096
train,pretrain,V2PP3p4S4R8,00025,0,pretrain,mDSuP2BsVy4,00015,-7.117123316746293,3.648
train,pretrain,kyaiTGmwxnU,00010,0,pretrain,r9Zz4hYuGdw,00015,-7.455875542470791,7.808
train,pretrain,4T9N3ZcRBSI,00017,0,pretrain,0FkuRwU8HFc,00043,-9.278654072941293,4.544
train,trainval,n4YcornnWFI,50008,0,pretrain,iUbfRzxNy20,00016,7.105081162675415,6.144
train,pretrain,Sf994ANuGIY,00022,0,trainval,LH8MPbFoRjw,50011,-5.721877118244237,3.648
train,pretrain,zqLYcJ6Ib3c,00022,0,pretrain,59SRn1SkWAA,00070,-9.934790318636184,8.704
train,pretrain,khRkIVPa1Vc,00038,0,trainval,UWKvpFZJwcE,50003,-9.696592680819535,2.368
train,trainval,W4LYn4mIP18,50001,0,pretrain,NwmGTM5Py8Y,00041,4.865279389571263,2.88
train,pretrain,vpTHi7O66pI,00004,0,pretrain,DSbtkLA3GrY,00004,5.754230553222765,4.864
train,pretrain,yrcaHGqTqHk,00009,0,pretrain,jYperQKUkcs,00022,-2.4893671920900946,10.88
train,pretrain,7CIq4mtiamY,00034,0,pretrain,Diuv3XZQXyc,00031,-3.925263894226534,10.112
train,pretrain,6Eu964BbJO4,00031,0,trainval,m0ZPM5I1tTg,50004,0.40688103237812534,3.84
train,trainval,WbuIl6phdco,50005,0,pretrain,d0yGdNEWdn0,00016,1.4731279598317553,3.008
train,trainval,gBGt5OeAQFk,50002,0,pretrain,S9gAgInOV8w,00001,-5.5126901556163554,2.24
train,pretrain,1z3Fgtj8fqk,00043,0,pretrain,CzgS9C7gw0o,00009,-2.567490143796915,4.416
train,pretrain,1cJiAS6NSUI,00010,0,pretrain,34a7UEzZdsA,00014,7.793063310596217,7.36
train,pretrain,6JxRxBqQLKA,00023,0,pretrain,ZpT0cw9bmiw,00002,3.9240602963066955,3.328
train,pretrain,A47JaOMDH4c,00017,0,pretrain,PsihkFWDt3Y,00020,-8.150264572232507,3.456
train,trainval,nPdUMWGWE28,50001,0,pretrain,tlB1pFwGhA4,00014,4.99471559073463,6.08
train,pretrain,DkyMCCnNI3Q,00004,0,pretrain,DwQMDyyS42Q,00045,-0.6912062492608246,11.84
train,pretrain,Gk9T7ngEijs,00019,0,pretrain,qp0HIF3SfI4,00018,-1.3220908732967747,6.976
train,pretrain,9AgCr2tTvng,00029,0,pretrain,mj0CWrSB7E8,00009,-4.236300219613027,8.0
train,trainval,zuAj2F54bdo,50017,0,pretrain,KnFZpoplGQo,00011,9.838343302324787,2.048
train,pretrain,wcMnmCH6Gjg,00020,0,pretrain,cJgStPB0Nu0,00008,-7.386627043108211,19.328
train,pretrain,IJmr7MsS8fw,00023,0,pretrain,eZgSGgToBEE,00016,-8.891420081979604,9.28
train,pretrain,MEDgtjpycYg,00031,0,pretrain,kTz52RWSbD0,00015,3.9070979530645307,2.688
train,pretrain,QfODW06Qi8E,00009,0,pretrain,MlLWTeApqIM,00009,-3.710794748566646,15.936
train,pretrain,soqnBdPOwoo,00020,0,pretrain,O4Og5tFNiaU,00042,-9.689071083027086,3.904
train,pretrain,YglyHzvBqpA,00018,0,trainval,drv3BP0Fdi8,50010,7.6582465615538915,5.888
train,pretrain,xkq8drS5ofs,00002,0,pretrain,qxmEpmCtM3o,00021,3.896342925856903,8.256
train,pretrain,KIysMV9wbVY,00021,0,trainval,cOIJGGgaSIY,50012,5.36522602435571,6.208
train,pretrain,3NQZOXtc9uo,00002,0,pretrain,5pIGDw18mIQ,00024,-8.95295372054288,4.928
train,pretrain,vbHkhSfaQu8,00016,0,pretrain,sSXv06gUX3Y,00008,-7.175183469719409,3.776
train,pretrain,xAgawjzimjc,00015,0,pretrain,FD5ZKiSmoMU,00037,-9.279071083204409,6.208
train,pretrain,9AgCr2tTvng,00020,0,trainval,u0VHC1SDOS8,50011,-5.543010559203663,5.696
train,pretrain,BStjKYvEziI,00011,0,trainval,ZliT1BiEVvo,50001,8.917509038933723,4.992
train,pretrain,mkdSXHXhCcw,00080,0,pretrain,o8NPllzkFhE,00033,-7.3533154714431515,5.376
train,pretrain,PS6vDLq64gE,00025,0,pretrain,Aetg4kJie0o,00010,8.581620449220424,7.296
train,pretrain,pcSlowAhvUk,00006,0,pretrain,8cwWSS29faQ,00014,-2.0884343208174094,8.0
train,pretrain,Zx8uYIfUvh4,00015,0,pretrain,8xHrpO6p7dE,00011,8.065624549533549,19.328
train,pretrain,EhM56Fk2aFk,00019,0,pretrain,ooIxHVXgLbc,00009,-5.618550521814852,5.824
train,pretrain,YKACzIrog24,00014,0,pretrain,fBLErez9ljw,00035,-4.7694680446051745,4.48
train,pretrain,SgjGcBTyScY,00003,0,pretrain,tZYkjaKNrSo,00014,-6.644630418604935,9.664
train,pretrain,L2upTRjXeJM,00015,0,trainval,tbicAmaXYtM,50012,-1.68600277873505,6.08
train,pretrain,mArrNRWQEso,00042,0,pretrain,hrpwRdijvCM,00011,1.7308077942214908,12.224
train,pretrain,weCFbknwZa8,00007,0,trainval,aiDSQyFdd68,50014,8.910879584610846,2.816
train,pretrain,YMyofREc5Jk,00003,0,pretrain,Lrdn4lazVBc,00028,-9.835914887678348,3.776
train,pretrain,f5udS4pbXPk,00021,0,pretrain,ayOmOaXC0Z0,00015,5.608100563053002,5.056
train,pretrain,sQNtu4kpd64,00001,0,pretrain,Jp9b2Hf7QWg,00005,-6.063013127079861,4.16
train,trainval,kTz52RWSbD0,50006,0,trainval,aI8KiPiVLyY,50010,-7.8382903952284755,6.016
train,pretrain,V1xt7zgnuK0,00001,0,pretrain,Rv9SwZWVkOs,00023,8.694627281267149,4.416
train,trainval,x8jdxSlf2Dw,50009,0,pretrain,2cU56SWXHFw,00007,-3.543752006002297,3.584
train,pretrain,9yPlMBPNf2M,00004,0,pretrain,BGRy5VUSLfI,00029,-8.811688826101475,6.016
train,pretrain,4cJ08wOqloc,00002,0,pretrain,eFwaRDqTUL8,00009,8.746465451871394,3.136
train,pretrain,j51HsRILGKI,00024,0,pretrain,yqWJuDBSWm4,00018,-9.782247534266926,5.696
train,pretrain,y9Trdafp83U,00042,0,pretrain,4Z75ASJMBx4,00049,-0.7083425869429067,6.528
train,pretrain,6wk4dkYSrV0,00015,0,pretrain,s3IPatkuByA,00012,-6.3008383794438245,7.04
train,pretrain,dhMoQrLEJe0,00016,0,pretrain,JKsHhXwqDqM,00040,-8.538058149792453,15.104
train,pretrain,2ju61VPdTzw,00026,0,pretrain,AbqsMDfX9Ig,00003,8.664674737411463,14.656
train,pretrain,5tUnSuoYKoE,00023,0,pretrain,LJhklPJz9U8,00027,3.2405040517164743,5.76
train,pretrain,ktbbm7ktuAM,00008,0,pretrain,iRSjlgWE9GQ,00047,-2.3942061481112127,5.056
train,trainval,p49rv25dx0g,50012,0,pretrain,4Z75ASJMBx4,00020,1.767168978434361,4.224
train,pretrain,ptIecdCZ3dg,00030,0,pretrain,RG5QP2EVUVY,00009,3.6671799400311933,6.848
train,pretrain,t1ZSoufuQg4,00017,0,pretrain,3U6tEcIIAIc,00002,-4.300906788513775,3.712
train,pretrain,aUBawr1hUwo,00044,0,pretrain,1pq5jnM1CSA,00012,-1.9415884623546447,4.416
train,pretrain,SjaWs87t5UM,00002,0,pretrain,mp0SQQQgv7s,00007,-1.170468073398201,4.224
train,pretrain,OEydHbngSz0,00009,0,pretrain,SC3DVeWT09w,00001,-2.25085104005454,12.544
train,pretrain,fmZSIr2Z29s,00003,0,pretrain,Ligs82S0qN8,00009,6.410856070752139,12.928
train,pretrain,CFADnhYKDHg,00014,0,pretrain,zIwLWfaAgS8,00098,-4.348087763836239,11.456
train,pretrain,W0StyxgMk1o,00042,0,pretrain,Z6T37m4r3yo,00031,4.315321235224898,3.776
train,pretrain,4ZgwzSm7sRs,00007,0,pretrain,tsgvhP07BC8,00002,1.5884849594201569,5.12
train,pretrain,JtSjYnXD83Q,00019,0,pretrain,hupHAPF1fHY,00033,-7.470083430729259,5.568
train,pretrain,jk6Y3f2c4SI,00026,0,trainval,eqDgt12m26c,50004,-8.695780566838247,3.072
train,pretrain,RsxlLsHtoBI,00011,0,pretrain,yJJtRWFLSgw,00016,1.7474408208381647,6.528
train,pretrain,Gk9T7ngEijs,00021,0,pretrain,X55qpYxwoO4,00005,-1.9213950093346632,5.568
train,pretrain,SMTRxRO5SRA,00010,0,pretrain,Td2hfdXQ5x8,00011,-1.972830759101976,8.64
train,pretrain,5WI6ZqCUNk0,00007,0,trainval,vQILP19qABk,50005,-0.2735994940087423,2.944
train,pretrain,w8lH8tNlAXc,00021,0,pretrain,88SlA2EZxtY,00003,7.88909443559357,11.456
train,pretrain,2ZviHInGBJQ,00003,0,pretrain,88SlA2EZxtY,00001,4.598340517522439,11.584
train,trainval,pCd8KLukRV8,50004,0,pretrain,AAsSqx2aLsA,00006,3.1515527498999685,3.136
train,trainval,LgBjU8ovWh0,50009,0,pretrain,t5KNNlxLScc,00018,-7.54096557955754,3.328
train,pretrain,AyWtIwwEgS0,00002,0,pretrain,gxuQp1X4mx8,00002,-1.5034028489268874,5.504
train,pretrain,2iWi11tkrAM,00001,0,trainval,yg8SBuTuoKk,50004,0.24454224484270703,4.544
train,pretrain,w8lH8tNlAXc,00031,0,pretrain,Cr1usGUSuL4,00009,7.60823846203964,3.008
train,pretrain,ZVRbSuY3h9w,00009,0,pretrain,7CIq4mtiamY,00042,7.495060792652332,3.2
train,pretrain,c73Q8oQmwzo,00028,0,pretrain,tsgvhP07BC8,00027,-0.5944876769290879,4.16
train,pretrain,i0QKBKWnkxg,00006,0,pretrain,iNOE0dZpHcY,00010,1.7013390012148992,11.648
train,pretrain,KI3WJXNhCJ8,00017,0,pretrain,LsESSyMnwmU,00050,5.5749962968264875,9.728
train,trainval,v22SdEMzxO4,50013,0,pretrain,IhoRGJlSs8M,00010,7.855094129944749,5.696
train,pretrain,SMi3rHuK0c4,00004,0,pretrain,VM6HZqQKhok,00026,-0.48704284501910067,6.208
train,pretrain,7E9a24Nw6Cg,00016,0,pretrain,xx310zM3tLs,00013,-7.119561454320129,3.712
train,trainval,J9PgY1mbPgM,50003,0,pretrain,0g2WE1qXiKM,00023,5.758370138029056,2.176
train,pretrain,B1dkma6GRZo,00033,0,pretrain,0nI65jgHG9o,00019,3.6586725028269402,3.648
train,pretrain,gZpcTVqpaPw,00029,0,pretrain,KTTtn0iSZyA,00003,7.423018400566843,5.184
train,pretrain,KxDwieKpawg,00015,0,pretrain,ONXYcNS7k1Y,00019,-9.24435765424027,8.256
train,pretrain,SKx2lfobPuU,00002,0,pretrain,FLbEKpLS5Z0,00008,5.516174127748146,4.096
train,pretrain,q9Ou0cj3fF8,00041,0,pretrain,RSl1ramE35s,00015,-7.062118987805417,3.84
train,trainval,mJxA8eIWQUc,50016,0,pretrain,JcCQS4YiTb8,00011,-4.731242782496448,2.944
train,pretrain,CijsvAGU6Sc,00020,0,pretrain,5d4ZEgZU9Aw,00015,0.9121243104047565,8.896
train,pretrain,DZfOvYiQtow,00026,0,pretrain,sYUjyH8Y0No,00008,7.199135780926365,18.496
train,pretrain,n8yhaFdSGpM,00003,0,pretrain,d25l1aPz2kc,00013,-5.302678045634998,5.312
train,pretrain,NwmGTM5Py8Y,00080,0,pretrain,VmP574ikRFs,00007,-7.156332932798484,7.36
train,pretrain,y7A4dZIyI0g,00020,0,pretrain,LsESSyMnwmU,00018,-3.538310649635072,4.032
train,pretrain,HSzqFSOft20,00013,0,pretrain,ALryABSAYiA,00007,8.321477359348918,4.672
train,pretrain,owl8keTUioo,00017,0,trainval,ImmtTHYU5GQ,50021,-5.6657232151864,3.648
train,pretrain,Y6U728AZnV0,00006,0,pretrain,lqbLSUhhyPk,00033,8.489591871989699,6.656
train,pretrain,lO1P6lCNnyo,00015,0,pretrain,2zvjW9arAZ0,00076,8.228272883786424,4.48
train,pretrain,YrtANPtnhyg,00015,0,pretrain,uVAaZVz9pDs,00014,-2.335593536466547,7.616
train,pretrain,BQOz6OVz1zc,00059,0,pretrain,apbSsILLh28,00051,-0.5031904905362428,4.032
train,pretrain,kTsqFn33RiQ,00008,0,pretrain,c00zfzk4gdg,00037,3.8124222357563227,17.792
train,trainval,MiOVX7qKQ24,50006,0,pretrain,PRsopS7yTG8,00003,9.360242046044455,3.584
train,pretrain,eCknUJJc3qU,00010,0,pretrain,drv3BP0Fdi8,00004,6.066136319923608,6.272
train,pretrain,O4Og5tFNiaU,00022,0,pretrain,qL7UlSA6rRk,00007,-1.6409506944507335,8.512
train,pretrain,DG7kSeazMQ4,00048,0,pretrain,fIqABIcKIvs,00013,-4.949186892426396,7.488
train,pretrain,fddYApFEWfY,00016,0,pretrain,qm0isl11BfY,00015,-5.506506476136092,6.4
train,pretrain,h4GEMYsrJSY,00021,0,trainval,fSOupkS4VVo,50023,1.4631376154413527,4.8
train,pretrain,KI3WJXNhCJ8,00001,0,pretrain,3qRtDnsnSwk,00006,-2.7997715059390966,7.616
train,trainval,YhpMSjbVopo,50004,0,pretrain,q06YIWCR2Js,00022,-0.9484337559362181,3.264
train,trainval,ZcFRfJb2ONk,50001,0,pretrain,jLOfXsFlb18,00010,-8.349157640391592,6.016
train,pretrain,ukS8T7p2WMQ,00007,0,pretrain,Y0GHWogx0eg,00035,0.31053866336913316,4.608
train,trainval,SKx2lfobPuU,50004,0,trainval,mA1vshSuyQU,50015,1.303879496809044,4.416
train,trainval,bvAEJ8G9l9U,50010,0,trainval,ESlb3D7AySM,50004,-1.059290344214034,3.968
train,pretrain,DW5YctpK7pM,00001,0,pretrain,tSN0n2yqIJI,00004,2.038428659044376,5.76
train,pretrain,yVwAodrjZMY,00003,0,pretrain,Nx8RRIiP53Q,00007,-5.637088361128613,3.776
train,pretrain,1SS2wOnkcSk,00028,0,pretrain,mymMye4purU,00029,-5.7815940054649655,5.76
train,pretrain,3GFG6Cvy9HQ,00020,0,pretrain,wAIP6fI0NAI,00016,-8.387672142872544,3.392
train,pretrain,LUO3jqMlWkE,00012,0,pretrain,dskNubEgzCk,00032,-1.8933912920450133,8.384
train,pretrain,43e6eAAeGCs,00032,0,pretrain,pYgvVDCHRZM,00019,6.449905377060034,10.56
train,pretrain,oD06XPtmLZY,00019,0,pretrain,OLHh9E5ilZ4,00013,7.421268874126174,10.432
train,pretrain,vPn94XAUBoo,00009,0,pretrain,MUOSpWJ0riQ,00012,-3.4175480777104505,3.904
train,pretrain,dJEwC4wCM70,00016,0,pretrain,aSLSiIskEFU,00005,-3.415628916845086,20.48
train,pretrain,GB4s5b9NL3I,00003,0,trainval,KxDwieKpawg,50010,-5.40070827024757,2.624
train,pretrain,7tu9nJmr4Xs,00013,0,pretrain,WXOd4qh3JKk,00009,-2.048266322598897,7.424
train,pretrain,4Z75ASJMBx4,00003,0,pretrain,FktsFcooIG8,00016,0.9396721377077206,8.832
train,pretrain,ELET24AHnEg,00041,0,pretrain,BSxI3YxAPW4,00031,4.465170707447694,14.4
train,pretrain,v2jSfxnRPSE,00008,0,pretrain,ruh6rN5UrME,00004,0.802251571404561,12.416
train,pretrain,mKe3QKctaS8,00002,0,pretrain,IDqMB6C1uys,00006,-3.272900214824306,8.256
train,pretrain,pMYYxSim5QI,00027,0,pretrain,SZbNyp1jeGo,00021,3.26162642456109,5.568
train,pretrain,ay8OMOsf6AQ,00014,0,pretrain,p9HPUiEdEj0,00002,7.871553770299641,6.72
train,pretrain,UiDJFGroD3U,00006,0,pretrain,Kk7kzUt3SLc,00004,9.976130455223522,3.968
train,pretrain,HBUoaf8vwJ4,00004,0,pretrain,mKkF6mAlX4k,00019,-2.374107992376773,4.8
train,pretrain,qEZmFR1WS7g,00017,0,pretrain,q49LtMyXK7Q,00024,0.18767822391779987,3.776
train,pretrain,ZQBSh9k74aY,00008,0,pretrain,VynSxLrtZaY,00008,-1.1401370024642326,5.632
train,pretrain,4XESlSz0TLM,00001,0,pretrain,AhKevstJyrc,00036,3.7546056871579747,5.696
train,pretrain,sYySLEdYr8A,00007,0,trainval,fmS0sTNcDIo,50001,-6.944832581506009,3.584
train,trainval,fDV4fDWUo6U,50003,0,pretrain,bxkslfQc0EA,00043,-3.459344509314368,6.208
train,pretrain,speKlXgUTX8,00007,0,trainval,a17Z5Sk2XJY,50012,0.34392190272890133,5.44
train,trainval,mDSuP2BsVy4,50013,0,pretrain,1NG7FoC5XRo,00022,3.8927707579408573,4.224
train,trainval,njVJz0wZUfI,50003,0,pretrain,8rzlrItooG4,00036,5.673175942173945,2.24
train,pretrain,LFJ9WAHowcg,00041,0,pretrain,vVY8L56oxSM,00008,-9.52405196771447,11.648
train,pretrain,qu7ZpWecIS8,00022,0,pretrain,B4xOFsygwr4,00045,1.281436101233055,3.52
train,trainval,5CSDIcUsIJk,50002,0,pretrain,U5kIdtMJGc8,00024,-5.74783788685818,3.2
train,pretrain,P3fIZuW9PSM,00003,0,pretrain,Sx4Gsh0r9HU,00004,-3.5447321805941368,6.976
train,pretrain,T8VS0LUCgmk,00010,0,pretrain,SfHRcaS6r3w,00006,-5.140582967623222,3.904
train,trainval,3E46oWB4V0s,50027,0,pretrain,VSUWNySSpLI,00002,-0.8211029238596375,3.52
train,pretrain,URSuWwvpn5c,00002,0,pretrain,nLotSkXFSUg,00002,-1.4009491413711022,13.504
train,pretrain,aGSZeDqG8Zk,00012,0,pretrain,cf3zxHuSM2Y,00003,-8.977408732619592,5.44
train,trainval,mDSuP2BsVy4,50012,0,pretrain,QvSZ1MtaXME,00010,4.0783852703768915,5.12
train,pretrain,CPVjktgYKo4,00003,0,trainval,urOCGSMlB9g,50006,8.637225045386565,3.776
train,pretrain,goiyLgCzgSI,00018,0,trainval,9P73k8m3Ytw,50017,3.151654165939892,3.52
train,pretrain,uSD6RlqHwOk,00010,0,pretrain,KNXOVpN8Wgg,00017,-7.07979910913954,6.72
train,trainval,fBLErez9ljw,50006,0,trainval,jSOPQgPIdKg,50015,-4.045717136959592,2.24
train,pretrain,AvtStbwMQqs,00016,0,pretrain,1BfMMoLYMlg,00015,-8.581463863595683,8.896
train,pretrain,9EglK8Mk18o,00008,0,pretrain,6EghiYSs2ts,00013,8.196113837693716,11.264
train,pretrain,H4Fwn3RHa14,00005,0,pretrain,QhLLMBN57AU,00008,-0.5101238060826105,6.016
train,pretrain,PSXxEyYQc5g,00009,0,pretrain,g2J6YOiLNr4,00039,-5.9588851371051454,6.4
train,pretrain,3bjSba3PScU,00007,0,pretrain,ZpT0cw9bmiw,00012,9.790954770934576,4.16
train,pretrain,axRSF7ku0Zg,00001,0,pretrain,4SIWhJvu0jU,00018,1.3440349787630517,14.848
train,pretrain,LMrzdkSYnYY,00015,0,pretrain,BGRy5VUSLfI,00029,7.0945606767340195,5.12
train,pretrain,9SGSSQssNj4,00014,0,pretrain,xSUw0NiseBM,00006,7.413045239338782,6.08
train,pretrain,IaWeJ8V3pg4,00018,0,pretrain,4AUSqB0RVNY,00014,4.417152921389718,4.352
train,pretrain,ok54sSWquT4,00030,0,pretrain,co2enjjt3J0,00016,3.64089610499404,5.056
train,trainval,ATISgVUKetI,50005,0,pretrain,n1ARQsdNvmI,00008,7.737178506841193,4.544
train,pretrain,bkeBjPS9ZR4,00017,0,pretrain,3g968CCd3XQ,00006,0.5265216726838773,7.104
train,pretrain,rueQgStScw0,00014,0,trainval,xbagFzcyNiM,50016,-0.7831807465244527,5.056
train,pretrain,mMDuakmEEV4,00004,0,pretrain,R7vmHGAshi8,00036,-2.946666999162817,10.56
train,trainval,SSudEBkC4O0,50006,0,pretrain,dhMoQrLEJe0,00002,2.3530515446413762,6.08
train,trainval,kdqUhTnAgJU,50006,0,pretrain,FPhHHtn8On8,00013,1.5924240035588362,6.08
train,pretrain,1CN7PF10RKo,00002,0,pretrain,2ZviHInGBJQ,00014,0.858292572103668,9.984
train,pretrain,BxFvxKaSmWo,00020,0,trainval,KTvSfeCRxe8,50041,9.841287465302855,5.888
train,pretrain,NiMgOklgeos,00005,0,trainval,6gSwRHScq6M,50005,0.12737607211087187,6.016
train,pretrain,oy25A7vnigg,00011,0,trainval,XgRlrBlS7Yg,50006,-0.2466755627019417,2.88
train,pretrain,sUf1ajkIAhY,00014,0,pretrain,2draXqXZmdM,00003,-1.9601515996531909,9.792
train,pretrain,6ul2TSvUDog,00024,0,pretrain,iclWthSVvBs,00023,8.753192182328679,8.704
train,pretrain,RWiI7AkDXSo,00015,0,pretrain,0bop3D7SdDM,00018,5.36157046061189,7.104
train,pretrain,XqsmITK1VO8,00015,0,pretrain,trxGZMm4nBQ,00036,-7.6736187260943005,4.096
train,pretrain,uEkgM9P2C5U,00025,0,trainval,S6pLPVfKFoQ,50005,-6.449767664827995,5.44
train,trainval,d6eMdixkoRI,50020,0,trainval,JS8fYhwrYzI,50008,-2.6895233024040905,2.112
train,pretrain,MgnnQ2CN6yY,00007,0,pretrain,j7c9b9A2AHc,00057,0.5178542171713669,6.976
train,pretrain,MLyguFQR5N4,00002,0,pretrain,HQNfpElOiZY,00017,0.8642869077874344,8.064
train,pretrain,bq39x2HWjNk,00019,0,pretrain,T3I6LwDSfPE,00018,-9.96422481829584,13.184
train,pretrain,AJg9SXIcPiM,00013,0,pretrain,yyW9W3e9VD0,00018,-7.582192785983732,4.8
train,pretrain,atKSMfx4E3I,00014,0,pretrain,vY2l2xfDBcE,00007,-8.98216034855128,4.544
train,pretrain,odyakQwtWwo,00008,0,pretrain,LNHBMFCzznE,00004,-5.601672322368341,4.992
train,pretrain,eOU3Tv0vN24,00015,0,pretrain,8qqLMFBGvWI,00011,-2.1969098219307366,7.424
train,pretrain,Lh9lDWPMWrM,00015,0,pretrain,maCww8AXIvg,00017,-7.3162182384657175,3.84
train,pretrain,S3SnIMZ43EQ,00037,0,pretrain,nSOSNWblMNE,00001,3.3573060997981248,3.264
train,pretrain,HMYVHShBGWg,00024,0,pretrain,SwiaaqKdtjw,00027,1.8469147050007635,3.136
train,trainval,syjEN3peCJw,50003,0,pretrain,AAkEYcmCCCk,00019,-9.295745770332962,6.08
train,pretrain,kvSuyUTx5Po,00005,0,pretrain,nPdUMWGWE28,00007,-5.651386952175088,11.456
train,pretrain,LKAhTELkOV8,00025,0,pretrain,c0H1zU2ytxA,00013,-2.7039752833666064,4.096
train,trainval,tAcQfn96yFk,50006,0,pretrain,NMBNZspmn7I,00026,-9.400343921338104,3.264
train,trainval,wSepGxx36To,50017,0,pretrain,eRQdAOrqvGg,00038,9.665695633446553,2.624
train,pretrain,Se8kcnUSuZw,00006,0,pretrain,DSSAz5nZBBM,00010,4.161450126731481,3.968
train,pretrain,xgsnrg8wfbQ,00001,0,pretrain,rufeSSlZJg8,00014,-6.4555540047146165,4.032
train,pretrain,TM4HiNOhkM0,00022,0,pretrain,qQIwTWJSd2I,00015,7.274515325835928,5.44
train,pretrain,yRUCU5FsvTY,00015,0,pretrain,DzNNS4rcIjs,00005,8.807480958826424,19.136
train,trainval,LETgWDSSzSI,50009,0,pretrain,bTE0MRRXNzs,00008,-7.087896016802489,6.144
train,pretrain,3XDdhbrg2kw,00002,0,pretrain,Y350oOiunf4,00031,-5.111385808524291,5.44
train,pretrain,yFVXsjVdvmY,00043,0,trainval,kbAac9DxM1I,50011,8.826716291487358,2.432
train,pretrain,zDcaoTVy4fA,00002,0,pretrain,yBdyFKqwKy0,00010,9.20727688240936,5.12
train,pretrain,2Shh4UkPVCc,00002,0,trainval,xmlekZSSOWE,50004,7.3678438898510805,3.264
train,pretrain,O4bGOvkkHcM,00004,0,pretrain,S1VpOweDio8,00022,7.35293090290449,11.456
train,pretrain,5XD2kNopsUs,00013,0,pretrain,UUqr4P7P3gM,00016,-0.8387727597654049,11.136
train,trainval,t1owaS144N4,50007,0,pretrain,7Y9W1Gex660,00021,-9.85260211706511,2.048
train,pretrain,EZwxKPv1CwA,00001,0,pretrain,MSE5Vryrd0I,00014,-9.53466548006024,5.696
train,pretrain,utV1sdjr4PY,00023,0,pretrain,tJ8sXlSHrjM,00001,3.2068631330880955,7.808
train,pretrain,AK9OBSx77S8,00007,0,pretrain,Oa82WNk0mis,00023,-0.9096766414118171,3.968
train,trainval,fBLErez9ljw,50007,0,pretrain,N0vRIqeoefs,00002,-4.107955900799693,3.648
train,pretrain,ea3HnhOLC9g,00010,0,pretrain,TYFH0DSjyqc,00022,-0.09616051560018768,9.856
train,pretrain,1Gtc0ounD5I,00013,0,pretrain,70uaS1e9YN0,00023,8.883124906137489,2.88
train,pretrain,iclWthSVvBs,00017,0,pretrain,r3L9n20myqk,00022,-3.0432920828584464,6.976
train,pretrain,S1VpOweDio8,00028,0,pretrain,FnL7I6tESAs,00008,9.445982235319754,3.648
train,pretrain,HMYVHShBGWg,00028,0,pretrain,vPhM8lxibSU,00005,-8.206043599236967,9.216
train,pretrain,PMBWNbj2awk,00009,0,pretrain,4FBFvWc7zf0,00007,0.14400926940131598,4.288
train,pretrain,3E7hkPZSHTk,00032,0,pretrain,i1MRJrm9Gts,00013,-4.264319824537295,5.056
train,pretrain,acikxzM6GaY,00018,0,pretrain,oTHSfmQo3Ok,00021,1.3763317477964776,4.352
train,trainval,YsUAEFJsOdA,50022,0,pretrain,MCeaijwHxS0,00008,-6.4178619056135355,2.816
train,pretrain,G88JZ1DIdg8,00004,0,pretrain,ZSRaJIMYSMs,00024,-5.279164374334893,7.296
train,pretrain,OtNpDaQqNSQ,00007,0,pretrain,FLbEKpLS5Z0,00017,0.9565362048709343,9.28
train,pretrain,Bc2wVyl8RLI,00023,0,trainval,X9NFPZGyDPg,50001,4.815082923425917,5.44
train,pretrain,VYU25aJpg5o,00051,0,pretrain,4GKTEDqbQIw,00015,-6.711978510490417,7.296
train,pretrain,gZpcTVqpaPw,00037,0,pretrain,eaelI0u4Sz0,00004,7.437900601934473,5.376
train,pretrain,pmKNXZmfIMU,00013,0,pretrain,zCvSZBy6SyU,00019,0.6200958843024296,10.048
train,pretrain,ppRtQCAbzPk,00008,0,pretrain,oGlsUYGMYks,00005,-3.55647849278202,12.16
train,pretrain,JVwLjC5etEQ,00007,0,pretrain,POU1HjdXziM,00007,-4.456467300035096,3.072
train,trainval,BJsrYqPtXFM,50001,0,trainval,6Af5tJzSR2w,50013,1.328779111166332,3.648
train,pretrain,16p9YRF0lSg,00013,0,pretrain,z9CabT4Kcz8,00002,-1.485836107081802,18.752
train,pretrain,6tpsSu5O0Ws,00034,0,pretrain,xh8el8m9mLM,00005,8.14358127779095,10.24
train,pretrain,njESlZa2b10,00015,0,pretrain,uFIc7XEVyM0,00031,0.7415955602508344,10.752
train,pretrain,VlC93dig40E,00016,0,pretrain,HALd9FY5SVQ,00002,-8.216243056263707,5.568
train,pretrain,nVEvzeIXbpk,00033,0,pretrain,KVhWqwnZ1eM,00008,-4.243604148880527,6.656
train,pretrain,4lzs5wpLkeA,00009,0,trainval,zSbCNWyYams,50003,-2.7158568747171197,6.144
train,trainval,ZJPdJuhI03U,50004,0,pretrain,hscdmpKGqrQ,00032,2.559201190547711,5.056
train,pretrain,rYwTA5RA9eU,00002,0,pretrain,XAvE61JqkQs,00044,3.5512214009071883,8.384
train,pretrain,PtBKP4fVAvI,00001,0,trainval,y2X7c9TUQJ8,50016,-9.333052938146253,3.328
train,trainval,IHyR7p6Shn0,50039,0,pretrain,qH66lTtW4Hg,00009,-1.7674590077856411,4.48
train,pretrain,KqbRh4NIE54,00037,0,pretrain,ts9JpM0gHMU,00049,-9.083132807615112,12.16
train,trainval,501FEzbB1JI,50010,0,pretrain,UqyOedEHIrw,00002,5.178663688121581,4.352
train,trainval,NcPusGLnqAc,50002,0,pretrain,7O7BMa9XGXE,00003,-8.89736136140911,3.136
train,pretrain,BCvzpm4d2gs,00012,0,pretrain,FrgzvykPILc,00018,-6.612391779768352,7.488
train,pretrain,Mjl1i13JKNM,00008,0,pretrain,XkiXXPShycA,00037,2.644525485872194,7.168
train,pretrain,MSE5Vryrd0I,00016,0,pretrain,jSSqQDPGW2k,00025,-3.4861394940095654,9.216
train,pretrain,hqQSTqVNnOY,00020,0,pretrain,uhRhtFFhNzQ,00036,-9.632638596575202,4.8
train,pretrain,CSSBGTJgBGo,00002,0,pretrain,MkSSu32xfGc,00006,2.9407125157967062,8.064
train,pretrain,6Eu964BbJO4,00015,0,pretrain,bhgonb4EqXI,00016,0.6030661959889816,10.688
train,pretrain,PFVP8L3SlfQ,00007,0,pretrain,XgRlrBlS7Yg,00006,-3.8646540434072696,10.816
train,trainval,d5wfMNNr3ak,50020,0,pretrain,H50eCfpquBI,00014,5.705940895424202,3.264
train,pretrain,r9LelXa3USI,00020,0,trainval,YVzSVEJa5Gg,50004,-9.676858908711715,2.688
train,pretrain,r3afSFSG570,00021,0,pretrain,pcSlowAhvUk,00039,-3.5008231810107677,3.84
train,pretrain,ZBrbHy7l3tg,00013,0,pretrain,KTvSfeCRxe8,00040,4.129866278724897,7.04
train,pretrain,aSLSiIskEFU,00003,0,pretrain,xV7IvRT5Qyw,00007,-4.715472874702906,6.784
train,trainval,BnC6IABJXOI,50013,0,trainval,HonUUtuCSwM,50007,8.688619824750173,2.496
train,pretrain,wJttdkKo4nM,00008,0,pretrain,sbbzZYJSoJ4,00017,4.829618630214549,4.8
train,pretrain,gzcwS02ZB1o,00004,0,pretrain,y7A4dZIyI0g,00008,-5.940417256345906,9.728
train,pretrain,BnC6IABJXOI,00008,0,pretrain,rSfHY43qLWs,00008,4.803731958070516,3.264
train,pretrain,Mgbf3cq7lms,00025,0,pretrain,a17Z5Sk2XJY,00034,-3.5938977677076505,7.616
train,pretrain,KQEWc3LVfyc,00093,0,trainval,e8JK3qVGuUg,50010,-6.130918175946531,3.84
train,pretrain,Sf8j5LFv3nI,00016,0,pretrain,o0I0Poe3qlg,00015,0.37201905007849945,7.04
train,pretrain,3lxyiS3CGrk,00016,0,pretrain,hgui64Kr0Go,00006,-7.0558564236305195,7.296
train,pretrain,tlS3r8Gid90,00031,0,trainval,B0ESVNX1SYk,50004,5.378173600832623,5.632
train,trainval,2R1lZSN4SSo,50002,0,pretrain,kOPMqiKhoSc,00030,-3.0285358955930253,4.992
train,pretrain,IU1i2IlkLbU,00004,0,pretrain,43e6eAAeGCs,00033,3.3089997272850287,17.6
train,pretrain,zIwLWfaAgS8,00004,0,pretrain,MQrhPhan5Gw,00018,-7.4552232669141105,8.64
train,pretrain,FcoJt2KLC9k,00034,0,pretrain,mLufqwmPl1A,00022,2.1157121251553264,5.568
train,trainval,11Mq9ZuxZMc,50001,0,pretrain,SZSul0GzzM4,00014,2.5541797626469105,4.608
train,pretrain,G8cjIBwP52o,00012,0,pretrain,2dRlssVF7fc,00012,-2.8902132241863443,5.184
train,pretrain,ygKNRnz7q5o,00027,0,pretrain,nG1oCU0ijP0,00014,2.490400529251062,5.632
train,pretrain,C2SVEM19NHA,00026,0,pretrain,F0ofeD8VKMA,00018,2.3917009837672367,6.72
train,pretrain,50m48lpi4AU,00004,0,pretrain,jAGgKE82034,00031,4.343805274704472,18.048
train,pretrain,xnovQVRHj5c,00052,0,pretrain,ISSupr6ayqw,00012,0.026858173227847004,9.792
train,pretrain,HQIi3nUXh0g,00014,0,pretrain,Ligs82S0qN8,00006,-9.296513331926553,3.776
train,pretrain,rYwTA5RA9eU,00002,0,pretrain,5tUnSuoYKoE,00082,7.228503103926631,8.64
train,pretrain,xGGtRQ3wCB4,00003,0,pretrain,6weGCM3sWKc,00008,-4.751255614960071,3.776
train,trainval,k8OgHJ4WXR0,50003,0,pretrain,415VX3QX4cU,00011,9.976205860780162,4.032
train,pretrain,1gAQ82IHyZ8,00009,0,pretrain,68c2M4r9oQg,00021,-6.208500573443272,5.312
train,trainval,6SdtkXAQq3k,50005,0,pretrain,bq39x2HWjNk,00025,6.673023180369832,5.824
train,pretrain,bzlYyhh3X0w,00016,0,pretrain,vwhSTukb07U,00009,-1.8566119759820943,5.824
train,pretrain,BCvzpm4d2gs,00038,0,pretrain,5LrThfSBeq0,00024,-0.8075666315255585,11.328
train,pretrain,sa0RUmGTCYY,00032,0,pretrain,PYSkd46RfVE,00060,5.888162924233377,9.728
train,pretrain,OwRAFCrsDS8,00028,0,pretrain,QpmsftF2We4,00025,-3.8219691885828784,8.32
train,pretrain,3dqXHHCc5lA,00035,0,pretrain,cI9vSC1eQ18,00011,-2.959675222310876,5.568
train,pretrain,03h0dNZoxr8,00014,0,pretrain,HSzqFSOft20,00012,9.987598581999691,7.872
train,trainval,g3TyY9y8mBc,50007,0,pretrain,aqhzFd4NUPI,00038,-4.5185188379028585,2.048
train,pretrain,8FKYe2v0teI,00019,0,pretrain,y2X7c9TUQJ8,00025,-2.182311351922235,5.76
train,pretrain,S2uSeHHzRto,00025,0,pretrain,z4kwU6z6ORg,00030,-8.332672557978626,4.288
train,pretrain,vvEH93EQiKg,00017,0,pretrain,4xnVNvd8lBg,00006,-1.7246823910394493,11.456
train,pretrain,nLecuOcB3dA,00005,0,pretrain,nz0cAjXVepg,00007,-4.031301995971692,7.552
train,pretrain,u9hauSrihYQ,00022,0,pretrain,1InHN8JPazA,00010,-6.259484683425571,4.416
train,pretrain,pysNMB033co,00021,0,pretrain,DajRM7VyeZ4,00001,3.8762316074249004,3.968
train,pretrain,xeFl0RE31x0,00003,0,pretrain,aSJn0xD0TXs,00001,-6.0050367917234375,5.76
train,pretrain,vYV4tAq3wVg,00005,0,pretrain,WaGq9XwSVys,00008,-7.41730621690619,14.208
train,pretrain,xlngY8QCEt0,00001,0,pretrain,SypPoKpQi6w,00012,-6.730290118602202,3.776
train,pretrain,UJv5B7s1DdE,00015,0,pretrain,C44r6knuJtU,00009,5.027669505107967,3.776
train,pretrain,L6N06hTuESE,00017,0,pretrain,SxwLfSlkJDI,00004,-2.6162575106059656,7.36
train,pretrain,Eeas8QU5TzA,00011,0,pretrain,dJEwC4wCM70,00030,-0.7529426105866008,4.032
train,trainval,BoRUrWcdkQ4,50014,0,trainval,nPdUMWGWE28,50001,9.700795544497936,6.08
train,pretrain,potB0voQzNg,00065,0,pretrain,6qTfX4U6CS0,00036,-0.8459646922501243,7.04
train,trainval,HbQZ7jAvgoI,50005,0,pretrain,CWU13rx44j8,00003,8.120854239306624,2.56
train,pretrain,6tpsSu5O0Ws,00025,0,pretrain,QjpNV6QjG1c,00001,-2.1180110309194706,10.048
train,pretrain,Se8kcnUSuZw,00009,0,trainval,4BwSMSCFdu0,50017,3.719156248070961,5.76
train,pretrain,DWZsOe1j2w0,00026,0,pretrain,VGpZ06RlVfI,00024,-8.123441683443325,16.512
train,pretrain,rEgSZNB3qyI,00027,0,pretrain,ElJxUVJ8blw,00060,-9.081843493572846,6.976
train,pretrain,hvJ4KlVlqV8,00039,0,pretrain,c6mhFgAjqwA,00036,4.53860402383688,5.12
train,pretrain,xbWcLYOniWU,00005,0,pretrain,BwHAYgOnZSU,00004,0.39652600411218586,15.168
train,pretrain,5iqZzi9mj4M,00031,0,pretrain,cQ3PWXoYIoE,00017,-4.914678618019261,6.656
train,trainval,0SUTgoPUTLQ,50004,0,pretrain,tRqVPRwKn2o,00009,0.27683385701106644,4.416
train,pretrain,jh7TYJHec2s,00018,0,pretrain,SXOZflB1BKo,00011,-9.597963462334057,4.48
train,pretrain,HFFBkbsSFY0,00047,0,pretrain,6AvXhgXlGpE,00028,-8.49082117796997,5.696
train,pretrain,v7UKkzIaSsQ,00043,0,pretrain,KxDwieKpawg,00025,8.950722750363166,12.864
train,pretrain,F0ofeD8VKMA,00003,0,pretrain,CK5w3wh4GSM,00019,7.961778752592473,5.696
train,pretrain,pLCeQyxVWB8,00018,0,pretrain,F17SKiAZOxg,00059,5.781285142886183,3.968
train,pretrain,g2m97gPI70I,00023,0,pretrain,Qd7PiXg5fKE,00016,4.361036298401618,5.76
train,pretrain,xS8jLsYoSic,00007,0,pretrain,fHfhorJnAEI,00002,-2.9634452901972397,9.728
train,trainval,x8jdxSlf2Dw,50009,0,trainval,YO0lbdhF30g,50007,-1.4219563153356756,3.584
train,pretrain,Cqj0sgrNL10,00015,0,trainval,asgdGSGQBgY,50013,-4.101023619606936,6.144
train,pretrain,w4RLfVxTGH4,00026,0,pretrain,cMXFiYhm79g,00001,3.552274839516059,4.416
train,pretrain,gEH4gSeSt3g,00002,0,pretrain,XFOkSdlPafQ,00004,-6.304698584271091,11.968
train,pretrain,oxpJGynSHJU,00006,0,trainval,1X7fZoDs9KU,50002,-1.7680919949941192,3.584
train,pretrain,0P0mBj09vwk,00007,0,pretrain,arj7oStGLkU,00031,-9.323916638242952,5.248
train,pretrain,dskNubEgzCk,00028,0,pretrain,2mU8xezh7rQ,00020,7.934159573266385,5.824
train,pretrain,c0Z7KeNCi7g,00001,0,pretrain,PrZwUTdFmis,00008,9.695843885642695,4.992
train,pretrain,F4RMDoGCCK0,00013,0,pretrain,ufp5iGh0agA,00015,0.2593571711847211,6.976
train,pretrain,FJFxLQCo83U,00014,0,pretrain,IXBalykzauE,00032,3.6905450858915856,4.16
train,trainval,bjNSaXg4S6Y,50002,0,pretrain,WWRXOqYwRkM,00021,-1.55381099495564,5.824
train,pretrain,WNTk29zXl4A,00038,0,pretrain,lbfhz7u0qyI,00004,-6.799152466602491,3.712
train,trainval,YO0lbdhF30g,50024,0,pretrain,dsfROmgVN5U,00001,0.40730772773846624,2.368
train,pretrain,deT1mILtFEY,00019,0,trainval,DGvPfD1Dd1U,50002,5.88187389641992,3.84
train,pretrain,lYdk1NK9Sr0,00009,0,trainval,ZCS0MZuVBwE,50009,-9.837588060624869,2.24
train,pretrain,nccPghNJjBQ,00016,0,pretrain,49aWAHqi200,00015,9.068932786713482,3.52
train,pretrain,BStjKYvEziI,00016,0,pretrain,CBSU7vJn0us,00014,1.781257439317649,3.456
train,pretrain,hxPiz2sE0h4,00020,0,pretrain,O90nfczjNHA,00014,-7.332389939699473,14.208
train,pretrain,JcCQS4YiTb8,00006,0,trainval,vqz49SrYRMk,50001,-6.874097602868849,5.696
train,pretrain,MLyguFQR5N4,00012,0,pretrain,y9Trdafp83U,00030,-6.1239472368944226,6.272
train,pretrain,ROXUPr8Wqds,00004,0,pretrain,t4kyRyKyOpo,00007,3.2536942550815358,3.392
train,pretrain,MOFdlEbu15g,00004,0,pretrain,HSmKRshF1SA,00024,5.387836169548077,4.288
train,pretrain,o0VrZPBskpg,00018,0,pretrain,eQdFkSSgHYo,00029,-8.272719613532939,7.04
train,pretrain,zsLz0mRmEG0,00007,0,trainval,wPFA8n7goio,50002,-3.5896088356551203,2.368
train,pretrain,pF72px2R3Hg,00011,0,pretrain,CBJMFvcR8PQ,00016,-7.390544544137343,5.312
train,pretrain,6XS8TA4RBog,00020,0,pretrain,65e2qScVSK8,00012,-6.183589057483044,3.456
train,pretrain,Lrdn4lazVBc,00005,0,pretrain,j51HsRILGKI,00011,-5.397599409227379,4.544
train,pretrain,pk35J2u8KqY,00005,0,pretrain,mkdSXHXhCcw,00081,-8.052150070615669,6.208
train,pretrain,aUYSDEYdmzw,00023,0,trainval,ea3HnhOLC9g,50001,-9.468634724490403,5.888
train,pretrain,QWN5xhV6v1U,00003,0,pretrain,GjYt5uQPu8o,00023,-7.177396234150384,6.016
train,pretrain,wEM9c7RoVms,00004,0,pretrain,gXlIASSrI4E,00007,-9.073609767584907,9.92
train,pretrain,gkKymhU7yi0,00002,0,pretrain,uKByBgqxOw4,00021,-2.2939745904502455,8.32
train,pretrain,v84pD2g3gSk,00041,0,pretrain,NEC7TiHoxvI,00021,2.530184707173401,4.736
train,pretrain,23Uuehgmd14,00017,0,pretrain,CZNrOzgNWf4,00023,3.9414761459725884,6.528
train,pretrain,lzSkIDxbzGA,00003,0,pretrain,9XFeW9dgyIs,00004,-2.3922720615326165,8.064
train,pretrain,b98IwSAeGQg,00011,0,pretrain,qCrVpRBBSvY,00017,-3.0705598216339762,7.616
train,pretrain,mi9B40hZYAo,00007,0,pretrain,DEmjzXi2lfI,00011,9.114775634413427,20.608
train,trainval,T9vLHFza8Uc,50008,0,pretrain,W3C23m71Yws,00017,-8.70264035976234,2.24
train,pretrain,iOByGJskqks,00014,0,pretrain,PkcBE74OYJw,00010,4.625917016615048,8.448
train,pretrain,dkLcwHmnPV4,00013,0,pretrain,X9FFzWUInyA,00018,5.036755605580993,4.288
train,pretrain,u7SWcQaoaRQ,00015,0,pretrain,gvGSfRhlvlw,00009,-7.917296122707667,4.288
train,pretrain,5HeZaYtfDf8,00009,0,trainval,GIt6Z0k3PQo,50002,-0.05927453123110027,5.888
train,pretrain,Fc1yN6uxZfQ,00052,0,pretrain,NhSTVcNFtVI,00015,9.355399910811315,10.112
train,pretrain,hLltkCSG5dY,00012,0,pretrain,qKJv4S5peJQ,00004,-1.867413763072868,7.616
train,pretrain,soqnBdPOwoo,00008,0,pretrain,zsLz0mRmEG0,00002,-9.816292714676715,8.256
train,pretrain,1l4B16s5i78,00010,0,pretrain,RgqtrlixYR4,00008,0.6076436199123254,10.048
train,pretrain,GB4s5b9NL3I,00074,0,pretrain,2zvjW9arAZ0,00084,3.4526780693662733,3.072
train,trainval,1NG7FoC5XRo,50003,0,pretrain,NwmGTM5Py8Y,00031,9.1298750669005,3.136
train,pretrain,IXBalykzauE,00009,0,pretrain,zawpbVpu5nY,00027,7.326530674653686,12.416
train,pretrain,6k8YBJ5sgko,00035,0,pretrain,BMDSPhk7JSY,00029,9.693726140803257,5.76
train,pretrain,y7l5QHRYSAI,00012,0,pretrain,ISSupr6ayqw,00036,-5.354362384546172,19.904
train,trainval,URSuWwvpn5c,50011,0,pretrain,jqWHy6B0ADA,00002,-6.595565598434277,3.776
train,pretrain,GqGksNRYu8s,00006,0,pretrain,n4EhJ898rSk,00002,6.397299390003191,6.656
train,pretrain,R84vqXjXWJc,00010,0,pretrain,GwRzjFQaSOg,00003,2.835948733403761,3.904
train,trainval,aqhzFd4NUPI,50030,0,pretrain,CSeFjLZqXt8,00002,1.140265827874174,3.968
train,trainval,r92jUj7gNRw,50013,0,pretrain,VM6HZqQKhok,00020,3.295858031683327,6.208
train,pretrain,O1j2A6ndEio,00012,0,pretrain,IgKWPdJWuBQ,00002,2.031232242415829,5.248
train,pretrain,lnHXhYSeOJ0,00009,0,pretrain,d6PS4p3IXLQ,00005,-8.938334898904293,6.528
train,pretrain,eRQdAOrqvGg,00033,0,pretrain,aUBawr1hUwo,00012,9.224595998661066,12.736
train,pretrain,dnMeyvtJpsk,00021,0,pretrain,zLNXIXingyU,00069,-7.663909645202596,9.216
train,trainval,2tCcoSRZqVY,50005,0,pretrain,5PhNVxr7Vtw,00026,-3.895646677775904,6.208
train,pretrain,ncwpzEoVZCk,00007,0,pretrain,XX30i6nC7ro,00024,-9.337475205674055,3.456
train,trainval,co2enjjt3J0,50004,0,pretrain,jSSqQDPGW2k,00018,-8.926393325558772,3.328
train,pretrain,gWmRkYsLzB4,00007,0,pretrain,3dy4SGkSD8M,00030,5.436273514280801,4.992
train,pretrain,9H38oQBw2HU,00017,0,pretrain,aSGIZBmGOsU,00011,2.7145459533707665,4.8
train,pretrain,UdsUVjeJuPE,00003,0,pretrain,qMppKiqMpAk,00017,-3.4409979178585415,6.208
train,pretrain,SZSul0GzzM4,00016,0,pretrain,2j00U6lUCSc,00028,4.251872576419558,7.808
train,trainval,dsT5eVSm7BA,50018,0,pretrain,v84pD2g3gSk,00003,8.023388766701615,2.176
train,pretrain,4tQee2SJgUo,00007,0,pretrain,YodRXxzhb7s,00001,-3.2825689050618205,12.928
train,pretrain,hRSw8DBbFr8,00009,0,pretrain,dOt4NkcmIUg,00026,4.193216065958914,6.848
train,pretrain,xEtXItg9hEE,00020,0,pretrain,QAd54DkXCr4,00017,4.5132085904698656,7.872
train,pretrain,CpkXmtJOH84,00008,0,pretrain,NXvITqGAiX8,00009,1.9741542657629836,3.456
train,pretrain,UdsUVjeJuPE,00003,0,pretrain,SLyoVkOl24E,00013,1.9197566298917437,5.248
train,trainval,MtSE4rglxbY,50005,0,pretrain,3dy4SGkSD8M,00028,-4.175719853202793,6.08
train,trainval,mgSx0q6AjdI,50005,0,pretrain,Svo01ldlTQc,00034,7.058663892146079,2.624
train,pretrain,y62pJTJkfbg,00035,0,pretrain,0JGarsZE1rk,00011,-9.770586640518495,3.84
train,pretrain,xTBYcSL3MrI,00003,0,pretrain,Hh09xlzxRmE,00042,-1.742967301020716,11.968
train,pretrain,y6FT80ZoVJY,00002,0,pretrain,4AaSUyfNN4c,00024,8.611117980892743,6.208
train,trainval,1XL8I9SIqRY,50001,0,pretrain,btF6nKHo2i0,00070,5.194626308203132,4.288
train,pretrain,CyElHdaqkjo,00030,0,pretrain,2wu28tI9VkM,00013,-0.7088497046702464,9.856
train,pretrain,6a6vVIdQBd0,00017,0,trainval,Wj7hmzfX5eQ,50015,-1.9919679839864735,3.584
train,pretrain,3NdSVi38RM8,00023,0,pretrain,Z1R1z9ipFnM,00027,-5.552366859825131,6.976
train,trainval,4XESlSz0TLM,50008,0,pretrain,bB5zR2xYhm4,00009,-7.478885474413901,3.776
train,pretrain,U9BzgnX3z6Q,00014,0,trainval,VehHPwAVL9g,50018,-4.030396735987425,3.648
train,trainval,PzSw6OsEP9Q,50010,0,pretrain,uNDWvejza4c,00039,2.887019588697978,4.928
train,pretrain,Bqx8abrSIYo,00009,0,pretrain,HfuZJVpNWR4,00008,-9.803572851790172,4.416
train,pretrain,x3AwnkR92EA,00015,0,pretrain,In6iAXTnqEo,00018,-2.553349666025559,4.928
train,pretrain,HlnhCdujYco,00017,0,pretrain,Jv2GGScsUc8,00009,-8.988541561729493,7.168
train,pretrain,MOFdlEbu15g,00047,0,pretrain,buRLc2eWGPQ,00034,-3.3184729324074924,8.96
train,trainval,NtOoDN0ojxo,50001,0,pretrain,FzApYQDIXlg,00012,-0.7954812733324683,4.8
train,pretrain,wDkH7Qpu6V4,00004,0,pretrain,YDvbDiJZpy0,00009,-0.5981193861091132,3.84
train,pretrain,CSUmoS40pqA,00032,0,trainval,N4wFyRGilp4,50009,-1.5735316243073214,4.352
train,pretrain,wEM9c7RoVms,00031,0,pretrain,ImQrUjlyHUg,00051,-1.8399390653982266,4.352
train,pretrain,sWN13pKVp9s,00012,0,pretrain,PzSw6OsEP9Q,00013,4.942470117906053,8.64
train,pretrain,kFMZrEABdw4,00015,0,pretrain,tsgvhP07BC8,00029,1.5582715539547216,4.096
train,pretrain,aR6jLD1USW0,00048,0,pretrain,4jBB5iibKy0,00001,8.842933025357379,3.456
train,pretrain,rzwJXUieD0U,00015,0,pretrain,S0hxl03JoA0,00023,2.0419668013406884,19.584
train,pretrain,r8Ff1XjSSeM,00002,0,pretrain,3BgPFIKCaOQ,00001,-9.426015198029534,3.2
train,pretrain,oPpE0AGqFuk,00020,0,pretrain,zBSaSy6aKTY,00006,-6.242381543483065,3.52
train,pretrain,2Oe6HUgrRlQ,00028,0,pretrain,vhhgI4tSMwc,00011,-7.554017653219658,5.568
train,pretrain,uDIyxxayNig,00035,0,pretrain,XBaRdmEVy8s,00009,-5.443783369628267,3.2
train,pretrain,HQIi3nUXh0g,00019,0,pretrain,SmoW9jvvMr4,00014,-7.19371212821184,8.064
train,pretrain,xjuY3lUfkK8,00011,0,trainval,SCEKKHyxgaw,50007,9.39497715045852,6.208
train,pretrain,nZLO2PnGzMg,00024,0,pretrain,u0VHC1SDOS8,00014,7.405075575612063,4.096
train,pretrain,DkyMCCnNI3Q,00007,0,pretrain,eNDhBSR1DZ0,00022,9.135701989204964,17.088
train,pretrain,seARHjX8Ssg,00021,0,pretrain,X5uGLbV5zVo,00002,9.921182518418668,6.848
train,pretrain,vNDhu2uqfdo,00021,0,pretrain,HALd9FY5SVQ,00017,7.091858158876974,4.288
train,trainval,zcMj4Az1MwE,50009,0,pretrain,ljqra3BcqWM,00037,-5.041463020945473,5.824
train,trainval,SvZXgApsPCQ,50025,0,trainval,Rpsf1YJsbbI,50010,-5.959371671120042,2.24
train,pretrain,oy25A7vnigg,00015,0,pretrain,4oFGmxZ2nqE,00014,6.28098070033942,16.128
train,pretrain,chXsLtHqfdM,00029,0,pretrain,yzm4gpAKrBk,00002,5.619475402575988,3.264
train,pretrain,B9DdIivSGts,00060,0,trainval,k8OgHJ4WXR0,50004,-9.465459937465964,2.368
train,pretrain,C8QCStOtqus,00002,0,pretrain,AIfBSkVI6NQ,00005,7.06921859923515,3.52
train,pretrain,73jPh0eRPSY,00008,0,pretrain,SZSul0GzzM4,00034,-6.42239713638499,5.184
train,pretrain,rni41c9iq54,00016,0,pretrain,ZX8MBBohX3s,00002,7.388022765095535,15.168
train,trainval,iU1bhHeCkoU,50018,0,pretrain,vFPkEIGUofc,00012,-0.5290806973194524,2.944
train,pretrain,2vVAzRN5ez8,00014,0,pretrain,gIzNS7YM6fw,00002,-0.900501812712303,9.984
train,trainval,gh5VhaicC6g,50003,0,pretrain,ErexJkoDhGI,00036,-6.806571551237441,4.8
train,pretrain,gpSnhBdsKE4,00007,0,pretrain,FqSVvAxDBRY,00010,-5.981590790413886,5.056
train,pretrain,YATYsgi3e5A,00007,0,pretrain,oXbhTHaMwTw,00022,-4.752153491682494,8.576
train,pretrain,qIVTKBeiabI,00015,0,pretrain,GRcvxDVDLCw,00022,0.5040321803662202,8.896
train,trainval,3vJ4SUH38dQ,50002,0,pretrain,FPhZGDS6kVQ,00012,9.06574055982762,3.904
train,pretrain,AlsFSLXjVdw,00019,0,pretrain,CQ6by9cmt54,00009,-4.229702151706087,8.128
train,pretrain,fvoWoMIwrSg,00008,0,pretrain,V2PP3p4S4R8,00025,4.134751934399517,3.648
train,trainval,MSE5Vryrd0I,50011,0,pretrain,OwRAFCrsDS8,00038,-0.5103019740887742,2.88
train,pretrain,F0ofeD8VKMA,00022,0,trainval,48oiapTn3K0,50007,3.589840089040486,6.016
train,pretrain,9KACXVScWS4,00052,0,pretrain,6Eu964BbJO4,00029,-8.403860543701853,6.592
train,pretrain,FAubx3BBgLk,00007,0,pretrain,esugL07XANg,00007,9.35871021579144,4.48
train,pretrain,7ShFmRzffOg,00040,0,pretrain,WSsjBMSWSYE,00010,-0.21680270240554478,3.776
train,pretrain,WQ2PFoHptK8,00014,0,trainval,ZdDjexbxVzM,50003,9.824091210104747,5.696
train,pretrain,nZLO2PnGzMg,00002,0,trainval,NJ9Iq7ReMDs,50001,4.452958802323128,6.208
train,trainval,0OkOQhXhsIE,50015,0,pretrain,czfduTtXLbI,00021,-1.3525350120007555,5.312
train,pretrain,LPrS7Skx9Y0,00041,0,pretrain,cfR6tiSWSAM,00021,9.357689159812086,4.8
train,pretrain,PiVB5niLrWg,00029,0,pretrain,FLbEKpLS5Z0,00025,-6.634065199534007,8.0
train,trainval,XVXmYD0UPRQ,50002,0,pretrain,IQDrStvBt9s,00004,-2.4257346766643657,6.016
train,pretrain,4c1lqFXHvqI,00017,0,pretrain,Acsv55lctGY,00026,-1.766049499668208,4.224
train,pretrain,UQkIbUvcs7w,00017,0,pretrain,UVDgemuZdho,00001,-3.1934223537683737,23.424
train,pretrain,gLDQr9i7LkM,00024,0,pretrain,UQkIbUvcs7w,00037,-7.023984455177454,3.84
train,pretrain,ilMwoEdqMTs,00030,0,pretrain,q06YIWCR2Js,00029,-3.1542684408262156,6.976
train,pretrain,qu7ZpWecIS8,00035,0,pretrain,8rZzHkpyPkc,00034,4.46327180411523,4.352
train,trainval,GDnYDLERnRE,50025,0,pretrain,hxPiz2sE0h4,00041,-8.808287264995688,6.08
train,pretrain,HYGvts8hre8,00008,0,pretrain,weWl6PqAdHY,00005,5.058524207433424,3.968
train,pretrain,JRHzQG0aI8w,00020,0,pretrain,WMAunz9LqZU,00014,-9.375737846032724,4.8
train,pretrain,ayVm441iZfo,00021,0,pretrain,J10EaonNV2A,00032,8.445780573082658,2.88
train,pretrain,LLmhQmicusM,00029,0,pretrain,FTUpFYo0rMI,00012,-4.462338235741862,6.208
train,pretrain,RuVdkNdeVAc,00005,0,pretrain,RxyQNEVOElU,00045,1.0960026013413309,6.08
train,pretrain,lyu7v7nWzfo,00002,0,pretrain,deT1mILtFEY,00021,9.164565067948914,7.68
train,pretrain,SfQVotsYV0Q,00009,0,pretrain,lzSkIDxbzGA,00026,4.744582463313362,4.736
train,pretrain,QbSD6PTcmfs,00015,0,trainval,a17Z5Sk2XJY,50010,-2.467976489887338,5.376
train,pretrain,xbagFzcyNiM,00011,0,pretrain,h1Yg1rURKR0,00024,-0.18170700017438257,6.976
train,pretrain,hiM48jSNZOU,00018,0,pretrain,wDxjss7kHRw,00028,3.315647032173798,4.032
train,pretrain,7tu9nJmr4Xs,00025,0,pretrain,3OMgvtWNHp4,00010,0.5345093936462764,8.896
train,pretrain,kEejVSZ5mLY,00010,0,trainval,501FEzbB1JI,50004,-9.88335067867384,6.016
train,pretrain,5MgBikgcWnY,00014,0,pretrain,9jRkACywckE,00005,-4.564819917006413,9.408
train,pretrain,FolCetXtYG0,00023,0,pretrain,R7vmHGAshi8,00004,-0.397679004663571,8.704
train,pretrain,mUJdzaLDRIo,00036,0,pretrain,oIGBBPspTKM,00039,1.8261258580838557,4.928
train,pretrain,7KtAbgvGEvY,00001,0,pretrain,6g3WUEgrvVA,00001,7.450007253262658,11.136
train,pretrain,DzWjaWFLjgg,00001,0,pretrain,6diqpGKOvic,00006,1.7201128056123025,9.728
train,pretrain,tsgvhP07BC8,00017,0,pretrain,PY9DcIMGxMs,00014,3.9768635518604416,9.216
train,pretrain,AR6RiSHN7S0,00033,0,pretrain,ORBf73HiJns,00006,7.976082245366271,12.736
train,pretrain,imhUmLtlZpw,00036,0,pretrain,BMcduh1HEHA,00023,1.3606202455233465,10.24
train,trainval,UQzvNIIMayo,50006,0,trainval,F5yvoSu2OV0,50005,0.8001856369174476,4.032
train,trainval,sjPRN2XGSts,50007,0,pretrain,H2rG4Dg6xyI,00034,9.244472409439076,5.824
train,pretrain,YVfR2sBWJ2E,00011,0,pretrain,VN357QrUdEc,00008,-1.5995886676562279,4.992
train,pretrain,j4LSwZ05laQ,00008,0,pretrain,R21MsHQA8vM,00035,-2.263290551889945,5.248
train,pretrain,esugL07XANg,00028,0,trainval,KI3WJXNhCJ8,50029,2.3317649900578186,5.888
train,trainval,9KaMufF0rAY,50017,0,trainval,pNttjJUtkA4,50001,4.2186482624493244,6.08
train,pretrain,0x2SkWRB8SA,00030,0,pretrain,xqPJKtFI42U,00018,-8.49597558720407,3.84
train,pretrain,MoSmgcxGYYE,00086,0,pretrain,J10EaonNV2A,00022,4.664625045293096,5.312
train,pretrain,MiOVX7qKQ24,00009,0,pretrain,lGbuCmuTJHg,00005,2.6459635253910605,5.76
train,pretrain,lxYFURQ7Ehw,00020,0,pretrain,Svo01ldlTQc,00005,-8.673091872414444,5.12
train,pretrain,6VWPHKABRQA,00037,0,pretrain,n9OhxKlrWwc,00013,1.1955945053591055,4.288
train,trainval,0iTehgSOZ8A,50031,0,pretrain,WCGuG0uT6ks,00004,-2.804671112022417,3.136
train,pretrain,M3fGS0tZDB4,00019,0,pretrain,eG2X0WRrb88,00011,-4.159936568066409,9.664
train,pretrain,q43uXdOKPD8,00010,0,pretrain,6xsvGYIxJok,00030,-9.132236046097725,7.872
train,trainval,xmlekZSSOWE,50005,0,trainval,7Iv2nZnZOrM,50018,1.0134720951036726,3.456
train,pretrain,quJdL9ggETI,00014,0,trainval,FLbEKpLS5Z0,50012,0.1853217516554455,5.568
train,pretrain,W1KIgMXPR28,00004,0,pretrain,j7c9b9A2AHc,00039,-1.5281092534532252,3.968
train,trainval,FTUpFYo0rMI,50007,0,pretrain,XsvgWEdydDI,00013,-1.842903861108649,4.096
train,pretrain,TQMbvJNRpLE,00014,0,pretrain,doVRMBPUOhA,00015,2.029676304205859,19.776
train,trainval,sIPvnWZ5O6Q,50005,0,trainval,kYXiegTXsEs,50026,-2.594443009205265,2.304
train,pretrain,o2WyXD7IaN0,00007,0,pretrain,VMXdSkW6hns,00015,-6.821951211528274,3.52
train,trainval,UGtFXtnWME4,50007,0,pretrain,YhJPoyv8O3A,00027,9.556745024883043,3.648
train,pretrain,Hh09xlzxRmE,00032,0,trainval,VNGFep6rncY,50001,8.949378675693161,3.776
train,pretrain,9fyjlxizLFI,00009,0,trainval,njESlZa2b10,50002,-5.06860860421702,2.496
train,pretrain,9YeQi5Zqy1I,00008,0,pretrain,dJEwC4wCM70,00027,1.256282794426447,9.92
train,pretrain,95MmftgCHMo,00001,0,pretrain,bpi6us7wQfE,00010,-0.7421964480978858,18.24
train,pretrain,mMYhgTgE6MU,00010,0,pretrain,fBQnQTkhsq4,00013,-4.467754572387146,8.704
train,pretrain,5nys6iebjHw,00037,0,pretrain,WvvuLDX7iIk,00022,-5.899326132404696,4.416
train,trainval,c8re1U9rCo4,50013,0,pretrain,FwLeiY5f7sI,00005,-8.94161561382483,6.208
train,pretrain,gK2AkxzFeDM,00021,0,pretrain,PrIvtWhI1DM,00013,2.243371452201867,10.944
train,pretrain,nz0cAjXVepg,00016,0,pretrain,cZ7LzE3u7Bw,00006,1.4278503483278016,15.296
train,pretrain,QEhT4caTVnY,00003,0,pretrain,6LpSNMaU0r8,00011,-8.04344192621381,6.272
train,pretrain,dvuh1Np35Pk,00032,0,pretrain,mMDuakmEEV4,00036,-3.7038674035829438,18.24
train,pretrain,breDQqrkikM,00031,0,trainval,LCxcnUrokJo,50003,-7.057801099501826,2.368
train,pretrain,7E9a24Nw6Cg,00004,0,pretrain,2SlbsnaSNNM,00021,9.436043570565232,4.416
train,pretrain,tVIaoQrnAxY,00020,0,pretrain,NwmGTM5Py8Y,00047,-9.47249643435681,3.456
train,trainval,9SQYDFiWnSs,50006,0,pretrain,NhSTVcNFtVI,00022,6.798049500106135,4.928
train,trainval,SJ0G1iCLzCA,50002,0,pretrain,BMcduh1HEHA,00021,-8.258787214193365,5.568
train,pretrain,6aRz72yxHQo,00011,0,trainval,9VOHt1oULJ0,50002,3.829537022957348,3.968
train,pretrain,LhszKevcH30,00006,0,trainval,EgU3iSg8ZRY,50004,1.6121709673794484,2.432
train,trainval,9VXOknUbzBM,50019,0,pretrain,WSsjBMSWSYE,00019,8.908316579737189,5.504
train,pretrain,7DESF3jSPVo,00006,0,pretrain,YglyHzvBqpA,00002,-1.5398172940413808,7.04
train,trainval,MLKj1puoWCg,50010,0,pretrain,gDMOcSWCTW0,00010,8.502894646195934,4.352
train,pretrain,FJFxLQCo83U,00055,0,pretrain,pF72px2R3Hg,00020,-5.0990291301408135,2.944
train,pretrain,iRSjlgWE9GQ,00038,0,trainval,0ygtX2nyexo,50042,-3.696021370556963,5.696
train,pretrain,KQEWc3LVfyc,00075,0,pretrain,b2qM1ISJCEQ,00023,-6.7926714947336775,6.848
train,pretrain,9usocDBGnvA,00006,0,pretrain,V2DgJBx3cyA,00005,-2.8988539969536493,13.952
train,pretrain,ydKcaIE6O1k,00021,0,pretrain,7jx0dTYUO5E,00014,-4.346406968302374,10.368
train,pretrain,V1qHNrQQHZI,00011,0,trainval,o08ykAqLOxk,50008,2.6818866462344424,3.84
train,pretrain,oSv7E8WK2Iw,00018,0,pretrain,TdtoAQFStBk,00006,7.75555532428703,8.192
train,pretrain,WiGZGBowXQg,00017,0,pretrain,D03n5dAmBSE,00003,1.710296498231303,3.84
train,pretrain,25onkAGt3Gs,00028,0,pretrain,S2uSeHHzRto,00023,1.507860977007656,6.336
train,pretrain,HS8y0WLm78U,00082,0,pretrain,BMDSPhk7JSY,00032,4.172722258983104,7.36
train,trainval,MIRoB4LStDY,50004,0,pretrain,HJY8gMsonU0,00018,-9.445350181301098,2.24
train,pretrain,rQNisRKhSiU,00002,0,pretrain,LSn4OF7G9BM,00020,8.528799160430868,16.448
train,pretrain,tH5iEf9oxaI,00019,0,pretrain,3lxyiS3CGrk,00018,-7.269204932873537,10.88
train,pretrain,B905LapVP7I,00021,0,pretrain,rpOwTspdwkI,00037,-2.0451963161184743,4.352
train,trainval,THJUvXkqmBk,50005,0,trainval,Wm0GKnd3JvA,50002,0.13506530710996678,2.24
train,pretrain,DJGreSgaOTc,00037,0,pretrain,gjq2BoAF0JA,00002,4.122914008293083,6.464
train,pretrain,Z24sXLBnOu4,00010,0,pretrain,jMVAgCPYYHY,00021,3.2681442202440536,3.776
train,pretrain,zIXX3HPgEnI,00003,0,pretrain,zaufonUBjoQ,00006,-6.610328456203529,4.16
train,pretrain,S3SnIMZ43EQ,00020,0,pretrain,lUO0xDSJQVI,00003,8.720399977430855,8.576
train,pretrain,f6CILJA110Y,00001,0,pretrain,YYIXwJD7zeY,00005,-4.496357659877543,4.928
train,pretrain,Vqm8fXFFHyY,00011,0,pretrain,risdUQ3dvrk,00005,6.63087985012335,16.128
train,pretrain,qtcWebAYmKY,00017,0,pretrain,6tpsSu5O0Ws,00001,-2.254106333098253,12.096
train,pretrain,pPgd7Hj3ABQ,00013,0,trainval,B5MkpzMAOZM,50003,1.6132349388008933,2.176
train,pretrain,9X68dm92HVI,00028,0,pretrain,exjlR7izakg,00007,-6.643824038804977,3.52
train,pretrain,cMhPOiuDzBc,00009,0,pretrain,M9pPgIraoOM,00024,7.535312577547497,5.312
train,pretrain,acNGOQO7URc,00003,0,pretrain,cWCSzDdF74s,00020,9.707217360693647,4.608
train,pretrain,40riCqvRoMs,00006,0,pretrain,abMQhaMdQu0,00028,-0.800470540831629,15.168
train,pretrain,9jRkACywckE,00006,0,pretrain,1CN7PF10RKo,00016,0.13026136350218387,16.448
train,trainval,R1vskiVDwl4,50002,0,pretrain,hBOVuIIQUFc,00005,-3.65842578107324,4.416
train,pretrain,yuewc0SEn8M,00010,0,pretrain,UQYoWwHg3qA,00006,5.70151802260072,7.104
train,pretrain,xp0O2vi8DX4,00029,0,trainval,p7YRnLbmLGs,50010,3.696625352192539,6.016
train,pretrain,Ztgadh2C3So,00008,0,pretrain,ZpT0cw9bmiw,00002,8.643149509840239,4.096
train,pretrain,oCBYfGXSAlA,00013,0,pretrain,AU66C6HePfg,00007,3.9963843426938936,5.248
train,pretrain,0D9QIG36J9Q,00005,0,trainval,bbT8jSPS2LA,50019,-9.41894880706673,6.208
train,pretrain,N9HF8mMe2pU,00043,0,trainval,eCknUJJc3qU,50006,-5.132198564673933,5.504
train,trainval,XGq3MXQlRJs,50015,0,pretrain,9uuhxGhD9bo,00014,1.719241044852268,5.12
train,trainval,tlB1pFwGhA4,50020,0,pretrain,X77DUi9PD4Y,00012,-2.020649717248146,2.368
train,pretrain,rPh3c8Sa37M,00009,0,pretrain,p0wY7IHCwlI,00006,9.234825697270512,11.52
train,pretrain,7JQbyvNjM74,00002,0,pretrain,WCj82W7XkjI,00010,-3.479414505560367,4.416
train,pretrain,9SQYDFiWnSs,00009,0,trainval,ue4L8kmaKXQ,50014,8.461806953103064,4.096
train,pretrain,mT4Qbp89nIQ,00002,0,trainval,yDpnTrF9N6w,50002,6.789140969718272,3.392
train,pretrain,MOFdlEbu15g,00070,0,pretrain,cSsxBTNF2U8,00038,-6.1089440230867975,4.032
train,pretrain,Br1AIvMrvAE,00032,0,pretrain,yVwAodrjZMY,00044,0.638021967970916,17.28
train,pretrain,DG7kSeazMQ4,00040,0,pretrain,zIwLWfaAgS8,00014,5.010736430837085,6.336
train,trainval,MwzqSswl4cI,50012,0,pretrain,F17SKiAZOxg,00011,-4.13246681915743,2.816
train,pretrain,w2mJMS09Qjk,00017,0,pretrain,PL9wP3pAl7A,00006,-0.9553087508555009,8.256
train,pretrain,askcLEVCTko,00045,0,pretrain,NcmxEPOQQzg,00022,0.8231240714453598,6.208
train,trainval,IdW9UYlxlVY,50006,0,trainval,h0dSQDgl3gI,50021,-6.350680918046674,2.624
train,pretrain,kpyc84kamhw,00042,0,pretrain,D9xJl4S6NsM,00002,-0.9516735526815534,9.728
train,pretrain,bDbN8R6Gb6Q,00018,0,pretrain,eSndlO2SMIQ,00001,-1.5152925232092844,2.176
train,pretrain,4jUdCy6Vghw,00035,0,pretrain,IeblJdB2SVo,00017,5.262673945684069,3.84
train,pretrain,W9wwvA5BRZc,00001,0,pretrain,9fyjlxizLFI,00016,1.9492013096760719,17.92
train,pretrain,dSKkk618ax0,00011,0,pretrain,5AcjM5BKfRQ,00008,-9.998414681204821,3.328
train,pretrain,U7y4GlmwPLQ,00009,0,pretrain,PTUcj45juXg,00011,6.464621891328257,4.096
train,pretrain,ofjRnIpXBF0,00024,0,pretrain,S2OzLREwHtI,00034,4.330446535432015,19.008
train,pretrain,12OAr0lt4bk,00002,0,pretrain,ttDM6ZtLUL4,00003,2.345472334081647,6.144
train,pretrain,HJYDwS09coE,00007,0,pretrain,WNTk29zXl4A,00034,-4.2013450655276285,10.496
train,pretrain,5sS3Yjh9Lw4,00016,0,pretrain,MiPXuEFAdIc,00002,1.971104015536163,7.168
train,pretrain,uBgRo9tnvSI,00024,0,pretrain,dk60sYrU2RU,00016,3.681772194900219,8.32
train,pretrain,3M29BY86bP4,00025,0,trainval,ImmtTHYU5GQ,50038,5.176616659850151,2.88
train,pretrain,jpRqbP9Nv9k,00004,0,pretrain,tlS3r8Gid90,00038,-9.118336409130565,4.032
train,pretrain,rSqYQXRVP0k,00013,0,pretrain,a6Qvzp516gY,00011,3.727887719458927,27.52
train,trainval,UyQIKwSPZGM,50005,0,trainval,XbgdpsXDU2o,50001,-7.143863839378408,3.2
train,pretrain,wmE8dQcZgB4,00029,0,pretrain,kLIfeGflNp8,00035,0.4971184614531481,6.912
train,pretrain,SPSq3cW672s,00019,0,pretrain,JSuTsrxfYWQ,00018,-4.351481161498423,6.848
train,pretrain,xWVWhSvNLtU,00011,0,pretrain,oAl82gFMZis,00022,-8.96455953947913,3.072
train,trainval,Possj5cXEnM,50004,0,pretrain,xpfxVRBddNQ,00001,-5.627552157093822,4.672
train,pretrain,sgTjCpBOeCU,00012,0,pretrain,NwmGTM5Py8Y,00031,-0.5716023600821458,3.136
train,pretrain,dhDBxxOKGlg,00004,0,pretrain,wvCMZBA7RiA,00028,6.922492930172673,8.576
train,trainval,RBElFl1aLtI,50005,0,pretrain,kyaiTGmwxnU,00018,-5.052226716003279,2.112
train,pretrain,mrZ6q4uUVL4,00011,0,trainval,ByuWS1bBwpc,50009,-2.603331151242636,4.096
train,trainval,WpldYJ3sSIo,50010,0,pretrain,Cqj0sgrNL10,00014,8.160373947326036,3.2
train,pretrain,0PAy1zBtTbw,00001,0,pretrain,bhHJ4DRZNZM,00013,-9.791446187096906,8.576
train,trainval,UGtFXtnWME4,50002,0,pretrain,Maw4XgS6RAw,00006,-7.6310151387910485,3.136
train,trainval,mozxTk3Brqw,50013,0,pretrain,uKByBgqxOw4,00005,-0.678281574293738,5.312
train,pretrain,ayhhuxAu6rw,00016,0,pretrain,ptIecdCZ3dg,00025,7.881191264823698,4.48
train,pretrain,KCL8NjN7FMQ,00003,0,pretrain,X9FFzWUInyA,00027,3.3822784197468607,3.968
train,trainval,01GWGmg5jn8,50010,0,pretrain,KzeQSZ3bQ2g,00010,-9.002533937867245,3.328
train,pretrain,5LrThfSBeq0,00007,0,pretrain,GjijgEch52Y,00007,1.0233007639135412,10.496
train,pretrain,rH0AlC2TbR8,00004,0,trainval,HJqtUUDhaxA,50021,-4.7774105906231075,4.032
train,pretrain,by3NnWvSCj8,00024,0,pretrain,p2MEGk5q1WI,00017,-0.3407847446134493,4.096
train,pretrain,RrFSO62p0jk,00016,0,pretrain,4Lb5LSVEm34,00036,4.0461315959930815,11.328
train,pretrain,WiGZGBowXQg,00006,0,trainval,Wj7hmzfX5eQ,50014,-9.17671806418597,6.144
train,pretrain,7jx0dTYUO5E,00041,0,pretrain,zuLOT6GsAxw,00012,-0.6515949881007757,14.976
train,trainval,G88JZ1DIdg8,50002,0,pretrain,q9Ou0cj3fF8,00053,9.788035103380938,4.736
train,pretrain,EZ9tC3PigiU,00004,0,pretrain,kSZEsPnhIXg,00001,-4.881049795474306,34.432
train,trainval,RKK7wGAYP6k,50001,0,pretrain,IL2lb9fmIV8,00016,4.5542694635527585,3.2
train,pretrain,AkUcaludrcI,00004,0,pretrain,ZdDjexbxVzM,00012,1.8199495998882504,7.424
train,pretrain,V1xt7zgnuK0,00008,0,pretrain,RkTE1LZStLk,00009,8.79866757302284,11.968
train,trainval,XMSQKG70a5s,50010,0,pretrain,wsIrdxDJpSQ,00021,-6.550808164614272,5.952
train,pretrain,YL1XwfyaS00,00005,0,pretrain,UyQIKwSPZGM,00004,0.6429573312074695,4.736
train,pretrain,JD4O7ama3o8,00016,0,pretrain,qQJHZZwI8zE,00004,6.700204243397774,8.0
train,pretrain,GDnYDLERnRE,00026,0,pretrain,cdpIwjTtLlg,00013,7.573049607960584,13.568
train,trainval,znO7UHpxgTI,50007,0,trainval,R2kOgSVF2Uk,50001,-4.483199151498449,3.264
train,trainval,1VRgmKiE0Js,50016,0,pretrain,dJEwC4wCM70,00039,-2.33887023502745,4.608
train,pretrain,Zwwanld4T1w,00028,0,pretrain,90mj79GqWhc,00009,-6.563588452084965,7.296
train,pretrain,mlrB6npbwVQ,00005,0,pretrain,VwRlHLBweoI,00008,-9.024427848727994,3.136
train,pretrain,fSSNmDcLMKA,00004,0,pretrain,FEeTLopLkEo,00003,-2.6801152554803087,6.976
train,pretrain,pX8zZdLw7cs,00006,0,pretrain,gWPFJgLAzu4,00013,8.630243225478427,6.848
train,pretrain,kcwBHSUevxo,00005,0,pretrain,Lh9lDWPMWrM,00017,2.0259595339384617,6.656
train,trainval,mi9B40hZYAo,50015,0,pretrain,3rbVQNTzCh8,00031,3.9871247328472155,4.288
train,pretrain,oHDq1PcYkT4,00031,0,pretrain,lhP52caGW6s,00004,6.807870256934141,9.856
train,pretrain,nLB8ASSQdHc,00016,0,pretrain,uPE0G00XFV0,00019,1.667666456713528,8.896
train,pretrain,3nsoNSLS8RQ,00010,0,pretrain,risdUQ3dvrk,00011,-9.140038874638863,11.776
train,pretrain,uKByBgqxOw4,00003,0,trainval,fIw07IX6rG8,50001,7.6966909832446575,4.864
train,pretrain,SryJK294Psw,00019,0,pretrain,fa6ERdxyYdo,00015,-2.117379294956814,6.08
train,trainval,eQdFkSSgHYo,50001,0,trainval,WCj82W7XkjI,50002,8.171323994724428,2.496
train,trainval,emn28FrJ6CI,50003,0,pretrain,QeAGu40vZzI,00008,8.834146715038088,2.88
train,trainval,Mgbf3cq7lms,50001,0,pretrain,iU1bhHeCkoU,00029,-6.846714469443304,2.496
train,pretrain,b28brIs1OmM,00006,0,pretrain,HirySSCYiwI,00011,-5.9996066834946005,10.816
train,pretrain,MgnnQ2CN6yY,00006,0,trainval,DkyMCCnNI3Q,50016,2.9309394090531917,3.328
train,pretrain,ts5MKtXNpMQ,00018,0,pretrain,5duz42kHqPs,00004,-5.610519817942619,6.72
train,trainval,Zx8uYIfUvh4,50002,0,pretrain,y2yka9lyvMA,00067,7.328318020915372,2.24
train,trainval,oLomVgNbNV8,50002,0,pretrain,0gMCZFHv9v8,00003,6.860610746400869,2.816
train,pretrain,wIkvIKeRNoY,00006,0,pretrain,S1VpOweDio8,00032,-5.757449033147104,3.328
train,pretrain,RtFFT4zjyTM,00005,0,pretrain,8oeiOeDqSNc,00018,1.9210613871341646,13.056
train,pretrain,cPsP4F1qYCI,00008,0,trainval,tFX1nQLZUVM,50002,6.33805344826904,6.144
train,pretrain,o0td5aw1KXA,00020,0,pretrain,te3u3MSpk1c,00011,5.600426748976359,8.832
train,trainval,XRWTyUVh0BQ,50006,0,pretrain,DnbC2Tii0S8,00006,2.569654461661891,2.176
train,pretrain,WAuDCOl9qrk,00013,0,pretrain,SeEsTtedvBk,00009,3.539825192562569,3.968
train,pretrain,60P7717SXOQ,00011,0,pretrain,5SOHiN8Ne58,00022,2.023762551662845,4.16
train,pretrain,LZXUR4z2P9w,00020,0,pretrain,DJMhz7JlPvA,00014,8.583756165965436,15.04
train,pretrain,DJGreSgaOTc,00054,0,pretrain,pcSlowAhvUk,00043,1.168401569989312,3.392
train,pretrain,hrpwRdijvCM,00023,0,pretrain,yXTtHmj1sr0,00019,-5.537935807001093,5.76
train,pretrain,luoKOkTxOtU,00019,0,pretrain,D9ZNpt6FVTY,00014,-9.067801636674023,13.056
train,pretrain,6xsvGYIxJok,00012,0,trainval,vdDFLzyk94k,50002,-5.251655329679825,5.376
train,pretrain,1KS10q6N2A8,00020,0,pretrain,ktbbm7ktuAM,00006,9.433390071926716,7.232
train,pretrain,VASXSkawBiY,00011,0,pretrain,tUAepQYyMY4,00003,-1.2601459551581922,6.464
train,pretrain,sHdYaMyR5S8,00010,0,pretrain,qFza3W87eDg,00034,4.2638624010815995,4.288
train,pretrain,asSNPOU5U3c,00007,0,pretrain,bVV2Zk88beY,00020,-3.842516810941394,3.904
train,pretrain,XRWTyUVh0BQ,00030,0,pretrain,cbSts8fUhB8,00014,4.420608043114507,11.136
train,pretrain,Z24sXLBnOu4,00014,0,pretrain,LH8MPbFoRjw,00024,6.799894841086328,20.608
train,pretrain,GOCUH7TxHRI,00004,0,pretrain,vPhM8lxibSU,00003,-5.955606459074985,9.92
train,trainval,XPAG3I8P34k,50004,0,pretrain,ORzTct2yITk,00001,-6.415341443005362,4.48
train,pretrain,FsGu5YTM1NI,00001,0,pretrain,C9mareySEAM,00019,6.5563813037373535,6.208
train,trainval,7ZWTG0SeCEg,50034,0,pretrain,6E3zVSCSGYk,00002,9.269965160720222,6.144
train,pretrain,sW9sr2SZ5kk,00011,0,pretrain,dhMoQrLEJe0,00012,-7.574817453450531,4.096
train,pretrain,f6CILJA110Y,00008,0,trainval,9qd36SQPxSY,50001,-2.9635379640870134,5.888
train,pretrain,bpi6us7wQfE,00025,0,pretrain,p49rv25dx0g,00012,3.6369103140618435,21.376
train,trainval,3q3WOrs8kAM,50013,0,pretrain,0HEXx3SP8kk,00020,-5.839825964673486,4.288
train,pretrain,kiUnJ1d8vvw,00009,0,pretrain,EfXidZmAW1s,00015,-6.055426005632601,3.84
train,trainval,vMwPTI54rqQ,50040,0,pretrain,mmhedbY8wjU,00022,-2.5397663834431388,2.688
train,pretrain,MbBHVL4hT90,00011,0,pretrain,6bCHq1OvGR4,00025,4.019996556640439,6.656
train,pretrain,7ZW8SLQftnY,00021,0,pretrain,ZSRaJIMYSMs,00004,-5.299312643461098,9.024
train,pretrain,VM6HZqQKhok,00044,0,pretrain,0af00UcTOSc,00050,-2.995768139128665,7.808
train,pretrain,AHcTWlxWzpE,00037,0,pretrain,3F2jACWwKdU,00043,6.5091698229635995,8.192
train,pretrain,mLufqwmPl1A,00009,0,trainval,SvBggxCNNno,50006,-1.9301726558151895,3.52
train,trainval,gLdBqrTOQxc,50001,0,pretrain,SvBggxCNNno,00003,3.750567370309529,5.888
train,pretrain,XRWTyUVh0BQ,00014,0,trainval,7SfRgg9botI,50003,4.726149728694617,2.624
train,pretrain,6Af5tJzSR2w,00012,0,pretrain,IKZCw4xdESQ,00015,-2.5597338734972874,19.072
train,pretrain,o2BJsFkzSYU,00008,0,pretrain,F8pUtbSgrxc,00045,9.80239400230489,6.72
train,pretrain,E0M1beV91js,00003,0,pretrain,HJY8gMsonU0,00012,6.90260557808687,2.176
train,pretrain,SJWoKsfsSaA,00020,0,pretrain,SJmnB54WRgk,00007,-5.385503189125274,5.12
train,pretrain,HsSvPqfsO0Q,00013,0,pretrain,v7UKkzIaSsQ,00024,2.259495666585247,8.448
train,pretrain,HCG1petekXw,00017,0,pretrain,6Co3dn0nSTk,00005,-2.064229911956506,10.176
train,pretrain,bXnTAnsVfN8,00018,0,pretrain,zvvZEIGNLo0,00012,1.4755483191960632,12.8
train,pretrain,7LPJrzZaoZg,00012,0,pretrain,sPQViNNOAkw,00017,8.873426908917317,8.64
train,pretrain,bf7BXwVeyWw,00013,0,trainval,S9u71TB0VkA,50001,0.7852822774859565,2.048
train,pretrain,vbHkhSfaQu8,00020,0,pretrain,C6mNITMY7e0,00015,-0.6888879125449563,3.84
train,pretrain,SAm3gtFB8xU,00001,0,pretrain,esugL07XANg,00016,-3.3742539351586824,5.632
train,pretrain,3sUWSDHOVn0,00019,0,trainval,nO69NjadSec,50010,-1.5367754887316032,5.952
train,pretrain,4ZgwzSm7sRs,00013,0,pretrain,iWHq2mSHwhw,00023,6.676257390584656,8.128
train,pretrain,ZPBTnWWWUY4,00007,0,pretrain,CfmNXPMjChs,00024,-8.275752029754212,5.632
train,trainval,m1LeGwELv9o,50001,0,pretrain,o4Nno6POrwE,00038,-3.7248644745311132,3.456
train,pretrain,YPLGuwXomYQ,00032,0,pretrain,dk60sYrU2RU,00011,8.074126264188358,2.304
train,pretrain,KZIGekgoaz4,00014,0,pretrain,SvSSb7cJn2A,00003,9.051273682587567,2.944
train,pretrain,40riCqvRoMs,00010,0,pretrain,xlggecnjOY0,00016,-9.994464945476654,6.592
train,pretrain,5iqZzi9mj4M,00050,0,pretrain,12OAr0lt4bk,00015,-4.848938571268951,11.328
train,pretrain,W0StyxgMk1o,00015,0,pretrain,2wu28tI9VkM,00015,6.286644708232281,6.72
train,trainval,IdW9UYlxlVY,50013,0,trainval,a7B39MLVeIc,50003,2.8093149776033233,3.072
train,pretrain,6wk4dkYSrV0,00006,0,pretrain,IDSSieLCmS4,00048,-3.1239052641256055,7.36
train,trainval,vZWokpaQ3NE,50016,0,pretrain,8jPQjjsBbIc,00039,-2.4519036040494875,2.56
train,pretrain,C0byYFXjRJM,00007,0,pretrain,K926HAKRFvw,00009,-7.092167389630366,6.016
train,pretrain,JolJi3uLMOM,00007,0,pretrain,DZT6YpCsapg,00061,-1.8577781964577174,3.712
train,pretrain,uCC3dS7FrkQ,00010,0,trainval,9VXOknUbzBM,50001,3.230012827202227,6.144
train,pretrain,RgqtrlixYR4,00027,0,pretrain,DokhOtMp75A,00003,-1.7177485022686216,3.968
train,pretrain,2jTdZSPBRRE,00023,0,pretrain,LSdPxGLesE4,00029,-3.462047817798,6.4
train,pretrain,o4Nno6POrwE,00033,0,pretrain,1LSE7KCN9xg,00005,-2.819258309204198,4.288
train,pretrain,5pXelS1clHs,00034,0,pretrain,eOvG4ZXQxUU,00013,7.153195702607494,13.952
train,pretrain,up4hFjSjcTY,00018,0,pretrain,2G8C36aKnpU,00026,-4.365675156256432,4.096
train,trainval,fSSNmDcLMKA,50007,0,pretrain,KQEWc3LVfyc,00050,8.725096291454946,6.016
train,pretrain,U9BzgnX3z6Q,00014,0,pretrain,tBoBC3nBoFs,00016,-4.345749029197594,5.952
train,pretrain,a2MR5XbJtXU,00017,0,pretrain,RxqyO5hafdk,00019,-7.18513469389795,5.696
train,pretrain,SeQ8vdtSXB4,00012,0,pretrain,uS3UYncNwz4,00019,-8.16028241288212,7.808
train,pretrain,h9x2SWgwhY4,00015,0,pretrain,ZmSF9gVz9pg,00008,-6.031683575194309,15.936
train,trainval,IdW9UYlxlVY,50022,0,pretrain,A7ktYbVwr90,00025,1.4106739746755448,2.88
train,pretrain,Qs9m8obl0AY,00001,0,trainval,vQILP19qABk,50010,-7.038668291581165,5.12
train,pretrain,EBKSa94IFHY,00007,0,pretrain,N9HF8mMe2pU,00009,-4.622876680547689,9.856
train,pretrain,mY2LIQbiGbo,00012,0,pretrain,iCXfJVCg1LA,00008,-7.451313749171495,8.128
train,pretrain,1rTEOU67zCo,00006,0,pretrain,EszGIvRdgTE,00006,6.512404245532434,9.216
train,pretrain,IGadg8xHVPI,00031,0,pretrain,7Xmr87nsl74,00002,6.984846647560762,7.232
train,pretrain,8qIbZL80jSw,00017,0,pretrain,KJ3lcCa0G4Y,00017,3.32825761459722,8.32
train,pretrain,CZNrOzgNWf4,00007,0,pretrain,2EeqUSQMjbw,00003,-9.663094068846084,4.352
train,pretrain,druJDI6hiiY,00022,0,pretrain,BDOSUiEh0eY,00027,-8.306492588260564,3.264
train,trainval,BA8XOF6IpXA,50006,0,pretrain,UUqr4P7P3gM,00001,-9.133168250798231,5.504
train,pretrain,UqyOedEHIrw,00029,0,pretrain,9uuhxGhD9bo,00016,-7.102682889813197,4.16
train,pretrain,8wSOZFBcwZc,00004,0,pretrain,Pr57T0RaSjc,00009,-7.915979305442937,5.76
train,pretrain,rKtmsVa4Kvk,00047,0,trainval,Mb8x6vLcggc,50006,5.176582966829169,2.496
train,pretrain,B5MkpzMAOZM,00047,0,pretrain,LTtTfCwkIW0,00005,4.443342775638621,6.08
train,pretrain,3Z6x5t5A9so,00033,0,pretrain,6Eu964BbJO4,00010,-9.750681370008126,5.184
train,pretrain,LiyaSr5aeho,00022,0,trainval,PMBWNbj2awk,50008,-4.2015928167282794,5.12
train,pretrain,o2WyXD7IaN0,00022,0,pretrain,FuahzV12mi0,00008,-2.5769702549688684,4.672
train,pretrain,66Smr600NjU,00007,0,pretrain,6LpSNMaU0r8,00017,-3.3944739808157776,7.616
train,pretrain,S47ZRF02Cyo,00008,0,trainval,MSE5Vryrd0I,50002,6.191256875046022,4.8
train,pretrain,ofsncCF9OSU,00073,0,pretrain,T8VS0LUCgmk,00012,-7.998621458549458,10.752
train,pretrain,kNhyOYv2ejw,00018,0,pretrain,o4Nno6POrwE,00010,-5.533855715454581,4.864
train,pretrain,f8U2GwInI9o,00022,0,pretrain,nLtUl2CP8ak,00016,5.322722474553572,6.336
train,pretrain,9MegHiL93B0,00008,0,pretrain,NyQ1wLFj0f8,00003,9.76937224379525,13.44
train,trainval,vbHkhSfaQu8,50002,0,pretrain,b2MSSeKey4o,00006,8.784629881806193,3.776
train,trainval,fv8KpQY0m6o,50008,0,trainval,7sqeoYOQ4qg,50007,-9.319511851683863,2.688
train,pretrain,d6wGSsAdP0U,00028,0,pretrain,sa0RUmGTCYY,00027,-4.955840281247756,5.248
train,pretrain,gSUvy6pvLA4,00019,0,pretrain,80GqbW1MmQM,00008,-9.692359797576733,12.352
train,pretrain,sNbGUSI9HWw,00042,0,pretrain,EZSf3Fc0ZRA,00040,-3.1783927750594465,7.744
train,pretrain,jdpIKXLLYYM,00018,0,pretrain,yldVmMfMyIg,00008,3.1375255296796585,18.816
train,trainval,kTqgiF4HmgQ,50006,0,pretrain,awtmTJW9ic8,00022,-9.589003346969259,4.992
train,pretrain,XiDAztWWAuM,00006,0,pretrain,Xmvpx1kIEBQ,00001,0.3055959806740898,10.496
train,pretrain,sCZiXfaa9ro,00006,0,pretrain,8b2vNkEtfpc,00027,7.566168594121212,4.672
train,pretrain,nx3GuO41Jyg,00005,0,pretrain,5HL1BEC024g,00008,-4.180608745694929,4.288
train,pretrain,v19OlWvdUSg,00004,0,pretrain,Syi9bqfFIdY,00031,0.2770467350971284,4.608
train,pretrain,JKsHhXwqDqM,00033,0,pretrain,yxC30tEjZk8,00013,-4.829367014022814,5.696
train,pretrain,hbkBSjNGSzE,00009,0,pretrain,qxmEpmCtM3o,00025,6.633807715552692,4.416
train,pretrain,GlUS6KE67Vs,00021,0,pretrain,r9DDE7NV1Nw,00008,4.027897315487625,15.104
train,pretrain,csnxJFQw98k,00010,0,pretrain,7ShFmRzffOg,00040,-7.015693053858976,5.056
train,pretrain,3dy4SGkSD8M,00004,0,pretrain,UdsUVjeJuPE,00009,8.668340335405205,6.272
train,pretrain,sDfhSIKFGz0,00009,0,pretrain,QbSD6PTcmfs,00013,2.3963155354663215,18.24
train,pretrain,60OVlfAUPJg,00055,0,pretrain,d0yGdNEWdn0,00016,3.5390048657596758,9.28
train,pretrain,M9pPgIraoOM,00013,0,pretrain,4jUdCy6Vghw,00021,2.142814934434531,10.88
train,pretrain,no809a9j25w,00005,0,pretrain,0C5UQbWzwg8,00020,6.292449136569903,5.888
train,pretrain,5XD2kNopsUs,00004,0,trainval,PwBgcjDVxxE,50001,-8.08479652556411,5.824
train,pretrain,jhm5OaXJVMQ,00010,0,pretrain,4a6ZRstYlgw,00027,2.2637484924649733,2.752
train,pretrain,k5hspA18IU0,00015,0,pretrain,2L1R7OtJhWs,00050,-2.2330861925964935,4.352
train,trainval,kiDfwUQySEs,50021,0,pretrain,f6CILJA110Y,00047,9.26751625725305,5.888
train,pretrain,vNDhu2uqfdo,00006,0,pretrain,DZT6YpCsapg,00019,-4.4458062148427535,6.208
train,pretrain,DEmjzXi2lfI,00016,0,trainval,vzi4AopBEBg,50003,-8.687895432621184,5.952
train,trainval,SQe8cR4Jl10,50008,0,pretrain,uEkgM9P2C5U,00036,3.635503181251112,2.24
train,pretrain,bEdvQjTGYP8,00009,0,pretrain,mkdSXHXhCcw,00060,8.098783488799896,6.08
train,pretrain,NgbqXsA62Qs,00022,0,pretrain,AHfiKav9fcQ,00029,9.025720589905092,10.688
train,pretrain,vhhgI4tSMwc,00046,0,pretrain,F8bM8K7WSR8,00028,-4.545031592801314,4.672
train,pretrain,HHwXlcHcTHc,00028,0,pretrain,X6Zo53M0lcY,00011,-9.422198938027858,8.256
train,pretrain,BMdMSmtTgD0,00021,0,pretrain,kWnsmzSSgdI,00008,-5.2658325646109905,3.136
train,trainval,pbGLBjDhnSY,50003,0,pretrain,upNONoxskiw,00010,6.787332038669831,2.496
train,pretrain,xnovQVRHj5c,00045,0,trainval,d6PS4p3IXLQ,50003,9.472424781902046,2.496
train,pretrain,CTEhgUmSrro,00012,0,pretrain,7ZoOyNTyjQE,00026,-9.244797441348855,14.272
train,pretrain,5nys6iebjHw,00025,0,pretrain,Acsv55lctGY,00031,3.303222057914386,7.104
train,pretrain,KNXOVpN8Wgg,00006,0,pretrain,F0ofeD8VKMA,00075,-0.15177505354748533,9.088
train,pretrain,YbtrDM1aJF0,00002,0,pretrain,Af5qUxl1ktI,00007,-5.225166969755151,8.256
train,pretrain,aSGIZBmGOsU,00011,0,pretrain,haTsrKptgIU,00019,-3.5706971120872417,5.888
train,pretrain,Vj3gCWmJSiE,00008,0,pretrain,voXOUWiJuLo,00031,3.197941717614343,6.4
train,pretrain,gzcwS02ZB1o,00023,0,pretrain,xnovQVRHj5c,00059,-3.3448256283234308,11.52
train,pretrain,TdBAHexVYzc,00006,0,pretrain,VoCOzuWOgSY,00034,-5.183991274848891,7.68
train,pretrain,YFC5CwZVCEw,00003,0,pretrain,Re53vgaVFvI,00017,-5.7642984968620725,3.712
train,pretrain,jn0Ygp7pMbA,00038,0,pretrain,8m1X26Auw6Q,00012,-6.7191009422646575,5.12
train,trainval,Qt1RPkbF4o4,50011,0,pretrain,b4sMMWJYUOs,00009,0.6507802592028646,2.56
train,pretrain,YAV96XSdMQo,00036,0,pretrain,pbSSrJGgVIo,00002,-7.224765196025609,4.8
train,pretrain,swI68y2oQ60,00013,0,trainval,g985z9Wq5gk,50013,4.126344558794928,6.016
train,pretrain,bzlYyhh3X0w,00012,0,pretrain,OAK1UIbSFio,00018,-2.598450295024744,3.2
train,pretrain,zLNXIXingyU,00002,0,pretrain,2L4BSVpvx1A,00028,8.940028468668952,5.888
train,pretrain,ZmSF9gVz9pg,00029,0,pretrain,tH5iEf9oxaI,00014,1.137186316509668,8.832
train,pretrain,7LcSdlVrg5M,00025,0,pretrain,utmiqwS2XBQ,00002,2.398275656716393,10.88
train,pretrain,hZ6uYagzwVE,00013,0,pretrain,z9sa2ZAqHl0,00016,6.486591991737317,5.312
train,pretrain,DsSrzoyyfF0,00006,0,pretrain,mPCDOij0bB0,00009,-2.3899158769535456,9.792
train,pretrain,anmktfGYw8k,00007,0,pretrain,MNhCvM5pjfs,00005,8.180100211658441,7.808
train,trainval,InukG97C8wY,50003,0,pretrain,rRxdxIbSQbY,00018,5.042685955437378,6.016
train,pretrain,MlLWTeApqIM,00003,0,pretrain,IfjI0tVUpbc,00003,7.737560500556363,13.376
train,pretrain,S8DwxjDrNNM,00003,0,pretrain,SryJK294Psw,00003,-1.9666756816983089,4.096
train,pretrain,rzbtSeVZeEE,00012,0,pretrain,emeEpzkf044,00011,4.748131767576194,10.816
train,pretrain,bpi6us7wQfE,00015,0,pretrain,iPxg6bRgPhE,00001,-2.6035102914783685,3.968
train,pretrain,1E6ysoASrY4,00001,0,pretrain,N4wFyRGilp4,00042,8.331573982741673,3.2
train,pretrain,NwmGTM5Py8Y,00060,0,pretrain,SSZG5aPkZyM,00010,-8.624827066037039,3.392
train,pretrain,imhUmLtlZpw,00003,0,pretrain,SS3qnZrVy9o,00009,1.4077947090414362,8.0
train,pretrain,ZbYDSIe5jsI,00013,0,pretrain,uB2BTxu6cF0,00007,-8.5532075222511,14.848
train,pretrain,MvMUMShuMaI,00027,0,pretrain,wWLf4u2xJVM,00005,-8.068491261537662,5.12
train,pretrain,n8eyF4UWG38,00021,0,pretrain,8aSUUhW7SHU,00003,9.802663833903217,9.984
train,pretrain,YGoI3B86iX4,00029,0,pretrain,28sa2zGgmwE,00007,-8.673965373946542,5.952
train,pretrain,AOEQ9GteWbg,00037,0,trainval,XYEChpVS04s,50009,-5.2404658500674905,5.888
train,pretrain,Pr57T0RaSjc,00001,0,pretrain,267BlUBordQ,00007,5.714787440632996,4.8
train,pretrain,qZRSPO8NtJc,00005,0,trainval,J6oMG7u9HGE,50037,-1.44922182707624,2.176
train,pretrain,rGaj2VImQec,00018,0,pretrain,Oj8eFu72Sfc,00022,-7.651456646274639,5.952
train,pretrain,tFGCB51xb6U,00012,0,pretrain,Si1ZoKSFtSs,00005,-4.851453712477712,3.904
train,pretrain,7npLVcymHGc,00010,0,pretrain,tBbyP0P7BRg,00017,0.6844626372890517,12.416
train,pretrain,EZwxKPv1CwA,00037,0,pretrain,nVEvzeIXbpk,00026,8.40945376167409,2.752
train,pretrain,w8lH8tNlAXc,00001,0,pretrain,OAK1UIbSFio,00010,2.5185020791015944,9.6
train,pretrain,5pW2b1vwwf4,00030,0,pretrain,4fyvDMFriRI,00015,-7.801205207459017,4.672
train,pretrain,vFPkEIGUofc,00023,0,pretrain,uDIyxxayNig,00008,-6.880754161936697,8.576
train,pretrain,rTJpJlVkRTA,00022,0,pretrain,sQNtu4kpd64,00012,4.31079980078267,6.464
train,pretrain,yqWJuDBSWm4,00002,0,pretrain,AIfwFLDXFyQ,00012,-6.528796881765269,6.4
train,pretrain,DlGUSNXOdpQ,00006,0,pretrain,8m5Ebx6nuGE,00036,-1.518139325266203,5.568
train,trainval,6EghiYSs2ts,50007,0,pretrain,1X8b7mXImVM,00018,-1.614744079112814,6.08
train,pretrain,uo7w3g24DWo,00013,0,pretrain,dOOtM7ZpAS8,00034,8.183938795626752,4.288
train,pretrain,zqLYcJ6Ib3c,00018,0,pretrain,7icexlbjQnE,00012,9.554743388457972,7.488
train,pretrain,2euqcSA4C9w,00010,0,pretrain,pk35J2u8KqY,00023,-6.566181569177234,12.864
train,trainval,d6wGSsAdP0U,50011,0,pretrain,pkGAMb5sYvg,00010,4.911550692574025,2.752
train,pretrain,IKZCw4xdESQ,00020,0,pretrain,cQl6jUjFjp4,00020,-7.3266560099347355,12.8
train,pretrain,P2y3Uspr8Bg,00003,0,pretrain,2xs8qmk0OPc,00017,2.859405154189286,7.872
train,pretrain,Bc2wVyl8RLI,00019,0,pretrain,3QZp6smeSQA,00017,6.364038578896253,5.376
train,pretrain,xYIGNOHhNe4,00003,0,trainval,eNDhBSR1DZ0,50009,1.1948606656984282,2.88
train,pretrain,XLi6iYnnsGc,00001,0,pretrain,wgPLGS1BvQo,00005,7.658218099958752,4.48
train,pretrain,gmjSazFbpkA,00028,0,trainval,kvpUiBqHoVM,50006,9.257616219987874,2.24
train,pretrain,AfnruW7yERA,00039,0,pretrain,ofsncCF9OSU,00064,0.5330865356847632,6.08
train,trainval,aqhzFd4NUPI,50002,0,pretrain,x1177phymxY,00004,2.023301040196108,3.968
train,trainval,3NQZOXtc9uo,50004,0,trainval,UVDgemuZdho,50015,5.991211194799606,2.368
train,pretrain,EjSuaeVfE9I,00006,0,pretrain,blfVA0aSCBc,00004,3.2141836505435855,5.632
train,pretrain,MgUTzbGakRw,00004,0,pretrain,CjB6DQGalU0,00003,-3.9293860084788683,7.616
train,pretrain,jMVAgCPYYHY,00011,0,pretrain,gevXeQwS1jg,00054,-9.022814936225602,5.056
train,pretrain,SvBggxCNNno,00009,0,trainval,BnC6IABJXOI,50015,0.7522628574928483,6.208
train,trainval,f6CILJA110Y,50066,0,pretrain,8COaMKbNrX0,00009,3.1128160856081273,6.144
train,trainval,yldVmMfMyIg,50008,0,pretrain,XSuZ6ukuz5s,00023,3.0879334289217812,3.712
train,pretrain,k0GQSJrpVhM,00010,0,pretrain,cpsRAk5HpK4,00002,4.283434840562014,8.64
train,trainval,MqnbE5WRPEU,50010,0,pretrain,23FRUuLcQ6A,00017,9.051706509838265,4.544
train,pretrain,PVXQUItNEDQ,00017,0,pretrain,kZt3DNCcEtA,00022,-9.371614510586033,5.12
train,pretrain,VUT6GQveD0E,00022,0,pretrain,2wseM6wWd74,00025,8.102597130031413,12.416
train,pretrain,YhCkjRXgnDw,00006,0,trainval,QekbuidfQKo,50058,9.467269634686271,3.392
train,pretrain,4ZgwzSm7sRs,00043,0,pretrain,XAvE61JqkQs,00025,2.24021293092086,4.288
train,pretrain,G0ZjSInJ4BQ,00023,0,pretrain,ycB29FkoylE,00015,0.7754869502182089,3.456
train,pretrain,wgPLGS1BvQo,00024,0,pretrain,IWjzT2l5C34,00002,3.349241094240753,4.48
train,pretrain,6LpSNMaU0r8,00014,0,pretrain,mArrNRWQEso,00081,-6.630927867339487,4.736
train,trainval,LWQfeSSfNbs,50005,0,pretrain,aUBawr1hUwo,00025,-8.374996428147288,2.368
train,trainval,3fM9o72ykww,50001,0,pretrain,F10t7i8wHaM,00003,-6.914166328992288,5.056
train,pretrain,nVEvzeIXbpk,00009,0,trainval,BT2XlI8oeh0,50029,2.195063383027449,4.096
train,pretrain,ww4kNxYE0c4,00046,0,pretrain,CdxVbUjaSpY,00020,-2.618380707257069,6.528
train,pretrain,j81saupKVpo,00015,0,pretrain,XAvE61JqkQs,00005,-6.647776488738641,6.464
train,pretrain,pz1TDXKSTHc,00004,0,trainval,vzKA1y3cdYI,50004,-9.941846789538273,2.304
train,pretrain,4bsiMd1zQ3s,00008,0,pretrain,6tpsSu5O0Ws,00021,1.0344048585191388,5.248
train,pretrain,mT4Qbp89nIQ,00012,0,pretrain,5RLqVpo3j20,00001,-0.9495486069689285,6.656
train,pretrain,UQniNhS6LOY,00008,0,pretrain,eqDgt12m26c,00002,-3.24300284469728,11.968
train,pretrain,6diqpGKOvic,00009,0,pretrain,EBebWBjpWIQ,00005,-0.5964344343432604,9.152
train,pretrain,FESv2CgyJag,00005,0,pretrain,iueVZJVEmEs,00007,4.258044245052957,5.76
train,pretrain,MEDgtjpycYg,00020,0,pretrain,j7c9b9A2AHc,00024,-2.0503302926304805,10.048
train,pretrain,N4wFyRGilp4,00040,0,pretrain,DZfOvYiQtow,00026,-7.974600762175024,8.96
train,pretrain,YO0lbdhF30g,00023,0,pretrain,150cqgYh8sQ,00013,2.488133595859207,5.12
train,pretrain,uFIc7XEVyM0,00038,0,pretrain,LifvSfll2dw,00003,1.8775642391828047,6.72
train,pretrain,iEySxTbcr2A,00035,0,pretrain,HAKea48B3oM,00011,8.514928195431132,9.536
train,pretrain,oPpE0AGqFuk,00031,0,pretrain,uhRhtFFhNzQ,00026,-0.12472572964016315,6.4
train,trainval,501FEzbB1JI,50010,0,pretrain,rokPqHc9iD0,00007,5.10420098438602,4.352
train,pretrain,xMS9HlSSLSA,00037,0,pretrain,9EVEmZ2cSes,00003,7.136228014064677,8.32
train,pretrain,L51h8BBu7b8,00026,0,pretrain,2L1R7OtJhWs,00042,-9.555870092115622,7.552
train,pretrain,OwRAFCrsDS8,00028,0,trainval,nxRRqLpWi6Q,50039,7.850932694144614,2.368
train,pretrain,HJqtUUDhaxA,00003,0,pretrain,kTsqFn33RiQ,00018,7.958302059253825,8.96
train,pretrain,R2kOgSVF2Uk,00027,0,trainval,dk60sYrU2RU,50004,8.65532033222414,2.304
train,pretrain,MQtWJARMoLw,00020,0,trainval,X2et2KO8gcY,50001,-7.555521240739152,4.608
train,pretrain,NRLjrZD6kqQ,00024,0,pretrain,VC0taBVUF2o,00020,-6.917026206026186,3.52
train,trainval,FzAyOddR5u4,50005,0,trainval,fv8KpQY0m6o,50011,6.935565452094856,2.624
train,pretrain,P3fIZuW9PSM,00013,0,pretrain,vGDZmSnSkfo,00017,5.520062201236218,11.776
train,pretrain,jvBaRf9LHDs,00028,0,trainval,SoJnEQ6bJKE,50003,6.35672954617193,3.84
train,pretrain,IaWeJ8V3pg4,00023,0,trainval,KTvSfeCRxe8,50010,3.7200145014818204,2.816
train,pretrain,0UmUgaJwEr0,00024,0,pretrain,SmsYxDvdcYc,00023,9.98404651624773,6.08
train,pretrain,pMYYxSim5QI,00001,0,pretrain,NgVwPj54TEo,00012,2.3351383852467062,6.72
train,pretrain,S9ry1M7JlyE,00021,0,pretrain,zbHe4RpgV80,00008,-3.747021971184699,3.52
train,pretrain,4BwSMSCFdu0,00058,0,pretrain,bCGlWQnzDVE,00024,6.721790082529001,4.416
train,pretrain,Lp5Ccer5NM8,00015,0,pretrain,U7fFCaHZvVk,00014,9.483448969531977,6.016
train,pretrain,EBKSa94IFHY,00038,0,pretrain,GSIpG4t4Z5k,00012,-3.4059790524282096,4.48
train,pretrain,QISHX5UKky0,00013,0,pretrain,fbU9l46Lz7c,00002,-6.429861670003801,6.08
train,pretrain,z0USUSGggf8,00012,0,pretrain,n9ZSpccScW0,00038,1.8892119093655388,4.416
train,pretrain,z9sa2ZAqHl0,00037,0,pretrain,4SY6Te9Y1ME,00002,2.4985565096600464,5.248
train,pretrain,7fx0QcHyrFk,00005,0,pretrain,M1yCvKASWdU,00007,-5.637681926640406,5.824
train,pretrain,d6wGSsAdP0U,00028,0,pretrain,7O7BMa9XGXE,00006,2.1673750342745137,5.248
train,pretrain,IvtZBUSplr4,00014,0,pretrain,PSggxpMY9q0,00002,-4.866505557610081,6.592
train,pretrain,qYvXkSbqlBk,00024,0,pretrain,tsgvhP07BC8,00050,-5.017590071455431,6.208
train,pretrain,lhP52caGW6s,00016,0,pretrain,jkEgngW766Y,00005,-7.440963256192683,19.328
train,pretrain,ol1b5mMeP7s,00019,0,pretrain,IRhl1lr0nJg,00013,-5.6439715383111055,4.416
train,pretrain,zcMj4Az1MwE,00026,0,trainval,ZQBSh9k74aY,50007,-7.917143503607303,2.624
train,pretrain,njESlZa2b10,00009,0,trainval,HQIi3nUXh0g,50028,3.9960501399608113,6.144
train,pretrain,xTMZJvfzxGY,00001,0,pretrain,KCL8NjN7FMQ,00014,-8.522511012765397,12.416
train,pretrain,1X8b7mXImVM,00022,0,pretrain,h8cF5QPPmWU,00002,6.526174389299307,6.144
train,trainval,kFX2LrNE3VI,50002,0,pretrain,HB2SlA68YDU,00015,-5.952343865894331,4.672
train,pretrain,JSLUS3qLv0I,00001,0,pretrain,YO0lbdhF30g,00013,-8.96945281129792,5.184
train,pretrain,b4sMMWJYUOs,00013,0,pretrain,bl8S81JF3b8,00010,8.95044453501303,40.512
train,pretrain,DnbC2Tii0S8,00023,0,pretrain,sWN13pKVp9s,00003,7.666992805086824,29.12
train,trainval,ZOYoTup1t3A,50001,0,pretrain,OF5VVrsnpzo,00006,8.667485466759388,5.888
train,pretrain,ng7sf2SpeFg,00017,0,pretrain,eDFrlV106iM,00003,-1.3892678875296678,4.224
train,pretrain,EU15c9hnftE,00022,0,pretrain,FMJgZ4s2E3w,00008,1.7612861041747259,4.992
train,pretrain,pj2YxCAnqx0,00008,0,pretrain,cnxEP6bzg7o,00004,-8.879442300170696,3.776
train,pretrain,1krVk4CMy98,00001,0,pretrain,rufeSSlZJg8,00002,-0.8293880692884787,6.336
train,pretrain,phUUjkSbtiY,00010,0,pretrain,7icexlbjQnE,00005,6.463221509032323,14.848
train,trainval,R9g3QSqvtss,50009,0,trainval,BoRUrWcdkQ4,50028,-6.050354150161958,5.056
train,pretrain,3vJ4SUH38dQ,00008,0,pretrain,OLHh9E5ilZ4,00021,-8.769095275026464,5.056
train,pretrain,Zwwanld4T1w,00001,0,pretrain,ktOeFgmdIAo,00018,1.476032793117625,8.96
train,pretrain,X9FFzWUInyA,00006,0,pretrain,2dRlssVF7fc,00001,-8.342222705254454,8.128
train,pretrain,ZhDgwrKSBWQ,00015,0,pretrain,H03o2WCBoDU,00022,3.8511120399958383,29.44
train,pretrain,Qs9m8obl0AY,00008,0,pretrain,O4Og5tFNiaU,00039,0.032297355155577634,5.952
train,pretrain,MwzqSswl4cI,00012,0,pretrain,wMsOYqJ4ShA,00008,5.255108575544895,4.48
train,pretrain,CprpSEjVtwA,00017,0,pretrain,bf7BXwVeyWw,00022,7.569059177094331,4.928
train,pretrain,tSSNoFstCmQ,00047,0,pretrain,CLSSiaFuLo4,00018,3.310226171058467,6.784
train,trainval,LZXUR4z2P9w,50004,0,pretrain,QeAGu40vZzI,00016,3.887251734918049,3.008
train,pretrain,dsOSb0SrS5Y,00013,0,pretrain,NAcuH7nSdLc,00002,3.379452418375312,8.96
train,trainval,zuAj2F54bdo,50012,0,pretrain,5c6AADI7Pb4,00004,-1.0236071458807938,5.76
train,pretrain,uW9tg1vJwZQ,00017,0,pretrain,uwNSLS7bZdg,00001,-5.283616005781031,4.608
train,pretrain,7npLVcymHGc,00045,0,pretrain,p2MEGk5q1WI,00057,-9.19263660040972,11.648
train,trainval,J10EaonNV2A,50002,0,trainval,pcSlowAhvUk,50004,5.734886754015577,3.136
train,trainval,NAcuH7nSdLc,50015,0,pretrain,0zbHnOcGbrw,00004,0.8831677330873262,2.048
train,pretrain,npFSbX7DZ6k,00023,0,trainval,KaiwGb0csas,50004,-0.9303333866704104,5.376
train,pretrain,EhM56Fk2aFk,00012,0,trainval,2mU8xezh7rQ,50006,6.8875065317661885,3.968
train,pretrain,5ODzO7LzSpw,00004,0,pretrain,HALd9FY5SVQ,00009,-3.885609550060889,3.84
train,pretrain,up4hFjSjcTY,00002,0,pretrain,0GL5r3HVAZ0,00033,-3.720901936906154,5.056
train,pretrain,5tUnSuoYKoE,00038,0,pretrain,rtcrqLWZrS0,00003,6.193564143667633,11.328
train,pretrain,0Amg53UuRqE,00006,0,pretrain,7sqeoYOQ4qg,00031,-5.7761871754882765,3.648
train,pretrain,HCgvSHNoJrY,00004,0,pretrain,J6oMG7u9HGE,00014,-8.715539447212159,11.968
train,trainval,1IxIDGyISzk,50003,0,pretrain,ZzugJPASNB8,00004,0.6432748710550165,3.776
train,pretrain,OAEodzGMavY,00001,0,pretrain,WWRXOqYwRkM,00030,-9.423311086883503,3.648
train,pretrain,Xl6wxnnSStI,00008,0,pretrain,sAMahX5hIgU,00026,-5.359419770831524,13.248
train,pretrain,nyLYQYHGbvI,00014,0,pretrain,GjINFuwLGvQ,00023,2.2875090941230383,9.536
train,pretrain,N7wF2AdVy2Q,00032,0,pretrain,KkYuhwr3esg,00030,-6.102142793395389,7.04
train,pretrain,CQ6by9cmt54,00004,0,pretrain,nTFEUsudhfs,00007,4.762518903675074,8.64
train,pretrain,FPhHHtn8On8,00002,0,trainval,G2Y6Am46eVU,50015,1.4934565308328214,2.944
train,pretrain,CSeFjLZqXt8,00011,0,pretrain,VbF2KPn3TrU,00006,-7.464649320774228,17.6
train,pretrain,SB9A3J70IPQ,00011,0,pretrain,Qj4xf3U8dh8,00036,-8.788976525292028,3.968
train,trainval,MLZubXfClL4,50009,0,pretrain,3sWTLAS0m9U,00010,7.446567769904508,2.944
train,pretrain,sBaiRpIpPKQ,00037,0,pretrain,CfqO1U6lfDs,00046,-9.527877266857796,2.88
train,pretrain,oX1C3Jn05OE,00021,0,pretrain,NMBNZspmn7I,00004,8.081838453190798,4.416
train,pretrain,8FKYe2v0teI,00018,0,pretrain,o0td5aw1KXA,00049,-1.1288846887338178,20.736
train,pretrain,ty5QtslaAHM,00017,0,pretrain,p9UC0chfXcg,00003,3.2900312029974472,6.016
train,pretrain,P65XdTlk4vA,00006,0,trainval,QjpNV6QjG1c,50002,-8.935882977301048,2.24
train,pretrain,BDOSUiEh0eY,00005,0,pretrain,wDxjss7kHRw,00014,9.010842238988829,5.696
train,pretrain,F6NU0DMjv0Y,00034,0,pretrain,JmCtZzSRztQ,00001,5.0845808238157115,4.416
train,pretrain,nrVC977gOPc,00014,0,trainval,fBQnQTkhsq4,50002,-8.102780546782235,6.144
train,pretrain,y1GqNN2Xe7g,00001,0,pretrain,WzuWMf3WPPc,00004,3.6048566709816185,4.16
train,pretrain,sYUjyH8Y0No,00026,0,trainval,jSS03JfgHEA,50011,-4.598095080443176,6.208
train,pretrain,6xsvGYIxJok,00026,0,trainval,YSQSLapD3c0,50002,-4.0487388388276235,2.944
train,pretrain,ozPqVGxKGMU,00015,0,pretrain,5YL3LT1ZvOM,00029,-4.113673635087817,6.208
train,pretrain,NP8xt8o4S5Q,00008,0,pretrain,eJb3Z2RmRMo,00004,1.028125840908217,3.648
train,pretrain,znO7UHpxgTI,00023,0,pretrain,DjcZrtcBZi4,00016,-0.09871226112317544,23.488
train,trainval,iP9QFSlBOyA,50003,0,pretrain,jsZDlBU36n0,00021,9.398807952087513,3.584
train,pretrain,S3SnIMZ43EQ,00031,0,pretrain,cWYcXhMhJF4,00008,5.634705462804629,3.712
train,pretrain,pi9SMFWTzXw,00008,0,pretrain,ddek3gQVt9Y,00019,6.4162203341280275,5.056
train,trainval,iNtNP6LGek8,50003,0,pretrain,g2J6YOiLNr4,00036,3.105408183937765,6.144
train,pretrain,3E46oWB4V0s,00012,0,pretrain,W1KIgMXPR28,00012,8.373912920744203,3.456
train,pretrain,r55a0FapF2M,00007,0,pretrain,LsESSyMnwmU,00021,-6.355586732070416,4.096
train,pretrain,S2uSeHHzRto,00027,0,pretrain,qKJv4S5peJQ,00008,9.522575802911287,4.352
train,pretrain,8S6S5vZGSSk,00017,0,trainval,H2vN2QXZGnc,50014,7.468072494920058,3.712
train,pretrain,Mo2Ai7ESNL8,00005,0,pretrain,SrqmuYvk3iQ,00004,-6.486003781863792,5.184
train,pretrain,VC0taBVUF2o,00010,0,pretrain,GIt6Z0k3PQo,00022,2.5610652992526965,10.368
train,pretrain,wOiKRVH0nQ8,00003,0,pretrain,N8Votwxx8a0,00024,-7.473903307654566,6.656
train,pretrain,LLmhQmicusM,00015,0,pretrain,URSuWwvpn5c,00023,2.2928977360255764,8.128
train,pretrain,8rZzHkpyPkc,00041,0,pretrain,xfDUGqGPSfo,00011,1.9960659877412752,5.696
train,trainval,x3AwnkR92EA,50008,0,pretrain,FESv2CgyJag,00020,1.79755442386673,3.456
train,pretrain,Qt1RPkbF4o4,00008,0,pretrain,5aH2Ppjpcho,00007,7.57259206555748,7.36
train,pretrain,da1vvigy5tQ,00003,0,pretrain,FJFxLQCo83U,00022,6.198913174553891,4.16
train,pretrain,1rTEOU67zCo,00024,0,pretrain,nwZkoAeOzuo,00006,-9.807321085319183,10.368
train,pretrain,SK095wuESeE,00023,0,trainval,MpISFKqk0Ew,50003,-5.871938855539667,4.416
train,pretrain,7udZ5ux0dYE,00028,0,trainval,Fr26scqsIwk,50001,2.5358465393000706,6.016
train,pretrain,MB7seqSbMvw,00011,0,pretrain,wAdwurHhvSI,00009,-6.366218903074161,4.288
train,pretrain,NR33yerZgso,00008,0,pretrain,JSI2eScPkEw,00012,3.163284772937395,13.888
train,pretrain,RS5O4n0TqlU,00026,0,pretrain,zXCiv4sc5eY,00020,-0.793862359785285,4.736
train,trainval,xbagFzcyNiM,50013,0,pretrain,HfotnZVEq80,00016,4.94780291721872,4.992
train,pretrain,AS3Pyc4Qr2Q,00043,0,trainval,PzSw6OsEP9Q,50009,-4.786333246181798,4.352
train,trainval,cRrgDS4SD8s,50011,0,pretrain,8S6S5vZGSSk,00007,8.526964555448409,3.136
train,pretrain,qGSYmIPFO68,00021,0,trainval,DEmjzXi2lfI,50008,-7.440772747224587,2.688
train,pretrain,eLz9TvxGoKs,00035,0,pretrain,mMDuakmEEV4,00006,-2.3844728465487064,4.16
train,pretrain,cf3zxHuSM2Y,00035,0,pretrain,796LfXwzIUk,00024,-4.23579432899092,7.808
train,trainval,JiwZQNYlGQI,50002,0,pretrain,FpHPVrsEkYY,00002,8.787737356786927,2.24
train,pretrain,Y0GHWogx0eg,00011,0,pretrain,btlF4ZSAoFc,00004,1.3767719956920068,4.288
train,pretrain,zSWppsceZ1c,00026,0,pretrain,kdqUhTnAgJU,00012,5.874819690812231,6.592
train,trainval,0UmUgaJwEr0,50003,0,pretrain,c8re1U9rCo4,00025,-7.5207419061060765,2.56
train,pretrain,zStF2WEZMSs,00024,0,pretrain,JeHqgambbcI,00005,2.591262720256406,5.76
train,trainval,UVDgemuZdho,50006,0,pretrain,Sttw2PxncIE,00025,-0.6191137380254101,3.968
train,pretrain,FrxDrpi1XNU,00019,0,pretrain,YyuScSjkGSs,00027,2.0627614747561314,5.12
train,trainval,vwhSTukb07U,50003,0,pretrain,EUYLa7MAlPc,00004,4.395767553992458,6.208
train,pretrain,DG7kSeazMQ4,00010,0,pretrain,fSmQIWnO3Ag,00017,4.185815702182561,4.736
train,pretrain,4jUdCy6Vghw,00016,0,pretrain,OOG65rSM5fA,00026,-2.4904468920225176,21.504
train,pretrain,WF6SDe4USvE,00007,0,pretrain,HDjM5lw8OYo,00024,-3.1868778955688715,5.056
train,trainval,bvAEJ8G9l9U,50004,0,pretrain,ZHOyfyGwpes,00028,-0.7710255754177489,3.968
train,pretrain,iP9QFSlBOyA,00005,0,pretrain,acNSymOsL6M,00023,4.536322341159856,3.776
train,pretrain,mArrNRWQEso,00001,0,pretrain,RhgrbQmYOSY,00020,-5.565626740492053,6.144
train,pretrain,wYCSHKl4RPU,00014,0,pretrain,oPDaWYUCn8Y,00013,3.889257766838343,6.4
train,pretrain,HJY8gMsonU0,00008,0,pretrain,dJEwC4wCM70,00009,-1.621442362933701,4.288
train,pretrain,cJgStPB0Nu0,00003,0,pretrain,S2uSeHHzRto,00016,9.261898969902187,8.64
train,trainval,aEjUlH7bNDo,50028,0,pretrain,ElJxUVJ8blw,00055,4.883161555081141,5.76
train,pretrain,t4kyRyKyOpo,00008,0,pretrain,RxqyO5hafdk,00022,2.8231271025813847,11.456
train,pretrain,Gz8RlHf3Czs,00001,0,pretrain,8gSAkUOElsg,00015,-7.914149895464677,4.224
train,pretrain,cgxZ4H3gJ8c,00013,0,pretrain,3LfVxGdczEA,00001,0.9857167124540993,8.896
train,pretrain,ESlb3D7AySM,00017,0,trainval,acJscdoP2a4,50006,-4.7237760659707835,3.84
train,pretrain,hWnZKAXSv3s,00014,0,pretrain,mJxA8eIWQUc,00020,-2.1351201896920236,4.8
train,pretrain,gyM6rx69iqg,00005,0,pretrain,WAuDCOl9qrk,00021,0.3896781960795703,5.696
train,pretrain,y2X7c9TUQJ8,00012,0,pretrain,8xHrpO6p7dE,00010,6.697975635076524,22.144
train,pretrain,PYSkd46RfVE,00020,0,pretrain,G88JZ1DIdg8,00015,-0.3131764113288167,5.76
train,pretrain,SZSc5UCSZS0,00003,0,pretrain,F4Zu5ZZAG7I,00007,1.396996251950549,12.096
train,pretrain,2NHV4AzSEzY,00033,0,pretrain,C0byYFXjRJM,00012,-6.502895436832237,3.776
train,pretrain,2dnSoGaEHxs,00003,0,pretrain,JaFSfq2Zn7I,00031,-5.145039828390406,7.168
train,pretrain,OibJT7GSwyo,00022,0,pretrain,jobYTQTgeUE,00031,-5.059210759338502,9.92
train,pretrain,oIGBBPspTKM,00061,0,trainval,RPicL1AWrs8,50004,4.822799344949452,6.016
train,trainval,Diuv3XZQXyc,50004,0,pretrain,agNlsB530CI,00002,-9.24945044542747,4.928
train,pretrain,34a7UEzZdsA,00048,0,pretrain,kEejVSZ5mLY,00018,-7.683590781300101,8.512
train,pretrain,QC3EbSexmDw,00009,0,pretrain,5AN5fPFtV0U,00011,4.298891258694502,7.104
train,pretrain,bClWV3eeETA,00001,0,pretrain,dFC2pSkETas,00024,7.693359188495389,5.12
train,pretrain,5J6jAC6XxAI,00006,0,pretrain,7LE4MoJS2po,00016,-4.691710881205724,6.208
train,pretrain,gSHbRSAcN6Q,00004,0,pretrain,qrNDkRHAA4E,00026,9.442973202461403,5.44
train,pretrain,XiEQmcZi8cM,00035,0,pretrain,sucza6EOIf0,00054,-3.605504157187232,10.24
train,pretrain,HwxjoBQdn0s,00007,0,pretrain,6Af5tJzSR2w,00007,-8.062972900105196,8.128
train,pretrain,zIwLWfaAgS8,00044,0,trainval,dsT5eVSm7BA,50017,6.0195270266646475,6.144
train,pretrain,RKmxL8VYy0M,00012,0,trainval,f8U2GwInI9o,50002,5.759457407538861,2.24
train,pretrain,RWiI7AkDXSo,00009,0,pretrain,yqc9zX04DXs,00013,6.0816392682771365,5.376
train,pretrain,z4vmzTZ7qLA,00023,0,pretrain,q2k2Xbfuy1I,00015,-2.784462323772237,4.48
train,trainval,2tBuvxXxlS4,50002,0,pretrain,acJscdoP2a4,00018,-9.435671963482976,5.888
train,pretrain,FsSKVSf1EJk,00012,0,pretrain,jeOumyTMCI8,00032,3.7123741022855494,3.52
train,trainval,VpvzrtPtqeE,50002,0,pretrain,IQDrStvBt9s,00023,-4.450813149747295,2.048
train,pretrain,YXWKuKSQsu4,00010,0,pretrain,IRVdiHu1VCc,00001,0.7692440022155207,11.456
train,pretrain,uPE0G00XFV0,00002,0,pretrain,3WMuzhQXJoY,00020,7.376797622395156,35.008
train,pretrain,ErexJkoDhGI,00015,0,pretrain,gyPoqFcvt9w,00049,-1.9132818568936028,7.616
train,pretrain,w4RLfVxTGH4,00011,0,pretrain,aTgPJQ9Dy7Q,00014,5.262222120395634,4.8
train,pretrain,641aB1Dv1DY,00007,0,pretrain,EKy19WzkPxE,00015,1.4063136472915776,4.608
train,pretrain,5tUnSuoYKoE,00033,0,pretrain,V1gxziZwmkc,00042,5.434811761138068,9.92
train,pretrain,ZCS0MZuVBwE,00018,0,pretrain,zYhgy5ouYLM,00014,5.343689679761335,11.008
train,pretrain,ImQrUjlyHUg,00029,0,pretrain,YS9vd4HWlVA,00012,-4.730250075305021,5.76
train,pretrain,EKy19WzkPxE,00024,0,pretrain,BJsrYqPtXFM,00037,-5.443263996467871,15.808
train,pretrain,pSCefSAYqaA,00007,0,pretrain,VvpUZjRVoBI,00016,-6.341933726450888,3.456
train,pretrain,klLtDoVkZ98,00007,0,pretrain,4jUdCy6Vghw,00022,-2.9682549566965903,7.936
train,pretrain,y7A4dZIyI0g,00027,0,pretrain,b2qM1ISJCEQ,00016,-2.4508170783207683,3.904
train,pretrain,drXnDLHKKPM,00001,0,pretrain,uSUOduS5MPc,00003,2.967297901538382,8.64
train,pretrain,DcKdClnpz4k,00043,0,pretrain,pLqjQ55tzSU,00011,2.510600253563915,6.72
train,pretrain,8oeiOeDqSNc,00008,0,pretrain,JolJi3uLMOM,00016,6.701587146664323,4.16
train,pretrain,HJqtUUDhaxA,00022,0,trainval,Mgbf3cq7lms,50031,-4.776036340020193,4.48
train,pretrain,2VWSSFSUeQI,00019,0,pretrain,BnC6IABJXOI,00034,-6.513212214930803,8.128
train,pretrain,DSbtkLA3GrY,00050,0,pretrain,askcLEVCTko,00008,0.6918028947430326,10.048
train,pretrain,ayOmOaXC0Z0,00010,0,pretrain,1X8b7mXImVM,00008,4.629837270822977,4.288
train,pretrain,8tEuaj4h8dw,00013,0,pretrain,DnJHaveemUk,00006,-9.281309144743023,6.144
train,pretrain,GZyjTPEufLk,00011,0,pretrain,BSxI3YxAPW4,00013,9.422597259265991,5.824
train,pretrain,kYXiegTXsEs,00025,0,pretrain,CFtsHf1lVI4,00019,8.917589567152334,18.88
train,pretrain,QijH4UAqGD8,00001,0,pretrain,GW02Vo641dU,00009,2.107026194311567,8.32
train,pretrain,ppZ2WIlRvR8,00004,0,trainval,BSiNIZ6zZqY,50002,2.1646121351330265,3.776
train,pretrain,MBZyRlxVdSE,00005,0,pretrain,Sk0ywFgMpFk,00031,1.6955907691373575,13.888
train,pretrain,MS4x6G0zzeg,00042,0,pretrain,l5Bbg96VODk,00007,6.90361547071528,5.696
train,pretrain,7Z9xCX4ifJo,00019,0,pretrain,ndAHAjgquwk,00008,1.174019892392355,13.888
train,pretrain,PMBWNbj2awk,00006,0,trainval,VktGgoVvgXo,50003,5.6996418418535395,6.144
train,pretrain,W0StyxgMk1o,00025,0,trainval,xqPJKtFI42U,50001,-8.07713521496315,5.888
train,pretrain,vZWokpaQ3NE,00016,0,pretrain,2Oe6HUgrRlQ,00030,2.7034201465284724,4.8
train,pretrain,folTvNDL08A,00024,0,pretrain,CDdpQSLr7YE,00014,-0.5880079088475156,4.544
train,pretrain,06M8qY7Q74Y,00031,0,pretrain,9YR8jNtV4BE,00013,3.752809525851646,4.8
train,pretrain,o4Nno6POrwE,00049,0,pretrain,HxMGItCnINE,00001,-0.4125883095666065,6.72
train,trainval,wznroZvpVHU,50004,0,pretrain,IzPcu0SETTU,00012,4.07473273606403,3.2
train,pretrain,jPyR3UDhOm4,00049,0,pretrain,USmTQeKRaP4,00009,-3.453026935162211,6.208
train,pretrain,WiNI6INAytE,00018,0,pretrain,5pIGDw18mIQ,00016,4.6807617558932275,3.136
train,pretrain,g2J6YOiLNr4,00016,0,pretrain,jJMBwqhD9DE,00003,-0.0201147458346167,3.968
train,pretrain,c6mhFgAjqwA,00027,0,pretrain,SS6ZojCzNGY,00026,-3.253450305108019,11.648
train,pretrain,ilMwoEdqMTs,00031,0,trainval,qP2W2k3L1Ow,50020,7.93998000038691,6.144
train,pretrain,ARGkp6am3S8,00021,0,pretrain,xRL2vVAa47I,00004,-2.4390575482807826,5.888
train,pretrain,8n5O9tz30So,00021,0,pretrain,NhYnouvrGS8,00008,7.357782021192708,17.408
train,pretrain,Qzmt2wQMhYo,00006,0,pretrain,1X7fZoDs9KU,00041,2.3548011725634908,5.76
train,pretrain,q9Ou0cj3fF8,00020,0,pretrain,Ftnb2fpJ664,00031,-8.017237942833322,4.608
train,pretrain,BWWPZlaq35U,00004,0,pretrain,NgbqXsA62Qs,00006,6.774169991188664,3.136
train,pretrain,ZcFRfJb2ONk,00010,0,pretrain,8cboEp70nvg,00003,-7.548563998097084,8.64
train,pretrain,7s0CpRfyYp8,00048,0,pretrain,iST7tCMUDXU,00007,-0.8796434947289278,5.696
train,pretrain,1BfMMoLYMlg,00018,0,trainval,zIwLWfaAgS8,50004,-4.532602181124021,2.304
train,pretrain,mf5otGNbkuc,00005,0,pretrain,gAxSu7UgPGg,00001,5.131778751587188,4.928
train,pretrain,40riCqvRoMs,00014,0,pretrain,5ErKrSyUpEo,00006,-9.281464582392566,3.52
train,pretrain,et3SeEX62aU,00005,0,pretrain,qVJBlW0j6tw,00012,0.41180867770573215,13.376
train,pretrain,F0ofeD8VKMA,00045,0,pretrain,0zbHnOcGbrw,00020,2.1331808228982485,4.032
train,pretrain,5MgBikgcWnY,00014,0,pretrain,CSLy17buxlI,00006,-0.5084933468655493,6.976
train,pretrain,kmflTZnRuZI,00020,0,pretrain,ddw1S3ZVjTE,00009,6.672988782937399,6.528
train,trainval,rTMqGbTNkNg,50028,0,trainval,iEySxTbcr2A,50022,6.80660635451229,3.136
train,pretrain,tH5iEf9oxaI,00062,0,pretrain,Ep2MAx95m20,00018,1.3805953537681486,6.976
train,pretrain,AQ8cpjEdpmI,00011,0,pretrain,SVB39Jo8mAQ,00045,-9.015886394471298,4.032
train,pretrain,RPicL1AWrs8,00012,0,pretrain,SgYvy71CSSA,00005,9.05206854096609,5.888
train,pretrain,JmCtZzSRztQ,00019,0,pretrain,H4iRPytrnJo,00004,-1.2896643455005847,7.68
train,pretrain,aSJn0xD0TXs,00014,0,pretrain,Mo2Ai7ESNL8,00014,-1.515680050686159,10.368
train,trainval,HpiZTvlWx2g,50020,0,pretrain,Erm4vP1vTn8,00005,9.18117757341706,3.776
train,pretrain,UCFg9bcW7Bk,00036,0,pretrain,qQJHZZwI8zE,00009,4.487263598108253,12.16
train,pretrain,bCjfy8Z7dv8,00027,0,pretrain,ok54sSWquT4,00023,-0.18328459631519145,9.92
train,pretrain,58eTdyeVwbA,00014,0,pretrain,wmE8dQcZgB4,00020,-0.9781287385592989,7.488
train,trainval,PnMsSqLwaes,50006,0,pretrain,RKmxL8VYy0M,00025,4.484438465474041,4.352
train,pretrain,yVwAodrjZMY,00039,0,pretrain,XZiNVGA78kA,00021,6.1814170477412524,16.896
train,pretrain,VlC93dig40E,00027,0,pretrain,EvEj5zAJriw,00003,-5.463367180675764,6.08
train,pretrain,UfM7tSoqNDw,00008,0,pretrain,i63jTStjZSQ,00006,9.908844136825856,5.696
train,pretrain,WpEjt71l08I,00003,0,pretrain,Z41BTeAU7DI,00011,0.9725725930046245,17.6
train,pretrain,rxeLnx5UEEk,00006,0,pretrain,iwlSPe0FbSg,00020,-8.669846177961238,5.056
train,pretrain,cdpIwjTtLlg,00003,0,pretrain,STuCsRugKN0,00014,-6.356262212370083,9.408
train,pretrain,x2sT9KoIISM,00004,0,pretrain,I9tB6Q5bmcQ,00017,4.153504358626975,7.744
train,pretrain,0tqq66zwa7g,00021,0,pretrain,WmJwn4WDeLE,00012,-5.995396602031587,10.24
train,pretrain,NRcPXtqdKjE,00008,0,pretrain,6XS8TA4RBog,00043,8.889629584782853,3.648
train,pretrain,9usocDBGnvA,00023,0,pretrain,rpOwTspdwkI,00040,-6.742651740309011,5.504
train,pretrain,QG4Z185MBJE,00009,0,pretrain,zeSVMG4GkeQ,00025,-9.033061635219982,8.32
train,trainval,sUf1ajkIAhY,50002,0,pretrain,RcGyVTAoXEU,00027,-0.2466522330255181,2.112
train,pretrain,PsihkFWDt3Y,00029,0,pretrain,y5nbWUOc9tY,00001,6.698088400168654,3.2
train,pretrain,AoAbPIbGLUo,00009,0,pretrain,ir0B0pnfzY0,00001,2.1792428691635237,4.608
train,pretrain,kpyc84kamhw,00043,0,pretrain,4bHO8NZwmIg,00010,-7.582429853433199,10.688
train,pretrain,Br1AIvMrvAE,00016,0,trainval,bLGTrz1Zolk,50015,2.952978388113861,6.08
train,pretrain,sYySLEdYr8A,00002,0,pretrain,5c6AADI7Pb4,00006,5.988593938658616,4.288
train,pretrain,AvtStbwMQqs,00009,0,trainval,nn5k4snG3rA,50011,8.221911589547801,2.496
train,pretrain,v7xAZ2lrel8,00007,0,trainval,pj2YxCAnqx0,50005,-8.322143481167544,3.264
train,pretrain,lUHy84tSDrA,00008,0,pretrain,Zx8uYIfUvh4,00012,-3.9872994838950993,13.056
train,pretrain,esugL07XANg,00038,0,pretrain,GtXyGFMBWBs,00032,-5.003987159656019,5.248
train,pretrain,Rpsf1YJsbbI,00038,0,pretrain,gvGSfRhlvlw,00003,6.299905414909933,6.72
train,pretrain,iAZwvTV3CyQ,00016,0,pretrain,78nsxRxbf4w,00017,-4.830147727623022,17.024
train,pretrain,uSD6RlqHwOk,00006,0,pretrain,jSSqQDPGW2k,00016,3.3467960518711273,3.904
train,pretrain,jfqwHT3u1S8,00013,0,trainval,2tcEgqTWbxQ,50011,-0.38945997641163643,2.048
train,trainval,aiDSQyFdd68,50014,0,pretrain,1z3Fgtj8fqk,00046,-6.314063421004534,2.816
train,pretrain,vPhM8lxibSU,00012,0,pretrain,YjHSx0xmXtU,00006,6.221975870189894,8.64
train,pretrain,85bqT904VWA,00050,0,pretrain,6LpSNMaU0r8,00010,4.686725653315612,5.248
train,pretrain,oSv7E8WK2Iw,00005,0,pretrain,G8gJJuCdPSA,00032,3.694178935826093,2.048
train,pretrain,YhpMSjbVopo,00004,0,pretrain,1mUDw0sRZV0,00022,-8.890533303307794,5.248
train,pretrain,0kPu6eKpja8,00006,0,pretrain,E3SSSS5SFHQ,00035,6.527903762611171,7.04
train,pretrain,iAZwvTV3CyQ,00009,0,pretrain,eqDgt12m26c,00024,-0.271430330707382,23.04
train,pretrain,lxYFURQ7Ehw,00024,0,trainval,53P0aypkpXY,50007,-5.613411548319178,5.888
train,pretrain,LVFVaWCV1TE,00010,0,pretrain,UQkIbUvcs7w,00009,0.5979659261534191,7.296
train,trainval,HQIi3nUXh0g,50012,0,trainval,6E3zVSCSGYk,50006,-0.4473008949193602,2.368
train,pretrain,mS8tQSTYLgk,00023,0,pretrain,hvStFIuhD8E,00011,4.792038443808195,9.152
train,trainval,UQzvNIIMayo,50011,0,pretrain,iU1bhHeCkoU,00016,-2.3993570481805975,3.392
train,pretrain,NRcPXtqdKjE,00038,0,pretrain,u9hauSrihYQ,00034,-1.636763126078824,4.096
train,trainval,3sWTLAS0m9U,50001,0,pretrain,DwYQHj7Hmik,00021,-4.43378523201768,4.032
train,pretrain,jpRqbP9Nv9k,00009,0,pretrain,lv9QDjw8GJk,00027,-5.785697743195062,6.208
train,trainval,SltDJynTduY,50014,0,pretrain,wAIP6fI0NAI,00058,2.563306665852343,5.248
train,pretrain,X1DlJpPqDFo,00006,0,pretrain,T9vLHFza8Uc,00014,-3.5604483830675964,4.48
train,trainval,pOWgXxoSTNM,50014,0,trainval,KfK3eKSkOQA,50005,-7.040562012717273,2.688
train,pretrain,XiEQmcZi8cM,00004,0,pretrain,sBsuIAscshE,00025,-4.532689039392359,7.04
train,pretrain,rToBZSrxjgM,00016,0,pretrain,hcIpbUsIVKw,00008,5.390915456993206,3.584
train,pretrain,bNpx7gpSqbY,00015,0,pretrain,ISSupr6ayqw,00021,-2.4690212729687477,8.512
train,pretrain,JqokS3P1D9o,00022,0,trainval,gUWWt30oZ3w,50003,4.9859787289639375,2.944
train,pretrain,yg8SBuTuoKk,00016,0,pretrain,3Z6x5t5A9so,00005,-2.4702891715476216,3.84
train,pretrain,SDSjySgNSTk,00018,0,pretrain,TPA0qoemShQ,00015,-8.146885671177769,23.936
train,pretrain,rzbtSeVZeEE,00010,0,trainval,itnoDEL5QjQ,50001,-8.603719774070065,6.208
train,pretrain,oTHSfmQo3Ok,00012,0,pretrain,xnovQVRHj5c,00012,9.797721670686123,3.904
train,trainval,QekbuidfQKo,50047,0,pretrain,c00zfzk4gdg,00048,-2.45846408940489,6.016
train,pretrain,KQEWc3LVfyc,00055,0,pretrain,3LzX36sShcs,00004,-5.475635804373913,5.12
train,trainval,AJYRJ92g4GI,50009,0,pretrain,GjINFuwLGvQ,00007,-6.4352731463241515,3.136
train,pretrain,DSbtkLA3GrY,00031,0,pretrain,F73O3Sim0Wo,00003,-1.9862488381340189,5.76
train,pretrain,aR6jLD1USW0,00019,0,pretrain,dgYItsUBW1M,00014,2.241520287316554,3.776
train,pretrain,CcxEYXHWxqs,00002,0,trainval,0ygtX2nyexo,50031,-5.571224849338656,5.568
train,pretrain,CstD6O95LSo,00017,0,pretrain,EEjyPqyFeSs,00023,-4.30894320960431,10.048
train,pretrain,Zx8uYIfUvh4,00004,0,pretrain,b9jb9UjCpik,00008,3.438756283226841,4.992
train,pretrain,awtmTJW9ic8,00001,0,pretrain,RuVdkNdeVAc,00015,1.5347972975215125,3.008
train,pretrain,eOU3Tv0vN24,00001,0,trainval,uHRG3Vr9qyI,50028,-1.3751781532718077,2.496
train,pretrain,hsSYuHv0vUk,00012,0,pretrain,8S66QUJk3w4,00016,-9.931957433319818,7.872
train,pretrain,mK2TDdEP58g,00006,0,pretrain,9y7YEmyzSDo,00032,-4.41667895107809,7.168
train,pretrain,qmnVdzzAuQk,00005,0,pretrain,jVBp2nDmg7E,00014,-0.35503957310291057,9.856
train,trainval,IMjn62naclM,50005,0,pretrain,796LfXwzIUk,00028,8.199316771074969,2.496
train,pretrain,nVEvzeIXbpk,00006,0,pretrain,b4kSKPELNcc,00007,-8.74236293106347,8.768
train,trainval,h4MhbkWJzKk,50010,0,pretrain,DwQMDyyS42Q,00003,-9.904315722508672,3.328
train,trainval,XFOkSdlPafQ,50010,0,pretrain,IJwlyf7rCtU,00013,6.475014093354012,6.08
train,pretrain,RxyQNEVOElU,00058,0,trainval,ZBg5QvcZQP8,50017,-0.4243173088609975,6.08
train,pretrain,yDubrSRjlCE,00045,0,trainval,xDe346z233Y,50003,-3.530093680898439,3.776
train,pretrain,4u636RVZTIY,00002,0,pretrain,J10EaonNV2A,00002,-7.205573492194057,3.648
train,trainval,fJ36gCwKVec,50001,0,pretrain,buHSvs7LFzw,00012,8.833076318026063,6.08
train,pretrain,jDy5j0c6TrU,00004,0,pretrain,1Totz8aa2Gg,00001,1.0158598690806482,2.496
train,pretrain,wDxjss7kHRw,00004,0,pretrain,m2SLpM5uL5g,00013,3.2579095679239067,30.528
train,pretrain,pVQdpofMhwU,00010,0,pretrain,LkOmfSSQLgI,00016,2.1554415633207213,5.248
train,pretrain,34a7UEzZdsA,00030,0,pretrain,vcfrsYWFR78,00001,3.483485571837427,15.808
train,pretrain,NiKtZgImdlY,00012,0,pretrain,eUznJ3LtvGc,00017,9.393889021033942,4.032
train,pretrain,WSSaFAZS0Dw,00010,0,trainval,F73O3Sim0Wo,50002,2.319344416021041,3.84
train,pretrain,qKlzdSH2X9w,00016,0,pretrain,CK5w3wh4GSM,00020,3.5962296873034205,10.176
train,pretrain,ggPh4X7UKwY,00021,0,pretrain,iKHTawgyKWQ,00033,-3.820636903050101,3.52
train,pretrain,7Xmr87nsl74,00013,0,pretrain,oPBC15XYl3Q,00001,1.5624528986103208,3.968
train,trainval,6vLrreR6YOE,50007,0,pretrain,t4tNALubJTA,00003,6.162516696574752,3.136
train,pretrain,b2qM1ISJCEQ,00020,0,pretrain,SJWoKsfsSaA,00036,2.157708305587377,4.352
train,pretrain,DOvbl3ZPPV4,00009,0,pretrain,CSUmoS40pqA,00007,-1.3344639606829904,3.84
train,pretrain,dJEwC4wCM70,00020,0,pretrain,bf7BXwVeyWw,00029,-4.309795194680532,4.416
train,pretrain,WFImhWa5oUw,00012,0,pretrain,RvpXNXXP5Vc,00002,-7.547773584513287,14.144
train,trainval,vg8WAv0YT9c,50033,0,pretrain,1NG7FoC5XRo,00007,9.647994832728951,2.624
train,pretrain,YWBwsS3lkXU,00013,0,pretrain,Tg35UfOJhe4,00025,-3.19056015837643,8.768
train,pretrain,zLNXIXingyU,00027,0,pretrain,erCApSBd0AQ,00045,1.201174866836439,5.696
train,pretrain,bKQA6I4BA7o,00004,0,trainval,ncwpzEoVZCk,50002,2.7958412659269456,6.208
train,trainval,DsSrzoyyfF0,50004,0,pretrain,xgsnrg8wfbQ,00003,3.4564084112609486,3.456
train,trainval,erBJuxVR7IE,50004,0,pretrain,r1qdSnDm67s,00006,2.751242028396428,5.056
train,pretrain,bvAEJ8G9l9U,00043,0,pretrain,1VRgmKiE0Js,00015,2.1452875379569285,8.768
train,trainval,Qm172DbaSbc,50005,0,pretrain,UyUXxrSS3qs,00039,-4.320405555097604,6.208
train,pretrain,lV3trdyDdHE,00044,0,pretrain,b8z6HfSq7l8,00014,5.655447773136434,8.256
train,pretrain,R7beBKnH9u0,00032,0,pretrain,ozmowWZ1YYU,00007,-8.353799559576656,10.816
train,pretrain,b6rAgHcuYtE,00008,0,trainval,nCwwVjPNloY,50016,0.5130206463552192,6.08
train,trainval,C6mNITMY7e0,50002,0,pretrain,y2X7c9TUQJ8,00023,-5.544278074629521,6.08
train,trainval,qP2W2k3L1Ow,50007,0,pretrain,40ieXxoJwZw,00018,2.859021510220874,2.24
train,trainval,lO1P6lCNnyo,50020,0,pretrain,qykDS2AXKIU,00039,6.304231612713561,5.952
train,pretrain,oeL72c6scAs,00023,0,pretrain,2ZviHInGBJQ,00006,4.223372395509733,5.888
train,pretrain,S9ry1M7JlyE,00023,0,pretrain,MqnbE5WRPEU,00003,8.847405661439762,6.656
train,pretrain,lbIh6yngKHo,00007,0,trainval,501FEzbB1JI,50018,-7.410995808458145,4.8
train,pretrain,v8YoSPXN7UA,00003,0,pretrain,40riCqvRoMs,00016,2.1277429807426866,15.04
train,pretrain,8sQ2p89P0Us,00006,0,pretrain,ElJxUVJ8blw,00057,-8.464682223145605,4.48
train,pretrain,FJFxLQCo83U,00031,0,trainval,n9yuAhusVts,50011,9.732376255829948,3.136
train,pretrain,y1GqNN2Xe7g,00004,0,trainval,2i0dGoh3VUg,50002,-7.978394681800189,5.376
train,pretrain,G0ZjSInJ4BQ,00013,0,pretrain,UfM7tSoqNDw,00022,-2.1004982506750514,7.488
train,pretrain,SypPoKpQi6w,00017,0,pretrain,P5Mpo4JQZhw,00031,0.7625544528163815,3.264
train,pretrain,MDL85fzdc1g,00015,0,pretrain,7FecGsXFgcQ,00003,3.860123488479534,9.728
train,pretrain,BGRy5VUSLfI,00043,0,pretrain,wAdwurHhvSI,00032,-2.0848654759816903,3.968
train,pretrain,gjfYohXoiz0,00004,0,pretrain,W4LYn4mIP18,00020,-5.733771100008525,6.336
train,trainval,v3SZTqj2Skw,50010,0,pretrain,Hc6yiSFtoNo,00033,4.131090607051981,3.392
train,trainval,GzzHawjP648,50004,0,pretrain,16cMSRFid9U,00004,6.1521995153464,5.76
train,pretrain,uNDWvejza4c,00001,0,pretrain,paiRIkWVy0o,00008,-7.6403594718832535,11.776
train,pretrain,zb4bp2volBg,00001,0,trainval,vHhn7z6BA0w,50011,3.161181445622855,6.016
train,trainval,9RMaD0Sk7hc,50006,0,pretrain,S2uSeHHzRto,00031,-2.654723650215285,3.584
train,trainval,QhLLMBN57AU,50027,0,pretrain,KDBcoRLkut8,00046,6.003318640476035,3.648
train,pretrain,T2jwSUhu7ok,00014,0,pretrain,eGoSdLNceEk,00004,1.7544027142686964,5.696
train,pretrain,D9S6G8J6VJg,00010,0,trainval,cWcVPpxezE0,50014,0.5664076843714323,3.456
train,pretrain,zuAj2F54bdo,00012,0,pretrain,j7c9b9A2AHc,00066,7.630118475486128,8.64
train,pretrain,mLufqwmPl1A,00026,0,pretrain,nnYhZCUYOxs,00009,-8.207203121908709,8.896
train,pretrain,0af00UcTOSc,00042,0,pretrain,gmn7tjSNyAA,00003,6.76796455425734,5.696
train,trainval,GIt6Z0k3PQo,50005,0,pretrain,OIpgrZ8ySSQ,00019,-1.8310011647670237,6.208
train,pretrain,N0vRIqeoefs,00047,0,pretrain,SCEKKHyxgaw,00033,-4.447462754471292,7.04
train,pretrain,ab9rJPjU4RM,00001,0,pretrain,QdAG161FeT8,00009,-3.8015810720564724,2.752
train,pretrain,SGzenQjZSpU,00028,0,pretrain,5LrThfSBeq0,00021,5.492848341026971,15.36
train,trainval,ZIhFcjcc568,50001,0,trainval,5K57kcs15DY,50031,3.0933643810123996,2.88
train,pretrain,URSuWwvpn5c,00024,0,pretrain,mMasmrJOmEo,00013,-4.698639705682521,4.928
train,pretrain,DOvbl3ZPPV4,00002,0,pretrain,U4Lx5rcii38,00025,1.0858411719722447,5.568
train,pretrain,9X68dm92HVI,00009,0,pretrain,gBGt5OeAQFk,00012,-1.017862254419196,27.712
train,pretrain,QLBtr2rOFkI,00011,0,pretrain,weWl6PqAdHY,00005,6.616659819379798,8.128
train,pretrain,r55a0FapF2M,00005,0,pretrain,kFh3Q2eOZ1U,00011,8.780270992354303,3.2
train,pretrain,F6Qo8IDsVNg,00005,0,pretrain,BA8XOF6IpXA,00041,-2.5003137080977194,7.04
train,trainval,ZOlBqdkN2jY,50004,0,trainval,vzi4AopBEBg,50016,9.54187990621741,3.456
train,pretrain,HcTtoGhn0Dc,00006,0,pretrain,dOt4NkcmIUg,00013,-7.350442705216718,9.408
train,pretrain,Lp5Ccer5NM8,00025,0,pretrain,7npLVcymHGc,00010,0.4740898051058213,12.416
train,pretrain,SQB9zNWw9MA,00032,0,trainval,sa0RUmGTCYY,50026,-0.043115690701910125,4.48
train,pretrain,BwIGcvBGSRk,00008,0,trainval,HH3m1OSiOT0,50005,-8.08728408326848,4.736
train,pretrain,rYwTA5RA9eU,00003,0,pretrain,WSSaFAZS0Dw,00001,2.4485718204801046,14.4
train,pretrain,FwLeiY5f7sI,00010,0,pretrain,lYdk1NK9Sr0,00024,1.9287873403583315,11.52
train,pretrain,y9KeyKVuLHU,00025,0,pretrain,VnzBGZA2z3w,00009,-1.5757673321047,3.968
train,pretrain,eHrcRquSEs4,00005,0,pretrain,BltRufe5kkI,00017,2.787324290929636,8.128
train,pretrain,t6eFzt6kFGE,00019,0,pretrain,BqSxYSOZrgU,00002,7.656208911689376,8.128
train,pretrain,rrkrvAUbU9Y,00020,0,pretrain,WiNI6INAytE,00019,-5.350161302018403,7.424
train,pretrain,Sx1qkuvUxuI,00038,0,pretrain,qKJv4S5peJQ,00005,-3.708089389173028,10.304
train,trainval,6g3WUEgrvVA,50012,0,pretrain,swI68y2oQ60,00016,-5.293940326560671,2.24
train,pretrain,J6uL4vDAU3s,00007,0,pretrain,mJxA8eIWQUc,00041,2.9027221034314916,16.96
train,pretrain,kTz52RWSbD0,00002,0,pretrain,ycB29FkoylE,00006,-3.128357106567094,7.936
train,pretrain,GS1xL1qcBa4,00030,0,pretrain,8iZSsHd0IlU,00017,5.5947412729053525,5.056
train,trainval,nx3GuO41Jyg,50035,0,pretrain,k4vzhweOefs,00045,-1.2446820352330885,4.16
train,pretrain,0bop3D7SdDM,00020,0,pretrain,QHSrG9Tuz84,00003,-8.013646818513859,6.976
train,pretrain,uhRhtFFhNzQ,00012,0,pretrain,qH66lTtW4Hg,00014,-8.376292765634174,8.64
train,pretrain,PB2OegI6wvI,00028,0,pretrain,BPMrcY9z0nM,00004,6.76890170834913,5.952
train,pretrain,NZspSEdO2Xk,00039,0,pretrain,tsgvhP07BC8,00004,9.37742023537383,8.896
train,pretrain,SryJK294Psw,00038,0,pretrain,vtjbyBUYYzY,00001,-8.284266036731152,4.352
train,pretrain,eYe0Rca4NbM,00006,0,trainval,om6SewSRwtU,50023,1.6527397607661989,2.816
train,pretrain,X9NFPZGyDPg,00017,0,pretrain,Mgbf3cq7lms,00027,5.340172864975219,8.128
train,pretrain,u943Jv9JuZc,00005,0,pretrain,BnC6IABJXOI,00006,-1.3445793095473242,5.12
train,pretrain,o0q3veMwv6A,00001,0,pretrain,MwzqSswl4cI,00051,4.598542964556174,3.84
train,pretrain,Rr5Py1r9xjw,00006,0,pretrain,KJ3lcCa0G4Y,00014,-3.2019840707346514,7.68
train,pretrain,BMOjVYgYaG8,00026,0,trainval,utV1sdjr4PY,50001,2.655064739260819,2.368
train,trainval,OPtxa35JU6Y,50004,0,pretrain,VGpZ06RlVfI,00002,7.403828696065993,5.888
train,pretrain,WjBwhwe5Scc,00001,0,pretrain,hPsUXhXgWmI,00030,6.698394165846487,3.968
train,pretrain,oCBYfGXSAlA,00014,0,pretrain,pkZtRzc9rFQ,00005,4.301796033041811,5.504
train,pretrain,TM4HiNOhkM0,00015,0,trainval,2cYDyMnL4M8,50007,1.0354273760142014,2.432
train,pretrain,0d6iSvF1UmA,00027,0,trainval,owl8keTUioo,50003,5.371219759429069,3.008
train,pretrain,38OUCtzkT4Q,00006,0,pretrain,Ssl0043HgQU,00008,-4.230116675314446,8.96
train,pretrain,O9Hfqc3trhw,00010,0,pretrain,RhgrbQmYOSY,00038,9.51974680893328,9.92
train,pretrain,VSbjOJzB7LY,00008,0,pretrain,QbxinUJcLGg,00030,-8.189832588814284,5.44
train,pretrain,i5p3NC9OwB0,00003,0,pretrain,t9c7aheZxls,00005,8.520275401852821,3.84
train,pretrain,PYSkd46RfVE,00011,0,pretrain,tMQ4OxOxgrc,00011,4.299326495872659,3.2
train,pretrain,hFGLqkDnSVI,00011,0,pretrain,YhpMSjbVopo,00024,9.292012123527151,8.064
train,pretrain,tFX1nQLZUVM,00001,0,pretrain,S6pLPVfKFoQ,00038,0.6095631405238784,2.88
train,pretrain,D1QoyTmeAYw,00011,0,pretrain,Ydj28CDrHV4,00002,9.013306167921925,3.328
train,pretrain,1X7fZoDs9KU,00033,0,pretrain,t4tNALubJTA,00004,4.9883255161789,11.264
train,pretrain,ovV7v2XYJAI,00002,0,pretrain,fw01Sq0cxM8,00005,-1.1128888632732448,13.376
train,pretrain,7npLVcymHGc,00025,0,pretrain,jMVAgCPYYHY,00013,6.727657315814735,9.088
train,pretrain,zQfB85apRy8,00011,0,pretrain,BltRufe5kkI,00016,-3.6457215365289137,6.208
train,pretrain,AS3Pyc4Qr2Q,00044,0,pretrain,vVY8L56oxSM,00012,-2.3342446472056366,9.6
train,pretrain,E0M1beV91js,00025,0,pretrain,b2LbuqoNGGI,00010,-8.120407610576805,15.808
train,pretrain,potB0voQzNg,00027,0,pretrain,btF6nKHo2i0,00005,-0.4761159031181723,6.592
train,pretrain,apbSsILLh28,00081,0,pretrain,4a6ZRstYlgw,00050,-6.7301442868013694,4.224
train,pretrain,GjYt5uQPu8o,00014,0,pretrain,vvhiNSqq6oo,00020,-4.64730099403849,8.32
train,pretrain,5c6AADI7Pb4,00011,0,pretrain,MwzqSswl4cI,00048,-2.281786876182716,5.12
train,pretrain,DcKdClnpz4k,00014,0,pretrain,GIt6Z0k3PQo,00019,-9.724319645036969,4.096
train,pretrain,b28brIs1OmM,00017,0,pretrain,rxeLnx5UEEk,00016,-1.111090023762829,8.32
train,pretrain,Soe7yjlFEJ8,00013,0,pretrain,rTJpJlVkRTA,00003,9.195796937473844,3.968
train,pretrain,MKKGS38vCO8,00034,0,trainval,fYUaWgVF2XA,50002,5.052093474491127,3.776
train,pretrain,3nsPcBJAdxI,00006,0,pretrain,PXBjQ7bc6PY,00002,-9.144901277558724,3.328
train,pretrain,7udZ5ux0dYE,00022,0,pretrain,59SRn1SkWAA,00081,-4.547521215050847,6.72
train,pretrain,jSGzkjHtFiA,00017,0,pretrain,TWPahtyJDsI,00049,-2.1299200800550295,3.008
train,pretrain,XoBSE2C1u0s,00011,0,pretrain,7PwvGfs6Pok,00010,8.958664931141026,8.128
train,trainval,XMSQKG70a5s,50003,0,pretrain,n8eyF4UWG38,00032,9.353972663946056,4.864
train,pretrain,H2vN2QXZGnc,00023,0,pretrain,ukgnU2aXM2c,00014,1.1323303846655257,7.168
train,trainval,IHyR7p6Shn0,50030,0,pretrain,ScvI1jKxlTM,00031,-9.114022436203078,4.16
train,pretrain,UCFg9bcW7Bk,00008,0,pretrain,5HeZaYtfDf8,00006,-2.471689539423947,7.488
train,pretrain,g2m97gPI70I,00020,0,pretrain,iSpwUpdQdyY,00058,-8.25037557342538,6.144
train,pretrain,XzDNfLnUOYY,00033,0,trainval,NDWkSrKRTCs,50014,-7.887478300789137,2.432
train,trainval,rmeGVhhbGrM,50011,0,pretrain,55n9pHSA0O8,00053,-5.959112562239646,2.816
train,pretrain,5s61n2MLGRQ,00007,0,trainval,SeBUcBfkVCo,50042,-7.7239694676731885,6.016
train,pretrain,3lxyiS3CGrk,00015,0,pretrain,FcoJt2KLC9k,00021,1.642037275938046,11.136
train,pretrain,KaiwGb0csas,00005,0,pretrain,LVFVaWCV1TE,00004,5.254864980025404,11.84
train,pretrain,NgVwPj54TEo,00010,0,pretrain,Possj5cXEnM,00013,-5.497600127400277,3.264
train,pretrain,8rzlrItooG4,00015,0,trainval,4sg9TlsMRVA,50005,6.016620710915841,2.56
train,pretrain,n3qA8DNc2Ss,00011,0,pretrain,uVAaZVz9pDs,00073,-4.349476196593905,3.712
train,pretrain,HB2SlA68YDU,00013,0,pretrain,EKSF037iji0,00025,-0.32605923662902647,10.56
train,trainval,sWN13pKVp9s,50031,0,pretrain,6a6vVIdQBd0,00039,-5.535329281848204,2.624
train,pretrain,SwaBFUgSoT8,00007,0,pretrain,kKeUISJko3o,00019,-6.8679949426653835,9.152
train,pretrain,6fJRmouSDL4,00008,0,pretrain,dv3E6ESTp30,00005,9.348414681330738,5.696
train,pretrain,QUUFbS1hBtw,00034,0,pretrain,tX6YpAf6Sco,00020,-4.251455644362383,4.416
train,pretrain,oPpE0AGqFuk,00037,0,pretrain,vvhiNSqq6oo,00009,-8.082676947379833,10.56
train,trainval,gDS1Eh6rqf8,50002,0,pretrain,rrkrvAUbU9Y,00038,1.8763271522616911,2.24
train,pretrain,xMS9HlSSLSA,00033,0,pretrain,nU5gOr1cSxU,00021,7.5024868527237984,16.64
train,pretrain,Uq1idqpX9SA,00039,0,pretrain,RLh5CRUecfY,00034,-0.46699462725138474,3.84
train,pretrain,PyXZvuxDkC4,00003,0,pretrain,mT4Qbp89nIQ,00031,-2.492756169145789,9.6
train,pretrain,7Xmr87nsl74,00006,0,pretrain,HS8y0WLm78U,00020,2.2682788177973645,6.528
train,pretrain,w9xg5TAhuJc,00003,0,pretrain,06M8qY7Q74Y,00035,8.613620606050585,3.904
train,pretrain,CdxVbUjaSpY,00015,0,pretrain,mY2LIQbiGbo,00034,1.481990677708101,11.648
train,pretrain,dO6AuQR9R7E,00015,0,pretrain,pGSQG0IyNTo,00008,-0.2511497060021135,5.248
train,trainval,tqf607N19Is,50003,0,pretrain,jFG7jqJXbno,00028,9.85854323685317,5.056
train,pretrain,3mTbO2kC6mA,00015,0,pretrain,3aJma6R8Ptw,00006,0.9614261258416477,11.648
train,pretrain,Ftnb2fpJ664,00021,0,pretrain,iW4fCwfw1vg,00012,-4.698047191002024,5.888
train,pretrain,6XS8TA4RBog,00032,0,pretrain,TQMbvJNRpLE,00011,-0.6347758040384761,6.848
train,pretrain,46wWjKTn4Ac,00018,0,pretrain,3bFabjnryE0,00006,-8.650743246831958,6.08
train,pretrain,lbBDoFp2HIQ,00023,0,pretrain,50m48lpi4AU,00020,-2.5468350430100113,4.288
train,pretrain,zZo3S5j1Pf8,00017,0,pretrain,nx3GuO41Jyg,00012,-5.4616981129615265,5.632
train,pretrain,5XD2kNopsUs,00031,0,pretrain,WvvuLDX7iIk,00054,0.5145229267671763,5.888
train,pretrain,IL2lb9fmIV8,00009,0,trainval,xY7kVVS2HVY,50051,-5.30021020285774,3.776
train,pretrain,0SkdP36wiAU,00004,0,trainval,BPMrcY9z0nM,50003,-3.1092514173635344,5.696
train,pretrain,2NHV4AzSEzY,00002,0,pretrain,afev0ZjAhUA,00008,6.991818449298101,4.16
train,pretrain,zGEDHMF4rLI,00011,0,trainval,GDnYDLERnRE,50022,1.7899216925114771,5.44
train,pretrain,Hc6yiSFtoNo,00039,0,pretrain,2j00U6lUCSc,00037,4.3093175432743855,8.064
train,pretrain,M7gB1OxksUM,00001,0,pretrain,iQsnObyii4Q,00002,-4.714855105884965,10.304
train,pretrain,ziGD7vQOwl8,00015,0,pretrain,2OlhCITl1J4,00018,7.421044451872973,6.784
train,pretrain,MAQihRikgZM,00019,0,pretrain,Uwl012o8P7I,00018,-3.702186258531004,13.696
train,pretrain,wKIHuxe2fi0,00036,0,pretrain,5Yikqlc7yl8,00019,-0.47759091725310654,6.208
train,pretrain,oCBYfGXSAlA,00006,0,pretrain,F0ofeD8VKMA,00009,-3.0757973845577924,18.368
train,pretrain,asgdGSGQBgY,00018,0,pretrain,sR6P5Qdvlnk,00002,-3.0814423246822216,7.616
train,pretrain,LMrzdkSYnYY,00040,0,trainval,V84bSWIlNA0,50002,-4.765255491244873,4.928
train,pretrain,IRVdiHu1VCc,00026,0,pretrain,1YO1FmVAPrA,00014,-5.931715927907664,12.16
train,pretrain,tbRM4Q6OI8A,00007,0,pretrain,O1j2A6ndEio,00006,-7.309386215520542,7.04
train,pretrain,yBFCSRtfTfg,00001,0,trainval,EBKSa94IFHY,50009,-5.349921797220929,3.264
train,pretrain,tFX68SJs2S0,00008,0,pretrain,pGSQG0IyNTo,00026,2.475738199556112,3.712
train,pretrain,weyd0UMdP7g,00005,0,pretrain,S8fxEWsQy9s,00006,4.50880739579401,7.936
train,pretrain,0MD4Ymjyc2I,00051,0,trainval,kYZqyjzuaOw,50005,-3.4443688994482535,3.136
train,pretrain,bmFhWr693is,00025,0,pretrain,mzy84VbSGxk,00028,0.9368254238471714,4.608
train,pretrain,rRxdxIbSQbY,00020,0,pretrain,MAQihRikgZM,00017,0.9352886234541913,14.208
train,pretrain,7jRND5IU3Qg,00007,0,pretrain,o9NUy12lgs4,00019,2.932162003620517,12.544
train,pretrain,iNPsDky1z94,00010,0,pretrain,esugL07XANg,00011,4.108860124388773,5.376
train,pretrain,1yVdhRyTxaM,00002,0,pretrain,M3mnUMmUAHQ,00014,-6.3547221621776835,8.128
train,pretrain,DjcZrtcBZi4,00013,0,pretrain,YeXcNpVkezI,00013,3.8295370481950624,12.608
train,trainval,rjECbQ1rSk0,50004,0,pretrain,ogXTSCI7KRU,00034,-0.33644332739360117,2.624
train,pretrain,zORUUqJd81M,00004,0,pretrain,tlB1pFwGhA4,00015,-7.651464222904886,8.256
train,pretrain,QUL0eSQtV8c,00011,0,pretrain,RlToQQfSlLA,00015,8.93096543766281,8.704
train,pretrain,I9telSZCswM,00004,0,trainval,73rUjrow5pI,50002,-4.416963718357585,4.928
train,pretrain,MQrhPhan5Gw,00010,0,pretrain,9KACXVScWS4,00034,4.78886665245615,8.576
train,pretrain,IWjzT2l5C34,00014,0,trainval,AJYRJ92g4GI,50002,-3.441540493677997,3.776
train,pretrain,nq0SzGzSc8g,00001,0,pretrain,11Mq9ZuxZMc,00002,-1.62263934259434,4.992
train,pretrain,5HeZaYtfDf8,00011,0,pretrain,qyecmU5r9SI,00003,1.8761625361767713,6.72
train,pretrain,fLJsdqxnZb0,00004,0,trainval,b2LbuqoNGGI,50005,-3.8007108482561662,3.648
train,pretrain,g985z9Wq5gk,00004,0,pretrain,BQOz6OVz1zc,00040,1.5973228368935626,3.456
train,pretrain,01GWGmg5jn8,00018,0,pretrain,QijH4UAqGD8,00033,9.168227461031616,4.608
train,pretrain,bCGlWQnzDVE,00010,0,pretrain,mp0SQQQgv7s,00004,-1.1719145941589222,8.32
train,pretrain,sucza6EOIf0,00025,0,pretrain,TQMbvJNRpLE,00012,-1.1534595713755174,9.6
train,pretrain,08ZWROqoTZo,00006,0,pretrain,zWxFhFZJDks,00001,-8.456308556211296,7.68
train,pretrain,mS8tQSTYLgk,00006,0,pretrain,F1U26PLiXjM,00002,-6.7873193823313915,7.936
train,pretrain,6WeS1bXRBOk,00011,0,trainval,F73O3Sim0Wo,50002,-0.9913368020781412,3.84
train,pretrain,v3oSF94S4FI,00012,0,pretrain,YrSpoWSKK1Q,00012,-0.43459980327917336,5.76
train,pretrain,qtcWebAYmKY,00008,0,trainval,XO1MeSMYSQ0,50005,8.350383836163545,5.888
train,pretrain,eHzLV1LM4Rs,00003,0,pretrain,0ueGFLVFi80,00020,8.010105170199843,6.976
train,pretrain,60P7717SXOQ,00026,0,pretrain,SgjGcBTyScY,00013,-5.730030921124301,6.208
train,pretrain,oVE5rRJa0D8,00013,0,pretrain,vbHkhSfaQu8,00044,4.260951513003736,4.608
train,trainval,3icoSeGqQtY,50015,0,pretrain,NI0yARyFoIM,00003,9.359162862720002,5.44
train,pretrain,2MYsx6WArKY,00013,0,pretrain,gK2AkxzFeDM,00029,5.67085100673231,12.032
train,pretrain,AR6RiSHN7S0,00030,0,trainval,HfMhU6qjVVM,50003,-5.337818087402855,5.696
train,pretrain,Qy5A8dVYU3k,00006,0,trainval,sgTjCpBOeCU,50009,-6.933165301297377,5.696
train,pretrain,XYEChpVS04s,00004,0,pretrain,VRhjc3dJtOo,00010,4.10824507559318,7.488
train,pretrain,ShY9QSdaReY,00022,0,pretrain,wUKAVcj9NVA,00034,3.820420056242442,6.72
train,pretrain,1fZ4XOnnh1c,00013,0,pretrain,7p4zw4SqgUw,00014,6.969825159425909,6.528
train,trainval,B905LapVP7I,50010,0,pretrain,0MD4Ymjyc2I,00028,9.389369063304727,2.048
train,pretrain,cpsRAk5HpK4,00025,0,trainval,H03o2WCBoDU,50008,7.539756436000509,3.456
train,pretrain,88SlA2EZxtY,00019,0,pretrain,dLmK4gZ0oz8,00011,-5.156147853545825,6.016
train,pretrain,NRcPXtqdKjE,00038,0,pretrain,eLz9TvxGoKs,00016,-5.265517580837558,4.096
train,pretrain,bLGTrz1Zolk,00022,0,trainval,wSepGxx36To,50014,-2.637515314187471,2.496
train,pretrain,UCFg9bcW7Bk,00027,0,pretrain,fVLJU45SnLY,00020,-8.882922175578436,5.76
train,pretrain,sK4rgGgqzmY,00009,0,pretrain,LhszKevcH30,00021,7.079141520556519,4.736
train,pretrain,vYV4tAq3wVg,00032,0,pretrain,8rZzHkpyPkc,00032,-0.920014390150758,7.808
train,trainval,Eewvsw027jg,50002,0,pretrain,5AcjM5BKfRQ,00011,-7.545036543260135,3.84
train,pretrain,NIjjaFCADSE,00002,0,pretrain,P6w7Eq7YhL8,00013,-4.5023754837236085,5.76
train,pretrain,IMjn62naclM,00005,0,pretrain,SVB39Jo8mAQ,00007,4.420687293684884,6.272
train,pretrain,KsSSMh1QhMc,00030,0,pretrain,ESwp7HN9Zvs,00010,1.8561283574639216,5.76
train,pretrain,TjaM0tdxtYA,00009,0,pretrain,b6rAgHcuYtE,00021,2.5992462742673936,4.672
train,pretrain,6gSwRHScq6M,00008,0,trainval,fSOupkS4VVo,50005,3.7602310048358767,5.056
train,trainval,yP2niXStKVQ,50002,0,pretrain,1yzoCFqKEhI,00014,-8.375027269526196,2.56
train,pretrain,jhOJ7DQo3ZU,00004,0,pretrain,FLbEKpLS5Z0,00015,-0.6356531779906867,18.56
train,pretrain,z9CabT4Kcz8,00001,0,pretrain,6ORDQFh0Byw,00009,3.942883933178292,5.248
train,pretrain,XRWTyUVh0BQ,00040,0,pretrain,uhRhtFFhNzQ,00029,-8.353465486910709,5.76
train,pretrain,5sg4zxZMDN4,00017,0,pretrain,Bk9wQD6eYts,00031,7.0427922688848845,7.104
train,pretrain,6AvXhgXlGpE,00041,0,pretrain,IRVdiHu1VCc,00030,-3.8246313996514996,9.024
train,trainval,UpkAqPEcMyE,50012,0,trainval,CHh6hWo1AFE,50015,6.67516090011263,4.288
train,pretrain,DSSAz5nZBBM,00054,0,pretrain,T22s4jCZ4Ho,00009,9.29024698990813,5.248
train,pretrain,1gAQ82IHyZ8,00002,0,pretrain,S6pLPVfKFoQ,00055,-4.5269643737633665,9.216
train,pretrain,d6PS4p3IXLQ,00015,0,pretrain,8ewxApY3uO4,00009,2.8688325819137646,7.488
train,pretrain,IQDrStvBt9s,00034,0,pretrain,7H0USvVSfhU,00016,-3.6413812172955273,6.208
train,pretrain,URSuWwvpn5c,00023,0,pretrain,LBvHI1awWaI,00011,-9.598029952896622,7.04
train,pretrain,0QbLI1U4cLE,00017,0,pretrain,t9c7aheZxls,00007,-6.893955161231258,3.904
train,trainval,vGDZmSnSkfo,50005,0,pretrain,Zwwanld4T1w,00006,5.037717560367366,6.016
train,pretrain,6c0VtOdibcI,00001,0,pretrain,scITIoJvMJ0,00004,6.758774587432946,3.136
train,pretrain,IRxgDMSp9Gs,00023,0,pretrain,9UiK4llJOXc,00014,5.647379103035636,9.472
train,pretrain,EZwxKPv1CwA,00062,0,pretrain,da1vvigy5tQ,00023,-3.8619852573334024,6.4
train,pretrain,aSGIZBmGOsU,00002,0,pretrain,fwm3azuoLr4,00023,6.819601624609739,6.528
train,pretrain,0hzSUUdTDUA,00002,0,trainval,0ZOqbO2jIKg,50005,5.639057357467124,3.84
train,pretrain,fDV4fDWUo6U,00015,0,pretrain,KkyzYjPuxK8,00016,-2.734446180488419,4.096
train,pretrain,cI9vSC1eQ18,00007,0,trainval,nU5gOr1cSxU,50016,-0.7448680128176264,2.88
train,trainval,jqWHy6B0ADA,50014,0,trainval,MtSE4rglxbY,50008,5.883979543922116,2.624
train,pretrain,eLz9TvxGoKs,00006,0,pretrain,1N6e0DnGq38,00006,4.921013487041586,7.104
train,pretrain,bB5zR2xYhm4,00016,0,pretrain,Qj4xf3U8dh8,00044,8.843318735052769,7.36
train,pretrain,8qqLMFBGvWI,00015,0,pretrain,wyhF7q3Sbpk,00020,-2.3839965048712326,6.528
train,pretrain,tjkrKA1cVdU,00025,0,pretrain,jVBp2nDmg7E,00021,-9.758951226813704,16.448
train,pretrain,CLSSiaFuLo4,00001,0,pretrain,4AaSUyfNN4c,00022,9.773553527523944,7.616
train,pretrain,PdxPCeWw75k,00019,0,pretrain,WNTk29zXl4A,00033,-7.954701225445662,10.048
train,trainval,g2J6YOiLNr4,50016,0,pretrain,fmS0sTNcDIo,00002,0.9987999458379591,2.816
train,trainval,jVBp2nDmg7E,50011,0,trainval,deT1mILtFEY,50027,3.794984997559986,4.096
train,trainval,UeKZYCq3s0E,50002,0,pretrain,2tCcoSRZqVY,00014,-8.354217860912964,4.16
train,pretrain,P65XdTlk4vA,00054,0,pretrain,z4kwU6z6ORg,00009,-7.3947142907391505,6.656
train,pretrain,4wOxJOPnSUg,00034,0,pretrain,JGVU8n7jjHc,00019,-6.701144757064559,6.016
train,pretrain,qFOooWq2inA,00006,0,trainval,gZga0AmCGdE,50024,3.6727546350078892,3.52
train,pretrain,4KhnSz9FPmU,00005,0,pretrain,GzPpH9WexDc,00005,-4.017143861644192,6.976
train,pretrain,ptIecdCZ3dg,00006,0,pretrain,7ZoOyNTyjQE,00005,-9.325448774656762,4.416
train,pretrain,AJYRJ92g4GI,00017,0,pretrain,THJUvXkqmBk,00002,-2.310195435774853,14.528
train,pretrain,UVqoIgh7bcw,00007,0,pretrain,7shXEFuxHAA,00004,9.990254310381381,5.184
train,pretrain,I9tB6Q5bmcQ,00022,0,trainval,R21MsHQA8vM,50025,-5.369262584427963,2.56
train,pretrain,5pW2b1vwwf4,00033,0,trainval,ovV7v2XYJAI,50004,0.07012666594878247,4.032
train,pretrain,nncPtxLCPrE,00005,0,pretrain,vvhiNSqq6oo,00018,5.127101418916649,7.936
train,pretrain,N7wF2AdVy2Q,00010,0,pretrain,1EIQ6nSSXxk,00001,-7.749467245156316,7.04
train,pretrain,gBGt5OeAQFk,00030,0,pretrain,4Rtfi4MSafA,00024,2.359503138897132,4.928
train,pretrain,2G0wQfUl9EU,00019,0,pretrain,J9PgY1mbPgM,00017,8.042431923222523,4.096
train,pretrain,hBtXiTumdY0,00011,0,pretrain,qS7zAkwAOYg,00021,-2.8013912538018744,10.688
train,trainval,K9SQUZbAIoY,50004,0,pretrain,lrYx7HaUlMY,00040,2.790405567477727,2.56
train,pretrain,3nsoNSLS8RQ,00045,0,pretrain,eNDhBSR1DZ0,00020,-9.157399233031374,6.336
train,pretrain,OWq7ToR2U8Q,00012,0,trainval,eJnlgDUcxOQ,50004,0.5989806813017768,6.144
train,pretrain,asSNPOU5U3c,00043,0,pretrain,oy25A7vnigg,00014,-5.405389981286763,5.12
train,pretrain,vWJwa7lntTs,00013,0,pretrain,CstD6O95LSo,00017,7.677431695678841,18.56
train,pretrain,IshrD4mjnNU,00008,0,pretrain,Jv2GGScsUc8,00024,-2.7009021840252556,3.008
train,trainval,XS3m37czBfk,50018,0,trainval,O6jrLgvCUNs,50009,7.21471479151921,4.224
train,pretrain,UuXeY3S2emA,00011,0,trainval,gAxSu7UgPGg,50001,6.56582403249892,2.752
train,pretrain,F0ofeD8VKMA,00003,0,pretrain,7HD3lrb6VtM,00003,8.980823270389397,14.656
train,pretrain,n4EhJ898rSk,00008,0,pretrain,IYDqtxvKDW4,00003,8.064805192404123,12.544
train,pretrain,fzKxYlHmhmY,00010,0,pretrain,Nhx1SyXMwCg,00020,6.016703630986655,6.848
train,pretrain,SResvScvMkE,00004,0,pretrain,NXfYNdapq3Q,00034,0.7316830211124259,4.864
train,trainval,eIho2S0ZahI,50005,0,pretrain,oPpE0AGqFuk,00027,-6.147020237106835,3.264
train,pretrain,2Brajdazp1o,00009,0,pretrain,BMcduh1HEHA,00015,6.428770573412624,7.68
train,pretrain,CSSBGTJgBGo,00004,0,pretrain,bLGTrz1Zolk,00003,2.1283711281431312,7.68
train,pretrain,VQRjouwKDlU,00016,0,pretrain,08ZWROqoTZo,00018,5.605945613807137,4.928
train,pretrain,HA7GwKXfJB0,00021,0,pretrain,2tCcoSRZqVY,00007,-6.02682660036564,7.296
train,pretrain,HB2SlA68YDU,00006,0,pretrain,hxJ8LELZCjo,00029,-7.631409888723497,5.632
train,trainval,AzcMEwAxSP8,50008,0,pretrain,59SRn1SkWAA,00084,2.060478061930196,5.952
train,pretrain,2NcetHNXaxU,00007,0,pretrain,XLi6iYnnsGc,00021,-5.934095742186097,3.52
train,pretrain,UVDgemuZdho,00014,0,pretrain,1InHN8JPazA,00030,-5.29812323246897,11.328
train,pretrain,cnDEVgxD6QQ,00008,0,pretrain,tj2jeYqfLuA,00004,0.7458170147340493,5.312
train,pretrain,LWULB9Aoopc,00059,0,pretrain,vGzBcBZrOSw,00002,-6.985544328807216,4.48
train,pretrain,apbSsILLh28,00080,0,pretrain,C6mNITMY7e0,00001,-9.772836351667667,6.08
train,pretrain,LPwWYFOFTGU,00010,0,trainval,AGivotqSrd0,50001,1.2211524080577512,4.288
train,pretrain,N0vRIqeoefs,00017,0,trainval,DqsvwHG9cSM,50027,5.407693967434497,6.208
train,pretrain,XzDNfLnUOYY,00045,0,pretrain,59SRn1SkWAA,00055,-8.316728964627544,3.904
train,pretrain,2Pp9ONyxBr8,00004,0,pretrain,UJv5B7s1DdE,00017,-8.791548765866278,4.416
train,pretrain,pbGLBjDhnSY,00023,0,pretrain,2t13Rq4oc7A,00011,2.2342351245136065,3.136
train,trainval,IRxgDMSp9Gs,50002,0,pretrain,mA1vshSuyQU,00006,0.15427632164146488,5.248
train,pretrain,pMUv6UWkuWw,00008,0,pretrain,iKEtQSzz4GA,00002,1.8577461961229886,5.696
train,trainval,AvtStbwMQqs,50001,0,pretrain,znO7UHpxgTI,00007,1.1747013439398124,3.904
train,pretrain,Ydj28CDrHV4,00013,0,pretrain,DBoShCrKfLQ,00012,-1.3878963642649378,5.12
train,pretrain,FjnGdiqk96Y,00017,0,pretrain,HonUUtuCSwM,00026,9.071618451215194,5.248
train,pretrain,bkeBjPS9ZR4,00015,0,pretrain,STsOdmkH5fI,00041,3.4809238639054385,9.024
train,pretrain,G2Y6Am46eVU,00001,0,pretrain,W4zepOS7dgk,00007,4.403634937298509,5.568
train,pretrain,1KFUSfbcwfw,00013,0,pretrain,AAkEYcmCCCk,00026,-8.110715458315756,16.96
train,pretrain,LHd0vXDglb8,00021,0,pretrain,FWTSBLVOASI,00003,-6.242339798463641,3.648
train,pretrain,wmE8dQcZgB4,00012,0,pretrain,h9deGh8StEc,00001,-7.094987643956223,9.408
train,pretrain,NwmGTM5Py8Y,00045,0,pretrain,FpHPVrsEkYY,00026,-7.621869987647234,5.76
train,trainval,b2LbuqoNGGI,50002,0,pretrain,FjvjSlpJoqo,00008,-7.912863956424754,4.608
train,pretrain,V84bSWIlNA0,00014,0,pretrain,jeOumyTMCI8,00023,8.89299960366425,3.456
train,trainval,N7wF2AdVy2Q,50009,0,trainval,1VRgmKiE0Js,50021,0.6458926178361963,2.112
train,trainval,gS3iLapiTCw,50003,0,pretrain,oiVSHkItqxo,00015,7.847115210216568,6.144
train,trainval,N37x4GgDVBM,50011,0,pretrain,Mo2Ai7ESNL8,00029,3.330888280109864,3.968
train,trainval,CPVjktgYKo4,50010,0,pretrain,iP9QFSlBOyA,00005,9.656061641112053,3.2
train,pretrain,oXbhTHaMwTw,00022,0,pretrain,PB7xs7UpIfY,00010,-5.364209500809956,3.52
train,pretrain,d38LKbYfWrs,00002,0,pretrain,1InHN8JPazA,00002,-4.522298364596244,5.44
train,trainval,7ZWTG0SeCEg,50040,0,pretrain,Nhx1SyXMwCg,00013,4.112522100019726,6.208
train,pretrain,WonC2e5aOGE,00007,0,pretrain,SSJkV8IzsZA,00008,7.677743192581893,5.568
train,pretrain,Td2hfdXQ5x8,00012,0,trainval,V1gxziZwmkc,50015,-9.851078380486866,3.648
train,pretrain,7DCofMA9eQA,00030,0,pretrain,jKl0tb3VmfQ,00011,-5.854231512088067,3.2
train,pretrain,OF5VVrsnpzo,00013,0,pretrain,SmsYxDvdcYc,00028,-9.071761047992979,7.616
train,trainval,3F2jACWwKdU,50014,0,trainval,Nhwq12TKkQQ,50024,2.467011307322192,2.24
train,pretrain,oEIYHTlbeLA,00002,0,pretrain,1JxxCB9GiGU,00007,9.336280475308442,4.928
train,trainval,6V6p1tgHfm0,50005,0,trainval,VNGFep6rncY,50012,-3.350669430476973,5.888
train,pretrain,FzApYQDIXlg,00023,0,pretrain,odIXWv1m2a8,00012,8.044488012065344,9.088
train,pretrain,jKl0tb3VmfQ,00010,0,pretrain,b6uOb1fm5bg,00010,-0.7268364647883025,6.4
train,pretrain,5l4cA8zSreQ,00020,0,pretrain,IDSSieLCmS4,00055,4.857989753495193,3.328
train,pretrain,KOIsqRgJ3XM,00012,0,pretrain,AU66C6HePfg,00020,-3.873179755993588,5.44
train,pretrain,HNMQSw7hXTA,00009,0,pretrain,6xtmm0MnaS0,00012,2.868056986363417,11.264
train,pretrain,aIFFFGf1ZRE,00016,0,trainval,iF4s75ZPano,50002,8.212116856861897,5.504
train,pretrain,3fM9o72ykww,00009,0,pretrain,SgOTaXhbqPQ,00027,-9.975122985620391,8.256
train,trainval,KNXOVpN8Wgg,50008,0,pretrain,7vsO7SHLJMI,00008,-6.455790950658987,5.632
train,pretrain,0sYguTPLpHE,00056,0,pretrain,IYDqtxvKDW4,00001,-1.6925397594460172,8.448
train,pretrain,dQijrruP9c4,00003,0,pretrain,5pXelS1clHs,00034,-2.03658410068277,7.04
train,pretrain,tsgvhP07BC8,00016,0,trainval,zcMj4Az1MwE,50009,4.571907274099294,5.376
train,pretrain,8t4Vj6lmzVo,00002,0,pretrain,pF72px2R3Hg,00013,-0.1616443127414886,8.0
train,pretrain,zXSrqdSohyA,00023,0,pretrain,DLccHLwdS6Q,00003,-6.123011869713619,4.16
train,pretrain,PB2OegI6wvI,00011,0,pretrain,jvBaRf9LHDs,00006,-8.474040513042297,5.76
train,pretrain,ciStnd9Y2ak,00033,0,pretrain,cbSts8fUhB8,00001,-9.19035339401132,6.848
train,pretrain,JSswZaKN2Ic,00002,0,pretrain,HNOnvp5t7Do,00027,2.754734533933483,15.68
train,pretrain,J6ZzmqDMhi0,00006,0,trainval,FTUpFYo0rMI,50024,1.7953034848801828,2.624
train,pretrain,XSHE4HfaSOY,00012,0,pretrain,N8Votwxx8a0,00022,3.7289342283293614,3.584
train,trainval,ukgnU2aXM2c,50003,0,pretrain,ZvSJE9n0GfA,00011,6.081290607484181,3.84
train,trainval,vzKA1y3cdYI,50005,0,trainval,MO0LSLY2hRA,50003,-5.121533306664192,5.888
train,pretrain,4v4Pf5Dt8Hg,00011,0,pretrain,vYV4tAq3wVg,00008,-2.9698610795956633,3.456
train,pretrain,UGtFXtnWME4,00012,0,pretrain,zZJSgrzZNdY,00009,-9.319661165735118,12.736
train,pretrain,SRSJX0qRVSw,00010,0,pretrain,sNbGUSI9HWw,00011,-5.535581382218771,6.464
train,pretrain,SvBggxCNNno,00011,0,trainval,ME0OeqjnVAw,50014,6.728786803580505,3.968
train,pretrain,MKKGS38vCO8,00029,0,pretrain,WSsjBMSWSYE,00012,-6.374622246007173,5.824
train,pretrain,iRSjlgWE9GQ,00003,0,pretrain,YL1XwfyaS00,00014,1.8686813278779884,3.52
train,trainval,QHSrG9Tuz84,50001,0,pretrain,2lJvr5UL2pQ,00013,-2.4182688218049497,2.816
train,pretrain,3B24RaqA33k,00051,0,pretrain,VfKWd7iXMSo,00006,-9.72377042264202,5.376
train,pretrain,aUYSDEYdmzw,00004,0,pretrain,LCuAu67OCDk,00011,5.663761440885175,8.32
train,pretrain,ufp5iGh0agA,00017,0,pretrain,x5LshSZn5RA,00002,-2.724323545255512,8.128
train,pretrain,sLiM2SizFl4,00065,0,pretrain,ZBDablzQ9ts,00027,7.951629964094103,4.864
train,pretrain,kTqgiF4HmgQ,00018,0,trainval,1VRgmKiE0Js,50016,-4.007413289830161,4.608
train,pretrain,uNDWvejza4c,00009,0,trainval,ue4L8kmaKXQ,50014,9.864301976037257,3.776
train,pretrain,Z6T37m4r3yo,00019,0,trainval,tlB1pFwGhA4,50002,-6.622894503247676,2.24
train,pretrain,YhJPoyv8O3A,00033,0,pretrain,GUSLEJB9SLU,00006,-8.784874135746254,4.608
train,pretrain,xS8jLsYoSic,00008,0,pretrain,Gn2W3XSpGh4,00003,-4.922073427535468,5.376
train,pretrain,MQtWJARMoLw,00001,0,pretrain,BT2XlI8oeh0,00005,6.3180347011396485,6.72
train,pretrain,8JSMI8Xrwms,00008,0,trainval,nPdUMWGWE28,50008,-9.04029905462462,4.928
train,pretrain,VSbjOJzB7LY,00006,0,pretrain,BnC6IABJXOI,00015,-4.5446036408273205,4.16
train,pretrain,D4cV8yfgNyI,00013,0,trainval,SC3DVeWT09w,50001,-3.6608477843964753,2.688
train,pretrain,u5GCetbP7Fg,00012,0,pretrain,aUYSDEYdmzw,00019,-6.4073942319791755,7.552
train,trainval,UbVZ7rmDYrc,50004,0,pretrain,HJqtUUDhaxA,00043,-0.5606562720941977,4.352
train,pretrain,BCvzpm4d2gs,00033,0,pretrain,6AvXhgXlGpE,00039,8.854671366184853,5.696
train,pretrain,ts5MKtXNpMQ,00027,0,pretrain,npFSbX7DZ6k,00027,-6.982042189939348,4.8
train,trainval,M3mnUMmUAHQ,50012,0,trainval,R1vskiVDwl4,50019,3.95436982642323,4.736
train,pretrain,3E7hkPZSHTk,00019,0,pretrain,9XRPbFIN4lk,00009,-0.8777510525780148,5.376
train,pretrain,lDq9SQxvsNU,00024,0,pretrain,8t987Lxt1t4,00020,3.4531706429140776,8.64
train,trainval,T3I6LwDSfPE,50001,0,pretrain,RrFSO62p0jk,00036,-3.3089586324810805,6.08
train,pretrain,VUT6GQveD0E,00036,0,pretrain,HfMhU6qjVVM,00018,-7.509017449326483,7.104
train,trainval,ZcFRfJb2ONk,50005,0,trainval,ivfJJh9y1UI,50003,-3.5539375517998533,4.672
train,pretrain,yLjxoscCi0A,00017,0,pretrain,rSqYQXRVP0k,00018,7.437354275792693,11.2
train,pretrain,xV7IvRT5Qyw,00018,0,pretrain,z8UevNKDFKU,00001,-2.2479555843345285,14.848
train,pretrain,Bc2wVyl8RLI,00028,0,pretrain,mYQx5n5SRVQ,00017,-1.0217472836348733,5.696
train,pretrain,6zVS8HIPUng,00005,0,pretrain,jkEgngW766Y,00007,5.846345871118855,3.52
train,pretrain,wvCMZBA7RiA,00010,0,pretrain,ynSrWmoq7Is,00024,5.374146350584056,4.992
train,trainval,AR6RiSHN7S0,50002,0,pretrain,Vqm8fXFFHyY,00002,9.103572674581788,2.304
train,pretrain,LPrS7Skx9Y0,00010,0,pretrain,3f6xCzKx9CA,00007,5.651229755453057,17.92
train,pretrain,lDq9SQxvsNU,00025,0,pretrain,hxJ8LELZCjo,00029,2.292867962275718,5.824
train,trainval,qG6SnAIinj0,50025,0,trainval,b6rAgHcuYtE,50008,5.230527608627094,2.688
train,pretrain,SgjGcBTyScY,00002,0,pretrain,Xe2nlti47kA,00016,3.1970127692802883,5.248
train,pretrain,HfuZJVpNWR4,00013,0,pretrain,QeAGu40vZzI,00011,8.197646111308043,3.904
train,pretrain,yLjxoscCi0A,00017,0,pretrain,lv9QDjw8GJk,00002,8.461173311178587,5.376
train,pretrain,ol1b5mMeP7s,00005,0,pretrain,ec9GyxEUGec,00008,-4.46714495324337,7.936
train,pretrain,ooIxHVXgLbc,00023,0,pretrain,uH0aihGWB8U,00002,5.5006185227243325,4.416
train,pretrain,WjBwhwe5Scc,00009,0,pretrain,tsgvhP07BC8,00037,-4.976809091018288,5.76
train,pretrain,aTgPJQ9Dy7Q,00017,0,pretrain,QISHX5UKky0,00009,-3.1071951870981867,4.288
train,pretrain,7Mqse6SLOds,00020,0,pretrain,RtRufOPFug0,00012,-2.5225965786720383,6.528
train,trainval,nAMrtHC2Ev0,50007,0,pretrain,Syi9bqfFIdY,00007,5.076949054382986,5.312
train,pretrain,P65XdTlk4vA,00048,0,trainval,pDsAqCEo5CY,50001,-3.4018900808533186,2.368
train,pretrain,kiDfwUQySEs,00005,0,pretrain,Z24sXLBnOu4,00001,7.573608657326808,3.52
train,pretrain,cf3zxHuSM2Y,00005,0,pretrain,MExS7F0lGzI,00019,-2.1508556274302038,4.864
train,pretrain,bXRCVHVstEY,00001,0,pretrain,HgRJNsTb08Q,00019,4.016548692921331,6.144
train,pretrain,xjSQFZX2m9o,00021,0,pretrain,u1SdYypojbE,00016,4.431258807269803,7.616
train,pretrain,sBsuIAscshE,00030,0,pretrain,rToBZSrxjgM,00001,-3.0868833042056103,3.328
train,trainval,ARWBdfWpDyc,50002,0,pretrain,u70RZtCJSrI,00007,4.753010565516602,4.864
train,pretrain,Erm4vP1vTn8,00010,0,pretrain,ayhhuxAu6rw,00017,2.3589132092461327,4.736
train,pretrain,YkzwHuf6C2U,00021,0,pretrain,6a6vVIdQBd0,00011,-6.404253686399539,8.576
train,pretrain,J6tgYBMXR6s,00025,0,pretrain,SC3DVeWT09w,00006,4.8949776715516435,7.936
train,pretrain,LgntY0dOfSc,00003,0,pretrain,tJ54irRmdC0,00011,-1.9081917046650876,6.208
train,pretrain,I6M54p8VQFA,00002,0,pretrain,SMi3rHuK0c4,00007,9.19330036718032,10.048
train,pretrain,Phf66nAoMIk,00017,0,pretrain,CyKmpyYy14k,00004,4.24866227273699,10.752
train,pretrain,ZBDablzQ9ts,00028,0,trainval,ydKcaIE6O1k,50002,0.6304343472700253,2.688
train,pretrain,8FKYe2v0teI,00017,0,pretrain,QPiaadMporw,00032,-8.090901521253745,3.84
train,pretrain,YXWKuKSQsu4,00005,0,pretrain,EZSf3Fc0ZRA,00018,-1.7445645481574505,5.056
train,pretrain,HQzXqjT0w3k,00017,0,pretrain,8s3bdVxuFBs,00004,8.420275056141158,5.696
train,trainval,0ueGFLVFi80,50007,0,pretrain,ZChEFOGSn8Q,00002,-6.385818246967294,2.816
train,pretrain,im03Zni5BJw,00002,0,pretrain,wYCSHKl4RPU,00004,1.0814303863688668,10.176
train,pretrain,W4LYn4mIP18,00007,0,pretrain,c00zfzk4gdg,00024,-9.147921975010533,5.632
train,pretrain,yJJtRWFLSgw,00021,0,pretrain,V1ItvwxBENg,00006,4.443968847118384,4.608
train,pretrain,sa1iS1MqUy4,00023,0,trainval,B5MkpzMAOZM,50003,4.8082733243906794,2.176
train,pretrain,jpRqbP9Nv9k,00026,0,pretrain,wsIrdxDJpSQ,00012,-4.07445933143999,3.584
train,pretrain,1X7fZoDs9KU,00004,0,trainval,cn9Q4c3dXGU,50002,3.372315845730343,6.016
train,pretrain,2NHV4AzSEzY,00024,0,pretrain,ORBf73HiJns,00020,9.047045639800906,7.552
train,pretrain,k7djE1X16og,00025,0,trainval,snkrS1C2e7U,50005,-8.440156862305475,2.368
train,pretrain,7O7BMa9XGXE,00003,0,pretrain,sHJZRPWXQ9s,00001,-9.99035264069038,7.04
train,pretrain,UN8S8qSKmdE,00014,0,pretrain,KiPcxhJtuPQ,00014,3.0705602184615284,5.76
train,pretrain,T7ibjISKSdY,00022,0,pretrain,hrpwRdijvCM,00011,0.16119533823184362,3.52
train,trainval,gBkIyJ7kfSI,50023,0,pretrain,SRKgDP1YPUo,00009,-0.1277282794955088,5.76
train,trainval,VNGFep6rncY,50015,0,pretrain,3sWTLAS0m9U,00005,8.55050590871733,6.144
train,pretrain,gBkIyJ7kfSI,00019,0,pretrain,SMi3rHuK0c4,00038,7.273203333393379,6.016
train,pretrain,yyemG7V5ynQ,00001,0,pretrain,6tpsSu5O0Ws,00013,-9.079500252610746,6.336
train,trainval,OF5VVrsnpzo,50006,0,pretrain,VM6HZqQKhok,00035,5.547340016240039,5.248
train,pretrain,buHSvs7LFzw,00034,0,pretrain,K5wCfYujRdE,00006,7.859807991606001,6.4
train,pretrain,gBGt5OeAQFk,00007,0,pretrain,2jTdZSPBRRE,00008,6.687107451989888,6.016
train,trainval,H2vN2QXZGnc,50001,0,pretrain,7p4zw4SqgUw,00017,6.2383830951292865,4.032
train,pretrain,ivfJJh9y1UI,00036,0,pretrain,O1j2A6ndEio,00013,-0.923307772438573,2.688
train,pretrain,xNiBDGBw4Zs,00014,0,pretrain,2tBuvxXxlS4,00009,-5.673556285561656,4.032
train,pretrain,MpYrJs0rX84,00007,0,pretrain,7s2CoqypMLg,00009,-4.124835482967056,3.648
train,pretrain,04SEzifEsGg,00053,0,pretrain,5mug2UKGwp4,00014,-9.437274572619877,4.096
train,pretrain,iyfdWsa1zns,00004,0,pretrain,FjibavNwOUI,00019,1.1431979297725867,5.696
train,pretrain,buRLc2eWGPQ,00004,0,pretrain,risdUQ3dvrk,00011,-7.441175835430796,6.592
train,pretrain,6XNrzmh0EVs,00013,0,trainval,BcTOSxcv2So,50014,0.8523390928172141,2.56
train,pretrain,Df2JBnql8lc,00027,0,pretrain,J10EaonNV2A,00001,7.338036425290856,7.296
train,pretrain,qQDC7c2I8l8,00024,0,pretrain,Df2JBnql8lc,00005,8.348351982495426,7.616
train,pretrain,b98IwSAeGQg,00006,0,pretrain,iwlSPe0FbSg,00017,3.007054102019083,11.84
train,trainval,PuroSL7O4eY,50001,0,pretrain,Zq7QPnqLoUk,00052,8.153131444965446,4.928
train,trainval,QpmsftF2We4,50002,0,pretrain,YmlAl1SMtHk,00007,-6.158036452820895,5.76
train,pretrain,KQEWc3LVfyc,00080,0,pretrain,qAYqK9lAxic,00002,-9.405134274554605,10.56
train,pretrain,nUdsTizSxSI,00028,0,trainval,kbAac9DxM1I,50006,6.430225443056909,3.84
train,pretrain,uFIc7XEVyM0,00028,0,pretrain,EluxCgnQVzg,00025,-5.501866825475918,14.464
train,trainval,nItwVO9stX8,50003,0,pretrain,Diuv3XZQXyc,00002,0.6646511657027698,5.76
train,pretrain,jk0Y3Ss212w,00007,0,trainval,4BwSMSCFdu0,50028,-2.8835729943483157,2.624
train,pretrain,E7sqRrUoL3U,00003,0,pretrain,nyLYQYHGbvI,00018,-7.623288500870416,9.856
train,pretrain,y62pJTJkfbg,00035,0,pretrain,uSTmKo75gJI,00018,3.570934631625688,3.84
train,pretrain,O4Og5tFNiaU,00032,0,pretrain,CPVjktgYKo4,00038,-3.2045960157938875,4.416
train,pretrain,eUznJ3LtvGc,00043,0,pretrain,UbVZ7rmDYrc,00015,-0.06775673559772777,4.416
train,pretrain,GCOc31fQi7A,00029,0,pretrain,o08ykAqLOxk,00001,0.6325919515948826,4.992
train,trainval,NI0yARyFoIM,50007,0,pretrain,ygKNRnz7q5o,00002,-9.579531105804191,6.208
train,pretrain,ScGSlv9dCeY,00025,0,pretrain,XiEQmcZi8cM,00046,-5.013672411706653,7.168
train,pretrain,RxyQNEVOElU,00027,0,pretrain,Zx8uYIfUvh4,00029,-4.818105190150752,6.848
train,pretrain,t1sYh9itUvs,00004,0,pretrain,mJxA8eIWQUc,00028,-0.7275444881062931,4.096
train,pretrain,9vKRj9yV8pI,00035,0,pretrain,up4hFjSjcTY,00003,-7.759672221551974,7.04
train,pretrain,ukgnU2aXM2c,00013,0,pretrain,9YGZkgkj3fM,00024,-1.3752889919827975,14.848
train,trainval,SDSjySgNSTk,50001,0,pretrain,MOFdlEbu15g,00014,1.4748876166307454,5.632
train,pretrain,Vqm8fXFFHyY,00011,0,pretrain,ovV7v2XYJAI,00006,4.747185557136751,4.288
train,pretrain,25onkAGt3Gs,00018,0,pretrain,SSy6CJLMuiw,00008,4.707389733631771,10.56
train,pretrain,oIGBBPspTKM,00066,0,pretrain,CFADnhYKDHg,00014,3.6611790979943475,10.56
train,pretrain,JaFSfq2Zn7I,00032,0,pretrain,qykSnLkPM7E,00006,-9.336073748339313,5.376
train,pretrain,5EORxJsoUJQ,00037,0,pretrain,4SkoG9FWP4w,00001,4.587762317137724,7.616
train,pretrain,B1dkma6GRZo,00014,0,pretrain,9IRv3TOjE1I,00006,4.80420043962452,8.448
train,pretrain,fnS9f5x0f1Q,00047,0,pretrain,EBKSa94IFHY,00016,-7.260418605999779,3.968
train,pretrain,nQcgD5DpVlQ,00001,0,pretrain,9yEl0SbCA9M,00011,-0.9446787727567703,5.248
train,pretrain,AE0gO5wSaok,00012,0,pretrain,OF5VVrsnpzo,00014,-5.9179768501051715,3.904
train,pretrain,xqPJKtFI42U,00005,0,pretrain,iZRGUADAu2Q,00010,-9.822916820452797,8.128
train,pretrain,ZChEFOGSn8Q,00053,0,pretrain,be03wdS5Klc,00020,1.131343528529559,7.488
train,pretrain,gvGSfRhlvlw,00004,0,pretrain,H2vN2QXZGnc,00024,-3.1202392099874228,6.4
train,pretrain,gSCSsL3it9Y,00008,0,trainval,askcLEVCTko,50010,8.849104138459815,3.136
train,pretrain,m2SLpM5uL5g,00014,0,pretrain,dScYSVZtB7k,00014,9.092439937364333,4.48
train,trainval,0wpCZxiAQzw,50002,0,pretrain,5LgCl7ZyYGs,00003,6.95931742971209,2.432
train,pretrain,3XDdhbrg2kw,00001,0,pretrain,tbvUCrS5S5I,00024,-5.147172712906157,22.912
train,trainval,btItLAjT5zg,50017,0,pretrain,R7beBKnH9u0,00024,2.532302705604293,3.776
train,pretrain,TDCYJ3Sgx2w,00002,0,trainval,UtA860ss1eU,50001,-8.064288504753812,2.816
train,pretrain,6EghiYSs2ts,00042,0,pretrain,73rUjrow5pI,00024,-2.915818703031783,15.488
train,trainval,zcMj4Az1MwE,50018,0,pretrain,5cQoGNEcc5Q,00008,0.8121551734738972,6.08
train,pretrain,yPGwA7t6bpI,00026,0,trainval,fIw07IX6rG8,50006,9.936348569762686,6.144
train,pretrain,HJYDwS09coE,00014,0,trainval,S2OzLREwHtI,50007,9.84328724665772,3.52
train,pretrain,bHLgTUV0XWI,00017,0,pretrain,TQMbvJNRpLE,00017,6.5147381170182825,26.624
train,trainval,K6YCcsDQX4w,50001,0,pretrain,FdXUSZg9pcM,00007,9.665616992075627,5.76
train,pretrain,GB4s5b9NL3I,00007,0,trainval,xWVWhSvNLtU,50006,2.4530191224258697,6.08
train,pretrain,FEeTLopLkEo,00004,0,trainval,CGksAjzI0go,50018,-2.82504976745237,4.352
train,pretrain,DOvbl3ZPPV4,00005,0,pretrain,hsSYuHv0vUk,00026,-5.552729742041964,7.488
train,pretrain,LGtNFHtM81A,00012,0,trainval,415VX3QX4cU,50003,-9.835971497040774,2.688
train,pretrain,QcnuWDZuYy0,00010,0,pretrain,0MD4Ymjyc2I,00012,6.926742662795974,4.352
train,pretrain,da1vvigy5tQ,00020,0,pretrain,dk60sYrU2RU,00014,-0.3357951262591268,3.456
train,pretrain,mgBsSW5CFnw,00021,0,pretrain,G2Y6Am46eVU,00031,8.784540929283295,6.976
train,pretrain,bfAzi6D5FpM,00016,0,pretrain,HDjM5lw8OYo,00001,-2.4763728538977663,5.12
train,trainval,LyOgVtNtEb4,50002,0,pretrain,oKtALHe3Y9Q,00037,1.840977181360584,4.096
train,pretrain,0YNeyBANrTI,00001,0,pretrain,KnCqR2yUXoU,00007,7.591846585986524,3.776
train,pretrain,fSRWTyY2YSM,00026,0,pretrain,C8zY0oAdQrs,00017,2.657800128151642,2.304
train,pretrain,CLSSiaFuLo4,00039,0,pretrain,zMWYQRKuc5M,00019,-3.31187566913139,7.04
train,pretrain,cGrFSZYPAyk,00015,0,trainval,qG6SnAIinj0,50032,9.027696433184179,2.88
train,pretrain,2EeqUSQMjbw,00019,0,pretrain,7Mqse6SLOds,00039,2.3719181857227483,12.928
train,pretrain,pX8zZdLw7cs,00007,0,pretrain,O4Og5tFNiaU,00025,6.729977493326402,6.08
train,pretrain,zLNXIXingyU,00046,0,trainval,OF5VVrsnpzo,50015,9.310688889159017,5.248
train,pretrain,OlLFK8oSNEM,00001,0,pretrain,Chr3rQ6Vpcw,00012,1.3702892224796344,5.632
train,pretrain,U7y4GlmwPLQ,00042,0,pretrain,TcBrchkBSBE,00016,5.733359173985718,5.696
train,trainval,x8jdxSlf2Dw,50005,0,pretrain,90mj79GqWhc,00010,6.518545480430067,4.8
train,trainval,GOZOhpxSAFI,50032,0,pretrain,WQ2PFoHptK8,00001,-3.0731176063558134,4.352
train,pretrain,B9kg1UdzDvw,00004,0,pretrain,mY2LIQbiGbo,00019,-9.68069975983287,6.208
train,trainval,pMNxSROBwrg,50001,0,pretrain,5ErKrSyUpEo,00027,-8.252503325146485,2.368
train,trainval,lwcvhh4pLjE,50004,0,trainval,vMeEKBaiPbg,50003,-9.241940415819299,3.328
train,pretrain,wMWYLgj1ydw,00030,0,pretrain,bZsn1SDARRs,00011,-2.6303291272891745,7.36
train,pretrain,9EVEmZ2cSes,00021,0,pretrain,wgPLGS1BvQo,00001,-2.0093130794898117,6.336
train,pretrain,qEZmFR1WS7g,00004,0,pretrain,BJsrYqPtXFM,00001,3.9865168879387625,7.872
train,pretrain,5EORxJsoUJQ,00028,0,pretrain,XgRlrBlS7Yg,00021,7.791801837678477,4.864
train,pretrain,C74amJRp730,00041,0,pretrain,SUkVcmKZyyQ,00015,5.293031502053992,5.248
train,pretrain,LH8MPbFoRjw,00032,0,pretrain,sucza6EOIf0,00018,4.20259515434595,6.784
train,pretrain,3QZp6smeSQA,00008,0,trainval,r9DDE7NV1Nw,50017,7.042166908768685,5.568
train,pretrain,HBSQR6xovSw,00025,0,pretrain,wX78iKhInsc,00062,-8.991040948543006,8.384
train,trainval,o0td5aw1KXA,50003,0,trainval,CpkXmtJOH84,50004,5.299075193508433,3.456
train,pretrain,S3SnIMZ43EQ,00037,0,pretrain,no809a9j25w,00008,-1.2467594686481895,3.776
train,pretrain,qtAZbSZESOU,00004,0,pretrain,v50PTSaOOGI,00015,7.0876699758722665,11.264
train,pretrain,j4LSwZ05laQ,00006,0,pretrain,WNj1Y11tSx8,00008,-3.228277832566297,4.416
train,pretrain,F10t7i8wHaM,00002,0,pretrain,v22SdEMzxO4,00012,7.9081604927082125,4.608
train,pretrain,i2a8pDbCabg,00007,0,pretrain,cRrgDS4SD8s,00009,7.153449793974058,10.24
train,pretrain,dv3E6ESTp30,00012,0,pretrain,MLKj1puoWCg,00014,-5.621290211835084,6.272
train,pretrain,3sUWSDHOVn0,00041,0,trainval,qNvDRuGK84I,50004,6.294517397524601,6.208
train,pretrain,BwOd20Mv0hM,00002,0,pretrain,AOEQ9GteWbg,00005,-7.775547520061119,6.016
train,pretrain,SJ0G1iCLzCA,00003,0,trainval,fIw07IX6rG8,50005,-6.631859888626548,4.8
train,pretrain,SAm3gtFB8xU,00025,0,pretrain,dTwXeZ4GkzI,00017,9.84074311261745,7.424
train,pretrain,Svm5Czaf82k,00015,0,pretrain,IgKWPdJWuBQ,00025,-8.260611755672723,5.248
train,pretrain,ok54sSWquT4,00016,0,pretrain,vGDZmSnSkfo,00017,-2.9625853144828813,5.376
train,pretrain,4cJ08wOqloc,00014,0,trainval,o08ykAqLOxk,50008,-7.920886941437111,3.84
train,pretrain,osBbP6Om4Mg,00002,0,pretrain,tpODOkfrwyQ,00006,6.469182119395203,15.936
train,pretrain,ohGMgSLJCjs,00005,0,trainval,bXnTAnsVfN8,50011,-9.64151418586872,4.48
train,pretrain,TPA0qoemShQ,00018,0,pretrain,8OkzozrUEHY,00010,-8.556936127325322,10.368
train,pretrain,ByuWS1bBwpc,00018,0,pretrain,NP8xt8o4S5Q,00006,-5.258058178489097,4.48
train,pretrain,dOt4NkcmIUg,00019,0,trainval,sgTjCpBOeCU,50021,-1.4287536588326901,5.632
train,pretrain,ddw1S3ZVjTE,00005,0,pretrain,KxDwieKpawg,00005,-0.039827968144168224,16.384
train,pretrain,Y4QZzZgYUKg,00006,0,pretrain,JSLUS3qLv0I,00002,-8.07913654554315,22.848
train,pretrain,43e6eAAeGCs,00061,0,trainval,QoRZNSVpt3Q,50006,9.546224211793447,3.456
train,pretrain,vHhn7z6BA0w,00031,0,pretrain,MSZS1wnjfhY,00023,3.0012372639022473,7.04
train,pretrain,SVB39Jo8mAQ,00023,0,trainval,2g9GedPylM8,50001,-0.5946545658171516,4.608
train,trainval,qG6SnAIinj0,50009,0,pretrain,X55qpYxwoO4,00019,0.7499377810397654,5.76
train,pretrain,syqScVtnKuU,00069,0,pretrain,rkKDvGA2UU0,00019,3.451476984523543,6.848
train,pretrain,eMXQ6ebbC1c,00005,0,pretrain,u5GCetbP7Fg,00050,0.42692309506541903,17.664
train,pretrain,u9hauSrihYQ,00027,0,pretrain,jfqwHT3u1S8,00033,-9.175194555191375,5.568
train,pretrain,S8fxEWsQy9s,00014,0,pretrain,NFIOuy3JSIQ,00017,-6.710140320613281,8.96
train,pretrain,stAstsOxLPc,00004,0,pretrain,8rZzHkpyPkc,00019,-3.1432263207925555,3.328
train,pretrain,bfAzi6D5FpM,00011,0,trainval,Ep2MAx95m20,50001,1.868053165004138,3.008
train,pretrain,sPQViNNOAkw,00006,0,pretrain,z4eSa6GXEsE,00006,-5.996031322717322,4.992
train,trainval,Aqc2SgiOVr8,50006,0,pretrain,RbNqU2K0qzo,00020,1.369057865453268,5.76
train,pretrain,Ligs82S0qN8,00009,0,pretrain,lqbLSUhhyPk,00014,8.977481749017446,12.928
train,trainval,Xv2gHiX9Bqw,50009,0,pretrain,o3oDpCb7VqI,00039,-6.797689010458681,5.632
train,pretrain,2dRlssVF7fc,00034,0,pretrain,xqPJKtFI42U,00019,-2.7102912009611497,5.888
train,pretrain,CSLy17buxlI,00009,0,pretrain,hTAXEq6zLo8,00021,-2.189040796638107,7.04
train,pretrain,dLHWVTa5xZs,00001,0,pretrain,KabSmpUSYVM,00002,-8.591730250727867,7.36
train,pretrain,sDfhSIKFGz0,00024,0,pretrain,FauPVZxDXxk,00003,-6.838285048028863,6.144
train,pretrain,folTvNDL08A,00022,0,pretrain,z4kwU6z6ORg,00014,9.851247759050931,9.408
train,pretrain,lfBpsV1Hwqs,00001,0,pretrain,bJkv9b9o9lo,00006,-2.2119038391562063,8.704
train,pretrain,q49LtMyXK7Q,00016,0,pretrain,6gSwRHScq6M,00038,0.8189544221204965,5.248
train,pretrain,1mUDw0sRZV0,00001,0,pretrain,hiM48jSNZOU,00015,9.581818037577591,7.296
train,pretrain,6weGCM3sWKc,00016,0,pretrain,P8GCjrDWWUM,00034,0.14615097812287203,7.808
train,pretrain,7rMYfiRNT7g,00012,0,pretrain,QS0p8ZpBq04,00001,9.339752848127329,5.056
train,trainval,zLNXIXingyU,50012,0,pretrain,jodhovumkHQ,00026,0.02015716561120584,2.88
train,pretrain,OAEodzGMavY,00023,0,pretrain,86xSuStz0MA,00035,-3.661480291752886,4.096
train,pretrain,Syi9bqfFIdY,00019,0,pretrain,qm0isl11BfY,00025,-4.931286171971578,8.448
train,trainval,DwYQHj7Hmik,50003,0,pretrain,WCGuG0uT6ks,00001,-5.13700435310761,3.456
train,pretrain,k5tCYg9s0HU,00032,0,pretrain,jSS03JfgHEA,00005,8.177957763811506,5.12
train,pretrain,Z6T37m4r3yo,00024,0,pretrain,bCjfy8Z7dv8,00037,9.472618874296796,9.664
train,pretrain,7ZW8SLQftnY,00012,0,pretrain,EijI8QaExDg,00035,5.755300683074022,7.488
train,pretrain,DwYQHj7Hmik,00002,0,pretrain,FLbXrNGVXfE,00012,3.2499892445992984,7.424
train,pretrain,TdBAHexVYzc,00033,0,pretrain,1cQbMP3I5Sk,00007,-7.922126001629168,6.528
train,pretrain,SzFHlwInGwI,00006,0,trainval,Zx8uYIfUvh4,50015,-3.136322732710191,2.112
train,pretrain,RSl1ramE35s,00032,0,pretrain,mY2LIQbiGbo,00005,-0.6844282145226401,12.672
train,pretrain,wfW3aZCFfLA,00048,0,pretrain,IAAK7GWQ32Y,00002,9.892715375360282,2.432
train,pretrain,7SRGn75JcZ8,00012,0,pretrain,lnigGtrwAfs,00018,-5.996241715686379,6.912
train,pretrain,hscdmpKGqrQ,00013,0,pretrain,jAGgKE82034,00002,3.1947376078879266,9.408
train,trainval,sR6P5Qdvlnk,50002,0,pretrain,j97WsAz3CDY,00008,-3.377467588358307,2.304
train,pretrain,5pXelS1clHs,00022,0,pretrain,im03Zni5BJw,00008,7.758042484672462,14.848
train,pretrain,yyemG7V5ynQ,00001,0,pretrain,LSdPxGLesE4,00041,4.181375515942694,4.864
train,pretrain,2NcetHNXaxU,00020,0,trainval,ir0B0pnfzY0,50001,2.1993840496889643,2.496
train,pretrain,mMDuakmEEV4,00031,0,pretrain,5tUnSuoYKoE,00057,7.843383733796607,9.344
train,pretrain,gWPFJgLAzu4,00026,0,pretrain,EDLWWP8N6MU,00009,-3.422606801374643,8.96
train,pretrain,o8NPllzkFhE,00020,0,pretrain,UVDgemuZdho,00019,-2.192179577109597,8.96
train,pretrain,2Shh4UkPVCc,00045,0,pretrain,F8pUtbSgrxc,00016,-7.894099985941441,3.392
train,pretrain,hSSmmlridUM,00025,0,pretrain,9H38oQBw2HU,00022,3.3245062696642496,3.84
train,trainval,6V6p1tgHfm0,50005,0,pretrain,hxJ8LELZCjo,00026,5.60192193831303,5.888
train,trainval,KVhWqwnZ1eM,50007,0,pretrain,zeSVMG4GkeQ,00026,-5.0260444156920325,4.096
train,trainval,ilMwoEdqMTs,50010,0,trainval,deT1mILtFEY,50014,2.4122415059884244,4.224
train,pretrain,BUhksjVTbEk,00028,0,pretrain,EZSf3Fc0ZRA,00047,-8.903968049481605,4.736
train,pretrain,X41iulkRqZU,00021,0,pretrain,7hWUhEA6hxk,00028,5.241811613317521,4.48
train,pretrain,c8WMMSPUOj0,00016,0,trainval,R21MsHQA8vM,50025,-0.3758520700860739,2.56
train,pretrain,TQMbvJNRpLE,00029,0,pretrain,1sgb2cUqFiY,00020,5.3068878237680615,4.288
train,pretrain,60P7717SXOQ,00007,0,pretrain,F8pUtbSgrxc,00045,2.981496344100181,4.16
train,pretrain,Syi9bqfFIdY,00045,0,trainval,dwU8eavPInw,50006,-5.034830504305122,2.816
train,pretrain,2draXqXZmdM,00002,0,pretrain,ZxVJt6vQWV8,00001,9.514646482684356,5.44
train,trainval,ImmtTHYU5GQ,50033,0,trainval,FMJgZ4s2E3w,50002,9.134577067774078,2.752
train,pretrain,oPpE0AGqFuk,00034,0,trainval,S9PEogIrHSk,50013,-3.3721935402084817,3.776
train,pretrain,1E6ysoASrY4,00001,0,pretrain,yDubrSRjlCE,00023,1.1781933671354814,3.2
train,pretrain,BsFxokC02sg,00037,0,pretrain,avuhY7D71sQ,00037,-8.238311685914319,3.52
train,pretrain,twG4mr6Jov0,00014,0,trainval,sgTjCpBOeCU,50031,-9.39181801526863,4.608
train,pretrain,JSuTsrxfYWQ,00026,0,pretrain,MLyguFQR5N4,00006,-8.99080826227959,5.056
train,pretrain,lSMnR9SlQx8,00001,0,pretrain,DSSAz5nZBBM,00049,8.27636959914663,4.608
train,pretrain,SC3DVeWT09w,00024,0,pretrain,sz77x05rySc,00001,2.5963195960086267,4.48
train,pretrain,tUAepQYyMY4,00014,0,pretrain,W3C23m71Yws,00023,8.309180284111374,3.2
train,pretrain,O8e8TtfzSpY,00006,0,pretrain,v84pD2g3gSk,00008,3.2327920367838843,9.408
train,pretrain,1BaBMyMVvnw,00004,0,pretrain,ue4L8kmaKXQ,00004,6.986680244301564,12.352
train,pretrain,o4Nno6POrwE,00033,0,pretrain,DlGUSNXOdpQ,00006,5.195443621774459,10.368
train,pretrain,ulYR5bpu68E,00005,0,pretrain,iNPsDky1z94,00023,7.853478360520906,10.112
train,pretrain,LrBKcTTMlCQ,00006,0,pretrain,gmjSazFbpkA,00062,-0.6558287303573973,9.92
train,pretrain,PtBKP4fVAvI,00002,0,pretrain,uVAaZVz9pDs,00030,3.5759318773234305,4.416
train,pretrain,UwtYQFSJSQc,00026,0,pretrain,cC0KxNeLp1E,00008,4.103113699964426,4.544
train,trainval,0LxPAY9yis8,50002,0,pretrain,b2qM1ISJCEQ,00045,8.198697436410654,2.752
train,trainval,pPgd7Hj3ABQ,50005,0,pretrain,CEN4XNth61o,00042,6.406059846343023,3.776
train,pretrain,w4RLfVxTGH4,00003,0,pretrain,aFDKHFsVRnY,00012,7.625560208683353,7.296
train,pretrain,9vKRj9yV8pI,00011,0,pretrain,7Mn4PnGRuPk,00007,3.3959914472248123,5.12
train,pretrain,iQsnObyii4Q,00017,0,pretrain,d0LQCXCiW8g,00021,8.419338898409759,4.608
train,pretrain,wfW3aZCFfLA,00008,0,pretrain,nC06omDS0kA,00025,3.6734007707950305,3.52
train,pretrain,k5hspA18IU0,00035,0,pretrain,X1DlJpPqDFo,00009,-4.137586269942728,5.504
train,pretrain,E6ynZcLdi2Q,00015,0,pretrain,S8bJ3YlgL1Q,00010,-6.13422921825544,14.592
train,pretrain,03h0dNZoxr8,00012,0,pretrain,y1yK36RMyRE,00005,8.410769974770865,3.84
train,pretrain,oXbhTHaMwTw,00031,0,pretrain,RxyQNEVOElU,00010,9.96195128588798,6.656
train,pretrain,g2J6YOiLNr4,00030,0,pretrain,nzj7Wg4DAbs,00047,-6.710608580823612,2.752
train,pretrain,2S0aEezKvBE,00003,0,pretrain,G6dfUFgKmN4,00019,-5.3666537143171045,7.616
train,pretrain,qm0isl11BfY,00010,0,pretrain,bpi6us7wQfE,00018,-2.827673211618695,4.032
train,pretrain,23vKtqo2t4k,00038,0,pretrain,ZdDjexbxVzM,00001,5.424995739722533,2.88
train,pretrain,E7sqRrUoL3U,00005,0,pretrain,w32u2NwCve0,00007,9.806600113808987,13.696
train,pretrain,DSSAz5nZBBM,00010,0,pretrain,NVPxmzSPvUw,00031,2.467851845106024,7.488
train,pretrain,kLRanIhp2jg,00021,0,trainval,MKKGS38vCO8,50001,0.7702325126164862,4.032
train,pretrain,Qj4xf3U8dh8,00019,0,pretrain,3rbVQNTzCh8,00013,-5.6923993774124515,4.928
train,pretrain,Svo01ldlTQc,00001,0,pretrain,ec9GyxEUGec,00004,3.2612010596149847,4.736
train,pretrain,nOHVwSqktoM,00002,0,pretrain,dUdCToPPK5A,00013,-4.977025797007948,4.8
train,pretrain,zaufonUBjoQ,00006,0,pretrain,HlnhCdujYco,00010,-8.294803315681516,4.16
train,pretrain,WLMJHdySgE8,00002,0,pretrain,qywLsqI5YeY,00018,2.8065863717624033,12.416
train,pretrain,PYSkd46RfVE,00014,0,pretrain,UVqoIgh7bcw,00005,9.13830026054882,5.824
train,pretrain,EU15c9hnftE,00020,0,pretrain,uYaF8pSTNSU,00037,9.871034613789032,4.48
train,pretrain,uNQujCwCu88,00029,0,pretrain,v7UKkzIaSsQ,00004,-0.10283719069295216,13.376
train,trainval,Iv3Ud7Shv9g,50007,0,trainval,Wtp7R97jz5k,50014,-7.808044609889686,3.584
train,pretrain,fCt6PoTfPvg,00006,0,pretrain,cQl6jUjFjp4,00007,-6.10139547247014,3.584
train,pretrain,ERSZb2wHFDw,00003,0,pretrain,Nhx1SyXMwCg,00005,3.199507737729636,7.616
train,pretrain,BGcJXAXSSd0,00017,0,pretrain,2KSP7HvSZwg,00001,7.343766207079124,2.368
train,trainval,7sxpKhIbr0E,50005,0,pretrain,km4GiwSIFCo,00005,-8.843812940016416,3.712
train,pretrain,nLeeTVmVrtA,00020,0,pretrain,EZ9tC3PigiU,00014,8.520398348498954,3.648
train,pretrain,rugSZIFY7mc,00022,0,pretrain,wmE8dQcZgB4,00022,2.103774817414898,6.976
train,pretrain,LyOgVtNtEb4,00019,0,pretrain,SZSul0GzzM4,00003,-1.0423695226644263,4.544
train,pretrain,Pr57T0RaSjc,00005,0,pretrain,v84pD2g3gSk,00004,-2.0353431621021034,6.08
train,pretrain,cdpIwjTtLlg,00014,0,trainval,nUdsTizSxSI,50006,-4.500974659922323,4.608
train,pretrain,QuaIMgzIOn8,00030,0,pretrain,8iQnrM3DkVI,00005,3.8385592477979458,3.648
train,pretrain,FPhZGDS6kVQ,00002,0,pretrain,Kw5vyJ30djM,00010,8.991303724910523,7.68
train,pretrain,y9ALB39wRKo,00032,0,pretrain,WNTk29zXl4A,00051,6.543300935953699,8.448
train,pretrain,KDBcoRLkut8,00037,0,pretrain,gwPoM7lGYHw,00012,1.3502022003502834,6.528
train,trainval,tAcQfn96yFk,50003,0,pretrain,tsgvhP07BC8,00014,-8.790555340711059,4.416
train,trainval,gLDQr9i7LkM,50015,0,pretrain,F8pUtbSgrxc,00040,9.465173113530863,5.12
train,pretrain,LZXUR4z2P9w,00015,0,pretrain,BSiNIZ6zZqY,00030,3.0630779968503425,5.44
train,pretrain,cQl6jUjFjp4,00018,0,pretrain,apbSsILLh28,00077,6.284584737389395,9.6
train,trainval,wDxjss7kHRw,50012,0,pretrain,imaWSTabxOE,00007,-0.48108615728987125,6.208
train,trainval,mS8tQSTYLgk,50008,0,pretrain,SgKCzdT60Uo,00005,5.529891531951055,4.544
train,pretrain,mArrNRWQEso,00004,0,pretrain,ndAHAjgquwk,00019,-5.541380927834636,3.712
train,pretrain,iSpwUpdQdyY,00060,0,trainval,ST4JS67J0Y4,50017,-1.1912178200587888,4.608
train,pretrain,5d4ZEgZU9Aw,00023,0,pretrain,5K57kcs15DY,00002,4.135134196000925,4.288
train,trainval,3F2jACWwKdU,50010,0,trainval,p2MEGk5q1WI,50006,0.30105448060764317,2.688
train,pretrain,16p9YRF0lSg,00019,0,pretrain,jT8G44XPYW8,00003,3.5113720241387334,6.4
train,pretrain,IDSSieLCmS4,00043,0,pretrain,sWnAtLt8kSs,00011,-9.29546754818829,9.728
train,trainval,nxRRqLpWi6Q,50018,0,pretrain,mt4oSR9wzrs,00012,-2.12409612152344,6.08
train,pretrain,KxDwieKpawg,00031,0,pretrain,pj2YxCAnqx0,00010,-4.149206944814992,7.232
train,pretrain,ZvSJE9n0GfA,00041,0,trainval,q06YIWCR2Js,50004,-8.998206726480412,4.032
train,pretrain,btF6nKHo2i0,00024,0,pretrain,sfIpMJwRFk8,00001,-6.411331823254147,6.848
train,pretrain,afev0ZjAhUA,00001,0,trainval,0OkOQhXhsIE,50024,0.5525547616898585,6.208
train,pretrain,GW02Vo641dU,00032,0,trainval,vZWokpaQ3NE,50003,-8.806539504962853,3.648
train,pretrain,Rpsf1YJsbbI,00008,0,pretrain,y2yka9lyvMA,00056,4.223597963354743,11.008
train,pretrain,iRSjlgWE9GQ,00007,0,pretrain,UxXOi6Zwm7Q,00009,-3.5203943387784182,23.744
train,pretrain,3uFbJG6tBpI,00019,0,pretrain,EEjyPqyFeSs,00013,-7.383825029555922,7.232
train,pretrain,xEtXItg9hEE,00005,0,pretrain,dx70vvOSlNY,00011,-5.086895360609751,8.064
train,trainval,c8re1U9rCo4,50009,0,pretrain,CsqSDpmgsQg,00024,-7.840576856083539,3.2
train,pretrain,7npLVcymHGc,00002,0,pretrain,d6PS4p3IXLQ,00001,-5.697482282640182,7.68
train,pretrain,hS3dLASh3Yc,00012,0,trainval,Q0Uo05JoZQo,50019,0.6700881570596557,4.16
train,pretrain,7DCofMA9eQA,00009,0,pretrain,xuAAPsiD768,00031,4.008392937181744,4.864
train,trainval,AhSSmLEMgis,50002,0,pretrain,b1XHSPB6AmY,00009,-2.421089618824097,6.208
train,pretrain,mGbMwP8MDjg,00001,0,pretrain,S8201wl4jjw,00012,4.043863732420201,5.376
train,pretrain,S6BLFdBfgfU,00010,0,pretrain,HDjM5lw8OYo,00002,2.965522344169054,12.096
train,pretrain,Kp13yOhLEbU,00006,0,pretrain,u7SWcQaoaRQ,00022,-3.039843795478361,5.184
train,pretrain,30e60EOO5mo,00012,0,pretrain,9SQYDFiWnSs,00022,-7.959794904137998,6.848
train,trainval,YhG1Bgbsj2w,50023,0,trainval,fwm3azuoLr4,50013,-8.357028125789514,2.496
train,pretrain,7Gp08e63q5c,00003,0,pretrain,TDCYJ3Sgx2w,00023,-0.47547251209189767,2.304
train,pretrain,vYV4tAq3wVg,00019,0,pretrain,byHcqsGvcj8,00004,3.701272442623292,17.216
train,pretrain,y2yka9lyvMA,00018,0,pretrain,hupHAPF1fHY,00029,5.381210835212729,3.968
train,pretrain,PY9DcIMGxMs,00035,0,pretrain,cKGFSkQh1h4,00001,-9.741923014650167,3.648
train,pretrain,eFwaRDqTUL8,00003,0,pretrain,ShswlNMaUSA,00004,-3.2525762007932446,11.328
train,pretrain,p9UC0chfXcg,00024,0,pretrain,oOE0kKteWkg,00008,-1.6769284608045751,5.952
train,pretrain,iwlSPe0FbSg,00019,0,pretrain,uq83lU6nuS8,00001,-8.056698579123381,7.808
train,trainval,bXnTAnsVfN8,50014,0,pretrain,ZmSF9gVz9pg,00030,5.883433760790508,4.224
train,pretrain,R2kOgSVF2Uk,00010,0,trainval,DjcZrtcBZi4,50032,-7.910352530689626,3.264
train,pretrain,tMQ4OxOxgrc,00021,0,pretrain,qu7ZpWecIS8,00027,0.8626401831158859,5.76
train,pretrain,rRepnhXq33s,00004,0,pretrain,m1LeGwELv9o,00002,-0.39301998685890993,5.568
train,pretrain,ldhppc7GmZg,00002,0,pretrain,B12syeJflbQ,00001,-9.416545129266389,9.856
train,pretrain,DW5YctpK7pM,00002,0,pretrain,Tg35UfOJhe4,00005,-2.817917533581693,4.352
train,trainval,y9ALB39wRKo,50003,0,pretrain,LPrS7Skx9Y0,00026,3.9265807369118235,5.248
train,pretrain,xeFl0RE31x0,00022,0,pretrain,UxXOi6Zwm7Q,00005,0.4683674267982205,5.824
train,pretrain,B9bDZ5SzPtY,00019,0,trainval,hgui64Kr0Go,50001,6.129085743137242,3.52
train,pretrain,hqQSTqVNnOY,00021,0,pretrain,pbSSrJGgVIo,00045,8.862203963562209,3.328
train,pretrain,d6PS4p3IXLQ,00008,0,pretrain,0GL5r3HVAZ0,00038,-0.33559111145586584,3.136
train,pretrain,nn5k4snG3rA,00002,0,trainval,9VXOknUbzBM,50010,-2.692848254995763,6.208
train,pretrain,3UaOl8SYHes,00013,0,pretrain,WvvuLDX7iIk,00019,8.238659342506953,4.608
train,pretrain,5d4ZEgZU9Aw,00016,0,pretrain,Wzy0cX1NXpM,00005,-5.908795931269941,7.424
train,pretrain,1nZ9u2ZoIJo,00008,0,pretrain,GZGY0wPAnus,00017,-6.468434377243972,3.968
train,pretrain,URSuWwvpn5c,00025,0,pretrain,CPVjktgYKo4,00019,-1.1592075556419061,6.784
train,pretrain,xy7SMVCRFbQ,00017,0,pretrain,xEtXItg9hEE,00004,4.588885167423232,5.056
train,pretrain,hHOX3dlhhZ0,00025,0,pretrain,LNHBMFCzznE,00038,-7.558246768436341,8.512
train,pretrain,FktsFcooIG8,00002,0,pretrain,QhLLMBN57AU,00007,-1.3109768413499285,8.768
train,trainval,Wj7hmzfX5eQ,50016,0,pretrain,uo7w3g24DWo,00033,1.551513989889333,3.52
train,pretrain,sJKFyDbWVqA,00010,0,pretrain,KTTtn0iSZyA,00010,0.9022372092526165,5.248
train,pretrain,FJFxLQCo83U,00019,0,pretrain,BXcFEhl7ynM,00024,0.9974466536933626,5.888
train,pretrain,5aH2Ppjpcho,00007,0,trainval,aIcwIH1vZ9w,50010,-5.126807506452737,2.432
train,pretrain,CS9f7Qq4YZc,00013,0,pretrain,LH8MPbFoRjw,00001,-9.40082615638013,8.768
train,pretrain,8iQnrM3DkVI,00005,0,pretrain,qYfEYvo96Hg,00001,2.7526527809606076,3.648
train,pretrain,Y4QZzZgYUKg,00023,0,pretrain,6AvXhgXlGpE,00040,-4.1931604046711595,8.64
train,pretrain,NgDGlcxYrhQ,00004,0,pretrain,IJmr7MsS8fw,00038,5.382581426744039,5.312
train,pretrain,5l4cA8zSreQ,00015,0,trainval,zORUUqJd81M,50013,8.851970421278239,2.176
train,pretrain,jSaLUnl3qpA,00003,0,pretrain,YhJPoyv8O3A,00014,5.773467588595437,6.144
train,pretrain,aQ8T4sySLxw,00004,0,pretrain,MvMUMShuMaI,00021,-8.812478316670374,10.176
train,pretrain,akOe5SUsQ2o,00013,0,pretrain,S0hxl03JoA0,00028,4.607936156960168,5.376
train,pretrain,FcoJt2KLC9k,00047,0,pretrain,XiEQmcZi8cM,00044,3.7691912008787014,8.128
train,pretrain,o8xWaNpSlbI,00014,0,pretrain,aL00a3sfnYM,00001,9.109758954287244,6.272
train,trainval,tHSTfiMtSDE,50003,0,pretrain,iISw251TIgw,00013,-2.901557428620367,2.688
train,pretrain,dQijrruP9c4,00016,0,pretrain,ptIecdCZ3dg,00010,1.035771814027349,4.672
train,pretrain,HSpqhMO3ZSY,00027,0,pretrain,QYGO5tepBLY,00009,7.109608083228856,14.016
train,pretrain,08ZWROqoTZo,00013,0,pretrain,U7fFCaHZvVk,00038,6.397791812683945,3.968
train,pretrain,kLRanIhp2jg,00021,0,pretrain,dOt4NkcmIUg,00023,-8.483920620746176,4.8
train,pretrain,K74JqctvM2g,00002,0,pretrain,pzN4WGPC4kc,00008,4.598357073003218,4.544
train,pretrain,k4N2SxUZwiU,00009,0,pretrain,VM7HQSzbdIw,00008,0.42082711986448373,2.688
train,pretrain,ofsncCF9OSU,00038,0,pretrain,JiwZQNYlGQI,00007,1.1610975805615205,5.44
train,pretrain,Mgbf3cq7lms,00023,0,pretrain,P9YbrVFoX0Q,00021,-6.767711201383211,9.024
train,pretrain,wgPLGS1BvQo,00011,0,pretrain,7DCofMA9eQA,00032,-5.313757462931827,3.968
train,pretrain,JBLc4Ekl3BA,00016,0,pretrain,oYpS4qQNmSs,00008,7.5225873886764525,7.104
train,pretrain,gqpErbFnbiY,00027,0,pretrain,pgmiPXAwiLg,00032,-2.2299987629418165,6.08
train,pretrain,BISCnsKyOuk,00001,0,pretrain,mozxTk3Brqw,00008,5.4333393185307735,6.848
train,pretrain,uNQujCwCu88,00010,0,pretrain,8Szk2DpgLCs,00004,8.668741237891066,6.848
train,trainval,TRE4Sll42lE,50017,0,pretrain,ol1b5mMeP7s,00026,7.152914417045157,2.304
train,pretrain,yrcaHGqTqHk,00028,0,pretrain,DtT6S1vtjzQ,00010,2.130650057015572,3.776
train,pretrain,iKEtQSzz4GA,00003,0,pretrain,izddjApSN4I,00004,9.217335510196335,3.904
train,pretrain,d6eMdixkoRI,00019,0,pretrain,fIqABIcKIvs,00027,-3.7973002156687325,9.28
train,pretrain,B12syeJflbQ,00029,0,pretrain,M1o3FS0awtk,00002,6.058821015655319,6.976
train,pretrain,dgYItsUBW1M,00011,0,pretrain,p8KSCPXuYwI,00011,-4.70385759511708,6.08
train,trainval,9vKRj9yV8pI,50002,0,pretrain,3ls2SgSAyvk,00004,1.945452413003764,3.264
train,pretrain,bUaU9kdt9I8,00006,0,pretrain,IRxgDMSp9Gs,00039,2.058175288822664,11.136
train,pretrain,JDDGhGiaAZU,00026,0,pretrain,C3DyhrDsNUA,00017,-8.471003699595078,7.936
train,pretrain,0sYguTPLpHE,00043,0,pretrain,qzR62JJCMBQ,00003,-3.7277306604464577,4.608
train,pretrain,NZspSEdO2Xk,00016,0,pretrain,AbqsMDfX9Ig,00016,-0.908760605394372,6.912
train,pretrain,unNRCSj0igI,00006,0,pretrain,PSggxpMY9q0,00006,3.3534720183950224,3.904
train,pretrain,iUbfRzxNy20,00012,0,pretrain,9usocDBGnvA,00003,0.321879908011649,10.112
train,pretrain,LFJ9WAHowcg,00048,0,trainval,RjrS5EqZlUs,50008,-1.1706977109362384,5.696
train,pretrain,6Eu964BbJO4,00040,0,pretrain,P8GCjrDWWUM,00018,3.414864810440898,3.776
train,pretrain,9aC7bUTBKv0,00011,0,pretrain,y9Trdafp83U,00038,9.991707760171973,5.568
train,pretrain,IRxgDMSp9Gs,00007,0,pretrain,deT1mILtFEY,00006,-5.0222718885674755,4.608
train,pretrain,QOSPNVunyFQ,00016,0,pretrain,TuD3IerTOms,00031,0.48813659307787916,4.16
train,pretrain,93hbqLBpSHI,00025,0,pretrain,kbAac9DxM1I,00003,4.991577697725711,4.8
train,pretrain,zGEDHMF4rLI,00043,0,pretrain,EHTmxmuhZ10,00035,-6.475862611861503,7.488
train,pretrain,6wk4dkYSrV0,00023,0,pretrain,6qqqVwM6bMM,00023,-6.059763882294813,3.776
train,pretrain,s9jsZPeqFCw,00001,0,pretrain,ng7sf2SpeFg,00010,-4.260825340770358,6.336
train,pretrain,8JSMI8Xrwms,00016,0,pretrain,xQZxGCPjpqM,00010,-9.519488776664476,2.688
train,pretrain,58eTdyeVwbA,00023,0,pretrain,Kc0Kthyo0hU,00036,1.3969098366212087,7.808
train,pretrain,twG4mr6Jov0,00010,0,pretrain,LsESSyMnwmU,00030,-5.509213399560129,8.128
train,pretrain,sWN13pKVp9s,00001,0,trainval,8n5O9tz30So,50006,7.12429973589812,5.44
train,pretrain,hvJ4KlVlqV8,00030,0,pretrain,9P73k8m3Ytw,00016,0.6950851642348805,8.448
train,pretrain,2W1jvTEjc1s,00006,0,pretrain,eQdFkSSgHYo,00019,1.1478429599249917,3.52
train,pretrain,oiVSHkItqxo,00010,0,pretrain,MDqyOLCFJ3c,00015,-1.4739190182619915,13.312
train,pretrain,6tpsSu5O0Ws,00030,0,trainval,dcwuBo4PvE0,50012,6.945867912161269,6.016
train,pretrain,16p9YRF0lSg,00014,0,pretrain,BoRUrWcdkQ4,00014,-5.412335100283627,17.28
train,pretrain,u8bsCiq6hvM,00020,0,trainval,48oiapTn3K0,50003,2.8868601114340287,3.776
train,pretrain,KZIGekgoaz4,00017,0,trainval,N9HF8mMe2pU,50002,-1.187719108600593,4.16
train,pretrain,ptIecdCZ3dg,00008,0,pretrain,SC3DVeWT09w,00019,8.152467899362545,6.656
train,pretrain,c6mhFgAjqwA,00033,0,pretrain,KCL8NjN7FMQ,00058,4.547630891526257,3.328
train,pretrain,PS2h8hSFphs,00023,0,pretrain,JM77aTk1XyI,00007,3.654398622628179,4.416
train,pretrain,qrNDkRHAA4E,00017,0,pretrain,gIuhIo7mO5A,00007,1.2637445625985393,3.456
train,pretrain,PcQwHHbjZ0A,00037,0,pretrain,f5udS4pbXPk,00007,0.899613615791008,3.968
train,pretrain,cSohjlYQI2A,00006,0,pretrain,M8CTOjQhJFo,00025,-4.137294274237262,4.224
train,trainval,vLEUSsEeiSU,50005,0,pretrain,ZFpbkCSHimY,00001,-2.4827770984363173,2.176
train,pretrain,60OVlfAUPJg,00009,0,pretrain,wcMnmCH6Gjg,00010,8.045974508055032,8.96
train,pretrain,4FBFvWc7zf0,00008,0,pretrain,cQ3PWXoYIoE,00014,0.4149325505744432,5.056
train,pretrain,UpkAqPEcMyE,00005,0,pretrain,uWfLwKHSEko,00059,4.489514792211706,4.48
train,pretrain,j12BBcKSgEQ,00006,0,pretrain,SPSq3cW672s,00007,3.107241033506998,11.456
train,pretrain,dvuh1Np35Pk,00008,0,pretrain,0NV1KdWRHck,00007,-0.13435771552204834,14.72
train,pretrain,dvYYYlgVAao,00019,0,pretrain,zWxFhFZJDks,00013,-3.108650000766257,8.128
train,pretrain,cJgStPB0Nu0,00006,0,trainval,bDbN8R6Gb6Q,50010,-2.1908701061461544,4.352
train,pretrain,3p3Svl9VFYU,00004,0,trainval,fbeFn1Xcqo4,50030,1.5337491552926537,6.144
train,trainval,tsgvhP07BC8,50005,0,pretrain,Syi9bqfFIdY,00019,-2.8165142530156073,5.888
train,pretrain,ppZ2WIlRvR8,00013,0,pretrain,OKIyDMaxh4w,00025,8.747222513554611,4.608
train,pretrain,Sf994ANuGIY,00028,0,pretrain,YZa4sdIwV04,00010,-1.6805433970701529,5.12
train,pretrain,GSIpG4t4Z5k,00003,0,pretrain,qdiF1fSGfyM,00013,-2.268919996043575,16.192
train,pretrain,1mUDw0sRZV0,00019,0,pretrain,uB2BTxu6cF0,00003,-8.17247812328209,3.52
train,pretrain,xRL2vVAa47I,00004,0,pretrain,FzApYQDIXlg,00028,8.32948385742906,13.696
train,pretrain,7s0CpRfyYp8,00032,0,pretrain,488ZBeaGo6s,00026,-1.5111866624259633,3.776
train,pretrain,38OUCtzkT4Q,00016,0,pretrain,m048uAa8L3k,00029,-1.254818925735222,7.296
train,trainval,OwfyH5S6bpA,50004,0,pretrain,BsFxokC02sg,00019,-9.201796218024151,3.456
train,pretrain,yuewc0SEn8M,00016,0,pretrain,cplaWsiu7Yg,00017,-4.991469330310371,3.52
train,pretrain,ftWn4QOvTTo,00033,0,pretrain,BSxI3YxAPW4,00015,-4.763038510589601,11.904
train,pretrain,S7rSSd1fiUc,00013,0,trainval,6VWPHKABRQA,50008,4.488063768889264,6.016
train,pretrain,y3ZrjRlIcgI,00008,0,trainval,0GL5r3HVAZ0,50001,-4.6336690701380245,5.76
train,pretrain,luoKOkTxOtU,00023,0,pretrain,3KmaFiKvGSM,00012,4.921029105013153,5.696
train,pretrain,MiOVX7qKQ24,00003,0,pretrain,SUkVcmKZyyQ,00023,-7.932579775662864,14.272
train,pretrain,xLuMcYn8Yk0,00008,0,pretrain,xbagFzcyNiM,00029,-3.3677667286660817,6.4
train,trainval,DqbM1ZrpTQg,50011,0,pretrain,cQ3PWXoYIoE,00007,-5.013353040937862,5.888
train,pretrain,SRSJX0qRVSw,00010,0,pretrain,sFNmulAb4wM,00010,7.339054251258311,13.248
train,pretrain,VcMyX5R4dzs,00012,0,trainval,UiCJhSuLdok,50003,7.819332287072889,6.144
train,pretrain,ZliT1BiEVvo,00002,0,pretrain,kNhyOYv2ejw,00059,-5.912696289639728,6.592
train,pretrain,KQEWc3LVfyc,00010,0,trainval,OH0dK208MNk,50010,-8.131765037876344,4.544
train,pretrain,iNPsDky1z94,00021,0,pretrain,1G8dQQrlbbA,00006,3.75019912406205,4.8
train,pretrain,qAYqK9lAxic,00017,0,pretrain,Hc6yiSFtoNo,00013,-2.6903748550422613,8.576
train,pretrain,0wpCZxiAQzw,00019,0,pretrain,cXbXNV9SZAg,00023,4.620274034138829,5.056
train,pretrain,ARGkp6am3S8,00032,0,trainval,PrIvtWhI1DM,50001,7.693756212835883,3.84
train,trainval,EhM56Fk2aFk,50001,0,pretrain,vbKKoniUxMk,00024,4.118733549209082,4.224
train,pretrain,wAdwurHhvSI,00028,0,pretrain,c2tOp7OxyQ8,00056,-2.5217864456556853,4.928
train,pretrain,QPC5SP2SFu8,00019,0,trainval,WtLMST8TyeY,50002,5.630616478437354,4.352
train,pretrain,mZqL7MC8Eys,00031,0,trainval,gh5VhaicC6g,50001,5.650432286023046,6.208
train,pretrain,H2vN2QXZGnc,00017,0,pretrain,mArrNRWQEso,00088,3.4165138125509493,10.24
train,trainval,7SrGFfZMJ6Q,50001,0,pretrain,oVE5rRJa0D8,00015,-3.855933315760936,3.776
train,pretrain,Rpsf1YJsbbI,00025,0,trainval,jsZDlBU36n0,50011,1.425925447379706,2.048
train,pretrain,WfjzkO6SDEI,00041,0,pretrain,hqQSTqVNnOY,00012,0.5846545212647563,14.528
train,pretrain,mUJdzaLDRIo,00008,0,pretrain,IL2lb9fmIV8,00009,-4.3744809986736115,3.776
train,pretrain,ByEoeBYUwOo,00001,0,pretrain,OfL5JmZnkI8,00001,-3.996053074407156,6.528
train,pretrain,X03jYXszD3Q,00016,0,pretrain,J3pGKt7fESM,00003,7.112563672579096,9.6
train,trainval,drv3BP0Fdi8,50004,0,pretrain,lwL4hjhkid4,00001,3.262753327755888,3.52
train,pretrain,XkiXXPShycA,00038,0,pretrain,lU1ISu1LOv4,00018,-2.5093965334742085,4.48
train,pretrain,jFG7jqJXbno,00032,0,pretrain,qu7ZpWecIS8,00015,7.146857376017891,7.744
train,trainval,LPwWYFOFTGU,50021,0,pretrain,4fyvDMFriRI,00013,8.139371512924434,3.328
train,pretrain,0N6cjPWqpSk,00016,0,pretrain,T3fznrlWaSo,00003,-7.8528703618542135,13.632
train,pretrain,Peu7eeGtmQ4,00006,0,pretrain,IXBalykzauE,00018,-8.3977986313275,3.84
train,pretrain,8GOFoquSdkI,00011,0,pretrain,iFTWM7HV2UI,00034,7.855783006642987,16.32
train,trainval,6MBaFL7sCb8,50006,0,pretrain,oW91ATcgXVc,00001,2.478620480445713,3.328
train,pretrain,pyWrZceeKNE,00005,0,pretrain,btlF4ZSAoFc,00015,4.025187834138375,5.184
train,pretrain,o0td5aw1KXA,00033,0,pretrain,xsU10fX0aC0,00009,2.6123489367444463,9.792
train,pretrain,36m1oStM05g,00010,0,pretrain,eJ89At9Xxws,00006,7.258487423896206,8.192
train,trainval,IeblJdB2SVo,50009,0,pretrain,q06YIWCR2Js,00029,8.115563072039414,5.824
train,pretrain,KQEWc3LVfyc,00045,0,pretrain,dwU8eavPInw,00082,-0.6536341631125069,6.848
train,pretrain,CPVjktgYKo4,00008,0,pretrain,VYU25aJpg5o,00047,5.208996533246587,4.416
train,pretrain,1LSE7KCN9xg,00001,0,pretrain,uTbASmxo858,00035,3.4847675480793665,4.544
train,pretrain,UxLRv0FEndM,00014,0,pretrain,z19gIaUmIBU,00019,0.016021729990129074,9.856
train,pretrain,OOhgwjEnfAA,00007,0,pretrain,b2LbuqoNGGI,00025,-2.34272067196315,4.16
train,pretrain,16p9YRF0lSg,00025,0,pretrain,3UaOl8SYHes,00024,1.9468734186624932,5.312
train,pretrain,pcSlowAhvUk,00045,0,pretrain,tS2aISc3Q8A,00004,-7.631979197161343,9.088
train,pretrain,UVDgemuZdho,00011,0,pretrain,ApGeDdIaxo8,00015,-2.7672410672257097,8.64
train,pretrain,dnMeyvtJpsk,00003,0,pretrain,7NJhq163t78,00005,6.012310936805282,6.272
train,pretrain,X2et2KO8gcY,00004,0,pretrain,l5ZJ6bK1EIc,00024,-0.27210102505369527,5.184
train,pretrain,Qlg6izBqKxM,00013,0,trainval,UwtYQFSJSQc,50010,-4.148501353464502,5.696
train,pretrain,mzy84VbSGxk,00001,0,pretrain,xY7kVVS2HVY,00008,0.388363064570207,9.152
train,pretrain,z5LSvPkorBU,00009,0,pretrain,vVsXO9brK7M,00017,-6.416186267232787,3.136
train,pretrain,R21MsHQA8vM,00003,0,pretrain,8u9Wvz1edxI,00012,9.9982933442374,6.912
train,trainval,bhHJ4DRZNZM,50008,0,pretrain,qm0isl11BfY,00006,4.638927267808429,2.88
train,pretrain,W9YBCwgrwQA,00010,0,pretrain,maCww8AXIvg,00004,1.491776337919875,6.08
train,pretrain,1LSE7KCN9xg,00004,0,trainval,ZxVJt6vQWV8,50004,7.652760545956948,2.304
train,trainval,9KaMufF0rAY,50004,0,trainval,IkJSZGQaeak,50003,7.8988524246320395,4.416
train,pretrain,hTAXEq6zLo8,00011,0,pretrain,xYemnKEKx0c,00031,2.66717695744849,7.808
train,pretrain,Mr8nvXvlSy8,00001,0,trainval,W4I68CGUV3w,50012,8.268581566813005,2.432
train,pretrain,nLeeTVmVrtA,00027,0,trainval,SCEKKHyxgaw,50006,2.1792956675376054,4.288
train,pretrain,EEjyPqyFeSs,00041,0,trainval,pcNxS2i7SvQ,50001,-3.479921703860615,4.864
train,pretrain,23Uuehgmd14,00002,0,pretrain,pxzUDc1Zs4E,00014,5.002311719972521,4.992
train,pretrain,cknBAMirSiQ,00007,0,pretrain,vMwPTI54rqQ,00001,-1.3717831467127901,10.688
train,pretrain,ufUkAQOQaXU,00018,0,pretrain,S6pLPVfKFoQ,00033,-1.4111619200586762,5.248
train,pretrain,IRhl1lr0nJg,00001,0,trainval,kFMZrEABdw4,50009,5.496796995119496,2.24
train,pretrain,eaelI0u4Sz0,00001,0,pretrain,JS8fYhwrYzI,00013,-7.980594351977272,3.136
train,pretrain,pzN4WGPC4kc,00023,0,pretrain,HQzXqjT0w3k,00006,-7.704854945426558,3.712
train,pretrain,ImQrUjlyHUg,00048,0,pretrain,9X68dm92HVI,00035,-0.5431971305949705,4.416
train,pretrain,fa7SkR2fz3M,00013,0,pretrain,o2BJsFkzSYU,00014,-5.972078068795721,6.016
train,pretrain,yq3TQoMjXTw,00046,0,pretrain,Jv2GGScsUc8,00002,8.325585499658555,15.36
train,pretrain,4a6ZRstYlgw,00041,0,pretrain,9KACXVScWS4,00050,-8.489172527271442,9.344
train,trainval,jfqwHT3u1S8,50008,0,pretrain,KDBcoRLkut8,00044,-4.30607938206818,4.16
train,pretrain,NaoSp4NpkGg,00014,0,pretrain,UlDWRZ7IYqw,00001,-5.177980266880802,5.888
train,pretrain,xzT6iH2CX4k,00017,0,pretrain,0K5OO2ybueM,00021,2.2749344164039886,7.488
train,trainval,ZIhFcjcc568,50007,0,pretrain,B12syeJflbQ,00017,8.38538487627098,5.632
train,pretrain,guXxy8LH2QM,00017,0,pretrain,PwBgcjDVxxE,00009,8.717567630496184,6.528
train,trainval,cWYcXhMhJF4,50001,0,pretrain,hxJ8LELZCjo,00010,7.298649609063155,3.328
train,pretrain,G8gJJuCdPSA,00030,0,pretrain,FrgzvykPILc,00025,-3.9198593966918605,5.248
train,pretrain,mMasmrJOmEo,00016,0,pretrain,IDkSDPgrtjs,00009,-6.878811454245042,7.424
train,pretrain,MpYrJs0rX84,00002,0,pretrain,ELET24AHnEg,00009,9.123794883966852,7.808
train,pretrain,ue2ZEmTJSXo,00011,0,pretrain,DUd8XAS5HEk,00036,0.6658266855535349,10.176
train,pretrain,XZiNVGA78kA,00010,0,pretrain,ZOYoTup1t3A,00006,8.514316915982569,15.296
train,pretrain,b81YwSOs8RM,00009,0,pretrain,sYUjyH8Y0No,00006,-0.45608113426026264,6.144
train,pretrain,7udZ5ux0dYE,00020,0,pretrain,QzPbY9ufnQY,00001,-0.00038643887004141675,3.84
train,pretrain,VSTGxJI4JwA,00021,0,pretrain,B5MkpzMAOZM,00038,-9.261951509646334,4.992
train,pretrain,tF1oSdNwE8c,00034,0,pretrain,NdKEy6vcCMw,00024,7.367692578840106,5.184
train,pretrain,Maw4XgS6RAw,00005,0,trainval,PMBWNbj2awk,50011,-4.9197266176692445,3.328
train,pretrain,xMS9HlSSLSA,00005,0,pretrain,qYfEYvo96Hg,00006,-7.338785579047437,7.36
train,pretrain,mArrNRWQEso,00089,0,pretrain,5qdZybHSLnI,00020,-5.429608606999334,9.472
train,pretrain,gdg4mUSwuhI,00002,0,pretrain,GRcvxDVDLCw,00002,6.9952824548909796,9.856
train,trainval,8xHrpO6p7dE,50006,0,trainval,SeEsTtedvBk,50001,-7.762357557527206,2.176
train,pretrain,eyBEIx7fCfY,00023,0,trainval,d6eMdixkoRI,50010,9.128321188118953,3.584
train,pretrain,lO1P6lCNnyo,00008,0,pretrain,mSvyBpWueu4,00009,0.17912102928686835,9.536
train,pretrain,vC1uxXvPG0Q,00011,0,pretrain,3dqXHHCc5lA,00002,3.030779747088726,8.384
train,pretrain,BGRy5VUSLfI,00023,0,pretrain,J6tgYBMXR6s,00025,-2.8824041868011863,5.504
train,pretrain,59SRn1SkWAA,00033,0,pretrain,iAZwvTV3CyQ,00006,-2.7081936740394514,5.952
train,pretrain,lnigGtrwAfs,00006,0,pretrain,2zvjW9arAZ0,00042,6.681230088540659,5.312
train,pretrain,lxYFURQ7Ehw,00005,0,trainval,9EVEmZ2cSes,50027,8.802621562320155,6.208
train,trainval,F5yvoSu2OV0,50005,0,pretrain,hgui64Kr0Go,00034,3.242912805344279,4.032
train,pretrain,4v4Pf5Dt8Hg,00019,0,pretrain,tIINqNUediU,00007,-5.091516533275087,3.328
train,trainval,0x2SkWRB8SA,50002,0,pretrain,KQEWc3LVfyc,00043,0.9825454197227419,3.328
train,pretrain,scITIoJvMJ0,00018,0,pretrain,KsSSMh1QhMc,00016,7.192898938383195,3.456
train,pretrain,ElJxUVJ8blw,00011,0,pretrain,F17SKiAZOxg,00028,1.5381931974057412,4.544
train,pretrain,Fc1yN6uxZfQ,00020,0,pretrain,yhMi0tkYyT8,00017,3.8175844581263814,8.896
train,pretrain,HCgvSHNoJrY,00013,0,pretrain,y2yka9lyvMA,00065,5.148844561985541,9.6
train,pretrain,f5udS4pbXPk,00009,0,pretrain,Zx8uYIfUvh4,00007,-6.023795679175235,8.768
train,pretrain,BsVzjd5HS9Y,00003,0,pretrain,okQXrB7ySAw,00041,8.05861003617251,7.296
train,pretrain,ww4kNxYE0c4,00008,0,pretrain,zIwLWfaAgS8,00102,-9.827749692094692,8.896
train,pretrain,8oHvknJfklE,00020,0,pretrain,SS3qnZrVy9o,00020,1.9006951419083133,7.168
train,pretrain,KDBcoRLkut8,00041,0,pretrain,UyUXxrSS3qs,00012,-0.8311871312170087,3.328
train,pretrain,xX1Job6O60E,00001,0,pretrain,buRLc2eWGPQ,00043,-9.755365324425416,5.696
train,pretrain,B9DdIivSGts,00027,0,pretrain,AbqsMDfX9Ig,00009,0.5218880538057,4.928
train,pretrain,0sYguTPLpHE,00034,0,pretrain,kZt3DNCcEtA,00019,-8.605641706117122,3.904
train,pretrain,8m5Ebx6nuGE,00003,0,pretrain,Sb2qXygFm8U,00003,-8.932139102132732,3.904
train,pretrain,6qTfX4U6CS0,00011,0,trainval,qQSPUXPVlos,50002,3.7761256525955478,2.88
train,pretrain,TZkNJFrfdR8,00009,0,pretrain,C8OqQ2lmsEo,00006,5.279563097406122,7.36
train,pretrain,vcSn852sv3E,00021,0,trainval,OEydHbngSz0,50002,1.9011245932469194,6.08
train,trainval,mMDuakmEEV4,50041,0,pretrain,mGBHC1R3e7s,00003,0.4215330473501666,3.2
train,pretrain,xbWcLYOniWU,00021,0,pretrain,G6dfUFgKmN4,00034,1.7063636034405683,13.12
train,pretrain,TWPahtyJDsI,00035,0,pretrain,tlB1pFwGhA4,00002,0.03703700415844047,8.896
train,pretrain,gZlzCc57qX4,00030,0,pretrain,7SfRgg9botI,00001,8.492599668121173,4.544
train,pretrain,B9DdIivSGts,00042,0,pretrain,acikxzM6GaY,00018,7.773118483295164,6.08
train,pretrain,RVX8ZSAR4OY,00017,0,pretrain,5J6jAC6XxAI,00033,3.7040064158588937,9.28
train,pretrain,u9Lu85L111Y,00004,0,pretrain,dY7iATJVCso,00022,6.765251544895467,13.504
train,pretrain,IGadg8xHVPI,00025,0,pretrain,uDIyxxayNig,00014,-0.0966256068248903,9.28
train,trainval,NVPxmzSPvUw,50011,0,pretrain,N7wF2AdVy2Q,00042,-4.901780904320201,3.776
train,pretrain,ae38tl7uR28,00009,0,trainval,iQsnObyii4Q,50001,9.313716108839415,5.12
train,trainval,eHlu6ViSwxo,50006,0,pretrain,XzNLfw5lS4A,00006,-6.428465786742887,3.264
train,pretrain,V1gxziZwmkc,00028,0,pretrain,A9kQBAH1nK4,00004,-2.692581682100352,8.128
train,pretrain,dOOtM7ZpAS8,00003,0,pretrain,jFd96USLjbM,00019,3.8901427420651995,4.48
train,pretrain,8dSDMQNoikU,00025,0,pretrain,ir0B0pnfzY0,00004,0.752122995830085,9.152
train,pretrain,sgTjCpBOeCU,00017,0,pretrain,OaGEMSRms48,00022,-7.617321904888568,10.048
train,pretrain,NdKEy6vcCMw,00063,0,pretrain,KSzkPSW4Hik,00017,8.68312969725585,7.808
train,pretrain,AK9OBSx77S8,00020,0,pretrain,Td2hfdXQ5x8,00018,5.224128477359127,6.912
train,pretrain,eyq2Wo4eUDg,00003,0,pretrain,t5dSmG8SI34,00020,-1.0296815047530394,4.928
train,pretrain,OhYvDS7qSV8,00004,0,pretrain,czfduTtXLbI,00013,-9.704048324500889,4.48
train,pretrain,Jz064FJMmKw,00013,0,pretrain,O4Og5tFNiaU,00025,-5.750151273742851,6.08
train,trainval,kFMZrEABdw4,50007,0,pretrain,cOIJGGgaSIY,00007,-6.245804731917719,6.08
train,pretrain,rB6WmWvvyxg,00022,0,pretrain,LVFVaWCV1TE,00004,-9.815853028669203,11.84
train,pretrain,a7t61U6BBcs,00007,0,pretrain,jFd96USLjbM,00029,4.24500652244221,3.84
train,trainval,IMTcuU0KLSw,50029,0,pretrain,3U6tEcIIAIc,00017,0.8017900416134829,2.304
train,pretrain,g2J6YOiLNr4,00063,0,pretrain,PSggxpMY9q0,00020,8.829407702890077,8.384
train,pretrain,X1DlJpPqDFo,00002,0,pretrain,5AcjM5BKfRQ,00016,5.274449686989609,5.248
train,pretrain,nCwwVjPNloY,00048,0,pretrain,LsESSyMnwmU,00014,-1.0660001698381283,6.976
train,pretrain,k4vzhweOefs,00079,0,pretrain,tsgvhP07BC8,00042,9.026742967739672,5.376
train,pretrain,zIwLWfaAgS8,00007,0,pretrain,GDnYDLERnRE,00005,-9.931147026095674,9.984
train,pretrain,kvSuyUTx5Po,00001,0,trainval,GOCUH7TxHRI,50008,-3.4057788358978076,4.544
train,trainval,8zj8HJntlP4,50006,0,pretrain,ELgvDMTKyBE,00011,-0.3195296966908501,3.136
train,pretrain,6JcKbNSGjCE,00013,0,pretrain,K74JqctvM2g,00003,9.969917007653713,12.608
train,pretrain,zSbCNWyYams,00018,0,pretrain,5aLiFw8CSEA,00008,-1.864758823782747,8.896
train,pretrain,2Shh4UkPVCc,00036,0,pretrain,T2jwSUhu7ok,00008,1.1278317847237993,3.712
train,trainval,SMTRxRO5SRA,50009,0,pretrain,zpoGgUoqkkQ,00008,-3.74325375797091,3.2
train,pretrain,Fkd9TWUtFm0,00012,0,pretrain,VQRjouwKDlU,00032,-9.8981250176013,5.376
train,pretrain,9OECsmMont4,00027,0,trainval,RhgrbQmYOSY,50006,7.79872247722755,5.76
train,pretrain,XkiXXPShycA,00036,0,pretrain,oGlsUYGMYks,00011,-8.060052489566377,8.256
train,pretrain,4ZgwzSm7sRs,00064,0,pretrain,4RSgUhgg70Q,00016,-8.164103238378368,9.152
train,pretrain,PYSkd46RfVE,00012,0,pretrain,iEySxTbcr2A,00036,-3.9594693048703995,5.568
train,pretrain,8xHrpO6p7dE,00002,0,pretrain,DG7kSeazMQ4,00052,2.4769744691373408,3.968
train,pretrain,ESlb3D7AySM,00016,0,pretrain,JaQNy0Ef4YY,00006,8.978124862337157,10.432
train,pretrain,8lw30T0v44A,00001,0,trainval,WIebxoTx408,50010,1.1746725743205886,6.08
train,pretrain,tSSNoFstCmQ,00029,0,pretrain,UJv5B7s1DdE,00017,-1.019032356802935,4.416
train,pretrain,A4KMN9W4pRs,00011,0,pretrain,HBSQR6xovSw,00001,-9.509516628143198,6.848
train,pretrain,1QQ3gWmd20s,00009,0,pretrain,osBbP6Om4Mg,00018,-0.36927350273794346,4.032
train,pretrain,JSLUS3qLv0I,00018,0,trainval,0ZOqbO2jIKg,50012,-4.944522460900325,5.888
train,pretrain,ivvKSx4Q6L4,00001,0,trainval,zcMj4Az1MwE,50007,7.451272076772973,5.568
train,pretrain,wtvhqeVoeqI,00010,0,pretrain,bXnTAnsVfN8,00013,-0.11218209138648128,8.768
train,pretrain,npFSbX7DZ6k,00007,0,pretrain,IRxgDMSp9Gs,00030,-1.4730903490442557,6.464
train,pretrain,DqCsQqy9MyU,00029,0,pretrain,xeFl0RE31x0,00018,-8.383336689225123,4.48
train,pretrain,xf8zep5BADs,00002,0,pretrain,59SRn1SkWAA,00051,-5.414117491598871,10.048
train,pretrain,lV3trdyDdHE,00027,0,pretrain,gCWeVYCcKXw,00045,-2.8892655060242873,6.336
train,pretrain,hha0NsYXS5c,00002,0,trainval,1NG7FoC5XRo,50003,-6.013754727479547,3.712
train,trainval,sAMahX5hIgU,50013,0,pretrain,aeiSXpmMQys,00024,-3.0533349880594507,4.928
train,pretrain,F8bM8K7WSR8,00003,0,pretrain,dJEwC4wCM70,00006,4.923728799969737,4.416
train,pretrain,BR9dbjubfuU,00012,0,pretrain,1X8b7mXImVM,00019,0.9652928125305476,4.032
train,pretrain,TdBAHexVYzc,00023,0,pretrain,jfqwHT3u1S8,00015,-9.041964582144267,5.632
train,pretrain,8XQ1onjXJK0,00053,0,pretrain,MOptnpjKJOM,00015,7.053270551529117,6.336
train,trainval,vPhM8lxibSU,50023,0,trainval,wAdwurHhvSI,50002,4.745276801551013,2.24
train,pretrain,y2yka9lyvMA,00023,0,pretrain,xy7SMVCRFbQ,00017,9.917585888064366,5.12
train,pretrain,P8GCjrDWWUM,00034,0,pretrain,i2t8pN5ecMo,00004,-7.028573580090001,7.808
train,pretrain,IgKWPdJWuBQ,00007,0,trainval,tHSTfiMtSDE,50010,-2.330111436008613,3.2
train,pretrain,2NcetHNXaxU,00032,0,pretrain,M3mnUMmUAHQ,00005,-1.8020992345076543,4.416
train,pretrain,gCWeVYCcKXw,00040,0,pretrain,UkLWzSxAQJU,00009,-2.9812846266444186,4.48
train,trainval,HQIi3nUXh0g,50031,0,pretrain,zb4bp2volBg,00011,-3.5297089766086724,3.968
train,trainval,stAstsOxLPc,50008,0,trainval,53P0aypkpXY,50007,-2.172055403468449,2.688
train,trainval,UVDgemuZdho,50008,0,pretrain,sFIDCtRXSSo,00023,4.503567025153053,4.928
train,pretrain,bSiGZPtWXzE,00001,0,pretrain,v84pD2g3gSk,00036,1.4109053302139873,6.016
train,pretrain,h7u6NScSWtY,00015,0,pretrain,a7cDt5r2pGY,00012,-8.203376258448603,4.992
train,pretrain,J0WQz9qlgZI,00009,0,pretrain,IL2lb9fmIV8,00010,2.8430274426736126,5.312
train,pretrain,rOVkASt39Uc,00014,0,trainval,zIXX3HPgEnI,50006,2.510186315752552,5.12
train,pretrain,w2mJMS09Qjk,00004,0,pretrain,xh8el8m9mLM,00007,2.296131242440886,17.856
train,pretrain,yjtCDgjxRAw,00024,0,trainval,eyBEIx7fCfY,50012,2.094378345602374,2.432
train,trainval,cSrWtqConY8,50002,0,pretrain,IRxgDMSp9Gs,00007,-2.441526424526728,2.944
train,trainval,KQbTvFHymLc,50001,0,pretrain,6V6p1tgHfm0,00006,-6.233561360071969,3.648
train,trainval,1sgb2cUqFiY,50007,0,pretrain,bSZh8qdKaBc,00018,-8.873659143307123,5.568
train,trainval,zbHe4RpgV80,50012,0,pretrain,yzm4gpAKrBk,00024,3.66976892591504,3.52
train,trainval,zjvsA0v7r0g,50013,0,pretrain,0ZhL7P7w3as,00009,-5.621066356655162,3.456
train,pretrain,EHTmxmuhZ10,00040,0,pretrain,UuXeY3S2emA,00017,3.071044780560319,2.88
train,pretrain,EU15c9hnftE,00013,0,pretrain,Wtp7R97jz5k,00012,-8.307985707338563,5.44
train,pretrain,jv8m8rycnQs,00003,0,trainval,8rZzHkpyPkc,50001,-3.8242085162092865,6.016
train,pretrain,b2qM1ISJCEQ,00033,0,pretrain,MAQihRikgZM,00015,0.9843132741773388,4.928
train,pretrain,WDbxqM4Oy1Y,00020,0,pretrain,YGoI3B86iX4,00014,4.956270181883937,2.688
train,trainval,cKGFSkQh1h4,50002,0,trainval,cPL2FE7ZPTg,50001,-1.4782640609178888,5.12
train,pretrain,LnnyuVG0krs,00011,0,pretrain,Wai4ub90stQ,00040,-6.630850776337955,10.624
train,pretrain,FzApYQDIXlg,00037,0,pretrain,TZkNJFrfdR8,00015,4.451205418529035,5.056
train,pretrain,HjnclEhy960,00014,0,pretrain,yVwAodrjZMY,00010,-0.7443457760322296,9.28
train,pretrain,f6CILJA110Y,00061,0,pretrain,aQ8T4sySLxw,00001,-3.681567336675955,7.744
train,pretrain,uPE0G00XFV0,00024,0,pretrain,IRhl1lr0nJg,00010,6.474303909003119,14.528
train,pretrain,JhcCHjqSiBo,00019,0,pretrain,bCjfy8Z7dv8,00039,5.771061477467436,2.304
train,trainval,8C2t8P809x8,50001,0,pretrain,bZ3qQySIPgI,00006,9.891931871110671,6.08
train,trainval,kvpUiBqHoVM,50014,0,pretrain,Sk0ywFgMpFk,00001,0.5392756524350055,4.544
train,pretrain,fHfhorJnAEI,00011,0,pretrain,SjaWs87t5UM,00006,-2.2367616406129986,9.024
train,pretrain,czfduTtXLbI,00008,0,pretrain,pYgvVDCHRZM,00009,-3.2888574423543933,8.448
train,pretrain,YrZThoSoSis,00019,0,pretrain,TDCYJ3Sgx2w,00010,-9.050793321079363,5.824
train,pretrain,ydzNAuqUAnc,00022,0,pretrain,sbbzZYJSoJ4,00021,-3.5562219222031954,5.888
train,pretrain,iSpwUpdQdyY,00027,0,pretrain,mlrB6npbwVQ,00018,-8.87789704006688,6.72
train,pretrain,nItwVO9stX8,00018,0,pretrain,cbSts8fUhB8,00015,0.33982737172164335,16.96
train,trainval,SCEKKHyxgaw,50013,0,pretrain,d8s8e8JdGCc,00001,6.365963146011147,3.52
train,pretrain,xDe346z233Y,00023,0,trainval,SPLooRl0PSU,50002,-6.114813753610743,6.208
train,pretrain,xtRIvS65M4k,00003,0,trainval,sa0RUmGTCYY,50032,-3.7561586120828157,3.264
train,pretrain,9jRkACywckE,00020,0,pretrain,VYU25aJpg5o,00051,0.6591823868241526,7.296
train,pretrain,OF5VVrsnpzo,00020,0,pretrain,DJMhz7JlPvA,00012,2.9108581220827325,3.712
train,pretrain,7hWUhEA6hxk,00024,0,pretrain,dvuh1Np35Pk,00027,-0.9058760336394851,7.744
train,pretrain,rzu845HV8n8,00009,0,pretrain,qx6KKSeT4qw,00004,-6.534473365532993,7.296
train,pretrain,PlQ3VdvvTvE,00015,0,pretrain,rufeSSlZJg8,00001,-5.336348219800167,5.888
train,pretrain,wYCSHKl4RPU,00027,0,pretrain,3EvQGpQtX8o,00003,-5.071000006298361,7.04
train,pretrain,LUO3jqMlWkE,00016,0,pretrain,53P0aypkpXY,00006,-0.5873107165781946,9.6
train,trainval,eRQdAOrqvGg,50007,0,pretrain,xzT6iH2CX4k,00001,-8.583464443434416,5.76
train,pretrain,XAvE61JqkQs,00009,0,pretrain,2t13Rq4oc7A,00022,3.581373790160427,3.712
train,pretrain,488ZBeaGo6s,00004,0,pretrain,YO0lbdhF30g,00031,2.907213453580759,3.648
train,trainval,aSLSiIskEFU,50013,0,trainval,uHRG3Vr9qyI,50043,-8.23299973207742,2.048
train,pretrain,qItCBNzqdn8,00023,0,pretrain,rgPrf3YyByI,00019,0.7604197150803955,6.528
train,trainval,MLU7qcMYKO8,50001,0,trainval,GggL8lStP9I,50005,-9.496999412850926,2.56
train,pretrain,HS8y0WLm78U,00097,0,pretrain,VnzBGZA2z3w,00020,-7.89223933994937,11.328
train,pretrain,wBObnvIZGwE,00002,0,pretrain,STdSfeMDeI4,00007,-7.22250123801963,7.168
train,pretrain,odyakQwtWwo,00007,0,pretrain,2R1lZSN4SSo,00003,-1.0180850257753455,10.112
train,pretrain,PY9DcIMGxMs,00019,0,trainval,R2kOgSVF2Uk,50013,-7.306580035005892,2.24
train,pretrain,jNSOh4xILSc,00026,0,trainval,HYzrdn7YLCM,50007,6.449270368179022,6.144
train,pretrain,3GBrJiSMFu0,00026,0,trainval,h0C2LPXaEW4,50011,-4.3533632676094385,4.416
train,pretrain,XvS83nXSf0k,00030,0,pretrain,g9M3HIjHuq0,00011,9.882454694972974,10.368
train,pretrain,kiUnJ1d8vvw,00009,0,trainval,zLNXIXingyU,50005,9.038380182748828,3.84
train,pretrain,YLGX78yqcsQ,00004,0,pretrain,2Shh4UkPVCc,00011,-2.56595513211251,7.808
train,pretrain,XVXmYD0UPRQ,00010,0,pretrain,zjvsA0v7r0g,00012,-7.357903037636884,10.048
train,pretrain,tpODOkfrwyQ,00009,0,pretrain,WpldYJ3sSIo,00009,-8.020313110934458,6.08
train,pretrain,tV2RLLtOgL4,00021,0,pretrain,J3pGKt7fESM,00024,-2.5650941761844255,3.968
train,pretrain,td5Ld3nURAI,00016,0,pretrain,SS3qnZrVy9o,00001,6.270101887974999,7.488
train,pretrain,MoSmgcxGYYE,00081,0,pretrain,gmjSazFbpkA,00021,-7.9991464626417645,7.104
train,trainval,qQSPUXPVlos,50003,0,pretrain,QuaIMgzIOn8,00014,-1.1739852805084503,2.112
train,pretrain,fu4PRmu2EXo,00005,0,pretrain,31iuh9pfFwg,00025,4.579216140514809,8.0
train,trainval,ONXYcNS7k1Y,50018,0,pretrain,hyHUVPG33QI,00035,5.5214324740222835,2.496
train,pretrain,DcKdClnpz4k,00007,0,pretrain,3GFG6Cvy9HQ,00046,-7.140468204332584,5.504
train,pretrain,JSswZaKN2Ic,00019,0,pretrain,YsASJTeHJ6A,00024,6.51766910788109,11.968
train,pretrain,seARHjX8Ssg,00014,0,trainval,Svo01ldlTQc,50003,5.9179156028319895,2.944
train,pretrain,Jv2GGScsUc8,00025,0,pretrain,65e2qScVSK8,00002,9.701606295238093,4.096
train,pretrain,kFh3Q2eOZ1U,00005,0,pretrain,IyrcWMvu9ek,00001,-4.408347590674233,8.64
train,pretrain,UoruUSrndBA,00016,0,pretrain,NdKEy6vcCMw,00064,9.022341246894332,5.12
train,pretrain,nCwwVjPNloY,00014,0,trainval,ktOeFgmdIAo,50005,5.486723987734132,5.76
train,pretrain,fhCYS8avhWM,00015,0,pretrain,askcLEVCTko,00030,-7.364868912935942,3.712
train,pretrain,pGyOwnqpCKk,00006,0,trainval,Fc1yN6uxZfQ,50025,-2.6820693829197984,3.136
train,pretrain,sLFqwXqe4Yk,00006,0,pretrain,weCFbknwZa8,00012,-6.972058303266873,8.256
train,pretrain,V1gxziZwmkc,00028,0,pretrain,vGDZmSnSkfo,00024,-2.392087743041495,13.44
train,pretrain,vY2l2xfDBcE,00037,0,trainval,eHlu6ViSwxo,50009,-1.6611090081035211,4.288
train,pretrain,MQrhPhan5Gw,00010,0,pretrain,4EUAMe2ixCI,00052,-2.6331764947468344,5.312
train,pretrain,vzi4AopBEBg,00017,0,trainval,imhUmLtlZpw,50001,6.945604939556251,2.688
train,pretrain,UxXOi6Zwm7Q,00006,0,pretrain,y7LXwGfvxwo,00017,5.448810947234914,7.296
train,pretrain,x5mionzBMlA,00001,0,pretrain,FsGu5YTM1NI,00004,9.021997747588816,5.12
train,trainval,CVdPhUPO5YU,50011,0,pretrain,o3VwYIazybI,00012,-7.480918516352926,6.208
train,trainval,T4SvurUIYI8,50009,0,pretrain,SB1JmOerYmY,00011,-4.3269743537571586,5.952
train,pretrain,dE1DuBesGYM,00023,0,pretrain,VM7HQSzbdIw,00016,7.8256469246463745,4.096
train,pretrain,BnC6IABJXOI,00050,0,pretrain,38OUCtzkT4Q,00019,9.560445155045286,5.888
train,pretrain,oeL72c6scAs,00024,0,pretrain,itnoDEL5QjQ,00014,-9.89540141745219,14.528
train,pretrain,kU0ei9ApmsY,00009,0,pretrain,5tUnSuoYKoE,00043,6.710725940641005,3.712
train,pretrain,Sk0ywFgMpFk,00015,0,pretrain,Wn1imxwGscs,00009,-9.810037591526568,5.312
train,pretrain,2Pp9ONyxBr8,00013,0,pretrain,E27DY3AVA98,00006,-6.469688116984329,15.936
train,trainval,luoKOkTxOtU,50001,0,pretrain,m7C6aiZV9JE,00005,-8.985825091113714,5.952
train,pretrain,zLNXIXingyU,00037,0,pretrain,7DCofMA9eQA,00027,8.929718623450075,4.544
train,pretrain,3WMuzhQXJoY,00007,0,pretrain,Wgt8QUHQjw8,00021,7.380246885966464,9.856
train,pretrain,asSNPOU5U3c,00027,0,trainval,jE1j5Om7g0U,50011,-7.45341923640453,2.048
train,trainval,b2MSSeKey4o,50003,0,pretrain,cKGFSkQh1h4,00005,-3.398476853781527,3.264
train,pretrain,Mjoxh4c2Dj0,00051,0,pretrain,EHTmxmuhZ10,00025,-8.537915127575449,9.728
train,trainval,EwuunRJgoBw,50002,0,pretrain,5ErKrSyUpEo,00013,-8.072576924098273,2.432
train,pretrain,FrgzvykPILc,00041,0,trainval,aEjUlH7bNDo,50002,8.146749648733852,4.096
train,pretrain,gto6w0a13B0,00014,0,pretrain,fYUaWgVF2XA,00022,5.726591884286494,6.4
train,pretrain,o0TbaHimigw,00005,0,pretrain,2iIIDwSJhAg,00001,1.4189167517883465,10.24
train,trainval,KI3WJXNhCJ8,50023,0,pretrain,4SY6Te9Y1ME,00006,-7.9082869479202555,3.456
train,pretrain,sGXeX7PPrCI,00014,0,pretrain,xnovQVRHj5c,00012,7.033689241691995,3.904
train,pretrain,NAcuH7nSdLc,00056,0,pretrain,IBoJcDlqmo0,00031,-4.42744212778736,4.48
train,trainval,BT2XlI8oeh0,50026,0,pretrain,BA8XOF6IpXA,00025,2.742584187295984,5.248
train,pretrain,Bc2wVyl8RLI,00022,0,pretrain,SgOTaXhbqPQ,00026,-7.656371660806136,3.712
train,pretrain,3ELnyoso6vI,00028,0,pretrain,EHNP7KqLrW4,00010,6.2977307528085404,3.712
train,pretrain,TBIL2sdfoVc,00023,0,pretrain,mA1vshSuyQU,00001,-7.951420329781163,4.608
train,pretrain,hha0NsYXS5c,00012,0,pretrain,MgnnQ2CN6yY,00019,-3.4533418977483947,5.44
train,pretrain,T9nFC6dkRxU,00019,0,pretrain,cSsxBTNF2U8,00045,-8.35620280679918,4.736
train,pretrain,eNDhBSR1DZ0,00005,0,pretrain,sHdYaMyR5S8,00018,2.787736209155458,5.248
train,pretrain,UQkIbUvcs7w,00020,0,pretrain,mPCDOij0bB0,00039,-7.930890051660013,13.568
train,pretrain,46w99bZ3WSM,00019,0,trainval,4GKTEDqbQIw,50018,1.953688098362159,2.88
train,pretrain,up4hFjSjcTY,00003,0,pretrain,2JSZ66uMRwc,00036,2.951705140969519,3.52
train,pretrain,avuhY7D71sQ,00003,0,trainval,9EVEmZ2cSes,50029,0.02595190856974483,5.76
train,trainval,Q80MfH7xPPE,50008,0,pretrain,WkNpElapS9s,00014,-7.59909794338161,3.904
train,pretrain,R5PHGMRoZMA,00003,0,pretrain,gSCSsL3it9Y,00010,-9.58664520929693,3.584
train,trainval,0ITHlySbhJE,50008,0,pretrain,YAV96XSdMQo,00042,0.17812352150505362,3.2
train,pretrain,y2yka9lyvMA,00057,0,pretrain,GjijgEch52Y,00014,-8.311674458957556,5.312
train,pretrain,CVdPhUPO5YU,00041,0,pretrain,vLEUSsEeiSU,00003,-6.314380716278844,12.672
train,trainval,iCvmsMzlF7o,50020,0,pretrain,UoruUSrndBA,00007,5.156820522137888,4.096
train,pretrain,Kn5JRgz3W0o,00005,0,pretrain,qdiF1fSGfyM,00032,-6.312784394891919,12.736
train,pretrain,O8e8TtfzSpY,00005,0,pretrain,O6GimGZz6a8,00018,5.184406723399498,6.72
train,pretrain,12ud0nSTvro,00024,0,pretrain,dciTrZxqbHE,00001,-0.7200978391426176,2.88
train,pretrain,hz2ONnzRANs,00025,0,pretrain,1KFUSfbcwfw,00010,-0.011862603819039919,12.224
train,pretrain,1N6e0DnGq38,00003,0,trainval,YMyofREc5Jk,50004,-7.34970576203753,3.776
train,pretrain,hBOVuIIQUFc,00013,0,pretrain,DZT6YpCsapg,00022,4.477241324759209,4.096
train,pretrain,BMdMSmtTgD0,00037,0,pretrain,HfotnZVEq80,00010,0.8932007613276749,25.536
train,trainval,fBQnQTkhsq4,50007,0,pretrain,2tcEgqTWbxQ,00018,3.057175908916676,2.176
train,trainval,S9u71TB0VkA,50001,0,pretrain,yVQ8fZB30JU,00003,7.391631980920181,2.048
train,pretrain,v8YoSPXN7UA,00020,0,pretrain,WfjzkO6SDEI,00005,4.829725146767764,4.032
train,pretrain,XZiNVGA78kA,00004,0,pretrain,FETryXMpDl8,00014,-2.97933904399744,3.328
train,pretrain,FnL7I6tESAs,00009,0,pretrain,mYQx5n5SRVQ,00007,5.686390088624849,4.416
train,pretrain,OJptdCCrcr4,00005,0,pretrain,PVzcGhZ8Aeg,00021,-3.5570265015108626,14.976
train,pretrain,gBGt5OeAQFk,00009,0,pretrain,SLk5nU8FrXo,00006,8.466858446215891,4.16
train,pretrain,8gSAkUOElsg,00019,0,pretrain,ImQrUjlyHUg,00043,-3.8987971648542175,4.352
train,pretrain,EXo3qA9V3eI,00017,0,pretrain,6aRz72yxHQo,00011,4.66748391085817,8.384
train,pretrain,ptIecdCZ3dg,00046,0,trainval,F6Qo8IDsVNg,50003,-1.027664789013052,2.752
train,pretrain,vZWokpaQ3NE,00009,0,pretrain,0d6iSvF1UmA,00004,9.382666387397261,5.248
train,pretrain,T4SvurUIYI8,00006,0,pretrain,HTf7Ziklcms,00014,-6.585447510735587,3.584
train,pretrain,vSjlCJaEwZE,00052,0,pretrain,yvSQiSvuLLM,00011,-4.5637347830605846,9.92
train,pretrain,wjXClLxcFTQ,00004,0,pretrain,XgRlrBlS7Yg,00021,0.4674169997805677,7.424
train,pretrain,ydZfSuzSHu8,00009,0,pretrain,pcSlowAhvUk,00025,-4.119813278396272,8.96
train,pretrain,hTAXEq6zLo8,00017,0,pretrain,ImmtTHYU5GQ,00014,-2.8606153829929077,7.424
train,pretrain,9EglK8Mk18o,00003,0,pretrain,CV3XRRQB9PM,00006,4.458117363414138,9.536
train,pretrain,6a6vVIdQBd0,00042,0,pretrain,LWQfeSSfNbs,00010,1.6498415246456073,7.808
train,pretrain,q06YIWCR2Js,00005,0,pretrain,CQ5dRyyHwfM,00014,-6.856189785234578,3.712
train,pretrain,6E3zVSCSGYk,00029,0,pretrain,gSHbRSAcN6Q,00003,-2.163137391797023,8.128
train,pretrain,GjINFuwLGvQ,00021,0,pretrain,2SlbsnaSNNM,00019,-7.236073201763837,8.256
train,pretrain,o8NPllzkFhE,00030,0,pretrain,pSCefSAYqaA,00021,-4.972134947222255,5.184
train,pretrain,7LE4MoJS2po,00007,0,pretrain,SgsbNR2pIts,00011,1.5147773844268837,3.84
train,trainval,CpaFX6Ei0nU,50016,0,trainval,YATYsgi3e5A,50003,-8.12921104936908,4.416
train,pretrain,LJhklPJz9U8,00049,0,trainval,8C2t8P809x8,50006,-4.924889880870524,3.072
train,pretrain,iF5SaDJOr6U,00013,0,pretrain,ZuCX92wuw2g,00041,1.013687000566696,8.0
train,pretrain,GgBpyNsSSjU,00009,0,pretrain,0bRocfcPhHU,00008,-0.7718900039144536,5.632
train,pretrain,60OVlfAUPJg,00024,0,trainval,mZqL7MC8Eys,50006,4.039928051775908,6.08
train,pretrain,mS8tQSTYLgk,00024,0,pretrain,7JVTirBEfho,00044,-1.363049567028776,6.592
train,trainval,zmDENxTPn8Q,50005,0,pretrain,5ErKrSyUpEo,00043,4.991562986140707,5.696
train,pretrain,cOIJGGgaSIY,00001,0,trainval,uPtP6SnAjJ0,50002,9.918495782829183,3.776
train,pretrain,j51HsRILGKI,00060,0,pretrain,90mj79GqWhc,00006,4.455535066983611,6.336
train,pretrain,v3SZTqj2Skw,00029,0,pretrain,Bk9wQD6eYts,00005,3.6492336315049982,9.6
train,trainval,VmP574ikRFs,50002,0,pretrain,mw2z9lV3W1g,00007,-9.469446205979219,2.56
train,pretrain,rpOwTspdwkI,00013,0,pretrain,emeEpzkf044,00013,7.712690505663421,5.12
train,pretrain,T4SvurUIYI8,00016,0,pretrain,abMQhaMdQu0,00006,8.252829295483288,16.96
train,pretrain,qGSYmIPFO68,00052,0,pretrain,wgPLGS1BvQo,00051,-0.9784424157003144,6.144
train,trainval,sjPRN2XGSts,50012,0,pretrain,Y9DsAmzNkWk,00001,-7.81110648019321,2.368
train,pretrain,PS6vDLq64gE,00019,0,pretrain,APPbSStpGHk,00023,-6.780691025345842,3.712
train,pretrain,93fJ33L9OKw,00019,0,pretrain,S9PEogIrHSk,00041,5.924071098601926,5.376
train,pretrain,SQe8cR4Jl10,00024,0,pretrain,zIwLWfaAgS8,00086,-9.991802088886093,4.16
train,pretrain,GOCUH7TxHRI,00021,0,pretrain,fi8CYv9Dcr0,00019,9.307718124405191,4.736
train,pretrain,6EghiYSs2ts,00044,0,pretrain,dV7TJgJmD2g,00002,-3.393547023924592,6.848
train,pretrain,YodRXxzhb7s,00026,0,pretrain,A4KMN9W4pRs,00002,-4.074665572579672,7.744
train,pretrain,dBxvZwJZgdM,00007,0,pretrain,vUP0ytS6ba4,00009,-5.383048787697684,13.248
train,pretrain,h1Yg1rURKR0,00026,0,trainval,AR6RiSHN7S0,50007,-9.506263336615753,3.84
train,pretrain,3q3WOrs8kAM,00003,0,pretrain,o0TbaHimigw,00014,-8.326013858404602,22.72
train,trainval,H03o2WCBoDU,50011,0,pretrain,IRVdiHu1VCc,00067,-9.285578361047836,4.48
train,pretrain,mkdSXHXhCcw,00062,0,pretrain,ge3SS1hOm1s,00001,-6.707794898924149,5.056
train,pretrain,jpRqbP9Nv9k,00034,0,pretrain,HALd9FY5SVQ,00019,2.474530180016888,14.08
train,trainval,yJJtRWFLSgw,50008,0,pretrain,Y28ARjfk4gg,00005,-9.546734373409315,3.712
train,pretrain,hPVLbEapUD0,00003,0,trainval,QbxinUJcLGg,50008,8.674982462361577,2.176
train,pretrain,U5kIdtMJGc8,00005,0,trainval,o8xWaNpSlbI,50004,-8.421822974367199,2.88
train,pretrain,SxMWqUe8FdU,00007,0,pretrain,2NWpMqD8Qyk,00017,5.711576645182873,4.8
train,pretrain,HV4loecFZh8,00017,0,pretrain,SdBPkbi4SR8,00004,-8.689549711071807,10.56
train,pretrain,2XiDdnDCD34,00013,0,pretrain,8S66QUJk3w4,00012,-2.0414559354044037,5.12
train,pretrain,uM1Ygy0tSp0,00018,0,pretrain,Ftow7dSpaiY,00017,5.954984451552468,5.12
train,pretrain,zpNBwNgWejs,00003,0,pretrain,WxUf326kZ1I,00004,-7.6539363100475,5.44
train,pretrain,6tpsSu5O0Ws,00033,0,pretrain,wKIHuxe2fi0,00016,6.205867678104447,3.904
train,pretrain,jNSOh4xILSc,00021,0,pretrain,H1fvr9rGgSg,00048,7.852602087804808,6.592
train,pretrain,xEtXItg9hEE,00025,0,pretrain,NMBNZspmn7I,00010,-1.1479608761473443,4.736
train,pretrain,wSHYZv6HzAs,00011,0,pretrain,TXaXvrd3jS4,00004,-0.7971996374691663,10.176
train,trainval,g9M3HIjHuq0,50001,0,pretrain,CGksAjzI0go,00048,-8.356887673159818,4.48
train,pretrain,IJmr7MsS8fw,00040,0,pretrain,BcTOSxcv2So,00019,-4.3456953351975836,4.416
train,pretrain,O9Hfqc3trhw,00005,0,pretrain,FPhHHtn8On8,00014,5.297937027944764,5.376
train,pretrain,Z2hFbbG7t70,00013,0,trainval,W8OiVZrAj4c,50004,7.561382268089368,5.312
train,pretrain,VM6HZqQKhok,00009,0,pretrain,lrZZoCmSnME,00014,-9.074611968059084,14.72
train,pretrain,aFBIPOSP7LM,00006,0,pretrain,YhJPoyv8O3A,00007,5.944907505980453,10.304
train,pretrain,sDfhSIKFGz0,00003,0,pretrain,pVQdpofMhwU,00005,6.567308147166504,14.848
train,trainval,Mr8nvXvlSy8,50036,0,pretrain,yuD6ozE9rtc,00008,-5.839802331766972,3.392
train,pretrain,rmeGVhhbGrM,00021,0,pretrain,CGksAjzI0go,00024,-7.923323742542562,10.496
train,pretrain,SIKqVKyyW6w,00002,0,pretrain,btF6nKHo2i0,00061,8.152968914508417,8.768
train,pretrain,stAstsOxLPc,00020,0,pretrain,XO1MeSMYSQ0,00030,8.672558581187243,6.528
train,pretrain,fIqABIcKIvs,00010,0,pretrain,zeSVMG4GkeQ,00004,4.321776329926507,8.384
train,trainval,J6tgYBMXR6s,50028,0,pretrain,AE0gO5wSaok,00043,0.3666777828971526,3.136
train,pretrain,CGksAjzI0go,00036,0,pretrain,QYGO5tepBLY,00010,8.880164518777505,5.632
train,pretrain,GCOc31fQi7A,00001,0,trainval,a17Z5Sk2XJY,50001,1.8855120677222974,3.264
train,pretrain,PyXZvuxDkC4,00028,0,pretrain,2j00U6lUCSc,00012,-7.560536375333877,6.464
train,pretrain,BsFxokC02sg,00021,0,pretrain,1fZ4XOnnh1c,00013,-6.928713020212474,3.328
train,pretrain,MLZubXfClL4,00005,0,trainval,7LPJrzZaoZg,50001,3.3905276535585376,6.208
train,trainval,0ygtX2nyexo,50011,0,pretrain,WyOSqjIABe0,00015,-1.9546093628482062,2.048
train,pretrain,9H38oQBw2HU,00017,0,pretrain,Eewvsw027jg,00029,7.180041877209206,4.8
train,pretrain,1LSE7KCN9xg,00015,0,pretrain,CSUmoS40pqA,00008,2.9456782941219366,5.248
train,pretrain,xpnFeyMGUs8,00003,0,pretrain,Td2hfdXQ5x8,00041,-1.0033879115519682,4.8
train,pretrain,bwMUQEMOP6w,00013,0,pretrain,IRVdiHu1VCc,00075,7.515269849067263,6.656
train,trainval,wSHYZv6HzAs,50003,0,pretrain,2NcetHNXaxU,00016,-7.08175177689828,2.112
train,pretrain,4AUSqB0RVNY,00002,0,pretrain,vvhiNSqq6oo,00020,-6.7123028940598655,9.664
train,pretrain,urntcMUJR9M,00011,0,pretrain,MDqyOLCFJ3c,00009,-8.503586261755645,12.672
train,pretrain,qQSPUXPVlos,00012,0,trainval,9o2CRjTRKIA,50021,-0.9210254646810316,2.688
train,pretrain,XzNLfw5lS4A,00004,0,pretrain,aIFFFGf1ZRE,00033,-0.5280746388899864,4.48
train,pretrain,YuEm03Ko0J8,00018,0,pretrain,SSy6CJLMuiw,00019,9.890587480605426,13.76
train,pretrain,y9ALB39wRKo,00045,0,trainval,4mJ1aHFPS1M,50003,-6.119884163444316,6.144
train,trainval,9fyjlxizLFI,50001,0,pretrain,1OQkdRdfyjI,00014,-7.931225558348174,5.952
train,pretrain,jqWHy6B0ADA,00010,0,pretrain,eNC1h5H5cJA,00002,7.8362926619369695,8.32
train,pretrain,SvBggxCNNno,00010,0,pretrain,DtT6S1vtjzQ,00030,-0.46723045672831987,21.888
train,pretrain,stAstsOxLPc,00014,0,pretrain,ScGSlv9dCeY,00004,1.5954585046602627,12.224
train,pretrain,7jx0dTYUO5E,00028,0,pretrain,v2jSfxnRPSE,00021,2.8129819792840127,7.488
train,pretrain,rTJpJlVkRTA,00026,0,pretrain,RsxlLsHtoBI,00040,-1.0240700554068294,5.056
train,trainval,SwMTKRixZIE,50013,0,trainval,MEDgtjpycYg,50021,2.5063565751575023,2.112
train,trainval,t1ZSoufuQg4,50001,0,pretrain,3E7hkPZSHTk,00001,-6.114883295072254,2.944
train,pretrain,4f7ppXm1mK8,00005,0,pretrain,cnxEP6bzg7o,00007,1.3793997706112275,3.52
train,pretrain,mT4Qbp89nIQ,00003,0,pretrain,PSggxpMY9q0,00013,-4.867717698210909,6.976
train,pretrain,X6Zo53M0lcY,00004,0,pretrain,LuG2rf9enHE,00038,7.258593773950018,3.456
train,pretrain,iISw251TIgw,00021,0,trainval,1IxIDGyISzk,50019,-3.350019033638718,4.928
train,trainval,xRL2vVAa47I,50012,0,trainval,0x2SkWRB8SA,50006,-0.5175352305033076,5.44
train,pretrain,SABC5U4MvTI,00009,0,pretrain,LhjsRjC6B8U,00008,-6.503389810498428,33.408
train,pretrain,QPC5SP2SFu8,00007,0,trainval,p7YRnLbmLGs,50003,4.456074681958551,4.288
train,pretrain,13rqtiAPISY,00004,0,pretrain,d5zjjJYqixo,00004,1.1127694962047059,10.624
train,pretrain,ddek3gQVt9Y,00040,0,pretrain,CSUmoS40pqA,00006,-0.30726060591473114,5.248
train,pretrain,ayOmOaXC0Z0,00019,0,pretrain,oYpS4qQNmSs,00012,-4.511536195072628,9.472
train,pretrain,KPzccnstSXg,00013,0,pretrain,X55qpYxwoO4,00013,-2.919608605123594,6.336
train,pretrain,5ldhLuX4vSM,00014,0,pretrain,BJsrYqPtXFM,00031,-5.456821841524951,3.712
train,pretrain,9EglK8Mk18o,00026,0,trainval,ByuWS1bBwpc,50006,1.8595213481332173,2.624
train,pretrain,qErZ2AQDMB4,00018,0,pretrain,0d6iSvF1UmA,00001,3.9159975493777353,5.696
train,pretrain,Y5M7e0PWFtk,00003,0,pretrain,mQOOgDqUta0,00025,-4.053795145786054,4.608
train,pretrain,Fc1yN6uxZfQ,00023,0,pretrain,J9SXc9wxByM,00021,-2.938331613133867,10.112
train,pretrain,POTosC2q6Hs,00014,0,pretrain,SCEKKHyxgaw,00009,-2.0782314250465994,6.208
train,pretrain,XiSPD5aZT7Q,00014,0,pretrain,dciTrZxqbHE,00011,3.5792569866710533,14.4
train,pretrain,Wj7hmzfX5eQ,00029,0,pretrain,fVhggGSjXVg,00015,7.9805901602851606,4.352
train,pretrain,rmeGVhhbGrM,00016,0,trainval,2tcEgqTWbxQ,50018,4.810491473629446,2.88
train,pretrain,W9wwvA5BRZc,00001,0,pretrain,Cgxsv1riJhI,00008,0.17815894075877203,6.208
train,pretrain,QVSqg1CRvl0,00018,0,pretrain,4Rtfi4MSafA,00010,-8.150922733818842,6.272
train,pretrain,qFza3W87eDg,00028,0,pretrain,BczB8oqYL0g,00001,-6.999858669753265,9.28
train,pretrain,IhoRGJlSs8M,00010,0,pretrain,mLufqwmPl1A,00036,9.532803054256902,11.072
train,pretrain,RxqyO5hafdk,00003,0,pretrain,tX6YpAf6Sco,00019,7.5174994389602965,17.28
train,pretrain,j97WsAz3CDY,00008,0,pretrain,qp0HIF3SfI4,00055,8.39737410806065,10.816
train,pretrain,SQe8cR4Jl10,00025,0,pretrain,odIXWv1m2a8,00019,7.312987676730501,3.136
train,pretrain,mK2TDdEP58g,00005,0,pretrain,DWoAShyDSsY,00006,3.908784788620851,4.736
train,pretrain,xDe346z233Y,00011,0,pretrain,S1VpOweDio8,00024,2.055127836938574,8.32
train,pretrain,STsOdmkH5fI,00044,0,pretrain,JSLUS3qLv0I,00002,6.00389999016792,4.352
train,pretrain,syqScVtnKuU,00004,0,pretrain,ARWBdfWpDyc,00002,-4.675858035999372,6.144
train,trainval,znO7UHpxgTI,50002,0,pretrain,iSRWMLMBkqk,00012,4.557130222406771,4.288
train,pretrain,h0dSQDgl3gI,00005,0,pretrain,v7xAZ2lrel8,00014,-8.43745556059063,11.2
train,pretrain,sLiM2SizFl4,00035,0,trainval,8meWY0W40OA,50006,6.12672180878284,4.8
train,pretrain,7s0CpRfyYp8,00039,0,pretrain,iFTWM7HV2UI,00037,-5.3005622780797435,3.712
train,pretrain,CtvIX4s1bTU,00022,0,trainval,4ZgwzSm7sRs,50004,3.549622784719057,5.248
train,trainval,s9jsZPeqFCw,50001,0,pretrain,vhhgI4tSMwc,00015,-4.909990896879107,4.736
train,pretrain,gPQItVxvfZs,00013,0,pretrain,U9BzgnX3z6Q,00020,-8.094499032257543,6.72
train,pretrain,kTqgiF4HmgQ,00022,0,trainval,sS9ys09BkGE,50004,-4.637398637862371,3.328
train,pretrain,GZyjTPEufLk,00020,0,trainval,7POkIJfbMyU,50004,1.8266653646706192,2.944
train,pretrain,CrsdoIOGCRw,00007,0,pretrain,UvbFr0eSsg8,00005,7.17410463643283,4.16
train,trainval,4SkoG9FWP4w,50001,0,pretrain,ygKNRnz7q5o,00020,0.7417630387763818,5.696
train,pretrain,b2qM1ISJCEQ,00047,0,pretrain,3WMuzhQXJoY,00021,-4.003945786746899,19.968
train,pretrain,p9UC0chfXcg,00009,0,pretrain,PB2OegI6wvI,00023,1.3550710534657444,5.312
train,pretrain,FktsFcooIG8,00012,0,pretrain,sAUIAChAmc4,00001,1.4650164171784414,19.648
train,pretrain,bX32UShfri4,00009,0,pretrain,VUT6GQveD0E,00014,-5.76619558308586,10.88
train,pretrain,7ShFmRzffOg,00033,0,pretrain,6liIKYeUzaY,00013,7.898666800457665,3.968
train,trainval,AHfiKav9fcQ,50018,0,pretrain,MpYrJs0rX84,00004,-4.482925998441612,3.072
train,trainval,MCeaijwHxS0,50001,0,pretrain,B5MkpzMAOZM,00032,1.5449251689829406,6.144
train,pretrain,uSUOduS5MPc,00003,0,pretrain,UiDJFGroD3U,00002,-7.383374804401999,8.64
train,pretrain,kWnsmzSSgdI,00005,0,trainval,4yyPSZSGLOI,50016,-9.972858021787683,5.504
train,trainval,JaFSfq2Zn7I,50007,0,pretrain,GpKrM8GQwOg,00013,0.04191776274107717,2.88
train,pretrain,HlnhCdujYco,00022,0,pretrain,jn0Ygp7pMbA,00015,7.14200917987424,5.76
train,pretrain,IkJTwfHPv6A,00023,0,pretrain,RhgrbQmYOSY,00023,6.363284091460713,20.608
train,trainval,u9hauSrihYQ,50002,0,trainval,0ueGFLVFi80,50002,-2.9108642064117873,2.496
train,pretrain,aR6jLD1USW0,00033,0,pretrain,iNtNP6LGek8,00011,9.49024317740706,11.904
train,pretrain,dIh8KBOOkYU,00002,0,pretrain,aUBawr1hUwo,00047,-6.89840856647862,8.96
train,pretrain,gto6w0a13B0,00029,0,pretrain,HBUoaf8vwJ4,00006,-2.7906870117599443,16.192
train,pretrain,I64CQp6z0Pk,00011,0,trainval,asgdGSGQBgY,50006,-0.2363473628970567,2.24
train,trainval,TQMbvJNRpLE,50001,0,pretrain,THJUvXkqmBk,00007,-5.497766126320547,6.08
train,pretrain,B5MkpzMAOZM,00042,0,pretrain,jUIfiLplNqQ,00028,3.766684740566104,13.952
train,pretrain,f8nkcRMZKV4,00016,0,pretrain,hTAXEq6zLo8,00027,-5.748407668156553,6.4
train,pretrain,tTvIEUGCigk,00008,0,pretrain,iSicXZ2tMRM,00025,2.1696870092389986,7.488
train,pretrain,a17Z5Sk2XJY,00001,0,pretrain,EUYLa7MAlPc,00032,-6.452130121005119,5.248
train,pretrain,7sxpKhIbr0E,00028,0,pretrain,SJWoKsfsSaA,00013,6.035612680953026,11.072
train,pretrain,SrqmuYvk3iQ,00019,0,pretrain,2wseM6wWd74,00007,-5.896366782661868,8.576
train,pretrain,1cQbMP3I5Sk,00018,0,pretrain,JiXzBl8p9v8,00004,2.2998959833110018,2.688
train,trainval,sa0RUmGTCYY,50035,0,trainval,BPMrcY9z0nM,50037,-8.164393270624098,5.312
train,pretrain,RgqtrlixYR4,00020,0,pretrain,oHDq1PcYkT4,00004,-5.24576174378115,4.608
train,pretrain,3NzgEwye6Uk,00001,0,pretrain,dhDBxxOKGlg,00008,1.7669508841425703,22.4
train,pretrain,JCI9FBP0Abg,00007,0,pretrain,LUO3jqMlWkE,00049,9.49516983666874,3.456
train,pretrain,WonC2e5aOGE,00002,0,pretrain,ImQrUjlyHUg,00044,6.668150809037655,7.104
train,pretrain,pmKNXZmfIMU,00015,0,pretrain,34a7UEzZdsA,00033,-8.783577802010766,9.408
train,pretrain,sHdYaMyR5S8,00035,0,pretrain,JSuTsrxfYWQ,00016,9.123710164475693,18.368
train,pretrain,3DsHHfu4Sco,00011,0,pretrain,9yPlMBPNf2M,00009,-7.4236527441736015,15.616
train,pretrain,AhUhpfKeLus,00016,0,pretrain,CsqSDpmgsQg,00003,9.032108184206436,3.2
train,pretrain,60OVlfAUPJg,00057,0,pretrain,sa0RUmGTCYY,00013,4.427414377644984,5.056
train,pretrain,4ZgwzSm7sRs,00019,0,pretrain,SoJnEQ6bJKE,00006,0.5234712632623726,10.24
train,trainval,iueVZJVEmEs,50004,0,pretrain,BT2XlI8oeh0,00002,0.021395672579000546,2.368
train,pretrain,vVY8L56oxSM,00001,0,pretrain,FjvjSlpJoqo,00004,3.606582285598666,8.512
train,pretrain,GzB0BDstCI0,00025,0,pretrain,MwzqSswl4cI,00026,2.7760403314132347,3.2
train,pretrain,CGksAjzI0go,00040,0,pretrain,RlQEoJaLQRA,00011,0.9015872900261073,10.496
train,pretrain,2W1jvTEjc1s,00011,0,pretrain,PGsQwAu3PzU,00029,5.330669410053785,4.16
train,trainval,BFK2knjj4lQ,50001,0,pretrain,BJsrYqPtXFM,00034,1.0950801149576233,2.24
train,trainval,b4sMMWJYUOs,50008,0,trainval,bHLgTUV0XWI,50009,6.910627190632681,2.88
train,pretrain,MoSmgcxGYYE,00056,0,pretrain,CjB6DQGalU0,00010,6.515884808658747,4.8
train,trainval,ZZodGSsPrRE,50003,0,pretrain,XMSQKG70a5s,00008,9.250202746085058,2.496
train,pretrain,K926HAKRFvw,00009,0,trainval,J45cWdDEbm0,50010,9.624640749174059,4.16
train,pretrain,PfWGiu0jGv0,00005,0,pretrain,n9ZSpccScW0,00033,-4.053251532866313,6.336
train,pretrain,mWA2uL8zXPI,00026,0,pretrain,W3C23m71Yws,00028,-9.59754779965918,3.136
train,pretrain,ZChEFOGSn8Q,00024,0,pretrain,7LPJrzZaoZg,00006,-9.8092129207966,5.376
train,pretrain,20DZsCdCuOg,00015,0,trainval,vSjlCJaEwZE,50002,-0.08893951087413932,3.648
train,pretrain,cQvDUTOOkiI,00035,0,pretrain,a19lSbFPRqY,00006,3.8822576574538754,3.776
train,pretrain,AR6RiSHN7S0,00048,0,pretrain,xgYtUKFzHf8,00017,9.87682814334618,5.056
train,pretrain,tMQ4OxOxgrc,00006,0,pretrain,d0yGdNEWdn0,00039,-3.668055349686643,4.416
train,pretrain,zYhgy5ouYLM,00008,0,pretrain,wMsOYqJ4ShA,00007,3.43284530275859,4.48
train,pretrain,GMc8aSoCE30,00024,0,pretrain,ZX8MBBohX3s,00001,-2.909396327318044,3.136
train,pretrain,VSbjOJzB7LY,00023,0,pretrain,OXQwtTOnLvg,00014,1.8441020555099463,6.528
train,pretrain,vMeEKBaiPbg,00007,0,trainval,53P0aypkpXY,50002,5.385363873998051,5.696
train,pretrain,h9SKyrHRhDo,00013,0,pretrain,kFMZrEABdw4,00030,1.6008787021556472,8.576
train,pretrain,rrkrvAUbU9Y,00025,0,pretrain,uXlSmKZ7aSc,00026,8.203169764777655,14.656
train,pretrain,7wJTgUCxnKA,00001,0,trainval,1oNlTrLIjU4,50003,0.6239094138019823,2.56
train,trainval,jLOfXsFlb18,50007,0,pretrain,tTvIEUGCigk,00018,5.381512029619355,4.864
train,pretrain,hgui64Kr0Go,00016,0,pretrain,ofjRnIpXBF0,00012,9.982590680468249,9.088
train,pretrain,XPkV1bDZDl4,00032,0,pretrain,fqJAeReFr8I,00004,-2.213644773852934,12.032
train,pretrain,dJEwC4wCM70,00021,0,trainval,Lp5Ccer5NM8,50001,2.5739298148552052,2.368
train,pretrain,SSudEBkC4O0,00010,0,pretrain,DzNNS4rcIjs,00007,4.888535490485291,9.216
train,pretrain,Z24sXLBnOu4,00013,0,pretrain,0d6iSvF1UmA,00025,-2.4042301926631726,11.2
train,pretrain,N0vRIqeoefs,00045,0,pretrain,8oHvknJfklE,00026,-0.959686780429319,7.296
train,pretrain,k5hspA18IU0,00033,0,pretrain,gmSsyvrI2Xw,00018,6.213264074867531,7.04
train,trainval,o1abyP4zfGg,50006,0,pretrain,LVFVaWCV1TE,00019,-4.252845871319087,5.312
train,pretrain,raCIUeGUr3s,00046,0,pretrain,RrFSO62p0jk,00035,-3.285976573417237,13.184
train,pretrain,gypAjPp6eps,00032,0,pretrain,YhJPoyv8O3A,00024,8.096611851322425,4.288
train,pretrain,K2BES6FUAO4,00010,0,pretrain,qIVTKBeiabI,00001,3.277232048318126,9.408
train,pretrain,sUf1ajkIAhY,00008,0,pretrain,40ieXxoJwZw,00025,-1.6887243352001633,12.48
train,pretrain,vLEUSsEeiSU,00020,0,pretrain,W1KIgMXPR28,00018,6.190408344227588,8.32
train,pretrain,SwiaaqKdtjw,00029,0,pretrain,GS1xL1qcBa4,00021,5.103921760927282,11.2
train,pretrain,iueVZJVEmEs,00041,0,pretrain,n4EhJ898rSk,00006,-8.715816662505471,7.232
train,pretrain,P2y3Uspr8Bg,00013,0,pretrain,uPtP6SnAjJ0,00005,2.3816094658112146,5.056
train,pretrain,HDjM5lw8OYo,00028,0,pretrain,nx3GuO41Jyg,00021,3.4744077132535995,11.52
train,pretrain,GjINFuwLGvQ,00016,0,pretrain,njESlZa2b10,00001,0.07181397644836807,9.088
train,pretrain,cXbXNV9SZAg,00031,0,pretrain,SgOTaXhbqPQ,00022,-4.458850918387518,6.72
train,pretrain,MOQcSzkKfbs,00003,0,pretrain,GB4s5b9NL3I,00030,9.077023822036896,11.52
train,pretrain,4ShLkgv6LSk,00002,0,pretrain,Xw4K07eVuQE,00015,-2.2442717590989947,5.376
train,pretrain,7POkIJfbMyU,00003,0,pretrain,npFSbX7DZ6k,00031,5.735162377520638,10.56
train,trainval,y3jYVe1RGaU,50007,0,trainval,Lh9lDWPMWrM,50007,2.7996748963485256,3.712
train,pretrain,kKeUISJko3o,00007,0,pretrain,7HD3lrb6VtM,00015,0.7192797534451429,20.352
train,pretrain,5pIGDw18mIQ,00009,0,pretrain,5pW2b1vwwf4,00045,-2.3477222081117644,4.416
train,pretrain,1yzoCFqKEhI,00002,0,pretrain,dciTrZxqbHE,00003,-1.717351958024441,12.864
train,pretrain,yRUCU5FsvTY,00032,0,pretrain,0akiEFwtkyA,00037,-1.8017891296242148,5.056
train,trainval,7shXEFuxHAA,50009,0,pretrain,lnHXhYSeOJ0,00017,4.4789639908992225,3.968
train,trainval,aSGIZBmGOsU,50002,0,pretrain,zb4bp2volBg,00013,7.67779126171704,3.52
train,pretrain,r3afSFSG570,00020,0,pretrain,iW4fCwfw1vg,00009,-7.597887525422193,7.36
train,pretrain,Y350oOiunf4,00017,0,pretrain,T9vLHFza8Uc,00020,-1.1514201750686723,6.208
train,trainval,gdg4mUSwuhI,50003,0,pretrain,x8jdxSlf2Dw,00022,8.903891354422154,2.176
train,pretrain,YPLGuwXomYQ,00024,0,pretrain,tiwVMrTLUWg,00021,-1.8063931104787034,4.352
train,pretrain,SDjLpMj3BDU,00033,0,pretrain,jTfGAHroSSI,00017,7.854578080251194,3.648
train,pretrain,yLjxoscCi0A,00032,0,pretrain,dOOtM7ZpAS8,00003,-8.987283883058236,6.592
train,pretrain,19KkFCQz8WQ,00004,0,pretrain,KsSSMh1QhMc,00041,-1.699038551890034,5.568
train,pretrain,p1i6A7t6L2g,00002,0,pretrain,GbYc9BOU30o,00024,0.2950822743910404,22.144
train,pretrain,0JGarsZE1rk,00024,0,pretrain,SPLooRl0PSU,00011,-9.854172090082178,14.912
train,trainval,XO1MeSMYSQ0,50001,0,pretrain,AHfiKav9fcQ,00008,-1.193795699010069,2.56
train,pretrain,3E7hkPZSHTk,00028,0,pretrain,lrZZoCmSnME,00001,-9.110063750426454,10.304
train,pretrain,okQXrB7ySAw,00011,0,pretrain,gLgNjywpKsY,00018,3.5207537265153004,7.04
train,pretrain,dsmgvrcH94U,00001,0,pretrain,LGtNFHtM81A,00030,6.6069927851985,6.336
train,pretrain,0FOlwct8k9M,00006,0,pretrain,A27QjpQSIeo,00010,6.550312935675144,7.296
train,trainval,uFIc7XEVyM0,50005,0,pretrain,W14XWvAz3x4,00009,-7.572173153683979,4.608
train,pretrain,MAQihRikgZM,00003,0,pretrain,CPVjktgYKo4,00036,-5.791459943884732,6.336
train,pretrain,Dh5sPiuaO9Y,00010,0,pretrain,hscdmpKGqrQ,00012,-7.027615613153002,4.992
train,trainval,u0VHC1SDOS8,50008,0,pretrain,R7beBKnH9u0,00008,-6.323054524850516,3.328
train,pretrain,TOSSkVIkY6A,00009,0,pretrain,nG1oCU0ijP0,00015,-2.1138802100932814,11.392
train,trainval,3rbVQNTzCh8,50008,0,pretrain,nzj7Wg4DAbs,00034,6.7259986165881855,6.08
train,trainval,1SPazvfN9EU,50015,0,trainval,9h2dFSIsH0I,50007,-3.7470989643728476,2.24
train,pretrain,okQXrB7ySAw,00023,0,pretrain,fIw07IX6rG8,00006,0.1713281067230188,5.44
train,trainval,7Iv2nZnZOrM,50013,0,pretrain,WoSHlZ54b6Y,00012,5.372329275034133,5.248
train,pretrain,jiDQDLnEXdA,00022,0,trainval,eZWzNfOpbCQ,50001,9.945088387946036,2.176
train,pretrain,gmjSazFbpkA,00049,0,pretrain,GbYc9BOU30o,00002,1.7833090691673963,7.488
train,pretrain,quJdL9ggETI,00028,0,pretrain,UN8S8qSKmdE,00012,-1.1847373623614779,8.768
train,pretrain,04VbxnzUwes,00005,0,pretrain,aEjUlH7bNDo,00012,-0.0250020657426564,15.488
train,pretrain,5J6jAC6XxAI,00033,0,trainval,P4X9ZfEx9So,50003,0.5902493145547751,6.08
train,pretrain,wSF82AwSDiU,00018,0,pretrain,3icoSeGqQtY,00005,-3.773108273832859,4.608
train,pretrain,NIjjaFCADSE,00005,0,pretrain,haTsrKptgIU,00026,-0.27543823330154993,3.968
train,pretrain,on3KttMgbZE,00013,0,pretrain,U5SyBjKKicA,00018,4.082211967582799,17.6
train,pretrain,sIPvnWZ5O6Q,00011,0,trainval,dO6AuQR9R7E,50002,8.947305925158425,6.144
train,pretrain,ErexJkoDhGI,00049,0,pretrain,E7oq6J8HvKw,00018,0.4032055703996491,7.168
train,trainval,7SjWguOXVwE,50006,0,pretrain,Sf8j5LFv3nI,00009,9.935042043774743,4.608
train,pretrain,7shXEFuxHAA,00003,0,pretrain,nPdUMWGWE28,00004,3.544219069754446,22.336
train,trainval,osBbP6Om4Mg,50014,0,pretrain,awtmTJW9ic8,00003,-8.93435122144327,6.016
train,pretrain,kNQ99DQsNKw,00006,0,pretrain,zcMj4Az1MwE,00025,-0.3740816034232104,7.296
train,trainval,MqnbE5WRPEU,50006,0,pretrain,FsSKVSf1EJk,00020,-9.662262398694514,5.76
train,pretrain,k4vzhweOefs,00057,0,pretrain,85hbMtegrLc,00016,-1.4958726815143404,6.464
train,trainval,SsnWLZvRNZc,50013,0,trainval,MtSE4rglxbY,50053,-2.055217851028681,2.688
train,trainval,VNGFep6rncY,50001,0,pretrain,jSdBXFkQ3S8,00019,-4.668508591250758,3.776
train,pretrain,USmTQeKRaP4,00016,0,pretrain,MSZS1wnjfhY,00043,-3.5852721285606943,8.576
train,pretrain,U4Lx5rcii38,00037,0,pretrain,KsSSMh1QhMc,00027,-9.157268278387377,3.648
train,pretrain,80GqbW1MmQM,00009,0,pretrain,h1Yg1rURKR0,00011,-8.877152444228837,4.608
train,pretrain,CFtsHf1lVI4,00022,0,pretrain,QS0p8ZpBq04,00011,9.791830655819119,6.208
train,pretrain,Nx8RRIiP53Q,00002,0,pretrain,U7fFCaHZvVk,00036,1.0978039443429903,8.256
train,pretrain,kOPMqiKhoSc,00014,0,trainval,ohGMgSLJCjs,50023,-1.6511796882695151,5.888
train,trainval,uHRG3Vr9qyI,50054,0,pretrain,yrcaHGqTqHk,00006,-5.998905974560913,3.2
train,trainval,bZS7T5eF3hY,50003,0,pretrain,J10EaonNV2A,00004,-9.754326125545266,4.16
train,trainval,FdXUSZg9pcM,50001,0,pretrain,bS7A7S8AZSQ,00009,-7.198677449602366,5.952
train,trainval,vQILP19qABk,50004,0,pretrain,pPgd7Hj3ABQ,00026,-4.458360034119511,2.368
train,pretrain,mi9B40hZYAo,00015,0,pretrain,XyCY6mjWOPc,00002,-2.807401744566917,3.904
train,pretrain,CPVjktgYKo4,00019,0,trainval,aEa11FZwTRY,50004,8.144109450029909,5.824
train,pretrain,Iv3Ud7Shv9g,00008,0,pretrain,fDzj9vRw5yM,00010,2.861134367885935,6.784
train,pretrain,Er9bh94f1w0,00018,0,pretrain,9SuptXUPZxQ,00004,-2.649212589004504,6.336
train,pretrain,IWjzT2l5C34,00052,0,pretrain,KiPcxhJtuPQ,00011,8.51147804726812,3.648
train,pretrain,nG1oCU0ijP0,00024,0,trainval,Ydj28CDrHV4,50001,3.3026053590340254,6.144
train,pretrain,PwBgcjDVxxE,00003,0,pretrain,lECfUfqNVoo,00016,7.696692492189797,4.8
train,trainval,bbFF5n7S930,50004,0,pretrain,zuAj2F54bdo,00030,5.408352510509911,2.88
train,pretrain,VqtEppZmjfw,00022,0,pretrain,3GFG6Cvy9HQ,00035,8.704385057678518,4.096
train,pretrain,yLjxoscCi0A,00013,0,pretrain,JCI9FBP0Abg,00013,9.457253497450267,3.776
train,trainval,bfAzi6D5FpM,50003,0,pretrain,8gSAkUOElsg,00069,-4.250021829977224,2.176
train,pretrain,CXvUdCdKTJY,00024,0,pretrain,KDBcoRLkut8,00019,8.363221599336178,7.36
train,trainval,HpiZTvlWx2g,50020,0,pretrain,EijI8QaExDg,00048,4.015709535137201,3.776
train,trainval,DSPWxjBgvF4,50029,0,pretrain,ZPBTnWWWUY4,00002,-8.096272601819718,3.456
train,pretrain,W4I68CGUV3w,00008,0,pretrain,CLWRclarri0,00003,4.51702295131556,9.664
train,pretrain,9KACXVScWS4,00003,0,pretrain,askcLEVCTko,00026,-1.7115697463854769,5.056
train,trainval,vMwPTI54rqQ,50032,0,pretrain,6AvXhgXlGpE,00041,-6.944175263399959,6.208
train,pretrain,uHRG3Vr9qyI,00004,0,trainval,HirySSCYiwI,50003,9.283602410282061,3.072
train,pretrain,Qhomjw2PSV0,00014,0,pretrain,57FMau29OSg,00003,-7.85098285968817,20.544
train,pretrain,BPMrcY9z0nM,00014,0,pretrain,CEN4XNth61o,00056,8.70785688323829,5.568
train,pretrain,6MBaFL7sCb8,00019,0,pretrain,iRSjlgWE9GQ,00049,-1.1292562463228109,2.432
train,pretrain,bHLgTUV0XWI,00007,0,pretrain,49aWAHqi200,00010,-2.023427713434714,10.816
train,pretrain,RtFFT4zjyTM,00003,0,pretrain,EBebWBjpWIQ,00006,0.4905680463583231,9.088
train,pretrain,ht1zFl7HyO8,00013,0,trainval,y2X7c9TUQJ8,50008,5.4578219889556685,2.176
train,pretrain,LWULB9Aoopc,00042,0,pretrain,pWaxi4H2xPU,00008,1.4807884811465577,6.72
train,pretrain,boSGZ3qSAys,00002,0,pretrain,bvAEJ8G9l9U,00031,-2.1913195467924496,4.224
train,pretrain,dcwuBo4PvE0,00002,0,pretrain,sYySLEdYr8A,00024,-6.367489134934859,5.888
train,pretrain,E6atIJ8RDzU,00024,0,pretrain,q2k2Xbfuy1I,00008,-1.881855999994107,4.224
train,pretrain,KOIsqRgJ3XM,00001,0,pretrain,X41iulkRqZU,00046,6.554364934388953,7.808
train,pretrain,j97WsAz3CDY,00011,0,pretrain,1LSE7KCN9xg,00001,-1.153427444469397,4.544
train,pretrain,OmMv9tShW8k,00008,0,pretrain,HpiZTvlWx2g,00024,4.997127389317104,2.368
train,pretrain,SFW0TEFKCxk,00005,0,pretrain,pF72px2R3Hg,00032,8.253086663637713,6.528
train,pretrain,yXTtHmj1sr0,00004,0,pretrain,MIRoB4LStDY,00006,-7.285815859090274,3.968
train,pretrain,K8Dj0oSf1SA,00017,0,trainval,MvojSku8zk0,50001,-6.676700730299421,3.328
train,pretrain,gwPoM7lGYHw,00023,0,trainval,sJKFyDbWVqA,50012,3.703702002734307,3.072
train,pretrain,7LPJrzZaoZg,00008,0,pretrain,p9HPUiEdEj0,00018,8.4828454008697,3.264
train,trainval,UDXtFbSmBAg,50005,0,pretrain,fqJAeReFr8I,00018,-0.8488300510104896,2.496
train,pretrain,rOVkASt39Uc,00005,0,pretrain,E66oIgegbv0,00005,7.804394598995227,3.52
train,pretrain,yldVmMfMyIg,00013,0,trainval,KTvSfeCRxe8,50006,5.913260409399461,2.624
train,pretrain,mWfCqsFP05A,00009,0,trainval,IJmr7MsS8fw,50012,-2.010055691412173,4.544
train,pretrain,YZa4sdIwV04,00006,0,pretrain,2xKXLPuju8U,00017,3.74258650097147,3.904
train,trainval,E27DY3AVA98,50006,0,pretrain,jMVAgCPYYHY,00016,3.7462484841876282,2.88
train,pretrain,4a6ZRstYlgw,00042,0,trainval,9XRPbFIN4lk,50001,-9.353091998490747,3.456
train,trainval,PzSw6OsEP9Q,50010,0,pretrain,qzwCujeSSSc,00022,-2.6963636459241913,5.632
train,pretrain,te3u3MSpk1c,00007,0,pretrain,vrU6YJle6Q4,00033,-9.474864709954872,3.2
train,pretrain,q2k2Xbfuy1I,00014,0,pretrain,cSsxBTNF2U8,00012,-3.0814482749869327,2.944
train,pretrain,UxLRv0FEndM,00035,0,pretrain,s6rJLXq1Re0,00022,-7.477940835764598,3.712
train,pretrain,N4wFyRGilp4,00038,0,pretrain,FJFxLQCo83U,00028,-9.912583631940448,19.136
train,pretrain,BjclkhNAO0s,00014,0,pretrain,FzApYQDIXlg,00024,-3.7480479158160236,4.288
train,pretrain,SZSul0GzzM4,00006,0,pretrain,Sv36Vt9GmH8,00013,3.0774233308883243,3.52
train,pretrain,WSsjBMSWSYE,00006,0,pretrain,v2jSfxnRPSE,00028,-2.229847955366524,4.48
train,trainval,exjlR7izakg,50003,0,pretrain,zIwLWfaAgS8,00100,0.6340755988700622,2.688
train,pretrain,2W1jvTEjc1s,00033,0,pretrain,01GWGmg5jn8,00035,-5.587848026483444,3.328
train,trainval,0LxPAY9yis8,50001,0,pretrain,rvkMauaHxBw,00004,-7.034737402908942,5.12
train,pretrain,WonC2e5aOGE,00002,0,pretrain,zG21nyJNBSA,00003,-2.336616288601892,8.064
train,pretrain,th3nnEpITz0,00016,0,pretrain,ddek3gQVt9Y,00023,-3.116760057746813,7.104
train,pretrain,vMiSf7LpFQE,00014,0,trainval,cWpRxyqDgpM,50002,-7.727588630201958,2.688
train,pretrain,iSpwUpdQdyY,00036,0,trainval,sNV4yIyXXX0,50009,3.7825238052417127,5.504
train,pretrain,MpYrJs0rX84,00004,0,pretrain,DokhOtMp75A,00007,7.427085474000009,4.928
train,pretrain,DnJHaveemUk,00002,0,trainval,gjCwsdCssdk,50006,-3.4480639422994264,3.136
train,pretrain,1X7fZoDs9KU,00019,0,pretrain,2pb37k555AY,00006,7.097788641748934,6.464
train,pretrain,Syi9bqfFIdY,00001,0,pretrain,uSUOduS5MPc,00021,-3.7311235176477053,6.208
train,pretrain,YL1XwfyaS00,00015,0,trainval,jk6Y3f2c4SI,50002,-1.5975992980671485,5.952
train,trainval,sWN13pKVp9s,50006,0,pretrain,6StqiaPoS2U,00006,-6.3682777927954355,4.288
train,pretrain,w7T7KSNJ8m0,00013,0,pretrain,fWInyaMWBY8,00006,-0.9113016172027812,32.832
train,pretrain,34a7UEzZdsA,00030,0,trainval,rYwTA5RA9eU,50001,0.5723430422551026,5.184
train,pretrain,sUf1ajkIAhY,00008,0,pretrain,yr6khSQOk0s,00010,9.197725606272659,15.68
train,pretrain,CfqO1U6lfDs,00036,0,pretrain,dciTrZxqbHE,00003,2.4264658317586196,3.776
train,pretrain,YrtANPtnhyg,00017,0,pretrain,SIKqVKyyW6w,00002,-3.408406355931371,6.976
train,pretrain,qzwCujeSSSc,00018,0,trainval,bXnTAnsVfN8,50001,6.07250489940742,5.952
train,pretrain,6LpSNMaU0r8,00008,0,pretrain,Nx8RRIiP53Q,00008,4.460271400058563,6.4
train,pretrain,hS3dLASh3Yc,00017,0,pretrain,LhjsRjC6B8U,00011,6.804945987152976,12.16
train,pretrain,RKK7wGAYP6k,00011,0,pretrain,KCL8NjN7FMQ,00021,8.412999817086511,8.32
train,pretrain,3Bk6G2X5Vjk,00003,0,pretrain,LuG2rf9enHE,00009,-7.887219538350414,5.76
train,trainval,w3q89BTJj3o,50026,0,pretrain,ORzTct2yITk,00001,8.558353600782429,4.48
train,pretrain,IJwlyf7rCtU,00014,0,trainval,iU1bhHeCkoU,50018,2.1882614118455184,2.944
train,pretrain,1QX7aoxSTAQ,00015,0,trainval,8COaMKbNrX0,50004,4.677071100584893,6.016
train,pretrain,TZy5Srsksls,00009,0,pretrain,EpFCykE9Lk0,00005,2.2508250841715967,7.296
train,trainval,aFBIPOSP7LM,50003,0,pretrain,c2tOp7OxyQ8,00013,-8.16663694389652,5.632
train,pretrain,LbIXYEW9CSQ,00015,0,trainval,jAGgKE82034,50002,3.533830592096262,2.304
train,pretrain,8wSOZFBcwZc,00025,0,pretrain,S7rSSd1fiUc,00005,7.726116361469877,4.416
train,pretrain,H03o2WCBoDU,00012,0,trainval,gZga0AmCGdE,50029,-4.7143438110337765,5.76
train,pretrain,8aSUUhW7SHU,00016,0,pretrain,yqc9zX04DXs,00003,-7.514293484997003,4.864
train,pretrain,aTgPJQ9Dy7Q,00012,0,pretrain,9ebJlcZMx3c,00030,9.522933935072736,5.184
train,pretrain,GjijgEch52Y,00014,0,pretrain,P3fIZuW9PSM,00015,7.844893381622537,8.064
train,pretrain,yVwAodrjZMY,00007,0,trainval,NNHAgXy5dxQ,50002,0.8115058523208454,4.736
train,pretrain,Svo01ldlTQc,00018,0,pretrain,J6SSCMhcCfQ,00007,-2.514921097849589,7.68
train,trainval,5uVtphj4b6c,50021,0,pretrain,vVsXO9brK7M,00007,-3.5076356285628947,4.544
train,pretrain,0sYguTPLpHE,00064,0,pretrain,TBIL2sdfoVc,00024,4.644077348630455,2.688
train,pretrain,jdMv5x8SBuM,00015,0,trainval,0MD4Ymjyc2I,50013,-3.612554527652277,2.944
train,trainval,nU5gOr1cSxU,50002,0,pretrain,utV1sdjr4PY,00002,7.707066795352489,3.584
train,pretrain,ERSZb2wHFDw,00011,0,pretrain,mA1vshSuyQU,00029,6.60707194335528,11.136
train,pretrain,RlQEoJaLQRA,00001,0,pretrain,Ytw0I6ytRto,00030,-2.675815614532528,7.616
train,pretrain,h4MhbkWJzKk,00015,0,pretrain,Td2hfdXQ5x8,00020,6.423926542278558,10.176
train,pretrain,ANFQPEkczYc,00021,0,trainval,W8OiVZrAj4c,50011,-2.756612493161148,2.496
train,pretrain,7ShFmRzffOg,00012,0,pretrain,IYpovgkaS9Q,00017,1.8047356405402972,9.408
train,pretrain,QijH4UAqGD8,00024,0,pretrain,a6Qvzp516gY,00006,3.220258828489243,7.36
train,trainval,YSQUrUZ6ZTE,50001,0,trainval,B9DdIivSGts,50001,1.9039660402352965,2.24
train,pretrain,uSD6RlqHwOk,00004,0,pretrain,ZbYDSIe5jsI,00015,-6.061049497063939,6.592
train,pretrain,Hh09xlzxRmE,00044,0,pretrain,Zq7QPnqLoUk,00044,1.7975067731956322,5.888
train,pretrain,CBJMFvcR8PQ,00008,0,pretrain,qykSnLkPM7E,00015,-7.642987207092227,7.872
train,pretrain,wgKmdbTmbDk,00003,0,pretrain,mWA2uL8zXPI,00016,-9.598560837739697,6.848
train,pretrain,6a6vVIdQBd0,00038,0,pretrain,sBaiRpIpPKQ,00026,2.4324531198189554,4.16
train,trainval,jYperQKUkcs,50005,0,pretrain,0ygtX2nyexo,00035,-6.764716947714556,4.672
train,pretrain,SmQadYi4F14,00016,0,trainval,Zwwanld4T1w,50003,-7.056585687484107,4.16
train,pretrain,m7SuKQGPMSw,00034,0,pretrain,ElJxUVJ8blw,00005,-2.4561633259636846,11.52
train,pretrain,lXQ4HSMp1OA,00006,0,pretrain,qZRSPO8NtJc,00020,2.048833194866406,3.84
train,pretrain,joyi6anTSFQ,00004,0,pretrain,E0M1beV91js,00008,2.357447552988523,12.48
train,pretrain,wvCMZBA7RiA,00015,0,pretrain,7DESF3jSPVo,00006,8.846283364087267,10.88
train,pretrain,n7lGnTT7kys,00002,0,pretrain,MnT1xgZgkpk,00015,-0.450198498926218,13.888
train,pretrain,rzbtSeVZeEE,00025,0,pretrain,7CIq4mtiamY,00014,-9.188410543553214,5.888
train,pretrain,VStEmE85QDE,00013,0,pretrain,kKeUISJko3o,00018,-6.593079739755043,4.608
train,pretrain,nO69NjadSec,00009,0,trainval,SS6ZojCzNGY,50009,9.099457104361907,6.144
train,pretrain,eLrBw8BKOWI,00006,0,pretrain,joyi6anTSFQ,00003,-5.17697458320225,14.208
train,pretrain,KExLCJAuTXA,00008,0,pretrain,3M29BY86bP4,00019,-9.943470337974427,2.816
train,pretrain,Oj8eFu72Sfc,00008,0,pretrain,eUznJ3LtvGc,00021,-1.6087655190822296,6.4
train,pretrain,0MD4Ymjyc2I,00035,0,pretrain,OwfyH5S6bpA,00002,0.8770040711209823,3.456
train,pretrain,nncPtxLCPrE,00011,0,pretrain,ofsncCF9OSU,00058,5.511890657500853,4.16
train,pretrain,iKHTawgyKWQ,00024,0,pretrain,o4Nno6POrwE,00012,1.6175275504049207,3.328
train,pretrain,M5tre30cRwU,00025,0,pretrain,hxPiz2sE0h4,00045,-4.111485247969327,9.408
train,pretrain,jsZDlBU36n0,00005,0,trainval,2j00U6lUCSc,50008,-7.4028198551027184,2.944
train,pretrain,OwRAFCrsDS8,00040,0,pretrain,BXcFEhl7ynM,00017,8.79162443606522,4.096
train,pretrain,FsGu5YTM1NI,00006,0,pretrain,GwRzjFQaSOg,00010,2.7961077729094637,4.928
train,pretrain,PB2OegI6wvI,00036,0,pretrain,hBtXiTumdY0,00002,9.522273519753035,6.016
train,pretrain,2iWi11tkrAM,00004,0,pretrain,dQijrruP9c4,00020,9.26789365910788,6.336
train,pretrain,XGq3MXQlRJs,00009,0,pretrain,fCt6PoTfPvg,00002,4.763583259570705,6.912
train,pretrain,Qd7PiXg5fKE,00026,0,trainval,1mUDw0sRZV0,50017,3.6593787715525057,6.08
train,pretrain,lWnrS99DNeE,00007,0,pretrain,LKAhTELkOV8,00039,7.501273866856415,4.48
train,pretrain,uTL9tm7S1Io,00011,0,pretrain,cGrFSZYPAyk,00019,2.7065683964347897,7.296
train,pretrain,SU1foLW8h54,00015,0,trainval,3lxyiS3CGrk,50004,5.541069941057737,3.008
train,pretrain,k5hspA18IU0,00012,0,pretrain,3SAZ5R2SC88,00009,-1.6267962124657416,7.232
train,pretrain,wAdwurHhvSI,00029,0,pretrain,mYQx5n5SRVQ,00015,6.854904469965625,11.648
train,trainval,TFbv757kup4,50002,0,pretrain,9y7YEmyzSDo,00003,9.67829819469085,2.816
train,pretrain,Pl8OlkkwRpc,00039,0,pretrain,9KACXVScWS4,00020,-8.138720621876969,5.44
train,trainval,JSLUS3qLv0I,50003,0,trainval,c2tOp7OxyQ8,50003,5.19787315091423,5.376
train,pretrain,eg66CMRpKCw,00007,0,pretrain,cJgStPB0Nu0,00013,6.556363246097529,4.032
train,pretrain,0JGarsZE1rk,00005,0,trainval,J6tgYBMXR6s,50030,-9.46695532001167,3.712
train,pretrain,mArrNRWQEso,00053,0,pretrain,ko32Hr1SoPc,00002,1.3274957703858252,8.064
train,pretrain,G8cjIBwP52o,00033,0,pretrain,MOQcSzkKfbs,00008,-6.7781810575449715,12.416
train,pretrain,xp0O2vi8DX4,00010,0,pretrain,RBElFl1aLtI,00018,-6.240003037708868,8.448
train,pretrain,v3SZTqj2Skw,00010,0,pretrain,fbU9l46Lz7c,00009,-4.696919514761997,15.552
train,pretrain,Rr5Py1r9xjw,00019,0,pretrain,guXxy8LH2QM,00017,0.8275149867223526,6.528
train,pretrain,0FkuRwU8HFc,00044,0,pretrain,6E3zVSCSGYk,00021,-0.4857961815951999,6.976
train,pretrain,IfqdMoKVIR0,00013,0,pretrain,7s2CoqypMLg,00022,-6.542959777748328,5.952
train,pretrain,VlC93dig40E,00008,0,trainval,deT1mILtFEY,50004,8.646413509897656,4.288
train,pretrain,weCFbknwZa8,00002,0,trainval,zSqYtUeKUl4,50002,0.432845663563576,6.08
train,pretrain,R9g3QSqvtss,00003,0,pretrain,Uq1idqpX9SA,00031,-9.797524055557297,5.824
train,trainval,GZGY0wPAnus,50009,0,pretrain,1TYPldG99dk,00019,-0.6717316068357988,2.24
train,trainval,lO1P6lCNnyo,50014,0,pretrain,5aH2Ppjpcho,00016,-0.032051373741879274,2.24
train,pretrain,boSGZ3qSAys,00043,0,pretrain,mf5otGNbkuc,00013,4.737246451623472,6.08
train,pretrain,TdBAHexVYzc,00030,0,pretrain,Gp5CqfHS5h0,00001,9.04575881168751,13.76
train,pretrain,aUBawr1hUwo,00031,0,pretrain,bNpx7gpSqbY,00004,0.7091698880511395,6.848
train,pretrain,syjEN3peCJw,00055,0,trainval,wn8S33NBB04,50012,-5.404862652096448,4.48
train,pretrain,LLmhQmicusM,00013,0,pretrain,SFOCpMAww28,00023,7.236883237839461,7.36
train,pretrain,LizFrxTK5Qo,00005,0,pretrain,oKtALHe3Y9Q,00007,1.412229810416349,9.408
train,pretrain,U7y4GlmwPLQ,00027,0,pretrain,ZCRC5S0kfiw,00016,-4.165204184952467,7.424
train,trainval,FrxDrpi1XNU,50005,0,trainval,GOZOhpxSAFI,50004,-1.7153454659236793,2.624
train,pretrain,cplaWsiu7Yg,00025,0,pretrain,y7LXwGfvxwo,00032,5.48848620283991,3.84
train,pretrain,MAQihRikgZM,00013,0,pretrain,NdKEy6vcCMw,00075,-0.6179275303202143,4.8
train,trainval,tsFKSfItBoE,50022,0,trainval,CVdPhUPO5YU,50012,6.878093649636227,4.096
train,trainval,855Now8h5Rs,50027,0,pretrain,dcySuzHPCWM,00019,4.077300931079224,5.824
train,trainval,9ijS6iMi9gA,50008,0,pretrain,K2BES6FUAO4,00003,-4.576880868635742,3.776
train,pretrain,weCFbknwZa8,00018,0,pretrain,Vi8k6BG9KVk,00003,2.2608204988932137,12.608
train,pretrain,SYHG5y4tvLw,00002,0,pretrain,sY0PfSpfqCI,00013,9.82241997322771,3.84
train,pretrain,klUoJxGv9wg,00005,0,pretrain,ogXTSCI7KRU,00033,-1.63183048025056,6.656
train,pretrain,ydZfSuzSHu8,00001,0,pretrain,c6mhFgAjqwA,00027,4.801430691612092,4.48
train,pretrain,VMXdSkW6hns,00012,0,pretrain,eRQdAOrqvGg,00047,-3.095934827510991,6.976
train,pretrain,JGVU8n7jjHc,00011,0,pretrain,j51HsRILGKI,00046,-6.385948391692235,5.184
train,trainval,0GL5r3HVAZ0,50005,0,pretrain,MgUTzbGakRw,00014,-8.147397116363873,3.904
train,pretrain,mS8tQSTYLgk,00020,0,trainval,nO69NjadSec,50005,8.196595139323708,6.208
train,pretrain,a19lSbFPRqY,00023,0,pretrain,YjHSx0xmXtU,00009,-9.301800752940617,3.648
train,pretrain,9FCsyK4aRXQ,00019,0,trainval,3sUWSDHOVn0,50011,4.776901838513654,2.688
train,pretrain,UqyOedEHIrw,00003,0,pretrain,EiTrl0W1QrM,00010,1.0188637615867684,5.056
train,pretrain,1LSE7KCN9xg,00015,0,pretrain,yTR4sADS4qM,00006,-6.347293197470741,6.912
train,pretrain,PXMJobWlXks,00021,0,pretrain,FLbXrNGVXfE,00010,8.463962066353659,6.72
train,pretrain,KDBcoRLkut8,00041,0,pretrain,qqNLSZ6SSSc,00009,-8.931181507338312,6.976
train,pretrain,ziGD7vQOwl8,00011,0,pretrain,rBt7LMrIkxg,00004,-5.776711271394013,6.016
train,pretrain,ue2ZEmTJSXo,00013,0,pretrain,CGksAjzI0go,00022,8.155440856040194,11.456
train,pretrain,In6iAXTnqEo,00012,0,pretrain,on3KttMgbZE,00004,6.11654948198985,5.44
train,pretrain,9o5jAaZn2p0,00006,0,pretrain,O2OQxHNVLNY,00004,0.8098307765556267,4.224
train,pretrain,OISOhvOumT0,00043,0,pretrain,FD5ZKiSmoMU,00032,4.144904314940128,7.104
train,pretrain,dE1DuBesGYM,00041,0,pretrain,hupHAPF1fHY,00029,5.628190104219691,3.968
train,pretrain,K2BES6FUAO4,00003,0,pretrain,dwU8eavPInw,00018,-6.512311050180677,5.824
train,pretrain,X2et2KO8gcY,00027,0,pretrain,n8yhaFdSGpM,00004,-0.8555112807525234,5.12
train,trainval,8FKYe2v0teI,50002,0,trainval,6MBaFL7sCb8,50014,-1.20595586288613,3.136
train,pretrain,CypPMzZinys,00008,0,pretrain,voXOUWiJuLo,00028,-2.977062041553042,2.752
train,pretrain,sFNmulAb4wM,00001,0,pretrain,sBsuIAscshE,00029,8.433606662768554,2.688
train,pretrain,wznroZvpVHU,00012,0,pretrain,4a6ZRstYlgw,00045,8.759048347279368,7.488
train,trainval,AQ8cpjEdpmI,50020,0,pretrain,ea3HnhOLC9g,00003,-4.00177982349952,2.24
train,pretrain,rYwTA5RA9eU,00024,0,pretrain,tSSNoFstCmQ,00007,-3.51196611228227,12.096
train,pretrain,Phf66nAoMIk,00014,0,pretrain,AQ8cpjEdpmI,00007,0.3086305674365164,5.376
train,pretrain,93fJ33L9OKw,00039,0,pretrain,OIpgrZ8ySSQ,00011,9.109591893264522,13.248
train,trainval,cn9Q4c3dXGU,50019,0,pretrain,ulLFP8axZVQ,00010,-7.34301997161565,6.208
train,trainval,m4GQk4ufRKs,50001,0,trainval,d6eMdixkoRI,50015,-6.821345195618262,4.16
train,pretrain,CZNrOzgNWf4,00015,0,pretrain,HHwXlcHcTHc,00016,-8.092027882394795,4.48
train,pretrain,DajRM7VyeZ4,00006,0,pretrain,9ebJlcZMx3c,00001,6.581335433191001,6.656
train,pretrain,aSLSiIskEFU,00004,0,pretrain,f8nkcRMZKV4,00004,-3.562381605259242,4.224
train,pretrain,fBQnQTkhsq4,00006,0,pretrain,u9Lu85L111Y,00011,7.4603336541913094,8.768
train,trainval,Ysxz5Ug70G0,50006,0,pretrain,jdMv5x8SBuM,00027,-5.194406143397758,2.496
train,trainval,3E46oWB4V0s,50014,0,pretrain,OF5VVrsnpzo,00020,1.128133359704524,2.112
train,pretrain,c2tOp7OxyQ8,00068,0,pretrain,S2OzLREwHtI,00003,2.2901692486567313,10.24
train,pretrain,DOvbl3ZPPV4,00012,0,trainval,8GOFoquSdkI,50001,2.0590434443088945,3.2
train,pretrain,mt4oSR9wzrs,00013,0,pretrain,Y350oOiunf4,00032,6.282211177319471,3.648
train,pretrain,2wu28tI9VkM,00006,0,pretrain,VFaQtPw3Va4,00007,1.7676537584776213,9.536
train,pretrain,Ftow7dSpaiY,00022,0,trainval,HirySSCYiwI,50007,-3.5208533214143367,5.76
train,trainval,QoTSdOkjEVs,50001,0,pretrain,9KaMufF0rAY,00018,-4.6821119766128705,5.888
train,pretrain,0YeVt2kpSSo,00007,0,pretrain,8QuAokSXiyg,00040,-9.5567702550838,4.288
train,pretrain,BMdMSmtTgD0,00005,0,trainval,p49rv25dx0g,50002,-4.694021992972342,4.672
train,trainval,r2YiRiLAUSY,50001,0,pretrain,cSiNSQubRs0,00034,9.55326064667426,2.368
train,trainval,vzKA1y3cdYI,50013,0,pretrain,sNbGUSI9HWw,00042,6.806032495081563,3.2
train,pretrain,gzcwS02ZB1o,00023,0,pretrain,UMSWdzT6rV8,00018,-8.538330849855392,11.52
train,pretrain,KnFZpoplGQo,00007,0,pretrain,9ebJlcZMx3c,00039,-8.043191199368598,2.944
train,pretrain,7ZWTG0SeCEg,00006,0,pretrain,WvvuLDX7iIk,00040,-0.586252677397809,7.168
train,trainval,NdKEy6vcCMw,50007,0,pretrain,mWp4Sp8GTgI,00009,-7.368061185473184,6.08
train,pretrain,sAUIAChAmc4,00009,0,trainval,YL1XwfyaS00,50020,3.5614012071820724,3.2
train,trainval,nx3GuO41Jyg,50014,0,pretrain,eS5wqwp64MM,00001,-6.72991890518611,3.328
train,trainval,HJqtUUDhaxA,50005,0,pretrain,goiyLgCzgSI,00008,8.283934407644498,2.048
train,pretrain,bxkslfQc0EA,00005,0,pretrain,3aYWvujaT6M,00027,1.7891815924498378,6.08
train,trainval,QekbuidfQKo,50020,0,pretrain,8oeiOeDqSNc,00010,-2.853657752346357,2.816
train,pretrain,lV3trdyDdHE,00057,0,pretrain,NDQ1Mi5I4rg,00016,-0.8589549034389048,4.928
train,pretrain,DG7kSeazMQ4,00052,0,pretrain,rN7VcY1fS1Q,00021,5.216264143964018,3.968
train,pretrain,56WGgJNBRxQ,00046,0,pretrain,PDKKOSJX6yQ,00004,-8.885092773147385,4.608
train,pretrain,w2mJMS09Qjk,00013,0,pretrain,S9ZciGIBcS8,00003,-1.0748173488834176,5.632
train,pretrain,DGvPfD1Dd1U,00030,0,pretrain,T4SvurUIYI8,00010,0.4228086962149735,10.624
train,pretrain,WxUf326kZ1I,00008,0,pretrain,30KJRb4MzSg,00011,-2.594383805067584,6.336
train,pretrain,DSPWxjBgvF4,00013,0,pretrain,4AaSUyfNN4c,00009,4.127318373492779,5.12
train,pretrain,abMQhaMdQu0,00003,0,pretrain,XiEQmcZi8cM,00041,-9.230000027055219,7.04
train,trainval,acJscdoP2a4,50001,0,pretrain,KCL8NjN7FMQ,00031,-0.7895835590652727,6.016
train,trainval,pz1TDXKSTHc,50001,0,pretrain,3rbVQNTzCh8,00024,0.6558700339405448,2.816
train,pretrain,SrqmuYvk3iQ,00033,0,pretrain,TcBrchkBSBE,00003,1.5105598890595928,5.44
train,trainval,jfqwHT3u1S8,50007,0,pretrain,wMWYLgj1ydw,00014,2.703003264131338,4.608
train,pretrain,mAvSoNUgMno,00016,0,pretrain,C8zY0oAdQrs,00041,-9.762360344845423,2.688
train,pretrain,LrBKcTTMlCQ,00020,0,pretrain,uaB6Bdgp3WU,00008,6.927400536988351,4.544
train,pretrain,59SRn1SkWAA,00070,0,pretrain,mCZCokSu37w,00008,-3.3599160883267887,3.584
train,pretrain,56XQd6fcWu8,00002,0,pretrain,H2vN2QXZGnc,00006,-3.837448160439642,2.688
train,pretrain,MDL85fzdc1g,00003,0,pretrain,ScGSlv9dCeY,00022,-6.05983414962298,5.184
train,pretrain,FwZoYqui2O8,00002,0,pretrain,fBQnQTkhsq4,00011,6.3157084044241145,5.568
train,pretrain,zCvSZBy6SyU,00005,0,pretrain,pn8p3rOaA5I,00003,2.601017685564308,5.184
train,pretrain,u4m65sbqbhY,00001,0,pretrain,rzbtSeVZeEE,00017,5.587708447756064,4.288
train,pretrain,5QGApheKRc0,00023,0,pretrain,z5lZ9wciZQM,00004,2.93369756744287,3.84
train,pretrain,VbF2KPn3TrU,00012,0,trainval,iU1bhHeCkoU,50021,9.752006881715609,5.376
train,pretrain,K74JqctvM2g,00033,0,pretrain,zwjLQgNd7XM,00017,-5.619692797184759,6.08
train,pretrain,USmTQeKRaP4,00019,0,pretrain,ZVRbSuY3h9w,00006,-8.200528530114289,12.416
train,pretrain,ZOYoTup1t3A,00011,0,pretrain,d6wGSsAdP0U,00018,0.2003319694073884,24.96
train,pretrain,TT6qWghHkFI,00027,0,pretrain,PfWGiu0jGv0,00013,3.9002763554030455,8.192
train,pretrain,RKK7wGAYP6k,00024,0,pretrain,UuXeY3S2emA,00006,-8.001962854702931,4.224
train,pretrain,qEZmFR1WS7g,00006,0,pretrain,LuG2rf9enHE,00030,-5.640069212195371,6.336
train,pretrain,wOiKRVH0nQ8,00007,0,trainval,f5udS4pbXPk,50008,3.349521587544233,6.08
train,pretrain,tbicAmaXYtM,00006,0,pretrain,av3SCLBU7sI,00013,-0.5269862731663739,3.84
train,pretrain,Jc2F3SnawnI,00017,0,pretrain,Ytw0I6ytRto,00018,5.827420986790219,10.688
train,pretrain,z4kwU6z6ORg,00004,0,pretrain,8FKYe2v0teI,00019,-4.492980954009267,2.944
train,pretrain,iSpwUpdQdyY,00047,0,pretrain,KIKqRFZ3r1I,00016,-5.2797675676334705,3.456
train,trainval,UGtFXtnWME4,50014,0,pretrain,pPBI8oUXZ8Q,00002,5.805107040139511,2.944
train,pretrain,t9c7aheZxls,00017,0,pretrain,NR33yerZgso,00003,-6.714914558833318,5.376
train,pretrain,b28brIs1OmM,00018,0,trainval,Qhomjw2PSV0,50006,-2.938375089034169,3.648
train,pretrain,4c1lqFXHvqI,00019,0,pretrain,AIfwFLDXFyQ,00020,6.15204639793275,5.376
train,pretrain,2cYDyMnL4M8,00038,0,pretrain,D4cV8yfgNyI,00022,0.3948649360893359,5.248
train,pretrain,eD9F5HdyKqU,00003,0,trainval,kvpUiBqHoVM,50015,0.6953311544471301,3.904
train,pretrain,ttDM6ZtLUL4,00010,0,pretrain,xAXUqSQc8DI,00008,-6.167563048160618,5.568
train,pretrain,B4xOFsygwr4,00020,0,pretrain,LhjsRjC6B8U,00008,-9.677967572594854,7.168
train,pretrain,g2J6YOiLNr4,00054,0,pretrain,dwU8eavPInw,00033,3.7520942653337706,5.568
train,pretrain,LSn4OF7G9BM,00013,0,pretrain,F8pUtbSgrxc,00016,-6.844547745174205,5.888
train,pretrain,2cYDyMnL4M8,00039,0,pretrain,SK095wuESeE,00035,-0.28255010318509477,8.96
train,pretrain,mhJumNSd9OI,00002,0,pretrain,E6atIJ8RDzU,00016,-1.645178236738385,15.936
train,pretrain,jAGgKE82034,00032,0,pretrain,4a6ZRstYlgw,00006,-9.793625089921731,17.408
train,pretrain,KQEWc3LVfyc,00059,0,pretrain,P8GCjrDWWUM,00019,9.663784214845379,7.936
train,pretrain,lkVYV2P8dQE,00026,0,pretrain,4ZgwzSm7sRs,00056,6.475144839550854,7.296
train,trainval,IXBalykzauE,50005,0,pretrain,CMeRySbMXDU,00002,9.894373908531001,2.176
train,pretrain,gyPoqFcvt9w,00001,0,pretrain,hgui64Kr0Go,00007,-2.043087935164629,10.88
train,trainval,sYySLEdYr8A,50002,0,pretrain,pGSQG0IyNTo,00019,6.2226326207720675,6.016
train,pretrain,gdg4mUSwuhI,00009,0,pretrain,X77DUi9PD4Y,00029,-2.707066026283254,33.536
train,pretrain,9y7YEmyzSDo,00015,0,trainval,Zctk6MZaxMk,50014,-4.77208040777729,2.432
train,pretrain,2xs8qmk0OPc,00022,0,pretrain,EDLWWP8N6MU,00020,6.347080061539533,6.912
train,pretrain,GJWSZgjz7G0,00020,0,pretrain,lrYx7HaUlMY,00029,-0.06856470899483647,12.096
train,pretrain,vEli4dfAXrM,00013,0,pretrain,3gSSNHO1dDs,00004,-5.583474877774492,6.784
train,pretrain,hCop3IGZH2o,00010,0,pretrain,b6uOb1fm5bg,00003,-5.946390006850788,6.016
train,pretrain,P4pKrxVcvJc,00002,0,trainval,ac1mOswXxLs,50014,2.1783262881953327,6.144
train,trainval,MLvwTlbj1Y8,50006,0,trainval,P8GCjrDWWUM,50001,8.003630964390354,2.88
train,pretrain,uYaF8pSTNSU,00069,0,pretrain,wZzHnZzmS58,00024,3.5091544182752603,6.08
train,trainval,ByEoeBYUwOo,50004,0,pretrain,0HEXx3SP8kk,00009,8.651947412324482,4.608
train,pretrain,Ogce5D2XMZ0,00003,0,pretrain,U1a72bvusS0,00005,-7.39624401087007,7.488
train,pretrain,bczm0RsIZUM,00014,0,pretrain,apbSsILLh28,00076,0.2339456814661407,6.72
train,pretrain,2SEv4rU27HY,00011,0,pretrain,7hFy02TSH4U,00032,1.3490958887041433,4.672
train,pretrain,DSbtkLA3GrY,00011,0,pretrain,AAkEYcmCCCk,00047,-8.953007790188805,6.784
train,pretrain,OAK1UIbSFio,00089,0,pretrain,dO6AuQR9R7E,00015,-5.406195709539938,8.32
train,pretrain,PTUcj45juXg,00006,0,pretrain,K0PJbPlZoNI,00016,0.25240835899570513,14.528
train,pretrain,kmNxhFFZWpM,00019,0,pretrain,S9PEogIrHSk,00044,8.2012833691441,12.544
train,pretrain,S8bJ3YlgL1Q,00014,0,pretrain,X9FFzWUInyA,00029,-4.138337054003356,3.456
train,pretrain,uSTmKo75gJI,00002,0,trainval,85hbMtegrLc,50006,-3.4530268901645345,2.048
train,pretrain,zbHe4RpgV80,00008,0,pretrain,OOhgwjEnfAA,00016,3.3565554728593447,3.52
train,pretrain,6H6wKMYSiEU,00011,0,pretrain,2ZviHInGBJQ,00027,-5.740920119802584,6.976
train,pretrain,6fJRmouSDL4,00015,0,pretrain,ukgnU2aXM2c,00026,5.640615240209332,12.8
train,pretrain,bfAzi6D5FpM,00024,0,trainval,SC3DVeWT09w,50030,-6.61777183718526,2.56
train,pretrain,7nAU7KXXHEI,00009,0,pretrain,MOFdlEbu15g,00031,-4.218426481885746,7.488
train,pretrain,8ewxApY3uO4,00006,0,pretrain,jFG7jqJXbno,00023,3.1879497257900766,5.376
train,pretrain,oEIYHTlbeLA,00022,0,pretrain,SSudEBkC4O0,00007,-9.388370542024823,7.808
train,pretrain,7p4zw4SqgUw,00016,0,pretrain,kzhJb5jcH58,00007,-0.5696988971692605,4.352
train,pretrain,9EglK8Mk18o,00026,0,pretrain,CQ6by9cmt54,00008,9.101780872969972,5.696
train,pretrain,BCvzpm4d2gs,00023,0,pretrain,KJ3lcCa0G4Y,00016,-7.076393650102872,21.696
train,pretrain,gto6w0a13B0,00038,0,pretrain,btF6nKHo2i0,00075,3.262107718822204,9.92
train,pretrain,IkJTwfHPv6A,00003,0,pretrain,fBLErez9ljw,00013,-7.752519023936744,3.2
train,pretrain,HFqLoHyCTRc,00010,0,pretrain,HS8y0WLm78U,00101,-1.4081132356679866,5.632
train,pretrain,HXMrzZkHKGs,00008,0,pretrain,ElJxUVJ8blw,00004,-8.938597161141153,6.08
train,trainval,lYdk1NK9Sr0,50012,0,pretrain,odyakQwtWwo,00014,-7.803202387311712,2.88
train,pretrain,8C2t8P809x8,00009,0,pretrain,tlS3r8Gid90,00036,-4.787257073307433,4.8
train,pretrain,jpeSLKnS4gM,00002,0,pretrain,96HHmILhyrE,00019,-3.3158411636268292,3.584
train,pretrain,CstD6O95LSo,00022,0,pretrain,tpODOkfrwyQ,00003,-4.8469794416701735,5.248
train,trainval,fBLErez9ljw,50011,0,pretrain,RvpXNXXP5Vc,00005,-7.2194587417672835,3.84
train,trainval,NRXCxJGQ4KY,50001,0,trainval,3sUWSDHOVn0,50017,-1.4228060791777626,2.368
train,pretrain,M3fGS0tZDB4,00019,0,trainval,8b2vNkEtfpc,50026,4.074146057881947,2.688
train,pretrain,jhm5OaXJVMQ,00011,0,pretrain,ea3HnhOLC9g,00015,1.7846621415751969,13.056
train,pretrain,QG4Z185MBJE,00028,0,pretrain,ROW9FSc0kIQ,00015,2.7458274750138916,4.032
train,pretrain,Hc6yiSFtoNo,00032,0,trainval,bczm0RsIZUM,50003,-6.471484341759601,2.496
train,pretrain,0sYguTPLpHE,00025,0,trainval,IDqMB6C1uys,50005,-7.619410650516669,6.144
train,pretrain,OGhbCC9mNM8,00012,0,trainval,d5wfMNNr3ak,50017,-3.1461478416221667,2.304
train,pretrain,9P73k8m3Ytw,00004,0,pretrain,nLotSkXFSUg,00006,0.4454912838719842,3.84
train,pretrain,vUP0ytS6ba4,00012,0,pretrain,x3AwnkR92EA,00008,9.979379694318105,5.376
train,pretrain,8HplGZBS7FY,00002,0,pretrain,wMWYLgj1ydw,00005,-2.9087392129070206,6.336
train,pretrain,SjsGSNgmleA,00003,0,pretrain,be03wdS5Klc,00016,9.604616598215532,4.096
train,pretrain,YrZThoSoSis,00009,0,pretrain,raCIUeGUr3s,00040,-2.9450964825556785,5.376
train,pretrain,C74amJRp730,00015,0,pretrain,twG4mr6Jov0,00019,-7.249943493572482,5.632
train,pretrain,DG7kSeazMQ4,00020,0,pretrain,wsIrdxDJpSQ,00012,-3.4257075641923933,3.584
train,pretrain,mMDuakmEEV4,00006,0,trainval,aeiSXpmMQys,50017,8.865632282374623,2.048
train,pretrain,zw9NXY3xOOI,00008,0,pretrain,STdSfeMDeI4,00006,9.563737118390666,3.392
train,pretrain,3dy4SGkSD8M,00024,0,pretrain,q1pKLVX3VSA,00023,4.820995796170193,4.736
train,pretrain,SSZG5aPkZyM,00010,0,pretrain,S7SXH1CBzGw,00016,-4.690559460792903,3.392
train,pretrain,D5iFVKhLStU,00020,0,pretrain,koOpvazE9VQ,00007,5.4526380006188635,5.248
train,pretrain,IYDqtxvKDW4,00005,0,pretrain,8iQnrM3DkVI,00007,-8.668188310857325,4.608
train,pretrain,cnDEVgxD6QQ,00034,0,pretrain,5WI6ZqCUNk0,00007,0.33931331081118543,5.44
train,pretrain,rFAdlU2ETjU,00013,0,pretrain,3Z6x5t5A9so,00025,3.147543473178743,5.12
train,pretrain,Hh09xlzxRmE,00014,0,pretrain,gzcwS02ZB1o,00025,0.5639568228439185,4.608
train,pretrain,tVIaoQrnAxY,00007,0,pretrain,nLtUl2CP8ak,00019,9.094257801385169,5.248
train,trainval,uP3pg3alCRw,50013,0,pretrain,zXCiv4sc5eY,00010,-4.985694366804612,2.624
train,pretrain,cC0KxNeLp1E,00009,0,pretrain,UbVZ7rmDYrc,00014,1.7117773419338853,16.128
train,pretrain,kcwBHSUevxo,00015,0,trainval,y2X7c9TUQJ8,50006,-3.2913185087998365,2.112
train,trainval,lDq9SQxvsNU,50001,0,pretrain,btItLAjT5zg,00012,-4.450128911016053,5.44
train,pretrain,btlF4ZSAoFc,00005,0,pretrain,lVQ3KUTHDe0,00025,-7.889934951577738,3.328
train,pretrain,6c0VtOdibcI,00002,0,pretrain,k5hspA18IU0,00014,2.4592313632759684,3.648
train,pretrain,TexXAuRSe0g,00003,0,pretrain,7hWUhEA6hxk,00003,-9.024425170469906,6.208
train,pretrain,7SjWguOXVwE,00011,0,pretrain,NDQ1Mi5I4rg,00005,-3.3935010693344125,7.424
train,pretrain,MOFdlEbu15g,00061,0,pretrain,k0GQSJrpVhM,00017,-1.3454498640640438,4.288
train,pretrain,6diqpGKOvic,00003,0,trainval,J9PgY1mbPgM,50004,-8.099706933608333,6.208
train,pretrain,Possj5cXEnM,00001,0,pretrain,80GqbW1MmQM,00020,-1.9434338844765833,15.04
train,trainval,7Iv2nZnZOrM,50029,0,trainval,cf3zxHuSM2Y,50007,5.162500560446775,2.048
train,pretrain,VpvzrtPtqeE,00004,0,pretrain,0af00UcTOSc,00037,4.15741074562855,6.528
train,pretrain,7LE4MoJS2po,00021,0,pretrain,jn0Ygp7pMbA,00033,2.4508849062827576,5.184
train,pretrain,8S66QUJk3w4,00015,0,pretrain,0lS9NDZ8VZA,00003,-0.4133462255996747,4.096
train,trainval,h0C2LPXaEW4,50002,0,pretrain,xyIQFI865Sw,00029,9.522431321677452,4.352
train,pretrain,AE0gO5wSaok,00011,0,pretrain,P9B8PmUR64U,00016,0.5578582146065347,8.0
train,pretrain,d6KSsePuFAo,00015,0,pretrain,cC0KxNeLp1E,00027,0.280900989209103,12.224
train,pretrain,HqawqHB7nDM,00021,0,pretrain,iwlSPe0FbSg,00022,-6.14368515912089,7.296
train,pretrain,rXepkIWPhFQ,00004,0,trainval,B0ESVNX1SYk,50008,-7.3233693598227685,2.688
train,trainval,qzR62JJCMBQ,50007,0,pretrain,nCwwVjPNloY,00013,-1.4503870581988583,2.112
train,pretrain,0SUTgoPUTLQ,00004,0,pretrain,HA7GwKXfJB0,00002,-0.7711006389172415,13.696
train,pretrain,5GZu8xECOdw,00003,0,pretrain,oKtALHe3Y9Q,00012,-4.820886834663291,7.616
train,trainval,HH3m1OSiOT0,50002,0,pretrain,8m5Ebx6nuGE,00009,-3.7792678257253787,4.288
train,pretrain,s32OdFz9ttk,00001,0,pretrain,avuhY7D71sQ,00023,5.909163426596052,10.88
train,pretrain,XII0TdSvloM,00010,0,pretrain,rSSSsisz2SM,00020,8.779946462929384,4.16
train,pretrain,hyHUVPG33QI,00042,0,pretrain,0C5UQbWzwg8,00016,3.0178965252997294,4.16
train,pretrain,L7CqpVQDL0E,00002,0,pretrain,QeAGu40vZzI,00011,5.8320668355955245,3.904
train,pretrain,syqScVtnKuU,00063,0,pretrain,qH4GAXXH29s,00010,2.30112278824282,4.16
train,pretrain,ElJxUVJ8blw,00001,0,pretrain,Jk0AknXMXmc,00006,-9.57745677142264,4.288
train,pretrain,5UH7uTpTa44,00011,0,pretrain,lGbuCmuTJHg,00003,-6.593720056560068,12.864
train,pretrain,U5SyBjKKicA,00025,0,pretrain,nVEvzeIXbpk,00021,-9.457342738722527,7.168
train,pretrain,RVX8ZSAR4OY,00001,0,pretrain,exjlR7izakg,00028,1.067130076568807,9.664
train,pretrain,12ud0nSTvro,00010,0,pretrain,jpRqbP9Nv9k,00004,-6.074306780192289,11.904
train,pretrain,b3H9V1jq0A8,00012,0,pretrain,bxkslfQc0EA,00045,4.2350114542036685,9.536
train,pretrain,kTqgiF4HmgQ,00030,0,trainval,VktGgoVvgXo,50006,-9.028933445430775,5.12
train,pretrain,vbHkhSfaQu8,00007,0,pretrain,X55qpYxwoO4,00026,-6.197468009336211,6.08
train,pretrain,goSQOzc79Uc,00010,0,pretrain,qEZmFR1WS7g,00003,-9.908390147741615,7.232
train,pretrain,pn8p3rOaA5I,00026,0,pretrain,9AgCr2tTvng,00007,5.916234421262299,5.184
train,pretrain,8olL43PKJKw,00007,0,pretrain,0tqq66zwa7g,00015,2.7194183378463705,7.04
train,pretrain,ImQrUjlyHUg,00013,0,pretrain,NwmGTM5Py8Y,00032,-7.599574124572708,7.04
train,pretrain,up4hFjSjcTY,00019,0,trainval,k4vzhweOefs,50001,-6.406262720095275,3.008
train,pretrain,F2dFiK3wkRA,00015,0,pretrain,488ZBeaGo6s,00041,-4.558995371293337,10.368
train,pretrain,UTwRlz13NYI,00005,0,trainval,dNoSK3HgQJc,50001,-8.614973917041276,2.048
train,pretrain,3F2jACWwKdU,00014,0,trainval,ARWBdfWpDyc,50002,4.692179914632744,4.864
train,pretrain,omGbKQIzoWY,00001,0,trainval,289ZxBZdKvY,50007,-0.934686411313228,3.648
train,pretrain,5iqZzi9mj4M,00032,0,pretrain,P4pKrxVcvJc,00008,5.934027291737429,16.832
train,pretrain,a5xR4QB1ADw,00009,0,pretrain,imhUmLtlZpw,00037,-5.241068258316726,5.12
train,pretrain,8COaMKbNrX0,00007,0,pretrain,d0yGdNEWdn0,00011,9.476064476689384,5.888
train,pretrain,hgui64Kr0Go,00005,0,pretrain,QWN5xhV6v1U,00019,8.470541182491427,9.984
train,pretrain,ZJodZcGfTVE,00009,0,pretrain,ZSRaJIMYSMs,00016,0.1702014593192338,5.632
train,pretrain,uVAaZVz9pDs,00012,0,pretrain,6VWPHKABRQA,00035,6.244544152149853,4.544
train,pretrain,RtFFT4zjyTM,00029,0,pretrain,XPkV1bDZDl4,00002,-9.208208848873653,18.048
train,pretrain,PgCmT0qkfQM,00039,0,trainval,csnxJFQw98k,50003,-7.596453471188851,2.048
train,pretrain,F7oT1gXo5eA,00002,0,pretrain,vSONFixSe4k,00025,0.6141673486798904,4.416
train,pretrain,BJsrYqPtXFM,00016,0,pretrain,XkiXXPShycA,00013,3.0465895937143284,9.088
train,pretrain,4bHO8NZwmIg,00009,0,pretrain,JvIbrDR1GSc,00020,5.0026526667293645,4.928
train,pretrain,6MBaFL7sCb8,00006,0,pretrain,JKsHhXwqDqM,00026,-8.175509540824288,12.736
train,pretrain,3TXSNu5wTS8,00022,0,pretrain,YraU52j3y8s,00039,8.299516614612791,6.912
train,pretrain,pPgd7Hj3ABQ,00039,0,pretrain,mguvTfAw4wk,00027,0.4078271221554175,8.384
train,pretrain,Mu00S1dAMl4,00003,0,pretrain,Va07q3HFEZQ,00017,8.332198249125227,15.744
train,pretrain,SeEsTtedvBk,00008,0,trainval,UQzvNIIMayo,50018,4.2597085704396385,4.736
train,pretrain,pMNxSROBwrg,00008,0,pretrain,2zvjW9arAZ0,00054,2.519702473609307,3.968
train,pretrain,jPyR3UDhOm4,00005,0,pretrain,SSy6CJLMuiw,00004,-1.0823693533404324,6.336
train,pretrain,xPK2Ch90xWo,00019,0,pretrain,H2rG4Dg6xyI,00010,-0.7033622672552617,3.84
train,trainval,V1gxziZwmkc,50008,0,pretrain,aL00a3sfnYM,00026,-4.229836087549921,2.24
train,trainval,Qm172DbaSbc,50004,0,pretrain,j51HsRILGKI,00027,-7.553869409608865,3.264
train,trainval,BnC6IABJXOI,50013,0,pretrain,Bwj3SVZZOHo,00014,-4.889341275936054,2.496
train,pretrain,ktOeFgmdIAo,00010,0,pretrain,V84bSWIlNA0,00016,0.9258168554927906,8.064
train,pretrain,hRSw8DBbFr8,00030,0,pretrain,jAGgKE82034,00009,-7.637361555858502,5.568
train,pretrain,4uAAegPkCKo,00028,0,pretrain,a2MR5XbJtXU,00011,-0.42253132783748626,3.904
train,pretrain,qdiF1fSGfyM,00030,0,trainval,yq3TQoMjXTw,50009,-4.2691625248926375,6.08
train,pretrain,9yEl0SbCA9M,00009,0,pretrain,5AN5fPFtV0U,00022,3.309806684883174,9.6
train,pretrain,VYU25aJpg5o,00051,0,pretrain,mArrNRWQEso,00003,9.54750181974353,7.296
train,pretrain,pPgd7Hj3ABQ,00018,0,pretrain,CSeFjLZqXt8,00011,-6.379140476800444,7.808
train,pretrain,zqnZCSVsqPw,00022,0,pretrain,PCupHgKGCcY,00008,-1.8141742790998805,4.544
train,pretrain,cK74vhqzeeQ,00020,0,pretrain,DajRM7VyeZ4,00023,-2.463059818724183,14.464
train,trainval,EijI8QaExDg,50005,0,pretrain,aZWxtQ19JsE,00003,-6.246800993262671,2.624
train,pretrain,orumugzJpt0,00010,0,trainval,NI0yARyFoIM,50003,0.643526913027749,2.432
train,pretrain,aIcwIH1vZ9w,00022,0,pretrain,4Z75ASJMBx4,00004,7.657334024993801,3.776
train,trainval,gBkIyJ7kfSI,50003,0,pretrain,SxMWqUe8FdU,00020,-1.8742523892485785,4.16
train,pretrain,L9Sc1j9VRwE,00002,0,pretrain,UoBUXOOdLXY,00018,2.2938029371232886,4.8
train,pretrain,boSGZ3qSAys,00047,0,pretrain,EiTrl0W1QrM,00030,-0.7088149880045673,4.352
train,pretrain,pcSlowAhvUk,00027,0,trainval,GZGY0wPAnus,50003,5.717851803455856,2.688
train,trainval,Br1AIvMrvAE,50001,0,pretrain,8iZSsHd0IlU,00035,3.8937139263600464,6.208
train,pretrain,iKHTawgyKWQ,00039,0,pretrain,P6w7Eq7YhL8,00008,9.588968611059002,9.792
train,pretrain,jiDQDLnEXdA,00035,0,pretrain,ux1GxExRUUY,00015,-0.047459721524385046,4.48
train,pretrain,4KhnSz9FPmU,00005,0,pretrain,jNsgQiTS45s,00016,-3.2869062007806926,4.48
train,pretrain,moS9iMlmsP0,00017,0,trainval,SeQ8vdtSXB4,50005,-1.6714566685406123,5.76
train,pretrain,qFOooWq2inA,00008,0,pretrain,56JMahuMlvE,00014,-6.760864366315545,5.248
train,pretrain,rEgSZNB3qyI,00028,0,pretrain,M3fGS0tZDB4,00012,2.3333748065511983,4.544
train,pretrain,r92jUj7gNRw,00031,0,pretrain,fwm3azuoLr4,00016,-4.706577202444267,6.208
train,pretrain,yuu6o4AQwNI,00004,0,pretrain,Uq1idqpX9SA,00046,-2.765016759289507,5.376
train,pretrain,5nys6iebjHw,00043,0,pretrain,gzthxdm7XNs,00025,2.7141039384866676,7.04
train,pretrain,3lxyiS3CGrk,00017,0,pretrain,uEkgM9P2C5U,00019,3.7318473925930995,3.712
train,pretrain,GtXyGFMBWBs,00022,0,pretrain,gEukNF40JTc,00002,-6.529748402015136,4.928
train,pretrain,eJ89At9Xxws,00015,0,pretrain,tSK6bn9sc50,00018,-2.5714561622347354,8.384
train,pretrain,FwLeiY5f7sI,00024,0,trainval,rmeGVhhbGrM,50011,-8.262015045299213,2.816
train,trainval,kFMZrEABdw4,50002,0,pretrain,F0ofeD8VKMA,00080,6.373245608399024,3.136
train,pretrain,CsECS5qsGLs,00009,0,pretrain,lyu7v7nWzfo,00036,3.3782827761953023,4.8
train,pretrain,ARGkp6am3S8,00024,0,pretrain,pF72px2R3Hg,00033,0.2117002802206791,4.416
train,pretrain,KSzkPSW4Hik,00015,0,pretrain,Mgbf3cq7lms,00023,-4.317206956964976,9.728
train,pretrain,8cwWSS29faQ,00019,0,pretrain,rCplocVemjo,00011,-4.472055385120868,5.952
train,pretrain,mwzBJF5Q7Vw,00016,0,pretrain,b2LbuqoNGGI,00026,3.9803447052310137,6.464
train,pretrain,rokPqHc9iD0,00011,0,pretrain,40ieXxoJwZw,00018,-4.7785518439644425,4.672
train,pretrain,BQOz6OVz1zc,00040,0,trainval,SwaBFUgSoT8,50004,-7.541665621462437,3.456
train,pretrain,DqCsQqy9MyU,00020,0,trainval,gSUvy6pvLA4,50009,1.910623907539449,2.688
train,pretrain,p8KSCPXuYwI,00010,0,pretrain,uSTmKo75gJI,00031,-8.655492831347168,8.256
train,pretrain,iOByGJskqks,00029,0,pretrain,axAxSDq3rn8,00001,-8.904298137651875,3.776
train,pretrain,jVcaTtJmRNs,00010,0,pretrain,DW5YctpK7pM,00004,-8.899724324552828,8.192
train,pretrain,moS9iMlmsP0,00012,0,pretrain,t6eFzt6kFGE,00006,-8.893716748586709,10.816
train,trainval,sK4rgGgqzmY,50001,0,pretrain,a5xR4QB1ADw,00018,-4.768027015549599,2.368
train,pretrain,7sqeoYOQ4qg,00012,0,pretrain,6kuCSIemiCs,00006,4.360716370635503,8.832
train,pretrain,b1XHSPB6AmY,00008,0,pretrain,nqj6fH2i9go,00019,3.5536644232273122,10.56
train,pretrain,PL9wP3pAl7A,00017,0,pretrain,potB0voQzNg,00066,-2.77168746177556,7.936
train,trainval,ARWBdfWpDyc,50010,0,pretrain,YPLGuwXomYQ,00007,-2.12169290814038,3.584
train,pretrain,iwlSPe0FbSg,00004,0,pretrain,nzZA9XTdSLM,00005,7.226258060340243,9.792
train,pretrain,GOZOhpxSAFI,00028,0,pretrain,qQDC7c2I8l8,00010,-8.4998183252181,13.76
train,trainval,AgMOJC5R4F8,50002,0,pretrain,v3SZTqj2Skw,00030,-9.264448087291015,2.688
train,pretrain,3SAZ5R2SC88,00002,0,pretrain,z0USUSGggf8,00010,-5.298200316365971,7.744
train,pretrain,lkzoQuzlW4M,00005,0,pretrain,QpmsftF2We4,00006,0.36129921909364526,12.16
train,pretrain,nLeeTVmVrtA,00006,0,pretrain,3Z6x5t5A9so,00022,0.5587311131345594,15.808
train,pretrain,vYV4tAq3wVg,00033,0,pretrain,zORUUqJd81M,00016,-8.016664642829172,3.2
train,pretrain,S2HS8IfxzT4,00013,0,trainval,HCG1petekXw,50006,-8.384709790234746,5.952
train,pretrain,KCr8s57hdzY,00051,0,pretrain,ZChEFOGSn8Q,00021,7.923827620598406,8.064
train,trainval,G1RRbupCxi0,50002,0,pretrain,AdHSwXl2nuQ,00024,4.274664899666291,3.328
train,pretrain,H2rG4Dg6xyI,00044,0,pretrain,qFOooWq2inA,00007,-8.14040612948727,6.656
train,pretrain,Uq1idqpX9SA,00042,0,pretrain,ALryABSAYiA,00010,7.631166172948813,5.056
train,pretrain,VStEmE85QDE,00010,0,trainval,IMTcuU0KLSw,50035,-5.439343981903601,5.952
train,pretrain,uEkgM9P2C5U,00042,0,pretrain,lVQ3KUTHDe0,00018,8.583224889089792,4.672
train,pretrain,RvpXNXXP5Vc,00007,0,pretrain,FPhZGDS6kVQ,00013,-3.8662793932241684,6.08
train,pretrain,y3jYVe1RGaU,00018,0,pretrain,ufUkAQOQaXU,00027,-9.079424160479654,5.696
train,trainval,3PQrElyu9HY,50004,0,pretrain,qEZmFR1WS7g,00026,-7.278649490537363,4.928
train,pretrain,wDxjss7kHRw,00031,0,pretrain,8iQnrM3DkVI,00014,-2.428608441256481,6.4
train,pretrain,cWCSzDdF74s,00008,0,pretrain,HAKea48B3oM,00031,4.664600953330282,6.72
train,pretrain,NdKEy6vcCMw,00064,0,trainval,IRxgDMSp9Gs,50012,-6.725581398803349,5.824
train,pretrain,UtA860ss1eU,00021,0,pretrain,cn9Q4c3dXGU,00010,-0.6625936922635418,21.76
train,pretrain,iq5lXSj6Prg,00025,0,pretrain,SXOZflB1BKo,00008,2.788884187329412,6.72
train,pretrain,3E7hkPZSHTk,00024,0,pretrain,vw5HJhIlJp4,00007,8.053168561572225,4.608
train,trainval,l5d8GW6GdR0,50013,0,pretrain,gh5VhaicC6g,00011,8.471111715739074,5.888
train,pretrain,SEDvD1IICfE,00007,0,pretrain,ay8OMOsf6AQ,00014,-0.7322136085899107,4.416
train,pretrain,EDLWWP8N6MU,00014,0,pretrain,KExLCJAuTXA,00006,-5.202128179876584,12.16
train,trainval,IU4A4h1ACJs,50006,0,trainval,P65XdTlk4vA,50015,-1.524679724952458,2.432
train,pretrain,jdpIKXLLYYM,00002,0,pretrain,OSz2v42F0E0,00025,-3.4106188387322867,15.872
train,pretrain,TQMbvJNRpLE,00002,0,trainval,4ZgwzSm7sRs,50044,3.866648498520153,4.992
train,pretrain,LLmhQmicusM,00011,0,pretrain,bnvnBwP9sTo,00005,0.9169630719993549,18.24
train,trainval,Yr0eW6PbmOs,50002,0,pretrain,f6nQJoEk7Ko,00020,7.771462021835809,3.84
train,trainval,qzwCujeSSSc,50002,0,pretrain,NaoSp4NpkGg,00006,-1.9001967591217337,2.432
train,pretrain,wEM9c7RoVms,00015,0,pretrain,Ep2MAx95m20,00030,3.123705217111839,4.608
train,pretrain,6iFCm5ZokBI,00005,0,pretrain,HirySSCYiwI,00015,7.891527360212976,9.536
train,pretrain,zLNXIXingyU,00067,0,pretrain,h4MhbkWJzKk,00006,1.1019875292982348,4.096
train,trainval,SQwRsVyk7us,50006,0,pretrain,gJv1WdMUz0w,00007,5.2268756776684455,6.016
train,pretrain,3p3Svl9VFYU,00005,0,trainval,tbicAmaXYtM,50019,5.418464738663207,5.888
train,pretrain,C9XIVtUEgFE,00013,0,pretrain,uhRhtFFhNzQ,00006,-5.12146817948466,8.448
train,pretrain,WvvuLDX7iIk,00004,0,pretrain,UG2zHhgfAW0,00039,2.074257813517441,5.696
train,pretrain,IDqMB6C1uys,00013,0,pretrain,K0PJbPlZoNI,00015,4.053559406836893,6.08
train,pretrain,hscdmpKGqrQ,00006,0,pretrain,ZQBSh9k74aY,00009,-7.823702424080978,4.416
train,trainval,9EglK8Mk18o,50037,0,pretrain,wX78iKhInsc,00035,-0.46505015065497446,6.016
train,pretrain,FpHPVrsEkYY,00034,0,pretrain,SQe8cR4Jl10,00012,-2.899119517055661,5.248
train,trainval,tTcl5I0Wbzk,50005,0,pretrain,TFbv757kup4,00007,-8.685565941780274,6.208
train,pretrain,SEiSloE1rSA,00003,0,pretrain,ZxVJt6vQWV8,00002,0.3238362051211592,9.664
train,pretrain,TFbv757kup4,00006,0,pretrain,hHOX3dlhhZ0,00033,3.021470434739637,12.8
train,pretrain,VMXdSkW6hns,00005,0,pretrain,U2dHczVSCdo,00012,4.366680570096566,7.872
train,pretrain,axAxSDq3rn8,00001,0,pretrain,CHxhjDPKfbY,00018,8.818106659078023,2.88
train,pretrain,tRqVPRwKn2o,00036,0,pretrain,gVLu99Ja2mA,00042,2.913932220909757,6.336
train,pretrain,60OVlfAUPJg,00037,0,pretrain,KPzccnstSXg,00023,3.0061690049643026,4.8
train,pretrain,tjZlLk9bVVA,00007,0,trainval,f6CILJA110Y,50055,-4.988701016041199,4.8
train,pretrain,ty5QtslaAHM,00012,0,trainval,yRUCU5FsvTY,50003,-8.82708125329809,5.184
train,trainval,796LfXwzIUk,50003,0,trainval,PsihkFWDt3Y,50005,9.358813456149413,2.24
train,pretrain,Sb2qXygFm8U,00022,0,trainval,0ueGFLVFi80,50005,-8.174019837419584,3.072
train,pretrain,Rs5CDLgjSsI,00009,0,pretrain,2wseM6wWd74,00033,4.136147704173073,3.84
train,pretrain,nDIdnlJHJCQ,00013,0,pretrain,N7wF2AdVy2Q,00015,5.8207681023191515,5.696
train,pretrain,BRETz2FSheQ,00009,0,pretrain,Qao76IPXWSE,00035,-8.71832115147878,8.768
train,trainval,7Xnty9zSCrA,50005,0,pretrain,Ep2MAx95m20,00015,-0.10126812482180014,6.144
train,pretrain,moS9iMlmsP0,00035,0,pretrain,6bVhrpkp0WU,00013,0.35850728941866983,4.16
train,trainval,JvIbrDR1GSc,50004,0,pretrain,EfXidZmAW1s,00001,-0.6564354203458382,4.288
train,pretrain,wQJC2MMB8nA,00018,0,pretrain,VT3XyORCFDA,00002,9.05975233973194,20.096
train,pretrain,sWnAtLt8kSs,00027,0,trainval,bGBamfWasNQ,50001,-8.887996761166324,5.76
train,pretrain,VbeekjZPSCI,00015,0,pretrain,mRgSUwk1hnE,00001,-4.603028880195817,4.864
train,trainval,9EglK8Mk18o,50013,0,pretrain,nwZkoAeOzuo,00029,-8.805741853577532,3.648
train,pretrain,k1luKASSXcg,00002,0,pretrain,UdsUVjeJuPE,00011,-2.487405085150569,8.0
train,pretrain,WDbxqM4Oy1Y,00017,0,pretrain,z4kwU6z6ORg,00030,7.129534318844122,4.288
train,pretrain,v3oSF94S4FI,00003,0,pretrain,3M29BY86bP4,00007,1.8700662389139637,3.648
train,pretrain,EZwxKPv1CwA,00020,0,trainval,XS85KAYKOT4,50007,-2.512179948536996,2.176
train,pretrain,gyPoqFcvt9w,00013,0,pretrain,j4yCdGB2NG4,00009,6.230251220053795,3.712
train,pretrain,6MBaFL7sCb8,00006,0,pretrain,7jx0dTYUO5E,00015,-4.032381666583101,12.736
train,pretrain,9ijS6iMi9gA,00018,0,pretrain,urOCGSMlB9g,00023,4.0409302093599315,4.16
train,pretrain,9vKRj9yV8pI,00043,0,pretrain,4Z75ASJMBx4,00020,4.73214837813819,7.232
train,pretrain,GtXyGFMBWBs,00012,0,trainval,rB6WmWvvyxg,50004,8.588979314191103,4.16
train,pretrain,rB6WmWvvyxg,00030,0,pretrain,LNohxpJntZo,00027,-6.909078479818314,4.8
train,pretrain,pmKNXZmfIMU,00004,0,pretrain,hFGLqkDnSVI,00012,8.886380298818771,4.224
train,trainval,58eTdyeVwbA,50008,0,pretrain,HSDr2Jap44w,00001,-6.618385681206888,4.736
train,trainval,LETgWDSSzSI,50020,0,pretrain,5ldhLuX4vSM,00030,1.7013090610511519,6.08
train,pretrain,0MMSpsvqiG8,00015,0,pretrain,ShFk6FDrZBc,00031,-7.281718758937532,4.48
train,trainval,XMSQKG70a5s,50007,0,pretrain,HlnhCdujYco,00002,4.24282283764305,2.24
train,pretrain,7A66iZQXNh4,00017,0,pretrain,bXnTAnsVfN8,00007,-6.840854624622644,8.704
train,pretrain,SJ0G1iCLzCA,00007,0,trainval,pOWgXxoSTNM,50012,-1.6640735860347373,4.288
train,pretrain,Hc6yiSFtoNo,00038,0,pretrain,34a7UEzZdsA,00042,-3.2513667103817827,9.92
train,pretrain,SVB39Jo8mAQ,00043,0,pretrain,fbeFn1Xcqo4,00002,6.779578277779596,6.4
train,pretrain,XOU2ubWkoPw,00026,0,trainval,qtOIh93Hvuw,50010,9.346371692072513,4.544
train,pretrain,ec9GyxEUGec,00004,0,pretrain,znO7UHpxgTI,00004,-9.130660451769948,4.736
train,pretrain,yg8SBuTuoKk,00009,0,pretrain,VS5CCbyap5Q,00017,7.522944534854897,14.656
train,pretrain,AP8i435ztwE,00008,0,pretrain,a2MR5XbJtXU,00006,-3.7907594297763625,3.264
train,pretrain,SQB9zNWw9MA,00015,0,pretrain,ddek3gQVt9Y,00053,2.7402117356558264,4.992
train,trainval,f6CILJA110Y,50058,0,pretrain,bf7BXwVeyWw,00043,-7.87933535968399,4.096
train,pretrain,NPSelwWdPa0,00038,0,pretrain,4EUAMe2ixCI,00007,-9.878443654992646,10.176
train,trainval,OF5VVrsnpzo,50021,0,pretrain,y62pJTJkfbg,00032,-6.020553818502856,4.032
train,trainval,ESwp7HN9Zvs,50001,0,pretrain,8S66QUJk3w4,00004,-6.9012117739460255,4.224
train,trainval,MBZyRlxVdSE,50025,0,pretrain,YzhSmnGcSkE,00024,8.107900750347735,2.048
train,pretrain,796LfXwzIUk,00011,0,pretrain,d6KSsePuFAo,00010,8.524911858515058,2.112
train,pretrain,JaQNy0Ef4YY,00003,0,pretrain,SgsbNR2pIts,00014,-5.845584158906196,9.728
train,trainval,YAV96XSdMQo,50023,0,trainval,ElJxUVJ8blw,50034,7.852999179602492,2.048
train,pretrain,pk35J2u8KqY,00027,0,pretrain,rrkrvAUbU9Y,00055,-8.094246400102715,4.864
train,pretrain,9X68dm92HVI,00042,0,pretrain,tJ8sXlSHrjM,00004,-6.4734489234268855,5.44
train,pretrain,LdjNw8SZc5U,00013,0,pretrain,SDjLpMj3BDU,00028,-7.473563675887749,8.768
train,pretrain,SK095wuESeE,00022,0,pretrain,aPjvEaE6VXs,00018,-5.430357177691933,12.48
train,pretrain,evfgbVjb688,00001,0,pretrain,mQOOgDqUta0,00025,-1.5504072106274709,4.544
train,pretrain,lXNE4MD2X2w,00037,0,trainval,gZpcTVqpaPw,50003,1.3012466603670436,2.176
train,pretrain,g985z9Wq5gk,00022,0,pretrain,Xw4K07eVuQE,00009,3.9076067528611613,11.904
train,pretrain,Se8kcnUSuZw,00007,0,pretrain,GXySSkBVq1M,00022,2.1656503194085275,3.2
train,pretrain,m45SshJqOP4,00015,0,pretrain,qFza3W87eDg,00044,-8.702916196772117,13.376
train,pretrain,2jTdZSPBRRE,00013,0,pretrain,WonC2e5aOGE,00011,-5.497376486833274,22.528
train,pretrain,FqSVvAxDBRY,00008,0,pretrain,9y7YEmyzSDo,00022,4.661097968886436,29.376
train,pretrain,esugL07XANg,00064,0,pretrain,5OISkgjSjkA,00016,-7.177521555797242,3.84
train,pretrain,0QbLI1U4cLE,00007,0,pretrain,GCOc31fQi7A,00012,8.426137624806348,7.36
train,pretrain,mkdSXHXhCcw,00010,0,trainval,wDxjss7kHRw,50009,2.1354322593031085,4.48
train,pretrain,ROXUPr8Wqds,00011,0,pretrain,qL7UlSA6rRk,00002,5.775767555907711,4.48
train,pretrain,wYCSHKl4RPU,00007,0,pretrain,uJZWcKOIZMo,00002,-0.17043852756464695,13.312
train,pretrain,FEAM4xdCDLE,00011,0,trainval,3NzgEwye6Uk,50008,-4.830507529957206,2.496
train,pretrain,NAcuH7nSdLc,00015,0,pretrain,JtSjYnXD83Q,00012,0.11024266204548994,12.864
train,pretrain,eyq2Wo4eUDg,00025,0,pretrain,1BXYSGepx7Q,00001,-2.760926428174038,8.256
train,pretrain,UVqoIgh7bcw,00008,0,pretrain,EiTrl0W1QrM,00055,-3.5202736695164933,4.352
train,pretrain,TFvkq4BAvnw,00020,0,pretrain,PXMJobWlXks,00017,7.443266966090672,6.912
train,pretrain,omGbKQIzoWY,00019,0,pretrain,Qd5rAVHT6Vw,00001,5.692997172720638,4.8
train,pretrain,fDV4fDWUo6U,00022,0,pretrain,k5hspA18IU0,00044,-2.440773402380154,3.712
train,pretrain,2xKXLPuju8U,00008,0,trainval,zLNXIXingyU,50012,-1.5741641890149651,2.88
train,pretrain,dLmK4gZ0oz8,00019,0,pretrain,cHSQGnhdSi4,00017,-8.666874453966116,12.096
train,trainval,gDS1Eh6rqf8,50005,0,trainval,0P0mBj09vwk,50004,-9.09543779100135,4.224
train,pretrain,W4I68CGUV3w,00008,0,pretrain,bC0hlK7WGcM,00019,8.367401893376815,8.96
train,pretrain,xDe346z233Y,00019,0,pretrain,sjPRN2XGSts,00005,-3.2531288360177912,9.856
train,pretrain,6StqiaPoS2U,00002,0,trainval,Rpsf1YJsbbI,50023,-8.56656020717157,5.888
train,pretrain,7vsO7SHLJMI,00009,0,pretrain,gCWeVYCcKXw,00015,-3.7203631959511725,11.52
train,pretrain,j3YjeARuilI,00003,0,pretrain,4RSgUhgg70Q,00010,5.652187410338774,8.704
train,pretrain,xS8jLsYoSic,00003,0,pretrain,j81saupKVpo,00021,2.390797423353881,6.208
train,pretrain,97MWOERYSdE,00028,0,pretrain,2PNumSv80R4,00002,-5.519966889668828,3.584
train,pretrain,SgYvy71CSSA,00045,0,pretrain,BISrGwNSyH4,00003,-8.329872736376913,5.952
train,pretrain,AQcUeQsljSs,00011,0,pretrain,dvuh1Np35Pk,00032,6.32216984350417,7.36
train,pretrain,3Z6x5t5A9so,00018,0,trainval,XMSQKG70a5s,50006,2.8088622968268613,6.016
train,pretrain,i5p3NC9OwB0,00014,0,pretrain,8FKYe2v0teI,00020,2.5349357881212793,4.288
train,trainval,FnL7I6tESAs,50001,0,pretrain,y1yK36RMyRE,00009,-4.201886311926786,3.712
train,pretrain,U1XJJxHIQwo,00014,0,pretrain,7FecGsXFgcQ,00012,-1.8977228221449884,11.968
train,pretrain,fbeFn1Xcqo4,00043,0,pretrain,b6rAgHcuYtE,00027,-0.17981800147472882,4.416
train,pretrain,CstD6O95LSo,00028,0,trainval,bxkslfQc0EA,50010,4.984911786925107,3.84
train,pretrain,0ITHlySbhJE,00011,0,pretrain,bCGlWQnzDVE,00006,2.048613774880078,10.688
train,trainval,qx6KKSeT4qw,50004,0,pretrain,pz1TDXKSTHc,00016,-1.2261153563271403,4.416
train,pretrain,vhhgI4tSMwc,00014,0,pretrain,WKlIytaSlu4,00009,-1.4211633883653558,6.144
train,pretrain,lYdk1NK9Sr0,00028,0,trainval,KOtFDsC8JC0,50008,-3.6967514321459483,2.56
train,pretrain,0ueGFLVFi80,00006,0,pretrain,01GWGmg5jn8,00015,6.696905654170379,10.688
train,pretrain,q06YIWCR2Js,00017,0,pretrain,QeAGu40vZzI,00002,-5.868928855951228,16.704
train,pretrain,eJnlgDUcxOQ,00033,0,pretrain,CzgS9C7gw0o,00003,2.830619368399658,3.968
train,trainval,Fc1yN6uxZfQ,50002,0,pretrain,mGbMwP8MDjg,00028,1.8503720912092518,4.928
train,pretrain,iF4s75ZPano,00020,0,pretrain,2zvjW9arAZ0,00083,-3.4409188635109444,5.824
train,pretrain,C74amJRp730,00015,0,pretrain,dhDBxxOKGlg,00011,4.518437533736854,21.248
train,pretrain,hTAXEq6zLo8,00013,0,pretrain,ZzugJPASNB8,00007,7.673864421690002,6.656
train,pretrain,LEzsELPNmr4,00006,0,pretrain,OFbF16DVTXY,00010,-4.497111901232933,4.288
train,pretrain,NhYnouvrGS8,00008,0,pretrain,r9Zz4hYuGdw,00002,-4.609383059812274,11.456
train,pretrain,m048uAa8L3k,00028,0,pretrain,TzNSuIVkfjg,00014,9.524436511120719,5.44
train,trainval,z9sa2ZAqHl0,50006,0,pretrain,uRxwQsrI560,00006,8.31204823832816,2.88
train,pretrain,JaFSfq2Zn7I,00007,0,pretrain,5RAJvzV9jSo,00014,-5.119095301897794,3.328
train,pretrain,iq5lXSj6Prg,00001,0,pretrain,pNttjJUtkA4,00021,9.940442201378925,3.328
train,pretrain,JD4O7ama3o8,00048,0,pretrain,mDSuP2BsVy4,00003,-0.8157491518122697,4.608
train,trainval,td5Ld3nURAI,50004,0,pretrain,mLSFzBUAHuQ,00017,5.704570843279379,4.736
train,trainval,UdsUVjeJuPE,50005,0,pretrain,tH5iEf9oxaI,00062,8.564283919581591,2.56
train,pretrain,DkyMCCnNI3Q,00013,0,pretrain,1tcqfWkiShw,00004,-1.7640575851963511,12.288
train,trainval,v22SdEMzxO4,50011,0,pretrain,7n9IOH0NvyY,00013,-4.949019505053571,5.568
train,pretrain,SFW0TEFKCxk,00027,0,pretrain,7DCofMA9eQA,00030,4.391482763610433,4.608
train,pretrain,2t13Rq4oc7A,00010,0,pretrain,rN7VcY1fS1Q,00007,6.061091644367057,5.12
train,pretrain,7vsO7SHLJMI,00021,0,pretrain,OISOhvOumT0,00042,-5.705651589720706,5.888
train,pretrain,WKXmw7uZc5U,00012,0,pretrain,60OVlfAUPJg,00048,-4.335226306686217,6.528
train,pretrain,no809a9j25w,00012,0,pretrain,0Bhk65bYSI0,00001,-6.284138792511427,10.304
train,pretrain,dhMoQrLEJe0,00002,0,pretrain,IDSSieLCmS4,00031,0.07802732821480696,6.848
train,pretrain,w2itwFJCgFQ,00019,0,pretrain,EKy19WzkPxE,00010,1.2771091850209721,6.976
train,trainval,gh5VhaicC6g,50017,0,pretrain,PJy8vTu66tE,00020,-2.0078958606146387,4.992
train,pretrain,BISCnsKyOuk,00032,0,pretrain,V2DgJBx3cyA,00003,4.876895382452055,6.4
train,trainval,VB9S4kELT2k,50001,0,pretrain,rN7VcY1fS1Q,00007,-3.5354619025095975,2.56
train,trainval,gZpcTVqpaPw,50001,0,trainval,cMhPOiuDzBc,50004,0.35700352226434795,6.016
train,trainval,5AN5fPFtV0U,50011,0,pretrain,zSWppsceZ1c,00018,8.182765835982273,2.24
train,pretrain,lrZ2DJzbYYo,00007,0,pretrain,3gSSNHO1dDs,00010,-9.491845178123583,4.608
train,trainval,aILSY9g7Tg0,50015,0,pretrain,ZJodZcGfTVE,00007,-3.867810458517811,2.688
train,pretrain,JGVU8n7jjHc,00011,0,trainval,Ligs82S0qN8,50010,8.730378322046889,3.2
train,pretrain,y9wzaxSPtIo,00014,0,pretrain,pbSSrJGgVIo,00020,-9.83022481725097,4.736
train,trainval,LlQXs0yofMs,50006,0,trainval,iZRGUADAu2Q,50002,2.4624880973513275,2.048
train,trainval,mkdSXHXhCcw,50045,0,pretrain,kOPMqiKhoSc,00036,6.4579974055363785,2.752
train,pretrain,z9sa2ZAqHl0,00025,0,pretrain,oCBYfGXSAlA,00001,9.758634583959896,5.568
train,pretrain,0x2SkWRB8SA,00034,0,pretrain,jEHZSIAuYUY,00004,1.929560856591534,6.528
train,pretrain,8FKYe2v0teI,00015,0,pretrain,rToBZSrxjgM,00007,8.751715176209444,15.808
train,trainval,rKtmsVa4Kvk,50015,0,pretrain,2l0sZrrWlrU,00006,8.101442403693046,2.496
train,pretrain,ultonpeO0ZA,00009,0,pretrain,C9mareySEAM,00022,9.831911478660512,9.728
train,pretrain,uTL9tm7S1Io,00020,0,pretrain,k8OgHJ4WXR0,00001,-0.18309220777479496,9.216
train,pretrain,apbSsILLh28,00081,0,pretrain,4wCQV4Le3S0,00007,-6.752892072728251,4.224
train,pretrain,r1qdSnDm67s,00022,0,pretrain,raCIUeGUr3s,00017,2.2149687927940587,9.088
train,pretrain,DKISYPEF0Ls,00008,0,pretrain,CsECS5qsGLs,00029,-9.633119936335085,13.824
train,pretrain,xnovQVRHj5c,00046,0,pretrain,6tpsSu5O0Ws,00027,9.910082426814604,7.104
train,pretrain,az5vU9CT4CY,00006,0,pretrain,YGoI3B86iX4,00010,5.633365022398671,8.128
train,trainval,VN357QrUdEc,50010,0,trainval,bGBamfWasNQ,50026,-2.7286952259412445,2.304
train,pretrain,mSASZGgHy0g,00001,0,trainval,0ygtX2nyexo,50042,5.350038142567895,5.696
train,pretrain,oIGBBPspTKM,00071,0,pretrain,dE1DuBesGYM,00065,-7.459959934980418,4.032
train,pretrain,QeAGu40vZzI,00003,0,pretrain,IKZCw4xdESQ,00007,-6.934381821291411,4.352
train,pretrain,sgTjCpBOeCU,00015,0,pretrain,g985z9Wq5gk,00032,-3.345200983850476,5.12
train,pretrain,wWLf4u2xJVM,00005,0,pretrain,GB4s5b9NL3I,00038,2.309719185779569,12.928
train,pretrain,p2MEGk5q1WI,00023,0,pretrain,bUaU9kdt9I8,00003,0.3397669675320554,4.864
train,pretrain,VN357QrUdEc,00013,0,pretrain,Y2y7BzjbSNo,00017,-8.734599148316754,8.128
train,pretrain,vIme03wdEFU,00007,0,pretrain,CstD6O95LSo,00030,-6.248989674089014,6.208
train,trainval,ZliT1BiEVvo,50002,0,trainval,gEH4gSeSt3g,50001,-9.097412036437778,3.2
train,pretrain,wX78iKhInsc,00033,0,pretrain,LZXUR4z2P9w,00013,-9.218361254097037,3.968
train,pretrain,sK4rgGgqzmY,00001,0,pretrain,4FBFvWc7zf0,00017,-3.3832811813033903,9.088
train,pretrain,fbeFn1Xcqo4,00052,0,pretrain,B0ESVNX1SYk,00005,6.822292593070028,5.056
train,pretrain,1joQ8ZhX2o4,00010,0,pretrain,dgYItsUBW1M,00004,-7.7675141072801,4.928
train,pretrain,SJWoKsfsSaA,00001,0,pretrain,14rYeATuCqQ,00002,-9.199516638689122,7.488
train,pretrain,cSsxBTNF2U8,00047,0,pretrain,s6rJLXq1Re0,00015,9.990219948833953,5.76
train,pretrain,E27DY3AVA98,00008,0,pretrain,MVDXD3oyMJg,00009,-3.7122247730018776,7.168
train,pretrain,ZdvUktSa1I4,00013,0,pretrain,WDbxqM4Oy1Y,00010,-8.112735733078775,4.16
train,pretrain,iXHil1TPxvA,00005,0,pretrain,jh7TYJHec2s,00011,-9.54326230711288,4.48
train,pretrain,OkKhI6St40w,00021,0,pretrain,KyamsZXXF2w,00027,-8.739949005687828,6.848
train,pretrain,9SQYDFiWnSs,00016,0,pretrain,b1sQZxrBMXk,00005,-9.004195352294884,3.968
train,pretrain,nmVDcD2olOA,00002,0,pretrain,esPRsTSlmw8,00011,9.238729471335361,4.16
train,trainval,LdjNw8SZc5U,50002,0,pretrain,ZQElzjCsl9o,00023,8.503456446324293,2.624
train,pretrain,T9nFC6dkRxU,00028,0,pretrain,rjECbQ1rSk0,00010,-9.713895869452651,10.112
train,pretrain,PcQwHHbjZ0A,00031,0,pretrain,vqPAdUeU6mQ,00023,0.40393425662994353,4.928
train,pretrain,y9ALB39wRKo,00039,0,trainval,8HplGZBS7FY,50009,-0.5860361904847942,3.712
train,pretrain,Sx1qkuvUxuI,00028,0,pretrain,buHSvs7LFzw,00016,-1.5491728336480044,5.376
train,pretrain,7sqeoYOQ4qg,00043,0,trainval,lw3YTbubyjI,50017,-3.3170387725192256,3.072
train,pretrain,3GFG6Cvy9HQ,00010,0,pretrain,Tmk7nAvpMXQ,00019,-3.4030195251844226,7.808
train,pretrain,yLjxoscCi0A,00033,0,pretrain,fbeFn1Xcqo4,00011,-7.644643138300127,9.216
train,pretrain,AYzA2uyd9Ss,00005,0,pretrain,vVY8L56oxSM,00019,0.9941494661650463,11.008
train,pretrain,AfnruW7yERA,00022,0,trainval,wX78iKhInsc,50010,0.015724636044362583,2.368
train,pretrain,8lw30T0v44A,00004,0,pretrain,kNhyOYv2ejw,00048,-8.444327370322299,3.52
train,pretrain,bfAzi6D5FpM,00038,0,pretrain,6ePXxeGrfvQ,00013,-9.838912885520873,30.272
train,trainval,d6wGSsAdP0U,50005,0,pretrain,WQ2PFoHptK8,00013,-5.720055976941887,4.864
train,pretrain,Sx1qkuvUxuI,00032,0,trainval,yioZhHe1i5M,50013,-5.292845033342834,4.928
train,pretrain,bmmnEJ4rtCI,00003,0,trainval,IJmr7MsS8fw,50005,-0.8702606643647179,3.776
train,pretrain,d0yGdNEWdn0,00021,0,pretrain,kmflTZnRuZI,00013,9.541428518810669,8.768
train,pretrain,EszGIvRdgTE,00013,0,pretrain,8n5O9tz30So,00015,1.4751402786146492,19.52
train,pretrain,eCknUJJc3qU,00002,0,pretrain,v3oSF94S4FI,00009,0.6449367329796534,8.32
train,pretrain,orumugzJpt0,00004,0,pretrain,RvpXNXXP5Vc,00016,-9.332630100272702,5.376
train,pretrain,GOZOhpxSAFI,00028,0,pretrain,o5ojwGhKr20,00005,6.056263468028373,13.76
train,trainval,mxmT10Hk8IM,50001,0,pretrain,AK9OBSx77S8,00026,1.4146104024227242,5.184
train,pretrain,Sx4Gsh0r9HU,00018,0,pretrain,2j00U6lUCSc,00045,-1.1880214287203614,2.688
train,pretrain,Mu00S1dAMl4,00008,0,pretrain,wD3S6JIUF7M,00008,-6.773886697892912,8.768
train,pretrain,FD5ZKiSmoMU,00030,0,pretrain,JaFSfq2Zn7I,00021,6.6699733023397165,5.376
train,trainval,MPMr5jPwA7I,50014,0,pretrain,7p4zw4SqgUw,00016,-7.58556118975668,4.352
train,trainval,NI0yARyFoIM,50005,0,pretrain,ELET24AHnEg,00011,9.77380041069835,2.88
train,pretrain,2euqcSA4C9w,00001,0,pretrain,wsIrdxDJpSQ,00022,-2.0970525209434143,9.088
train,pretrain,PyXZvuxDkC4,00005,0,pretrain,JCI9FBP0Abg,00029,-9.475381441242924,9.664
train,trainval,sAMahX5hIgU,50011,0,pretrain,aT6vIq6S1OE,00021,-9.629458985629423,2.688
train,trainval,s32OdFz9ttk,50005,0,pretrain,iARReKKgETs,00007,3.469803107654281,2.048
train,pretrain,Iv3Ud7Shv9g,00012,0,pretrain,ivfJJh9y1UI,00018,-7.729223891945316,3.52
train,pretrain,JNSgdmKysxA,00033,0,pretrain,sFIDCtRXSSo,00005,9.429197759434874,5.76
train,pretrain,ANFQPEkczYc,00015,0,pretrain,umgWcQ5uNu0,00011,-3.680395774130531,8.064
train,pretrain,LuG2rf9enHE,00003,0,pretrain,7JVTirBEfho,00036,-8.941435824172007,6.4
train,pretrain,bSZh8qdKaBc,00015,0,trainval,RcGyVTAoXEU,50006,-7.8334001920417045,4.672
train,pretrain,EXo3qA9V3eI,00009,0,pretrain,N1R84S5DYEA,00003,-5.814372607073426,14.016
train,pretrain,NPSelwWdPa0,00020,0,pretrain,mJxA8eIWQUc,00004,-7.670452348388586,8.32
train,pretrain,JS8fYhwrYzI,00017,0,pretrain,TYFH0DSjyqc,00029,5.643748931754036,7.232
train,pretrain,xlGG1OSpbKk,00004,0,pretrain,UG2zHhgfAW0,00028,-0.880016723224994,6.144
train,pretrain,buRLc2eWGPQ,00028,0,pretrain,YL1XwfyaS00,00004,3.4684214870648145,4.736
train,pretrain,deT1mILtFEY,00011,0,pretrain,GjijgEch52Y,00006,8.155857166777011,4.672
train,pretrain,dghBrSBC34Y,00024,0,pretrain,OibJT7GSwyo,00030,7.908046833946344,9.472
train,pretrain,ZChEFOGSn8Q,00056,0,pretrain,erCApSBd0AQ,00040,-1.6872667211413805,4.16
train,pretrain,ilMwoEdqMTs,00023,0,pretrain,XRWTyUVh0BQ,00050,-4.591633753805513,4.8
train,pretrain,FEeTLopLkEo,00007,0,pretrain,ofjRnIpXBF0,00010,-2.407127423853435,4.672
train,pretrain,zeSVMG4GkeQ,00014,0,pretrain,LJhklPJz9U8,00023,6.078823876530858,3.968
train,pretrain,4O2JKS94g3Y,00006,0,pretrain,L2upTRjXeJM,00013,2.3971860589697975,8.064
train,pretrain,tNKdc6Lxcvo,00008,0,pretrain,NwmGTM5Py8Y,00012,-2.8051084376369273,7.232
train,pretrain,xRdZXhyrO6c,00013,0,trainval,DoRSyk7lA5Q,50002,3.613599604328977,2.816
train,pretrain,v3SZTqj2Skw,00023,0,pretrain,iKEtQSzz4GA,00008,-3.7405465085314615,4.8
train,pretrain,ZWfCi9WxK1E,00013,0,pretrain,ljqra3BcqWM,00042,7.725124515582959,5.248
train,pretrain,drv3BP0Fdi8,00022,0,trainval,QG4Z185MBJE,50007,8.902642012640644,6.08
train,pretrain,BJsrYqPtXFM,00025,0,pretrain,63XsokRPVSY,00017,-2.149090069759893,5.44
train,pretrain,STdSfeMDeI4,00004,0,pretrain,x3AwnkR92EA,00008,0.43153626796682154,5.888
train,pretrain,TXaXvrd3jS4,00010,0,trainval,a17Z5Sk2XJY,50012,-6.993202109793522,5.44
train,pretrain,BMOjVYgYaG8,00019,0,pretrain,y8qc8Aa3weE,00011,1.6990868100876337,22.016
train,pretrain,itLUXZnLRn8,00024,0,pretrain,nZLO2PnGzMg,00018,-9.549542221450846,10.176
train,pretrain,ofsncCF9OSU,00025,0,pretrain,qNvDRuGK84I,00002,1.5962523787161391,5.504
train,pretrain,EU15c9hnftE,00012,0,pretrain,nzUds0TIQMY,00007,-4.395976221194737,5.376
train,pretrain,kLIfeGflNp8,00008,0,trainval,nZLO2PnGzMg,50002,0.18735963619683993,3.648
train,pretrain,vVsXO9brK7M,00018,0,pretrain,MlLWTeApqIM,00003,2.3022676076237296,7.616
train,trainval,c0H1zU2ytxA,50001,0,trainval,Itmu78W9cOI,50001,-0.24432368749997835,3.136
train,pretrain,KPN8LHVeFYA,00009,0,pretrain,N37x4GgDVBM,00010,-0.9710913806919148,3.264
train,pretrain,pi9SMFWTzXw,00021,0,pretrain,tUAepQYyMY4,00010,3.0012779301183397,8.64
train,pretrain,RxyQNEVOElU,00011,0,pretrain,p4tffKWs3BM,00003,7.343580160931641,5.888
train,pretrain,OIpgrZ8ySSQ,00019,0,pretrain,EluxCgnQVzg,00017,-6.129287893971362,2.56
train,pretrain,vwTDeT4v7RM,00003,0,pretrain,HFFBkbsSFY0,00006,-8.724686852088382,4.288
train,pretrain,SgYvy71CSSA,00004,0,pretrain,QJORi5VO1F8,00014,-1.483790221875152,4.096
train,pretrain,73cTNHEQhkQ,00018,0,pretrain,LoXAAEy6YQU,00005,-2.4609588085917284,4.16
train,pretrain,yqU0SsbENgE,00006,0,pretrain,80USSKwX0iU,00021,5.473292178474745,3.968
train,pretrain,57FMau29OSg,00038,0,pretrain,11Mq9ZuxZMc,00036,-5.569826720831228,3.968
train,trainval,BwC4WRKi5QY,50004,0,pretrain,uS3UYncNwz4,00029,5.097433376412452,3.84
train,pretrain,lyRSK2CZIHQ,00022,0,pretrain,CtvIX4s1bTU,00018,4.039635137840168,4.416
train,trainval,vMwPTI54rqQ,50017,0,trainval,3HaBoNSlpHU,50001,4.637203407951668,2.88
train,pretrain,yjtCDgjxRAw,00023,0,trainval,cj5LZBmiQu4,50011,-4.644927226968929,2.304
train,pretrain,U7fFCaHZvVk,00027,0,pretrain,rSSSsisz2SM,00020,-7.198071659398546,4.672
train,pretrain,K5wCfYujRdE,00018,0,pretrain,5YL3LT1ZvOM,00024,0.14577729484243207,4.864
train,pretrain,8QuAokSXiyg,00005,0,pretrain,WbuIl6phdco,00025,-5.471185369135146,2.688
train,pretrain,1isiSaTSXb8,00021,0,pretrain,apiScBmE6rA,00007,-6.057932822898153,3.456
train,trainval,iTdZn78u6pI,50004,0,pretrain,V1gxziZwmkc,00031,2.1879793927599938,4.48
train,pretrain,NgDGlcxYrhQ,00012,0,pretrain,wSF82AwSDiU,00001,-0.8992982877981159,6.016
train,pretrain,NwmGTM5Py8Y,00028,0,trainval,3phTundagzQ,50016,0.7351076305177795,4.16
train,pretrain,owl8keTUioo,00016,0,pretrain,f8nkcRMZKV4,00017,8.407066293106322,14.656
train,pretrain,fbeFn1Xcqo4,00058,0,pretrain,OAK1UIbSFio,00012,-5.925613985684677,11.328
train,trainval,LbIXYEW9CSQ,50002,0,pretrain,HjcKVB10Ucc,00001,8.647096094398233,2.624
train,trainval,SS3qnZrVy9o,50002,0,pretrain,Uq1idqpX9SA,00035,8.466448165306467,5.696
train,pretrain,l1SdDWg7XBk,00006,0,trainval,3f6xCzKx9CA,50005,-4.358684829215149,4.16
train,pretrain,IXBalykzauE,00006,0,trainval,X9NFPZGyDPg,50001,5.583051064919481,5.44
train,pretrain,evfgbVjb688,00020,0,pretrain,ouXGIw7gBmk,00045,-5.772017489612993,4.672
train,pretrain,abMQhaMdQu0,00026,0,pretrain,HH3m1OSiOT0,00013,3.367063038925229,6.08
train,trainval,zOSaCQ6xHS8,50001,0,pretrain,xV7IvRT5Qyw,00020,-5.214912587523298,5.12
train,pretrain,cQ3PWXoYIoE,00017,0,pretrain,DSSAz5nZBBM,00008,-7.47863568204237,6.016
train,pretrain,c73Q8oQmwzo,00037,0,pretrain,HCgvSHNoJrY,00013,-0.45023502659884684,5.824
train,trainval,yG7v4ySxwzQ,50011,0,pretrain,nLtUl2CP8ak,00053,1.9555257077479453,6.08
train,trainval,wgPLGS1BvQo,50005,0,pretrain,79zra755WgA,00025,1.2946700397427495,6.208
train,pretrain,1mUDw0sRZV0,00023,0,trainval,70uaS1e9YN0,50006,0.6031942755654001,6.08
train,trainval,kcwBHSUevxo,50002,0,pretrain,bX32UShfri4,00025,7.505266820369776,3.84
train,pretrain,RhgrbQmYOSY,00024,0,pretrain,HNOnvp5t7Do,00034,5.331795770237202,13.888
train,pretrain,b81YwSOs8RM,00002,0,trainval,vw5HJhIlJp4,50015,-7.189393838592226,2.816
train,pretrain,12ud0nSTvro,00012,0,pretrain,fgfQLTIhi1U,00029,-0.07775034392678393,4.864
train,pretrain,AGivotqSrd0,00032,0,pretrain,3WCwBVprDuQ,00001,-4.352975502419268,9.408
train,pretrain,potB0voQzNg,00042,0,trainval,9ebJlcZMx3c,50015,-8.945105493922046,3.008
train,pretrain,P8GCjrDWWUM,00031,0,pretrain,CXvUdCdKTJY,00029,-5.411321420735007,5.12
train,pretrain,3dqXHHCc5lA,00007,0,pretrain,SAm3gtFB8xU,00002,-8.597384276344274,5.12
train,pretrain,D9S6G8J6VJg,00001,0,pretrain,I4PU2JlhO80,00015,-8.686795197951238,6.592
train,pretrain,IkJSZGQaeak,00017,0,pretrain,5iqZzi9mj4M,00035,-5.117423816311383,3.328
train,pretrain,YwSGTipx3As,00006,0,pretrain,E0k4IQ8fDCY,00007,8.274763240359817,7.232
train,pretrain,S7rSSd1fiUc,00007,0,pretrain,g2J6YOiLNr4,00056,-9.392398393857153,4.032
train,pretrain,08ZWROqoTZo,00024,0,trainval,VehHPwAVL9g,50018,-1.347508121876304,3.648
train,pretrain,omGbKQIzoWY,00015,0,trainval,jvBaRf9LHDs,50006,-5.387305998232527,2.112
train,pretrain,IYpovgkaS9Q,00015,0,trainval,tVIaoQrnAxY,50004,-0.7071388226900694,4.416
train,pretrain,5AcjM5BKfRQ,00004,0,pretrain,qzwCujeSSSc,00003,6.696094485090967,7.552
train,pretrain,FPhHHtn8On8,00009,0,trainval,VktGgoVvgXo,50006,4.783160684238034,5.12
train,trainval,ImmtTHYU5GQ,50026,0,pretrain,YyuScSjkGSs,00044,5.981788769528631,5.888
train,pretrain,vvlozhvQPJw,00020,0,pretrain,jkEgngW766Y,00003,7.976256774430695,7.616
train,pretrain,mLufqwmPl1A,00001,0,pretrain,0SUTgoPUTLQ,00026,3.083617120421124,7.04
train,pretrain,YAV96XSdMQo,00035,0,pretrain,mf5otGNbkuc,00003,-5.540610154604682,5.44
train,pretrain,HpAaSOgpi50,00023,0,pretrain,NPX5RwjNzl0,00001,7.984600673650203,4.16
train,pretrain,sFGWSg7wSuk,00005,0,pretrain,2dRlssVF7fc,00026,5.062740523608269,5.312
train,pretrain,EszGIvRdgTE,00018,0,pretrain,teVE3VGrBhM,00022,-7.93077955138293,4.352
train,trainval,tSSNoFstCmQ,50017,0,pretrain,OT9poHSD2Iw,00001,9.635951351541092,3.328
train,pretrain,6fJRmouSDL4,00014,0,pretrain,fWqKalpYgLo,00002,6.258190980002823,16.064
train,pretrain,NDQ1Mi5I4rg,00006,0,pretrain,GbYc9BOU30o,00021,2.5294525800138956,8.384
train,pretrain,7UOEkSYkxdU,00002,0,trainval,4ZgwzSm7sRs,50023,9.369388014492387,5.248
train,pretrain,UROCz70tlMY,00008,0,pretrain,ySrroSgNk4o,00020,6.027267466365917,3.84
train,pretrain,SmsYxDvdcYc,00002,0,pretrain,nwZkoAeOzuo,00018,-9.555225276849303,5.568
train,pretrain,wX78iKhInsc,00040,0,pretrain,o5SrKh9BNHg,00002,-3.284631354834615,7.104
train,pretrain,V48M5jS6zdE,00007,0,trainval,0ygtX2nyexo,50023,2.9543173633160578,4.096
train,pretrain,uYyvbgINZkQ,00014,0,pretrain,QJ28IC63hlI,00017,-4.611082879993003,4.288
train,trainval,CfqO1U6lfDs,50002,0,pretrain,m048uAa8L3k,00037,-4.789145274224511,2.368
train,pretrain,97MWOERYSdE,00002,0,trainval,tH5iEf9oxaI,50015,-1.6998133227903054,2.176
train,pretrain,93hbqLBpSHI,00008,0,pretrain,SF242mxtZN8,00017,-1.602539213861288,5.44
train,trainval,dcwuBo4PvE0,50005,0,pretrain,6a6vVIdQBd0,00006,-2.739590706627215,6.208
train,pretrain,qrNDkRHAA4E,00022,0,pretrain,Kp13yOhLEbU,00006,-1.2429324560616948,3.776
train,pretrain,ASQpKiUSNHo,00041,0,trainval,nO69NjadSec,50011,-3.583216304075771,6.016
train,pretrain,vNpmq6OkSQQ,00025,0,trainval,XS3m37czBfk,50021,-9.454142896998972,6.208
train,pretrain,Q80MfH7xPPE,00006,0,pretrain,VnzBGZA2z3w,00017,-3.213881982941384,4.16
train,pretrain,4EUAMe2ixCI,00048,0,trainval,YMyofREc5Jk,50013,-1.9566628435631035,3.52
train,pretrain,WiNI6INAytE,00010,0,pretrain,dvuh1Np35Pk,00016,2.7748066110246867,4.8
train,trainval,L51h8BBu7b8,50001,0,pretrain,xlngY8QCEt0,00003,-7.82195281372837,4.224
train,trainval,BT2XlI8oeh0,50026,0,pretrain,fLJsdqxnZb0,00013,6.984217718237716,5.248
train,pretrain,kfAxGhOS3S8,00003,0,trainval,MgUTzbGakRw,50003,-5.474765848127938,4.16
train,pretrain,CyElHdaqkjo,00009,0,pretrain,hJZ0pAoxksE,00013,-6.117307614339989,8.64
train,pretrain,uJZWcKOIZMo,00015,0,pretrain,Yx2rjq1gSWA,00023,6.1849138945230955,15.808
train,pretrain,nFEgRt2EH1g,00014,0,pretrain,5YL3LT1ZvOM,00029,-2.0646415030534992,8.832
train,pretrain,HMYVHShBGWg,00014,0,pretrain,G6dfUFgKmN4,00017,-0.7138649525931751,5.696
train,pretrain,M1o3FS0awtk,00001,0,pretrain,jvBaRf9LHDs,00029,6.629746653947407,8.32
train,pretrain,qH66lTtW4Hg,00002,0,trainval,wn8S33NBB04,50006,0.4069303238292754,2.816
train,pretrain,xp0O2vi8DX4,00036,0,pretrain,jpuDyGgIeh0,00006,-5.297130588074261,3.648
train,pretrain,XgRlrBlS7Yg,00030,0,pretrain,4ef6KJ7vfIw,00005,-6.061554698073175,4.48
train,pretrain,LUO3jqMlWkE,00027,0,trainval,3uFbJG6tBpI,50001,1.5315350333909876,2.432
train,pretrain,MDqyOLCFJ3c,00021,0,pretrain,WzDygsn0Djs,00012,-5.060860245806047,27.392
train,pretrain,ZpT0cw9bmiw,00004,0,pretrain,LUO3jqMlWkE,00050,0.06389468406963417,11.968
train,pretrain,lXNE4MD2X2w,00036,0,pretrain,wSepGxx36To,00006,-5.526829119943191,4.288
train,pretrain,iONu2ndDmHM,00012,0,pretrain,FrsiPG3Cs08,00003,5.794571616489499,4.8
train,pretrain,ooIxHVXgLbc,00019,0,trainval,S74wSYuesOI,50011,-6.295540252831218,6.016
train,pretrain,4ZgwzSm7sRs,00022,0,pretrain,z9sa2ZAqHl0,00029,-8.507454976089473,5.248
train,pretrain,Eewvsw027jg,00021,0,pretrain,ELgvDMTKyBE,00008,8.41936254180239,4.416
train,pretrain,9Eobo04R7SY,00004,0,pretrain,YhCkjRXgnDw,00001,-5.696814526259888,6.848
train,pretrain,QHIocNOHd7A,00029,0,pretrain,cQvDUTOOkiI,00011,-8.014897414895334,3.008
train,pretrain,L9Sc1j9VRwE,00004,0,pretrain,nLtUl2CP8ak,00055,9.171553089053639,10.56
train,pretrain,aySy3tSYGYw,00009,0,pretrain,qzwCujeSSSc,00020,6.360999449950285,3.84
train,pretrain,4sg9TlsMRVA,00002,0,pretrain,qdiF1fSGfyM,00012,-5.62311532441635,8.704
train,pretrain,LVFVaWCV1TE,00002,0,trainval,6Af5tJzSR2w,50009,4.846445836725897,3.328
train,pretrain,IjHlyKTSUug,00014,0,pretrain,Fb3yp4uJhq0,00038,-6.95823707087845,5.248
train,pretrain,xnovQVRHj5c,00036,0,pretrain,iE7YRHxwoDs,00016,6.266728609597088,6.528
train,pretrain,3GVOSMfIl1Q,00002,0,pretrain,mkdSXHXhCcw,00080,9.995849483205888,6.208
train,trainval,Qhomjw2PSV0,50006,0,pretrain,eAnHjuTQF3M,00021,3.465980301420819,3.648
train,pretrain,LifvSfll2dw,00009,0,pretrain,qp0HIF3SfI4,00055,-8.249080680152339,4.736
train,trainval,5nrn5fC001Q,50003,0,trainval,3PQrElyu9HY,50003,6.272754973181453,3.904
train,pretrain,Mpge4XQqfac,00009,0,pretrain,esugL07XANg,00033,5.979484844702734,13.184
train,pretrain,UQzvNIIMayo,00027,0,pretrain,2NcetHNXaxU,00017,-5.021263543558616,8.64
train,trainval,y9Trdafp83U,50001,0,pretrain,drXnDLHKKPM,00004,9.9938677632748,6.208
train,pretrain,W0StyxgMk1o,00016,0,pretrain,jPyR3UDhOm4,00030,5.759418544473034,5.12
train,pretrain,86xSuStz0MA,00052,0,pretrain,RPicL1AWrs8,00019,8.175897790593822,12.096
train,trainval,1SS2wOnkcSk,50003,0,trainval,qP2W2k3L1Ow,50001,2.5532837442045775,3.072
train,pretrain,pg63A6WaCSc,00005,0,pretrain,F0ofeD8VKMA,00042,-5.773621052785254,11.136
train,pretrain,415VX3QX4cU,00039,0,pretrain,MnT1xgZgkpk,00028,-8.34044264239865,7.168
train,pretrain,dkLcwHmnPV4,00012,0,pretrain,0sYguTPLpHE,00060,-7.606178599778806,8.256
train,pretrain,LNohxpJntZo,00007,0,pretrain,vbHkhSfaQu8,00007,-4.166668909988229,6.08
train,trainval,GOZOhpxSAFI,50011,0,pretrain,BFK2knjj4lQ,00022,5.537326048055283,2.944
train,trainval,S6BLFdBfgfU,50006,0,trainval,oIGBBPspTKM,50007,9.42108594136629,2.496
train,pretrain,jpRqbP9Nv9k,00026,0,pretrain,oSv7E8WK2Iw,00001,0.5585096930242841,14.336
train,trainval,4jUdCy6Vghw,50002,0,pretrain,JiwZQNYlGQI,00024,-0.5784511853535061,3.328
train,pretrain,znO7UHpxgTI,00021,0,trainval,Nx8RRIiP53Q,50003,-2.375405389152827,4.544
train,trainval,iCvmsMzlF7o,50018,0,pretrain,y2yka9lyvMA,00063,-2.2255581600681467,2.496
train,trainval,lw3YTbubyjI,50013,0,pretrain,fw30yjccnD4,00025,8.433043400768302,4.544
train,pretrain,gwMjgSqFm0M,00018,0,pretrain,KCr8s57hdzY,00003,4.912752864818026,10.432
train,pretrain,yPGwA7t6bpI,00011,0,trainval,pbGLBjDhnSY,50004,3.7428407283083924,2.368
train,trainval,HqawqHB7nDM,50002,0,trainval,1SPazvfN9EU,50008,-1.1654494661161312,3.84
train,pretrain,pMYYxSim5QI,00011,0,trainval,z0HsPBKfhoI,50007,7.801398850288777,4.096
train,pretrain,PCupHgKGCcY,00010,0,pretrain,K926HAKRFvw,00002,9.596839288248454,4.352
train,pretrain,bB5zR2xYhm4,00019,0,pretrain,eg66CMRpKCw,00001,0.8834079784111637,3.264
train,pretrain,AWEpeW7Ojzs,00001,0,pretrain,on3KttMgbZE,00017,-3.524323333497157,4.928
train,pretrain,JRWC1UlMjZQ,00002,0,pretrain,sIPvnWZ5O6Q,00013,5.5761477504621215,14.592
train,trainval,I9tB6Q5bmcQ,50001,0,pretrain,gSONUFFt2qM,00011,9.702584542284992,3.328
train,pretrain,AK9OBSx77S8,00020,0,pretrain,sK4rgGgqzmY,00014,0.7661827855111092,5.568
train,pretrain,AP8i435ztwE,00011,0,pretrain,Cj04JUBXe2E,00002,-8.567857321779584,7.68
train,pretrain,rGaj2VImQec,00009,0,pretrain,esPRsTSlmw8,00023,7.738634025579106,4.736
train,pretrain,NtOoDN0ojxo,00024,0,pretrain,55n9pHSA0O8,00057,2.668956737275007,8.384
train,pretrain,pj2YxCAnqx0,00013,0,trainval,8etnSTnX92g,50013,5.757080560111312,4.736
train,pretrain,mK6IdD4GXPo,00003,0,pretrain,gbDraZi7FS4,00012,-7.04422456108462,6.4
train,pretrain,urntcMUJR9M,00002,0,pretrain,PB2OegI6wvI,00037,-6.293639491299301,5.056
train,pretrain,q1pKLVX3VSA,00003,0,pretrain,TFvkq4BAvnw,00042,7.440938294518766,7.872
train,pretrain,iueVZJVEmEs,00014,0,pretrain,rTMqGbTNkNg,00032,8.204967318967054,15.36
train,pretrain,SgKCzdT60Uo,00002,0,trainval,cotBM0laSSo,50010,2.1682606147510555,2.176
train,pretrain,2jTdZSPBRRE,00005,0,pretrain,7oQY0uC52jY,00004,7.998869901842159,9.92
train,pretrain,RKmxL8VYy0M,00030,0,trainval,14rYeATuCqQ,50002,-5.55788464820576,2.048
train,pretrain,KOIsqRgJ3XM,00021,0,trainval,uM1Ygy0tSp0,50007,-1.3884410086715882,4.032
train,pretrain,aTfwA1TaH3Q,00027,0,pretrain,ufp5iGh0agA,00013,4.099523462055185,5.184
train,trainval,fSmQIWnO3Ag,50001,0,pretrain,pn8p3rOaA5I,00039,1.7676314383338028,3.648
train,pretrain,IfqdMoKVIR0,00010,0,trainval,3f6xCzKx9CA,50005,1.369401827145989,4.16
train,pretrain,j51HsRILGKI,00018,0,pretrain,xV7IvRT5Qyw,00024,-7.36459291049135,3.968
train,pretrain,5nys6iebjHw,00023,0,pretrain,ErexJkoDhGI,00002,8.287166954275335,3.072
train,pretrain,OLHh9E5ilZ4,00009,0,pretrain,o3oDpCb7VqI,00002,7.543363718450479,6.336
train,pretrain,hh2Z2hSgFIY,00026,0,pretrain,gWD6g9CVSsc,00017,1.3424927408200116,12.288
train,pretrain,JzLiCBCbAMY,00023,0,pretrain,LsESSyMnwmU,00042,9.59875662529171,9.792
train,pretrain,jAGgKE82034,00036,0,pretrain,ayhhuxAu6rw,00018,5.226523742682783,5.312
train,pretrain,km4GiwSIFCo,00011,0,trainval,ARWBdfWpDyc,50001,5.274324687805718,6.08
train,pretrain,pOWgXxoSTNM,00010,0,pretrain,6qqqVwM6bMM,00024,3.8891068561759585,2.368
train,pretrain,uxnjyfSeRpI,00006,0,pretrain,mclzytQQMGI,00003,-8.168084813662817,11.84
train,pretrain,YPLGuwXomYQ,00022,0,pretrain,HNOnvp5t7Do,00032,9.116597950291883,3.904
train,pretrain,k4vzhweOefs,00016,0,pretrain,w2mJMS09Qjk,00024,1.4071144192038094,9.088
train,pretrain,xSUw0NiseBM,00015,0,pretrain,Wh9O3SciOYs,00031,4.593005739406127,6.592
train,pretrain,ilMwoEdqMTs,00034,0,pretrain,lyRSK2CZIHQ,00004,7.9874772769697735,7.68
train,trainval,U5SyBjKKicA,50003,0,pretrain,Mu00S1dAMl4,00002,0.7056266997558431,3.008
train,pretrain,y9ALB39wRKo,00008,0,pretrain,hscdmpKGqrQ,00008,-9.378490524813689,4.096
train,pretrain,V84bSWIlNA0,00012,0,trainval,dRic5yJC8UY,50010,-5.014968749192816,6.144
train,pretrain,IJmr7MsS8fw,00059,0,pretrain,KPzccnstSXg,00024,-6.247007105662535,6.976
train,trainval,O9Hfqc3trhw,50028,0,pretrain,H1fvr9rGgSg,00033,-8.560447009189904,5.504
train,pretrain,URSuWwvpn5c,00005,0,pretrain,IRhl1lr0nJg,00012,3.425796506738381,7.936
train,trainval,8zj8HJntlP4,50011,0,pretrain,Rv9SwZWVkOs,00020,-7.614685216914898,5.44
train,pretrain,St7SxHszKws,00012,0,pretrain,Y81rCiw1LPY,00002,9.113938057749309,5.504
train,pretrain,QS0p8ZpBq04,00022,0,trainval,5qdZybHSLnI,50005,4.046905502043408,5.76
train,pretrain,6gSwRHScq6M,00077,0,pretrain,PiVB5niLrWg,00019,-5.893649553728945,6.4
train,pretrain,Vi8k6BG9KVk,00019,0,pretrain,d6wGSsAdP0U,00006,-6.2799218786175075,7.488
train,pretrain,N4wFyRGilp4,00036,0,trainval,SKx2lfobPuU,50005,6.566533262562789,6.144
train,pretrain,xTMZJvfzxGY,00020,0,pretrain,CBSU7vJn0us,00029,9.929689519893273,3.328
train,pretrain,ZPBTnWWWUY4,00007,0,pretrain,klUoJxGv9wg,00005,-7.802999701349302,5.632
train,pretrain,rni41c9iq54,00025,0,trainval,SwMTKRixZIE,50005,2.9391332716231044,3.584
train,pretrain,FuahzV12mi0,00006,0,pretrain,bxkslfQc0EA,00007,0.643774921165539,7.488
train,pretrain,Qt1RPkbF4o4,00017,0,pretrain,JS8fYhwrYzI,00008,-7.512521284262144,4.928
train,pretrain,lwcvhh4pLjE,00040,0,pretrain,xLuMcYn8Yk0,00016,-8.54652783600304,7.04
train,pretrain,CrsdoIOGCRw,00034,0,pretrain,dwU8eavPInw,00041,-9.593890063636941,4.416
train,pretrain,UDXtFbSmBAg,00004,0,pretrain,gVLu99Ja2mA,00007,2.5922515628565286,12.736
train,pretrain,DnJHaveemUk,00011,0,pretrain,6liIKYeUzaY,00015,-2.5657490076672147,6.208
train,trainval,5ErKrSyUpEo,50006,0,trainval,1N6e0DnGq38,50003,5.595430896726537,2.368
train,pretrain,G0ZjSInJ4BQ,00005,0,pretrain,SMBiP3G2Pzc,00004,-6.610543722709443,8.064
train,pretrain,6VnKV1sr5VQ,00024,0,pretrain,ORBf73HiJns,00043,-6.173833495614495,13.12
train,pretrain,FuahzV12mi0,00004,0,pretrain,Rz8m1yDE0ms,00013,5.879619295654241,9.216
train,pretrain,L8YJtvHGeUU,00002,0,pretrain,CiLnSGrcuEs,00004,2.7764565756988713,4.352
train,pretrain,IBoJcDlqmo0,00012,0,trainval,M3mnUMmUAHQ,50005,9.276693736625031,5.76
train,trainval,IeblJdB2SVo,50009,0,pretrain,DwShSwvxPKs,00011,2.0713063280319677,2.496
train,pretrain,IfjI0tVUpbc,00022,0,pretrain,anmktfGYw8k,00008,-4.238063930223419,10.176
train,pretrain,bHLgTUV0XWI,00010,0,pretrain,KRrNST9OAcA,00011,4.3565860598241315,9.6
train,pretrain,qCrVpRBBSvY,00005,0,pretrain,tJ54irRmdC0,00019,-3.614329531785259,4.48
train,pretrain,UJ7QaCFbizo,00004,0,pretrain,7hFy02TSH4U,00032,5.675038869428214,8.576
train,trainval,ISjk9ni4XWk,50016,0,pretrain,2ZviHInGBJQ,00019,7.0340858796177415,3.456
train,pretrain,MLvwTlbj1Y8,00002,0,pretrain,uSMqkSqSgN4,00005,0.48972800918359916,6.912
train,pretrain,LSn4OF7G9BM,00017,0,pretrain,VM6HZqQKhok,00011,-6.569582088338082,8.704
train,pretrain,IaWeJ8V3pg4,00012,0,pretrain,FjvjSlpJoqo,00002,-8.432169571306645,12.672
train,trainval,Qt1RPkbF4o4,50011,0,pretrain,BWWPZlaq35U,00004,0.34700961726857926,2.56
train,pretrain,pF72px2R3Hg,00040,0,pretrain,lnigGtrwAfs,00001,-2.164871293845467,3.712
train,pretrain,EBKSa94IFHY,00002,0,pretrain,zcMj4Az1MwE,00017,-3.4502123412580232,6.016
train,pretrain,OSz2v42F0E0,00031,0,pretrain,LJhklPJz9U8,00002,7.613918585599151,4.864
train,pretrain,RgtoZ2ue05w,00012,0,pretrain,nLotSkXFSUg,00008,7.069371215790909,25.664
train,pretrain,PMBWNbj2awk,00007,0,pretrain,e450FJaS3no,00009,7.993836870371936,4.032
train,pretrain,pvBlSFVmoaw,00011,0,pretrain,5iqZzi9mj4M,00020,-7.681679213734878,8.0
train,pretrain,H8Pr9Jnulxk,00029,0,pretrain,mGbMwP8MDjg,00001,0.4778993609550337,12.352
train,trainval,8Ug1MnU6LKw,50007,0,pretrain,GMc8aSoCE30,00011,-4.736999269854694,2.944
train,pretrain,ko32Hr1SoPc,00020,0,pretrain,dOOtM7ZpAS8,00011,4.3829447559807,11.008
train,pretrain,nU5gOr1cSxU,00009,0,pretrain,o8xWaNpSlbI,00001,1.1377145334683867,16.064
train,pretrain,HfotnZVEq80,00011,0,pretrain,D9xJl4S6NsM,00022,4.5414940967852235,6.784
train,pretrain,PS2h8hSFphs,00030,0,pretrain,2KSP7HvSZwg,00007,-5.863327122327511,3.264
train,pretrain,2NcetHNXaxU,00013,0,pretrain,RWiI7AkDXSo,00012,2.611531246979716,6.08
train,pretrain,vVY8L56oxSM,00009,0,pretrain,lASzdhSbQBo,00033,-0.3061607029245401,9.216
train,pretrain,hFGLqkDnSVI,00002,0,pretrain,ShFk6FDrZBc,00014,4.123372900972736,12.416
train,pretrain,PgCmT0qkfQM,00007,0,pretrain,jpeSLKnS4gM,00008,9.24862927733961,4.352
train,pretrain,t8RSGKSSM2Y,00011,0,trainval,641aB1Dv1DY,50001,0.4435760567457052,3.072
train,pretrain,6VWPHKABRQA,00017,0,pretrain,akOe5SUsQ2o,00001,-2.7955178779197176,4.608
train,pretrain,vY2l2xfDBcE,00018,0,pretrain,6tpsSu5O0Ws,00039,7.4026147829947035,4.544
train,pretrain,5tUnSuoYKoE,00059,0,pretrain,2L4BSVpvx1A,00027,-3.2099603334122246,3.584
train,pretrain,d4Dj0qdWLnk,00012,0,pretrain,3UaOl8SYHes,00020,-0.4863051356152166,3.968
train,pretrain,tMSU6k5SWXg,00014,0,trainval,pmKNXZmfIMU,50010,3.369381398046853,6.016
train,pretrain,0FQXicAGy5U,00007,0,pretrain,lUO0xDSJQVI,00030,-5.36791644572655,10.816
train,pretrain,GkRn9Lp16UI,00036,0,pretrain,gF9PSRLjGGw,00014,1.6029399270177613,6.336
train,pretrain,FJFxLQCo83U,00044,0,pretrain,Ztl2li6GTWg,00010,-1.1893765928064592,15.04
train,pretrain,zLNXIXingyU,00056,0,pretrain,ZBuT2wdYtpM,00015,-8.930334027103633,9.344
train,pretrain,u9Lu85L111Y,00057,0,pretrain,bNpx7gpSqbY,00001,0.5520070818135032,4.992
train,trainval,ZoDYTYSeuN8,50006,0,pretrain,FuSkBWSKSms,00004,8.577661845440087,4.16
train,pretrain,xnovQVRHj5c,00056,0,pretrain,oHDeULyOqmM,00011,-8.175795626540951,8.32
train,pretrain,ao3NtIZ0iBU,00016,0,pretrain,2W1jvTEjc1s,00036,9.292395816366714,15.168
train,trainval,SwaBFUgSoT8,50004,0,pretrain,z4vmzTZ7qLA,00021,-8.606244219886028,6.016
train,pretrain,PXMJobWlXks,00012,0,pretrain,AhUhpfKeLus,00004,9.404877528366121,8.512
train,trainval,eLz9TvxGoKs,50001,0,pretrain,0zbHnOcGbrw,00003,-9.263797147477934,3.328
train,trainval,EHTmxmuhZ10,50001,0,pretrain,n706Sqp20Mk,00002,1.87159480882978,6.208
train,pretrain,RsxlLsHtoBI,00015,0,pretrain,fSSNmDcLMKA,00028,-1.2710374108853788,3.904
train,pretrain,VSTGxJI4JwA,00006,0,pretrain,B5MkpzMAOZM,00045,6.073564565669354,4.16
train,pretrain,SpQ1BCdSTTI,00001,0,pretrain,PY9DcIMGxMs,00005,2.798736721862321,5.056
train,pretrain,yG7v4ySxwzQ,00014,0,pretrain,nItwVO9stX8,00004,-4.228403209560279,5.12
train,pretrain,jAGgKE82034,00030,0,pretrain,UWKvpFZJwcE,00017,-7.631809833600061,7.616
train,trainval,h9SKyrHRhDo,50005,0,trainval,uBgRo9tnvSI,50003,2.433603204583598,2.88
train,pretrain,7jx0dTYUO5E,00031,0,pretrain,MS4x6G0zzeg,00024,9.050694900304837,7.04
train,pretrain,sW9sr2SZ5kk,00012,0,pretrain,CFADnhYKDHg,00006,7.735610555115475,7.296
train,pretrain,Qd7PiXg5fKE,00024,0,pretrain,ApGeDdIaxo8,00016,-8.232682988613995,3.072
train,pretrain,QG4Z185MBJE,00030,0,pretrain,uW9tg1vJwZQ,00013,4.953353087553898,6.208
train,pretrain,UROCz70tlMY,00024,0,pretrain,a19lSbFPRqY,00001,9.431875169294631,4.16
train,pretrain,cfR6tiSWSAM,00002,0,trainval,XPkV1bDZDl4,50012,1.2097437840364318,4.736
train,pretrain,f6CILJA110Y,00052,0,pretrain,7NJhq163t78,00007,6.323348527064507,4.288
train,pretrain,H1fvr9rGgSg,00004,0,trainval,vEli4dfAXrM,50025,-8.638084221932989,5.312
train,pretrain,Possj5cXEnM,00001,0,pretrain,duAmvHlRcYI,00001,-5.617760459302921,7.872
train,pretrain,es4w3WUcrN0,00004,0,pretrain,J6tgYBMXR6s,00057,-0.9546636471512127,8.576
train,pretrain,57FMau29OSg,00026,0,pretrain,rrkrvAUbU9Y,00006,-7.23243332607896,5.248
train,pretrain,fw01Sq0cxM8,00006,0,pretrain,cplaWsiu7Yg,00008,6.001059678880527,4.992
train,pretrain,9KaMufF0rAY,00004,0,pretrain,odIvobLv7C4,00015,-2.4777929019676375,7.168
train,trainval,UGtFXtnWME4,50018,0,pretrain,dsfROmgVN5U,00006,1.7382857523950417,2.304
train,pretrain,3qXLZYXSJSI,00009,0,pretrain,VPweEhht9y4,00030,-7.732040888802056,4.544
train,pretrain,f7EjekSWGFI,00016,0,pretrain,O4Og5tFNiaU,00012,-3.5794780249671465,3.456
train,pretrain,jpeSLKnS4gM,00007,0,pretrain,8rZzHkpyPkc,00057,-9.778716273064887,7.424
train,pretrain,7wJTgUCxnKA,00033,0,pretrain,OibJT7GSwyo,00041,4.314079019914489,4.736
train,pretrain,8FKYe2v0teI,00015,0,pretrain,IDqMB6C1uys,00009,-2.72687586231271,8.576
train,pretrain,sYUjyH8Y0No,00039,0,pretrain,30e60EOO5mo,00008,-7.9112526725857,9.408
train,pretrain,1fZ4XOnnh1c,00010,0,pretrain,HIZmSSvXH98,00003,-6.256664571291339,4.48
train,pretrain,nzj7Wg4DAbs,00055,0,pretrain,7s2CoqypMLg,00011,7.652845220146766,10.688
train,pretrain,z4fsN1DSEVk,00009,0,pretrain,RvpXNXXP5Vc,00008,-6.179652513776237,5.376
train,pretrain,ivfJJh9y1UI,00034,0,trainval,hBtXiTumdY0,50003,5.657692353169804,6.208
train,pretrain,ema8O7xqjvk,00006,0,pretrain,8m5Ebx6nuGE,00021,-3.192621389885641,4.8
train,pretrain,e8JK3qVGuUg,00010,0,trainval,MLvwTlbj1Y8,50005,-5.816448373145828,2.24
train,pretrain,p7YRnLbmLGs,00007,0,pretrain,3ite2QwSU7g,00019,7.5537695766761495,8.96
train,trainval,EZSf3Fc0ZRA,50002,0,pretrain,Br1AIvMrvAE,00015,-3.640885211748097,5.824
train,pretrain,5XD2kNopsUs,00007,0,pretrain,TcBrchkBSBE,00012,0.3148884347587284,4.288
train,pretrain,rThUrXYaneo,00006,0,pretrain,eQdFkSSgHYo,00002,-7.4011692655337935,11.52
train,pretrain,LJhklPJz9U8,00049,0,pretrain,ZJXxySanins,00022,8.213571532000977,7.616
train,trainval,VbF2KPn3TrU,50001,0,pretrain,UwtYQFSJSQc,00021,-5.665450936783727,3.968
train,pretrain,HFFBkbsSFY0,00010,0,pretrain,Kqm9AEvJgxU,00014,2.565738486396123,7.68
train,pretrain,l5Bbg96VODk,00008,0,pretrain,ELET24AHnEg,00021,6.610795965511155,3.008
train,trainval,m7C6aiZV9JE,50006,0,pretrain,QOSPNVunyFQ,00027,9.71301407960663,2.176
train,pretrain,YzhSmnGcSkE,00020,0,pretrain,yqc9zX04DXs,00025,-3.6451135152647796,2.88
train,pretrain,NVPxmzSPvUw,00008,0,pretrain,wZzHnZzmS58,00037,-8.771250908541246,4.736
train,pretrain,uhRhtFFhNzQ,00001,0,pretrain,7jRND5IU3Qg,00012,1.020642247364039,2.56
train,pretrain,DlGUSNXOdpQ,00023,0,trainval,t9EuJ9QlikY,50005,-9.279076186597239,3.2
train,pretrain,A47JaOMDH4c,00008,0,pretrain,CS9f7Qq4YZc,00028,2.8077943642580756,6.144
train,pretrain,GqGksNRYu8s,00010,0,pretrain,r8WPIZJOJuk,00006,-1.4415643726708218,4.288
train,pretrain,YraU52j3y8s,00013,0,pretrain,Wai4ub90stQ,00007,-8.234998955602402,4.608
train,pretrain,gevXeQwS1jg,00028,0,pretrain,X55qpYxwoO4,00001,9.063854932583137,8.0
train,pretrain,IKZCw4xdESQ,00031,0,pretrain,8qqLMFBGvWI,00008,-2.058480678623642,7.168
train,pretrain,7W8OJgeYy1w,00012,0,pretrain,yzm4gpAKrBk,00028,-2.5380622206801284,6.4
train,pretrain,OibJT7GSwyo,00033,0,pretrain,6wk4dkYSrV0,00066,-2.9453643121034396,5.12
train,trainval,qG6SnAIinj0,50032,0,pretrain,u5GCetbP7Fg,00033,-2.4527287552757038,2.88
train,pretrain,e8JK3qVGuUg,00019,0,pretrain,pWrgvI4nyyg,00003,9.455144842764845,16.832
train,pretrain,RdPHxiTAN2M,00002,0,pretrain,HCJRXoYOoaI,00006,-4.262198356592202,6.976
train,pretrain,bq39x2HWjNk,00017,0,pretrain,USmTQeKRaP4,00017,3.254388260565424,3.584
train,pretrain,jseHPnqXlPY,00004,0,pretrain,l141Mauo74A,00011,1.3971003786127856,10.688
train,pretrain,mt4oSR9wzrs,00014,0,pretrain,gZga0AmCGdE,00028,8.76404857971259,3.328
train,pretrain,SbgwDk7A4as,00033,0,pretrain,C2SVEM19NHA,00029,5.913598122422483,10.24
train,trainval,n4YcornnWFI,50003,0,pretrain,3B24RaqA33k,00044,5.9369352844477135,3.968
train,pretrain,1Hok1iGFNSk,00001,0,pretrain,tBbyP0P7BRg,00013,2.139300764291077,12.736
train,trainval,VB9S4kELT2k,50001,0,trainval,6XS8TA4RBog,50018,5.897349414978397,2.56
train,pretrain,ibMjhQvAmcI,00008,0,pretrain,jv8m8rycnQs,00022,-7.675631821341038,3.968
train,pretrain,FcoJt2KLC9k,00014,0,pretrain,YsASJTeHJ6A,00025,-0.5016012265438405,7.808
train,pretrain,2L1R7OtJhWs,00032,0,trainval,HoyNrlMNBvw,50001,3.190377332193087,2.88
train,pretrain,bczm0RsIZUM,00027,0,pretrain,y2yka9lyvMA,00035,7.909552169950956,10.816
train,pretrain,ElJxUVJ8blw,00031,0,pretrain,mK2TDdEP58g,00029,7.780194945490255,3.776
train,pretrain,MO0LSLY2hRA,00007,0,pretrain,0iTehgSOZ8A,00031,-3.7853611249082375,3.136
train,trainval,Fc1yN6uxZfQ,50025,0,pretrain,9KaMufF0rAY,00003,3.099512648837413,3.136
train,pretrain,XiEQmcZi8cM,00004,0,trainval,uXlSmKZ7aSc,50001,-1.9645705157976305,2.24
train,pretrain,HmHh8dn6MiA,00009,0,pretrain,6XNrzmh0EVs,00004,-1.7897066548521074,3.456
train,pretrain,be03wdS5Klc,00001,0,pretrain,GW02Vo641dU,00010,2.027500435971417,9.92
train,pretrain,ZSRaJIMYSMs,00002,0,trainval,c8re1U9rCo4,50012,-5.093990014785952,2.816
train,pretrain,Qj4xf3U8dh8,00036,0,pretrain,93fJ33L9OKw,00003,4.923133081501355,3.648
train,pretrain,ydZfSuzSHu8,00015,0,trainval,GXySSkBVq1M,50008,-7.257543118905112,2.048
train,pretrain,9YeQi5Zqy1I,00026,0,pretrain,Sb2qXygFm8U,00010,6.39230166431652,9.408
train,pretrain,ptIecdCZ3dg,00006,0,pretrain,pbGLBjDhnSY,00023,-4.852888191849393,6.592
train,pretrain,OH0dK208MNk,00017,0,pretrain,MOQcSzkKfbs,00005,4.369287555712011,3.072
train,pretrain,lXQ4HSMp1OA,00005,0,pretrain,EluxCgnQVzg,00030,-6.819925739424404,4.096
train,pretrain,mGS7sGyRjqE,00004,0,trainval,03h0dNZoxr8,50001,-7.049092093491975,2.56
train,pretrain,GSmaUPREKlU,00003,0,pretrain,Y4QZzZgYUKg,00016,6.722084410777445,7.872
train,trainval,x3AwnkR92EA,50005,0,trainval,Ctz4E2ARkCg,50001,0.43664328124039464,4.48
train,pretrain,X2et2KO8gcY,00002,0,pretrain,mzy84VbSGxk,00021,0.3810537895597861,10.688
train,trainval,0GL5r3HVAZ0,50012,0,trainval,lXNE4MD2X2w,50009,-6.267115556424141,2.24
train,pretrain,JiXzBl8p9v8,00011,0,trainval,YO0lbdhF30g,50023,0.947487724589152,3.84
train,pretrain,0SFkPxScSM4,00005,0,trainval,sGXeX7PPrCI,50002,-2.6807038043940175,2.368
train,pretrain,dcwuBo4PvE0,00009,0,pretrain,cPL2FE7ZPTg,00003,-0.09871412414352143,8.128
train,pretrain,bJ8Kq1wucsk,00024,0,pretrain,jDy5j0c6TrU,00022,-1.2817627588302205,5.696
train,pretrain,cQvDUTOOkiI,00048,0,pretrain,X6Zo53M0lcY,00002,9.160472562328618,4.416
train,pretrain,nncPtxLCPrE,00003,0,pretrain,T22s4jCZ4Ho,00011,8.969131407203776,3.904
train,pretrain,npFSbX7DZ6k,00041,0,pretrain,NZspSEdO2Xk,00023,8.642516422290335,7.424
train,trainval,OEydHbngSz0,50006,0,pretrain,pcNxS2i7SvQ,00018,-2.4389415925740803,2.368
train,trainval,qKlzdSH2X9w,50006,0,pretrain,w2mJMS09Qjk,00001,-6.024755562845727,3.264
train,pretrain,Q80MfH7xPPE,00016,0,pretrain,jdMv5x8SBuM,00005,1.768606161434871,4.288
train,pretrain,6weGCM3sWKc,00001,0,trainval,kiDfwUQySEs,50012,4.164674479514003,2.496
train,pretrain,fnS9f5x0f1Q,00036,0,trainval,RSW3xi2jMYI,50006,-5.21535864643484,2.24
train,pretrain,vcSn852sv3E,00010,0,pretrain,MJKSdMlATmM,00021,-4.241023203259697,4.16
train,trainval,796LfXwzIUk,50003,0,pretrain,fgfQLTIhi1U,00027,-3.0003509194367073,5.056
train,pretrain,CyElHdaqkjo,00027,0,pretrain,kpyc84kamhw,00001,-5.98892357532546,7.872
train,trainval,JD4O7ama3o8,50014,0,pretrain,ReCvreRPdeY,00009,8.50915736167336,5.888
train,pretrain,I9telSZCswM,00006,0,pretrain,2FASIuDTMjE,00010,9.650335305146012,6.976
train,pretrain,DSbtkLA3GrY,00040,0,pretrain,ljqra3BcqWM,00018,-8.030691775942698,7.296
train,pretrain,CH4TZteceas,00005,0,pretrain,ayVm441iZfo,00024,-2.4546477116528242,7.168
train,pretrain,uSMqkSqSgN4,00012,0,pretrain,pY6ulSP70HY,00020,2.7738005959670975,11.52
train,pretrain,ziGD7vQOwl8,00043,0,pretrain,h4mmeN8gv9o,00016,-5.974047195435082,8.576
train,pretrain,nx3GuO41Jyg,00025,0,pretrain,HFFBkbsSFY0,00006,-3.826648202188789,4.288
train,pretrain,HQIi3nUXh0g,00003,0,trainval,Wj7hmzfX5eQ,50010,-6.417067933105565,5.888
train,pretrain,MiPXuEFAdIc,00008,0,pretrain,48oiapTn3K0,00019,-6.877276394038554,6.208
train,pretrain,vCCdmGKtxPA,00018,0,pretrain,UWKvpFZJwcE,00010,-6.804874549877797,8.832
train,pretrain,8FKYe2v0teI,00018,0,pretrain,Y6U728AZnV0,00011,2.8226315855349764,4.224
train,pretrain,O817Q8G5WL4,00005,0,trainval,gto6w0a13B0,50006,-7.231445482318208,2.24
train,trainval,0SW0HFy9Et4,50015,0,pretrain,AE0gO5wSaok,00055,-1.531020038902632,4.736
train,pretrain,SmsYxDvdcYc,00003,0,pretrain,LifvSfll2dw,00012,-8.744848746063155,4.736
train,pretrain,GkRn9Lp16UI,00042,0,pretrain,I1cGiNnJZgU,00028,4.327814102853004,7.936
train,trainval,jk0Y3Ss212w,50003,0,pretrain,EiqqvJgSG7o,00001,2.3132628375636077,2.24
train,pretrain,WpldYJ3sSIo,00015,0,pretrain,BwIGcvBGSRk,00005,5.162448066399914,7.488
train,pretrain,jNSOh4xILSc,00002,0,pretrain,Cgxsv1riJhI,00003,-8.102819664604976,8.896
train,pretrain,z5aAJGNSRHs,00015,0,pretrain,XSHE4HfaSOY,00010,-5.851615736207512,12.416
train,pretrain,lxYFURQ7Ehw,00006,0,pretrain,vvEH93EQiKg,00016,-7.244356202972407,6.4
train,pretrain,1bXAkbCyjpo,00043,0,pretrain,RSW3xi2jMYI,00030,1.3575027169797433,9.088
train,pretrain,jFG7jqJXbno,00014,0,pretrain,m048uAa8L3k,00029,-8.073673692271822,7.296
train,pretrain,sSXv06gUX3Y,00009,0,pretrain,M5tre30cRwU,00009,-3.136250553932798,8.576
train,pretrain,MoSmgcxGYYE,00059,0,pretrain,KshwSURVhZA,00006,-7.289769204606181,2.816
train,pretrain,eQdFkSSgHYo,00006,0,pretrain,uJZWcKOIZMo,00008,-3.050057524963929,9.152
train,pretrain,Mo2Ai7ESNL8,00002,0,pretrain,Yz1sNBv7oAo,00010,6.285103468509497,13.376
train,pretrain,FPhHHtn8On8,00013,0,pretrain,2KSP7HvSZwg,00002,4.217861091470628,9.28
train,pretrain,zqLYcJ6Ib3c,00029,0,trainval,QhLLMBN57AU,50005,-0.9646608228472253,5.568
train,pretrain,5tUnSuoYKoE,00001,0,pretrain,kTqgiF4HmgQ,00025,5.709790451760373,7.36
train,pretrain,h4mmeN8gv9o,00011,0,pretrain,2wu28tI9VkM,00020,-0.41887381696568227,9.856
train,pretrain,YMyofREc5Jk,00025,0,pretrain,YraU52j3y8s,00036,-5.226247861820461,13.952
train,pretrain,C8zY0oAdQrs,00017,0,pretrain,OISOhvOumT0,00003,7.087297200744157,2.304
train,pretrain,OfL5JmZnkI8,00005,0,pretrain,mw2z9lV3W1g,00015,2.5270861164265845,2.24
train,pretrain,JSuTsrxfYWQ,00012,0,pretrain,FESv2CgyJag,00023,-0.7338321248403865,8.384
train,pretrain,Qzmt2wQMhYo,00019,0,pretrain,ORBf73HiJns,00026,7.6128144991760855,12.672
train,pretrain,LSGfqyhleUA,00036,0,pretrain,iU1bhHeCkoU,00020,-4.747488935350519,9.408
train,pretrain,qYfEYvo96Hg,00006,0,trainval,mSQmfZOVNPw,50003,-3.8215510923682894,6.208
train,pretrain,hFgPtuzgw4o,00040,0,pretrain,5XD2kNopsUs,00005,3.7648148307549754,4.544
train,trainval,ab9rJPjU4RM,50002,0,pretrain,d6wGSsAdP0U,00036,4.649656566990378,3.968
train,pretrain,u9Lu85L111Y,00041,0,pretrain,hHOX3dlhhZ0,00035,0.005752207947928412,7.168
train,pretrain,OEydHbngSz0,00002,0,trainval,73rUjrow5pI,50002,4.787165703089361,4.928
train,pretrain,zbHe4RpgV80,00029,0,trainval,ZhDgwrKSBWQ,50022,7.741902802408589,6.016
train,pretrain,0iTehgSOZ8A,00032,0,trainval,2a2724wcfcc,50002,-1.0383360314253203,3.136
train,pretrain,5ftklsHZ4cU,00023,0,trainval,lXNE4MD2X2w,50007,8.137736843257176,6.016
train,pretrain,n706Sqp20Mk,00007,0,pretrain,JaFSfq2Zn7I,00017,-2.6201019512007617,6.848
train,trainval,hFgPtuzgw4o,50006,0,pretrain,rokPqHc9iD0,00039,1.4473102887407059,3.008
train,pretrain,hfDkDzZ9GsU,00011,0,pretrain,vpTHi7O66pI,00016,-9.128198188156835,6.08
train,pretrain,2KSP7HvSZwg,00012,0,pretrain,73rUjrow5pI,00027,-5.22165666888233,8.0
train,pretrain,pGSQG0IyNTo,00008,0,pretrain,5w5BhwLzoqg,00028,7.876822017645363,5.248
train,pretrain,CFtsHf1lVI4,00023,0,pretrain,XOU2ubWkoPw,00016,7.845241145599601,4.096
train,pretrain,GbYc9BOU30o,00001,0,pretrain,oDdcx5luv5s,00019,0.13797509345149273,3.84
train,pretrain,eQdFkSSgHYo,00010,0,pretrain,4KhnSz9FPmU,00019,3.8819111797982195,3.968
train,pretrain,enW2OUGzqtQ,00024,0,pretrain,7H0USvVSfhU,00032,-3.146737993905928,5.76
train,pretrain,rkKDvGA2UU0,00005,0,pretrain,Z6T37m4r3yo,00023,-9.122151262858704,2.624
train,trainval,sUf1ajkIAhY,50007,0,pretrain,LKAhTELkOV8,00005,7.207038860852894,2.24
train,pretrain,HuWMO3M1HVQ,00003,0,pretrain,BDOSUiEh0eY,00036,-0.966946604689733,4.928
train,pretrain,HEFSHP2XE7E,00019,0,pretrain,S6cX2p5cBVg,00035,9.36650002449965,12.928
train,pretrain,7pVPmmwSeJQ,00023,0,pretrain,rSxVSM0KPo0,00006,6.904581813506837,4.416
train,trainval,sa1iS1MqUy4,50014,0,pretrain,5YL3LT1ZvOM,00004,5.875131640716575,5.632
train,pretrain,wgPLGS1BvQo,00072,0,trainval,8XQ1onjXJK0,50002,-1.8157706748545408,4.608
train,pretrain,3rbVQNTzCh8,00024,0,pretrain,VekRvcbL4yk,00021,-3.701294208538326,8.192
train,pretrain,yrcaHGqTqHk,00020,0,trainval,HB2SlA68YDU,50007,-1.6669666724187433,6.208
train,pretrain,kSZEsPnhIXg,00001,0,pretrain,SJWoKsfsSaA,00015,7.134210536191681,15.68
train,pretrain,k0T6rfpYoqA,00031,0,trainval,T2jwSUhu7ok,50012,2.711286106114576,2.56
train,pretrain,omGbKQIzoWY,00002,0,pretrain,CzgS9C7gw0o,00027,-9.001212783237357,7.296
train,pretrain,CrsdoIOGCRw,00010,0,pretrain,Uq1idqpX9SA,00015,2.0606335815951162,4.032
train,pretrain,m7SuKQGPMSw,00011,0,pretrain,DwQMDyyS42Q,00041,-4.514616652838677,7.232
train,pretrain,X41iulkRqZU,00025,0,pretrain,fkPISY2Vg5k,00023,0.5582774533477224,10.112
train,pretrain,LBvHI1awWaI,00036,0,trainval,mWA2uL8zXPI,50008,-0.7121196221759512,4.096
train,pretrain,KTvSfeCRxe8,00057,0,pretrain,ofsncCF9OSU,00063,-4.384148939906489,7.872
train,trainval,bX32UShfri4,50009,0,pretrain,jguSkEMwrcc,00007,-0.1064878309234718,4.096
train,pretrain,DJGreSgaOTc,00018,0,pretrain,6qqqVwM6bMM,00017,2.005828891823789,6.016
train,pretrain,odIvobLv7C4,00007,0,pretrain,gS3iLapiTCw,00018,5.733907536700647,7.936
train,pretrain,FD5ZKiSmoMU,00054,0,trainval,Y9DsAmzNkWk,50005,-0.7627524308783311,6.016
train,trainval,vFPkEIGUofc,50002,0,trainval,sNV4yIyXXX0,50027,8.367652849320567,2.624
train,pretrain,tlS3r8Gid90,00033,0,pretrain,sPQViNNOAkw,00035,-1.9275249008774704,7.744
train,pretrain,UIAm1gSVgn0,00002,0,pretrain,yOc9mFvusDg,00007,-0.2943394276234841,7.36
train,pretrain,mymMye4purU,00025,0,pretrain,qKlzdSH2X9w,00010,5.222895710531777,4.416
train,pretrain,OSz2v42F0E0,00004,0,pretrain,YyuScSjkGSs,00016,9.144640284521707,8.128
train,pretrain,gAxSu7UgPGg,00008,0,pretrain,SqCWAsd2GP8,00022,-9.318007926313825,8.576
train,pretrain,DSSAz5nZBBM,00014,0,pretrain,9VF7kffCgJU,00006,5.8127938357033955,7.808
train,pretrain,edEs4sjlmJY,00012,0,trainval,qvEU36woPB8,50001,-1.2117134327483843,6.208
train,pretrain,xRdZXhyrO6c,00007,0,pretrain,lfBpsV1Hwqs,00010,8.603458686153282,4.352
train,pretrain,WIebxoTx408,00001,0,pretrain,t4kyRyKyOpo,00003,2.9261061538553523,4.416
train,trainval,R1vskiVDwl4,50030,0,pretrain,tFGCB51xb6U,00020,-8.389078801319311,5.888
train,pretrain,0zbHnOcGbrw,00020,0,trainval,C6mNITMY7e0,50004,9.865328478244507,4.032
train,pretrain,CFrrgfEuMwc,00020,0,pretrain,itnoDEL5QjQ,00009,5.874244962605372,12.288
train,pretrain,WWloIAQpMcQ,00020,0,pretrain,7CIq4mtiamY,00042,4.361915845694588,3.2
train,pretrain,jodhovumkHQ,00009,0,pretrain,vqPAdUeU6mQ,00003,8.699172653935182,4.928
train,pretrain,2TDLN61HKKc,00037,0,pretrain,AhKevstJyrc,00018,0.7676717567217715,9.216
train,pretrain,pX8zZdLw7cs,00006,0,pretrain,t1owaS144N4,00002,-1.4599466030899588,6.848
train,trainval,L2M15ZeTLxc,50001,0,pretrain,nLB8ASSQdHc,00016,1.2147783706586583,4.416
train,pretrain,2OH1xSaKSmI,00016,0,pretrain,pCHWOt3FOgY,00010,-2.366457208849706,3.776
train,trainval,SKx2lfobPuU,50014,0,trainval,4YS3gGpnPe8,50001,1.9227261962271385,3.008
train,trainval,ISSupr6ayqw,50001,0,pretrain,HpAaSOgpi50,00011,6.7390183300015885,5.952
train,pretrain,uJZWcKOIZMo,00015,0,pretrain,yPGwA7t6bpI,00017,-0.0365772430728466,15.808
train,pretrain,ElJxUVJ8blw,00066,0,pretrain,owl8keTUioo,00001,-7.401206601081305,6.464
train,pretrain,MoSmgcxGYYE,00048,0,pretrain,jT8G44XPYW8,00001,4.237560495241805,4.992
train,pretrain,VSUWNySSpLI,00005,0,pretrain,sPQViNNOAkw,00033,-9.55304734824772,3.776
train,pretrain,b2qM1ISJCEQ,00033,0,pretrain,jSSqQDPGW2k,00013,9.777256969251486,9.984
train,pretrain,vzi4AopBEBg,00017,0,pretrain,Cr1usGUSuL4,00006,-4.09300877743531,4.8
train,pretrain,3B24RaqA33k,00016,0,pretrain,z4fsN1DSEVk,00006,0.8352204590386414,4.224
train,pretrain,y1yK36RMyRE,00004,0,pretrain,KyamsZXXF2w,00007,-5.067572715735354,9.92
train,pretrain,MExS7F0lGzI,00006,0,pretrain,F8pUtbSgrxc,00018,6.029217273714945,16.128
train,pretrain,5RLqVpo3j20,00001,0,pretrain,C0byYFXjRJM,00016,-9.292378662281191,5.248
train,pretrain,oDdcx5luv5s,00009,0,pretrain,xlngY8QCEt0,00010,-1.994574640252596,10.24
train,trainval,drv3BP0Fdi8,50017,0,trainval,bbT8jSPS2LA,50048,-7.627433193263631,2.752
train,pretrain,ufp5iGh0agA,00027,0,pretrain,k7djE1X16og,00025,8.407937016532895,8.576
train,pretrain,VSTGxJI4JwA,00002,0,pretrain,ScGSlv9dCeY,00030,0.9222849421600969,7.424
train,pretrain,rThUrXYaneo,00006,0,pretrain,tlS3r8Gid90,00029,-4.93895740585314,10.112
train,pretrain,hVShA7g4Joc,00003,0,pretrain,CtvIX4s1bTU,00002,4.681141342315037,4.288
train,pretrain,XOU2ubWkoPw,00007,0,pretrain,vUP0ytS6ba4,00016,-7.225383573225958,3.52
train,pretrain,scITIoJvMJ0,00008,0,pretrain,akOe5SUsQ2o,00018,3.598211907856406,5.056
train,pretrain,vPhM8lxibSU,00004,0,pretrain,JDDGhGiaAZU,00030,5.096119393242478,11.456
train,pretrain,lXNE4MD2X2w,00030,0,trainval,SUkVcmKZyyQ,50008,-4.371075878215567,2.24
train,trainval,GeDSgi0A7A8,50006,0,pretrain,evfgbVjb688,00025,3.709378126527481,3.136
train,pretrain,OIpgrZ8ySSQ,00019,0,pretrain,oHDq1PcYkT4,00030,6.6711560569337,3.52
train,pretrain,Wai4ub90stQ,00006,0,pretrain,694XUHVuGQo,00010,-9.73656188558423,5.888
train,pretrain,9bbX13SfsBw,00007,0,pretrain,nko6uV5u9vg,00008,-4.015204203261533,4.032
train,pretrain,fW6AndSUByo,00040,0,pretrain,8t4Vj6lmzVo,00017,8.040880314259077,9.152
train,pretrain,mMYhgTgE6MU,00008,0,pretrain,0sYguTPLpHE,00022,-1.046580553329834,4.8
train,pretrain,OmMv9tShW8k,00012,0,pretrain,SfHRcaS6r3w,00003,-2.357181931191679,10.816
train,pretrain,SXJ20tt5nPQ,00013,0,pretrain,oDdcx5luv5s,00016,-1.1928877053285838,3.52
train,pretrain,hfDkDzZ9GsU,00013,0,pretrain,P3fIZuW9PSM,00012,9.984267644233931,5.568
train,pretrain,RAec7hRHVKs,00009,0,pretrain,F8bM8K7WSR8,00033,9.372360936875552,11.264
train,pretrain,i0a61wFaF8A,00015,0,pretrain,f8U2GwInI9o,00011,-9.894144450737027,11.392
train,trainval,AbqsMDfX9Ig,50001,0,trainval,c2tOp7OxyQ8,50037,-6.695593494847447,3.52
train,pretrain,rBt7LMrIkxg,00010,0,pretrain,esugL07XANg,00078,1.0460571447297173,5.568
train,pretrain,iOByGJskqks,00014,0,pretrain,xMS9HlSSLSA,00036,-4.277791477574359,3.328
train,pretrain,aSpHGbL5138,00008,0,pretrain,2jTdZSPBRRE,00003,3.0780993053142893,11.52
train,trainval,cOIJGGgaSIY,50001,0,trainval,GP4sBGbeF8w,50008,-1.680312714000321,2.432
train,pretrain,VNGFep6rncY,00011,0,trainval,lUO0xDSJQVI,50002,8.855790739348624,5.44
train,trainval,KTvSfeCRxe8,50051,0,trainval,PUh5msG0rG8,50004,-4.0330784895348355,2.368
train,pretrain,SDjLpMj3BDU,00005,0,pretrain,6XNrzmh0EVs,00025,6.316625860051964,8.832
train,pretrain,5T9wSTaCrjA,00007,0,pretrain,2NHV4AzSEzY,00029,8.127041932097207,7.552
train,pretrain,p2MEGk5q1WI,00056,0,pretrain,EmuzDrI7TM0,00003,-4.782194501085142,4.8
train,pretrain,U1XJJxHIQwo,00005,0,pretrain,NU82HhqhEHM,00006,1.901382201784397,12.032
train,pretrain,wMWYLgj1ydw,00015,0,pretrain,g9M3HIjHuq0,00018,7.41987878292122,8.256
train,trainval,OzvxbUnWJUc,50011,0,pretrain,MOFdlEbu15g,00047,1.4078674693226567,2.24
train,pretrain,PB2OegI6wvI,00007,0,pretrain,xossR6eHv3I,00001,2.491598802471671,6.272
train,pretrain,iSpwUpdQdyY,00045,0,pretrain,RoS2q3pSrq4,00005,-7.81075553755058,10.624
train,pretrain,80USSKwX0iU,00015,0,trainval,vdDFLzyk94k,50007,6.584831512433112,6.08
train,pretrain,nko6uV5u9vg,00003,0,pretrain,YbtrDM1aJF0,00012,-5.528843604309466,13.248
train,pretrain,iueVZJVEmEs,00008,0,pretrain,w32u2NwCve0,00021,4.217349787673395,11.904
train,trainval,kiDfwUQySEs,50007,0,pretrain,MoSmgcxGYYE,00003,5.974578908840085,3.904
train,pretrain,ZQBSh9k74aY,00012,0,pretrain,Lp5Ccer5NM8,00031,4.8002830866545025,3.776
train,pretrain,F5FYYV59Eew,00017,0,pretrain,fbAj9JfCXng,00011,-0.38458315572068,5.12
train,pretrain,DSPWxjBgvF4,00009,0,trainval,wD3S6JIUF7M,50001,7.019023568116548,6.208
train,pretrain,ARWBdfWpDyc,00014,0,pretrain,JmZpFy1QUww,00012,-1.735143879866559,32.384
train,pretrain,unNRCSj0igI,00013,0,trainval,4bHO8NZwmIg,50025,0.15794595844788262,2.048
train,pretrain,1SS2wOnkcSk,00002,0,pretrain,DShPct3oIow,00003,7.721958196777749,6.08
train,trainval,ESlb3D7AySM,50001,0,pretrain,vrU6YJle6Q4,00049,-9.594308957752375,5.248
train,pretrain,VoCOzuWOgSY,00031,0,trainval,ASOvJjAw2Jo,50002,2.253050824003216,5.888
train,pretrain,IDSSieLCmS4,00003,0,pretrain,HH3m1OSiOT0,00009,9.791415892197119,10.048
train,pretrain,7oQY0uC52jY,00002,0,pretrain,MOFdlEbu15g,00045,0.9076754139721359,5.12
train,pretrain,Sd7lvPpDDUg,00009,0,pretrain,U5SyBjKKicA,00022,-1.3823757907820102,7.296
train,pretrain,b3H9V1jq0A8,00021,0,pretrain,p2MEGk5q1WI,00036,5.140129000531331,9.536
train,pretrain,7npLVcymHGc,00014,0,pretrain,J9SXc9wxByM,00034,8.297316140812708,5.12
train,pretrain,7Z9xCX4ifJo,00017,0,trainval,AJYRJ92g4GI,50003,-1.4857903083080704,4.352
train,pretrain,Hc6yiSFtoNo,00034,0,trainval,ufp5iGh0agA,50001,7.0471931252149105,5.12
train,pretrain,vwhSTukb07U,00010,0,pretrain,SfQVotsYV0Q,00020,-3.388219415269944,3.712
train,pretrain,tAcQfn96yFk,00011,0,trainval,AgMOJC5R4F8,50012,-7.667568420468161,2.688
train,pretrain,WHjKnNbYiOs,00009,0,pretrain,XO1MeSMYSQ0,00005,-9.502578548810416,3.328
train,pretrain,sHdYaMyR5S8,00014,0,trainval,jfqwHT3u1S8,50001,1.1325720045678818,6.016
train,pretrain,b9jb9UjCpik,00032,0,trainval,sEOSCziWuP8,50001,1.3455961947191035,6.144
train,trainval,aIFFFGf1ZRE,50028,0,pretrain,Ai7SOP5Zlc8,00008,-7.522721090356004,3.072
train,pretrain,B9DdIivSGts,00006,0,trainval,6MBaFL7sCb8,50019,-5.173973538816552,6.144
train,pretrain,Sb2qXygFm8U,00021,0,pretrain,MtSE4rglxbY,00028,5.339670556196584,4.608
train,pretrain,eGoSdLNceEk,00019,0,pretrain,VohNDqzWP9E,00006,1.079624479402959,7.616
train,pretrain,fbeFn1Xcqo4,00051,0,trainval,DWZsOe1j2w0,50001,7.09786944851594,5.888
train,pretrain,EszGIvRdgTE,00021,0,pretrain,jKAehegqTvg,00006,9.326949162552186,3.456
train,trainval,XiSPD5aZT7Q,50005,0,pretrain,BA8XOF6IpXA,00009,-3.331163294238464,4.416
train,pretrain,avuhY7D71sQ,00006,0,trainval,DEmjzXi2lfI,50023,3.944142834377214,3.328
train,pretrain,FRKg49ySnNw,00007,0,pretrain,pNttjJUtkA4,00007,6.918753222111658,9.408
train,pretrain,KyamsZXXF2w,00031,0,pretrain,01GWGmg5jn8,00030,1.1190215592133441,6.4
train,pretrain,lUO0xDSJQVI,00003,0,pretrain,lzSkIDxbzGA,00015,-3.2800853348737258,5.312
train,pretrain,XGq3MXQlRJs,00035,0,pretrain,jNsgQiTS45s,00009,-2.0008940190852336,5.248
train,pretrain,kSR8G8mfp84,00006,0,pretrain,68c2M4r9oQg,00006,4.073454471260142,7.552
train,pretrain,ORBf73HiJns,00019,0,pretrain,lyRSK2CZIHQ,00001,4.180081955042127,18.368
train,trainval,V1K3GvSKyJQ,50002,0,trainval,2ju61VPdTzw,50005,6.263361107512097,3.584
train,pretrain,zmDENxTPn8Q,00014,0,pretrain,Fc1yN6uxZfQ,00014,8.768622776642484,4.608
train,pretrain,F8pUtbSgrxc,00020,0,pretrain,GB4s5b9NL3I,00027,-9.639053124539132,8.448
train,pretrain,RrFSO62p0jk,00034,0,pretrain,8tEuaj4h8dw,00015,-2.936160564776829,11.648
train,pretrain,yLjxoscCi0A,00037,0,pretrain,SxwLfSlkJDI,00008,7.400872633803999,3.072
train,pretrain,ElJxUVJ8blw,00013,0,pretrain,Svo01ldlTQc,00016,-3.3133696700998865,5.504
train,pretrain,IGadg8xHVPI,00015,0,pretrain,150cqgYh8sQ,00017,5.644573068656623,5.696
train,pretrain,tkIgSSxPzTA,00002,0,pretrain,KzeQSZ3bQ2g,00031,9.699340250159658,6.208
train,pretrain,d0yGdNEWdn0,00005,0,pretrain,AS3Pyc4Qr2Q,00039,7.080492313140322,10.048
train,pretrain,QbxinUJcLGg,00018,0,trainval,b28brIs1OmM,50005,8.127790429833297,6.208
train,pretrain,csnxJFQw98k,00001,0,trainval,BcTOSxcv2So,50001,-5.433548222375748,2.368
train,trainval,wn8S33NBB04,50001,0,pretrain,MLU7qcMYKO8,00027,-3.7935443822017323,3.2
train,pretrain,iRSjlgWE9GQ,00032,0,trainval,BgbD67U0BAQ,50001,-3.853514172516075,2.048
train,pretrain,evfgbVjb688,00036,0,trainval,vcfrsYWFR78,50001,0.895307403215007,5.888
train,trainval,6fJRmouSDL4,50008,0,pretrain,gXlIASSrI4E,00027,7.77508789624509,6.208
train,pretrain,gVLu99Ja2mA,00006,0,pretrain,1S9RVl1dSl4,00003,-0.3446604775358786,6.656
train,pretrain,N7wF2AdVy2Q,00034,0,pretrain,iNPsDky1z94,00007,-5.706943746662583,5.44
train,pretrain,v7UKkzIaSsQ,00030,0,pretrain,RVX8ZSAR4OY,00011,4.927715230904235,4.736
train,pretrain,4jUdCy6Vghw,00034,0,pretrain,Ogce5D2XMZ0,00014,-3.9666093028804283,11.584
train,pretrain,ueOqYebVhtc,00002,0,pretrain,8pHzROP1DSw,00027,0.5750730097476957,9.536
train,pretrain,jzfV2xVsUKc,00027,0,pretrain,xNiBDGBw4Zs,00014,4.785402790366508,4.48
train,pretrain,9yEl0SbCA9M,00006,0,pretrain,jUHE4SE3Mcg,00014,-1.3794894526116224,6.4
train,trainval,40riCqvRoMs,50001,0,pretrain,ZChEFOGSn8Q,00042,-9.569533069685983,2.752
train,pretrain,BA8XOF6IpXA,00030,0,pretrain,2m9kC1yRnLQ,00013,3.020695698823271,5.696
train,pretrain,fvoWoMIwrSg,00007,0,trainval,N0vRIqeoefs,50002,-6.18135825647583,6.144
train,pretrain,pz1TDXKSTHc,00021,0,pretrain,FQdQhV1yjfc,00002,9.342970509392472,4.48
train,pretrain,xnovQVRHj5c,00054,0,pretrain,kTqgiF4HmgQ,00037,2.703637146700652,8.896
train,pretrain,PuroSL7O4eY,00012,0,pretrain,8S66QUJk3w4,00023,-6.322065713371234,3.84
train,pretrain,EDLWWP8N6MU,00014,0,pretrain,Chfoo9NBEow,00017,-5.218099794107696,16.96
train,trainval,zcMj4Az1MwE,50002,0,pretrain,Mr8nvXvlSy8,00007,-6.553099462693222,5.76
train,pretrain,DlGUSNXOdpQ,00015,0,pretrain,BURbLmQL1BE,00006,5.023811796305928,6.08
train,pretrain,m0ZPM5I1tTg,00037,0,pretrain,2t13Rq4oc7A,00035,-9.641588890102522,6.208
train,pretrain,chXsLtHqfdM,00029,0,pretrain,ISSupr6ayqw,00025,-6.959046888349114,4.096
train,pretrain,snkrS1C2e7U,00013,0,pretrain,U1XJJxHIQwo,00017,-0.45418561040652783,4.16
train,pretrain,04VbxnzUwes,00021,0,pretrain,eqDgt12m26c,00030,-5.393307300539094,23.168
train,pretrain,Q80MfH7xPPE,00024,0,pretrain,Qhomjw2PSV0,00011,0.5185531208385612,11.136
train,pretrain,UxLRv0FEndM,00007,0,pretrain,cOIJGGgaSIY,00042,3.2738161063349978,4.8
train,pretrain,6ul2TSvUDog,00010,0,trainval,sa0RUmGTCYY,50022,3.0252948415295666,4.608
train,pretrain,utV1sdjr4PY,00014,0,pretrain,dm4fvbrMLPw,00009,-6.596440113923401,4.288
train,pretrain,XKiQl5WZQ5I,00003,0,trainval,DkyMCCnNI3Q,50008,5.998089102089338,2.112
train,pretrain,jryCoo0BrRk,00021,0,pretrain,0qYTf9evWeY,00045,7.311343442610628,13.44
train,pretrain,YkzwHuf6C2U,00007,0,pretrain,uaB6Bdgp3WU,00009,2.3508103890893786,19.84
train,trainval,HCgvSHNoJrY,50002,0,pretrain,vEli4dfAXrM,00019,1.5164444834853263,4.992
train,pretrain,QQ0K98XDvds,00009,0,pretrain,o0VrZPBskpg,00003,-3.599005610023596,7.168
train,pretrain,F73O3Sim0Wo,00021,0,pretrain,b2qM1ISJCEQ,00023,6.314300308940851,11.84
train,trainval,mi9B40hZYAo,50013,0,pretrain,Y2y7BzjbSNo,00034,-6.463583582759633,3.968
train,pretrain,SC3DVeWT09w,00008,0,pretrain,U4Lx5rcii38,00031,-9.562348786576182,8.256
train,pretrain,hfDkDzZ9GsU,00021,0,pretrain,xmlekZSSOWE,00004,0.397318829898488,10.048
train,trainval,sHJZRPWXQ9s,50016,0,pretrain,CiSk3gmyjQ8,00009,-6.5539309342345415,6.144
train,trainval,8m5Ebx6nuGE,50004,0,pretrain,NcPusGLnqAc,00005,-4.991991401397797,2.24
train,pretrain,sHdYaMyR5S8,00010,0,pretrain,2OH1xSaKSmI,00009,1.4209074667440529,4.16
train,trainval,tTcl5I0Wbzk,50018,0,pretrain,YsUAEFJsOdA,00007,-5.221842150579141,2.176
train,trainval,RmXiItk49Gw,50005,0,pretrain,uQGYr9bnktw,00016,6.8621099490333926,2.048
train,pretrain,eHlu6ViSwxo,00004,0,pretrain,j7c9b9A2AHc,00036,-0.6745868348250568,11.008
train,pretrain,Hc6yiSFtoNo,00014,0,pretrain,HlnhCdujYco,00015,7.295079405124717,7.04
train,pretrain,5pIGDw18mIQ,00022,0,pretrain,VGpZ06RlVfI,00004,-5.983203975531188,10.944
train,pretrain,cfNaMMItHAI,00002,0,pretrain,jKcm96l0uqE,00001,2.5323148320820454,7.04
train,pretrain,1SPazvfN9EU,00001,0,trainval,kiDfwUQySEs,50003,8.418264506953854,6.016
train,pretrain,r2SX7mTUirk,00012,0,pretrain,3SAZ5R2SC88,00003,-1.1344924141616595,8.32
train,pretrain,gto6w0a13B0,00018,0,pretrain,mUJdzaLDRIo,00064,-9.482838430755551,18.624
train,pretrain,bhHJ4DRZNZM,00029,0,trainval,N4wFyRGilp4,50006,4.1812181137099635,2.432
train,pretrain,1gdKrtwBGqY,00013,0,trainval,5QGApheKRc0,50004,-1.4890057822549156,6.208
train,trainval,eIho2S0ZahI,50008,0,pretrain,pk35J2u8KqY,00027,5.441975993939641,3.136
train,pretrain,yA9xQB547Yo,00015,0,pretrain,IDSSieLCmS4,00016,6.6167544456718055,9.216
train,trainval,KDBcoRLkut8,50009,0,trainval,501FEzbB1JI,50010,-5.381868957162512,2.176
train,pretrain,qFza3W87eDg,00013,0,pretrain,CiLnSGrcuEs,00031,4.685268328319854,5.696
train,pretrain,MvojSku8zk0,00013,0,pretrain,2R3Njv0LjjM,00027,4.726683498051132,10.56
train,trainval,gdg4mUSwuhI,50003,0,trainval,RmXiItk49Gw,50006,-6.223411852615321,2.048
train,pretrain,9EglK8Mk18o,00036,0,pretrain,ZcFRfJb2ONk,00005,9.925001688007157,13.504
train,pretrain,OFbF16DVTXY,00001,0,pretrain,eHzLV1LM4Rs,00005,-5.32618656852309,8.768
train,pretrain,JSuTsrxfYWQ,00007,0,pretrain,JBLc4Ekl3BA,00016,1.8023836967684925,8.128
train,pretrain,esugL07XANg,00084,0,pretrain,q06YIWCR2Js,00035,-3.1164091244834013,11.52
train,pretrain,YraU52j3y8s,00032,0,pretrain,U5kIdtMJGc8,00022,2.5892568987680704,3.456
train,pretrain,JmZpFy1QUww,00003,0,pretrain,WQG8EJTY48M,00003,4.830180565402554,7.744
train,pretrain,1gTNgijhKzw,00024,0,trainval,M8CTOjQhJFo,50002,-8.665612388625505,5.824
train,pretrain,3GFG6Cvy9HQ,00044,0,pretrain,dhDBxxOKGlg,00009,-6.224117186872071,14.336
train,trainval,FzAyOddR5u4,50005,0,pretrain,c00zfzk4gdg,00034,8.244508389999812,5.632
train,pretrain,Nt88TSEAgDE,00011,0,pretrain,x4lASM3zbdU,00016,-6.8845002001054585,3.968
train,trainval,9EglK8Mk18o,50035,0,pretrain,6wk4dkYSrV0,00034,-1.4611706018796937,6.016
train,pretrain,eNC1h5H5cJA,00009,0,pretrain,hBtXiTumdY0,00007,-5.270261495389992,7.68
train,pretrain,oHBKqCI4Fgg,00018,0,pretrain,x4lASM3zbdU,00009,-5.034259866743042,3.584
train,pretrain,3F2jACWwKdU,00001,0,pretrain,Wn1imxwGscs,00004,-1.5464973430088573,17.152
train,pretrain,WAuDCOl9qrk,00021,0,pretrain,e450FJaS3no,00012,9.739826005136656,8.064
train,pretrain,QbSD6PTcmfs,00010,0,pretrain,pbotabqHUys,00019,1.0152538177719688,7.424
train,trainval,SJyE40koQyA,50005,0,pretrain,zbHe4RpgV80,00023,2.3291148993717776,4.352
train,pretrain,rfOMqehlSZA,00007,0,trainval,KI3WJXNhCJ8,50011,2.7235506026475242,5.888
train,pretrain,chXsLtHqfdM,00009,0,pretrain,d5wfMNNr3ak,00007,9.824404741297272,8.0
train,trainval,N39xSWTPix0,50002,0,pretrain,GcJxRqTs5nk,00002,9.737952720885275,2.56
train,trainval,kYXiegTXsEs,50006,0,trainval,Mr8nvXvlSy8,50004,0.7186955109991171,2.176
train,pretrain,73rUjrow5pI,00024,0,pretrain,4Lr1dvOjSUw,00002,7.161230312876135,19.328
train,pretrain,dk60sYrU2RU,00008,0,pretrain,ZJXxySanins,00006,-5.858570977766185,6.208
train,pretrain,6wk4dkYSrV0,00024,0,pretrain,rAAY1jOZFSE,00007,5.000516483006624,8.448
train,pretrain,MywGrRvNkWQ,00001,0,pretrain,6a6vVIdQBd0,00001,-7.838621985694061,4.8
train,pretrain,uYaF8pSTNSU,00067,0,pretrain,ldhppc7GmZg,00020,-6.90019878847238,5.056
train,pretrain,O2OQxHNVLNY,00005,0,pretrain,cnDEVgxD6QQ,00020,-1.753257930503338,3.136
train,pretrain,FVSc2FnPnDE,00022,0,pretrain,xGGtRQ3wCB4,00005,6.273056217420827,6.848
train,pretrain,uRxwQsrI560,00013,0,trainval,VSJpBJal3F8,50009,-6.0265762378940995,3.328
train,trainval,qdiF1fSGfyM,50001,0,pretrain,FSNEIwDiCSw,00020,-2.140191226483525,3.648
train,pretrain,k4vzhweOefs,00048,0,trainval,JmZpFy1QUww,50011,6.522502196034047,5.504
train,pretrain,1krVk4CMy98,00002,0,pretrain,OSz2v42F0E0,00029,7.09863494942697,3.52
train,pretrain,6vLrreR6YOE,00032,0,pretrain,AK9OBSx77S8,00017,-0.334552829698449,7.808
train,pretrain,IgKWPdJWuBQ,00014,0,trainval,dcwuBo4PvE0,50015,8.077551761834311,5.888
train,trainval,DW5YctpK7pM,50005,0,pretrain,3icoSeGqQtY,00011,3.561053591423475,6.016
train,trainval,Ttshw4mELNk,50002,0,pretrain,tj2jeYqfLuA,00002,7.351012134316186,3.328
train,trainval,5tUnSuoYKoE,50003,0,pretrain,j3YjeARuilI,00005,-7.129806443191635,2.56
train,pretrain,AIfBSkVI6NQ,00016,0,pretrain,fYUaWgVF2XA,00024,-2.933872433045968,5.44
train,pretrain,Mjl1i13JKNM,00004,0,pretrain,xSLkNjQyHww,00023,3.2681033132838717,7.808
train,trainval,Z9dt5qlgO24,50004,0,pretrain,dj4Qk5rUmRw,00014,-5.384606934018679,2.816
train,pretrain,C0byYFXjRJM,00008,0,pretrain,bEdvQjTGYP8,00002,-5.970902397354962,7.04
train,pretrain,5cQoGNEcc5Q,00012,0,trainval,o1abyP4zfGg,50004,2.4291148478520768,3.2
train,pretrain,xeFl0RE31x0,00008,0,pretrain,YO0lbdhF30g,00033,-0.1639232837899094,7.616
train,trainval,IdW9UYlxlVY,50031,0,pretrain,ZCRC5S0kfiw,00026,6.9471429365271895,6.08
train,pretrain,aR6jLD1USW0,00028,0,pretrain,cdpIwjTtLlg,00019,-8.151697798382529,3.008
train,pretrain,X1LtIS8VGkk,00006,0,pretrain,MywGrRvNkWQ,00005,-9.721471288458545,7.168
train,pretrain,Ftnb2fpJ664,00026,0,pretrain,4wOxJOPnSUg,00003,5.3066271170412715,3.392
train,pretrain,CKEGaSJi3bk,00016,0,pretrain,niASMK9RoAI,00005,-1.490666792190357,3.328
train,trainval,cPL2FE7ZPTg,50011,0,trainval,yG7v4ySxwzQ,50009,-6.2041661616708605,3.2
train,pretrain,3q3WOrs8kAM,00002,0,pretrain,ImmtTHYU5GQ,00001,6.903055450339181,7.744
train,pretrain,WxUf326kZ1I,00004,0,pretrain,69szjo8bt14,00013,2.385096356613614,5.504
train,pretrain,n4EhJ898rSk,00018,0,pretrain,gSCSsL3it9Y,00006,-9.778065024352237,5.568
train,pretrain,iNPsDky1z94,00015,0,pretrain,2KSP7HvSZwg,00001,8.145215111488273,2.368
train,pretrain,2j00U6lUCSc,00017,0,pretrain,Zq7QPnqLoUk,00028,-1.794258082620761,9.536
train,pretrain,dbic3JCX1jo,00004,0,pretrain,ay8OMOsf6AQ,00014,1.9717368784179499,8.576
train,trainval,bIiXsBVTfHc,50001,0,pretrain,n9ZSpccScW0,00029,-7.550512307612449,6.208
train,pretrain,501FEzbB1JI,00017,0,pretrain,AlsFSLXjVdw,00013,-5.275688333323172,8.0
train,pretrain,yg8SBuTuoKk,00008,0,pretrain,SYHG5y4tvLw,00020,-3.6940936611072654,14.336
train,pretrain,c2tOp7OxyQ8,00008,0,pretrain,chXKZC4D42k,00013,4.329208596459928,8.96
train,pretrain,iU1bhHeCkoU,00016,0,pretrain,KTTtn0iSZyA,00017,9.818182241146559,3.2
train,pretrain,NaoSp4NpkGg,00001,0,pretrain,SGG97dDfZ7E,00022,2.831349227363699,5.888
train,pretrain,uPE0G00XFV0,00008,0,trainval,3f5lk3PZh74,50008,8.654480633525722,5.76
train,trainval,wn8S33NBB04,50003,0,pretrain,hfznpykprP0,00012,8.070667245002568,5.888
train,pretrain,Kqm9AEvJgxU,00002,0,trainval,v3SZTqj2Skw,50005,-5.782051645988804,6.08
train,pretrain,Tmk7nAvpMXQ,00003,0,pretrain,Qj4xf3U8dh8,00014,-8.577161995453594,7.168
train,pretrain,Tmk7nAvpMXQ,00026,0,pretrain,Td2hfdXQ5x8,00032,8.888787290947949,6.976
train,pretrain,pWaxi4H2xPU,00018,0,trainval,IfqdMoKVIR0,50002,7.205389712364095,5.824
train,pretrain,q9Ou0cj3fF8,00022,0,pretrain,ASOvJjAw2Jo,00012,-2.254185378542724,4.096
train,pretrain,ruvWiXowiZ8,00007,0,pretrain,U9BzgnX3z6Q,00021,-5.914922468103175,7.296
train,pretrain,UwtYQFSJSQc,00010,0,pretrain,qesLGw23SzQ,00006,-1.5889419930308453,5.376
train,pretrain,g985z9Wq5gk,00021,0,pretrain,BQnOTJH3w4s,00005,-9.539699635251072,11.456
train,pretrain,LhjsRjC6B8U,00020,0,pretrain,oHDq1PcYkT4,00002,0.23922361233116796,10.176
train,pretrain,shqLZyONA0M,00009,0,pretrain,YyuScSjkGSs,00025,-7.5035835777275794,8.064
train,pretrain,wgPLGS1BvQo,00017,0,pretrain,3TXSNu5wTS8,00004,-4.04313328037478,4.288
train,trainval,j8T3bdqTdp4,50002,0,pretrain,FDhlOovaGrI,00016,-1.946795405888535,3.328
train,pretrain,RhgrbQmYOSY,00022,0,pretrain,ZzugJPASNB8,00011,-1.3253309749964828,6.336
train,pretrain,mA1vshSuyQU,00004,0,pretrain,mulbSSAULSo,00009,6.239182184259718,13.12
train,pretrain,AP8i435ztwE,00019,0,pretrain,2VWSSFSUeQI,00035,8.316012214253718,5.888
train,pretrain,buRLc2eWGPQ,00045,0,pretrain,T8VS0LUCgmk,00019,-6.300972846341201,4.416
train,pretrain,QoRZNSVpt3Q,00008,0,trainval,E0M1beV91js,50005,7.969810419086709,6.208
train,pretrain,AGivotqSrd0,00035,0,pretrain,m0ZPM5I1tTg,00008,7.62145093283079,6.784
train,pretrain,p9UC0chfXcg,00015,0,pretrain,bnvnBwP9sTo,00004,7.139888953626425,8.96
train,pretrain,evfgbVjb688,00018,0,pretrain,gBkIyJ7kfSI,00042,-6.826251772400487,10.688
train,pretrain,EBKSa94IFHY,00029,0,pretrain,z5aAJGNSRHs,00020,7.444829966552476,13.632
train,pretrain,MoSmgcxGYYE,00035,0,pretrain,u8bsCiq6hvM,00013,6.671945679315364,4.224
train,trainval,DtT6S1vtjzQ,50003,0,pretrain,mozxTk3Brqw,00014,-4.470712864977617,6.016
train,pretrain,FrgzvykPILc,00043,0,pretrain,utV1sdjr4PY,00019,-4.32029201938316,5.632
train,trainval,fLJsdqxnZb0,50018,0,pretrain,eLz9TvxGoKs,00030,-9.394220191607888,4.096
train,pretrain,y2yka9lyvMA,00065,0,pretrain,xqPJKtFI42U,00019,7.102856524547413,9.6
train,pretrain,tSSNoFstCmQ,00032,0,pretrain,0C5UQbWzwg8,00005,6.348308184484161,8.96
train,pretrain,sE3gxX5CiW0,00018,0,pretrain,j3qs0q4RBHY,00016,4.940912933833593,7.808
train,pretrain,PkcBE74OYJw,00008,0,pretrain,be03wdS5Klc,00004,4.07382997774554,5.824
train,pretrain,VGUnvr6ImOo,00019,0,pretrain,xx310zM3tLs,00016,-3.3224630896291174,8.256
train,trainval,LgntY0dOfSc,50008,0,trainval,7ZWTG0SeCEg,50002,-1.0639934299039755,2.88
train,pretrain,bk65ivyQZy8,00023,0,pretrain,q319HSSLs9Q,00023,2.7868695953383096,8.704
train,trainval,GjINFuwLGvQ,50003,0,pretrain,o8xWaNpSlbI,00011,4.95024325278119,6.208
train,pretrain,SGzenQjZSpU,00035,0,pretrain,u9hauSrihYQ,00039,4.076386203745411,4.992
train,pretrain,3WCwBVprDuQ,00027,0,pretrain,ayOmOaXC0Z0,00005,9.829064813685864,4.16
train,pretrain,7pVPmmwSeJQ,00028,0,pretrain,fIXnJycnkaQ,00001,1.883533279279412,8.256
train,pretrain,GFXHYtY9ag8,00004,0,pretrain,vHhn7z6BA0w,00016,1.9908397236043722,11.968
train,pretrain,fbeFn1Xcqo4,00009,0,pretrain,mmhedbY8wjU,00003,9.220544886773418,6.336
train,pretrain,hSSmmlridUM,00017,0,trainval,QW8muMXpkRg,50001,4.531958541517682,2.048
train,trainval,BT2XlI8oeh0,50004,0,pretrain,cHSQGnhdSi4,00018,-5.091880426828192,5.824
train,pretrain,y3jYVe1RGaU,00045,0,trainval,ZVRbSuY3h9w,50008,8.257392132789334,3.84
train,pretrain,zcMj4Az1MwE,00024,0,pretrain,PYSkd46RfVE,00023,1.6453814318073174,8.96
train,pretrain,BQj2ZSGPsY8,00006,0,pretrain,8sheoGMsy3Q,00004,3.6861609093046113,5.696
train,pretrain,IMjn62naclM,00028,0,pretrain,0FkuRwU8HFc,00039,-6.097897062533648,6.592
train,pretrain,g2J6YOiLNr4,00022,0,pretrain,Bc2wVyl8RLI,00003,-7.070537668419279,11.264
train,pretrain,16cMSRFid9U,00031,0,pretrain,IBoJcDlqmo0,00026,-6.4230440504553465,3.84
train,pretrain,yzm4gpAKrBk,00039,0,pretrain,moS9iMlmsP0,00032,2.6459123837280174,5.76
train,pretrain,vwhSTukb07U,00025,0,pretrain,2Shh4UkPVCc,00022,-5.046434702763191,10.24
train,pretrain,bCjfy8Z7dv8,00011,0,pretrain,hyHUVPG33QI,00017,8.92685970324693,5.632
train,trainval,cn9Q4c3dXGU,50002,0,pretrain,2dnSoGaEHxs,00008,8.495099975952204,6.016
train,pretrain,o3oDpCb7VqI,00030,0,pretrain,LNohxpJntZo,00011,-8.989697549920123,3.776
train,trainval,ShFk6FDrZBc,50003,0,pretrain,EUYLa7MAlPc,00034,9.548159800152717,6.016
train,pretrain,VnzBGZA2z3w,00013,0,pretrain,F17SKiAZOxg,00012,-4.007673329553869,4.096
train,pretrain,uNDWvejza4c,00029,0,pretrain,qKlzdSH2X9w,00026,-8.951754907614617,6.08
train,trainval,yg8SBuTuoKk,50009,0,pretrain,luFjmQJpPSU,00003,-0.03138003471056372,6.016
train,pretrain,TZy5Srsksls,00016,0,pretrain,7jx0dTYUO5E,00043,-8.628406570753032,4.48
train,trainval,N7wF2AdVy2Q,50009,0,pretrain,shqLZyONA0M,00014,-6.182315338221853,2.112
train,pretrain,1lUAhRSACKQ,00004,0,trainval,SFOCpMAww28,50004,-9.929137270245938,5.952
train,trainval,ReCvreRPdeY,50002,0,pretrain,uWfLwKHSEko,00034,-4.946686778381528,4.032
train,pretrain,Phf66nAoMIk,00002,0,pretrain,x1177phymxY,00007,3.956797593182678,4.672
train,pretrain,yTR4sADS4qM,00012,0,pretrain,bvAEJ8G9l9U,00016,1.4274734585721731,4.8
train,pretrain,UeKZYCq3s0E,00007,0,pretrain,57FMau29OSg,00012,1.0453398329449204,6.848
train,pretrain,PXMJobWlXks,00001,0,pretrain,Mlt6kaNjoeI,00005,-8.03982133178369,9.92
train,pretrain,IHBGLHgIWJM,00022,0,pretrain,3GFG6Cvy9HQ,00012,-9.384291017460846,5.504
train,pretrain,7Oe11XnBvA8,00030,0,pretrain,xqPJKtFI42U,00025,-7.916902808334498,6.4
train,pretrain,2cYDyMnL4M8,00042,0,pretrain,gMNlRovT5x4,00007,-9.598484421078497,3.776
train,pretrain,dXMAS2tIknw,00001,0,pretrain,796LfXwzIUk,00007,-8.930087305911943,10.304
train,pretrain,AAxJL17gZhk,00025,0,pretrain,rMeIzXvYaYI,00018,4.702525068107947,11.968
train,pretrain,Mr8nvXvlSy8,00016,0,pretrain,jNsgQiTS45s,00013,8.960606825118298,2.176
train,pretrain,4fyvDMFriRI,00027,0,pretrain,acJscdoP2a4,00025,-3.040958636793409,10.24
train,trainval,QhLLMBN57AU,50027,0,pretrain,j7c9b9A2AHc,00051,1.9131157777204493,5.76
train,pretrain,ruvWiXowiZ8,00003,0,pretrain,uRxwQsrI560,00005,-2.67427727079186,4.672
train,pretrain,AzcMEwAxSP8,00009,0,pretrain,yOc9mFvusDg,00016,9.198991955590124,8.768
train,trainval,M3mnUMmUAHQ,50007,0,pretrain,AU66C6HePfg,00031,0.7251358701434931,4.16
train,pretrain,aIFFFGf1ZRE,00001,0,pretrain,Mgbf3cq7lms,00016,2.051301525389359,5.76
train,pretrain,8jPQjjsBbIc,00012,0,pretrain,4a6ZRstYlgw,00017,-1.6474150663346716,6.976
train,pretrain,OibJT7GSwyo,00041,0,trainval,SjaWs87t5UM,50007,-8.78667939969214,2.496
train,pretrain,EBKSa94IFHY,00016,0,pretrain,r9DDE7NV1Nw,00009,9.343639425235544,3.968
train,pretrain,mCZCokSu37w,00004,0,pretrain,5XD2kNopsUs,00022,-1.72749402827111,3.008
train,trainval,CfqO1U6lfDs,50001,0,pretrain,ElJxUVJ8blw,00010,-8.212607305571451,2.112
train,pretrain,wIkvIKeRNoY,00006,0,pretrain,G8cjIBwP52o,00023,-8.099932033067205,3.328
train,pretrain,jT5rRh9AZf4,00026,0,pretrain,KCr8s57hdzY,00056,6.313059488715453,3.456
train,pretrain,0NV1KdWRHck,00014,0,pretrain,RKK7wGAYP6k,00006,-2.109944490065798,6.592
train,pretrain,WkNpElapS9s,00013,0,pretrain,7s2CoqypMLg,00002,-2.216175779957423,3.968
train,pretrain,Tmk7nAvpMXQ,00028,0,pretrain,Cd0JH1AreDw,00020,-4.440255164081536,3.648
train,pretrain,E4ptaIDAIlY,00002,0,pretrain,EwuunRJgoBw,00003,-7.485879938824853,6.272
train,pretrain,1joQ8ZhX2o4,00001,0,pretrain,N9HF8mMe2pU,00041,9.962798911457117,8.448
train,pretrain,YsASJTeHJ6A,00020,0,pretrain,ZMGZQZRIsJE,00001,8.849161144548379,6.848
train,pretrain,rxeLnx5UEEk,00006,0,pretrain,mwzBJF5Q7Vw,00026,4.479258799031632,5.056
train,pretrain,v3SZTqj2Skw,00022,0,pretrain,97MWOERYSdE,00009,-7.381684341217529,3.904
train,pretrain,AFRmGkdXkxA,00004,0,trainval,MIRoB4LStDY,50007,-4.917820453950359,3.648
train,pretrain,YZa4sdIwV04,00017,0,pretrain,bB5zR2xYhm4,00019,8.841953709899315,11.52
train,pretrain,DOYASAY7dO4,00026,0,pretrain,WfjzkO6SDEI,00036,-8.791192333672168,4.8
train,pretrain,syjEN3peCJw,00036,0,pretrain,nItwVO9stX8,00007,4.538281454150489,8.384
train,pretrain,EszGIvRdgTE,00025,0,pretrain,RjrS5EqZlUs,00024,-6.707415764682043,10.688
train,pretrain,W4LYn4mIP18,00002,0,trainval,drv3BP0Fdi8,50025,3.493094070211736,4.416
train,trainval,wn8S33NBB04,50018,0,pretrain,xnovQVRHj5c,00036,-8.429869442826751,6.208
train,pretrain,zQfB85apRy8,00004,0,trainval,ygRNoieAnzI,50007,-4.915003929218075,3.264
train,pretrain,I2xDZlpInik,00029,0,pretrain,O8e8TtfzSpY,00015,5.966027285427266,11.648
train,pretrain,dTwXeZ4GkzI,00008,0,trainval,SCEKKHyxgaw,50012,2.241919811389092,6.016
train,trainval,F0ofeD8VKMA,50017,0,pretrain,EEWTNYovKfE,00006,-7.790677543794386,2.688
train,trainval,vzi4AopBEBg,50014,0,pretrain,bkeBjPS9ZR4,00009,-2.54640396383937,2.496
train,pretrain,MwzqSswl4cI,00046,0,pretrain,jv8m8rycnQs,00009,-9.955267367760383,8.832
train,pretrain,HQzXqjT0w3k,00035,0,pretrain,JKsHhXwqDqM,00013,-5.277055785200313,9.408
train,pretrain,jpeSLKnS4gM,00048,0,pretrain,syjEN3peCJw,00030,0.9678836879772206,3.712
train,pretrain,G88JZ1DIdg8,00003,0,pretrain,CGksAjzI0go,00015,0.11104563440847137,4.928
train,trainval,nubSKdtzLcE,50012,0,pretrain,tAReayFqUEY,00014,0.16477096961720683,6.016
train,trainval,5Jqk1rkuUwU,50012,0,pretrain,vcxwcWuq7KQ,00013,6.59696921215405,3.136
train,pretrain,Br1AIvMrvAE,00017,0,pretrain,o3oDpCb7VqI,00044,8.468574739773892,4.992
train,pretrain,1YO1FmVAPrA,00003,0,pretrain,ORBf73HiJns,00039,5.1198725602180915,7.872
train,pretrain,syqScVtnKuU,00067,0,pretrain,moS9iMlmsP0,00029,-1.4447068185664236,6.656
train,pretrain,ZJodZcGfTVE,00013,0,pretrain,th3nnEpITz0,00022,-0.884084762110394,11.648
train,pretrain,szU2S1infqc,00015,0,pretrain,wQ0NNmo42SA,00017,7.5510304583993495,9.472
train,pretrain,YiXdS9DFCOQ,00005,0,pretrain,UROCz70tlMY,00016,-7.397472932917428,4.992
train,pretrain,ppZ2WIlRvR8,00018,0,pretrain,mw2z9lV3W1g,00024,5.891304115316874,9.6
train,pretrain,4u636RVZTIY,00008,0,trainval,BMOjVYgYaG8,50001,-9.473908150377572,3.328
train,pretrain,y1yK36RMyRE,00025,0,pretrain,ljqra3BcqWM,00040,6.70295562652128,4.48
train,pretrain,8t987Lxt1t4,00015,0,pretrain,ddek3gQVt9Y,00031,6.786401699291606,5.696
train,pretrain,NMBNZspmn7I,00013,0,pretrain,CyElHdaqkjo,00037,-6.9411325434336995,7.36
train,pretrain,gC1CVOn8JQk,00006,0,pretrain,eSBZigXlphY,00001,-8.348985300695604,4.608
train,pretrain,DOYASAY7dO4,00002,0,pretrain,voXOUWiJuLo,00026,-0.22650656125669144,3.648
train,pretrain,j8T3bdqTdp4,00002,0,pretrain,xMjSPS6H69g,00025,4.366135207662849,5.376
train,pretrain,LGtNFHtM81A,00035,0,pretrain,PuroSL7O4eY,00019,1.2595429033101198,8.0
train,pretrain,HALd9FY5SVQ,00004,0,pretrain,WSsjBMSWSYE,00010,-6.8117608608436235,3.776
train,pretrain,EZwxKPv1CwA,00045,0,pretrain,j81saupKVpo,00010,-5.387647697777451,9.536
train,pretrain,rAA8mMQi0is,00016,0,trainval,cswhOCKQZ7Q,50003,9.513341209621721,4.736
train,pretrain,8rzlrItooG4,00040,0,pretrain,fzKxYlHmhmY,00012,8.240701471890844,7.296
train,pretrain,ir0B0pnfzY0,00009,0,pretrain,y9wzaxSPtIo,00019,7.712390496848336,4.416
train,trainval,XMSQKG70a5s,50011,0,pretrain,byHcqsGvcj8,00009,2.600751765119922,5.568
train,pretrain,0hzSUUdTDUA,00001,0,pretrain,MLU7qcMYKO8,00027,-7.788323379769421,8.576
train,pretrain,PxQcnxSbivQ,00001,0,pretrain,Si644sBMaOY,00020,-2.7101293310453407,6.464
train,trainval,bX32UShfri4,50014,0,pretrain,FiZqn6fVS4Y,00002,2.583422309820085,2.496
train,trainval,1hxwsYYz5fI,50003,0,pretrain,o3oDpCb7VqI,00001,-2.0937079833232257,3.776
train,pretrain,Qi8MoU6g8Sc,00008,0,pretrain,UVqoIgh7bcw,00002,0.7894809857220952,4.8
train,trainval,pOWgXxoSTNM,50005,0,pretrain,J9SXc9wxByM,00030,2.2436730132227503,6.208
train,trainval,VC3H1lMEeS4,50013,0,pretrain,qMppKiqMpAk,00013,-2.913157174300853,5.248
train,pretrain,LMrzdkSYnYY,00035,0,pretrain,Uq1idqpX9SA,00047,8.387266867074267,7.04
train,pretrain,eZgSGgToBEE,00008,0,pretrain,c6mhFgAjqwA,00016,-3.534071705928521,17.152
train,pretrain,3LzX36sShcs,00023,0,pretrain,rFAdlU2ETjU,00002,-3.835056034715958,8.64
train,pretrain,kZt3DNCcEtA,00035,0,pretrain,potB0voQzNg,00007,-7.508545711817625,5.12
train,pretrain,IU1i2IlkLbU,00017,0,pretrain,boSGZ3qSAys,00008,-4.590798068228279,6.016
train,pretrain,FdHJw0veVNY,00038,0,pretrain,mS8tQSTYLgk,00009,5.000997735793195,6.528
train,pretrain,CPVjktgYKo4,00006,0,pretrain,rSxVSM0KPo0,00007,-5.476825699339372,3.712
train,pretrain,3GFG6Cvy9HQ,00025,0,pretrain,LJhklPJz9U8,00038,7.746541087987154,5.696
train,trainval,g2J6YOiLNr4,50026,0,trainval,TcBrchkBSBE,50001,8.184637935276772,2.88
train,pretrain,6ul2TSvUDog,00027,0,pretrain,hJZ0pAoxksE,00007,-6.919269180099534,7.936
train,pretrain,eJCTAXbSBWs,00021,0,pretrain,UfM7tSoqNDw,00012,-7.224296128782932,16.704
train,pretrain,qu7ZpWecIS8,00017,0,pretrain,79zra755WgA,00027,-4.4616711191109415,8.64
train,pretrain,3Z6x5t5A9so,00006,0,pretrain,py1RrSdVt5A,00028,-7.608738093546963,3.712
train,pretrain,0C5UQbWzwg8,00017,0,trainval,3g968CCd3XQ,50001,8.185220797866574,2.112
train,pretrain,34a7UEzZdsA,00026,0,pretrain,eGoSdLNceEk,00006,0.9486420839052112,6.208
train,pretrain,2tCcoSRZqVY,00001,0,pretrain,HgRJNsTb08Q,00014,5.168363887683698,4.608
train,pretrain,nncPtxLCPrE,00014,0,trainval,P4pKrxVcvJc,50008,-6.050962452050088,2.304
train,pretrain,QJ28IC63hlI,00001,0,pretrain,mkdSXHXhCcw,00015,0.09503415940170079,3.968
train,pretrain,TQMbvJNRpLE,00009,0,pretrain,WNj1Y11tSx8,00013,-0.24510976423146147,7.296
train,trainval,V2PP3p4S4R8,50002,0,pretrain,C74amJRp730,00055,8.232483014611802,2.624
train,pretrain,vZWokpaQ3NE,00019,0,pretrain,3NdSVi38RM8,00018,-1.519671550176545,6.336
train,pretrain,9YeQi5Zqy1I,00015,0,pretrain,OAK1UIbSFio,00032,-3.921719760104285,5.12
train,pretrain,NiMgOklgeos,00003,0,pretrain,4fyvDMFriRI,00027,4.337430941051572,8.128
train,pretrain,aqhzFd4NUPI,00033,0,pretrain,npFSbX7DZ6k,00017,-4.953598207845625,4.288
train,pretrain,uo7w3g24DWo,00006,0,pretrain,nVEvzeIXbpk,00036,-2.6297322221111052,7.168
train,pretrain,RoS2q3pSrq4,00009,0,trainval,eqDgt12m26c,50008,-2.1045410589443003,3.392
train,pretrain,HdHW77blulg,00012,0,pretrain,FzAyOddR5u4,00003,6.7205815271923655,4.8
train,pretrain,8meWY0W40OA,00021,0,pretrain,hSSmmlridUM,00032,-5.864838236148251,4.48
train,pretrain,zSWppsceZ1c,00019,0,pretrain,WNj1Y11tSx8,00019,-7.202501021038046,5.312
train,pretrain,aS1UEAGCo30,00023,0,pretrain,uarlIjkHlAs,00015,9.303757411667718,7.296
train,pretrain,LWQfeSSfNbs,00005,0,pretrain,6LmPq7DSds0,00019,2.537945945012366,6.464
train,pretrain,cmlRinjYKfM,00004,0,pretrain,lJGtXuCmZBM,00004,-1.0264893581876215,6.656
train,pretrain,150cqgYh8sQ,00028,0,trainval,nAMrtHC2Ev0,50010,9.419200360721874,5.76
train,pretrain,MPMr5jPwA7I,00008,0,trainval,XZiNVGA78kA,50014,0.7583911416262481,5.12
train,pretrain,dC7y9qB3tcA,00002,0,pretrain,gzcwS02ZB1o,00025,8.883660314215238,4.608
train,pretrain,5s61n2MLGRQ,00012,0,trainval,zyet9fPS24k,50007,4.673885666026809,5.76
train,pretrain,BT2XlI8oeh0,00003,0,pretrain,dhDBxxOKGlg,00007,-1.8873838722544924,18.88
train,pretrain,sa0RUmGTCYY,00003,0,pretrain,VM6HZqQKhok,00046,2.345452272444371,8.448
train,pretrain,SmqSHqRnngc,00018,0,pretrain,0NV1KdWRHck,00010,9.554768940926081,7.168
train,pretrain,20adDr7Felw,00015,0,pretrain,hgui64Kr0Go,00028,5.359720543303707,8.768
train,pretrain,eH5qxw6Pd1c,00017,0,pretrain,bf7BXwVeyWw,00025,5.098535046642613,6.592
train,pretrain,tH5iEf9oxaI,00044,0,trainval,HoyNrlMNBvw,50001,-1.1864925440504397,2.88
train,pretrain,mmhedbY8wjU,00013,0,pretrain,Wai4ub90stQ,00043,-7.443435067328183,13.376
train,pretrain,iFTWM7HV2UI,00009,0,trainval,IshrD4mjnNU,50004,-3.4585401236651965,5.44
train,trainval,qSTStSwyBWc,50007,0,pretrain,OmMv9tShW8k,00010,-0.5397036926465315,3.456
train,trainval,AGivotqSrd0,50007,0,pretrain,2NENlXsW4pM,00006,8.41720630803486,2.496
train,pretrain,WtLMST8TyeY,00024,0,pretrain,vcfrsYWFR78,00006,-6.066735511883909,3.904
train,pretrain,4v4Pf5Dt8Hg,00043,0,pretrain,Aetg4kJie0o,00023,1.5429101912404253,3.84
train,pretrain,50m48lpi4AU,00003,0,pretrain,Sf994ANuGIY,00019,-2.2427648124479083,3.008
train,pretrain,t5dSmG8SI34,00023,0,pretrain,HonUUtuCSwM,00034,6.155614767496964,5.056
train,pretrain,MOFdlEbu15g,00072,0,pretrain,J0WQz9qlgZI,00009,7.564983788655294,5.888
train,pretrain,AAxJL17gZhk,00016,0,pretrain,B905LapVP7I,00021,5.403852134204827,5.376
train,pretrain,rOVkASt39Uc,00012,0,trainval,y3jYVe1RGaU,50018,-8.32397682051251,2.304
train,pretrain,jFd96USLjbM,00029,0,pretrain,0zvrGiPkVcs,00015,2.4675715427931983,4.224
train,pretrain,av3SCLBU7sI,00008,0,pretrain,VN357QrUdEc,00006,3.0812262717556784,5.376
train,pretrain,tMSU6k5SWXg,00006,0,pretrain,0qYTf9evWeY,00026,-0.08879099658711453,4.48
train,pretrain,z8UevNKDFKU,00012,0,pretrain,NRXCxJGQ4KY,00005,-5.190591774192339,11.456
train,pretrain,z1KJAXM3xYA,00002,0,trainval,O4bGOvkkHcM,50002,-9.035030371202158,2.112
train,pretrain,jhOJ7DQo3ZU,00011,0,pretrain,WF6SDe4USvE,00002,-5.216013569386981,3.84
train,trainval,yxC30tEjZk8,50004,0,pretrain,nC06omDS0kA,00013,-7.329850118387309,2.816
train,pretrain,X03jYXszD3Q,00001,0,pretrain,mk3KSVrveSE,00009,-8.27514082900754,8.128
train,pretrain,cplaWsiu7Yg,00003,0,pretrain,zIwLWfaAgS8,00027,3.9023622639970696,8.96
train,pretrain,w1oKe8OaPbk,00002,0,pretrain,axRSF7ku0Zg,00011,-7.552728070518818,7.808
train,pretrain,0af00UcTOSc,00045,0,pretrain,ljqra3BcqWM,00036,6.808377685112113,7.296
train,pretrain,iCvmsMzlF7o,00002,0,trainval,0MYq1WJMmts,50007,-8.328790878466885,2.432
train,pretrain,LSdPxGLesE4,00028,0,pretrain,B5MkpzMAOZM,00016,1.060498200089393,3.52
train,pretrain,J6tgYBMXR6s,00007,0,pretrain,8QuAokSXiyg,00043,-0.07471693408240299,8.448
train,pretrain,MywGrRvNkWQ,00022,0,pretrain,8SG4H4sVSW8,00014,0.8361480272493456,6.4
train,pretrain,3mTbO2kC6mA,00015,0,pretrain,FXYFLK0KZio,00026,-8.567622549877516,4.8
train,pretrain,cOIJGGgaSIY,00020,0,pretrain,AIfBSkVI6NQ,00024,4.680819856996344,3.776
train,pretrain,7LcSdlVrg5M,00022,0,pretrain,6gSwRHScq6M,00015,6.019234846297255,6.144
train,pretrain,vPn94XAUBoo,00004,0,pretrain,acNSymOsL6M,00033,-3.0759075372781393,5.056
train,pretrain,y7LXwGfvxwo,00019,0,pretrain,LNohxpJntZo,00019,4.193857764093158,7.808
train,pretrain,jryCoo0BrRk,00005,0,pretrain,vbHkhSfaQu8,00010,-5.431439966955944,23.616
train,pretrain,vcxwcWuq7KQ,00018,0,trainval,0ygtX2nyexo,50026,1.5086285144983762,3.008
train,pretrain,YmRKlZEXVQM,00004,0,pretrain,A71OktxTPac,00018,-5.157499661149982,18.688
train,pretrain,0zbHnOcGbrw,00018,0,pretrain,4KhnSz9FPmU,00007,-4.765020465079801,5.696
train,pretrain,rB6WmWvvyxg,00013,0,pretrain,cj5LZBmiQu4,00009,-9.536045006372532,9.792
train,pretrain,nzj7Wg4DAbs,00012,0,pretrain,4bHO8NZwmIg,00006,-9.967961223590402,4.864
train,pretrain,0x2SkWRB8SA,00027,0,pretrain,y5nbWUOc9tY,00016,-3.4979276493790774,5.184
train,pretrain,KIysMV9wbVY,00008,0,pretrain,GS1xL1qcBa4,00028,9.397772866353872,9.856
train,pretrain,fLJsdqxnZb0,00008,0,pretrain,4bHO8NZwmIg,00021,-1.590470780661697,8.192
train,pretrain,nLeeTVmVrtA,00001,0,pretrain,mMDuakmEEV4,00037,2.4560676361658977,15.04
train,pretrain,XS3m37czBfk,00009,0,pretrain,fnS9f5x0f1Q,00033,-1.0016058513170911,15.04
train,pretrain,sDfhSIKFGz0,00010,0,pretrain,SmsYxDvdcYc,00020,-0.8984391747787477,4.352
train,pretrain,zSbCNWyYams,00021,0,pretrain,SDjLpMj3BDU,00039,-3.791475510792697,7.36
train,pretrain,btItLAjT5zg,00011,0,pretrain,YwSGTipx3As,00003,1.9313439758246531,8.896
train,pretrain,eLz9TvxGoKs,00024,0,pretrain,BxFvxKaSmWo,00015,-0.35870489688119456,5.504
train,pretrain,1N39Z0ODeME,00007,0,pretrain,uRdQS2sjF2s,00023,-3.87500727852768,11.328
train,pretrain,SsnWLZvRNZc,00007,0,pretrain,DLEbNRdqX0U,00012,0.011352127162489012,8.64
train,pretrain,2xKXLPuju8U,00002,0,pretrain,PiVB5niLrWg,00023,-7.573133600772659,8.768
train,pretrain,SgOTaXhbqPQ,00004,0,trainval,jpuDyGgIeh0,50015,4.300626704550298,5.568
train,pretrain,7ZWTG0SeCEg,00019,0,pretrain,UiosQf4GqnQ,00005,-9.777279288742086,4.736
train,pretrain,LM3ISST2eg8,00005,0,trainval,KOtFDsC8JC0,50010,-4.065528794021748,6.208
train,pretrain,2j00U6lUCSc,00050,0,pretrain,rTMqGbTNkNg,00015,-5.569043526145938,9.024
train,trainval,nz0cAjXVepg,50001,0,pretrain,rufeSSlZJg8,00028,2.0471045429875883,6.208
train,pretrain,U4Lx5rcii38,00013,0,pretrain,HlnhCdujYco,00012,7.735999436104503,8.384
train,pretrain,pbSSrJGgVIo,00025,0,pretrain,3Z6x5t5A9so,00002,-8.458692350566913,5.888
train,pretrain,KDBcoRLkut8,00040,0,pretrain,0ueGFLVFi80,00028,7.3193445337821,10.368
train,pretrain,WKlIytaSlu4,00028,0,pretrain,CkDYlQhx0wY,00004,9.782860089130288,10.816
train,pretrain,ZCRC5S0kfiw,00010,0,trainval,KshwSURVhZA,50002,2.0332738901888945,5.696
train,pretrain,y62pJTJkfbg,00007,0,pretrain,KjKBOo5tFX8,00011,-1.9690949328155796,8.256
train,trainval,sSXv06gUX3Y,50003,0,pretrain,4Z75ASJMBx4,00005,4.842476559692015,2.816
train,pretrain,wfNX1cHkSfE,00009,0,pretrain,kCOV51S7Xqg,00012,1.5364915565033286,4.096
train,trainval,u7SWcQaoaRQ,50004,0,pretrain,yOc9mFvusDg,00021,-3.6156055959579625,6.144
train,pretrain,t8RSGKSSM2Y,00010,0,pretrain,IJwlyf7rCtU,00023,-0.9584422483086978,12.48
train,pretrain,2lJvr5UL2pQ,00014,0,trainval,EijI8QaExDg,50004,-5.688983496156057,3.136
train,trainval,akOe5SUsQ2o,50001,0,pretrain,XVXmYD0UPRQ,00023,8.73693495317632,3.456
train,pretrain,Eeas8QU5TzA,00003,0,pretrain,LNHBMFCzznE,00023,8.96314581219836,5.44
train,pretrain,WiNI6INAytE,00004,0,trainval,11Mq9ZuxZMc,50002,-4.861843653861754,6.08
train,pretrain,sgTjCpBOeCU,00006,0,trainval,lUO0xDSJQVI,50003,-3.823635110807313,3.2
train,pretrain,DcKdClnpz4k,00009,0,pretrain,vHhn7z6BA0w,00031,6.533521610285231,5.632
train,pretrain,ZB50BfYlsDc,00014,0,pretrain,lSYy6poJ2zs,00004,-4.045815276234341,4.608
train,pretrain,3rbVQNTzCh8,00029,0,pretrain,VL5zqmpiJlQ,00019,-7.199190613526614,16.064
train,pretrain,9ebJlcZMx3c,00044,0,pretrain,XzZJuEDQ1a0,00003,-4.547821518636419,4.288
train,trainval,kYXiegTXsEs,50049,0,pretrain,zOSaCQ6xHS8,00012,-4.3395552972453295,3.136
train,trainval,aFBIPOSP7LM,50001,0,pretrain,ZChEFOGSn8Q,00044,3.695476475375729,2.88
train,trainval,dQijrruP9c4,50002,0,pretrain,UY2tyuSOcyo,00004,-5.700122426219439,3.968
train,pretrain,uebxlIrosiM,00002,0,pretrain,LsESSyMnwmU,00009,-3.078620153193528,4.928
train,trainval,iTdZn78u6pI,50007,0,pretrain,bczm0RsIZUM,00008,-4.859543375815917,3.904
train,pretrain,unSnvLgyf3o,00012,0,pretrain,k8OgHJ4WXR0,00017,8.034118479065537,4.352
train,pretrain,8SG4H4sVSW8,00005,0,pretrain,1Dd2yCf3PyA,00008,-1.155219792435913,12.48
train,pretrain,SeBUcBfkVCo,00004,0,pretrain,9AgCr2tTvng,00017,3.6238035615756523,8.896
train,pretrain,WzDygsn0Djs,00029,0,pretrain,N37x4GgDVBM,00023,0.19783061758935894,5.248
train,trainval,k3zZVQPaKKQ,50001,0,pretrain,mt4oSR9wzrs,00003,5.097832121939728,2.24
train,pretrain,73rUjrow5pI,00006,0,pretrain,cn9Q4c3dXGU,00004,-8.406229136820135,6.08
train,pretrain,QekbuidfQKo,00006,0,pretrain,CzgS9C7gw0o,00003,-6.270601680064781,8.96
train,pretrain,BepU74BYOtg,00002,0,trainval,NdKEy6vcCMw,50006,-9.399426209274896,6.08
train,trainval,dLHWVTa5xZs,50008,0,pretrain,MExS7F0lGzI,00008,-4.277965050527348,2.688
train,pretrain,XkiXXPShycA,00033,0,trainval,4tQee2SJgUo,50001,-9.382596798864345,6.016
train,pretrain,SFOCpMAww28,00011,0,pretrain,odyakQwtWwo,00016,-5.213845680985472,3.648
train,trainval,eHlu6ViSwxo,50010,0,trainval,J45cWdDEbm0,50010,-5.38478049032876,4.16
train,pretrain,ZZodGSsPrRE,00011,0,pretrain,aUYSDEYdmzw,00020,-0.6207023354395709,6.4
train,pretrain,1BXYSGepx7Q,00016,0,pretrain,aIFFFGf1ZRE,00010,9.734211010058939,6.144
train,pretrain,c0mVa7d08tg,00002,0,pretrain,Yagdvqn2YMU,00018,6.589921594617003,6.08
train,pretrain,UiosQf4GqnQ,00012,0,pretrain,cnQFvrWDYsU,00003,2.81183281762657,10.688
train,pretrain,WbuIl6phdco,00015,0,pretrain,P5Mpo4JQZhw,00016,-5.494492296694777,7.424
train,pretrain,xfDUGqGPSfo,00005,0,pretrain,txJGm6zhiBA,00002,3.090319134510107,6.656
train,pretrain,HQIi3nUXh0g,00017,0,pretrain,lYdk1NK9Sr0,00028,3.1349415293421643,6.208
train,pretrain,Mpge4XQqfac,00003,0,pretrain,mxmT10Hk8IM,00007,-3.8003041142038274,10.56
train,pretrain,ISSupr6ayqw,00006,0,pretrain,4v4Pf5Dt8Hg,00014,7.384867782761695,7.68
train,pretrain,EszGIvRdgTE,00011,0,pretrain,IgKWPdJWuBQ,00058,0.8456080935471384,3.776
train,pretrain,01GWGmg5jn8,00047,0,pretrain,ROW9FSc0kIQ,00008,-7.92767412131322,3.712
train,pretrain,y2X7c9TUQJ8,00008,0,pretrain,Mlt6kaNjoeI,00004,3.8886703898109314,16.064
train,pretrain,KExLCJAuTXA,00005,0,pretrain,VbeovM4RCh4,00029,-2.770967214776352,5.824
train,pretrain,qQDC7c2I8l8,00012,0,pretrain,kFMZrEABdw4,00039,1.941286318692491,10.304
train,trainval,MSLHHgSXloM,50005,0,pretrain,sFIDCtRXSSo,00025,-8.497484434664786,3.84
train,pretrain,Uwl012o8P7I,00025,0,pretrain,ge3SS1hOm1s,00013,-0.24132167269512195,10.048
train,pretrain,1nZ9u2ZoIJo,00014,0,pretrain,mQOOgDqUta0,00023,5.147664946359921,11.008
train,pretrain,YjHSx0xmXtU,00009,0,pretrain,GlUS6KE67Vs,00011,-1.342236461711419,3.648
train,pretrain,DWZsOe1j2w0,00018,0,pretrain,ofsncCF9OSU,00042,8.897102455353256,10.688
train,pretrain,1QX7aoxSTAQ,00005,0,pretrain,Plv4qGDjCOA,00008,-4.319045281866016,8.192
train,trainval,sUf1ajkIAhY,50014,0,pretrain,XKiQl5WZQ5I,00009,7.861058771638678,4.48
train,trainval,ovV7v2XYJAI,50009,0,pretrain,KChjQvXjk1g,00013,2.315009453567347,6.208
train,trainval,mMDuakmEEV4,50020,0,pretrain,9vKRj9yV8pI,00033,-1.449068471057684,3.008
train,pretrain,kSxhDZaLyVQ,00013,0,pretrain,SGzenQjZSpU,00002,-5.673848983044589,12.8
train,pretrain,31iuh9pfFwg,00015,0,pretrain,ofsncCF9OSU,00015,-9.110020124551054,5.952
train,pretrain,5vXRgT6egSU,00009,0,trainval,kpyc84kamhw,50015,-2.0083313040403077,3.328
train,pretrain,ErexJkoDhGI,00029,0,trainval,WpEjt71l08I,50001,0.5762776877938904,2.752
train,pretrain,gypAjPp6eps,00031,0,trainval,xY7kVVS2HVY,50037,-5.014031569740043,3.968
train,pretrain,uYaF8pSTNSU,00002,0,pretrain,0YeVt2kpSSo,00029,3.186614366606742,8.896
train,pretrain,R21MsHQA8vM,00044,0,trainval,pz1TDXKSTHc,50005,4.61056380240173,6.016
train,pretrain,sPQViNNOAkw,00038,0,pretrain,rXepkIWPhFQ,00006,3.731052246896674,4.48
train,pretrain,VPweEhht9y4,00026,0,pretrain,D1QoyTmeAYw,00024,1.0443609330700596,4.992
train,pretrain,EluxCgnQVzg,00031,0,pretrain,3ls2SgSAyvk,00006,4.738239796535879,7.36
train,pretrain,y9ALB39wRKo,00045,0,pretrain,319sQ9sSlyQ,00002,-0.5619146185736881,5.44
train,pretrain,1OQkdRdfyjI,00017,0,pretrain,BZsdiVTFt7Y,00003,-1.1802763622419867,4.608
train,pretrain,uTL9tm7S1Io,00007,0,trainval,gJv1WdMUz0w,50001,-1.739656607984557,3.776
train,pretrain,Oj8eFu72Sfc,00007,0,pretrain,XiEQmcZi8cM,00051,3.076470577589941,8.448
train,pretrain,j51HsRILGKI,00051,0,pretrain,1cJiAS6NSUI,00012,1.9655270683166908,9.536
train,pretrain,ndAHAjgquwk,00021,0,pretrain,HaHeAdJNa70,00001,0.13981241745016604,3.968
train,pretrain,BMdMSmtTgD0,00037,0,pretrain,GB4s5b9NL3I,00064,-4.7494766641142565,16.64
train,pretrain,sodSeJBf9Y0,00005,0,pretrain,DZT6YpCsapg,00053,1.8117328930446135,2.56
train,pretrain,sE3gxX5CiW0,00011,0,pretrain,rCplocVemjo,00001,-3.4399140159388164,5.696
train,pretrain,DjcZrtcBZi4,00003,0,pretrain,ww4kNxYE0c4,00034,2.102673066081218,4.608
train,pretrain,WzuWMf3WPPc,00006,0,pretrain,G0jxiJzIiz4,00015,0.919748571553372,3.584
train,trainval,szU2S1infqc,50005,0,pretrain,0nI65jgHG9o,00005,-0.5200691754256468,5.12
train,pretrain,bGBamfWasNQ,00030,0,pretrain,ofjRnIpXBF0,00014,-2.0074470291325426,8.384
train,pretrain,ihoR9B7pS1Q,00016,0,trainval,kbAac9DxM1I,50004,-6.827972980499714,4.8
train,pretrain,ARGkp6am3S8,00005,0,pretrain,mwrLVvORugw,00011,-8.439879442478446,3.84
train,trainval,WonC2e5aOGE,50006,0,pretrain,tJ54irRmdC0,00006,2.431031578818594,3.712
train,pretrain,JSLUS3qLv0I,00019,0,pretrain,h9SKyrHRhDo,00008,1.7048401973413512,4.096
train,pretrain,9h2dFSIsH0I,00009,0,pretrain,IfjI0tVUpbc,00013,-6.1409279095241365,13.952
train,pretrain,ESlb3D7AySM,00002,0,pretrain,F0ofeD8VKMA,00053,9.064118190171584,8.704
train,trainval,uDIyxxayNig,50021,0,pretrain,mFnS7wG1qXw,00005,2.9263149088015297,3.84
train,pretrain,jyYjI7zQlaA,00002,0,pretrain,0zbHnOcGbrw,00024,5.1074227776074785,9.792
train,pretrain,Qj4xf3U8dh8,00014,0,pretrain,5Jqk1rkuUwU,00021,1.64616435274311,13.12
train,trainval,aSLSiIskEFU,50001,0,pretrain,8C2t8P809x8,00015,-6.721814469851575,2.368
train,trainval,HFqLoHyCTRc,50007,0,trainval,0ZOqbO2jIKg,50006,-0.5343916231960826,2.368
train,pretrain,S1VpOweDio8,00011,0,pretrain,Oj8eFu72Sfc,00018,-0.17686901010804768,5.44
train,pretrain,qtAZbSZESOU,00013,0,pretrain,y2yka9lyvMA,00040,-1.9972140486306174,6.208
train,pretrain,sFNmulAb4wM,00028,0,trainval,tSSNoFstCmQ,50010,-4.139421700816932,2.88
train,trainval,70VZ1SOzSnc,50017,0,pretrain,8OnsjVdEuRk,00002,-4.076649515261492,2.944
train,pretrain,HMYVHShBGWg,00024,0,pretrain,xcR1SWhjZys,00002,-0.0881291625693521,13.248
train,pretrain,O4bGOvkkHcM,00006,0,pretrain,B12syeJflbQ,00007,-4.262100443841115,6.016
train,pretrain,Possj5cXEnM,00012,0,pretrain,yVwAodrjZMY,00040,5.740556146291416,12.736
train,pretrain,7sqeoYOQ4qg,00047,0,trainval,jSSqQDPGW2k,50017,-5.705911577089311,3.2
train,pretrain,A7ktYbVwr90,00028,0,pretrain,aySy3tSYGYw,00012,-0.22185389034555847,9.728
train,trainval,SJ0G1iCLzCA,50007,0,trainval,8xHrpO6p7dE,50006,6.830057141419065,2.176
train,pretrain,tj2jeYqfLuA,00004,0,pretrain,MgUTzbGakRw,00013,-5.110453238739552,14.592
train,pretrain,MbBHVL4hT90,00013,0,pretrain,SvZXgApsPCQ,00011,4.475437604377534,4.16
train,pretrain,cSsxBTNF2U8,00057,0,pretrain,eHzLV1LM4Rs,00002,-2.5683906628771584,9.408
train,pretrain,AAkEYcmCCCk,00021,0,pretrain,dsT5eVSm7BA,00012,0.5464186777997107,14.72
train,pretrain,MDL85fzdc1g,00011,0,pretrain,oHDq1PcYkT4,00035,-5.423606441172577,5.568
train,pretrain,CVdPhUPO5YU,00010,0,pretrain,MUOSpWJ0riQ,00015,1.214212491211871,6.336
train,pretrain,kNhyOYv2ejw,00054,0,trainval,wvIOoxPxpfQ,50004,3.6868841990323524,4.544
train,trainval,pGSQG0IyNTo,50004,0,pretrain,dTwXeZ4GkzI,00001,8.22346911891896,2.368
train,pretrain,3UaOl8SYHes,00001,0,pretrain,A7ktYbVwr90,00010,2.637491550026411,7.488
train,pretrain,xQZxGCPjpqM,00012,0,pretrain,FiZqn6fVS4Y,00005,2.4500038524647767,4.16
train,pretrain,2BOTS9GAjc4,00045,0,pretrain,eyBEIx7fCfY,00034,-7.774130194677859,32.0
train,pretrain,jFG7jqJXbno,00007,0,trainval,gyM6rx69iqg,50021,6.953872517753069,2.816
train,pretrain,rSxVSM0KPo0,00021,0,trainval,asgdGSGQBgY,50006,-0.6626567570849851,2.24
train,pretrain,czWSxBvDtHY,00014,0,pretrain,NZspSEdO2Xk,00025,-7.5720947277898665,7.68
train,pretrain,cpsRAk5HpK4,00003,0,pretrain,jKM0jlPW8x0,00007,8.985784234818507,3.776
train,pretrain,OF5VVrsnpzo,00018,0,pretrain,WWloIAQpMcQ,00008,-0.46381255794916143,3.264
train,pretrain,ooIxHVXgLbc,00048,0,pretrain,O2OQxHNVLNY,00006,-8.33837386218929,2.624
train,pretrain,QG4Z185MBJE,00028,0,pretrain,MDqyOLCFJ3c,00019,5.018203128400643,10.176
train,pretrain,ScFWnnQF7A8,00011,0,trainval,BnC6IABJXOI,50007,-8.95281301516115,3.2
train,pretrain,X0VDy8s8FN4,00002,0,pretrain,3UFGqjWcVU8,00034,3.8475480353684066,5.056
train,pretrain,ljqra3BcqWM,00042,0,pretrain,ImQrUjlyHUg,00068,8.747133081059062,7.616
train,pretrain,sAMahX5hIgU,00005,0,pretrain,AQ8cpjEdpmI,00006,-6.4741324038469354,5.76
train,trainval,aeiSXpmMQys,50013,0,pretrain,YGoI3B86iX4,00021,-2.6084050017302403,2.88
train,trainval,cfR6tiSWSAM,50013,0,pretrain,S98m4Vod6S8,00019,7.793316013086546,2.048
train,pretrain,w2itwFJCgFQ,00022,0,pretrain,H8Pr9Jnulxk,00030,5.756033357499643,5.824
train,pretrain,pSCefSAYqaA,00003,0,pretrain,mAvSoNUgMno,00011,-7.00122201553667,5.376
train,pretrain,ISjk9ni4XWk,00024,0,pretrain,85bqT904VWA,00033,6.021219836113499,6.912
train,pretrain,btF6nKHo2i0,00056,0,pretrain,FD5ZKiSmoMU,00030,2.5823155040063046,5.376
train,pretrain,lUO0xDSJQVI,00005,0,pretrain,z4kwU6z6ORg,00016,-4.696266874978392,4.416
train,trainval,a7B39MLVeIc,50004,0,pretrain,FETryXMpDl8,00019,5.581878278691061,3.328
train,pretrain,yqc9zX04DXs,00018,0,pretrain,9UiK4llJOXc,00025,-0.028983438928449345,5.376
train,pretrain,APPbSStpGHk,00023,0,pretrain,W0StyxgMk1o,00037,-7.334514836791253,7.488
train,pretrain,vRK7KKQH9Ck,00018,0,pretrain,7npLVcymHGc,00033,-1.091920105460531,3.968
train,pretrain,yPGwA7t6bpI,00036,0,pretrain,JBLc4Ekl3BA,00010,7.118552547180844,11.968
train,pretrain,1joQ8ZhX2o4,00011,0,pretrain,5qdZybHSLnI,00023,9.437780555556351,8.128
train,pretrain,fSErHToV8IU,00013,0,pretrain,GDnYDLERnRE,00003,5.652345248336081,3.52
train,pretrain,jdpIKXLLYYM,00003,0,pretrain,56WGgJNBRxQ,00049,8.551878752228802,5.44
train,pretrain,j7c9b9A2AHc,00064,0,pretrain,jv8m8rycnQs,00027,-1.373552456259894,6.72
train,pretrain,kEejVSZ5mLY,00009,0,pretrain,tn9SnXzSc4g,00001,4.848831985745951,11.84
train,pretrain,WyOSqjIABe0,00010,0,pretrain,oDdcx5luv5s,00038,-6.37482639145494,12.928
train,pretrain,ko32Hr1SoPc,00003,0,pretrain,EBKSa94IFHY,00020,-0.6783380874328859,6.528
train,pretrain,ZMGZQZRIsJE,00005,0,pretrain,Xw4K07eVuQE,00019,-4.5325355208310025,8.576
train,pretrain,23vKtqo2t4k,00031,0,pretrain,JaFSfq2Zn7I,00063,-2.260642973664064,7.936
train,pretrain,wZ2TF8SPGQ4,00004,0,pretrain,sY0PfSpfqCI,00015,-4.123449480454438,6.272
train,pretrain,P2y3Uspr8Bg,00022,0,trainval,c4oW6PcOUtc,50002,3.5830433503004535,5.824
train,pretrain,66Smr600NjU,00010,0,pretrain,9OECsmMont4,00013,-2.3082508167100846,3.84
train,trainval,gLDQr9i7LkM,50010,0,trainval,2L1R7OtJhWs,50012,1.2024537086478855,2.688
train,pretrain,wC33HAqSSx8,00008,0,pretrain,sa1iS1MqUy4,00008,8.336078111292679,25.472
train,trainval,ASQpKiUSNHo,50001,0,pretrain,YdSSA7POsN0,00013,-7.139819126951252,2.368
train,pretrain,A27QjpQSIeo,00017,0,pretrain,rrkrvAUbU9Y,00046,2.695451140921163,11.008
train,pretrain,wUKAVcj9NVA,00034,0,pretrain,lhP52caGW6s,00014,4.114784170627372,6.72
train,pretrain,yuu6o4AQwNI,00001,0,trainval,DJGreSgaOTc,50024,5.8932926184212455,6.08
train,pretrain,HYzrdn7YLCM,00006,0,pretrain,9UbnOKC1ioU,00007,4.925591293039819,6.912
train,pretrain,S98m4Vod6S8,00014,0,pretrain,7W8OJgeYy1w,00016,4.89343357927309,5.632
train,trainval,WSsjBMSWSYE,50013,0,pretrain,Ydj28CDrHV4,00012,-8.946363821684471,3.968
train,pretrain,8rZzHkpyPkc,00026,0,trainval,aOW7JZaqKGA,50005,3.1820996863682467,4.8
train,pretrain,VbeovM4RCh4,00011,0,pretrain,55n9pHSA0O8,00006,-0.5874578939836894,5.056
train,pretrain,WMAunz9LqZU,00018,0,pretrain,dvYYYlgVAao,00004,1.1851115972099908,4.672
train,trainval,cWpRxyqDgpM,50002,0,pretrain,nz0cAjXVepg,00007,-3.3861101553865485,2.688
train,pretrain,7c5t6FkvUG0,00005,0,pretrain,tH5iEf9oxaI,00031,-3.7102788221701495,6.592
train,pretrain,Gj2pWl1vjCY,00019,0,pretrain,sa0RUmGTCYY,00030,-4.267279212968232,2.56
train,pretrain,5mug2UKGwp4,00007,0,trainval,P6w7Eq7YhL8,50002,-0.8081828986164616,4.16
train,pretrain,Fc1yN6uxZfQ,00007,0,pretrain,iHWIZsIBj3Q,00004,6.129408275928981,9.216
train,pretrain,St7SxHszKws,00005,0,pretrain,AHcTWlxWzpE,00019,4.918101431730328,9.728
train,pretrain,Ydj28CDrHV4,00007,0,pretrain,iNOE0dZpHcY,00013,1.5992218780585805,9.728
train,pretrain,73rUjrow5pI,00019,0,pretrain,aS1UEAGCo30,00018,-9.136642761850256,10.496
train,pretrain,ioMpOr7Yx98,00010,0,pretrain,bVV2Zk88beY,00026,7.388684860375253,8.96
train,pretrain,JC7WnzM2Lsc,00011,0,pretrain,iueVZJVEmEs,00047,-1.7286821647061164,11.392
train,pretrain,Qd7PiXg5fKE,00006,0,pretrain,kySSXxxiWHg,00015,-1.70872025437534,5.44
train,pretrain,UY2tyuSOcyo,00003,0,pretrain,ElJxUVJ8blw,00049,-5.7097702795045935,5.248
train,pretrain,IshrD4mjnNU,00010,0,trainval,3sWTLAS0m9U,50007,-1.7834657164408512,4.736
train,trainval,sHJZRPWXQ9s,50018,0,trainval,nxRRqLpWi6Q,50017,-9.027772291409882,6.016
train,pretrain,a2MR5XbJtXU,00030,0,pretrain,Ep2MAx95m20,00007,7.406382539862449,9.728
train,pretrain,t8RSGKSSM2Y,00002,0,trainval,1NG7FoC5XRo,50003,-6.418892410396877,3.712
train,pretrain,ivfJJh9y1UI,00025,0,pretrain,yq3TQoMjXTw,00037,5.6187141221264945,9.472
train,pretrain,03h0dNZoxr8,00023,0,pretrain,BFK2knjj4lQ,00026,-6.673064159369046,9.92
train,trainval,9VXOknUbzBM,50028,0,trainval,1N6e0DnGq38,50003,9.747655682046513,2.368
train,trainval,csnxJFQw98k,50003,0,pretrain,mi9B40hZYAo,00022,-1.2974331383841289,2.048
train,pretrain,34a7UEzZdsA,00036,0,pretrain,mT4Qbp89nIQ,00013,-2.264862271809502,5.888
train,pretrain,vZWokpaQ3NE,00013,0,pretrain,VObLitSe3K0,00014,5.447004671273204,6.208
train,pretrain,w96osGZaS74,00014,0,pretrain,y3EG6cO3ngc,00022,4.352405741253358,6.848
train,pretrain,7KtAbgvGEvY,00006,0,pretrain,LSdPxGLesE4,00007,7.343325961723398,4.16
train,pretrain,y8ZMviYx9aY,00004,0,pretrain,hrpwRdijvCM,00003,-3.210598239763714,4.544
train,trainval,FnL7I6tESAs,50008,0,pretrain,IRVdiHu1VCc,00066,0.49892503177826697,3.072
train,pretrain,Fc1yN6uxZfQ,00019,0,pretrain,6gSwRHScq6M,00046,-6.545342964247,4.16
train,trainval,uXlSmKZ7aSc,50025,0,pretrain,AoAbPIbGLUo,00011,9.984879902048473,3.84
train,pretrain,bB5zR2xYhm4,00013,0,trainval,KZIGekgoaz4,50002,-4.547365542230639,2.368
train,pretrain,EhM56Fk2aFk,00016,0,pretrain,ZpT0cw9bmiw,00003,1.4518508076797616,6.08
train,trainval,SeBUcBfkVCo,50036,0,pretrain,tNKdc6Lxcvo,00008,-5.8753055526264735,3.136
train,pretrain,SpSGKCr8rq8,00001,0,pretrain,80USSKwX0iU,00012,7.585354738100328,6.208
train,trainval,GlpGBSBpxOE,50002,0,pretrain,qH4GAXXH29s,00014,3.375527852497166,6.208
train,pretrain,Cqj0sgrNL10,00047,0,pretrain,zXCiv4sc5eY,00035,7.673969509287751,5.888
train,pretrain,2j00U6lUCSc,00045,0,pretrain,xfDUGqGPSfo,00024,7.527802639595695,3.712
train,pretrain,5CSDIcUsIJk,00016,0,pretrain,wNokfBHccVI,00037,5.1748297210986,6.848
train,pretrain,MacRhth2lMM,00021,0,pretrain,cf3zxHuSM2Y,00034,2.91090886619644,4.672
train,pretrain,zA6SpcEz8Ls,00004,0,pretrain,Yagdvqn2YMU,00023,-6.83734901267459,7.296
train,pretrain,Mgbf3cq7lms,00001,0,pretrain,AGivotqSrd0,00028,-3.0120463113004092,11.968
train,trainval,jSS03JfgHEA,50016,0,pretrain,H3YbZsStuSI,00012,9.315173934883159,3.968
train,pretrain,f68AdM1m4hk,00002,0,pretrain,KOIsqRgJ3XM,00006,2.7602685153528927,8.256
train,pretrain,wvCMZBA7RiA,00010,0,pretrain,dsOSb0SrS5Y,00033,-7.395443232959719,5.056
train,pretrain,lv2SjZ6tIGg,00004,0,pretrain,FMJgZ4s2E3w,00008,-2.1326306651851112,4.992
train,pretrain,lASzdhSbQBo,00014,0,pretrain,WXqjacxw8zg,00005,8.61078519796622,12.16
train,pretrain,RPicL1AWrs8,00028,0,pretrain,MS4x6G0zzeg,00011,-8.414379357571482,10.368
train,pretrain,SJyE40koQyA,00033,0,pretrain,JzLiCBCbAMY,00040,-4.92663032724024,8.64
train,trainval,fIqABIcKIvs,50013,0,pretrain,jJMBwqhD9DE,00025,-9.675913771239234,3.648
train,pretrain,esugL07XANg,00073,0,pretrain,RxyQNEVOElU,00049,-4.160448328862216,10.496
train,pretrain,9fyjlxizLFI,00007,0,pretrain,XS3m37czBfk,00022,7.434460261366546,13.76
train,pretrain,3aYWvujaT6M,00009,0,pretrain,X9NFPZGyDPg,00019,5.808623703549181,5.696
train,pretrain,CsqSDpmgsQg,00015,0,pretrain,Si644sBMaOY,00011,5.389523748810303,6.4
train,trainval,r9DDE7NV1Nw,50002,0,pretrain,yVwAodrjZMY,00063,1.6904953428939695,2.24
train,trainval,c6mhFgAjqwA,50006,0,pretrain,2KSP7HvSZwg,00016,2.0728567119281305,6.208
train,pretrain,5tUnSuoYKoE,00019,0,pretrain,ZoDYTYSeuN8,00003,-1.3837398926941074,5.76
train,pretrain,SEDvD1IICfE,00019,0,pretrain,dsMCVMVTdn0,00008,-8.26119897803724,5.12
train,pretrain,MQtWJARMoLw,00013,0,pretrain,F4Zu5ZZAG7I,00002,-3.5347637927543563,4.48
train,pretrain,MS4x6G0zzeg,00014,0,pretrain,GB4s5b9NL3I,00044,-7.148214725080882,8.0
train,pretrain,6ORDQFh0Byw,00029,0,pretrain,mWp4Sp8GTgI,00003,-3.2577311894834926,5.888
train,pretrain,ZChEFOGSn8Q,00034,0,pretrain,3QZp6smeSQA,00026,2.379881540417262,8.32
train,pretrain,E2qmkUsf6Y4,00006,0,pretrain,R9g3QSqvtss,00019,7.575593410195673,9.856
train,trainval,9y7YEmyzSDo,50005,0,pretrain,ge3SS1hOm1s,00003,-2.004852790903313,4.416
train,pretrain,kdqUhTnAgJU,00013,0,trainval,uHRG3Vr9qyI,50041,-0.018181342531127243,2.176
train,pretrain,kzhJb5jcH58,00008,0,pretrain,hfznpykprP0,00033,2.0980702516147716,3.776
train,pretrain,1BHOflzxPjI,00037,0,pretrain,0MD4Ymjyc2I,00046,6.572645446608259,5.568
train,pretrain,DOYASAY7dO4,00029,0,pretrain,lbBDoFp2HIQ,00015,8.668827201064268,5.056
train,pretrain,TBnNbyi4AN4,00002,0,pretrain,796LfXwzIUk,00031,6.192871824039294,9.856
train,pretrain,mK2TDdEP58g,00008,0,pretrain,jxKUDXrtDFI,00013,-1.2850828346432017,4.928
train,pretrain,2K6P014XXmQ,00015,0,pretrain,ZCRC5S0kfiw,00019,8.94326630789297,7.744
train,trainval,9EglK8Mk18o,50014,0,pretrain,3sZDmOducck,00001,-0.9581651133872597,4.672
train,pretrain,uaB6Bdgp3WU,00009,0,pretrain,P65XdTlk4vA,00045,-6.3104927941263655,8.128
train,pretrain,80GqbW1MmQM,00033,0,trainval,NgDGlcxYrhQ,50018,-2.0988636000600174,3.072
train,pretrain,VlC93dig40E,00014,0,pretrain,12OAr0lt4bk,00043,-1.812040696747136,4.352
train,pretrain,jsZDlBU36n0,00038,0,pretrain,dsOSb0SrS5Y,00028,-4.557388453126623,11.008
train,trainval,YyuScSjkGSs,50003,0,pretrain,xY7kVVS2HVY,00021,6.143007891236255,2.432
train,trainval,3NQZOXtc9uo,50003,0,pretrain,aUBawr1hUwo,00024,-4.1213134139227225,3.712
train,pretrain,VPxEde3Q1F0,00005,0,pretrain,A27QjpQSIeo,00009,4.853243863069723,9.92
train,pretrain,05jJodDVJRQ,00016,0,pretrain,GDnYDLERnRE,00020,4.302415807397043,15.488
train,pretrain,kQa11RMCeSI,00004,0,pretrain,4SkoG9FWP4w,00011,3.380486025106329,6.4
train,pretrain,tAReayFqUEY,00009,0,pretrain,z4vmzTZ7qLA,00037,8.017816414591742,4.48
train,pretrain,MUOSpWJ0riQ,00025,0,pretrain,0SW0HFy9Et4,00016,6.411351804878201,12.416
train,pretrain,SVB39Jo8mAQ,00005,0,pretrain,Yz1sNBv7oAo,00012,-7.828483634656029,7.232
train,pretrain,DSbtkLA3GrY,00016,0,pretrain,gBkIyJ7kfSI,00012,-3.487434098691267,4.224
train,pretrain,4mJ1aHFPS1M,00002,0,pretrain,qFza3W87eDg,00026,4.607409496730048,5.696
train,pretrain,Ufs8cKyzLvg,00025,0,pretrain,CyKmpyYy14k,00006,2.7597900047103927,6.208
train,pretrain,HNMQSw7hXTA,00009,0,pretrain,ouXGIw7gBmk,00031,-2.263889082964255,3.456
train,pretrain,JDDGhGiaAZU,00033,0,pretrain,oKtALHe3Y9Q,00007,-6.797837923126757,6.144
train,trainval,F2SIP2nSEoc,50001,0,pretrain,A7ktYbVwr90,00028,2.0537596226270622,2.304
train,pretrain,9YR8jNtV4BE,00044,0,trainval,OtNpDaQqNSQ,50002,-7.364603811459407,2.112
train,pretrain,yOc9mFvusDg,00010,0,trainval,mozxTk3Brqw,50003,-9.45793207281865,3.776
train,trainval,tTcl5I0Wbzk,50010,0,pretrain,omGbKQIzoWY,00001,4.158727235743189,3.648
train,pretrain,rTMqGbTNkNg,00023,0,trainval,WpldYJ3sSIo,50016,1.0793640938973645,5.248
train,pretrain,Wn1imxwGscs,00013,0,pretrain,S6pLPVfKFoQ,00043,-6.878196313973777,4.032
train,pretrain,kiDfwUQySEs,00020,0,pretrain,gjCwsdCssdk,00008,-7.769888340434377,3.968
train,pretrain,2KSP7HvSZwg,00019,0,pretrain,AS3Pyc4Qr2Q,00004,-0.45274617314023935,5.568
train,pretrain,pcSlowAhvUk,00002,0,pretrain,dvYYYlgVAao,00017,3.650569576451929,6.336
train,pretrain,nqj6fH2i9go,00001,0,pretrain,k3zZVQPaKKQ,00011,-8.821045230013926,3.904
train,pretrain,jT5rRh9AZf4,00001,0,pretrain,25onkAGt3Gs,00023,8.662229267941107,6.208
train,pretrain,aSpHGbL5138,00001,0,pretrain,q9Ou0cj3fF8,00026,-5.1199550421405355,4.864
train,pretrain,m1LeGwELv9o,00016,0,pretrain,796LfXwzIUk,00016,2.3824092934165257,13.952
train,pretrain,luoKOkTxOtU,00002,0,pretrain,y7A4dZIyI0g,00015,5.0055107101596885,6.016
train,pretrain,tic7X3ET4gE,00011,0,pretrain,GRcvxDVDLCw,00018,-8.47763516615081,5.44
train,pretrain,UROCz70tlMY,00016,0,pretrain,9IgOVOPLTYI,00011,1.861207592845787,2.496
train,pretrain,da1vvigy5tQ,00031,0,pretrain,FdHJw0veVNY,00012,3.1921882026949753,7.488
train,pretrain,pn8p3rOaA5I,00034,0,pretrain,fTsFVO6OhO8,00010,1.896116425452913,4.48
train,pretrain,vkEeNkHilIg,00020,0,pretrain,8qqLMFBGvWI,00008,-2.1050704969484784,17.664
train,pretrain,oD06XPtmLZY,00006,0,pretrain,8sQ2p89P0Us,00013,3.9964740149041855,3.328
train,pretrain,M5tre30cRwU,00007,0,pretrain,wAIP6fI0NAI,00055,-5.805842999341893,3.648
train,pretrain,SPSq3cW672s,00005,0,pretrain,8iZSsHd0IlU,00016,-2.4808504731824126,15.296
train,pretrain,exjlR7izakg,00020,0,pretrain,jyYjI7zQlaA,00019,8.479502802447733,9.728
train,pretrain,SB9A3J70IPQ,00010,0,pretrain,W0WOfMeWvsQ,00014,-0.4090922450497114,3.968
train,pretrain,pz1TDXKSTHc,00030,0,pretrain,pGyOwnqpCKk,00015,9.046522393988631,9.344
train,pretrain,6JxRxBqQLKA,00005,0,pretrain,u9hauSrihYQ,00003,-4.367941476815151,9.536
train,pretrain,lwcvhh4pLjE,00040,0,pretrain,Zq7QPnqLoUk,00046,8.08882896796215,5.76
train,pretrain,PSggxpMY9q0,00004,0,trainval,DkyMCCnNI3Q,50008,-7.510966829540056,2.112
train,pretrain,WR2kKw3kQEA,00003,0,trainval,vMwPTI54rqQ,50021,6.496569907253797,5.248
train,pretrain,eNC1h5H5cJA,00008,0,pretrain,49aWAHqi200,00017,-3.37741029165747,5.696
train,pretrain,jobYTQTgeUE,00009,0,pretrain,dBxvZwJZgdM,00010,-9.267180029488621,21.824
train,pretrain,3UaOl8SYHes,00025,0,trainval,gh5VhaicC6g,50058,2.7903917093585093,6.208
train,pretrain,syqScVtnKuU,00053,0,pretrain,SzFHlwInGwI,00006,-7.408442880444259,3.008
train,pretrain,eRQdAOrqvGg,00028,0,pretrain,gto6w0a13B0,00035,-7.279263656758765,4.16
train,pretrain,mgBsSW5CFnw,00021,0,pretrain,6wk4dkYSrV0,00064,-9.508790209072103,9.92
train,pretrain,T7ibjISKSdY,00002,0,pretrain,DjcZrtcBZi4,00028,0.6723313474875621,14.208
train,pretrain,31iuh9pfFwg,00011,0,pretrain,uDIyxxayNig,00012,-3.4082719989168186,5.824
train,pretrain,UiCJhSuLdok,00013,0,pretrain,IRVdiHu1VCc,00052,-5.3351251264858135,2.176
train,pretrain,kNhyOYv2ejw,00017,0,pretrain,k7djE1X16og,00018,-5.684929337808855,6.976
train,trainval,askcLEVCTko,50012,0,pretrain,WQ2PFoHptK8,00016,-1.0240417883012292,4.736
train,pretrain,Xw8U5LXaItM,00013,0,pretrain,gSCSsL3it9Y,00009,-0.22578144731392769,6.72
train,pretrain,YhJPoyv8O3A,00004,0,pretrain,23vKtqo2t4k,00030,-0.7486521008445806,5.376
train,pretrain,1N39Z0ODeME,00001,0,pretrain,H03o2WCBoDU,00005,1.403088282849529,10.56
train,pretrain,vpTHi7O66pI,00017,0,pretrain,GMc8aSoCE30,00029,-0.4737040302066262,6.272
train,pretrain,1S9RVl1dSl4,00007,0,trainval,IdW9UYlxlVY,50009,9.190066782732064,6.08
train,pretrain,v2jSfxnRPSE,00034,0,trainval,MBZyRlxVdSE,50021,0.8377996108286929,3.328
train,trainval,7KtAbgvGEvY,50002,0,trainval,9VXOknUbzBM,50001,0.26749328620204693,3.264
train,pretrain,CsECS5qsGLs,00013,0,pretrain,Qd7PiXg5fKE,00010,-7.482772841244596,11.904
train,pretrain,uWfLwKHSEko,00049,0,trainval,OISOhvOumT0,50004,9.520792210218701,3.456
train,trainval,npFSbX7DZ6k,50002,0,pretrain,XRWTyUVh0BQ,00043,3.880069365085582,4.096
train,pretrain,Xmvpx1kIEBQ,00002,0,pretrain,rueQgStScw0,00001,-2.8936639444201973,3.84
train,pretrain,JRWC1UlMjZQ,00003,0,pretrain,0MD4Ymjyc2I,00023,-8.658263678924483,10.688
train,pretrain,V1xt7zgnuK0,00003,0,pretrain,9aC7bUTBKv0,00001,8.238476700690569,17.792
train,pretrain,hWnZKAXSv3s,00005,0,pretrain,qCrVpRBBSvY,00019,5.809154167893567,6.656
train,pretrain,YrSpoWSKK1Q,00009,0,pretrain,04SEzifEsGg,00024,0.7736077789744282,7.488
train,pretrain,7ZW8SLQftnY,00011,0,pretrain,NI0yARyFoIM,00001,5.096018229161368,7.04
train,pretrain,NP8xt8o4S5Q,00010,0,pretrain,SC3DVeWT09w,00015,-9.80637927807428,6.912
train,pretrain,DGvPfD1Dd1U,00013,0,pretrain,lbBDoFp2HIQ,00006,3.666321393246065,10.688
train,pretrain,mwzBJF5Q7Vw,00005,0,pretrain,akOe5SUsQ2o,00041,-1.1924947807401693,4.16
train,trainval,1YO1FmVAPrA,50007,0,pretrain,eMSonXncSjA,00009,8.161132914926906,3.136
train,pretrain,iF4s75ZPano,00008,0,pretrain,rXepkIWPhFQ,00002,9.915229014593319,6.208
train,pretrain,om6SewSRwtU,00001,0,pretrain,bf7BXwVeyWw,00023,-5.487397177741935,4.032
train,pretrain,LSdPxGLesE4,00039,0,pretrain,IBoJcDlqmo0,00022,3.221227028177694,4.16
train,pretrain,unNRCSj0igI,00008,0,trainval,NyQ1wLFj0f8,50005,-5.789119623941623,2.368
train,pretrain,Rv9SwZWVkOs,00010,0,pretrain,MSLHHgSXloM,00027,9.289343032386572,3.84
train,pretrain,CXSKrxq5eUI,00010,0,trainval,yxC30tEjZk8,50005,-1.7640128328698097,4.416
train,trainval,pi9SMFWTzXw,50012,0,pretrain,Kxg0SEpOcWs,00005,-9.480180368641555,2.816
train,pretrain,SwiaaqKdtjw,00019,0,pretrain,Y4QZzZgYUKg,00022,6.458649771216599,5.376
train,pretrain,P1sbSJK1LiI,00011,0,pretrain,6VWPHKABRQA,00033,-0.5286894652317269,8.192
train,pretrain,sR6P5Qdvlnk,00010,0,pretrain,tZYkjaKNrSo,00018,5.815712893397835,4.608
train,pretrain,P86fZa4xKSw,00001,0,pretrain,2wseM6wWd74,00020,2.5771553215630263,42.688
train,pretrain,SSJkV8IzsZA,00001,0,pretrain,Chfoo9NBEow,00026,3.848127268947417,6.08
train,pretrain,BQOz6OVz1zc,00047,0,pretrain,56WGgJNBRxQ,00022,3.8363213518182544,2.496
train,pretrain,wsIrdxDJpSQ,00030,0,pretrain,c73Q8oQmwzo,00031,-8.817299072545069,2.176
train,trainval,IOzdXNXzDqE,50005,0,pretrain,UQniNhS6LOY,00040,5.414209832514572,3.52
train,pretrain,O2OQxHNVLNY,00005,0,pretrain,uk7gKixqVNU,00002,0.6581759019835829,4.48
train,pretrain,d6eMdixkoRI,00004,0,pretrain,wvCMZBA7RiA,00016,-6.527805335447567,4.416
train,pretrain,pPgd7Hj3ABQ,00044,0,pretrain,3dqXHHCc5lA,00018,-7.409002467749694,13.184
train,pretrain,ESlb3D7AySM,00015,0,pretrain,OmMv9tShW8k,00006,9.97903650501847,3.584
train,trainval,rToBZSrxjgM,50005,0,pretrain,Rz8m1yDE0ms,00008,8.51568508385348,2.24
train,pretrain,bybOi0nMmq0,00001,0,pretrain,OISOhvOumT0,00002,-8.477105754416376,7.488
train,pretrain,XvS83nXSf0k,00038,0,pretrain,ivfJJh9y1UI,00016,8.880995357582332,8.64
train,pretrain,B5MkpzMAOZM,00039,0,pretrain,acNGOQO7URc,00002,-3.5004694703360535,4.8
train,pretrain,qm0isl11BfY,00007,0,trainval,rueQgStScw0,50007,-5.945564814969863,4.096
train,pretrain,FRKg49ySnNw,00010,0,pretrain,5ftklsHZ4cU,00020,5.875147102971967,11.584
train,trainval,l5ZJ6bK1EIc,50003,0,pretrain,dk60sYrU2RU,00038,2.95824661673036,2.688
train,pretrain,5Dn08yo9aiM,00015,0,pretrain,KzeQSZ3bQ2g,00011,7.4292882548170205,3.2
train,pretrain,JKsHhXwqDqM,00044,0,pretrain,FdHJw0veVNY,00007,5.118498418788054,8.576
train,pretrain,rrkrvAUbU9Y,00042,0,pretrain,mmhedbY8wjU,00004,-5.016947257870992,4.224
train,pretrain,70uaS1e9YN0,00029,0,pretrain,D9ZNpt6FVTY,00004,9.619227912013109,5.44
train,pretrain,4u636RVZTIY,00006,0,pretrain,QJ28IC63hlI,00021,-1.4919967662447462,12.032
train,trainval,NbpSibMSEiE,50007,0,pretrain,Hh09xlzxRmE,00035,-3.2684425488925495,2.816
train,pretrain,SmoW9jvvMr4,00024,0,pretrain,YkzwHuf6C2U,00024,-6.332907303210396,6.72
train,pretrain,DShPct3oIow,00008,0,pretrain,cGrFSZYPAyk,00010,8.227773267709978,7.36
train,pretrain,MiOVX7qKQ24,00012,0,pretrain,wgKmdbTmbDk,00014,4.265588884399982,4.544
train,pretrain,apiScBmE6rA,00001,0,pretrain,nLtUl2CP8ak,00035,7.484943173997721,5.12
train,pretrain,k5hspA18IU0,00034,0,pretrain,9EVEmZ2cSes,00001,-2.775046600277074,7.232
train,pretrain,StqRJhHNUGA,00003,0,pretrain,SqCWAsd2GP8,00002,-3.7541951215708513,6.144
train,pretrain,OEydHbngSz0,00021,0,pretrain,k5hspA18IU0,00041,-5.496590369660266,4.096
train,pretrain,FETryXMpDl8,00040,0,pretrain,lD69n6Ur2P8,00012,-0.5714777099704005,8.256
train,trainval,osBbP6Om4Mg,50015,0,pretrain,0nI65jgHG9o,00008,7.532634610881011,4.48
train,pretrain,BCvzpm4d2gs,00016,0,pretrain,OSz2v42F0E0,00017,-8.715333395330669,5.44
train,pretrain,zcMj4Az1MwE,00021,0,trainval,IdW9UYlxlVY,50022,-9.392781057018816,2.88
train,pretrain,2Shh4UkPVCc,00032,0,pretrain,lECfUfqNVoo,00008,-6.081407562954029,7.296
train,pretrain,b64qvG2Jgro,00015,0,pretrain,fIXnJycnkaQ,00016,-4.672244836025687,28.48
train,pretrain,4v4Pf5Dt8Hg,00038,0,pretrain,86xSuStz0MA,00047,-3.492785313556852,2.816
train,pretrain,yDYCf4ONh5M,00001,0,pretrain,uYyvbgINZkQ,00002,-1.004144708042002,6.656
train,pretrain,MDqyOLCFJ3c,00006,0,pretrain,AS3Pyc4Qr2Q,00046,-7.143672247842909,3.072
train,trainval,19KkFCQz8WQ,50004,0,trainval,6ibCtsHgz3Y,50001,3.0685408667558924,3.392
train,trainval,VoCOzuWOgSY,50011,0,trainval,GmSfwNFkNJ8,50005,-0.6688645732064487,4.928
train,trainval,qFza3W87eDg,50003,0,trainval,uPtP6SnAjJ0,50003,7.064602552837588,2.752
train,pretrain,lfBpsV1Hwqs,00038,0,trainval,uBgRo9tnvSI,50007,9.297512519549006,2.496
train,pretrain,7SfQLQ7eyA8,00026,0,pretrain,AhSSmLEMgis,00001,-9.067254486265433,16.384
train,pretrain,y9wzaxSPtIo,00008,0,pretrain,CGksAjzI0go,00026,9.8507157609566,4.8
train,trainval,XiDAztWWAuM,50002,0,pretrain,ivvKSx4Q6L4,00009,-0.8009281515779563,5.888
train,pretrain,80GqbW1MmQM,00009,0,pretrain,cf3zxHuSM2Y,00056,-1.7060333577951585,4.416
train,pretrain,IDqMB6C1uys,00015,0,pretrain,Mgbf3cq7lms,00026,8.310185586453233,9.856
train,pretrain,f6CILJA110Y,00049,0,pretrain,W9wwvA5BRZc,00008,3.6784539863597647,10.048
train,pretrain,dBxvZwJZgdM,00010,0,pretrain,dkmpRQdJslI,00004,-0.6246274313374336,8.64
train,pretrain,yDYCf4ONh5M,00038,0,trainval,YAV96XSdMQo,50021,-7.6680299226849025,3.648
train,pretrain,jJMBwqhD9DE,00023,0,pretrain,6Af5tJzSR2w,00028,3.3941778271410925,6.016
train,pretrain,XVXmYD0UPRQ,00005,0,pretrain,BStjKYvEziI,00014,-7.3513782671591965,3.136
train,trainval,1YO1FmVAPrA,50009,0,pretrain,u5GCetbP7Fg,00020,-3.0115027971569024,6.016
train,trainval,c2tOp7OxyQ8,50023,0,pretrain,F2dFiK3wkRA,00011,-1.9639758267905432,3.776
train,pretrain,g9M3HIjHuq0,00011,0,pretrain,dvYYYlgVAao,00006,-6.94260387727658,9.664
train,pretrain,nQcgD5DpVlQ,00002,0,trainval,V1gxziZwmkc,50011,-2.9163150187718134,2.752
train,pretrain,mgSx0q6AjdI,00005,0,pretrain,jKM0jlPW8x0,00015,2.7397809746909587,4.672
train,trainval,kYXiegTXsEs,50037,0,pretrain,IWjzT2l5C34,00036,-0.8150348428360381,5.696
train,pretrain,dcySuzHPCWM,00003,0,trainval,B0ESVNX1SYk,50010,3.0922680356979964,2.368
train,pretrain,D9xJl4S6NsM,00008,0,pretrain,SPSq3cW672s,00034,-2.1954615642378528,5.056
train,pretrain,qu7ZpWecIS8,00019,0,pretrain,XgRlrBlS7Yg,00041,7.106212127203094,4.864
train,pretrain,kZt3DNCcEtA,00035,0,pretrain,9h2dFSIsH0I,00043,-5.250234048409146,5.12
train,pretrain,7LE4MoJS2po,00004,0,pretrain,y2X7c9TUQJ8,00001,1.633138680414966,6.016
train,pretrain,kpyc84kamhw,00030,0,pretrain,55n9pHSA0O8,00043,-0.80361942378949,6.272
train,pretrain,Mr8nvXvlSy8,00018,0,pretrain,RjyxIsE3V2g,00019,5.001945534062493,8.96
train,pretrain,hFgPtuzgw4o,00055,0,pretrain,TMoYQhyxViw,00001,0.9967266681151603,19.52
train,pretrain,eh3cdTlh7VM,00005,0,pretrain,DERu2aAqqWM,00001,9.401977482178896,8.0
train,trainval,ZQElzjCsl9o,50001,0,pretrain,8tEuaj4h8dw,00005,-8.534976089981903,4.736
train,pretrain,jZxLsDkvkVQ,00022,0,pretrain,LUO3jqMlWkE,00012,-6.571736168097935,8.384
train,pretrain,BqSxYSOZrgU,00002,0,pretrain,DG7kSeazMQ4,00015,-4.302190363881186,20.672
train,pretrain,IU1i2IlkLbU,00003,0,pretrain,q06YIWCR2Js,00026,-9.865354197344233,8.768
train,trainval,2URf46UY7SA,50003,0,trainval,zsLz0mRmEG0,50004,4.816313259009382,2.688
train,pretrain,bf7BXwVeyWw,00060,0,pretrain,IFF9iSgOO7w,00008,4.365221038081636,6.336
train,pretrain,Erm4vP1vTn8,00008,0,pretrain,lv9QDjw8GJk,00002,5.170957377715581,5.376
train,pretrain,B4a0NvLTebw,00037,0,pretrain,MOQcSzkKfbs,00013,-9.337465924360192,3.904
train,pretrain,PVzcGhZ8Aeg,00018,0,pretrain,py1RrSdVt5A,00013,5.088448394602956,4.16
train,pretrain,Yagdvqn2YMU,00019,0,trainval,x2sT9KoIISM,50003,4.6563281691009735,3.392
train,pretrain,B9DdIivSGts,00034,0,pretrain,GIt6Z0k3PQo,00024,1.621472461961055,7.04
train,pretrain,wD3S6JIUF7M,00028,0,pretrain,3NdSVi38RM8,00027,-2.7860134773513057,15.04
train,pretrain,8t987Lxt1t4,00015,0,trainval,DUd8XAS5HEk,50010,-1.290291910311204,2.176
train,pretrain,4mJ1aHFPS1M,00016,0,pretrain,SqgSz1UmcBM,00007,-4.693569352173343,5.696
train,trainval,M9pPgIraoOM,50004,0,pretrain,sLiM2SizFl4,00004,7.648646496386249,4.032
train,pretrain,buHSvs7LFzw,00012,0,pretrain,sucza6EOIf0,00037,-0.05315056695056164,6.08
train,pretrain,pgmiPXAwiLg,00013,0,pretrain,fCKNScHMBGE,00030,4.060893028781818,6.208
train,pretrain,aeVtSWlH1qY,00002,0,pretrain,JD4O7ama3o8,00031,-2.2933591606171184,6.4
train,pretrain,dhDBxxOKGlg,00005,0,pretrain,khRkIVPa1Vc,00026,9.194375151056118,4.096
train,pretrain,Yx2rjq1gSWA,00003,0,pretrain,oS4R8TG9e5Y,00004,-4.204248294508782,16.192
train,pretrain,LhjsRjC6B8U,00005,0,pretrain,VM7HQSzbdIw,00008,0.845166569251937,2.688
train,pretrain,Svm5Czaf82k,00002,0,pretrain,wDxjss7kHRw,00004,2.804637234760408,6.528
train,pretrain,y66YKWzSsf0,00010,0,pretrain,NR33yerZgso,00010,-3.0800532838444417,10.624
train,pretrain,0ygtX2nyexo,00011,0,pretrain,0sYguTPLpHE,00058,-9.909631470069806,4.48
train,pretrain,C2SVEM19NHA,00040,0,pretrain,7icexlbjQnE,00001,-9.785253483040961,7.552
train,pretrain,LS3wMC2BpxU,00002,0,trainval,HA7GwKXfJB0,50003,-5.52442479962629,4.416
train,pretrain,DLEbNRdqX0U,00022,0,pretrain,fzKxYlHmhmY,00007,5.031694115527671,11.968
train,pretrain,kvpUiBqHoVM,00005,0,pretrain,jqWHy6B0ADA,00018,1.4314873889555901,5.824
train,pretrain,XyCY6mjWOPc,00023,0,pretrain,tp4Z4EVFA0g,00014,2.0726565797264733,5.888
train,pretrain,xY7kVVS2HVY,00032,0,pretrain,2S0aEezKvBE,00003,-9.042663788316798,7.616
train,pretrain,qaue72D9pSI,00001,0,pretrain,OtUSnXV0i4E,00001,9.505319234487494,4.544
train,pretrain,7LcSdlVrg5M,00012,0,trainval,CHh6hWo1AFE,50015,-2.558658637614341,4.288
train,pretrain,2W1jvTEjc1s,00014,0,pretrain,nVEvzeIXbpk,00011,4.406811990774877,4.16
train,pretrain,9aC7bUTBKv0,00003,0,trainval,MqnbE5WRPEU,50006,5.626790660349567,4.608
train,pretrain,Chr3rQ6Vpcw,00005,0,pretrain,RSl1ramE35s,00001,9.390030922954175,4.416
train,pretrain,NEW8RKyMDV0,00021,0,pretrain,L7CqpVQDL0E,00015,-1.9841371191163777,26.368
train,trainval,9YR8jNtV4BE,50012,0,pretrain,Br1AIvMrvAE,00024,8.366495231419481,4.288
train,pretrain,KRrNST9OAcA,00010,0,pretrain,03h0dNZoxr8,00018,-3.844635766747575,5.248
train,pretrain,I4fJPKSKbrA,00010,0,pretrain,8GOFoquSdkI,00008,2.8224695040965884,4.608
train,pretrain,AgMOJC5R4F8,00020,0,pretrain,CWCWq155hyc,00001,3.3126264241215537,20.288
train,pretrain,GqGksNRYu8s,00005,0,pretrain,xLuMcYn8Yk0,00017,-5.092481631092762,9.28
train,trainval,tqf607N19Is,50004,0,trainval,sa1iS1MqUy4,50010,0.9676351910167629,5.376
train,pretrain,sS9ys09BkGE,00002,0,pretrain,FESv2CgyJag,00026,-3.33960247683875,9.024
train,trainval,8khcH5Lqxgk,50001,0,pretrain,whjLZogf9e0,00013,-4.826348472942956,3.2
train,pretrain,8n5O9tz30So,00003,0,pretrain,WzuWMf3WPPc,00018,1.0988680932448958,3.904
train,pretrain,sYySLEdYr8A,00010,0,pretrain,iFTWM7HV2UI,00004,-1.339599858508354,11.136
train,trainval,drXnDLHKKPM,50010,0,pretrain,ge3SS1hOm1s,00009,-6.444699113154019,4.928
train,pretrain,bKQA6I4BA7o,00012,0,pretrain,nCwwVjPNloY,00037,6.750970377196687,4.736
train,pretrain,b81YwSOs8RM,00020,0,pretrain,M3mnUMmUAHQ,00013,-3.1952194295344576,4.928
train,pretrain,7c5t6FkvUG0,00014,0,pretrain,dcwuBo4PvE0,00036,-7.5252442033338,12.672
train,pretrain,aUBawr1hUwo,00024,0,trainval,cgxZ4H3gJ8c,50005,4.982005068201687,6.144
train,trainval,S0hxl03JoA0,50002,0,pretrain,sAMahX5hIgU,00018,-7.367085777252558,3.84
train,pretrain,zcMj4Az1MwE,00005,0,pretrain,QpmsftF2We4,00024,-4.496379202865956,3.904
train,pretrain,xzT6iH2CX4k,00015,0,trainval,6iFCm5ZokBI,50006,-3.3258461878016004,3.328
train,pretrain,L6PW0Nw35X0,00008,0,trainval,SvBggxCNNno,50008,-3.7557427991037446,3.136
train,pretrain,XBaRdmEVy8s,00008,0,pretrain,nLtUl2CP8ak,00044,7.515109788644022,5.056
train,pretrain,lXQ4HSMp1OA,00006,0,pretrain,MtSE4rglxbY,00020,-0.8086035773860107,3.84
train,pretrain,BGRy5VUSLfI,00013,0,trainval,XZiNVGA78kA,50014,8.698586299365637,5.888
train,pretrain,2VWSSFSUeQI,00021,0,pretrain,3dy4SGkSD8M,00031,-2.220510633989603,8.256
train,pretrain,dk60sYrU2RU,00007,0,pretrain,KIysMV9wbVY,00013,4.316995911116731,6.72
train,pretrain,S7rSSd1fiUc,00009,0,pretrain,cn9Q4c3dXGU,00020,-9.22738463649452,5.12
train,pretrain,DlGUSNXOdpQ,00014,0,pretrain,oW91ATcgXVc,00020,-1.3079099961670515,9.344
train,pretrain,X2et2KO8gcY,00034,0,pretrain,HSmKRshF1SA,00025,-1.3118300367583213,9.856
train,pretrain,UVDgemuZdho,00035,0,pretrain,GROCkg810R0,00011,-3.1025975311852205,19.072
train,pretrain,0GL5r3HVAZ0,00008,0,pretrain,qQDC7c2I8l8,00013,-3.841390248619934,2.944
train,pretrain,xDe346z233Y,00014,0,pretrain,gmjSazFbpkA,00062,0.34042037248699586,3.776
train,pretrain,Ogce5D2XMZ0,00006,0,pretrain,vVY8L56oxSM,00022,-4.5910415843570185,16.128
train,pretrain,u0VHC1SDOS8,00001,0,trainval,J6SSCMhcCfQ,50005,5.585043947512425,5.888
train,pretrain,QUL0eSQtV8c,00016,0,pretrain,PVfd6fg7QsM,00013,-3.7229713213800846,6.08
train,pretrain,mSvyBpWueu4,00029,0,pretrain,l5ZJ6bK1EIc,00010,5.224233610485756,6.272
train,pretrain,IgKWPdJWuBQ,00020,0,pretrain,ydzNAuqUAnc,00012,4.753398898538057,6.08
train,pretrain,XqsmITK1VO8,00015,0,pretrain,iP9QFSlBOyA,00030,0.006217359208690709,8.192
train,pretrain,RG5QP2EVUVY,00001,0,pretrain,YeXcNpVkezI,00007,9.092449011725233,8.064
train,pretrain,56WGgJNBRxQ,00052,0,pretrain,ELET24AHnEg,00002,6.734489621246986,9.856
train,pretrain,mPCDOij0bB0,00033,0,pretrain,V1xt7zgnuK0,00016,-0.4300647884796156,4.928
train,pretrain,BEcyzAcFFwU,00001,0,pretrain,CyKmpyYy14k,00002,-2.902473173706978,58.304
train,pretrain,byHcqsGvcj8,00011,0,pretrain,9YeQi5Zqy1I,00027,6.434982062872944,4.288
train,pretrain,ZbYDSIe5jsI,00003,0,pretrain,Mu00S1dAMl4,00008,9.710993507014834,4.8
train,pretrain,2S0aEezKvBE,00020,0,pretrain,QijH4UAqGD8,00010,4.061902298522778,4.8
train,trainval,l2oywAEJ9hE,50007,0,trainval,quJdL9ggETI,50007,-0.2808487094266372,2.176
train,pretrain,vbHkhSfaQu8,00040,0,pretrain,WfjzkO6SDEI,00014,-2.166949365198489,4.992
train,pretrain,YA87VEeoZLI,00014,0,pretrain,mDSuP2BsVy4,00038,-1.6494376561940314,6.144
train,pretrain,GS1xL1qcBa4,00009,0,trainval,0ygtX2nyexo,50030,-2.1753186675017,3.968
train,pretrain,Hul8htHa9AY,00024,0,pretrain,LgntY0dOfSc,00008,9.263583308105844,4.288
train,pretrain,pgmiPXAwiLg,00023,0,pretrain,qGSYmIPFO68,00047,-0.2663893619611475,5.568
train,pretrain,7hFy02TSH4U,00012,0,pretrain,X6Zo53M0lcY,00007,-4.2445502919511435,6.016
train,pretrain,GW02Vo641dU,00017,0,pretrain,LsESSyMnwmU,00021,-0.22349403188315264,3.648
train,pretrain,askcLEVCTko,00051,0,trainval,ZzugJPASNB8,50002,1.316335605272517,2.816
train,pretrain,o0I0Poe3qlg,00017,0,pretrain,j8T3bdqTdp4,00019,0.5786192546028381,13.696
train,pretrain,A71OktxTPac,00010,0,pretrain,qty0NjF3pdQ,00014,1.0248445619599664,20.352
train,pretrain,GMc8aSoCE30,00028,0,trainval,ufp5iGh0agA,50002,9.588673282051644,4.288
train,pretrain,OT9poHSD2Iw,00011,0,pretrain,imaWSTabxOE,00005,-6.185872112288191,9.536
train,trainval,pew48bbrob0,50003,0,pretrain,ZmSF9gVz9pg,00029,7.5967333432238675,5.376
train,pretrain,I4fJPKSKbrA,00003,0,pretrain,20DZsCdCuOg,00007,0.04361046943551017,7.36
train,trainval,xTMZJvfzxGY,50019,0,pretrain,GjINFuwLGvQ,00015,-0.5443643166568073,2.048
train,pretrain,0SUTgoPUTLQ,00016,0,pretrain,LLmhQmicusM,00022,2.2310458351799323,8.768
train,pretrain,uYyvbgINZkQ,00028,0,trainval,bGBamfWasNQ,50010,3.7021082776079233,5.632
train,pretrain,8S6S5vZGSSk,00014,0,pretrain,4bHO8NZwmIg,00005,-1.2050756992991438,14.72
train,pretrain,B8Z2G7d2kzs,00015,0,pretrain,ztGkmruGPqM,00005,3.1984440660713673,4.416
train,pretrain,HAKea48B3oM,00036,0,pretrain,ihR9SX7dgRo,00008,-9.921538006085587,11.008
train,pretrain,WLj0uepcPFs,00014,0,pretrain,86xSuStz0MA,00048,9.84277037686363,5.376
train,pretrain,pDsAqCEo5CY,00017,0,pretrain,by3NnWvSCj8,00022,0.6022500197423355,6.272
train,pretrain,uYyvbgINZkQ,00030,0,pretrain,LSdPxGLesE4,00001,1.8398060501976747,2.88
train,pretrain,PL9wP3pAl7A,00001,0,pretrain,KIysMV9wbVY,00020,6.576387037349004,14.208
train,pretrain,UG2zHhgfAW0,00025,0,pretrain,uYaF8pSTNSU,00018,6.4361249538851375,8.832
train,pretrain,KTTtn0iSZyA,00025,0,pretrain,SmoW9jvvMr4,00010,5.302235003319382,6.464
train,trainval,zIXX3HPgEnI,50008,0,pretrain,SqCWAsd2GP8,00016,5.305891008587087,4.096
train,pretrain,DZT6YpCsapg,00023,0,pretrain,1mUDw0sRZV0,00026,-1.9135365700974276,6.656
train,pretrain,dcySuzHPCWM,00034,0,pretrain,l5Bbg96VODk,00015,2.982316894917698,10.432
train,pretrain,46wWjKTn4Ac,00011,0,pretrain,qgv8VoyJ3wA,00008,-2.1649423104625214,3.776
train,pretrain,hPsUXhXgWmI,00036,0,pretrain,iq5lXSj6Prg,00033,2.7438218701782713,4.224
train,pretrain,3rbVQNTzCh8,00009,0,trainval,Q0Uo05JoZQo,50002,3.407522312432423,4.416
train,pretrain,8iQnrM3DkVI,00004,0,pretrain,XDBWEKBq0Sw,00014,7.217798514114357,3.648
train,pretrain,gBkIyJ7kfSI,00034,0,pretrain,cpsRAk5HpK4,00030,8.43004810778837,7.296
train,pretrain,pCHWOt3FOgY,00003,0,pretrain,iNPsDky1z94,00012,1.7688253148469286,4.864
train,pretrain,QS0p8ZpBq04,00021,0,pretrain,W4LYn4mIP18,00020,-3.2995691292496847,6.336
train,pretrain,7VRzn8hc5mc,00018,0,pretrain,V2PP3p4S4R8,00017,-5.544029247287714,6.208
train,pretrain,Y350oOiunf4,00008,0,pretrain,KTvSfeCRxe8,00050,1.9621924725935376,5.248
train,pretrain,b0vDWqp6J7Y,00002,0,pretrain,dE1DuBesGYM,00013,-2.9886660538271475,3.456
train,trainval,sa0RUmGTCYY,50037,0,pretrain,60OVlfAUPJg,00019,-8.612699086188751,4.416
train,pretrain,k0T6rfpYoqA,00019,0,pretrain,UG2zHhgfAW0,00022,-0.7615635335738613,8.128
train,pretrain,dOt4NkcmIUg,00026,0,pretrain,5pW2b1vwwf4,00066,6.790502434961674,5.376
train,pretrain,2Brajdazp1o,00015,0,trainval,zISxg4JhSRk,50002,9.417480315103187,4.416
train,pretrain,m2SLpM5uL5g,00010,0,pretrain,Pmbkx71iedM,00007,-6.927408144369325,4.288
train,pretrain,BT2XlI8oeh0,00009,0,pretrain,EHTmxmuhZ10,00010,-1.4359553310192226,10.688
train,pretrain,rmeGVhhbGrM,00016,0,pretrain,h27g5iT0tck,00009,7.52105630435306,9.536
train,pretrain,UN8S8qSKmdE,00005,0,pretrain,jTfGAHroSSI,00002,9.751511937745342,13.312
train,pretrain,iP9QFSlBOyA,00031,0,pretrain,sEOSCziWuP8,00007,6.827941668117887,7.296
train,pretrain,2G8C36aKnpU,00010,0,pretrain,66Smr600NjU,00011,-3.3432508909657326,5.312
train,pretrain,EEjyPqyFeSs,00039,0,pretrain,gDS1Eh6rqf8,00016,3.964779440717276,7.36
train,pretrain,zWxFhFZJDks,00008,0,pretrain,eOvG4ZXQxUU,00004,8.375299886298478,4.992
train,pretrain,mS8tQSTYLgk,00003,0,pretrain,zvwQXwJyaj0,00024,1.9939696267757583,4.416
train,pretrain,UVZyVz8gBeQ,00027,0,trainval,ZlKrvnB8YnU,50002,-5.951357270268076,6.144
train,pretrain,r4KQfepEqWQ,00006,0,pretrain,d8s8e8JdGCc,00032,-0.6282045556005862,5.696
train,trainval,cQvDUTOOkiI,50007,0,pretrain,OAK1UIbSFio,00026,6.279816915903062,4.48
train,pretrain,2VWSSFSUeQI,00020,0,pretrain,WFImhWa5oUw,00002,6.932978587824088,44.48
train,pretrain,qS7zAkwAOYg,00014,0,pretrain,H1fvr9rGgSg,00025,0.7961133632898623,5.568
train,pretrain,WbuIl6phdco,00006,0,pretrain,tjkrKA1cVdU,00001,-1.0506762617925602,2.496
train,pretrain,ErexJkoDhGI,00036,0,pretrain,ETFkztcoMVc,00006,1.6590699631103192,4.8
train,pretrain,hRSw8DBbFr8,00005,0,trainval,kLRanIhp2jg,50008,-8.82883204542213,2.112
train,pretrain,B905LapVP7I,00023,0,trainval,FKQavJZHRJU,50003,8.50290425613699,3.52
train,pretrain,AOEQ9GteWbg,00038,0,pretrain,04SEzifEsGg,00002,2.3949525611085,5.376
train,pretrain,LMrzdkSYnYY,00015,0,pretrain,okQXrB7ySAw,00004,-1.3225574003161178,5.12
train,pretrain,a19lSbFPRqY,00010,0,pretrain,FWTSBLVOASI,00006,8.518829476027868,5.312
train,trainval,y9wzaxSPtIo,50001,0,pretrain,T4SvurUIYI8,00020,0.2713415822051939,2.24
train,pretrain,V1ItvwxBENg,00008,0,pretrain,JSuTsrxfYWQ,00040,-1.111624883589732,6.656
train,pretrain,ddek3gQVt9Y,00016,0,pretrain,cXQrbxD9SNg,00012,-5.632156572684595,6.656
train,pretrain,ilMwoEdqMTs,00001,0,pretrain,hz2ONnzRANs,00015,1.9942830102901326,4.352
train,pretrain,F1Kml3zuTco,00017,0,pretrain,SH86f9zom10,00001,-7.719374241391641,10.496
train,pretrain,3LmjSv8N8hE,00022,0,pretrain,mFnS7wG1qXw,00015,7.631321677422264,7.296
train,pretrain,7oQY0uC52jY,00008,0,pretrain,AR6RiSHN7S0,00019,7.193986432238464,4.928
train,trainval,B905LapVP7I,50004,0,trainval,9EglK8Mk18o,50013,-7.2869710953528655,3.648
train,pretrain,0LxPAY9yis8,00024,0,pretrain,WNDWYW4yWEM,00023,3.4268581405824,7.168
train,pretrain,nO69NjadSec,00019,0,pretrain,wyhF7q3Sbpk,00028,-6.687118457589425,6.144
train,pretrain,6tpsSu5O0Ws,00054,0,pretrain,Fb3yp4uJhq0,00011,-9.130608278596391,8.448
train,pretrain,pX8zZdLw7cs,00027,0,pretrain,hbG89FYKzaY,00009,-1.3284783325158696,8.32
train,pretrain,qu7ZpWecIS8,00035,0,pretrain,folTvNDL08A,00031,2.094733036200493,14.72
train,pretrain,OISOhvOumT0,00025,0,pretrain,qYfEYvo96Hg,00009,-7.730780113248046,4.8
train,pretrain,eLz9TvxGoKs,00033,0,pretrain,JTX0diTlUFU,00008,1.2140413222365538,5.888
train,pretrain,gvGSfRhlvlw,00009,0,pretrain,C44r6knuJtU,00010,1.250311999829048,4.48
train,pretrain,gmjSazFbpkA,00045,0,trainval,R9g3QSqvtss,50004,-4.142000639516374,3.136
train,pretrain,uS3UYncNwz4,00026,0,pretrain,zGEDHMF4rLI,00039,8.173353945161548,8.192
train,trainval,l5d8GW6GdR0,50011,0,pretrain,SQe8cR4Jl10,00015,-1.6449651331596034,3.84
train,pretrain,bl8S81JF3b8,00010,0,trainval,rTMqGbTNkNg,50018,6.4510390621554095,2.816
train,pretrain,GzB0BDstCI0,00016,0,pretrain,Sf994ANuGIY,00008,-8.048547665157095,6.848
train,trainval,lVwBFWmgIDI,50001,0,trainval,S74wSYuesOI,50009,-0.061154278699115494,5.76
train,trainval,nU5gOr1cSxU,50017,0,pretrain,5EORxJsoUJQ,00004,0.5211835054091374,6.08
train,pretrain,i1MRJrm9Gts,00005,0,pretrain,J9PgY1mbPgM,00005,0.9848742141357505,3.84
train,pretrain,OlLFK8oSNEM,00022,0,pretrain,0FOlwct8k9M,00013,6.377110911017695,5.76
train,pretrain,IwWuLSwSMvI,00006,0,pretrain,UiDJFGroD3U,00002,-9.64811490319499,8.128
train,pretrain,11Mq9ZuxZMc,00037,0,pretrain,2BOTS9GAjc4,00005,1.4529042643775334,9.92
train,pretrain,2t13Rq4oc7A,00008,0,trainval,1o9NEtA2IEQ,50001,-8.899844514202883,2.752
train,trainval,8cwWSS29faQ,50005,0,trainval,iZRGUADAu2Q,50013,-5.025266843098413,3.328
train,pretrain,pvBlSFVmoaw,00011,0,pretrain,HMYVHShBGWg,00021,8.09816880927038,4.544
train,trainval,wfNX1cHkSfE,50012,0,pretrain,j3BKOnw9mD8,00012,1.8578888289734827,6.016
train,pretrain,3B24RaqA33k,00014,0,pretrain,xDe346z233Y,00021,5.889093695703728,5.888
train,pretrain,1EHZAQmw2JA,00006,0,pretrain,kiDfwUQySEs,00028,-9.31715650741214,3.584
train,pretrain,yRUCU5FsvTY,00009,0,pretrain,luFjmQJpPSU,00003,-8.570803955482635,4.672
train,pretrain,vSONFixSe4k,00027,0,trainval,GhpFTQfiqCs,50007,2.4500048136562764,2.88
train,pretrain,XRWTyUVh0BQ,00043,0,pretrain,I9weytKalQQ,00003,-4.613264116412674,6.336
train,pretrain,BsFxokC02sg,00019,0,pretrain,fwm3azuoLr4,00004,5.696132636832868,3.456
train,pretrain,12ud0nSTvro,00018,0,trainval,OSz2v42F0E0,50007,-3.0717812949341745,3.328
train,trainval,Vqm8fXFFHyY,50001,0,pretrain,jFG7jqJXbno,00014,6.548717684623735,6.016
train,pretrain,f6CILJA110Y,00033,0,pretrain,23vKtqo2t4k,00001,6.058458892028614,4.288
train,pretrain,aSLSiIskEFU,00020,0,pretrain,ok54sSWquT4,00028,-3.685877978673064,5.184
train,pretrain,voXOUWiJuLo,00013,0,pretrain,Chfoo9NBEow,00031,4.434507713854089,6.848
train,pretrain,TqxxCYnAxo8,00004,0,pretrain,lPtPG2lAmm4,00018,0.1041159252410715,6.848
train,pretrain,RBfdvib2irc,00012,0,pretrain,3ELnyoso6vI,00029,-6.239143629184401,10.432
train,pretrain,apiScBmE6rA,00030,0,pretrain,3ite2QwSU7g,00015,0.5562504241190087,5.696
train,pretrain,IRVdiHu1VCc,00064,0,pretrain,S9u71TB0VkA,00001,0.16289605657260608,14.912
train,pretrain,LUO3jqMlWkE,00016,0,pretrain,fvoWoMIwrSg,00023,1.6964774321441478,9.6
train,trainval,8jPQjjsBbIc,50010,0,pretrain,X2et2KO8gcY,00027,-6.129652374932517,5.12
train,pretrain,jSdBXFkQ3S8,00017,0,pretrain,488ZBeaGo6s,00024,9.112565258643826,6.784
train,pretrain,W0StyxgMk1o,00021,0,pretrain,dsCNuBSKBUw,00001,8.16006025073506,5.12
train,pretrain,LFJ9WAHowcg,00023,0,pretrain,QJ28IC63hlI,00023,1.0425718280920115,7.232
train,pretrain,ovV7v2XYJAI,00013,0,pretrain,HB2SlA68YDU,00013,8.10795611751136,3.2
train,pretrain,6XS8TA4RBog,00032,0,pretrain,snHSSUcGSSE,00010,-3.884864874154335,4.096
train,pretrain,dFC2pSkETas,00012,0,pretrain,Dceyy0cX6J4,00005,1.4554248883777205,3.264
train,trainval,cn9Q4c3dXGU,50017,0,pretrain,aS1UEAGCo30,00001,-8.718402709513342,3.968
train,pretrain,sEOSCziWuP8,00006,0,pretrain,xpnFeyMGUs8,00003,-9.901442492809158,4.8
train,pretrain,U4Lx5rcii38,00033,0,pretrain,7VRzn8hc5mc,00001,0.5170497352859638,3.52
train,pretrain,sAUIAChAmc4,00001,0,pretrain,4ShLkgv6LSk,00013,8.536126854287161,4.224
train,pretrain,drv3BP0Fdi8,00010,0,trainval,cSrWtqConY8,50003,9.524615151453734,6.08
train,pretrain,FsGu5YTM1NI,00015,0,pretrain,40riCqvRoMs,00008,-5.990425060707709,4.16
train,pretrain,hgui64Kr0Go,00008,0,pretrain,xbWcLYOniWU,00010,-0.23209167886981952,13.376
train,pretrain,5K57kcs15DY,00022,0,pretrain,23vKtqo2t4k,00028,-4.9808531680646855,22.848
train,pretrain,U11XcUta1jk,00006,0,trainval,SwMTKRixZIE,50007,2.881790371554443,2.048
train,pretrain,pk35J2u8KqY,00002,0,trainval,4l3Kj3hVSVY,50003,9.418263185336368,2.496
train,trainval,CGksAjzI0go,50006,0,trainval,xbWcLYOniWU,50003,6.338404106260555,4.8
train,pretrain,cSrWtqConY8,00003,0,pretrain,QvSZ1MtaXME,00013,4.18976531324037,8.0
train,pretrain,vEli4dfAXrM,00001,0,pretrain,vvEH93EQiKg,00015,-1.566752098816007,23.168
train,pretrain,8C2t8P809x8,00019,0,pretrain,tjZlLk9bVVA,00015,-3.2215149018175797,5.824
train,trainval,jE1j5Om7g0U,50012,0,pretrain,nLtUl2CP8ak,00009,6.268471165917816,2.24
train,pretrain,AIfwFLDXFyQ,00003,0,pretrain,eNDhBSR1DZ0,00002,4.674558795749853,2.816
train,pretrain,8vSGrrQs8ow,00018,0,pretrain,KOtFDsC8JC0,00016,2.1216050587040254,8.064
train,pretrain,ppZ2WIlRvR8,00024,0,trainval,QekbuidfQKo,50021,4.98139438396753,2.048
train,trainval,Tu01sNfs5SQ,50001,0,trainval,rbnBeSvXGQM,50006,-9.685872519569191,2.048
train,pretrain,UkLWzSxAQJU,00005,0,pretrain,nHU9aLPyxf0,00021,-6.874327260170519,20.224
train,pretrain,fW6AndSUByo,00043,0,pretrain,PS2h8hSFphs,00034,-8.603707023408036,6.464
train,pretrain,Jv2GGScsUc8,00037,0,pretrain,zuLOT6GsAxw,00016,-5.444614007634705,6.528
train,pretrain,eyBEIx7fCfY,00024,0,pretrain,cJgStPB0Nu0,00007,3.52524418629131,6.72
train,pretrain,ac1mOswXxLs,00002,0,pretrain,hVsnkRoYfX0,00022,8.107063742148451,7.68
train,pretrain,APPbSStpGHk,00005,0,pretrain,G8cjIBwP52o,00040,6.2009066059582345,5.696
train,trainval,e450FJaS3no,50006,0,trainval,4sg9TlsMRVA,50005,-4.79500458568114,2.56
train,pretrain,Ttshw4mELNk,00005,0,pretrain,dcySuzHPCWM,00044,-0.7992732129937714,5.952
train,trainval,8u9Wvz1edxI,50001,0,pretrain,Xl6wxnnSStI,00001,1.3359303579240347,3.904
train,pretrain,kiDfwUQySEs,00007,0,pretrain,7SjWguOXVwE,00009,-6.024519103237669,19.904
train,trainval,SSudEBkC4O0,50004,0,pretrain,WR2kKw3kQEA,00001,-1.1832184113820574,2.176
train,pretrain,l5ZJ6bK1EIc,00006,0,pretrain,mDSuP2BsVy4,00029,7.568353186102954,5.824
train,pretrain,2xKXLPuju8U,00014,0,pretrain,mJxA8eIWQUc,00017,5.9234143299713455,13.568
train,pretrain,Sm5xFSUYgdg,00032,0,pretrain,WKlIytaSlu4,00004,0.26249025067793497,6.016
train,pretrain,cnDEVgxD6QQ,00026,0,pretrain,DGvPfD1Dd1U,00014,-7.450470294556815,5.44
train,pretrain,gB23pKmyIHM,00010,0,trainval,YL1XwfyaS00,50019,-1.5829262984019898,6.208
train,pretrain,0z03xkwFbw4,00016,0,pretrain,6AvXhgXlGpE,00047,5.977216358233468,2.56
train,pretrain,SJ0G1iCLzCA,00020,0,pretrain,XVXmYD0UPRQ,00009,-3.920871777829009,16.064
train,pretrain,HpAaSOgpi50,00009,0,trainval,IMTcuU0KLSw,50027,9.101325516462808,2.496
train,pretrain,VObLitSe3K0,00010,0,pretrain,lXNE4MD2X2w,00005,-8.598505898895175,6.464
train,pretrain,IfzrN2yMBaQ,00004,0,pretrain,Wh9O3SciOYs,00030,-1.422676057017311,5.184
train,trainval,vhhgI4tSMwc,50003,0,pretrain,Z6T37m4r3yo,00002,-2.035811798975031,3.2
train,pretrain,dOt4NkcmIUg,00026,0,pretrain,bvAEJ8G9l9U,00031,0.8385964066654967,6.656
train,pretrain,j3YjeARuilI,00008,0,trainval,2L4BSVpvx1A,50007,-9.12056761495775,6.016
train,pretrain,1X8b7mXImVM,00021,0,pretrain,nyLYQYHGbvI,00025,-5.909696250846119,8.96
train,pretrain,SryJK294Psw,00021,0,trainval,J45cWdDEbm0,50009,-8.284118203266042,4.16
train,pretrain,HoyNrlMNBvw,00026,0,pretrain,5sS3Yjh9Lw4,00006,9.85518520376164,6.016
train,trainval,sWN13pKVp9s,50005,0,pretrain,7TXEZ4tP06c,00012,3.6576158980965996,3.456
train,pretrain,XPkV1bDZDl4,00032,0,pretrain,hJZ0pAoxksE,00026,4.532372303431371,13.952
train,pretrain,GIt6Z0k3PQo,00022,0,pretrain,Mh3SwYHdeVs,00004,8.509149608130471,13.12
train,pretrain,gaY4m00wXpw,00006,0,pretrain,kQa11RMCeSI,00005,2.6019780396208336,4.416
train,pretrain,cj5LZBmiQu4,00023,0,trainval,JNSgdmKysxA,50006,9.465635163254937,3.968
train,pretrain,v84pD2g3gSk,00027,0,pretrain,wvCMZBA7RiA,00001,-4.10665990841812,3.904
train,pretrain,Ftow7dSpaiY,00010,0,pretrain,d6PS4p3IXLQ,00009,-0.7699594687733651,4.608
train,pretrain,7CIq4mtiamY,00032,0,pretrain,lyu7v7nWzfo,00001,-2.3099390988229507,3.648
train,pretrain,GOCUH7TxHRI,00009,0,pretrain,rRepnhXq33s,00007,-3.7541374644233816,9.664
train,pretrain,1gTNgijhKzw,00030,0,pretrain,K8Dj0oSf1SA,00014,1.6656775069696312,8.896
train,trainval,ZzugJPASNB8,50010,0,pretrain,bk65ivyQZy8,00013,-2.665380803556417,5.12
train,pretrain,VT3XyORCFDA,00016,0,pretrain,vMwPTI54rqQ,00012,0.6281959087094222,6.848
train,trainval,lDq9SQxvsNU,50007,0,pretrain,zwjLQgNd7XM,00013,4.221457544729557,2.88
train,pretrain,o4Nno6POrwE,00045,0,pretrain,2cYDyMnL4M8,00023,-5.43155605461606,4.288
train,pretrain,Phf66nAoMIk,00013,0,pretrain,o1abyP4zfGg,00023,-2.4109174255938637,7.936
train,pretrain,rpOwTspdwkI,00013,0,pretrain,k4vzhweOefs,00079,-8.017761938444604,5.12
train,trainval,iGHzqmnGH4A,50001,0,pretrain,dFC2pSkETas,00001,-8.718644107636957,3.648
train,pretrain,5c6AADI7Pb4,00016,0,pretrain,xuAAPsiD768,00032,2.8603343120283586,4.224
train,pretrain,o08ykAqLOxk,00031,0,trainval,nxRRqLpWi6Q,50003,8.010466958793742,2.24
train,pretrain,7pVPmmwSeJQ,00020,0,pretrain,8gSAkUOElsg,00011,-5.749879426595443,7.744
train,pretrain,UIAm1gSVgn0,00034,0,pretrain,2VLje8QRrwg,00009,-0.18928632789834765,4.8
train,pretrain,okQXrB7ySAw,00067,0,pretrain,dY9f9bFctUE,00041,-3.784434852211409,4.16
train,pretrain,yhMi0tkYyT8,00007,0,pretrain,HpiZTvlWx2g,00006,4.972473590305119,19.968
train,trainval,gPEECGFJFb8,50001,0,pretrain,zLNXIXingyU,00052,-3.44179843142693,6.016
train,trainval,1oNlTrLIjU4,50002,0,trainval,PSXxEyYQc5g,50002,-4.8021144361634445,3.136
train,pretrain,NXvITqGAiX8,00003,0,pretrain,p2MEGk5q1WI,00033,-6.473479433519409,5.056
train,pretrain,CPVjktgYKo4,00029,0,pretrain,vvhiNSqq6oo,00020,-5.571892734899411,9.408
train,pretrain,H50eCfpquBI,00001,0,trainval,lPtPG2lAmm4,50001,-8.011181318407775,4.416
train,pretrain,F0ofeD8VKMA,00073,0,pretrain,a17Z5Sk2XJY,00020,-2.49120942996913,5.44
train,pretrain,dY7iATJVCso,00031,0,trainval,30KJRb4MzSg,50005,-5.971115946285151,2.816
train,pretrain,B1dkma6GRZo,00022,0,pretrain,Gv7Y0W0xmYQ,00003,-7.896181122302252,4.992
train,pretrain,7s0CpRfyYp8,00002,0,pretrain,vQILP19qABk,00014,-0.3211518594691132,4.224
train,pretrain,pysNMB033co,00001,0,pretrain,yuu6o4AQwNI,00003,-5.753874093297149,24.32
train,trainval,AGivotqSrd0,50035,0,pretrain,1BSSXUntiLg,00001,-0.01368694241705981,3.328
train,pretrain,0N1oA9LUEc4,00013,0,pretrain,JSuTsrxfYWQ,00001,0.09983705348530769,6.528
train,trainval,SasMjDCSyR4,50004,0,pretrain,2tBuvxXxlS4,00003,5.501403213399016,4.416
train,pretrain,zStF2WEZMSs,00007,0,pretrain,aT6vIq6S1OE,00016,7.792923603392797,8.32
train,pretrain,EDLWWP8N6MU,00021,0,trainval,ktOeFgmdIAo,50002,8.475533379451349,5.76
train,pretrain,SpUtz75lNaw,00007,0,pretrain,8woKcr7uSYQ,00009,-9.990501630661777,7.104
train,trainval,LWQfeSSfNbs,50006,0,pretrain,BSxI3YxAPW4,00021,6.752624335704581,2.368
train,pretrain,DnJHaveemUk,00011,0,pretrain,LpNkuaVnlPY,00009,-3.1048765503190223,5.376
train,pretrain,eJnlgDUcxOQ,00031,0,pretrain,eqDgt12m26c,00002,-4.076921802268609,11.968
train,trainval,Lh9lDWPMWrM,50012,0,pretrain,vSjlCJaEwZE,00034,-7.637522990483774,6.144
train,trainval,yRUCU5FsvTY,50012,0,pretrain,fDV4fDWUo6U,00022,-5.316366797198899,4.416
train,trainval,CTEhgUmSrro,50013,0,pretrain,HCJRXoYOoaI,00021,1.346187051473585,3.328
train,trainval,55n9pHSA0O8,50003,0,pretrain,afev0ZjAhUA,00014,2.528272474269972,2.944
train,pretrain,PCWIGN3181U,00004,0,pretrain,rtsHUeKnkC8,00009,8.627882730272127,4.8
train,trainval,fLJsdqxnZb0,50018,0,pretrain,2xs8qmk0OPc,00010,2.6668127866431757,5.568
train,pretrain,UQkIbUvcs7w,00007,0,pretrain,TSc1gtK1MJo,00002,6.562610031269209,5.376
train,trainval,QpmsftF2We4,50003,0,pretrain,5Jqk1rkuUwU,00005,0.31835009940424364,2.368
train,pretrain,9YGZkgkj3fM,00004,0,trainval,IHyR7p6Shn0,50009,5.692322769384523,6.144
train,pretrain,fIw07IX6rG8,00007,0,pretrain,8Dv2Hdf5TRg,00015,7.298653607858,5.696
train,pretrain,n4YcornnWFI,00012,0,pretrain,WMAunz9LqZU,00009,0.052884469980682525,29.76
train,pretrain,Sd7lvPpDDUg,00007,0,pretrain,uH0aihGWB8U,00022,1.8775797549608235,9.024
train,pretrain,2dRlssVF7fc,00013,0,pretrain,5SOHiN8Ne58,00011,7.718769722715059,4.8
train,trainval,pysNMB033co,50004,0,pretrain,0FkuRwU8HFc,00026,-4.511647129737771,6.208
train,pretrain,4oFGmxZ2nqE,00003,0,trainval,bSiGZPtWXzE,50077,2.4138475303169713,6.208
train,pretrain,vkEeNkHilIg,00019,0,pretrain,vqPAdUeU6mQ,00021,-0.17785929562320213,6.208
train,pretrain,OIpgrZ8ySSQ,00016,0,pretrain,yzm4gpAKrBk,00037,-7.259512640083852,4.928
train,pretrain,B1dkma6GRZo,00034,0,pretrain,r9Zz4hYuGdw,00012,6.009963585869308,5.568
train,pretrain,LyOgVtNtEb4,00024,0,pretrain,fmS0sTNcDIo,00004,7.8753185579190585,5.504
train,trainval,yxC30tEjZk8,50008,0,pretrain,K5wCfYujRdE,00015,-8.670021491006167,4.8
train,pretrain,gLgNjywpKsY,00006,0,pretrain,j3YjeARuilI,00012,-4.447524909241958,6.016
train,pretrain,JCI9FBP0Abg,00029,0,pretrain,cI9vSC1eQ18,00038,-1.1253083553534609,18.816
train,pretrain,5EORxJsoUJQ,00036,0,pretrain,NtOoDN0ojxo,00003,1.7416029918866727,3.648
train,pretrain,bVV2Zk88beY,00028,0,pretrain,LUO3jqMlWkE,00051,3.2418588545888998,5.184
train,trainval,wn8S33NBB04,50023,0,pretrain,rfOMqehlSZA,00013,9.699317807571315,5.952
train,pretrain,tTcl5I0Wbzk,00025,0,pretrain,xpnFeyMGUs8,00018,-6.313387780814956,4.736
train,pretrain,TKOKD69jUA0,00007,0,pretrain,nx3GuO41Jyg,00034,-1.9624356245866608,8.0
train,pretrain,20adDr7Felw,00002,0,pretrain,501FEzbB1JI,00010,0.8905056705879275,5.888
train,pretrain,QdAG161FeT8,00007,0,pretrain,BN9a8Ldy7Xc,00010,-8.345719341053183,2.944
train,trainval,FwFqvOFefqg,50005,0,pretrain,iKHTawgyKWQ,00011,-9.052333596155204,3.072
train,trainval,iU1bhHeCkoU,50022,0,trainval,sPQViNNOAkw,50015,-0.028150260974941332,2.56
train,pretrain,u5GCetbP7Fg,00024,0,pretrain,2lJvr5UL2pQ,00009,-6.319826142375655,4.288
train,trainval,EijI8QaExDg,50004,0,pretrain,S6pLPVfKFoQ,00014,-2.422316536860891,3.136
train,pretrain,qm0isl11BfY,00016,0,pretrain,8COaMKbNrX0,00016,-8.416260509622154,6.848
train,pretrain,b8z6HfSq7l8,00025,0,trainval,BoRUrWcdkQ4,50028,-8.816890811252778,6.08
train,pretrain,M1yCvKASWdU,00007,0,pretrain,YS9vd4HWlVA,00009,6.444728008781119,8.96
train,pretrain,SXOZflB1BKo,00005,0,trainval,o8NPllzkFhE,50003,-9.103610645072635,2.624
train,trainval,lYdk1NK9Sr0,50008,0,pretrain,S6cX2p5cBVg,00035,-5.458463676013572,3.648
train,pretrain,SfQVotsYV0Q,00022,0,pretrain,RjyxIsE3V2g,00020,3.7517166345349455,10.24
train,pretrain,5tal0NkWW1E,00007,0,trainval,4T9N3ZcRBSI,50002,8.629033126437559,4.288
train,pretrain,IW8mHxAkOtA,00004,0,pretrain,d25l1aPz2kc,00011,0.2295898509268497,4.8
train,pretrain,y1yK36RMyRE,00010,0,pretrain,fu4PRmu2EXo,00005,8.494249925675554,12.736
train,pretrain,p2MEGk5q1WI,00062,0,trainval,AzcMEwAxSP8,50008,-0.7895175020421252,5.952
train,pretrain,Bc2wVyl8RLI,00008,0,pretrain,rSxVSM0KPo0,00011,-4.758765149865534,5.056
train,trainval,asgdGSGQBgY,50012,0,trainval,7PwvGfs6Pok,50004,-4.424768384867141,6.016
train,pretrain,breDQqrkikM,00005,0,pretrain,qEZmFR1WS7g,00038,7.508086539577544,7.232
train,pretrain,VYU25aJpg5o,00011,0,trainval,LlJJRGPfqwA,50001,8.619516168314409,2.496
train,pretrain,0MD4Ymjyc2I,00034,0,trainval,855Now8h5Rs,50019,-5.236677785222574,6.144
train,pretrain,lXNE4MD2X2w,00035,0,pretrain,OaGEMSRms48,00021,0.33399797694294087,5.248
train,trainval,zISxg4JhSRk,50008,0,pretrain,EXo3qA9V3eI,00024,4.231497623388204,6.08
train,pretrain,mKe3QKctaS8,00011,0,pretrain,7rVK0VYPWHk,00015,5.903241496275701,6.656
train,trainval,SMBiP3G2Pzc,50005,0,pretrain,gzthxdm7XNs,00027,1.6179255442020626,2.176
train,pretrain,lPmBmFBwdec,00004,0,trainval,1sE96vd8W40,50011,9.980044392508837,3.136
train,pretrain,NRXCxJGQ4KY,00024,0,pretrain,TWPahtyJDsI,00004,-2.8441593172538564,3.456
train,pretrain,AfnruW7yERA,00028,0,trainval,C74amJRp730,50006,4.340596082948254,3.904
train,pretrain,bcSXtB5bQgs,00007,0,pretrain,aeVtSWlH1qY,00007,9.449760272791316,9.216
train,pretrain,gEukNF40JTc,00010,0,pretrain,P8GCjrDWWUM,00012,-7.964926757351025,4.608
train,pretrain,eS44GSkE8lE,00010,0,pretrain,0ZOqbO2jIKg,00018,-7.892895384623497,4.288
train,pretrain,5sg4zxZMDN4,00009,0,pretrain,uSTmKo75gJI,00021,1.820780019118473,8.064
train,pretrain,zHuH8PSVqc0,00005,0,pretrain,PsihkFWDt3Y,00023,8.99753260596762,4.16
train,pretrain,r92jUj7gNRw,00028,0,trainval,HSzqFSOft20,50009,8.429855229374532,2.176
train,pretrain,cf3zxHuSM2Y,00048,0,pretrain,Nhx1SyXMwCg,00002,4.274012212123463,3.136
train,pretrain,vZWokpaQ3NE,00017,0,pretrain,IRVdiHu1VCc,00006,4.179245425870615,5.056
train,pretrain,kFh3Q2eOZ1U,00008,0,pretrain,k4vzhweOefs,00032,-3.327738862036476,3.84
train,pretrain,vwTDeT4v7RM,00014,0,pretrain,vSjlCJaEwZE,00057,5.076740263459385,12.608
train,trainval,FrxDrpi1XNU,50001,0,pretrain,gXvblfSgwg4,00001,-2.3887468426637675,3.136
train,pretrain,0bRocfcPhHU,00001,0,pretrain,COwSbfCgXBw,00013,-8.297553420110981,5.184
train,pretrain,x7pqySWHOn8,00002,0,pretrain,lN4NbxTUZPU,00002,-1.6018168697177906,19.776
train,pretrain,SGzenQjZSpU,00015,0,pretrain,tlS3r8Gid90,00004,7.741886213562005,12.096
train,pretrain,YLG871tKZUM,00004,0,pretrain,ZbYDSIe5jsI,00017,-8.043645452533866,5.696
train,pretrain,1TYPldG99dk,00023,0,pretrain,IjHlyKTSUug,00009,-3.2171667085431643,8.448
train,pretrain,JSuTsrxfYWQ,00026,0,pretrain,0P0mBj09vwk,00006,-7.517339217843464,9.152
train,pretrain,GzPpH9WexDc,00002,0,pretrain,sG2K1S4M8U8,00008,-5.414777766167682,3.776
train,pretrain,K926HAKRFvw,00007,0,pretrain,ScFWnnQF7A8,00002,3.1553623162804723,3.84
train,pretrain,B1dkma6GRZo,00010,0,pretrain,gjfYohXoiz0,00011,-2.069096316570058,18.368
train,trainval,1YO1FmVAPrA,50005,0,pretrain,LKAhTELkOV8,00005,-6.977015121649233,2.176
train,trainval,vo2cse4CoGM,50004,0,pretrain,SPSq3cW672s,00007,2.488485631572633,5.888
train,pretrain,BURbLmQL1BE,00002,0,pretrain,ts9JpM0gHMU,00052,5.863933153036323,4.096
train,pretrain,dScYSVZtB7k,00006,0,pretrain,Ysxz5Ug70G0,00010,-4.813673286212099,9.024
train,pretrain,p9UC0chfXcg,00042,0,pretrain,7c5t6FkvUG0,00016,9.130321217243072,12.416
train,pretrain,enW2OUGzqtQ,00016,0,pretrain,rmeGVhhbGrM,00041,9.391595595880432,7.488
train,pretrain,7VRzn8hc5mc,00020,0,pretrain,YyBk55G7Keo,00031,1.2341751200176496,8.448
train,pretrain,V4Xw76SsHOM,00006,0,pretrain,Zwwanld4T1w,00010,-4.4867309471189465,15.424
train,trainval,4KhnSz9FPmU,50002,0,pretrain,LSdPxGLesE4,00061,7.731756808805319,5.888
train,pretrain,8zj8HJntlP4,00009,0,pretrain,F2dFiK3wkRA,00002,-7.004662783437134,6.592
train,pretrain,0sYguTPLpHE,00058,0,pretrain,bscKRPkR328,00005,-6.257820038231556,4.48
train,pretrain,a17Z5Sk2XJY,00018,0,trainval,0ZOqbO2jIKg,50006,-0.24214788480277072,6.144
train,trainval,PlQ3VdvvTvE,50019,0,pretrain,QPC5SP2SFu8,00001,-7.661942256913504,2.88
train,pretrain,9ijS6iMi9gA,00005,0,pretrain,CiLnSGrcuEs,00031,-2.2207264882349893,5.824
train,trainval,6H6wKMYSiEU,50005,0,pretrain,JSLQxBbQPTY,00015,3.84610058287363,4.864
train,trainval,uHRG3Vr9qyI,50011,0,trainval,Uq1idqpX9SA,50012,7.267622556484643,4.672
train,pretrain,eJZSzNuKX7c,00005,0,trainval,SCEKKHyxgaw,50007,-7.741446254487052,6.208
train,pretrain,KIMWfSe7ZJI,00003,0,pretrain,EiTrl0W1QrM,00050,3.7309906809342053,9.856
train,pretrain,TureGeSxSew,00001,0,pretrain,eh3cdTlh7VM,00023,0.13878204898169244,4.928
train,pretrain,gEukNF40JTc,00007,0,trainval,avuhY7D71sQ,50031,-9.967557533929988,4.096
train,pretrain,CdxVbUjaSpY,00020,0,trainval,vGDZmSnSkfo,50002,9.054713355553726,3.456
train,pretrain,EijI8QaExDg,00038,0,pretrain,ShFk6FDrZBc,00003,-8.536134465299462,8.192
train,pretrain,hfznpykprP0,00024,0,pretrain,iNOE0dZpHcY,00009,8.53972283230059,7.744
train,pretrain,ocqn3wYTCRM,00004,0,pretrain,SPSq3cW672s,00024,0.11350367962031171,31.296
train,pretrain,up4hFjSjcTY,00020,0,trainval,kiDfwUQySEs,50026,3.447698044560939,5.376
train,pretrain,nFQU5a5SByg,00033,0,pretrain,asSNPOU5U3c,00009,-7.023618147435739,9.216
train,pretrain,9YR8jNtV4BE,00045,0,pretrain,USmTQeKRaP4,00025,-4.820556140176944,12.736
train,pretrain,12OAr0lt4bk,00035,0,pretrain,ko32Hr1SoPc,00007,4.5360448402048075,7.04
train,pretrain,zHuH8PSVqc0,00006,0,pretrain,MgUTzbGakRw,00007,6.317674604748632,4.416
train,trainval,jSS03JfgHEA,50016,0,trainval,1XL8I9SIqRY,50001,4.308752773855211,3.968
train,pretrain,nFQU5a5SByg,00022,0,pretrain,XebNxUE3ugA,00003,8.153542242742041,7.296
train,pretrain,8S66QUJk3w4,00016,0,pretrain,SC3DVeWT09w,00004,-1.6233190461963076,6.528
train,pretrain,bS7A7S8AZSQ,00001,0,pretrain,eAnHjuTQF3M,00015,-3.8303918978180906,4.608
train,pretrain,RPicL1AWrs8,00024,0,pretrain,E7oq6J8HvKw,00010,2.719536737818677,2.624
train,trainval,Lrdn4lazVBc,50004,0,pretrain,5ldhLuX4vSM,00023,9.6694438324148,5.696
train,trainval,DGvPfD1Dd1U,50003,0,pretrain,OEydHbngSz0,00014,-6.6080072656859485,2.24
train,pretrain,57FMau29OSg,00022,0,pretrain,sFNmulAb4wM,00035,-3.6042508324358806,3.84
train,pretrain,RvpXNXXP5Vc,00009,0,trainval,BBSVLGf7zPI,50003,-5.95689910766591,3.584
train,pretrain,Y9DsAmzNkWk,00008,0,pretrain,xPK2Ch90xWo,00002,-0.8190963758640368,5.632
train,trainval,1YO1FmVAPrA,50015,0,pretrain,9jRkACywckE,00016,-2.6750063963118142,2.944
train,pretrain,4sg9TlsMRVA,00012,0,pretrain,ysln0YyjUok,00008,5.315004893074507,15.168
train,pretrain,GzPpH9WexDc,00020,0,pretrain,ONXYcNS7k1Y,00001,-4.152380130843277,5.952
train,trainval,GJWSZgjz7G0,50007,0,trainval,NMfXycr7SOU,50002,1.8529841503512685,5.12
train,pretrain,y7A4dZIyI0g,00024,0,pretrain,2JSZ66uMRwc,00045,-7.292854699017597,6.72
train,pretrain,CFADnhYKDHg,00025,0,pretrain,EfXidZmAW1s,00010,5.0097152769817015,4.416
train,pretrain,Bqx8abrSIYo,00002,0,pretrain,V1ItvwxBENg,00022,-0.23506997935017715,6.336
train,pretrain,rB6WmWvvyxg,00021,0,trainval,o0VrZPBskpg,50012,-6.210700031208356,2.56
train,pretrain,hWnZKAXSv3s,00009,0,pretrain,MpYrJs0rX84,00004,0.17485340934961968,4.928
train,trainval,IHyR7p6Shn0,50019,0,pretrain,G0jxiJzIiz4,00009,7.4543207752447,6.08
train,pretrain,nW5VhQyc4Fg,00009,0,pretrain,M5tre30cRwU,00006,-7.713411695124995,6.72
train,pretrain,V48M5jS6zdE,00022,0,pretrain,mMDuakmEEV4,00022,1.3867957019419013,6.016
train,pretrain,0snNB1yS3IE,00029,0,trainval,CE3tL9MMk3U,50001,-9.412724091550341,6.144
train,pretrain,STdSfeMDeI4,00009,0,pretrain,M4soSZ9aSu0,00016,-4.2993862073874345,4.544
train,pretrain,KExLCJAuTXA,00018,0,pretrain,gF9PSRLjGGw,00003,5.807448283875269,12.928
train,pretrain,XvS83nXSf0k,00038,0,pretrain,JRfeYdKU4D4,00004,-2.879720904288021,8.64
train,pretrain,iTdZn78u6pI,00005,0,pretrain,1InHN8JPazA,00027,2.822761030574659,7.488
train,trainval,9RMaD0Sk7hc,50008,0,pretrain,XPAG3I8P34k,00003,-1.8948264101186911,5.888
train,pretrain,EHTmxmuhZ10,00022,0,pretrain,SJ5bDhMP9lQ,00019,0.17310971511406592,11.136
train,pretrain,bZsn1SDARRs,00022,0,trainval,eQdFkSSgHYo,50004,-9.748998672323703,3.648
train,pretrain,VObLitSe3K0,00026,0,pretrain,dO6AuQR9R7E,00008,-4.112608684415777,4.288
train,pretrain,MOQcSzkKfbs,00022,0,pretrain,RdPHxiTAN2M,00006,-2.381939876737671,4.288
train,trainval,bk65ivyQZy8,50001,0,trainval,E27DY3AVA98,50006,-5.335970914480265,2.88
train,pretrain,SGzenQjZSpU,00005,0,pretrain,HNMQSw7hXTA,00007,-1.194694750229326,8.192
train,trainval,lVwBFWmgIDI,50001,0,pretrain,byHcqsGvcj8,00010,1.1594149996631877,3.456
train,pretrain,aGSZeDqG8Zk,00008,0,pretrain,qrNDkRHAA4E,00013,-5.483040307754566,4.288
train,trainval,5l4cA8zSreQ,50003,0,pretrain,hscdmpKGqrQ,00008,3.299826442099313,2.688
train,pretrain,qesLGw23SzQ,00011,0,pretrain,c4oW6PcOUtc,00020,5.170624824624131,10.176
train,pretrain,oHDq1PcYkT4,00023,0,trainval,H3TFShI7zKc,50003,-2.960798331673935,3.264
train,trainval,IRxgDMSp9Gs,50005,0,pretrain,Fc1yN6uxZfQ,00020,-3.761046917927315,5.376
train,pretrain,yrcaHGqTqHk,00019,0,pretrain,488ZBeaGo6s,00005,3.3943407716291834,5.44
train,trainval,tbRM4Q6OI8A,50006,0,pretrain,K0PJbPlZoNI,00018,6.197717862105449,6.08
train,pretrain,1sE96vd8W40,00026,0,pretrain,xcR1SWhjZys,00010,-3.17302167427896,5.312
train,trainval,bCGlWQnzDVE,50037,0,pretrain,LS6TWtYWaPA,00016,-7.0616982997248945,3.84
train,pretrain,kZt3DNCcEtA,00008,0,pretrain,DOYASAY7dO4,00030,-7.605178145061842,5.056
train,pretrain,shqLZyONA0M,00018,0,trainval,SC3DVeWT09w,50015,9.576451760404318,4.928
train,pretrain,iSmdpCvfMg8,00007,0,pretrain,jSSqQDPGW2k,00021,-6.275883550411638,4.928
train,pretrain,uS3UYncNwz4,00003,0,pretrain,NMr3ShTSKl4,00002,6.721422161169535,4.544
train,pretrain,7vsO7SHLJMI,00040,0,pretrain,u9hauSrihYQ,00034,1.784838538047433,7.04
train,pretrain,5c6AADI7Pb4,00002,0,pretrain,BMDSPhk7JSY,00030,-5.259235005614185,6.272
train,pretrain,nccPghNJjBQ,00010,0,pretrain,OwRAFCrsDS8,00036,5.5249098697079155,14.08
train,pretrain,RtFFT4zjyTM,00021,0,pretrain,ptIecdCZ3dg,00035,4.6467862779968705,11.968
train,pretrain,F0ofeD8VKMA,00007,0,pretrain,RgqtrlixYR4,00005,-2.5354413926925456,3.776
train,pretrain,TDCYJ3Sgx2w,00033,0,pretrain,fIqABIcKIvs,00007,-8.855744996371985,7.168
train,pretrain,Wh9O3SciOYs,00017,0,pretrain,k7sKMj85hDw,00006,2.5392780489968736,7.04
train,pretrain,h4MhbkWJzKk,00027,0,pretrain,gS3iLapiTCw,00015,4.490116707993316,4.736
train,pretrain,Nhwq12TKkQQ,00009,0,pretrain,dE1DuBesGYM,00003,8.51260835292451,4.032
train,trainval,SoJnEQ6bJKE,50003,0,trainval,3XDdhbrg2kw,50027,-0.519974884723096,3.072
train,trainval,lfrG2bidW5g,50002,0,pretrain,EBKSa94IFHY,00008,7.307969707413097,5.056
train,pretrain,a17Z5Sk2XJY,00016,0,pretrain,DGvPfD1Dd1U,00010,4.831825895268567,10.112
train,pretrain,6AvXhgXlGpE,00041,0,pretrain,3o655tLnik0,00001,-8.952774565952913,4.8
train,pretrain,iEySxTbcr2A,00023,0,pretrain,yDYCf4ONh5M,00046,2.3444407806503094,6.72
train,trainval,yJJtRWFLSgw,50005,0,pretrain,v2jSfxnRPSE,00024,-4.149800004447329,2.24
train,pretrain,04SEzifEsGg,00057,0,pretrain,fHhIkynELNQ,00001,-7.808106042454899,8.0
train,trainval,lU1ISu1LOv4,50011,0,pretrain,jSSqQDPGW2k,00022,-9.558848861877522,6.208
train,pretrain,pk35J2u8KqY,00020,0,pretrain,SSZG5aPkZyM,00009,-4.880073928375435,20.416
train,pretrain,wgPLGS1BvQo,00022,0,pretrain,3lxyiS3CGrk,00022,-2.264690158641116,12.288
train,pretrain,9YR8jNtV4BE,00013,0,trainval,wMsOYqJ4ShA,50001,-7.823458153302322,2.048
train,trainval,cWcVPpxezE0,50041,0,pretrain,Qm172DbaSbc,00025,3.823433263238849,4.544
train,pretrain,8S66QUJk3w4,00014,0,pretrain,HB2SlA68YDU,00014,-1.0993539127028935,11.968
train,pretrain,z4kwU6z6ORg,00002,0,pretrain,CXvUdCdKTJY,00001,1.6427244902800773,5.184
train,pretrain,mLufqwmPl1A,00013,0,pretrain,JD4O7ama3o8,00040,-1.3527057047892104,10.368
train,pretrain,VynSxLrtZaY,00045,0,trainval,1BfMMoLYMlg,50002,8.441606811701003,2.048
train,trainval,L51h8BBu7b8,50006,0,trainval,5ErKrSyUpEo,50003,-7.764837337639636,2.048
train,pretrain,IYpovgkaS9Q,00004,0,pretrain,oAl82gFMZis,00020,7.240847412290023,6.592
train,pretrain,nLtUl2CP8ak,00007,0,pretrain,YraU52j3y8s,00087,3.9126065777638743,8.0
train,pretrain,jJXMvOqS5bM,00017,0,pretrain,6aRz72yxHQo,00019,6.018560775221708,10.304
train,pretrain,q9Ou0cj3fF8,00010,0,pretrain,yq3TQoMjXTw,00023,7.1579918051938805,6.08
train,pretrain,bS7A7S8AZSQ,00008,0,pretrain,uVAaZVz9pDs,00008,5.395444890823022,4.8
train,trainval,bfAzi6D5FpM,50010,0,pretrain,5sS3Yjh9Lw4,00002,-1.7265711650168551,5.696
train,pretrain,nAMrtHC2Ev0,00003,0,pretrain,rN7VcY1fS1Q,00020,-5.628595086005824,15.424
train,pretrain,nwZkoAeOzuo,00025,0,pretrain,VMXdSkW6hns,00016,1.6548952417161011,9.856
train,pretrain,JRHzQG0aI8w,00017,0,pretrain,CVdPhUPO5YU,00036,3.96050816637244,3.328
train,pretrain,UbVZ7rmDYrc,00001,0,pretrain,g1bOpgoOI3g,00002,0.03443156913166767,9.088
train,pretrain,CsECS5qsGLs,00025,0,pretrain,OaGEMSRms48,00028,8.75357745717207,6.016
train,pretrain,iKEtQSzz4GA,00007,0,pretrain,uFIc7XEVyM0,00036,-1.5019621288210772,6.08
train,pretrain,X9FFzWUInyA,00023,0,pretrain,STutVhN7xSs,00004,8.491195698292778,4.096
train,pretrain,MSLHHgSXloM,00023,0,pretrain,fDV4fDWUo6U,00007,-9.88851810127533,5.248
train,pretrain,kSR8G8mfp84,00010,0,pretrain,3icoSeGqQtY,00013,6.169096775426702,5.248
train,trainval,bSiGZPtWXzE,50035,0,pretrain,AR6RiSHN7S0,00041,6.846157117449142,5.888
train,pretrain,5M3Dow20KlM,00003,0,pretrain,dcwuBo4PvE0,00033,-4.549487179207428,5.12
train,pretrain,7c5t6FkvUG0,00008,0,pretrain,Peu7eeGtmQ4,00035,2.6987604492184136,7.168
train,pretrain,XMSQKG70a5s,00002,0,trainval,avuhY7D71sQ,50032,-4.259464296718396,3.52
train,pretrain,CLSSiaFuLo4,00001,0,pretrain,8m1X26Auw6Q,00015,2.0247112064879946,13.632
train,pretrain,CHxhjDPKfbY,00042,0,pretrain,rKtmsVa4Kvk,00051,-0.9313120467974638,8.768
train,pretrain,JSuTsrxfYWQ,00031,0,trainval,SI3v6KS2Zgs,50012,1.7472251782856105,2.688
train,pretrain,eXp5QSfXLQU,00011,0,pretrain,6xtmm0MnaS0,00019,-4.342355572755137,12.16
train,pretrain,gWmRkYsLzB4,00006,0,pretrain,qtAZbSZESOU,00002,1.714171635274596,4.096
train,pretrain,nZLO2PnGzMg,00018,0,pretrain,z4kwU6z6ORg,00011,-5.282568041372313,10.176
train,pretrain,gCWeVYCcKXw,00006,0,pretrain,6yR5OUVb2gY,00018,5.617547338464695,17.088
train,pretrain,cj5LZBmiQu4,00023,0,pretrain,iST7tCMUDXU,00001,-0.5720664345735607,10.304
train,trainval,AGivotqSrd0,50035,0,pretrain,hPsUXhXgWmI,00017,4.231040594842705,3.328
train,pretrain,tlS3r8Gid90,00017,0,trainval,HH3m1OSiOT0,50008,9.244533394025378,2.432
train,pretrain,zIwLWfaAgS8,00048,0,pretrain,8jPQjjsBbIc,00017,4.3694671100711595,3.84
train,pretrain,KU0zEEDRKXo,00003,0,pretrain,bXRCVHVstEY,00021,4.735250363069063,5.888
train,pretrain,lyRSK2CZIHQ,00007,0,pretrain,sAUIAChAmc4,00008,6.34653654664606,6.528
train,pretrain,XGq3MXQlRJs,00027,0,trainval,Nhwq12TKkQQ,50019,3.9553653495696324,5.248
train,pretrain,8aSUUhW7SHU,00008,0,pretrain,qAYqK9lAxic,00018,-8.316998240002553,7.616
train,pretrain,vpTHi7O66pI,00007,0,pretrain,MEDgtjpycYg,00036,-8.686194525892407,4.8
train,pretrain,AQ8cpjEdpmI,00028,0,pretrain,PB2OegI6wvI,00042,3.5908478448900087,5.312
train,pretrain,sQNtu4kpd64,00007,0,pretrain,okQXrB7ySAw,00024,0.26429718697546,4.736
train,pretrain,LPrS7Skx9Y0,00042,0,trainval,s2F41IQSPGE,50025,-8.84193554139468,4.48
train,pretrain,wEM9c7RoVms,00007,0,pretrain,HNOnvp5t7Do,00003,3.6338692927230447,6.528
train,pretrain,dOt4NkcmIUg,00013,0,pretrain,O817Q8G5WL4,00004,-7.421174269103563,9.408
train,pretrain,apbSsILLh28,00010,0,trainval,uQGYr9bnktw,50006,7.8972642471746894,4.096
train,pretrain,wtvhqeVoeqI,00009,0,pretrain,iRsCUJxIrVM,00013,8.34444251915404,16.96
train,pretrain,8Szk2DpgLCs,00007,0,trainval,zvvZEIGNLo0,50001,2.2438922165495327,5.44
train,trainval,bRuU02haIK8,50021,0,pretrain,JSLQxBbQPTY,00014,3.6633570158435287,2.304
train,pretrain,XDBWEKBq0Sw,00022,0,trainval,kNhyOYv2ejw,50005,6.201777199287683,2.24
train,pretrain,on3KttMgbZE,00021,0,pretrain,ImmtTHYU5GQ,00026,7.678053235193023,5.824
train,pretrain,EEjyPqyFeSs,00031,0,pretrain,NMr3ShTSKl4,00005,-6.447671384656905,3.904
train,pretrain,R21MsHQA8vM,00035,0,pretrain,L2M15ZeTLxc,00012,-4.78962457989343,9.472
train,pretrain,JNSgdmKysxA,00033,0,pretrain,pxzUDc1Zs4E,00007,-9.872113144742196,5.76
train,pretrain,PCupHgKGCcY,00002,0,pretrain,buhMdC7MO0U,00004,5.2039116787247295,7.168
train,pretrain,SXJ20tt5nPQ,00003,0,pretrain,eDFrlV106iM,00007,-3.4120231049035388,9.92
train,pretrain,jUHE4SE3Mcg,00012,0,pretrain,JSLUS3qLv0I,00008,-7.8904860264571575,7.68
train,pretrain,FAubx3BBgLk,00006,0,trainval,qQIwTWJSd2I,50004,4.628035959630152,2.112
train,pretrain,r3L9n20myqk,00016,0,pretrain,cXQrbxD9SNg,00007,0.022562643090948242,3.072
train,pretrain,oOE0kKteWkg,00005,0,pretrain,pWaxi4H2xPU,00015,1.3180550447456447,6.976
train,pretrain,HH3m1OSiOT0,00025,0,trainval,ayhhuxAu6rw,50007,2.4255596598748923,2.816
train,pretrain,DZyaRAVcYuY,00003,0,pretrain,xlngY8QCEt0,00002,5.361571240368599,19.904
train,trainval,v3SZTqj2Skw,50013,0,pretrain,tH5iEf9oxaI,00041,-1.9180419031033598,6.016
train,pretrain,kfAxGhOS3S8,00015,0,pretrain,IHBGLHgIWJM,00033,-5.030633960335377,11.52
train,pretrain,d6wGSsAdP0U,00022,0,trainval,Possj5cXEnM,50002,-3.272894746826096,5.952
train,pretrain,teVE3VGrBhM,00011,0,pretrain,zLNXIXingyU,00049,-9.695720810596155,11.776
train,pretrain,sBaiRpIpPKQ,00010,0,pretrain,3qXLZYXSJSI,00008,3.3653235739945444,6.912
train,pretrain,xfDUGqGPSfo,00024,0,pretrain,XGq3MXQlRJs,00040,8.687556483877763,3.712
train,pretrain,LpNkuaVnlPY,00005,0,pretrain,QdAG161FeT8,00016,0.06173472025725246,15.36
train,pretrain,mwrLVvORugw,00007,0,pretrain,y9KeyKVuLHU,00016,8.64912249051369,6.144
train,pretrain,g3TyY9y8mBc,00005,0,pretrain,jAGgKE82034,00026,-2.983729790517529,9.856
train,pretrain,yJJtRWFLSgw,00037,0,pretrain,hgWie9dnssU,00001,0.5792175671086408,3.84
train,pretrain,8GOFoquSdkI,00007,0,pretrain,9IRv3TOjE1I,00022,3.0265078568258588,20.096
train,pretrain,5MgBikgcWnY,00031,0,pretrain,9YeQi5Zqy1I,00026,-5.087891659145742,10.368
train,trainval,sLiM2SizFl4,50006,0,trainval,MExS7F0lGzI,50002,6.8136650167692,2.24
train,pretrain,SjSHVDfXHQ4,00012,0,pretrain,CHxhjDPKfbY,00006,-2.8180372068878556,6.592
train,trainval,5K57kcs15DY,50020,0,pretrain,1NG7FoC5XRo,00018,-5.440911162236095,4.096
train,pretrain,6bCHq1OvGR4,00004,0,pretrain,8rzlrItooG4,00034,2.1003570282746615,8.32
train,pretrain,JS8fYhwrYzI,00006,0,pretrain,breDQqrkikM,00012,2.0785167046010304,6.976
train,pretrain,uTL9tm7S1Io,00008,0,pretrain,VYU25aJpg5o,00004,0.1770277759204646,4.544
train,pretrain,NIjjaFCADSE,00007,0,pretrain,MSE5Vryrd0I,00012,3.671382728392965,2.56
train,pretrain,ruvWiXowiZ8,00014,0,pretrain,qu7ZpWecIS8,00020,4.48871335826351,3.328
train,trainval,HALd9FY5SVQ,50001,0,pretrain,Kp13yOhLEbU,00017,-2.5698935594639094,2.496
train,pretrain,weCFbknwZa8,00003,0,pretrain,BwC4WRKi5QY,00020,4.659890527684439,4.608
train,trainval,iEySxTbcr2A,50020,0,trainval,PzSw6OsEP9Q,50004,9.933532555230851,5.184
train,pretrain,Ftnb2fpJ664,00038,0,pretrain,SJWoKsfsSaA,00046,7.4990910994196796,6.976
train,pretrain,T4SvurUIYI8,00003,0,pretrain,iNOE0dZpHcY,00001,0.9790129903811682,10.752
train,pretrain,85hbMtegrLc,00016,0,pretrain,OIpgrZ8ySSQ,00012,-9.478968089673025,7.424
train,pretrain,o3oDpCb7VqI,00027,0,pretrain,SvZXgApsPCQ,00024,1.0821436195935021,5.12
train,pretrain,FrgzvykPILc,00014,0,pretrain,txJGm6zhiBA,00009,-6.16171029291956,3.968
train,pretrain,C74amJRp730,00011,0,pretrain,ZCRC5S0kfiw,00024,-8.765400940489949,4.096
train,pretrain,9KaMufF0rAY,00007,0,pretrain,kmNxhFFZWpM,00017,-7.453273347793365,11.648
train,pretrain,bLGTrz1Zolk,00021,0,trainval,5qdZybHSLnI,50004,-3.5207553452778377,2.048
train,pretrain,6XNrzmh0EVs,00017,0,trainval,CWU13rx44j8,50009,-7.389313971314218,3.328
train,trainval,QoTSdOkjEVs,50013,0,pretrain,x8jdxSlf2Dw,00016,0.3701917711087237,5.824
train,pretrain,4Lb5LSVEm34,00040,0,pretrain,rSfHY43qLWs,00006,-8.65413029895535,4.608
train,pretrain,HFFBkbsSFY0,00033,0,pretrain,IRVdiHu1VCc,00071,5.604547411809982,4.352
train,pretrain,nOHbn8Q1fBM,00016,0,pretrain,Kc0Kthyo0hU,00001,9.395702510703384,7.616
train,pretrain,3SdJP2JCSDY,00005,0,pretrain,kySSXxxiWHg,00009,-7.216093732293707,12.8
train,pretrain,IfjI0tVUpbc,00002,0,pretrain,HNMQSw7hXTA,00016,9.93281407936729,7.616
train,pretrain,tSN0n2yqIJI,00011,0,pretrain,2cYDyMnL4M8,00015,3.460174157465584,4.416
train,pretrain,ge3SS1hOm1s,00009,0,pretrain,EZwxKPv1CwA,00035,-1.7757558238716946,4.928
train,pretrain,vPhM8lxibSU,00002,0,pretrain,XRWTyUVh0BQ,00045,4.458791942380252,3.904
train,pretrain,3PQrElyu9HY,00002,0,pretrain,S8DwxjDrNNM,00004,-5.619711050012766,12.48
train,pretrain,CdxVbUjaSpY,00010,0,trainval,Urk3xn7l3AM,50009,3.9437456804291404,4.288
train,pretrain,1VRgmKiE0Js,00021,0,pretrain,1NG7FoC5XRo,00002,0.685088870282085,6.08
train,pretrain,ELgvDMTKyBE,00016,0,pretrain,fbeFn1Xcqo4,00035,7.072557621514825,3.456
train,pretrain,G8w4UQL6aI0,00014,0,pretrain,0iTehgSOZ8A,00005,-8.207734059551694,5.056
train,pretrain,syqScVtnKuU,00025,0,pretrain,jguSkEMwrcc,00001,-9.841380445450591,5.696
train,pretrain,p8qbV95vwO8,00003,0,trainval,h9SKyrHRhDo,50001,9.937080074268895,6.208
train,pretrain,BA8XOF6IpXA,00022,0,pretrain,GOZOhpxSAFI,00015,9.64671146092094,5.76
train,pretrain,0FkuRwU8HFc,00010,0,pretrain,EDLWWP8N6MU,00013,-4.565166931328881,6.016
train,pretrain,SSJkV8IzsZA,00009,0,pretrain,F0ofeD8VKMA,00004,0.03502407712235822,6.08
train,trainval,0OkOQhXhsIE,50015,0,pretrain,deT1mILtFEY,00015,3.4622838162467833,5.312
train,trainval,XvS83nXSf0k,50002,0,trainval,BxFvxKaSmWo,50007,-9.023098816503076,2.496
train,pretrain,qItCBNzqdn8,00010,0,pretrain,HNMQSw7hXTA,00001,-9.096026080802964,22.656
train,pretrain,FrxDrpi1XNU,00002,0,pretrain,sYUjyH8Y0No,00022,-0.5357097276171547,4.288
train,trainval,5uVtphj4b6c,50010,0,pretrain,PY9DcIMGxMs,00040,6.4935340874370375,6.016
train,pretrain,9ebJlcZMx3c,00047,0,pretrain,SXJ20tt5nPQ,00020,0.5502401185265029,7.616
train,pretrain,0FOlwct8k9M,00020,0,pretrain,5pXelS1clHs,00028,4.708131482829296,4.864
train,pretrain,yRUCU5FsvTY,00031,0,pretrain,6ul2TSvUDog,00006,3.382121038228627,11.136
train,trainval,40Aziot4aao,50001,0,pretrain,tX6YpAf6Sco,00018,-2.6427886265285245,2.56
train,pretrain,Va07q3HFEZQ,00025,0,pretrain,ErexJkoDhGI,00041,-6.191100070849355,9.536
train,pretrain,RgqtrlixYR4,00026,0,trainval,Mgbf3cq7lms,50025,9.561937634524973,3.328
train,pretrain,nzj7Wg4DAbs,00049,0,trainval,ts9JpM0gHMU,50018,6.01900166338806,5.248
train,pretrain,36m1oStM05g,00013,0,pretrain,gZlzCc57qX4,00023,2.1336622870193445,8.576
train,pretrain,i6SbQqqRVtM,00006,0,trainval,GmSfwNFkNJ8,50008,8.05664247254754,3.584
train,pretrain,SvZXgApsPCQ,00020,0,pretrain,SGnmDWtyhAs,00039,1.1035209934720278,22.336
train,pretrain,KZIGekgoaz4,00009,0,pretrain,NiMgOklgeos,00031,0.9047947103810614,9.856
train,pretrain,HS8y0WLm78U,00026,0,pretrain,JRHzQG0aI8w,00034,-7.684292286795222,5.632
train,pretrain,lO1P6lCNnyo,00006,0,pretrain,SXOZflB1BKo,00010,-6.232700500845336,7.04
train,pretrain,cGrFSZYPAyk,00003,0,trainval,HmHh8dn6MiA,50002,6.744682702379233,5.696
train,pretrain,CVdPhUPO5YU,00045,0,pretrain,16p9YRF0lSg,00027,6.445122423854212,9.216
train,pretrain,3fM9o72ykww,00012,0,pretrain,0ZhL7P7w3as,00034,-5.631525462701832,7.616
train,pretrain,KxDwieKpawg,00028,0,pretrain,SqCWAsd2GP8,00001,-4.929984783403032,4.096
train,pretrain,3XDdhbrg2kw,00025,0,trainval,c2tOp7OxyQ8,50035,0.031008967422238243,2.368
train,pretrain,NhYnouvrGS8,00023,0,trainval,rTMqGbTNkNg,50002,4.6543825544604935,2.56
train,pretrain,n7lGnTT7kys,00001,0,pretrain,0HEXx3SP8kk,00022,-2.3960498106172583,5.76
train,trainval,gh5VhaicC6g,50005,0,pretrain,kTz52RWSbD0,00030,-3.5334908339638265,2.048
train,pretrain,yTR4sADS4qM,00018,0,pretrain,hTAXEq6zLo8,00006,4.671084557221516,9.792
train,pretrain,6Af6bSwyiwI,00013,0,pretrain,EZSf3Fc0ZRA,00020,4.148452671889494,8.0
train,trainval,MBZyRlxVdSE,50001,0,pretrain,esugL07XANg,00012,-8.550560879151881,2.816
train,pretrain,SryJK294Psw,00028,0,pretrain,h0C2LPXaEW4,00009,8.893777756723196,11.136
train,pretrain,OLHh9E5ilZ4,00011,0,pretrain,GZGY0wPAnus,00007,0.6213680087733326,5.184
train,pretrain,ScGSlv9dCeY,00013,0,pretrain,aCIukWXmlV4,00002,-2.510729357992421,5.632
train,trainval,AHfiKav9fcQ,50018,0,trainval,B4xOFsygwr4,50007,-1.0188543736770441,2.368
train,pretrain,4BwSMSCFdu0,00051,0,pretrain,RS5O4n0TqlU,00024,-3.1683805048161435,4.224
train,pretrain,16cMSRFid9U,00021,0,pretrain,a4ZBzM3L6ws,00008,-2.770580633263659,9.216
train,pretrain,mozxTk3Brqw,00016,0,pretrain,eYLb7WUtYt8,00003,-6.302521831180483,4.672
train,trainval,01GWGmg5jn8,50010,0,pretrain,BMDSPhk7JSY,00009,-3.903481084008784,3.328
train,pretrain,PXMJobWlXks,00025,0,pretrain,jnS66SszwEs,00001,6.237085698382728,5.184
train,pretrain,IMTcuU0KLSw,00014,0,pretrain,8meWY0W40OA,00019,9.631132668738267,28.544
train,pretrain,YyuScSjkGSs,00030,0,trainval,mSQmfZOVNPw,50003,5.7233565758117795,6.208
train,pretrain,FzApYQDIXlg,00001,0,pretrain,36m1oStM05g,00003,1.9509020795082321,4.416
train,pretrain,4c1lqFXHvqI,00038,0,pretrain,E3SSSS5SFHQ,00033,-9.06772650601058,5.312
train,pretrain,B9kg1UdzDvw,00014,0,pretrain,PYSkd46RfVE,00060,2.34769361939847,9.728
train,pretrain,9YeQi5Zqy1I,00026,0,pretrain,Y0GHWogx0eg,00001,-5.091446262643959,4.608
train,trainval,LCxcnUrokJo,50006,0,pretrain,K5PEJPSwt0k,00022,-2.32809923724483,2.56
train,pretrain,vMiSf7LpFQE,00008,0,pretrain,rmeGVhhbGrM,00005,-9.297881700005528,9.856
train,pretrain,SjaWs87t5UM,00004,0,pretrain,jryCoo0BrRk,00004,-9.196042200520132,11.136
train,pretrain,jdpIKXLLYYM,00002,0,trainval,phUUjkSbtiY,50004,-6.469405203481822,2.688
train,pretrain,tpODOkfrwyQ,00022,0,pretrain,LBvHI1awWaI,00018,-8.481309173526665,4.16
train,pretrain,0ygtX2nyexo,00006,0,pretrain,IXBalykzauE,00009,3.6299856133870136,12.736
train,pretrain,YMyofREc5Jk,00005,0,pretrain,SGnmDWtyhAs,00009,4.414565556696914,16.192
train,pretrain,wcMnmCH6Gjg,00023,0,pretrain,3g968CCd3XQ,00002,1.1146085080718127,3.84
train,pretrain,jLOfXsFlb18,00023,0,pretrain,VekRvcbL4yk,00007,8.297898018927278,6.464
train,pretrain,s7YsNStlRwI,00004,0,pretrain,uRxwQsrI560,00022,5.2867994014184205,9.856
train,pretrain,SEiSloE1rSA,00001,0,trainval,gWD6g9CVSsc,50002,-2.2678139090963256,3.52
train,pretrain,WzuWMf3WPPc,00012,0,pretrain,pmKNXZmfIMU,00011,-3.907533021745106,4.16
train,pretrain,ufJ7sOtuFd0,00007,0,trainval,wSepGxx36To,50013,0.9006751993933175,4.352
train,pretrain,da1vvigy5tQ,00012,0,pretrain,23vKtqo2t4k,00011,5.547025715052946,18.752
train,pretrain,piCQ3StcRUQ,00020,0,pretrain,RBElFl1aLtI,00010,2.6571318353230406,4.928
train,trainval,RjyxIsE3V2g,50019,0,pretrain,PVfd6fg7QsM,00042,-1.8518114527731626,3.264
train,pretrain,CLSSiaFuLo4,00049,0,pretrain,1sgb2cUqFiY,00001,4.668945538837557,5.952
train,trainval,oeL72c6scAs,50001,0,pretrain,RsiLLNziScM,00020,7.483443923566995,6.016
train,pretrain,q9Ou0cj3fF8,00007,0,pretrain,JSLUS3qLv0I,00008,8.048662282780285,11.52
train,pretrain,gmjSazFbpkA,00068,0,pretrain,zESeeaFDVSw,00006,-0.21723692011074824,3.776
train,pretrain,Diuv3XZQXyc,00018,0,pretrain,zIwLWfaAgS8,00010,1.4418117486396298,4.736
train,pretrain,iSicXZ2tMRM,00012,0,pretrain,GjYt5uQPu8o,00007,-2.8317361994326973,6.72
train,pretrain,hFgPtuzgw4o,00052,0,pretrain,1NG7FoC5XRo,00025,-9.72188569792155,11.264
train,trainval,tTb3d5cjSFI,50002,0,pretrain,7npLVcymHGc,00046,-6.014938476568792,6.016
train,pretrain,lzSkIDxbzGA,00008,0,pretrain,4a6ZRstYlgw,00029,-6.537372634937338,8.32
train,pretrain,hS3dLASh3Yc,00017,0,pretrain,3fM9o72ykww,00003,2.7916871879609815,8.192
train,pretrain,VSUWNySSpLI,00004,0,pretrain,PGsQwAu3PzU,00011,6.7589417162109235,10.56
train,pretrain,QAnNM3WJCYA,00018,0,pretrain,sCZiXfaa9ro,00001,-6.729175415658874,9.088
train,pretrain,jiDQDLnEXdA,00012,0,pretrain,ATISgVUKetI,00003,-6.557715868514206,6.976
train,pretrain,CyElHdaqkjo,00035,0,pretrain,m048uAa8L3k,00039,-3.0890930662757192,7.936
train,pretrain,nCwwVjPNloY,00046,0,pretrain,ty5QtslaAHM,00009,-8.812741970088624,5.184
train,pretrain,vNyZmSg92HI,00033,0,pretrain,ySrroSgNk4o,00015,9.501696090939586,3.904
train,pretrain,NyQ1wLFj0f8,00012,0,pretrain,60P7717SXOQ,00020,-3.450682038701207,5.376
train,pretrain,y2X7c9TUQJ8,00023,0,pretrain,FEeTLopLkEo,00031,5.683039875262274,9.088
train,pretrain,9vpqilhW9uI,00024,0,pretrain,AIfwFLDXFyQ,00023,7.522913195911425,3.456
train,pretrain,tHSTfiMtSDE,00015,0,pretrain,Wgt8QUHQjw8,00035,-0.45772909146789686,13.888
train,pretrain,59SRn1SkWAA,00062,0,pretrain,AYzA2uyd9Ss,00003,2.365421097641997,13.184
train,pretrain,2i0dGoh3VUg,00005,0,pretrain,bfAzi6D5FpM,00015,-1.5692091373062649,12.352
train,pretrain,l5Bbg96VODk,00013,0,pretrain,UDXtFbSmBAg,00018,-9.91546313560469,13.44
train,pretrain,R7vmHGAshi8,00037,0,trainval,LLmhQmicusM,50023,-2.374676717160213,5.12
train,pretrain,c4oW6PcOUtc,00002,0,pretrain,wVGjQSnLg4Y,00009,-4.267603924440955,4.608
train,trainval,7SfQLQ7eyA8,50002,0,pretrain,SGnmDWtyhAs,00019,-0.24179882196112956,2.176
train,trainval,lxYFURQ7Ehw,50010,0,pretrain,4SY6Te9Y1ME,00012,-2.373472228620301,3.2
train,pretrain,njESlZa2b10,00012,0,pretrain,vbc3ksSEvNE,00002,-4.71012844973586,18.048
train,pretrain,POTosC2q6Hs,00007,0,pretrain,ofjRnIpXBF0,00020,-6.9079658905584695,10.048
train,pretrain,5QGApheKRc0,00013,0,trainval,dsT5eVSm7BA,50005,-5.769838171412241,2.56
train,pretrain,rQSSSLRpsVs,00011,0,pretrain,PFVP8L3SlfQ,00009,-4.206775701697403,6.4
train,pretrain,mMDuakmEEV4,00001,0,pretrain,bfAzi6D5FpM,00035,6.667582910980546,13.888
train,trainval,BBSVLGf7zPI,50002,0,pretrain,pysNMB033co,00011,4.7466973395079215,6.016
train,trainval,2tCcoSRZqVY,50002,0,trainval,SJyE40koQyA,50012,-7.5710014043002065,2.176
train,trainval,npFSbX7DZ6k,50006,0,pretrain,7CIq4mtiamY,00017,8.086215956987356,6.08
train,pretrain,WiNI6INAytE,00018,0,trainval,nn5k4snG3rA,50028,-8.54436977516234,2.624
train,trainval,HyQp3gGYf3I,50003,0,trainval,ggPh4X7UKwY,50004,0.6235889605650229,2.368
train,pretrain,WkNpElapS9s,00011,0,pretrain,zhKoy2QPThE,00016,-2.197560838102297,5.888
train,pretrain,mZqL7MC8Eys,00017,0,pretrain,LSdPxGLesE4,00035,1.4436240537757339,7.04
train,pretrain,VynSxLrtZaY,00043,0,pretrain,Cr1usGUSuL4,00006,2.2059275428006497,4.8
train,pretrain,KIysMV9wbVY,00010,0,pretrain,up4hFjSjcTY,00013,8.626784055403782,11.84
train,pretrain,8t987Lxt1t4,00011,0,pretrain,UoruUSrndBA,00018,-1.0172664887733731,20.992
train,pretrain,7Mqse6SLOds,00024,0,pretrain,86xSuStz0MA,00060,9.944742008347802,4.608
train,pretrain,IHyR7p6Shn0,00001,0,trainval,lyu7v7nWzfo,50004,6.89925767911955,3.648
train,pretrain,E7sqRrUoL3U,00018,0,pretrain,9EglK8Mk18o,00011,-7.014194432697909,5.12
train,pretrain,IRxgDMSp9Gs,00020,0,pretrain,hvHViFc0ekw,00001,-3.0502339378681693,7.744
train,pretrain,FESv2CgyJag,00009,0,pretrain,gto6w0a13B0,00030,-2.530672251265811,8.896
train,pretrain,fenV3W7hQtw,00002,0,pretrain,vSjlCJaEwZE,00004,6.299887554389862,9.728
train,pretrain,2g9GedPylM8,00003,0,pretrain,RxyQNEVOElU,00023,-9.462337930238398,3.072
train,pretrain,57FMau29OSg,00013,0,pretrain,WmJwn4WDeLE,00013,-3.7916163679776655,6.464
train,pretrain,3F2jACWwKdU,00004,0,pretrain,UROCz70tlMY,00031,-0.45995209332047793,8.768
train,trainval,GmSfwNFkNJ8,50003,0,pretrain,MkRJG510CKo,00005,-8.045892038717215,2.688
train,pretrain,PuroSL7O4eY,00026,0,trainval,QxkxcsrveLw,50003,6.058810285334893,2.112
train,pretrain,fw01Sq0cxM8,00023,0,pretrain,GjYt5uQPu8o,00015,-1.1783731089230614,6.848
train,pretrain,3F2jACWwKdU,00011,0,pretrain,oIGBBPspTKM,00008,6.5246154718588585,7.68
train,pretrain,LH8MPbFoRjw,00007,0,pretrain,lYdk1NK9Sr0,00044,6.69054098132758,15.488
train,pretrain,Xv2gHiX9Bqw,00012,0,pretrain,tH5iEf9oxaI,00026,7.00222367707164,7.552
train,pretrain,lUHy84tSDrA,00001,0,pretrain,hi4QzyuSi6o,00009,9.332392007262587,8.256
train,pretrain,xP3SW546HYs,00006,0,pretrain,zcMj4Az1MwE,00015,3.509750505782419,6.592
train,pretrain,LoXAAEy6YQU,00020,0,pretrain,DL0SgcP15Ts,00004,2.907278375449909,4.736
train,pretrain,wAIP6fI0NAI,00054,0,trainval,N8Votwxx8a0,50011,3.4870463518931274,4.736
train,trainval,PYSkd46RfVE,50003,0,pretrain,saXfavo1OQo,00024,-5.218832250716103,3.968
train,pretrain,XRWTyUVh0BQ,00024,0,pretrain,4GKTEDqbQIw,00005,-1.7532350299345936,6.848
train,trainval,Qt1RPkbF4o4,50002,0,pretrain,rPh3c8Sa37M,00008,9.875661136234172,2.368
train,pretrain,3NdSVi38RM8,00023,0,trainval,bHLgTUV0XWI,50010,7.209618373546263,5.696
train,trainval,V2DgJBx3cyA,50002,0,trainval,Df2JBnql8lc,50024,-0.4637661710519865,5.504
train,pretrain,ht1zFl7HyO8,00014,0,pretrain,mWp4Sp8GTgI,00008,-6.139111932453343,11.2
train,pretrain,WbuIl6phdco,00031,0,pretrain,4bHO8NZwmIg,00040,-0.8069146163429668,12.096
train,trainval,ReCvreRPdeY,50008,0,pretrain,pz1TDXKSTHc,00049,-1.2826033689027945,5.696
train,trainval,CVdPhUPO5YU,50009,0,pretrain,sAQfzHBpRsc,00005,9.18154848859523,3.2
train,pretrain,SmQadYi4F14,00003,0,pretrain,q1pKLVX3VSA,00008,5.246378226090551,9.856
train,pretrain,uo7w3g24DWo,00030,0,pretrain,sFNmulAb4wM,00029,5.288521650572278,9.792
train,pretrain,emn28FrJ6CI,00004,0,pretrain,SmsYxDvdcYc,00003,-1.885879648372402,8.0
train,pretrain,DZfOvYiQtow,00028,0,pretrain,qxmEpmCtM3o,00025,-1.3407617042557458,4.416
train,trainval,LPwWYFOFTGU,50008,0,pretrain,KkYuhwr3esg,00014,-3.3193019115885853,4.608
train,pretrain,HtSG55VEa2c,00001,0,pretrain,gVSyVSIybBM,00009,-2.7287523586233897,5.632
train,pretrain,7TXEZ4tP06c,00016,0,pretrain,nCwwVjPNloY,00001,-0.639469945161391,9.856
train,pretrain,wOsQKjNoHmw,00012,0,trainval,AgMOJC5R4F8,50001,-4.847560808061693,3.264
train,pretrain,5pGWV4KBDUs,00005,0,pretrain,1TYPldG99dk,00035,9.916280347656361,6.016
train,pretrain,nLecuOcB3dA,00004,0,trainval,dsT5eVSm7BA,50012,9.541830349761096,2.24
train,pretrain,ARGkp6am3S8,00032,0,pretrain,v22SdEMzxO4,00005,-4.496569922214528,3.84
train,pretrain,38OUCtzkT4Q,00029,0,pretrain,dTwXeZ4GkzI,00018,-3.112892622505048,10.688
train,pretrain,oTHSfmQo3Ok,00027,0,trainval,dUdCToPPK5A,50013,-9.633635298833958,6.208
train,pretrain,inxIM1aGvZY,00004,0,pretrain,UfM7tSoqNDw,00026,4.956783110553209,6.016
train,pretrain,GZyjTPEufLk,00025,0,trainval,8s3bdVxuFBs,50023,8.333411382378806,2.816
train,pretrain,EBebWBjpWIQ,00019,0,pretrain,PsihkFWDt3Y,00010,3.012448752778763,5.696
train,pretrain,N3SCXzYOWBg,00010,0,pretrain,SudRdL19d5w,00002,0.2976755863108931,15.616
train,pretrain,MOFdlEbu15g,00037,0,pretrain,xV7IvRT5Qyw,00007,8.49068509598166,5.76
train,pretrain,y9KeyKVuLHU,00024,0,pretrain,fwm3azuoLr4,00026,-2.2445753589908612,6.784
train,pretrain,tH5iEf9oxaI,00044,0,pretrain,FzApYQDIXlg,00031,-6.722459224918326,5.312
train,pretrain,bClWV3eeETA,00020,0,pretrain,sgTjCpBOeCU,00002,0.36813083607983366,4.608
train,pretrain,04SEzifEsGg,00042,0,pretrain,lYdk1NK9Sr0,00030,-4.291262299346272,6.144
train,pretrain,YmRKlZEXVQM,00014,0,pretrain,vQILP19qABk,00009,-4.903866061535609,6.592
train,trainval,iq5lXSj6Prg,50006,0,trainval,WHjKnNbYiOs,50006,-5.352393066933034,2.24
train,pretrain,zZo3S5j1Pf8,00005,0,pretrain,ScvI1jKxlTM,00012,6.866923015684108,8.256
train,pretrain,PzSw6OsEP9Q,00016,0,pretrain,BsFxokC02sg,00004,-7.958125052304239,6.464
train,trainval,jKAehegqTvg,50007,0,pretrain,NdKEy6vcCMw,00060,-2.242862299137201,3.776
train,pretrain,r3afSFSG570,00040,0,pretrain,IQDrStvBt9s,00004,8.231048080228987,7.04
train,pretrain,iCvmsMzlF7o,00044,0,trainval,6yR5OUVb2gY,50013,-8.180671236619013,2.304
train,pretrain,TVfmUfr8VPA,00020,0,trainval,OKNpguWW3Sk,50006,5.893221702666482,3.84
train,pretrain,1o9NEtA2IEQ,00002,0,trainval,4SkoG9FWP4w,50003,-7.3271271412792816,5.568
train,pretrain,no809a9j25w,00006,0,trainval,1SPazvfN9EU,50003,2.2502855536363935,3.456
train,pretrain,snkrS1C2e7U,00008,0,pretrain,vzKA1y3cdYI,00001,-9.291755308429092,34.624
train,pretrain,6qTfX4U6CS0,00047,0,pretrain,UVDgemuZdho,00024,1.8847874723487994,4.48
train,trainval,sBaiRpIpPKQ,50005,0,pretrain,YYIXwJD7zeY,00002,-4.180664523065958,4.096
train,pretrain,OAK1UIbSFio,00088,0,pretrain,iW4fCwfw1vg,00011,9.47978085576025,14.784
train,pretrain,IsHXnOzhRPg,00012,0,pretrain,mJxA8eIWQUc,00010,-2.9077076882874486,4.608
train,pretrain,8COaMKbNrX0,00009,0,pretrain,HQzXqjT0w3k,00004,-9.727005092855476,4.16
train,pretrain,yFVXsjVdvmY,00011,0,pretrain,EZSf3Fc0ZRA,00032,5.492000935218774,8.0
train,pretrain,mLufqwmPl1A,00022,0,trainval,Vqm8fXFFHyY,50002,-8.48463431099168,4.672
train,pretrain,SudRdL19d5w,00004,0,pretrain,IdW9UYlxlVY,00002,-7.651740407327672,4.864
train,pretrain,ATISgVUKetI,00004,0,trainval,paSYuxyRDuw,50004,9.691092343508725,2.432
train,pretrain,FzAyOddR5u4,00014,0,pretrain,Rf8qS8gbfrw,00005,-1.5554220590304624,5.504
train,pretrain,FcoJt2KLC9k,00017,0,pretrain,YGoI3B86iX4,00014,3.4302754993849582,2.688
train,pretrain,pzN4WGPC4kc,00023,0,pretrain,ZLiUelSu7s8,00010,-7.244504356875265,3.712
train,pretrain,4EUAMe2ixCI,00015,0,pretrain,yFVXsjVdvmY,00003,5.764782472319608,6.72
train,pretrain,qQSPUXPVlos,00008,0,trainval,iyfdWsa1zns,50006,-3.848434118466944,5.952
train,trainval,gto6w0a13B0,50007,0,trainval,yg8SBuTuoKk,50001,-6.6220340447440185,3.008
train,trainval,DjcZrtcBZi4,50036,0,pretrain,fSSNmDcLMKA,00003,-2.124721977171154,2.176
train,pretrain,eCknUJJc3qU,00018,0,pretrain,sHJZRPWXQ9s,00024,3.372898348877026,5.12
train,pretrain,RKmxL8VYy0M,00020,0,pretrain,bXRCVHVstEY,00006,-7.237723420522539,8.576
train,pretrain,TuD3IerTOms,00009,0,pretrain,WKlIytaSlu4,00022,1.3332098203532716,6.336
train,pretrain,9X68dm92HVI,00031,0,trainval,nccPghNJjBQ,50002,-1.9615298962194423,4.48
train,pretrain,C74amJRp730,00006,0,pretrain,NRcPXtqdKjE,00033,-1.129447534480244,5.568
train,pretrain,2zvjW9arAZ0,00032,0,pretrain,ooUqOwhS2LE,00010,-8.612473843998785,3.968
train,pretrain,85hbMtegrLc,00006,0,trainval,sAMahX5hIgU,50013,-8.348115367701332,3.648
train,trainval,pkGAMb5sYvg,50001,0,pretrain,rYwTA5RA9eU,00009,-2.915004628586308,3.2
train,pretrain,e8JK3qVGuUg,00030,0,pretrain,uFIc7XEVyM0,00030,-3.0630057999776072,4.736
train,pretrain,FsGu5YTM1NI,00011,0,pretrain,pcSlowAhvUk,00084,6.859730771104125,7.04
train,trainval,ALTvG9MIR64,50003,0,pretrain,XknIGenqHxQ,00008,5.1365660108838025,3.84
train,pretrain,Diuv3XZQXyc,00003,0,pretrain,70VZ1SOzSnc,00028,9.27086969638054,3.648
train,pretrain,AHfiKav9fcQ,00029,0,pretrain,JLLpWtHbMAo,00018,4.439066951836532,10.688
train,pretrain,o9DNWK6WfQw,00039,0,pretrain,AQa3kUJPEko,00014,-0.5653944987510666,5.44
train,pretrain,Ftow7dSpaiY,00030,0,pretrain,fhCYS8avhWM,00008,-6.1098563820240015,6.08
train,pretrain,nz0cAjXVepg,00003,0,pretrain,4SIWhJvu0jU,00022,-7.339967670106247,8.256
train,pretrain,CrsdoIOGCRw,00023,0,pretrain,th3nnEpITz0,00006,2.341810821172672,9.024
train,pretrain,qEZmFR1WS7g,00026,0,pretrain,ZCS0MZuVBwE,00013,-4.729147864786176,11.52
train,trainval,o0TbaHimigw,50003,0,pretrain,lnHXhYSeOJ0,00022,6.727920743818853,3.584
train,trainval,Uq1idqpX9SA,50001,0,pretrain,U5kIdtMJGc8,00011,8.886895540321717,3.84
train,pretrain,Ftow7dSpaiY,00019,0,pretrain,X1DlJpPqDFo,00010,-0.009173259882231832,4.8
train,trainval,DEmjzXi2lfI,50005,0,pretrain,kYZqyjzuaOw,00014,-0.674014813822545,5.632
train,pretrain,b81YwSOs8RM,00004,0,trainval,r9DDE7NV1Nw,50003,-1.9888299068965587,6.144
train,trainval,1IxIDGyISzk,50014,0,pretrain,NEC7TiHoxvI,00008,4.264617373096058,5.376
train,pretrain,0bRocfcPhHU,00014,0,trainval,iFTWM7HV2UI,50004,0.36812378331615037,3.52
train,pretrain,CGksAjzI0go,00047,0,pretrain,sFIDCtRXSSo,00023,5.241033042765512,4.928
train,pretrain,GtXyGFMBWBs,00027,0,pretrain,SrqmuYvk3iQ,00007,-7.962043138616808,2.56
train,trainval,AHfiKav9fcQ,50003,0,trainval,LUNBiST4KSs,50003,3.334003421362672,5.376
train,pretrain,vEli4dfAXrM,00001,0,trainval,eNC1h5H5cJA,50004,-5.944443646028345,5.568
train,pretrain,WbuIl6phdco,00046,0,pretrain,kyaiTGmwxnU,00025,5.287375237045854,8.256
train,pretrain,c2tOp7OxyQ8,00049,0,pretrain,Ydj28CDrHV4,00013,7.7104735447374075,5.12
train,pretrain,FEeTLopLkEo,00031,0,pretrain,eZWzNfOpbCQ,00015,-4.582051730536698,9.088
train,pretrain,FJFxLQCo83U,00007,0,pretrain,raCIUeGUr3s,00031,-5.474952409808833,3.52
train,pretrain,2NHV4AzSEzY,00011,0,pretrain,t1owaS144N4,00002,7.731677045025325,9.024
train,pretrain,60OVlfAUPJg,00009,0,trainval,wOiKRVH0nQ8,50004,1.2517213246877557,5.696
train,pretrain,XZiNVGA78kA,00021,0,pretrain,fa7SkR2fz3M,00015,-0.8041826170020201,7.744
train,pretrain,dwU8eavPInw,00073,0,pretrain,S0hxl03JoA0,00022,-9.7190976884424,6.08
train,pretrain,wNokfBHccVI,00007,0,pretrain,buhMdC7MO0U,00002,9.512308727975217,7.296
train,pretrain,CstD6O95LSo,00022,0,trainval,XMSQKG70a5s,50003,-4.001635152585676,4.864
train,pretrain,V84bSWIlNA0,00013,0,pretrain,TOSSkVIkY6A,00009,1.6392222820239617,9.344
train,pretrain,oHDq1PcYkT4,00023,0,pretrain,gS3iLapiTCw,00004,1.769064858035371,4.288
train,trainval,jSOPQgPIdKg,50025,0,pretrain,MOFdlEbu15g,00009,5.198622721301815,5.76
train,pretrain,O4bGOvkkHcM,00001,0,pretrain,G8w4UQL6aI0,00022,-5.267718633366776,5.568
train,trainval,EZwxKPv1CwA,50014,0,pretrain,25onkAGt3Gs,00014,7.664749112183745,5.568
train,pretrain,nLotSkXFSUg,00009,0,pretrain,WMKBalpKvwE,00003,-2.401851530786052,6.272
train,pretrain,q49LtMyXK7Q,00027,0,pretrain,qdiF1fSGfyM,00032,2.3383424621308535,3.584
train,pretrain,4jUdCy6Vghw,00024,0,trainval,kFMZrEABdw4,50007,-0.050345997777300866,6.08
train,pretrain,joyi6anTSFQ,00005,0,pretrain,VYU25aJpg5o,00030,6.221250182931634,3.904
train,pretrain,zSbCNWyYams,00011,0,pretrain,GgBpyNsSSjU,00019,9.77380251593512,13.12
train,trainval,DSPWxjBgvF4,50030,0,pretrain,VmP574ikRFs,00017,9.676537005540766,6.144
train,pretrain,KPzccnstSXg,00005,0,pretrain,jodhovumkHQ,00037,1.691222441613636,13.568
train,pretrain,3ELnyoso6vI,00012,0,pretrain,mCZCokSu37w,00005,4.969286786176465,3.456
train,pretrain,Peu7eeGtmQ4,00040,0,trainval,lqbLSUhhyPk,50006,7.538785040685465,2.88
train,pretrain,jJXMvOqS5bM,00019,0,pretrain,BQj2ZSGPsY8,00011,3.4375505605846595,3.264
train,trainval,2NHV4AzSEzY,50008,0,pretrain,5FjuSwOaV3Y,00029,-2.3154045557567926,5.568
train,pretrain,bVV2Zk88beY,00026,0,pretrain,HByDu4uOFY4,00011,9.119196579419931,6.464
train,pretrain,DLEbNRdqX0U,00001,0,trainval,S2OzLREwHtI,50006,8.23051119090412,5.76
train,pretrain,qP2W2k3L1Ow,00007,0,pretrain,6ORDQFh0Byw,00045,-9.58468484261461,7.68
train,trainval,xjxyEwjG2Es,50001,0,pretrain,iP9QFSlBOyA,00031,2.981864778586214,2.048
train,pretrain,ShY9QSdaReY,00021,0,trainval,kYXiegTXsEs,50037,3.197068134475069,5.696
train,pretrain,KoXdjyJyxbE,00007,0,pretrain,potB0voQzNg,00045,-6.860149733860008,7.872
train,trainval,bxkslfQc0EA,50017,0,pretrain,D9Ihs241zeg,00002,4.172485733632808,6.08
train,pretrain,3SdJP2JCSDY,00005,0,trainval,aTgPJQ9Dy7Q,50005,-3.239999630304413,6.08
train,trainval,Qm172DbaSbc,50007,0,pretrain,SEDvD1IICfE,00008,0.5073117717851794,2.048
train,pretrain,CdxVbUjaSpY,00020,0,pretrain,qQIwTWJSd2I,00014,-7.212806518028865,6.528
train,pretrain,Ysxz5Ug70G0,00013,0,trainval,mS8tQSTYLgk,50003,0.4569673604549713,4.096
train,pretrain,rRxdxIbSQbY,00011,0,pretrain,mUJdzaLDRIo,00036,-4.1455808786252835,4.032
train,pretrain,8meWY0W40OA,00021,0,pretrain,wZ2TF8SPGQ4,00035,-2.3026387043829484,4.48
train,pretrain,pbSSrJGgVIo,00021,0,trainval,XPa1RE59wpg,50004,6.107820502030805,2.368
train,pretrain,6k8YBJ5sgko,00025,0,pretrain,6a6vVIdQBd0,00029,-7.746706397833318,4.608
train,pretrain,btF6nKHo2i0,00014,0,pretrain,H4iRPytrnJo,00005,5.570605340861706,8.96
train,pretrain,7npLVcymHGc,00005,0,pretrain,40riCqvRoMs,00022,-6.698146091254031,5.632
train,pretrain,5HL1BEC024g,00030,0,pretrain,znO7UHpxgTI,00007,-2.1137637106164657,3.968
train,pretrain,6xy5pWOgeBY,00008,0,pretrain,PDefVd8DRxM,00005,-9.579526775272324,10.368
train,pretrain,yioZhHe1i5M,00020,0,trainval,jpeSLKnS4gM,50009,9.2590842734648,4.16
train,pretrain,Qj4xf3U8dh8,00006,0,pretrain,dsfROmgVN5U,00008,-0.9233422857810165,4.288
train,pretrain,85bqT904VWA,00021,0,pretrain,fSSNmDcLMKA,00042,-6.677088688641053,10.88
train,pretrain,BCvzpm4d2gs,00007,0,trainval,g2J6YOiLNr4,50019,-7.301129223941354,2.944
train,pretrain,mk3KSVrveSE,00007,0,pretrain,QogTFXqFhMw,00008,5.732100775704263,33.6
train,pretrain,9EVEmZ2cSes,00043,0,pretrain,pbGLBjDhnSY,00007,6.61747411017171,7.68
train,pretrain,FjvjSlpJoqo,00012,0,pretrain,08ZWROqoTZo,00004,-2.0496247419464453,4.8
train,pretrain,o0td5aw1KXA,00046,0,pretrain,FcoJt2KLC9k,00019,-1.8019157563889578,9.92
train,pretrain,RSW3xi2jMYI,00014,0,pretrain,FD5ZKiSmoMU,00038,-6.534120987635122,7.36
train,trainval,5Yikqlc7yl8,50003,0,pretrain,SF242mxtZN8,00018,8.461648217312025,2.176
train,pretrain,Sm5xFSUYgdg,00003,0,pretrain,60P7717SXOQ,00033,8.966490521820415,9.792
train,pretrain,F8pUtbSgrxc,00006,0,pretrain,nw6u3fk88pY,00001,-5.355334654619417,11.456
train,trainval,3NdSVi38RM8,50002,0,pretrain,P6w7Eq7YhL8,00010,8.604307232045013,5.76
train,pretrain,SgYvy71CSSA,00008,0,pretrain,RKK7wGAYP6k,00010,-5.482004508750434,4.288
train,pretrain,HdHW77blulg,00030,0,pretrain,b9jb9UjCpik,00023,-9.932548131532762,11.968
train,pretrain,uWfLwKHSEko,00024,0,pretrain,zdSdqUuvLk4,00014,-5.670104619905388,3.776
train,trainval,F2dFiK3wkRA,50002,0,pretrain,iRSjlgWE9GQ,00004,6.266972622182866,3.2
train,pretrain,GggL8lStP9I,00005,0,pretrain,rGgoCm1hofM,00018,0.048635876462846284,3.776
train,pretrain,K5wCfYujRdE,00043,0,pretrain,9SuptXUPZxQ,00001,0.22811425119808781,4.096
train,pretrain,9jRkACywckE,00003,0,pretrain,aIFFFGf1ZRE,00017,-8.59775680717435,3.712
train,trainval,pOWgXxoSTNM,50007,0,pretrain,CLSSiaFuLo4,00001,-0.8100698168373803,3.904
train,pretrain,cOIJGGgaSIY,00011,0,pretrain,A60UTjiEp4c,00044,7.8759324809837565,5.888
train,pretrain,lUHy84tSDrA,00014,0,pretrain,o3oDpCb7VqI,00015,3.268782990898405,3.648
train,trainval,05jJodDVJRQ,50007,0,trainval,6EghiYSs2ts,50005,5.681727796534503,2.752
train,pretrain,2Shh4UkPVCc,00004,0,pretrain,12OAr0lt4bk,00012,-0.25157218380463675,10.88
train,trainval,fLJsdqxnZb0,50005,0,pretrain,eOU3Tv0vN24,00006,2.549840842124153,3.008
train,pretrain,NIjjaFCADSE,00002,0,pretrain,gS3iLapiTCw,00002,8.65651562878623,6.08
train,pretrain,GB4s5b9NL3I,00015,0,pretrain,5duz42kHqPs,00006,-8.631762842373895,3.136
train,pretrain,XX30i6nC7ro,00008,0,pretrain,R21MsHQA8vM,00039,0.3584295670348059,9.6
train,pretrain,WOxSQHtJWlo,00013,0,pretrain,qmnVdzzAuQk,00010,4.410266386992953,4.48
train,pretrain,SbphPa7Wp4c,00010,0,pretrain,3BS1itqCKHo,00014,-9.947594635322849,7.04
train,pretrain,rXepkIWPhFQ,00010,0,pretrain,G1RRbupCxi0,00003,-1.870468891028608,3.968
train,pretrain,mzy84VbSGxk,00011,0,pretrain,lVQ3KUTHDe0,00002,-4.645222092509167,13.568
train,pretrain,B5MkpzMAOZM,00013,0,pretrain,7npLVcymHGc,00011,-1.691400052317622,7.232
train,pretrain,sYySLEdYr8A,00033,0,pretrain,tFX68SJs2S0,00003,-9.52116799533333,3.712
train,pretrain,AdHSwXl2nuQ,00004,0,trainval,SvBggxCNNno,50018,-4.549452045112976,5.76
train,pretrain,B5MkpzMAOZM,00034,0,pretrain,hJZ0pAoxksE,00018,-2.613405912417857,6.08
train,pretrain,U23gPSGhW1w,00023,0,pretrain,xY7kVVS2HVY,00031,0.11610549923196345,13.568
train,pretrain,C74amJRp730,00049,0,pretrain,exjlR7izakg,00003,-8.235787654698461,11.648
train,pretrain,XGq3MXQlRJs,00009,0,pretrain,7SfQLQ7eyA8,00022,2.222893060110424,6.912
train,pretrain,syqScVtnKuU,00002,0,pretrain,6E3zVSCSGYk,00001,-5.407748419377887,10.816
train,pretrain,stAstsOxLPc,00018,0,pretrain,2zvjW9arAZ0,00013,5.296483478312087,6.656
train,trainval,QekbuidfQKo,50042,0,pretrain,dBxvZwJZgdM,00004,7.8887653774568705,5.888
train,pretrain,SgjGcBTyScY,00001,0,pretrain,ScGSlv9dCeY,00036,9.609755558014996,15.68
train,pretrain,I9telSZCswM,00005,0,pretrain,oEIYHTlbeLA,00006,-5.860856769132448,9.856
train,pretrain,6tpsSu5O0Ws,00046,0,trainval,ZmSF9gVz9pg,50010,3.864757298030021,3.968
train,pretrain,vSjlCJaEwZE,00013,0,pretrain,2Shh4UkPVCc,00039,-9.23407080064105,9.088
train,pretrain,wBObnvIZGwE,00019,0,pretrain,wznroZvpVHU,00006,4.854366063633977,4.096
train,pretrain,Hc6yiSFtoNo,00013,0,pretrain,GpKrM8GQwOg,00011,6.1091817076821116,5.44
train,pretrain,8gSAkUOElsg,00020,0,trainval,n4EhJ898rSk,50006,1.9795567598648152,2.624
train,pretrain,F6NU0DMjv0Y,00040,0,trainval,tsgvhP07BC8,50019,8.75746136788078,5.44
train,pretrain,lbBDoFp2HIQ,00021,0,pretrain,LETgWDSSzSI,00010,-2.223997965907829,6.656
train,pretrain,CVdPhUPO5YU,00019,0,pretrain,1CN7PF10RKo,00024,-9.719066859563528,6.336
train,pretrain,7jRND5IU3Qg,00022,0,pretrain,5CSDIcUsIJk,00004,-4.088977656377766,11.136
train,pretrain,R1vskiVDwl4,00016,0,pretrain,GDnYDLERnRE,00005,-8.55709270073756,3.776
train,pretrain,cSsxBTNF2U8,00005,0,pretrain,dY7iATJVCso,00016,1.083722507593265,6.976
train,pretrain,7sqeoYOQ4qg,00043,0,pretrain,0kPu6eKpja8,00002,-3.7076859093719428,7.68
train,pretrain,mQOOgDqUta0,00013,0,trainval,HCG1petekXw,50006,-5.040593800723103,5.952
train,pretrain,GSmaUPREKlU,00006,0,trainval,XPAG3I8P34k,50020,-8.758640789823257,6.208
train,pretrain,2ju61VPdTzw,00006,0,pretrain,x3AwnkR92EA,00012,-3.346316550518644,14.656
train,pretrain,VObLitSe3K0,00003,0,pretrain,ImmtTHYU5GQ,00019,-5.6053205937887824,11.072
train,trainval,mclzytQQMGI,50006,0,pretrain,g1bOpgoOI3g,00002,-0.16519697821770407,2.56
train,pretrain,B4a0NvLTebw,00033,0,pretrain,23FRUuLcQ6A,00014,-9.813830694033062,4.672
train,pretrain,DsSrzoyyfF0,00032,0,pretrain,ZCS0MZuVBwE,00005,-3.9843855075819246,6.016
train,pretrain,aQ8T4sySLxw,00012,0,pretrain,GSmaUPREKlU,00004,1.7846835604707785,5.504
train,pretrain,I1cGiNnJZgU,00013,0,pretrain,MDL85fzdc1g,00023,-3.6447633352204134,7.168
train,pretrain,yA1O5gmP4eg,00015,0,pretrain,zXCiv4sc5eY,00036,-4.669955499822061,13.568
train,pretrain,a0x0r7aPI2M,00029,0,pretrain,mT4Qbp89nIQ,00017,-7.40944856516019,8.064
train,pretrain,ayVm441iZfo,00025,0,pretrain,kySSXxxiWHg,00015,7.692974738292854,11.52
train,pretrain,TDCYJ3Sgx2w,00030,0,pretrain,7Oe11XnBvA8,00022,7.315003798320859,6.72
train,pretrain,U7y4GlmwPLQ,00041,0,pretrain,VnzBGZA2z3w,00017,-2.594556434492792,8.448
train,pretrain,xkq8drS5ofs,00007,0,pretrain,zA6SpcEz8Ls,00008,-5.786842777176229,8.768
train,pretrain,v7UKkzIaSsQ,00025,0,trainval,DUd8XAS5HEk,50004,7.358596488934907,3.136
train,trainval,H03o2WCBoDU,50002,0,trainval,PGsQwAu3PzU,50004,-7.355287038414442,3.968
train,pretrain,oKtALHe3Y9Q,00012,0,pretrain,tbvUCrS5S5I,00028,9.910319014948612,7.616
train,pretrain,5iqZzi9mj4M,00020,0,pretrain,DoRSyk7lA5Q,00007,-4.429223299917709,7.488
train,pretrain,uPZw3ebk8oI,00022,0,pretrain,tjZlLk9bVVA,00006,4.87876160141286,7.68
train,pretrain,Hy4yby7ZAd0,00006,0,pretrain,bClWV3eeETA,00023,8.487996975604847,6.272
train,pretrain,eR22lqzdIHU,00016,0,pretrain,qEZmFR1WS7g,00003,-1.84801901925775,3.776
train,pretrain,KTvSfeCRxe8,00002,0,trainval,LTtTfCwkIW0,50003,-5.9519165190427925,2.816
train,pretrain,BURbLmQL1BE,00037,0,pretrain,yFVXsjVdvmY,00037,0.47623511870661517,5.76
train,trainval,l5Bbg96VODk,50019,0,pretrain,Nhwq12TKkQQ,00019,7.801274347828034,5.632
train,pretrain,mwzBJF5Q7Vw,00025,0,trainval,pPgd7Hj3ABQ,50007,0.5285341786159155,5.76
train,pretrain,LWULB9Aoopc,00045,0,pretrain,VSbjOJzB7LY,00016,5.23329511139346,6.72
train,pretrain,jsZDlBU36n0,00036,0,pretrain,uo7w3g24DWo,00006,-5.444166958649523,4.8
train,trainval,xDe346z233Y,50011,0,pretrain,y9ALB39wRKo,00021,6.93589546056684,2.56
train,pretrain,pz1TDXKSTHc,00022,0,pretrain,KQEWc3LVfyc,00021,-1.1285108788894167,3.136
train,trainval,rni41c9iq54,50002,0,pretrain,ZSRaJIMYSMs,00004,-5.07786208161323,6.208
train,pretrain,OOG65rSM5fA,00005,0,pretrain,AfljJGTVcKE,00022,-1.2529452757305855,7.104
train,pretrain,8jkri0AeZWQ,00004,0,pretrain,3QZp6smeSQA,00016,-5.1554261783824495,2.56
train,pretrain,LsESSyMnwmU,00009,0,pretrain,fwYS1jyEzmU,00008,0.022501650938682616,4.928
train,pretrain,VStEmE85QDE,00002,0,pretrain,H03o2WCBoDU,00007,3.8147673303777516,11.584
train,pretrain,rQSSSLRpsVs,00017,0,pretrain,SfQVotsYV0Q,00018,2.424544174829963,4.608
train,pretrain,E5BOBs3Nmbw,00023,0,pretrain,GZyjTPEufLk,00009,9.976116709546567,7.68
train,pretrain,g2m97gPI70I,00007,0,pretrain,DUd8XAS5HEk,00042,-3.376541900031256,4.736
train,trainval,C8QCStOtqus,50006,0,pretrain,HbQZ7jAvgoI,00002,-3.603988987527873,5.568
train,pretrain,eh3cdTlh7VM,00015,0,pretrain,rzwJXUieD0U,00016,7.644052377160179,4.16
train,pretrain,n3qA8DNc2Ss,00023,0,pretrain,cQgSjnOfHPQ,00005,7.207761900757326,6.912
train,trainval,AAkEYcmCCCk,50022,0,pretrain,HH3m1OSiOT0,00012,4.805504095739845,5.44
train,trainval,ZSRaJIMYSMs,50020,0,pretrain,DlGUSNXOdpQ,00009,-0.537864821491274,5.888
train,pretrain,b1bKfLaiSlI,00002,0,pretrain,7ShFmRzffOg,00040,9.316088209349253,3.904
train,pretrain,2Shh4UkPVCc,00002,0,pretrain,FD5ZKiSmoMU,00051,-6.330320008639154,3.904
train,pretrain,jFd96USLjbM,00023,0,pretrain,itLUXZnLRn8,00014,0.8386022824522321,5.056
train,pretrain,2EeqUSQMjbw,00009,0,pretrain,nQcgD5DpVlQ,00009,8.406672369041992,9.408
train,pretrain,kSxhDZaLyVQ,00003,0,pretrain,rQSSSLRpsVs,00001,-2.7326525058600737,3.584
train,pretrain,iEySxTbcr2A,00026,0,pretrain,RgqtrlixYR4,00019,2.7605931818632445,7.744
train,pretrain,hyHUVPG33QI,00008,0,pretrain,apbSsILLh28,00038,9.23566659370428,4.928
train,pretrain,owl8keTUioo,00007,0,pretrain,syqScVtnKuU,00057,6.680005472223904,8.768
train,pretrain,501FEzbB1JI,00005,0,pretrain,p2MEGk5q1WI,00017,-1.4350982297845416,4.096
train,trainval,HSzqFSOft20,50001,0,pretrain,CqasLvlSWGU,00012,-9.744353268161571,3.52
train,pretrain,SGzenQjZSpU,00005,0,pretrain,ggPh4X7UKwY,00016,8.137893598207828,8.192
train,pretrain,7pVPmmwSeJQ,00006,0,trainval,jnS66SszwEs,50005,7.372529179847895,2.24
train,pretrain,t9EuJ9QlikY,00007,0,pretrain,1InHN8JPazA,00015,6.769658146624749,5.12
train,trainval,zISxg4JhSRk,50034,0,pretrain,DWZsOe1j2w0,00033,4.087705057953684,6.144
train,pretrain,WtLMST8TyeY,00026,0,pretrain,be03wdS5Klc,00011,2.8195275769293566,6.848
train,pretrain,OAK1UIbSFio,00075,0,trainval,zYhgy5ouYLM,50004,-9.612880729984937,6.016
train,pretrain,xX1Job6O60E,00003,0,trainval,GhpFTQfiqCs,50003,8.512698332531926,2.048
train,trainval,9SqHrhrTktc,50008,0,pretrain,hiM48jSNZOU,00018,-6.479731062481666,4.032
train,pretrain,fw30yjccnD4,00025,0,pretrain,Hc6yiSFtoNo,00028,7.144550375878552,12.48
train,pretrain,cWCSzDdF74s,00027,0,pretrain,ohGMgSLJCjs,00014,8.099145478061974,4.544
train,trainval,cWcVPpxezE0,50033,0,trainval,FyL9OkVgZA4,50004,9.849529135121927,2.496
train,pretrain,u9Lu85L111Y,00004,0,pretrain,KTvSfeCRxe8,00040,3.758607611813245,10.112
train,pretrain,3m6dV7Xo3Vc,00008,0,pretrain,sLiM2SizFl4,00018,7.769578244754591,4.16
train,pretrain,3nsPcBJAdxI,00003,0,pretrain,xjSQFZX2m9o,00009,9.56066230651501,11.968
train,pretrain,Sttw2PxncIE,00029,0,pretrain,Rpsf1YJsbbI,00018,-4.150986527150533,11.136
train,trainval,ZhDgwrKSBWQ,50006,0,pretrain,4XESlSz0TLM,00009,4.775006321119498,2.432
train,pretrain,vbKKoniUxMk,00023,0,pretrain,1VRgmKiE0Js,00022,7.900418209637458,4.288
train,pretrain,Fc1yN6uxZfQ,00056,0,pretrain,xAXUqSQc8DI,00025,8.354347921511998,10.048
train,trainval,8Ug1MnU6LKw,50050,0,pretrain,n3qA8DNc2Ss,00036,3.8194149833386,3.712
train,pretrain,jfqwHT3u1S8,00009,0,pretrain,36m1oStM05g,00013,-2.9773243752146783,8.576
train,pretrain,tWBiTYUlhxQ,00006,0,pretrain,3yfFwDq4R5M,00002,1.0288737978236266,9.728
train,pretrain,SQwRsVyk7us,00010,0,pretrain,hTAXEq6zLo8,00031,3.9056816746244927,7.936
train,pretrain,OOG65rSM5fA,00004,0,pretrain,Hul8htHa9AY,00023,-7.163230892293226,16.768
train,pretrain,Zctk6MZaxMk,00026,0,pretrain,7LcSdlVrg5M,00037,3.8268046146162575,7.36
train,pretrain,hgui64Kr0Go,00003,0,pretrain,gBkIyJ7kfSI,00002,-5.624532856104016,9.28
train,pretrain,4SY6Te9Y1ME,00009,0,pretrain,2MifgJqOm3Q,00003,-6.5930756292029224,19.648
train,trainval,VfKWd7iXMSo,50018,0,pretrain,RgtoZ2ue05w,00007,9.891327152964251,2.048
train,trainval,G8cjIBwP52o,50020,0,pretrain,bXnTAnsVfN8,00006,-2.3501312890990693,4.736
train,pretrain,9fyjlxizLFI,00023,0,pretrain,rGaj2VImQec,00028,6.918760657516859,4.48
train,pretrain,w2itwFJCgFQ,00010,0,trainval,Lh9lDWPMWrM,50007,-0.7333392721590002,3.712
train,trainval,j7c9b9A2AHc,50005,0,pretrain,up4hFjSjcTY,00007,-5.997884123195078,5.44
train,pretrain,g2J6YOiLNr4,00021,0,pretrain,fWInyaMWBY8,00010,9.704489316585214,5.568
train,trainval,aeiSXpmMQys,50012,0,trainval,eyBEIx7fCfY,50012,-0.30583756863187084,2.432
train,trainval,tV2RLLtOgL4,50008,0,pretrain,nn5k4snG3rA,00013,-1.531271722385167,2.432
train,pretrain,yrcaHGqTqHk,00017,0,trainval,FrxDrpi1XNU,50004,2.2689350666703625,5.376
train,trainval,ouXGIw7gBmk,50001,0,pretrain,lhP52caGW6s,00008,-2.382453038882522,4.48
train,pretrain,KQEWc3LVfyc,00018,0,pretrain,2bvoJAfjWMM,00008,-1.0543326814671303,3.968
train,trainval,P82edb1SCNs,50002,0,pretrain,6Eu964BbJO4,00005,-5.7251541862574085,3.712
train,pretrain,kKeUISJko3o,00006,0,pretrain,AE0gO5wSaok,00018,-1.4290110655033672,3.328
train,pretrain,SgOTaXhbqPQ,00009,0,pretrain,w32u2NwCve0,00009,-6.4715831141193,7.296
train,pretrain,R7beBKnH9u0,00003,0,pretrain,4B2qC7PIHxs,00006,5.485955283470803,13.76
train,pretrain,TvW4yugCPZo,00022,0,trainval,2R1lZSN4SSo,50007,-1.7653569107609108,3.2
train,pretrain,7NJhq163t78,00019,0,pretrain,6d6oq0zGGmw,00026,3.978822710674974,4.16
train,pretrain,1hxwsYYz5fI,00008,0,pretrain,4Z75ASJMBx4,00040,0.7270133566420789,3.264
train,pretrain,3U6tEcIIAIc,00013,0,pretrain,fgfQLTIhi1U,00014,8.726884508252923,4.928
train,pretrain,SqCWAsd2GP8,00001,0,pretrain,59K6SwHLtcw,00013,6.302719786775935,4.096
train,pretrain,CrsdoIOGCRw,00015,0,pretrain,IXBalykzauE,00008,3.974564694505073,5.76
train,pretrain,oeL72c6scAs,00024,0,pretrain,dhDBxxOKGlg,00003,0.8144516703280757,14.528
train,pretrain,qH66lTtW4Hg,00012,0,pretrain,DkyMCCnNI3Q,00004,1.9663541816145234,4.416
train,pretrain,yJJtRWFLSgw,00052,0,pretrain,b6rAgHcuYtE,00023,-8.536569574413232,9.408
train,pretrain,Si644sBMaOY,00005,0,trainval,mS8tQSTYLgk,50007,2.8618919279783555,6.08
train,pretrain,ScGSlv9dCeY,00013,0,pretrain,dUdCToPPK5A,00002,-8.839484360179334,5.568
train,pretrain,hFcQpNrSKA4,00005,0,pretrain,2NcetHNXaxU,00030,1.6919854775437102,5.184
train,pretrain,tMQ4OxOxgrc,00013,0,pretrain,rOVkASt39Uc,00006,2.3011401534886318,8.512
train,pretrain,EhM56Fk2aFk,00019,0,trainval,qqNLSZ6SSSc,50003,-1.5802335851637146,2.688
train,pretrain,cXbXNV9SZAg,00016,0,trainval,eR22lqzdIHU,50004,0.12051014833460272,2.816
train,pretrain,7VRzn8hc5mc,00010,0,pretrain,bSZh8qdKaBc,00010,-8.425064153328243,6.208
train,pretrain,MlLWTeApqIM,00005,0,trainval,sa0RUmGTCYY,50040,-8.709483862521026,3.712
train,pretrain,1gAQ82IHyZ8,00010,0,pretrain,uYaF8pSTNSU,00017,-0.7524594503820694,8.448
train,pretrain,uYaF8pSTNSU,00042,0,pretrain,XkiXXPShycA,00028,-3.1918640605784354,8.576
train,pretrain,GjINFuwLGvQ,00019,0,pretrain,o4Nno6POrwE,00031,5.963361722463558,4.224
train,pretrain,EhM56Fk2aFk,00003,0,pretrain,9usocDBGnvA,00005,-7.821964563982739,4.416
train,pretrain,k9fmJ5xQSmc,00006,0,pretrain,6qqqVwM6bMM,00006,-6.319313941786923,9.216
train,pretrain,V2PP3p4S4R8,00024,0,pretrain,snHSSUcGSSE,00022,-2.427978344862904,3.456
train,pretrain,Syi9bqfFIdY,00030,0,pretrain,utmiqwS2XBQ,00007,-8.732827302806978,8.0
train,trainval,SSudEBkC4O0,50007,0,pretrain,rmeGVhhbGrM,00023,-8.50206163484173,2.752
train,pretrain,IWjzT2l5C34,00041,0,pretrain,0YeVt2kpSSo,00027,3.7858280497800045,6.08
train,pretrain,sLo97Bu8Fo0,00020,0,pretrain,4bHO8NZwmIg,00042,2.334352197164618,13.248
train,pretrain,cbSts8fUhB8,00001,0,pretrain,VLe84OkwKOA,00003,-7.640613388690665,6.848
train,trainval,ScvI1jKxlTM,50002,0,pretrain,5vXRgT6egSU,00024,-9.935779443861904,2.24
train,pretrain,SAm3gtFB8xU,00015,0,pretrain,aOW7JZaqKGA,00043,-2.2440918351691845,4.48
train,trainval,fBQnQTkhsq4,50002,0,pretrain,mzy84VbSGxk,00008,-5.852341814173836,6.144
train,pretrain,GzPpH9WexDc,00020,0,pretrain,3sUWSDHOVn0,00016,-4.629409696703064,5.952
train,pretrain,eMXQ6ebbC1c,00014,0,pretrain,SXKNASvfHWs,00013,-4.9691702075037085,5.44
train,pretrain,pbGLBjDhnSY,00015,0,pretrain,267BlUBordQ,00009,3.792386015766816,7.808
train,trainval,mDSuP2BsVy4,50019,0,pretrain,P1sbSJK1LiI,00017,-0.4770313686956875,2.176
train,pretrain,9FCsyK4aRXQ,00003,0,pretrain,5duz42kHqPs,00012,-3.0035857457988318,7.04
train,pretrain,eR22lqzdIHU,00009,0,pretrain,HB2SlA68YDU,00027,0.3697847580402751,4.8
train,pretrain,yBdyFKqwKy0,00002,0,trainval,3PQrElyu9HY,50008,-2.2195602137562958,2.56
train,pretrain,aFDKHFsVRnY,00003,0,pretrain,LifvSfll2dw,00006,-3.8867694298049997,3.776
train,trainval,dk60sYrU2RU,50014,0,pretrain,TdBAHexVYzc,00025,-8.769570067857117,3.52
train,pretrain,QSfFattg8N0,00022,0,pretrain,fhCYS8avhWM,00017,-8.68730399000575,6.72
train,trainval,mMDuakmEEV4,50005,0,pretrain,ivvKSx4Q6L4,00003,-7.411491694776999,6.208
train,pretrain,xYemnKEKx0c,00039,0,pretrain,yLjxoscCi0A,00019,-6.479078809004937,10.88
train,pretrain,yldVmMfMyIg,00008,0,pretrain,cbSts8fUhB8,00001,-9.353702851276584,6.848
train,pretrain,bxkslfQc0EA,00038,0,pretrain,fJ36gCwKVec,00001,-8.83732541637988,22.144
train,pretrain,YmlAl1SMtHk,00010,0,pretrain,FzApYQDIXlg,00004,-4.969882402716442,12.8
train,trainval,OmMv9tShW8k,50001,0,pretrain,V1xt7zgnuK0,00006,2.9369532783945367,5.888
train,pretrain,4wOxJOPnSUg,00025,0,pretrain,FEeTLopLkEo,00010,-6.0564208924305385,8.0
train,pretrain,kcwBHSUevxo,00013,0,pretrain,d0yGdNEWdn0,00031,-7.546515641656992,6.08
train,pretrain,KCL8NjN7FMQ,00002,0,trainval,ufUkAQOQaXU,50019,-4.432274008417007,3.008
train,pretrain,yJJtRWFLSgw,00008,0,trainval,qG6SnAIinj0,50019,-2.548760231324483,3.968
train,pretrain,NIjjaFCADSE,00006,0,trainval,deT1mILtFEY,50027,2.51616598681556,6.208
train,pretrain,urOCGSMlB9g,00008,0,pretrain,2R1lZSN4SSo,00014,-9.922797766712542,3.264
train,pretrain,Erm4vP1vTn8,00010,0,trainval,XMSQKG70a5s,50016,4.411547322006204,5.248
train,pretrain,Sk0ywFgMpFk,00006,0,pretrain,z5lZ9wciZQM,00005,0.5454535134907452,9.728
train,pretrain,UiosQf4GqnQ,00007,0,pretrain,0ueGFLVFi80,00014,0.7211188150370909,4.736
train,pretrain,7Y2sjSG4Njg,00012,0,pretrain,RSW3xi2jMYI,00015,9.336173385812366,4.16
train,pretrain,qZRSPO8NtJc,00017,0,pretrain,FM5SDGprLpc,00028,5.018675983148789,10.88
train,pretrain,ky6KSWsx5RE,00004,0,trainval,8woKcr7uSYQ,50006,-1.453617286319984,2.752
train,pretrain,FDhlOovaGrI,00028,0,pretrain,y2yka9lyvMA,00011,8.513312322682797,5.76
train,pretrain,oiZ42KUsxGo,00015,0,pretrain,57FMau29OSg,00009,-7.804253944932851,7.296
train,pretrain,hscdmpKGqrQ,00028,0,pretrain,m0ZPM5I1tTg,00029,-2.2307670775379984,7.04
train,pretrain,S9PEogIrHSk,00038,0,pretrain,Ytw0I6ytRto,00024,-7.860367149235474,4.608
train,pretrain,PyS1o4sX1hk,00003,0,pretrain,hvJ4KlVlqV8,00001,8.999209318847285,7.104
train,pretrain,cK74vhqzeeQ,00002,0,pretrain,LZXUR4z2P9w,00034,-7.645121516554596,8.0
train,pretrain,pcSlowAhvUk,00023,0,pretrain,8tEuaj4h8dw,00011,3.8301374060268696,5.696
train,trainval,DgofaSv4MA4,50006,0,pretrain,BSiNIZ6zZqY,00016,6.943931894647896,5.12
train,pretrain,50m48lpi4AU,00011,0,pretrain,Cqj0sgrNL10,00060,8.259974020615925,6.4
train,pretrain,xRL2vVAa47I,00028,0,pretrain,sNbGUSI9HWw,00031,9.241767085566472,12.672
train,trainval,da1vvigy5tQ,50010,0,trainval,CiSk3gmyjQ8,50002,-6.865418820929669,2.24
train,pretrain,vo2cse4CoGM,00008,0,pretrain,QPC5SP2SFu8,00014,3.9719497253130065,9.856
train,pretrain,a7cDt5r2pGY,00038,0,pretrain,PlQ3VdvvTvE,00024,-8.347624887425447,5.76
train,pretrain,lxovD2LQVUQ,00025,0,pretrain,7Mn4PnGRuPk,00020,1.9201975248523073,9.6
train,pretrain,EluxCgnQVzg,00023,0,pretrain,YdSSA7POsN0,00004,-6.301363590762589,9.408
train,trainval,MLZubXfClL4,50008,0,pretrain,8MpXRkmeDhk,00006,-7.018387688777548,4.672
train,pretrain,5tUnSuoYKoE,00076,0,pretrain,n8Y8FK8gonc,00009,-9.943359530628285,8.832
train,pretrain,CK5w3wh4GSM,00004,0,pretrain,8OkzozrUEHY,00021,8.636433691463377,5.568
train,pretrain,g985z9Wq5gk,00007,0,pretrain,RS5O4n0TqlU,00021,-5.154815312193373,4.288
train,pretrain,5pW2b1vwwf4,00007,0,pretrain,pbSSrJGgVIo,00039,-4.475802881773687,3.648
train,pretrain,j51HsRILGKI,00012,0,pretrain,saXfavo1OQo,00011,-5.310296165567374,3.776
train,pretrain,T7ibjISKSdY,00040,0,pretrain,ZChEFOGSn8Q,00002,-9.78582222210006,4.48
train,pretrain,oy25A7vnigg,00015,0,pretrain,xYIGNOHhNe4,00003,-7.243947137466344,19.456
train,pretrain,7CmqNpCofc8,00031,0,pretrain,MvMUMShuMaI,00003,5.421805792444534,7.744
train,pretrain,jsZDlBU36n0,00026,0,pretrain,lv9QDjw8GJk,00023,-3.870715595586236,4.992
train,trainval,B7c0W5FZw64,50001,0,trainval,pCHWOt3FOgY,50015,4.634668679029385,2.816
train,pretrain,YlmZkY1uqXM,00051,0,trainval,YO0lbdhF30g,50004,8.519823673314391,2.56
train,pretrain,zSWppsceZ1c,00027,0,pretrain,X9NFPZGyDPg,00020,-9.435513406787733,4.096
train,pretrain,ol1b5mMeP7s,00031,0,pretrain,8woKcr7uSYQ,00038,-5.528443009085516,5.76
train,pretrain,9ebJlcZMx3c,00028,0,pretrain,th3nnEpITz0,00024,3.4327839292039393,2.24
train,pretrain,BBSVLGf7zPI,00001,0,pretrain,dvYYYlgVAao,00024,-6.909112730154831,9.216
train,pretrain,57FMau29OSg,00007,0,pretrain,dOOtM7ZpAS8,00005,9.064785965677014,9.088
train,pretrain,w2itwFJCgFQ,00020,0,pretrain,J6tgYBMXR6s,00011,-7.153538577166579,3.968
train,pretrain,hFcQpNrSKA4,00005,0,pretrain,nvSSeGObF4w,00014,-2.961975131650563,5.696
train,trainval,ZzugJPASNB8,50010,0,trainval,R21MsHQA8vM,50008,5.05709179078713,3.264
train,pretrain,1X7fZoDs9KU,00009,0,pretrain,97rrxS1yBU0,00005,-5.217484964295327,3.648
train,pretrain,MAQihRikgZM,00007,0,trainval,s9jsZPeqFCw,50001,8.968787944608305,6.08
train,pretrain,bJ8Kq1wucsk,00027,0,pretrain,QOSPNVunyFQ,00038,7.2430373556051,4.16
train,pretrain,DEmjzXi2lfI,00003,0,pretrain,SF242mxtZN8,00029,5.491267193656547,4.48
train,pretrain,RSl1ramE35s,00022,0,pretrain,aL00a3sfnYM,00001,2.7124879434165283,4.48
train,pretrain,y8qc8Aa3weE,00020,0,trainval,1VRgmKiE0Js,50004,8.125306204146845,6.016
train,pretrain,wAdwurHhvSI,00017,0,pretrain,aR6jLD1USW0,00029,-5.070347148817991,4.608
train,pretrain,E7sqRrUoL3U,00004,0,pretrain,MacRhth2lMM,00017,-0.6458307367232017,6.4
train,pretrain,c0H1zU2ytxA,00004,0,trainval,pcSlowAhvUk,50005,8.946704142669436,4.928
train,pretrain,8iZSsHd0IlU,00036,0,pretrain,MoSmgcxGYYE,00041,-0.04104518307455862,16.064
train,pretrain,P8GCjrDWWUM,00017,0,trainval,USmTQeKRaP4,50002,6.90812381906056,5.696
train,pretrain,o4Nno6POrwE,00023,0,pretrain,sBsuIAscshE,00004,-9.176702052320405,5.632
train,pretrain,sBsuIAscshE,00008,0,pretrain,4jUdCy6Vghw,00034,-4.141429397825187,4.736
train,pretrain,cHSQGnhdSi4,00017,0,pretrain,oxpJGynSHJU,00006,1.2490648863703928,8.832
train,pretrain,qJ7A74Vx7YE,00009,0,pretrain,Ssl0043HgQU,00025,-7.105472064978821,12.928
train,pretrain,eXp5QSfXLQU,00007,0,pretrain,CLSSiaFuLo4,00041,1.9391369085401955,9.856
train,trainval,hvStFIuhD8E,50001,0,pretrain,mT4Qbp89nIQ,00001,-7.0782724673404696,2.368
train,pretrain,L6N06hTuESE,00009,0,pretrain,sPQViNNOAkw,00043,-9.843139630502272,11.584
train,pretrain,SmsYxDvdcYc,00023,0,pretrain,K74JqctvM2g,00044,1.649493911201203,11.136
train,pretrain,y2yka9lyvMA,00016,0,pretrain,uYaF8pSTNSU,00005,-4.517113735426312,5.248
train,pretrain,5LrThfSBeq0,00018,0,pretrain,j4yCdGB2NG4,00011,-3.159277120874677,4.352
train,pretrain,d6PS4p3IXLQ,00035,0,trainval,stBSQ6CagVo,50003,-6.9393119864183355,4.416
train,pretrain,j3qs0q4RBHY,00013,0,pretrain,ohGMgSLJCjs,00017,-9.197277504157398,4.736
train,pretrain,V1xt7zgnuK0,00018,0,pretrain,OAK1UIbSFio,00022,5.884404226457132,6.144
train,trainval,IshrD4mjnNU,50025,0,pretrain,itLUXZnLRn8,00010,-7.742952622231131,3.584
train,pretrain,ygRNoieAnzI,00015,0,pretrain,9h2dFSIsH0I,00040,-4.48616854617206,3.968
train,pretrain,9yPlMBPNf2M,00006,0,pretrain,6tSlMoMNSlY,00012,8.39171608107074,2.816
train,trainval,CzgS9C7gw0o,50003,0,pretrain,eg66CMRpKCw,00010,8.20714815943672,4.352
train,pretrain,FIrgjCNcDBI,00014,0,pretrain,ydzNAuqUAnc,00028,-4.944068138658553,17.472
train,pretrain,AJg9SXIcPiM,00010,0,pretrain,EiTrl0W1QrM,00026,6.918689597411326,6.272
train,pretrain,ldhppc7GmZg,00010,0,pretrain,59SRn1SkWAA,00008,5.686511489066955,8.0
train,pretrain,RtFFT4zjyTM,00017,0,pretrain,ciStnd9Y2ak,00013,-6.335431770846506,10.368
train,trainval,0ueGFLVFi80,50003,0,pretrain,fddYApFEWfY,00016,7.223558897188575,2.368
train,pretrain,12OAr0lt4bk,00002,0,pretrain,hYbSavnaJSE,00011,7.738827358296081,11.072
train,pretrain,4ZB29iqSZd8,00005,0,pretrain,Df2JBnql8lc,00018,2.0118293601252883,6.4
train,pretrain,AHcTWlxWzpE,00015,0,pretrain,GJWSZgjz7G0,00017,7.07501505247965,5.696
train,pretrain,UCFg9bcW7Bk,00019,0,pretrain,JD4O7ama3o8,00040,6.8503411660388736,6.656
train,pretrain,pLCeQyxVWB8,00010,0,pretrain,5XD2kNopsUs,00012,2.0464946430796704,8.448
train,pretrain,KVhWqwnZ1eM,00024,0,trainval,XS3m37czBfk,50030,-2.3541320455926567,5.376
train,pretrain,g985z9Wq5gk,00015,0,pretrain,IKZCw4xdESQ,00006,-5.399009831703665,4.032
train,pretrain,KsqZqa9zYXA,00004,0,pretrain,hPsUXhXgWmI,00029,4.776532396883129,7.936
train,pretrain,KkYuhwr3esg,00021,0,pretrain,a7cDt5r2pGY,00015,-3.0554958433686297,6.784
train,pretrain,0SW0HFy9Et4,00014,0,pretrain,nLtUl2CP8ak,00024,3.412322960533471,13.376
train,pretrain,RsxlLsHtoBI,00037,0,pretrain,uHs2Auz5s6w,00002,6.368836764800786,7.296
train,pretrain,56WGgJNBRxQ,00014,0,pretrain,b2LbuqoNGGI,00022,-9.618329342895539,5.056
train,pretrain,syqScVtnKuU,00014,0,pretrain,mzy84VbSGxk,00011,8.174227954878084,9.024
train,pretrain,f6nQJoEk7Ko,00002,0,pretrain,Yo5cKRmJaf0,00007,-2.0001127159742698,14.016
train,pretrain,nZSVjUKAsao,00005,0,trainval,SqgSz1UmcBM,50005,-0.024177993800142517,4.224
train,pretrain,WWRXOqYwRkM,00014,0,pretrain,96HHmILhyrE,00016,-2.924840283717005,5.568
train,pretrain,SU1foLW8h54,00031,0,trainval,mA1vshSuyQU,50013,-3.0275820506737254,6.08
train,pretrain,ooIxHVXgLbc,00050,0,pretrain,btItLAjT5zg,00009,2.6893028453377283,3.968
train,pretrain,rQNisRKhSiU,00014,0,pretrain,AyWtIwwEgS0,00021,-1.435992400375925,5.056
train,pretrain,pNttjJUtkA4,00054,0,pretrain,EiTrl0W1QrM,00049,-6.2062444451444465,6.656
train,pretrain,70VZ1SOzSnc,00006,0,pretrain,415VX3QX4cU,00028,-5.457782787723755,6.656
train,trainval,bhHJ4DRZNZM,50004,0,pretrain,yVQ8fZB30JU,00024,8.554156758121362,2.496
train,pretrain,cf3zxHuSM2Y,00030,0,pretrain,CLSSiaFuLo4,00032,1.1900686038369983,9.088
train,pretrain,5XD2kNopsUs,00011,0,trainval,nUdsTizSxSI,50020,2.8963555363644993,3.968
train,trainval,fIw07IX6rG8,50002,0,pretrain,lVQ3KUTHDe0,00007,7.443951577535962,3.2
train,pretrain,sodSeJBf9Y0,00002,0,pretrain,6LpSNMaU0r8,00020,6.56797580451498,3.968
train,pretrain,MiOVX7qKQ24,00018,0,pretrain,yG7v4ySxwzQ,00021,-9.179706964206884,2.112
train,pretrain,Dceyy0cX6J4,00008,0,trainval,4fyvDMFriRI,50004,-9.380924353720072,6.016
train,trainval,P9YbrVFoX0Q,50008,0,pretrain,I9telSZCswM,00001,1.8795667712479958,2.176
train,pretrain,GIt6Z0k3PQo,00027,0,trainval,dTwXeZ4GkzI,50006,-7.0063194356526655,2.176
train,pretrain,S9ry1M7JlyE,00031,0,pretrain,qvEU36woPB8,00008,4.379739086587664,5.952
train,pretrain,LkOmfSSQLgI,00013,0,pretrain,Lh9lDWPMWrM,00013,-8.874117118103996,10.56
train,pretrain,mclzytQQMGI,00028,0,pretrain,ddek3gQVt9Y,00046,0.12271947833660413,5.312
train,pretrain,ScFWnnQF7A8,00027,0,pretrain,MNhCvM5pjfs,00007,-3.2810463681355078,12.096
train,pretrain,iU1bhHeCkoU,00022,0,pretrain,m7SuKQGPMSw,00033,-6.282794639800087,5.888
train,pretrain,1pq5jnM1CSA,00012,0,pretrain,y3ZrjRlIcgI,00021,6.637804234313677,4.416
train,pretrain,cF2dhWWUyQ4,00005,0,pretrain,C74amJRp730,00053,-1.4361066894224024,4.48
train,pretrain,8n5O9tz30So,00005,0,pretrain,kOPMqiKhoSc,00016,6.312155266782089,4.032
train,pretrain,mWfCqsFP05A,00015,0,pretrain,kSGFq12w5WU,00038,4.480064804841756,8.064
train,pretrain,iQsnObyii4Q,00012,0,trainval,hgWie9dnssU,50004,4.528270305847181,5.888
train,pretrain,CsqSDpmgsQg,00004,0,pretrain,H1fvr9rGgSg,00048,-4.796787418568373,6.016
train,pretrain,c00zfzk4gdg,00045,0,pretrain,gmSsyvrI2Xw,00007,-0.9137829933383816,8.832
train,pretrain,XPkV1bDZDl4,00017,0,pretrain,wX78iKhInsc,00018,-4.694797899736032,10.816
train,pretrain,IRVdiHu1VCc,00059,0,pretrain,FETryXMpDl8,00012,-7.592406592824645,5.12
train,pretrain,8m5Ebx6nuGE,00024,0,pretrain,o08ykAqLOxk,00035,9.826844436496451,6.464
train,pretrain,BQnOTJH3w4s,00007,0,pretrain,kfAxGhOS3S8,00005,-0.4106835713059791,7.232
train,pretrain,tHSTfiMtSDE,00012,0,pretrain,9SQYDFiWnSs,00010,-3.2377052442139975,5.44
train,pretrain,9yEl0SbCA9M,00008,0,pretrain,4KhnSz9FPmU,00010,-6.429100051966483,4.416
train,pretrain,8khcH5Lqxgk,00001,0,trainval,iE7YRHxwoDs,50002,5.629989382356593,4.992
train,pretrain,vkEeNkHilIg,00006,0,pretrain,VMwjscSCcf0,00014,5.494944347030803,6.016
train,pretrain,FD5ZKiSmoMU,00019,0,pretrain,87vO1XhHuHI,00001,2.472126325150228,4.352
train,pretrain,3qyVvDGDGQs,00008,0,pretrain,YJ5VS3GAucc,00005,-6.988087278465436,6.336
train,trainval,1rTEOU67zCo,50008,0,pretrain,mA1vshSuyQU,00032,6.466901334037356,2.24
train,pretrain,J6ZzmqDMhi0,00009,0,pretrain,AR6RiSHN7S0,00021,4.543556478994237,7.168
train,trainval,C74amJRp730,50004,0,pretrain,lnigGtrwAfs,00016,-6.4517348589879635,2.24
train,pretrain,31iuh9pfFwg,00023,0,pretrain,MbBHVL4hT90,00007,-3.1067360570004654,7.552
train,pretrain,WmJwn4WDeLE,00030,0,pretrain,rzbtSeVZeEE,00032,-2.958393082688109,13.056
train,pretrain,CBSU7vJn0us,00004,0,pretrain,Tmk7nAvpMXQ,00021,-1.8979543807712034,5.184
train,pretrain,rufeSSlZJg8,00021,0,pretrain,E5BOBs3Nmbw,00028,-7.3840660250852945,3.136
train,pretrain,6ydYeyNSQVY,00011,0,pretrain,o0I0Poe3qlg,00004,1.7120838476553715,6.144
train,pretrain,dhMoQrLEJe0,00022,0,pretrain,pASKEZ1bSLg,00002,-0.4376558900883136,3.648
train,pretrain,OSGHRMKrVM8,00042,0,pretrain,65e2qScVSK8,00011,-9.498574598324641,5.44
train,pretrain,bk65ivyQZy8,00004,0,trainval,501FEzbB1JI,50016,-4.352215752464272,5.376
train,pretrain,6XS8TA4RBog,00020,0,pretrain,iEySxTbcr2A,00021,-9.979877586138103,3.456
train,trainval,7hFy02TSH4U,50001,0,pretrain,CrsdoIOGCRw,00005,-3.877630001296124,4.16
train,pretrain,gzthxdm7XNs,00004,0,pretrain,cn9Q4c3dXGU,00012,-0.8654539886642194,5.12
train,pretrain,jLOfXsFlb18,00010,0,pretrain,1Yz7Snu6pnI,00021,-1.3810450346790795,33.92
train,pretrain,CZNrOzgNWf4,00012,0,pretrain,z9sa2ZAqHl0,00023,7.940918079860072,3.264
train,pretrain,j4LSwZ05laQ,00003,0,pretrain,kSR8G8mfp84,00018,-8.937615740200165,3.136
train,pretrain,6LmPq7DSds0,00019,0,pretrain,7wJTgUCxnKA,00002,-2.5955276530475597,8.448
train,pretrain,BjclkhNAO0s,00022,0,pretrain,hYR23GDjyvo,00002,0.9084706378886427,3.328
train,pretrain,pysNMB033co,00021,0,pretrain,xjxyEwjG2Es,00019,-5.267975092574845,11.456
train,pretrain,B0ESVNX1SYk,00005,0,pretrain,IRVdiHu1VCc,00020,6.757628206559872,5.056
train,pretrain,WkNpElapS9s,00006,0,trainval,ro1Ksq5DihU,50003,2.4897438284414797,4.8
train,pretrain,cQvDUTOOkiI,00047,0,pretrain,kyaiTGmwxnU,00034,-2.337319737834431,6.208
train,pretrain,lXQ4HSMp1OA,00015,0,pretrain,uW9tg1vJwZQ,00021,-9.065222692243768,4.736
train,pretrain,O6jrLgvCUNs,00019,0,pretrain,4oFGmxZ2nqE,00009,-8.148973779978267,4.8
train,trainval,UG2zHhgfAW0,50003,0,pretrain,rtsHUeKnkC8,00004,-7.9500666742141535,2.048
train,pretrain,weCFbknwZa8,00014,0,trainval,iSmdpCvfMg8,50002,-7.649861407872773,4.8
train,pretrain,9EVEmZ2cSes,00029,0,pretrain,gHxr8uJeqsg,00005,-5.686573033774911,4.992
train,trainval,AJg9SXIcPiM,50003,0,pretrain,gkKymhU7yi0,00009,7.743177737396255,3.008
train,pretrain,fSmQIWnO3Ag,00006,0,trainval,9P73k8m3Ytw,50009,3.1133410468111364,2.24
train,pretrain,6VWPHKABRQA,00034,0,pretrain,YAV96XSdMQo,00036,7.274619000296397,4.8
train,pretrain,0sYguTPLpHE,00006,0,pretrain,YmlAl1SMtHk,00013,6.644913257263688,9.088
train,pretrain,IU4A4h1ACJs,00024,0,pretrain,YSQUrUZ6ZTE,00003,2.8534114690631984,5.696
train,pretrain,AoAbPIbGLUo,00009,0,pretrain,lD69n6Ur2P8,00005,5.8048220508471555,4.608
train,pretrain,NdKEy6vcCMw,00075,0,trainval,G8cjIBwP52o,50002,-1.6793274526605835,2.24
train,pretrain,RLh5CRUecfY,00034,0,pretrain,u4m65sbqbhY,00017,1.160045592665524,15.616
train,pretrain,9YGZkgkj3fM,00022,0,pretrain,RxyQNEVOElU,00041,-8.222080015329006,7.936
train,pretrain,7wJTgUCxnKA,00029,0,pretrain,Sttw2PxncIE,00015,-4.1341219298783365,4.096
train,pretrain,fwm3azuoLr4,00008,0,pretrain,Vi8k6BG9KVk,00001,-3.9794750945167916,5.952
train,pretrain,RPicL1AWrs8,00002,0,pretrain,ncwpzEoVZCk,00007,6.658849989940379,13.76
train,trainval,Q80MfH7xPPE,50005,0,pretrain,Ytw0I6ytRto,00007,8.844683416554766,2.432
train,trainval,NZspSEdO2Xk,50010,0,pretrain,8COaMKbNrX0,00009,9.6229339032339,2.24
train,pretrain,u4m65sbqbhY,00012,0,pretrain,ifgSifSQq0Y,00001,-8.356259899898387,4.48
train,pretrain,v84pD2g3gSk,00011,0,pretrain,4bHO8NZwmIg,00017,8.64154937315596,4.416
train,pretrain,YiXdS9DFCOQ,00038,0,pretrain,WjBwhwe5Scc,00002,-0.15929538262647647,4.032
train,pretrain,20DZsCdCuOg,00003,0,pretrain,asSNPOU5U3c,00025,-7.614743439673495,3.072
train,pretrain,2dnSoGaEHxs,00001,0,trainval,LPwWYFOFTGU,50008,-3.8282572024168093,4.608
train,pretrain,MOQcSzkKfbs,00011,0,trainval,n4EhJ898rSk,50002,8.860458615548417,3.52
train,pretrain,ZB50BfYlsDc,00012,0,pretrain,Kn5JRgz3W0o,00015,6.371276273271892,31.68
train,pretrain,JzLiCBCbAMY,00035,0,trainval,VPxEde3Q1F0,50001,-3.1244773298645008,6.016
train,pretrain,I2xDZlpInik,00025,0,pretrain,UQkIbUvcs7w,00029,9.800793917515136,22.528
train,pretrain,zORUUqJd81M,00008,0,pretrain,mPCDOij0bB0,00019,2.258959645620811,4.16
train,pretrain,3UFGqjWcVU8,00031,0,pretrain,Kk7kzUt3SLc,00026,8.852312177703688,9.6
train,pretrain,SwT0YLKbwoU,00006,0,pretrain,y2yka9lyvMA,00031,-8.34930149603789,4.8
train,pretrain,YGoI3B86iX4,00017,0,pretrain,2tcEgqTWbxQ,00020,-5.804649712016474,8.832
train,pretrain,G8cjIBwP52o,00045,0,pretrain,yr6khSQOk0s,00001,-5.778907080179763,4.288
train,pretrain,ZpT0cw9bmiw,00026,0,pretrain,5T9wSTaCrjA,00003,-1.5113075253215733,5.76
train,pretrain,2OlhCITl1J4,00013,0,trainval,VehHPwAVL9g,50021,-3.3319863806260352,2.304
train,pretrain,lw3YTbubyjI,00014,0,pretrain,SypPoKpQi6w,00009,6.214633688752041,8.32
train,pretrain,0qYTf9evWeY,00023,0,pretrain,5CSDIcUsIJk,00009,4.564868559280431,9.792
train,pretrain,FESv2CgyJag,00003,0,pretrain,o0td5aw1KXA,00003,-8.030445173137462,4.928
train,pretrain,iRSjlgWE9GQ,00056,0,pretrain,IDSSieLCmS4,00047,-3.6083055496713783,7.616
train,trainval,buRLc2eWGPQ,50003,0,trainval,XMSQKG70a5s,50024,3.5082039247031425,5.504
train,pretrain,k6qTwqiHnAM,00009,0,pretrain,KSWL5iqvPlY,00001,0.3311818316837023,16.32
train,trainval,7CmqNpCofc8,50007,0,pretrain,vHhn7z6BA0w,00005,-6.3690083550422365,6.208
train,pretrain,pTZM9X3JfTk,00004,0,pretrain,Jc2F3SnawnI,00001,-8.12936168944173,6.912
train,trainval,NAkkckxE9i8,50006,0,pretrain,dvYYYlgVAao,00003,4.014090427290412,4.416
train,pretrain,iKHTawgyKWQ,00028,0,pretrain,BFK2knjj4lQ,00003,-4.78357621461681,3.2
train,pretrain,TH9CqtMzxG0,00005,0,pretrain,CiLnSGrcuEs,00004,2.0088822103321498,18.496
train,pretrain,wAdwurHhvSI,00018,0,pretrain,v3SZTqj2Skw,00011,-0.3912534939511687,4.928
train,trainval,IXBalykzauE,50004,0,pretrain,pn8p3rOaA5I,00032,4.315165060969859,3.84
train,pretrain,SRKgDP1YPUo,00013,0,pretrain,HYGvts8hre8,00024,-8.308643568579193,8.704
train,pretrain,6gSwRHScq6M,00061,0,pretrain,XP8K4oS5TGE,00016,5.263617457456347,6.72
train,pretrain,MQrhPhan5Gw,00003,0,pretrain,BSxI3YxAPW4,00001,-4.268789376998734,10.56
train,pretrain,2Shh4UkPVCc,00041,0,trainval,gdg4mUSwuhI,50005,7.67150490826765,2.176
train,pretrain,ttRhMPgpoOQ,00029,0,pretrain,WoS7PGFjwDQ,00005,1.6623767424593598,8.256
train,pretrain,NRLjrZD6kqQ,00006,0,pretrain,j3qs0q4RBHY,00015,-2.3946467281413835,4.096
train,trainval,J6SSCMhcCfQ,50007,0,pretrain,ZX8MBBohX3s,00003,-4.738996900227274,2.304
train,pretrain,ljqra3BcqWM,00012,0,pretrain,k3zZVQPaKKQ,00014,-9.747325331712908,4.8
train,pretrain,MSE5Vryrd0I,00022,0,trainval,avuhY7D71sQ,50028,8.202458693793194,6.144
train,pretrain,SpQ1BCdSTTI,00007,0,pretrain,F1U26PLiXjM,00044,7.404410461997269,11.52
train,pretrain,EhM56Fk2aFk,00004,0,pretrain,oIGBBPspTKM,00080,3.1014675091379083,5.568
train,pretrain,EpFCykE9Lk0,00014,0,pretrain,sLFqwXqe4Yk,00017,-8.866441758147033,5.952
train,pretrain,oHDq1PcYkT4,00009,0,pretrain,VGUnvr6ImOo,00009,-1.1155304323090487,4.096
train,pretrain,RsiLLNziScM,00026,0,pretrain,kbAac9DxM1I,00013,8.246744933138835,11.776
train,trainval,c6mhFgAjqwA,50010,0,pretrain,vrU6YJle6Q4,00043,-6.463885854324703,5.824
train,pretrain,0bRocfcPhHU,00007,0,pretrain,ORBf73HiJns,00035,1.6592853224782154,5.248
train,pretrain,6xsvGYIxJok,00014,0,pretrain,0FkuRwU8HFc,00004,-5.88202000954624,4.48
train,pretrain,dY7iATJVCso,00031,0,pretrain,rAA8mMQi0is,00024,8.938010184292544,4.8
train,pretrain,rAA8mMQi0is,00003,0,pretrain,JC7WnzM2Lsc,00017,-6.880880283587758,4.608
train,trainval,Oa82WNk0mis,50001,0,pretrain,iZRGUADAu2Q,00022,9.385746535415393,4.16
train,pretrain,cWCSzDdF74s,00004,0,pretrain,oxpJGynSHJU,00024,3.379750503235483,5.824
train,pretrain,tZYkjaKNrSo,00006,0,trainval,LLmhQmicusM,50014,4.115217820506604,5.696
train,pretrain,8rZzHkpyPkc,00028,0,trainval,xTMZJvfzxGY,50018,8.989275384578882,4.416
train,pretrain,NRcPXtqdKjE,00041,0,trainval,SJyE40koQyA,50012,-5.490909391722447,2.176
train,pretrain,VJRBx0JjMSM,00008,0,pretrain,o8NPllzkFhE,00017,6.132624058523874,7.68
train,pretrain,6Co3dn0nSTk,00001,0,pretrain,ZuCtZJGcEMU,00019,-6.3426308947572,13.504
train,pretrain,5J6jAC6XxAI,00033,0,pretrain,5MgBikgcWnY,00011,-0.3616104835715461,9.216
train,pretrain,qGSYmIPFO68,00032,0,trainval,zuLOT6GsAxw,50014,5.968939395368158,4.096
train,pretrain,uWfLwKHSEko,00036,0,pretrain,y7A4dZIyI0g,00013,-9.676831554535374,6.336
train,pretrain,4Rtfi4MSafA,00025,0,pretrain,5pXelS1clHs,00032,-9.655334802176913,4.16
train,pretrain,uM1Ygy0tSp0,00004,0,pretrain,bXRCVHVstEY,00030,-5.624502742807103,5.44
train,pretrain,ALTvG9MIR64,00004,0,pretrain,DokhOtMp75A,00008,-9.460666093241663,6.72
train,pretrain,n3qA8DNc2Ss,00039,0,pretrain,zK8mdS7LJQQ,00002,-8.064383128231963,9.664
train,pretrain,KVjkFqS7Y6A,00036,0,pretrain,SS6ZojCzNGY,00010,-5.821669437167982,5.696
train,pretrain,AP8i435ztwE,00015,0,pretrain,UDXtFbSmBAg,00005,5.023611888340865,4.096
train,pretrain,5pXelS1clHs,00034,0,trainval,z9CabT4Kcz8,50005,-3.892814485230584,5.76
train,pretrain,KQEWc3LVfyc,00031,0,pretrain,E3SSSS5SFHQ,00008,0.06396541184843407,4.992
train,pretrain,wxCtIdI3xL0,00001,0,pretrain,mozxTk3Brqw,00008,-6.986494015986084,7.232
train,pretrain,HS8y0WLm78U,00087,0,pretrain,89Dhye1lgik,00004,1.0287673046781762,3.072
train,trainval,EijI8QaExDg,50005,0,pretrain,DGvPfD1Dd1U,00034,-0.4822559852379982,2.624
train,pretrain,w96osGZaS74,00022,0,trainval,ElJxUVJ8blw,50009,-7.63603576244601,3.008
train,pretrain,IRVdiHu1VCc,00026,0,pretrain,ab0PKt50RGs,00005,2.670902463484957,11.648
train,pretrain,zeSVMG4GkeQ,00033,0,pretrain,ue2ZEmTJSXo,00006,7.958154717227931,5.824
train,trainval,gSHbRSAcN6Q,50001,0,pretrain,mulbSSAULSo,00001,2.251761198101489,3.648
train,pretrain,wvCMZBA7RiA,00039,0,pretrain,xAgawjzimjc,00017,-5.411621817439163,15.616
train,pretrain,JSI2eScPkEw,00002,0,pretrain,apbSsILLh28,00059,-4.505018677341004,4.48
train,pretrain,DZfOvYiQtow,00022,0,pretrain,qvEU36woPB8,00014,4.176489457229158,15.616
train,pretrain,kFMZrEABdw4,00034,0,pretrain,lXNE4MD2X2w,00006,-9.614446122120114,7.424
train,pretrain,sHdYaMyR5S8,00035,0,trainval,BSiNIZ6zZqY,50002,-8.065557937875454,3.776
train,trainval,eNDhBSR1DZ0,50013,0,trainval,oDdcx5luv5s,50001,9.938628715960398,3.264
train,pretrain,N1R84S5DYEA,00012,0,pretrain,b6uOb1fm5bg,00001,0.4930665179848823,7.68
train,pretrain,a9SWyvRyLQU,00001,0,pretrain,BJsrYqPtXFM,00021,-5.607107493213956,7.04
train,pretrain,DJGreSgaOTc,00003,0,pretrain,d5zjjJYqixo,00001,1.9757880037681463,5.568
train,pretrain,ErexJkoDhGI,00038,0,pretrain,lACQknq4sFI,00008,-9.52690091184283,5.568
train,pretrain,7n9IOH0NvyY,00036,0,trainval,twG4mr6Jov0,50003,6.120578838834582,2.88
train,pretrain,3B24RaqA33k,00041,0,pretrain,8LQhhYgjlJ0,00013,3.4729307240422926,6.016
train,pretrain,czWSxBvDtHY,00002,0,pretrain,Zp0pEmSkXiM,00003,-7.041138744102941,10.368
train,pretrain,aSJn0xD0TXs,00005,0,pretrain,3m6dV7Xo3Vc,00005,1.2171591232661925,5.504
train,pretrain,vIgWMzdgweI,00002,0,pretrain,5MgBikgcWnY,00024,1.9422072679789064,3.904
train,pretrain,okQXrB7ySAw,00033,0,pretrain,vSONFixSe4k,00005,-3.295013731748277,6.72
train,pretrain,H2rG4Dg6xyI,00035,0,pretrain,cnDEVgxD6QQ,00032,-7.939110684541186,5.696
train,pretrain,Wgt8QUHQjw8,00028,0,pretrain,dsOSb0SrS5Y,00008,1.251648116471749,10.688
train,pretrain,0iTehgSOZ8A,00017,0,pretrain,BUhksjVTbEk,00012,-2.4970171877466196,2.816
train,pretrain,Qj4xf3U8dh8,00026,0,pretrain,Sf994ANuGIY,00044,-7.568211709377608,4.16
train,pretrain,SGMVTJ9ZKVc,00012,0,trainval,VjQ3ufqnfSM,50002,0.3360810229174138,3.52
train,pretrain,qH66lTtW4Hg,00013,0,pretrain,KiPcxhJtuPQ,00054,-1.9388814141473993,8.704
train,pretrain,HjSGqwAFRcc,00004,0,pretrain,5LrThfSBeq0,00028,6.702166400309473,6.208
train,pretrain,qty0NjF3pdQ,00019,0,pretrain,4cJ08wOqloc,00001,1.660026137818173,5.056
train,pretrain,L8YJtvHGeUU,00003,0,pretrain,hFgPtuzgw4o,00015,-3.9081904742969638,3.648
train,trainval,HYzrdn7YLCM,50007,0,pretrain,vvlozhvQPJw,00018,1.9155680869285199,5.76
train,pretrain,OXQwtTOnLvg,00014,0,trainval,by3NnWvSCj8,50001,2.3935728452718585,2.176
train,pretrain,lkVYV2P8dQE,00019,0,pretrain,zSqYtUeKUl4,00028,4.430131411218703,4.096
train,trainval,xbagFzcyNiM,50018,0,pretrain,hfDkDzZ9GsU,00027,1.9234586685192312,2.048
train,pretrain,PgCmT0qkfQM,00016,0,pretrain,zqnZCSVsqPw,00016,-5.419625848387762,6.464
train,pretrain,KCL8NjN7FMQ,00064,0,pretrain,gw2Mn3Bh1t8,00018,5.623141651102554,6.976
train,pretrain,koOpvazE9VQ,00011,0,pretrain,6Af5tJzSR2w,00023,-6.433118932948281,6.208
train,trainval,y2X7c9TUQJ8,50010,0,pretrain,3DsHHfu4Sco,00002,5.906553935069246,5.376
train,pretrain,GzzHawjP648,00010,0,pretrain,GhpFTQfiqCs,00016,-9.615576482287675,4.416
train,pretrain,CFADnhYKDHg,00004,0,trainval,BMOjVYgYaG8,50005,-8.994369244444334,2.56
train,pretrain,syjEN3peCJw,00016,0,pretrain,0ygtX2nyexo,00030,3.0769157234948743,6.976
train,pretrain,HtSRNn0kSSw,00001,0,pretrain,4B2qC7PIHxs,00019,4.692266911264758,7.808
train,trainval,NhYnouvrGS8,50025,0,pretrain,gmjSazFbpkA,00058,4.916640833025808,3.648
train,pretrain,4ShLkgv6LSk,00022,0,trainval,p49rv25dx0g,50020,-8.350585359178027,4.928
train,pretrain,gzcwS02ZB1o,00019,0,pretrain,x4lASM3zbdU,00016,1.9861044254445677,8.064
train,pretrain,Ym6VkhUn0ec,00002,0,trainval,sYUjyH8Y0No,50019,-0.04085879349557331,2.816
train,pretrain,IJmr7MsS8fw,00007,0,pretrain,d6PS4p3IXLQ,00015,4.676598341536275,13.568
train,trainval,WIebxoTx408,50010,0,trainval,fnS9f5x0f1Q,50016,1.371855661845613,2.176
train,pretrain,dsOSb0SrS5Y,00023,0,pretrain,zWxFhFZJDks,00019,2.092311123210493,6.656
train,pretrain,CzgS9C7gw0o,00034,0,pretrain,wYCSHKl4RPU,00013,7.190543612888046,3.776
train,pretrain,Va07q3HFEZQ,00016,0,pretrain,9KACXVScWS4,00039,-0.9982657999829154,7.36
train,pretrain,wDxjss7kHRw,00001,0,pretrain,sFIDCtRXSSo,00024,-9.256916243025346,11.712
train,pretrain,y7A4dZIyI0g,00034,0,pretrain,XYEChpVS04s,00001,-3.154304529146808,6.976
train,pretrain,SxPeQda00Co,00008,0,pretrain,SryJK294Psw,00010,-0.7161272143513546,6.528
train,pretrain,qqNLSZ6SSSc,00012,0,pretrain,7ZoOyNTyjQE,00013,-6.522836910592238,4.864
train,pretrain,sIPvnWZ5O6Q,00015,0,pretrain,Wh9O3SciOYs,00011,-1.4891089096105823,10.624
train,trainval,4ZgwzSm7sRs,50047,0,pretrain,m4GQk4ufRKs,00003,6.038787203543137,2.432
train,pretrain,xqPJKtFI42U,00006,0,pretrain,qGSYmIPFO68,00047,-2.5802603387831073,5.568
train,trainval,V1qHNrQQHZI,50005,0,pretrain,cmlRinjYKfM,00010,0.2688582092459857,5.056
train,pretrain,wyhF7q3Sbpk,00027,0,pretrain,O2OQxHNVLNY,00003,-4.826904113489217,4.48
train,pretrain,gXlIASSrI4E,00001,0,pretrain,btItLAjT5zg,00006,-6.759531979303346,10.368
train,pretrain,sWnAtLt8kSs,00028,0,pretrain,z4kwU6z6ORg,00012,-1.2482274569896727,5.12
train,pretrain,LzMJCFSAtf4,00004,0,pretrain,b4UFlldZuKk,00001,9.53259977815377,7.168
train,pretrain,VvQSG24Zwek,00002,0,pretrain,AAxJL17gZhk,00003,-1.9277516944148267,10.688
train,trainval,Wtp7R97jz5k,50001,0,pretrain,9vpqilhW9uI,00008,2.942015601778781,6.208
train,pretrain,SzFHlwInGwI,00012,0,pretrain,VFaQtPw3Va4,00015,-3.719007838113475,6.848
train,pretrain,PL9wP3pAl7A,00027,0,pretrain,AAxJL17gZhk,00003,7.743931964916911,4.608
train,pretrain,0ITHlySbhJE,00023,0,pretrain,60OVlfAUPJg,00001,3.271999847741185,7.424
train,pretrain,nn5k4snG3rA,00027,0,pretrain,DOYASAY7dO4,00018,-3.8496256772059834,3.584
train,pretrain,DqsvwHG9cSM,00015,0,pretrain,Rz8m1yDE0ms,00010,-2.569807656236554,5.44
train,trainval,SdBPkbi4SR8,50014,0,pretrain,1OQkdRdfyjI,00001,6.619218969121118,3.52
train,pretrain,kDXJhxLzmBQ,00008,0,pretrain,GggL8lStP9I,00014,-0.6306776145152888,6.848
train,pretrain,5J6jAC6XxAI,00016,0,pretrain,56WGgJNBRxQ,00029,-7.809355685166155,6.016
train,trainval,bVV2Zk88beY,50008,0,pretrain,vUQLN4o63SY,00009,-3.4542336413467423,6.208
train,pretrain,JSswZaKN2Ic,00018,0,pretrain,eYLb7WUtYt8,00012,-8.084348457201529,7.68
train,trainval,vvhiNSqq6oo,50005,0,trainval,tHSTfiMtSDE,50010,-8.670547201231171,3.2
train,pretrain,dsfROmgVN5U,00035,0,pretrain,k0GQSJrpVhM,00015,5.019410570131697,5.504
train,pretrain,0SUTgoPUTLQ,00029,0,pretrain,CE3tL9MMk3U,00008,-5.543684015059618,11.008
train,pretrain,uWfLwKHSEko,00058,0,pretrain,ASY5DjSZUDE,00002,-1.3911690702009096,4.864
train,pretrain,NRcPXtqdKjE,00039,0,trainval,xuAAPsiD768,50007,5.085247580322537,2.24
train,pretrain,7sqeoYOQ4qg,00048,0,pretrain,Y7QaqazOvSA,00007,9.530058038592507,5.056
train,pretrain,xcR1SWhjZys,00006,0,pretrain,Phf66nAoMIk,00001,1.6029889896736123,11.648
train,pretrain,PCupHgKGCcY,00001,0,pretrain,Y7QaqazOvSA,00006,7.250265884783197,7.04
train,trainval,UJ7QaCFbizo,50005,0,pretrain,kFX2LrNE3VI,00001,0.02725776450945716,6.08
train,pretrain,kFMZrEABdw4,00026,0,pretrain,WzDygsn0Djs,00026,5.916021288612168,4.288
train,trainval,BgbD67U0BAQ,50003,0,pretrain,5TKRSIKtaCg,00013,4.596129709042117,6.016
train,pretrain,QISHX5UKky0,00012,0,pretrain,gXvblfSgwg4,00005,-1.8780810401640942,5.44
train,pretrain,u70RZtCJSrI,00005,0,pretrain,AOEQ9GteWbg,00034,1.211658696988458,8.256
train,pretrain,J45cWdDEbm0,00005,0,pretrain,rSxVSM0KPo0,00011,6.513689172209073,5.056
train,pretrain,nFQU5a5SByg,00022,0,pretrain,buRLc2eWGPQ,00017,1.8699014302097652,3.648
train,pretrain,3rbVQNTzCh8,00003,0,pretrain,bZsn1SDARRs,00020,4.246849863396342,8.256
train,pretrain,bhgonb4EqXI,00001,0,pretrain,S6pLPVfKFoQ,00001,9.024297444486447,4.16
train,pretrain,HCJRXoYOoaI,00023,0,pretrain,ZX8MBBohX3s,00001,0.3027425336671321,3.136
train,pretrain,BPMrcY9z0nM,00014,0,pretrain,UROCz70tlMY,00015,-8.16327897647702,11.072
train,pretrain,HFFBkbsSFY0,00029,0,pretrain,1COwySxiwSg,00008,-7.861708720981586,6.592
train,trainval,sLiM2SizFl4,50009,0,pretrain,iARReKKgETs,00016,-2.8774554645744495,4.352
train,pretrain,AoAbPIbGLUo,00041,0,trainval,moS9iMlmsP0,50001,-4.09046189675778,2.56
train,pretrain,CGksAjzI0go,00017,0,pretrain,S6cX2p5cBVg,00020,2.5721375739352403,5.248
train,pretrain,yRUCU5FsvTY,00007,0,pretrain,Z6T37m4r3yo,00017,-2.0400188203614533,13.44
train,pretrain,RtRufOPFug0,00014,0,pretrain,SQe8cR4Jl10,00005,-1.1599905121093599,6.336
train,pretrain,lXNE4MD2X2w,00029,0,trainval,WIebxoTx408,50009,-0.31900275738037465,2.56
train,pretrain,mSQmfZOVNPw,00014,0,pretrain,1sE96vd8W40,00028,-9.441240243502877,7.744
train,pretrain,jAGgKE82034,00012,0,pretrain,a6Qvzp516gY,00001,-3.94304761477869,11.2
train,pretrain,kiUnJ1d8vvw,00005,0,pretrain,NyQ1wLFj0f8,00001,7.558580118893985,9.792
train,pretrain,0bRocfcPhHU,00008,0,pretrain,X6Zo53M0lcY,00008,6.689430178281835,3.904
train,trainval,PgCmT0qkfQM,50011,0,pretrain,XDBWEKBq0Sw,00032,-0.35126913609008703,3.136
train,pretrain,NRXCxJGQ4KY,00017,0,pretrain,tic7X3ET4gE,00018,-8.491231697706475,19.008
train,pretrain,dskNubEgzCk,00027,0,pretrain,gSUvy6pvLA4,00029,6.177273005495611,3.2
train,pretrain,py1RrSdVt5A,00028,0,pretrain,ol1b5mMeP7s,00018,-6.485542699642659,3.712
train,pretrain,uH0aihGWB8U,00008,0,pretrain,RkTE1LZStLk,00008,0.16789208390844124,7.424
train,pretrain,RvpXNXXP5Vc,00013,0,pretrain,y7A4dZIyI0g,00036,7.945633331406622,5.376
train,pretrain,VlC93dig40E,00023,0,trainval,kYXiegTXsEs,50009,7.51707305882195,3.136
train,pretrain,gVLu99Ja2mA,00007,0,pretrain,PB7xs7UpIfY,00004,5.697304039954476,8.64
train,pretrain,D4cV8yfgNyI,00016,0,trainval,QoRZNSVpt3Q,50006,6.979180072754922,3.456
train,pretrain,j7c9b9A2AHc,00048,0,trainval,ZCS0MZuVBwE,50007,9.374237204864425,6.144
train,pretrain,xuAAPsiD768,00039,0,pretrain,vFPkEIGUofc,00018,1.4708606843236147,6.08
train,pretrain,GjijgEch52Y,00011,0,trainval,vo2cse4CoGM,50018,7.48533927273116,4.416
train,pretrain,GlUS6KE67Vs,00019,0,pretrain,vPhM8lxibSU,00035,2.5971131986971763,4.736
train,pretrain,HaHeAdJNa70,00016,0,pretrain,JzLiCBCbAMY,00013,2.707319638275955,9.984
train,pretrain,EmuzDrI7TM0,00007,0,pretrain,QJ28IC63hlI,00015,4.157829917335258,9.664
train,pretrain,PCWIGN3181U,00009,0,pretrain,y9ALB39wRKo,00028,-2.9643643554493977,6.592
train,pretrain,fSOupkS4VVo,00014,0,pretrain,FIrgjCNcDBI,00003,6.810084886675572,14.72
train,pretrain,Kn5JRgz3W0o,00024,0,pretrain,eR22lqzdIHU,00002,-6.506004891437636,4.48
train,pretrain,4sg9TlsMRVA,00005,0,pretrain,UpkAqPEcMyE,00011,-7.567817822135632,31.744
train,pretrain,dTwXeZ4GkzI,00033,0,pretrain,GbYc9BOU30o,00019,-2.823356253236719,6.4
train,pretrain,xLuMcYn8Yk0,00012,0,trainval,jKAehegqTvg,50007,9.825911238206999,3.776
train,pretrain,rokPqHc9iD0,00026,0,pretrain,IDSSieLCmS4,00036,-2.721740158473242,8.512
train,pretrain,1NG7FoC5XRo,00026,0,pretrain,CdxVbUjaSpY,00018,6.693411510708724,4.288
train,pretrain,USmTQeKRaP4,00009,0,trainval,SU1foLW8h54,50022,-6.252829090038093,6.08
train,pretrain,fv8KpQY0m6o,00012,0,pretrain,ttRhMPgpoOQ,00030,5.462844353528531,15.936
train,pretrain,nzj7Wg4DAbs,00039,0,pretrain,lDq9SQxvsNU,00031,-5.427396083155703,8.384
train,pretrain,iAZwvTV3CyQ,00030,0,pretrain,BJsrYqPtXFM,00035,-0.8215972962599327,4.096
train,trainval,x8jdxSlf2Dw,50018,0,pretrain,ASOvJjAw2Jo,00006,-2.4482588117913995,5.696
train,pretrain,PYjWLqEScfE,00024,0,pretrain,85hbMtegrLc,00003,3.89792145593473,12.864
train,pretrain,STdSfeMDeI4,00001,0,pretrain,im03Zni5BJw,00002,9.986073751870354,7.168
train,trainval,wn8S33NBB04,50021,0,pretrain,p2MEGk5q1WI,00027,8.080808973120295,3.392
train,pretrain,yyW9W3e9VD0,00010,0,pretrain,4KhnSz9FPmU,00011,5.214190902323184,11.264
train,pretrain,x4ESCiSBgdY,00015,0,pretrain,zIwLWfaAgS8,00085,6.2673804015516446,5.632
train,pretrain,atKSMfx4E3I,00015,0,pretrain,7H0USvVSfhU,00042,-9.890709732674326,10.048
train,pretrain,vSONFixSe4k,00034,0,pretrain,7VRzn8hc5mc,00001,-2.8923166577322785,3.52
train,pretrain,3Z6x5t5A9so,00021,0,pretrain,3KmaFiKvGSM,00013,-7.78867115193453,9.6
train,pretrain,DqsvwHG9cSM,00007,0,pretrain,VGpZ06RlVfI,00028,4.5625817881872806,10.048
train,pretrain,ttRhMPgpoOQ,00034,0,pretrain,4ef6KJ7vfIw,00017,-6.18684480603966,4.928
train,pretrain,LTtTfCwkIW0,00011,0,pretrain,7npLVcymHGc,00035,-1.1145386998192812,4.096
train,trainval,bvAEJ8G9l9U,50012,0,pretrain,tqf607N19Is,00010,5.6519841962067865,2.304
train,pretrain,48oiapTn3K0,00007,0,trainval,zIwLWfaAgS8,50019,-3.8500314849933615,2.048
train,pretrain,6xsvGYIxJok,00007,0,pretrain,ky6KSWsx5RE,00011,5.020271458397543,5.056
train,pretrain,BltRufe5kkI,00001,0,pretrain,3U6tEcIIAIc,00001,-6.346813217591425,10.24
train,pretrain,wNokfBHccVI,00032,0,pretrain,ktOeFgmdIAo,00004,9.819789338594937,4.736
train,pretrain,34a7UEzZdsA,00024,0,pretrain,esPRsTSlmw8,00046,-0.9517898444975526,13.184
train,pretrain,gXvblfSgwg4,00036,0,trainval,kTqgiF4HmgQ,50001,-1.024825535995502,3.968
train,pretrain,St7SxHszKws,00012,0,pretrain,jSdBXFkQ3S8,00022,0.01737390408820083,7.68
train,pretrain,Gv7Y0W0xmYQ,00001,0,pretrain,6Eu964BbJO4,00028,9.48435413725715,4.544
train,pretrain,8rZzHkpyPkc,00015,0,pretrain,BsVzjd5HS9Y,00015,1.6522186034888762,5.12
train,pretrain,HlnhCdujYco,00005,0,trainval,KOtFDsC8JC0,50015,-7.512420201581302,4.16
train,pretrain,UTwRlz13NYI,00016,0,pretrain,EhM56Fk2aFk,00036,-7.418648673450838,9.216
train,pretrain,hsSYuHv0vUk,00016,0,trainval,PJUIXSpLoVk,50006,1.4621704984566826,6.144
train,pretrain,u1SdYypojbE,00013,0,trainval,9YR8jNtV4BE,50004,0.9032651625352806,6.08
train,pretrain,23FRUuLcQ6A,00018,0,pretrain,CsECS5qsGLs,00006,-0.5739737456794654,14.4
train,trainval,J6uL4vDAU3s,50002,0,pretrain,WNDWYW4yWEM,00030,6.866306083144533,6.144
train,pretrain,KPzccnstSXg,00020,0,pretrain,iU1bhHeCkoU,00028,-6.929451904442711,4.608
train,pretrain,4wOxJOPnSUg,00051,0,pretrain,rThUrXYaneo,00013,-9.465809203002092,3.584
train,pretrain,NRO0SJXuFMY,00008,0,pretrain,yq3TQoMjXTw,00042,5.85413423789908,8.0
train,pretrain,LzMJCFSAtf4,00004,0,pretrain,zHuH8PSVqc0,00008,-7.348372810222514,8.448
train,pretrain,bSZh8qdKaBc,00021,0,pretrain,GgBpyNsSSjU,00018,2.081451483340686,6.336
train,pretrain,ZZodGSsPrRE,00011,0,pretrain,vbKKoniUxMk,00027,5.115821565447288,6.4
train,trainval,7Z9xCX4ifJo,50013,0,pretrain,HJqtUUDhaxA,00013,-3.4551174209102786,4.16
train,pretrain,bpi6us7wQfE,00040,0,pretrain,iARReKKgETs,00004,5.765668756589175,4.416
train,pretrain,dskNubEgzCk,00010,0,pretrain,EZSf3Fc0ZRA,00035,5.150864843578031,4.608
train,pretrain,J6tgYBMXR6s,00007,0,trainval,Sv36Vt9GmH8,50001,-6.215826317782542,3.52
train,pretrain,ts9JpM0gHMU,00046,0,trainval,NRcPXtqdKjE,50001,4.745438692460553,3.2
train,pretrain,AhUhpfKeLus,00007,0,pretrain,iFTWM7HV2UI,00012,1.1851914819504614,4.416
train,pretrain,2zvjW9arAZ0,00069,0,pretrain,FzAyOddR5u4,00027,-7.275473574086995,4.48
train,pretrain,KI3WJXNhCJ8,00010,0,pretrain,NP8xt8o4S5Q,00014,-6.6165863911717775,3.2
train,pretrain,JRHzQG0aI8w,00028,0,pretrain,uM1Ygy0tSp0,00011,4.7369188287829616,4.8
train,trainval,XUW5pfux2IA,50002,0,pretrain,y7S4yQRCYHE,00006,-3.8399562642045098,5.888
train,pretrain,j12BBcKSgEQ,00001,0,pretrain,NgVwPj54TEo,00018,1.3294245378161946,4.992
train,pretrain,vzKA1y3cdYI,00019,0,pretrain,BA8XOF6IpXA,00038,4.822664268429467,5.12
train,trainval,iPrDiPDTzYk,50004,0,pretrain,P5Mpo4JQZhw,00007,9.536531374804582,4.608
train,pretrain,trxGZMm4nBQ,00030,0,pretrain,esugL07XANg,00061,-7.839820753858124,8.512
train,trainval,34a7UEzZdsA,50002,0,pretrain,lfBpsV1Hwqs,00027,8.538858337980312,3.136
train,pretrain,5Jqk1rkuUwU,00031,0,pretrain,v84pD2g3gSk,00020,4.109381411754903,6.784
train,pretrain,HsSvPqfsO0Q,00001,0,trainval,DZfOvYiQtow,50009,5.740008443921916,2.432
train,pretrain,9IgOVOPLTYI,00019,0,pretrain,gCWeVYCcKXw,00047,-4.176338383230538,4.416
train,pretrain,QAd54DkXCr4,00015,0,pretrain,XAvE61JqkQs,00013,3.1918352136205623,3.456
train,pretrain,HpiZTvlWx2g,00017,0,pretrain,WNTk29zXl4A,00008,-4.630912439780581,10.752
train,pretrain,vzi4AopBEBg,00012,0,pretrain,Y5M7e0PWFtk,00004,-5.983172175772018,11.392
train,pretrain,bk65ivyQZy8,00004,0,pretrain,YAV96XSdMQo,00008,-8.560786294180463,13.312
train,pretrain,iISw251TIgw,00024,0,pretrain,rEgSZNB3qyI,00020,-4.957167300818577,4.416
train,trainval,VC3H1lMEeS4,50012,0,pretrain,bzj1BTdfoeI,00005,8.424040270904818,5.888
train,pretrain,b28brIs1OmM,00014,0,pretrain,qm0isl11BfY,00005,-6.461576074361308,15.424
train,pretrain,FMD2cMjrMDM,00003,0,pretrain,7ZWTG0SeCEg,00005,-8.019715182852218,5.888
train,pretrain,ynSrWmoq7Is,00007,0,trainval,oPBC15XYl3Q,50001,2.3204098178168326,3.328
train,pretrain,3NdSVi38RM8,00025,0,pretrain,qErZ2AQDMB4,00021,-3.3677056186223524,6.336
train,pretrain,Sf994ANuGIY,00003,0,pretrain,iq5lXSj6Prg,00025,8.703488446979023,7.616
train,pretrain,IJmr7MsS8fw,00005,0,pretrain,es4w3WUcrN0,00007,1.9460105338770681,6.464
train,pretrain,aUBawr1hUwo,00033,0,pretrain,j7RsRnYlz7I,00020,-7.825493976689399,3.84
train,pretrain,hrpwRdijvCM,00004,0,pretrain,cSsxBTNF2U8,00057,3.1335887325155944,6.208
train,trainval,asgdGSGQBgY,50004,0,trainval,ncwpzEoVZCk,50003,9.547266547210008,4.736
train,pretrain,2j00U6lUCSc,00013,0,pretrain,OIpgrZ8ySSQ,00016,0.10635211834760305,4.8
train,pretrain,9RTkZaX1cH0,00015,0,trainval,P2y3Uspr8Bg,50002,-9.91671170094631,6.144
train,pretrain,yJJtRWFLSgw,00058,0,pretrain,6VWPHKABRQA,00014,0.3959237725192306,5.12
train,pretrain,k5hspA18IU0,00038,0,pretrain,bxkslfQc0EA,00042,-9.624344040336359,5.248
train,pretrain,IxjwJ0Y1bxE,00011,0,pretrain,tpH2fhwCzSM,00012,8.014903734500031,5.184
train,pretrain,ttRhMPgpoOQ,00024,0,pretrain,aR5N2Jl8k14,00002,-3.211508933352267,4.8
train,pretrain,MoSmgcxGYYE,00087,0,pretrain,ywgdCrcx6oM,00017,6.170429959188887,3.776
train,pretrain,AQa3kUJPEko,00020,0,pretrain,YraU52j3y8s,00027,-1.5244216299914584,6.592
train,pretrain,eJnlgDUcxOQ,00019,0,pretrain,csnxJFQw98k,00009,-2.9123202370756562,4.672
train,trainval,Mgbf3cq7lms,50050,0,trainval,aqhzFd4NUPI,50065,-0.11100767113955712,2.88
train,pretrain,FfwFUjVEIl4,00001,0,pretrain,ioMpOr7Yx98,00043,-4.941644874463844,13.952
train,pretrain,8rzlrItooG4,00006,0,pretrain,b64qvG2Jgro,00010,-6.371539655856333,10.368
train,pretrain,xyIQFI865Sw,00019,0,pretrain,QBDShp6U7tU,00030,1.3316978704908937,6.656
train,pretrain,eNC1h5H5cJA,00013,0,pretrain,tSSNoFstCmQ,00031,6.665038760605849,9.472
train,pretrain,rQSSSLRpsVs,00015,0,pretrain,5vXRgT6egSU,00008,-1.8093412548048793,7.488
train,pretrain,QBDShp6U7tU,00017,0,trainval,AGivotqSrd0,50013,2.008507965690722,3.712
train,pretrain,k9fmJ5xQSmc,00008,0,pretrain,fw01Sq0cxM8,00007,-4.43469868787278,4.352
train,pretrain,iE9HMudybyc,00007,0,pretrain,19KkFCQz8WQ,00024,-9.605614221301746,5.888
train,pretrain,NVPxmzSPvUw,00048,0,pretrain,gh5VhaicC6g,00021,-7.449206207030803,2.944
train,pretrain,jk6Y3f2c4SI,00029,0,pretrain,zIwLWfaAgS8,00049,2.979497810797543,6.016
train,pretrain,6qqqVwM6bMM,00007,0,pretrain,150cqgYh8sQ,00025,5.706054055427847,13.184
train,pretrain,k5tCYg9s0HU,00028,0,pretrain,C44r6knuJtU,00012,7.813474935735162,7.168
train,pretrain,H03o2WCBoDU,00028,0,trainval,adijpJHdWIU,50001,3.1813678311870053,2.048
train,pretrain,5pW2b1vwwf4,00011,0,pretrain,RxyQNEVOElU,00041,1.6051147463075957,4.672
train,pretrain,xyIQFI865Sw,00021,0,trainval,xjuY3lUfkK8,50003,-5.870573193088591,3.904
train,trainval,501FEzbB1JI,50013,0,pretrain,97rrxS1yBU0,00012,7.716291508001476,5.248
train,trainval,OLHh9E5ilZ4,50004,0,pretrain,J6JrHteOsII,00006,-9.044333418674459,3.584
train,pretrain,O6GimGZz6a8,00023,0,trainval,sLFqwXqe4Yk,50001,2.9527509394511924,3.456
train,trainval,cnQFvrWDYsU,50002,0,pretrain,oGlsUYGMYks,00004,-3.816497871104552,3.584
train,pretrain,GIt6Z0k3PQo,00013,0,pretrain,WtLMST8TyeY,00029,2.3026502756458616,5.248
train,trainval,GDnYDLERnRE,50053,0,pretrain,eg66CMRpKCw,00004,4.4539500726313985,3.52
train,pretrain,7npLVcymHGc,00038,0,pretrain,0qYTf9evWeY,00029,-5.813062615857392,11.072
train,pretrain,tMSU6k5SWXg,00011,0,pretrain,EHTmxmuhZ10,00042,1.0652175955356178,10.752
train,pretrain,6gSwRHScq6M,00014,0,pretrain,y2yka9lyvMA,00019,7.925090484261016,4.736
train,trainval,LH8MPbFoRjw,50010,0,pretrain,Sm5xFSUYgdg,00006,-0.927575849792186,2.24
train,pretrain,Rpsf1YJsbbI,00030,0,pretrain,6xy5pWOgeBY,00015,-5.714747690978883,5.12
train,pretrain,fmS0sTNcDIo,00010,0,pretrain,trxGZMm4nBQ,00036,-9.10844524922281,4.096
train,pretrain,FzApYQDIXlg,00028,0,pretrain,HonUUtuCSwM,00021,-1.4211604483270985,20.096
train,pretrain,yRUCU5FsvTY,00035,0,pretrain,65e2qScVSK8,00023,-7.447313769370001,4.288
train,pretrain,2zvjW9arAZ0,00076,0,pretrain,AAkEYcmCCCk,00009,-2.9061704143939915,4.48
train,trainval,GeDSgi0A7A8,50026,0,pretrain,FqSVvAxDBRY,00017,-4.389718300215697,5.952
train,pretrain,exjlR7izakg,00009,0,pretrain,l5d8GW6GdR0,00027,-5.534999624094494,7.04
train,pretrain,ZuCtZJGcEMU,00006,0,pretrain,S3SnIMZ43EQ,00021,-8.240881908474067,9.664
train,pretrain,2cYDyMnL4M8,00038,0,pretrain,xRdZXhyrO6c,00017,0.9543208038187281,5.248
train,pretrain,zIwLWfaAgS8,00106,0,pretrain,yXTtHmj1sr0,00018,0.12449743413834646,9.088
train,trainval,ZSRaJIMYSMs,50026,0,trainval,RsiLLNziScM,50002,1.0996264089879926,4.032
train,pretrain,7Mqse6SLOds,00003,0,pretrain,IgKWPdJWuBQ,00027,2.1181046859836616,3.648
train,pretrain,pOWgXxoSTNM,00002,0,pretrain,b6rAgHcuYtE,00028,9.311525692338744,9.92
train,pretrain,pxzUDc1Zs4E,00020,0,pretrain,ts5MKtXNpMQ,00031,-4.374378492788202,13.568
train,pretrain,5d4ZEgZU9Aw,00017,0,pretrain,v7UKkzIaSsQ,00027,-0.7053860274207064,4.672
train,pretrain,p9UC0chfXcg,00050,0,pretrain,wHH6C2BSC1E,00006,-9.22521077620815,3.84
train,pretrain,yqWJuDBSWm4,00016,0,pretrain,78nsxRxbf4w,00014,0.20606799528265185,7.808
train,pretrain,U9BzgnX3z6Q,00025,0,pretrain,snkrS1C2e7U,00010,-4.201962122936111,10.56
train,pretrain,KIMWfSe7ZJI,00022,0,pretrain,MJKSdMlATmM,00014,-4.090829776193534,6.208
train,pretrain,tBbyP0P7BRg,00014,0,pretrain,qNvDRuGK84I,00006,-8.301414572452895,4.608
train,pretrain,01GWGmg5jn8,00005,0,pretrain,3OMgvtWNHp4,00013,-4.3736569951209265,3.008
train,pretrain,8oHvknJfklE,00012,0,trainval,AU66C6HePfg,50001,0.8260591749255362,5.824
train,pretrain,7jx0dTYUO5E,00037,0,pretrain,Mu00S1dAMl4,00004,7.615977525996044,4.352
train,pretrain,ndAHAjgquwk,00009,0,pretrain,ZpT0cw9bmiw,00012,4.800344287369263,4.16
train,pretrain,esugL07XANg,00034,0,pretrain,DUd8XAS5HEk,00060,-3.443575634171376,6.72
train,pretrain,LsESSyMnwmU,00039,0,trainval,Rpsf1YJsbbI,50020,-4.841816578521534,2.752
train,pretrain,9i7cGZadEV4,00015,0,pretrain,1Gtc0ounD5I,00014,7.029788196344608,6.144
train,pretrain,dySwrhMQdX4,00009,0,pretrain,w96osGZaS74,00002,-0.8700424327891589,5.696
train,pretrain,wgPLGS1BvQo,00003,0,pretrain,Ftow7dSpaiY,00009,5.357185504518469,11.456
train,trainval,7sqeoYOQ4qg,50009,0,pretrain,bpi6us7wQfE,00038,5.3921208973465795,3.52
train,trainval,O4bGOvkkHcM,50002,0,pretrain,l1SdDWg7XBk,00008,-3.6021787844550452,2.112
train,pretrain,mSvyBpWueu4,00031,0,pretrain,kYXiegTXsEs,00033,-9.63278310851107,5.248
train,pretrain,GFXHYtY9ag8,00005,0,trainval,3lxyiS3CGrk,50010,0.6703546457710239,5.696
train,pretrain,potB0voQzNg,00067,0,pretrain,Mh3SwYHdeVs,00005,9.610490111374968,8.0
train,trainval,ulLFP8axZVQ,50010,0,pretrain,rni41c9iq54,00004,-6.483539306984449,5.952
train,pretrain,sodSeJBf9Y0,00018,0,pretrain,hoF4FHCbHwU,00003,-9.857155842877628,3.648
train,pretrain,4mJ1aHFPS1M,00039,0,trainval,iwlSPe0FbSg,50007,-5.899724035717164,3.712
train,trainval,oIGBBPspTKM,50004,0,trainval,WpldYJ3sSIo,50005,-7.62403378449253,5.632
train,pretrain,1HIxnTruN78,00008,0,pretrain,hLltkCSG5dY,00011,7.411599196123479,3.648
train,pretrain,HCgvSHNoJrY,00001,0,trainval,IMTcuU0KLSw,50001,-6.667915823756701,2.688
train,trainval,3MYEtQ5Zdn8,50003,0,pretrain,ddek3gQVt9Y,00016,-3.4122111628048035,3.008
train,pretrain,pn8p3rOaA5I,00033,0,pretrain,vdDFLzyk94k,00022,5.871605546905824,3.136
train,pretrain,T33vGEPLSwg,00018,0,pretrain,w32u2NwCve0,00019,6.371380479720997,5.568
train,pretrain,mSvyBpWueu4,00031,0,pretrain,Dk37LhxjPEY,00017,-0.002673278273260138,5.248
train,pretrain,YyBk55G7Keo,00024,0,pretrain,WfjzkO6SDEI,00037,-4.558364632244758,3.776
train,pretrain,JGVU8n7jjHc,00009,0,pretrain,qQSPUXPVlos,00021,-1.395308071790378,7.168
train,pretrain,SDjLpMj3BDU,00043,0,pretrain,KVjkFqS7Y6A,00033,6.037728402791206,4.352
train,pretrain,KTTtn0iSZyA,00004,0,pretrain,WzDygsn0Djs,00002,-8.15513507691458,4.608
train,pretrain,Nhx1SyXMwCg,00036,0,pretrain,RrFSO62p0jk,00032,4.183377900177858,6.08
train,pretrain,lPtPG2lAmm4,00010,0,pretrain,SIKqVKyyW6w,00018,-7.272337808495902,9.856
train,pretrain,JDDGhGiaAZU,00004,0,pretrain,F8pUtbSgrxc,00030,0.4217992051841897,3.52
train,pretrain,SyIgLSfLCww,00006,0,pretrain,ufp5iGh0agA,00019,-9.518994131656095,12.864
train,pretrain,MiOVX7qKQ24,00008,0,pretrain,T7ibjISKSdY,00040,4.878927570896444,4.48
train,pretrain,9YGZkgkj3fM,00020,0,pretrain,9aC7bUTBKv0,00006,-8.99895746003458,27.648
train,pretrain,y1yK36RMyRE,00024,0,pretrain,mvC3Qafe5Ms,00008,6.184508049190139,9.216
train,pretrain,gWPFJgLAzu4,00016,0,pretrain,3WMuzhQXJoY,00008,-7.857999775452241,9.024
train,pretrain,5aLiFw8CSEA,00032,0,pretrain,4T9N3ZcRBSI,00002,4.117490709034282,3.328
train,pretrain,1mUDw0sRZV0,00004,0,trainval,QekbuidfQKo,50031,-0.8261162728469973,4.864
train,pretrain,BA8XOF6IpXA,00011,0,pretrain,WpldYJ3sSIo,00007,1.3480469351486022,6.4
train,trainval,MSLHHgSXloM,50020,0,pretrain,b3H9V1jq0A8,00013,5.3910118561454095,2.24
train,pretrain,PyXZvuxDkC4,00012,0,pretrain,UwtYQFSJSQc,00005,6.353996212525399,4.672
train,trainval,xY7kVVS2HVY,50032,0,pretrain,eG2X0WRrb88,00005,-6.6697486999129385,2.496
train,pretrain,EEWTNYovKfE,00004,0,pretrain,5QGApheKRc0,00031,0.27992541228710976,25.344
train,trainval,xfDUGqGPSfo,50003,0,pretrain,ZChEFOGSn8Q,00049,-3.9379025703528026,4.672
train,pretrain,q43uXdOKPD8,00004,0,pretrain,h4MhbkWJzKk,00014,-1.3678103958731818,4.16
train,pretrain,0qYTf9evWeY,00038,0,trainval,MZbhgk4S7dA,50003,2.3215721012841897,3.328
train,pretrain,eGoSdLNceEk,00004,0,pretrain,mjUsobGWhs8,00012,7.500037498117592,5.696
train,pretrain,nDIdnlJHJCQ,00015,0,pretrain,evfgbVjb688,00013,8.559934474088081,2.688
train,pretrain,DnJHaveemUk,00016,0,pretrain,nUdsTizSxSI,00030,0.20190769992284352,10.24
train,pretrain,GjYt5uQPu8o,00008,0,pretrain,ilMwoEdqMTs,00015,8.796331340995941,6.464
train,trainval,4Rtfi4MSafA,50002,0,trainval,cj5LZBmiQu4,50035,-7.157006637734769,4.16
train,pretrain,YyBk55G7Keo,00022,0,pretrain,fSOupkS4VVo,00006,6.414383924362539,6.08
train,pretrain,LLmhQmicusM,00031,0,pretrain,2i0dGoh3VUg,00018,-1.7348183571496616,13.76
train,trainval,2G8C36aKnpU,50001,0,trainval,VSUWNySSpLI,50007,-7.941636557681127,2.24
train,pretrain,HQzXqjT0w3k,00026,0,pretrain,ZuCtZJGcEMU,00024,-8.57684475764003,7.104
train,pretrain,3vJ4SUH38dQ,00010,0,pretrain,BWWPZlaq35U,00009,6.573901582368389,4.224
train,pretrain,d0LQCXCiW8g,00023,0,pretrain,qp0HIF3SfI4,00049,-0.7228115745353918,2.816
train,pretrain,btlF4ZSAoFc,00018,0,pretrain,pn8p3rOaA5I,00020,4.2864922372948815,3.52
train,pretrain,ZMGZQZRIsJE,00004,0,trainval,3NzgEwye6Uk,50014,-0.43331921646299243,6.208
train,pretrain,r92jUj7gNRw,00006,0,pretrain,y9wzaxSPtIo,00005,1.2838081071081717,5.44
train,trainval,1G8dQQrlbbA,50004,0,pretrain,DwYQHj7Hmik,00022,7.838935458136888,6.08
train,pretrain,dkLcwHmnPV4,00022,0,pretrain,CGksAjzI0go,00040,6.5167892517981585,10.496
train,pretrain,RsxlLsHtoBI,00033,0,trainval,2dRlssVF7fc,50004,2.582747034162802,5.568
train,trainval,7Xnty9zSCrA,50001,0,trainval,XzDNfLnUOYY,50007,6.023746154739452,2.048
train,pretrain,eNDhBSR1DZ0,00012,0,pretrain,Qlg6izBqKxM,00019,7.843867488038004,4.544
train,pretrain,n3qA8DNc2Ss,00022,0,pretrain,HaHeAdJNa70,00020,-5.251234806636433,4.224
train,pretrain,gLgNjywpKsY,00018,0,pretrain,gmjSazFbpkA,00022,3.4787462492211993,4.096
train,pretrain,hupHAPF1fHY,00015,0,trainval,DajRM7VyeZ4,50008,9.084366206890756,3.456
train,pretrain,zYhgy5ouYLM,00028,0,pretrain,bvAEJ8G9l9U,00051,-4.6086800025178,4.288
train,pretrain,WHjKnNbYiOs,00003,0,trainval,rni41c9iq54,50002,-3.3160908793793826,6.208
train,trainval,1IxIDGyISzk,50006,0,pretrain,umKKrbmdHFM,00006,5.963841928098217,6.208
train,pretrain,cotBM0laSSo,00030,0,pretrain,ts9JpM0gHMU,00061,-9.773870473449744,7.552
train,pretrain,UzuUljhS9uI,00025,0,trainval,rPh3c8Sa37M,50020,-4.769806606238292,6.144
train,pretrain,Ligs82S0qN8,00006,0,pretrain,Nhwq12TKkQQ,00020,-2.4242421037344863,3.776
train,pretrain,UdsUVjeJuPE,00010,0,trainval,YraU52j3y8s,50009,8.817139377643766,2.24
train,pretrain,ZChEFOGSn8Q,00021,0,pretrain,415VX3QX4cU,00027,3.857014787965971,11.136
train,pretrain,P82edb1SCNs,00004,0,pretrain,xjSQFZX2m9o,00008,-8.404643026571039,4.928
train,pretrain,ElJxUVJ8blw,00041,0,pretrain,7ZW8SLQftnY,00001,-7.857593134071159,3.84
train,pretrain,2m9kC1yRnLQ,00014,0,pretrain,OfL5JmZnkI8,00008,9.30179335778346,6.208
train,pretrain,FEeTLopLkEo,00015,0,pretrain,EZwxKPv1CwA,00035,-3.1841236071661534,7.552
train,pretrain,Sm5xFSUYgdg,00020,0,trainval,289ZxBZdKvY,50004,-0.8576736994989531,2.048
train,pretrain,WzDygsn0Djs,00005,0,pretrain,ljqra3BcqWM,00002,-5.114674160088903,6.08
train,pretrain,nncPtxLCPrE,00007,0,pretrain,kTsqFn33RiQ,00026,2.8877049596533393,17.216
train,trainval,cPL2FE7ZPTg,50008,0,pretrain,SzFHlwInGwI,00008,9.036648061045447,3.328
train,pretrain,aiDSQyFdd68,00027,0,pretrain,gBkIyJ7kfSI,00056,-7.92911160369099,6.272
train,pretrain,19KkFCQz8WQ,00020,0,pretrain,voXOUWiJuLo,00025,9.62263819375153,3.84
train,pretrain,jSOPQgPIdKg,00009,0,pretrain,sNbGUSI9HWw,00008,3.700461654756813,4.352
train,pretrain,MLKj1puoWCg,00030,0,pretrain,PXMJobWlXks,00005,9.694555562890447,3.84
train,trainval,53P0aypkpXY,50009,0,trainval,yRUCU5FsvTY,50020,6.090904471909212,2.816
train,pretrain,qBfwUkCGJHQ,00005,0,pretrain,XsvgWEdydDI,00011,9.877184303663622,8.832
train,pretrain,acNSymOsL6M,00015,0,trainval,6qTfX4U6CS0,50007,-7.080998557651334,4.992
train,trainval,jpuDyGgIeh0,50005,0,pretrain,voXOUWiJuLo,00002,-7.710048509609846,6.08
train,pretrain,xyIQFI865Sw,00031,0,pretrain,6VWPHKABRQA,00016,6.443945333405608,6.912
train,trainval,xx310zM3tLs,50003,0,trainval,HfotnZVEq80,50001,-4.691341810975624,2.88
train,pretrain,6WeS1bXRBOk,00001,0,pretrain,xAXUqSQc8DI,00024,-3.5522189395972674,4.288
train,pretrain,dLmK4gZ0oz8,00002,0,pretrain,Nx8RRIiP53Q,00002,-3.847772129562661,11.84
train,pretrain,0sYguTPLpHE,00012,0,pretrain,3MYEtQ5Zdn8,00013,-6.872196333700533,12.48
train,pretrain,x5LshSZn5RA,00016,0,pretrain,pkGAMb5sYvg,00002,6.218203676866551,5.888
train,pretrain,ARGkp6am3S8,00007,0,pretrain,PSggxpMY9q0,00002,8.525838808942353,8.64
train,trainval,VFaQtPw3Va4,50002,0,trainval,7p4zw4SqgUw,50001,-2.359414288416632,3.072
train,pretrain,7s0CpRfyYp8,00009,0,pretrain,VOXikTyZxPA,00006,-3.705600647290148,3.264
train,pretrain,KSzkPSW4Hik,00033,0,trainval,UOn3zOp8JPE,50007,2.3320399544005195,6.016
train,trainval,tqf607N19Is,50002,0,pretrain,QPC5SP2SFu8,00014,3.9785131906816567,6.144
train,pretrain,RVX8ZSAR4OY,00026,0,pretrain,D4cV8yfgNyI,00007,3.0208320665644077,4.096
train,pretrain,h0dSQDgl3gI,00014,0,pretrain,AHfiKav9fcQ,00021,-6.913437477128612,4.288
train,pretrain,5MgBikgcWnY,00022,0,trainval,CpkXmtJOH84,50012,1.0828302696085856,4.928
train,pretrain,S7rSSd1fiUc,00013,0,pretrain,PNqu5BWeHDw,00007,-8.970134037803088,6.592
train,pretrain,2R3Njv0LjjM,00004,0,pretrain,Pr57T0RaSjc,00002,-8.987242087664436,3.84
train,pretrain,j3YjeARuilI,00019,0,pretrain,buRLc2eWGPQ,00009,6.02475694869803,3.584
train,pretrain,tic7X3ET4gE,00019,0,trainval,0OkOQhXhsIE,50006,-8.919382830041972,2.944
train,pretrain,Eu22Wgu98VE,00006,0,pretrain,fbeFn1Xcqo4,00050,6.446460320638714,4.352
train,pretrain,Lrdn4lazVBc,00014,0,pretrain,PkcBE74OYJw,00019,-1.8660007728525727,7.872
train,pretrain,2L4BSVpvx1A,00032,0,pretrain,s6rJLXq1Re0,00005,-4.788827833842635,4.096
train,pretrain,UQYoWwHg3qA,00003,0,pretrain,KChjQvXjk1g,00016,-0.7302034419133285,6.528
train,pretrain,iGHzqmnGH4A,00001,0,pretrain,ORBf73HiJns,00035,-3.815732893645203,5.248
train,pretrain,LTtTfCwkIW0,00032,0,pretrain,npFSbX7DZ6k,00013,3.6567662998757484,4.288
train,pretrain,qGSYmIPFO68,00002,0,pretrain,8oeiOeDqSNc,00021,-3.3070653561976044,4.16
train,trainval,drXnDLHKKPM,50009,0,pretrain,8olL43PKJKw,00007,-8.478101100498067,6.208
train,pretrain,M1yCvKASWdU,00002,0,pretrain,DSbrTiSwyLk,00003,-4.823876549647639,13.248
train,trainval,Sx4Gsh0r9HU,50003,0,pretrain,uU6o2SUFSEY,00010,-9.80989458525482,6.208
train,pretrain,V1K3GvSKyJQ,00012,0,pretrain,G2Y6Am46eVU,00025,9.449351586882994,11.136
train,pretrain,Kaq7FhvOtE0,00006,0,pretrain,im03Zni5BJw,00005,-8.567028579004948,5.44
train,pretrain,oJfFMoAgbv8,00032,0,pretrain,yuD6ozE9rtc,00017,9.559227663658383,3.712
train,pretrain,N4wFyRGilp4,00033,0,pretrain,SGG97dDfZ7E,00013,-9.361127868802715,6.72
train,pretrain,MwzqSswl4cI,00041,0,pretrain,olPn5xr0L08,00002,-8.201688857025339,3.84
train,pretrain,K8Dj0oSf1SA,00017,0,trainval,DjcZrtcBZi4,50039,8.298674772898757,6.208
train,pretrain,MLvwTlbj1Y8,00033,0,pretrain,GjYt5uQPu8o,00010,-1.880081456994244,4.608
train,pretrain,qQIwTWJSd2I,00009,0,pretrain,USmTQeKRaP4,00006,-7.799147744525299,7.68
train,pretrain,pg63A6WaCSc,00003,0,pretrain,3uFbJG6tBpI,00005,-5.329011421993086,7.104
train,pretrain,wN3ovSzal3g,00011,0,pretrain,2G0wQfUl9EU,00020,2.979875095283358,5.44
train,pretrain,ea3HnhOLC9g,00010,0,pretrain,acNSymOsL6M,00018,-1.9050703939687033,5.248
train,trainval,y2X7c9TUQJ8,50012,0,pretrain,pgmiPXAwiLg,00038,-3.6000950326102092,6.08
train,pretrain,pi9SMFWTzXw,00011,0,trainval,QG4Z185MBJE,50001,0.4370787021541016,6.016
train,pretrain,AoAbPIbGLUo,00011,0,pretrain,WNTk29zXl4A,00006,7.432269119651792,8.064
train,pretrain,BPMrcY9z0nM,00003,0,trainval,5tUnSuoYKoE,50003,-8.084593286468845,2.56
train,pretrain,saXfavo1OQo,00017,0,pretrain,DOvbl3ZPPV4,00010,-7.680626147276151,7.424
train,trainval,iunmpgOnpqM,50004,0,trainval,iZRGUADAu2Q,50006,4.602519722674337,2.88
train,trainval,lYdk1NK9Sr0,50008,0,trainval,A3Vpjwye9Mw,50001,9.255620358410702,3.648
train,pretrain,SZWS8SNCKMw,00003,0,pretrain,LSn4OF7G9BM,00012,-9.53342446040844,4.544
train,pretrain,VGpZ06RlVfI,00011,0,pretrain,UVZyVz8gBeQ,00012,-3.1288011034809564,2.304
train,pretrain,PJy8vTu66tE,00008,0,pretrain,NRXCxJGQ4KY,00018,-9.919790534678555,5.312
train,trainval,GIt6Z0k3PQo,50024,0,pretrain,ZIhFcjcc568,00003,1.919254666107049,3.136
train,pretrain,SSogppqBahk,00009,0,trainval,iW4fCwfw1vg,50004,-7.175336625657074,6.016
train,pretrain,Uq1idqpX9SA,00024,0,pretrain,cSrWtqConY8,00005,8.369791502802414,4.032
train,trainval,hbG89FYKzaY,50006,0,pretrain,CiSk3gmyjQ8,00004,4.352941762934046,6.208
train,pretrain,zGEDHMF4rLI,00039,0,trainval,XiDAztWWAuM,50004,-6.037224474991863,3.84
train,pretrain,JN3mW2IzCrc,00006,0,pretrain,ErexJkoDhGI,00008,-6.870813182207409,5.056
train,pretrain,aS1UEAGCo30,00018,0,trainval,9XFeW9dgyIs,50004,5.461689524243656,3.52
train,pretrain,pWrgvI4nyyg,00022,0,trainval,gyM6rx69iqg,50001,-7.694786012100485,4.8
train,pretrain,EDLWWP8N6MU,00007,0,pretrain,WWloIAQpMcQ,00014,0.9168643737515314,12.736
train,pretrain,2OH1xSaKSmI,00016,0,pretrain,dC7y9qB3tcA,00002,1.0497276889840172,4.608
train,pretrain,2jTdZSPBRRE,00018,0,pretrain,5EH1dS2aQVg,00019,-2.317579914092576,9.152
train,pretrain,P5Mpo4JQZhw,00020,0,pretrain,chXKZC4D42k,00005,8.63376140380274,4.48
train,pretrain,ilMwoEdqMTs,00027,0,pretrain,khRkIVPa1Vc,00032,5.7944215322156545,6.208
train,pretrain,FVSc2FnPnDE,00037,0,pretrain,z4kwU6z6ORg,00024,-2.9392083897048815,9.28
train,pretrain,zGEDHMF4rLI,00004,0,pretrain,0FQXicAGy5U,00022,-3.1380445700460946,10.88
train,trainval,2mU8xezh7rQ,50003,0,trainval,5UH7uTpTa44,50004,5.513831885338842,2.56
train,pretrain,nQcgD5DpVlQ,00015,0,pretrain,v9dEgXR1iWE,00035,4.701460165243326,11.776
train,pretrain,hvStFIuhD8E,00003,0,pretrain,Aqc2SgiOVr8,00005,6.970775492829585,7.872
train,pretrain,NAcuH7nSdLc,00044,0,pretrain,2g9GedPylM8,00026,-0.28110209106496953,4.096
train,pretrain,okQXrB7ySAw,00020,0,pretrain,PYSkd46RfVE,00050,0.08604138713006293,3.456
train,trainval,O817Q8G5WL4,50001,0,pretrain,AGivotqSrd0,00037,4.20195638939372,2.24
train,pretrain,VRhjc3dJtOo,00005,0,pretrain,bvAEJ8G9l9U,00042,5.141107601037993,11.136
train,pretrain,n3qA8DNc2Ss,00026,0,pretrain,JN3mW2IzCrc,00007,-0.611164139126581,8.448
train,pretrain,cSiNSQubRs0,00031,0,pretrain,VStEmE85QDE,00020,-3.175917342076467,17.408
train,pretrain,x2sT9KoIISM,00004,0,pretrain,sBaiRpIpPKQ,00034,-8.16756786606819,7.744
train,pretrain,tV2RLLtOgL4,00012,0,pretrain,ofsncCF9OSU,00069,-9.859994213787203,3.84
train,pretrain,5FjuSwOaV3Y,00034,0,pretrain,cf3zxHuSM2Y,00045,1.78365272127429,10.56
train,trainval,u0VHC1SDOS8,50006,0,pretrain,zw9NXY3xOOI,00004,0.4656686525584579,5.888
train,pretrain,oXbhTHaMwTw,00031,0,pretrain,mUJdzaLDRIo,00046,8.302867799864298,6.656
train,pretrain,P5Mpo4JQZhw,00050,0,trainval,HQIi3nUXh0g,50012,7.042866697781701,5.696
train,pretrain,STdSfeMDeI4,00027,0,pretrain,c2tDEZjPJYY,00003,9.13989945941767,3.584
train,pretrain,NXfYNdapq3Q,00017,0,pretrain,SXJ20tt5nPQ,00008,5.984992244234842,6.848
train,pretrain,pWX1oQEGl90,00029,0,pretrain,b6uOb1fm5bg,00006,-6.937709811648092,4.288
train,trainval,8b2vNkEtfpc,50002,0,pretrain,T7ibjISKSdY,00034,7.897218354975909,2.496
train,trainval,9RMaD0Sk7hc,50007,0,pretrain,Jv2GGScsUc8,00019,-1.6397334703753952,3.456
train,trainval,lUHy84tSDrA,50003,0,pretrain,a7B39MLVeIc,00010,3.9899834284670828,2.048
train,pretrain,kyaiTGmwxnU,00028,0,pretrain,X03jYXszD3Q,00020,3.0172345321062455,9.024
train,pretrain,l5ZJ6bK1EIc,00021,0,pretrain,o2WyXD7IaN0,00012,3.114461688991014,5.888
train,pretrain,ocqn3wYTCRM,00010,0,pretrain,AE0gO5wSaok,00031,3.584010182230612,7.232
train,pretrain,4mFzIumKKsc,00003,0,pretrain,lSYy6poJ2zs,00022,6.290281920828747,18.24
train,trainval,deT1mILtFEY,50004,0,pretrain,soqnBdPOwoo,00012,-4.14783144948003,4.288
train,pretrain,JSLUS3qLv0I,00014,0,pretrain,jdpIKXLLYYM,00006,-0.9588198854924972,11.84
train,pretrain,XzDNfLnUOYY,00009,0,pretrain,hfDkDzZ9GsU,00011,4.4293534601776905,4.544
train,pretrain,4ef6KJ7vfIw,00028,0,pretrain,fw01Sq0cxM8,00028,-1.5098600760610061,15.168
train,pretrain,Hul8htHa9AY,00017,0,trainval,XPkV1bDZDl4,50013,-4.3905659864597135,2.56
train,pretrain,ciStnd9Y2ak,00020,0,pretrain,wMsOYqJ4ShA,00003,6.383579997310392,10.048
train,pretrain,lACQknq4sFI,00015,0,pretrain,vR8msiSohZM,00005,5.008849896964067,2.496
train,pretrain,4KhnSz9FPmU,00022,0,pretrain,SWjSKTraw7c,00004,7.452761309157008,9.728
train,trainval,1sgb2cUqFiY,50007,0,pretrain,FsSKVSf1EJk,00021,-6.373177035754452,5.568
train,pretrain,34a7UEzZdsA,00042,0,pretrain,B4a0NvLTebw,00005,-0.7340117827313613,3.968
train,pretrain,0i7Loopex8w,00001,0,pretrain,2g9GedPylM8,00018,-1.1524127408262679,7.936
train,pretrain,N4wFyRGilp4,00013,0,pretrain,LH8MPbFoRjw,00006,-6.971764870678614,12.096
train,pretrain,jSaLUnl3qpA,00005,0,pretrain,urntcMUJR9M,00007,9.291065645501025,11.84
train,pretrain,A0V9Rk9tNL0,00010,0,pretrain,R7vmHGAshi8,00009,-7.27416070871465,7.68
train,trainval,stBSQ6CagVo,50003,0,pretrain,eSBZigXlphY,00025,0.9775451289453496,4.16
train,pretrain,pj2YxCAnqx0,00018,0,pretrain,xcR1SWhjZys,00004,6.94840475079603,13.696
train,pretrain,tZYkjaKNrSo,00023,0,trainval,Svo01ldlTQc,50007,-4.114773578652084,2.752
train,trainval,ZCS0MZuVBwE,50003,0,pretrain,YSQUrUZ6ZTE,00007,-8.001261396195156,3.84
train,pretrain,p2MEGk5q1WI,00035,0,pretrain,7wJTgUCxnKA,00007,0.623923157058579,5.376
train,trainval,xh8el8m9mLM,50002,0,trainval,LETgWDSSzSI,50008,-0.6528257054304873,3.072
train,pretrain,HXGwJevjOfs,00010,0,pretrain,ImQrUjlyHUg,00048,0.9806932119801424,4.416
train,pretrain,HuWMO3M1HVQ,00002,0,pretrain,gOdAHe3SfVI,00008,6.818812470411629,6.656
train,pretrain,VM6HZqQKhok,00044,0,pretrain,Urk3xn7l3AM,00022,1.74254540034417,6.72
train,pretrain,OaGEMSRms48,00013,0,pretrain,o8NPllzkFhE,00027,-7.833671629227823,7.808
train,pretrain,bEdvQjTGYP8,00017,0,pretrain,YhG1Bgbsj2w,00036,-4.605247844290448,10.944
train,pretrain,CSUmoS40pqA,00030,0,pretrain,WKXmw7uZc5U,00002,5.786672837972258,5.056
train,pretrain,rKtmsVa4Kvk,00019,0,pretrain,0C5UQbWzwg8,00004,4.589509416640972,7.424
train,pretrain,2j00U6lUCSc,00022,0,pretrain,askcLEVCTko,00050,-0.9912547349066063,5.12
train,pretrain,gqpErbFnbiY,00021,0,trainval,Eo9bb3U9wPs,50002,1.0684248832163767,2.176
train,pretrain,QG4Z185MBJE,00030,0,trainval,1mUDw0sRZV0,50008,0.5643716244619483,4.288
train,trainval,y8qc8Aa3weE,50008,0,trainval,j97WsAz3CDY,50002,-4.590208661514945,2.496
train,pretrain,Sx1qkuvUxuI,00024,0,pretrain,4KhnSz9FPmU,00033,-8.94585120340119,18.048
train,trainval,GOZOhpxSAFI,50016,0,pretrain,hCop3IGZH2o,00003,7.137652381688465,4.608
train,pretrain,01GWGmg5jn8,00013,0,pretrain,YXrEVQFtJm0,00018,4.123583458996382,4.096
train,pretrain,JTX0diTlUFU,00003,0,trainval,4O2JKS94g3Y,50001,-0.34185400521119647,2.368
train,pretrain,Soe7yjlFEJ8,00019,0,pretrain,nyLYQYHGbvI,00024,-2.552483822746323,5.184
train,pretrain,DOYASAY7dO4,00030,0,pretrain,qxmEpmCtM3o,00023,5.918664281397778,4.416
train,pretrain,ZChEFOGSn8Q,00055,0,pretrain,C14bXC7zi84,00014,0.4784852588581323,3.648
train,pretrain,czfduTtXLbI,00020,0,pretrain,dsfROmgVN5U,00011,-7.450229672055242,7.04
train,pretrain,yDubrSRjlCE,00045,0,pretrain,fqJAeReFr8I,00012,2.9407388476696443,3.84
train,pretrain,fqJAeReFr8I,00021,0,pretrain,ZdDjexbxVzM,00008,2.976850722529269,14.528
train,pretrain,DwQMDyyS42Q,00020,0,pretrain,SfHRcaS6r3w,00003,2.7797707966333753,20.224
train,pretrain,SKWIlMZSMZo,00007,0,pretrain,FwLeiY5f7sI,00012,7.266784434147333,7.808
train,trainval,cotBM0laSSo,50023,0,pretrain,mMasmrJOmEo,00025,-0.18351061705274674,2.304
train,pretrain,QPC5SP2SFu8,00009,0,pretrain,VJRBx0JjMSM,00005,-4.803992959931693,5.376
train,pretrain,rokPqHc9iD0,00033,0,pretrain,S9O9vyJBQ6g,00031,-8.595086328430028,13.312
train,pretrain,N2HgOWBXyc4,00007,0,pretrain,5Jqk1rkuUwU,00027,1.065374093780381,5.12
train,pretrain,xuAAPsiD768,00027,0,pretrain,SV2FB4ZmsTQ,00002,1.5458278940411585,4.736
train,pretrain,0C5UQbWzwg8,00017,0,trainval,g985z9Wq5gk,50011,-5.144707751683617,2.368
train,pretrain,u9Lu85L111Y,00048,0,pretrain,bzj1BTdfoeI,00056,2.0553932186677315,4.8
train,pretrain,ktbbm7ktuAM,00009,0,pretrain,fIqABIcKIvs,00003,0.6767337525048127,8.96
train,pretrain,kiDfwUQySEs,00022,0,pretrain,f8U2GwInI9o,00024,-5.739252429953449,2.56
train,pretrain,7Mqse6SLOds,00005,0,pretrain,p0aTfcXpOEs,00016,-0.9109135243173654,4.16
train,pretrain,bnvnBwP9sTo,00009,0,pretrain,mSvyBpWueu4,00022,-0.24930503955848593,10.496
train,trainval,dOt4NkcmIUg,50005,0,pretrain,8olL43PKJKw,00005,3.6679239648200035,3.904
train,pretrain,9AgCr2tTvng,00012,0,trainval,P2y3Uspr8Bg,50002,-5.44375152820604,6.144
train,trainval,sWN13pKVp9s,50006,0,pretrain,S0hxl03JoA0,00043,-0.8610673217639953,4.224
train,pretrain,NAkkckxE9i8,00008,0,pretrain,sBaiRpIpPKQ,00033,-1.7267423151776242,4.928
train,pretrain,cC0KxNeLp1E,00028,0,pretrain,lnHXhYSeOJ0,00025,2.8576575697505824,9.216
train,pretrain,guXxy8LH2QM,00005,0,pretrain,LGtNFHtM81A,00024,7.626328100845569,7.936
train,trainval,9SGSSQssNj4,50010,0,pretrain,9vKRj9yV8pI,00013,0.2864961312998773,3.456
train,pretrain,ddek3gQVt9Y,00020,0,pretrain,AoAbPIbGLUo,00018,-2.2440519861031767,7.488
train,pretrain,4KhnSz9FPmU,00008,0,pretrain,cSsxBTNF2U8,00005,-1.1554198292391575,5.696
train,pretrain,tXlNvlzd9M8,00022,0,pretrain,AzcMEwAxSP8,00005,5.532962951906114,6.784
train,pretrain,wz0mlDELSo0,00004,0,pretrain,MJKSdMlATmM,00007,4.58495705843848,5.44
train,pretrain,64RLBgDSCck,00018,0,pretrain,QBDShp6U7tU,00017,6.082822991689273,6.016
train,pretrain,mWfCqsFP05A,00009,0,pretrain,OAK1UIbSFio,00050,-1.9807589949135789,4.608
train,trainval,tiWwrdMqvvM,50022,0,pretrain,0K5OO2ybueM,00019,5.285093699772315,4.352
train,pretrain,jv8m8rycnQs,00019,0,pretrain,Zq7QPnqLoUk,00056,-7.062032072460567,10.176
train,pretrain,acikxzM6GaY,00025,0,trainval,HbQZ7jAvgoI,50005,4.053989586524638,2.56
train,pretrain,4mJ1aHFPS1M,00033,0,trainval,QhLLMBN57AU,50017,-0.8542704545425792,2.688
train,pretrain,esPRsTSlmw8,00008,0,trainval,NJ9Iq7ReMDs,50005,0.3162966466380297,5.952
train,trainval,utV1sdjr4PY,50008,0,pretrain,pz1TDXKSTHc,00012,-2.223277957134046,2.24
train,trainval,F2hc2FLOdhI,50003,0,pretrain,5J6jAC6XxAI,00001,5.522700375477804,6.144
train,pretrain,xtRIvS65M4k,00003,0,pretrain,iEySxTbcr2A,00023,5.347874217339417,7.68
train,pretrain,AvtStbwMQqs,00019,0,pretrain,BMOjVYgYaG8,00006,-9.51338385425846,4.48
train,pretrain,I4PU2JlhO80,00008,0,trainval,ShY9QSdaReY,50008,-6.2945046688228405,2.24
train,pretrain,uhRhtFFhNzQ,00034,0,pretrain,HJY8gMsonU0,00017,-5.794933730010223,7.68
train,pretrain,oW91ATcgXVc,00012,0,trainval,5CSDIcUsIJk,50005,9.349514704991464,6.144
train,trainval,nx3GuO41Jyg,50040,0,pretrain,IWjzT2l5C34,00028,-5.726832440649865,3.136
train,trainval,cbSts8fUhB8,50001,0,pretrain,PcQwHHbjZ0A,00018,2.3611314784628608,2.496
train,pretrain,sucza6EOIf0,00039,0,trainval,GIt6Z0k3PQo,50013,5.095693721075547,3.648
train,trainval,bGBamfWasNQ,50010,0,pretrain,FdXUSZg9pcM,00005,-1.0518891565418471,5.632
train,pretrain,y3jYVe1RGaU,00016,0,pretrain,jKl0tb3VmfQ,00005,8.157898130067299,5.12
train,pretrain,yrcaHGqTqHk,00024,0,pretrain,Va07q3HFEZQ,00010,-8.585892252993625,4.672
train,pretrain,TBIL2sdfoVc,00020,0,pretrain,vqqWw3xkMzA,00002,1.823868267804805,4.288
train,pretrain,BStjKYvEziI,00017,0,pretrain,b6uOb1fm5bg,00008,1.425621013763978,5.44
train,pretrain,PS6vDLq64gE,00006,0,pretrain,gYKyaDOyUO4,00002,8.629428489669792,3.84
train,pretrain,yq3TQoMjXTw,00030,0,pretrain,QhLLMBN57AU,00009,-0.7366179919129028,4.608
train,trainval,KTvSfeCRxe8,50047,0,pretrain,8khcH5Lqxgk,00007,3.1193694423822205,5.76
train,trainval,5ErKrSyUpEo,50004,0,pretrain,btlF4ZSAoFc,00006,1.0831606329674948,3.136
train,pretrain,NAcuH7nSdLc,00051,0,trainval,y9Trdafp83U,50006,1.6467300742669,2.624
train,pretrain,McDjnRcUcfM,00006,0,pretrain,DwQMDyyS42Q,00034,-8.060123213844562,5.824
train,pretrain,rHbjwH2Blfg,00013,0,pretrain,Un2yBgIAxYs,00033,-4.908301747102282,8.64
train,pretrain,HjnclEhy960,00017,0,pretrain,nncPtxLCPrE,00003,6.340335089332061,3.904
train,pretrain,boSGZ3qSAys,00028,0,pretrain,lYdk1NK9Sr0,00041,3.1325188036780016,5.12
train,pretrain,0GL5r3HVAZ0,00011,0,pretrain,nko6uV5u9vg,00007,-8.598498679372241,14.848
train,pretrain,d6wGSsAdP0U,00016,0,pretrain,qdiF1fSGfyM,00010,3.753182047513393,5.056
train,pretrain,VLze6W7SvyY,00010,0,pretrain,AIfwFLDXFyQ,00012,-9.391401052897876,6.4
train,pretrain,iSicXZ2tMRM,00015,0,trainval,aqhzFd4NUPI,50032,5.543202395817268,2.24
train,pretrain,oiVSHkItqxo,00033,0,pretrain,ISSupr6ayqw,00009,-9.9607938818029,4.16
train,trainval,jk6Y3f2c4SI,50001,0,pretrain,zMWYQRKuc5M,00003,-6.625056984843409,4.288
train,pretrain,KExLCJAuTXA,00007,0,pretrain,X6Zo53M0lcY,00021,1.3257713996597147,3.52
train,pretrain,BMdMSmtTgD0,00010,0,pretrain,qGSYmIPFO68,00005,8.511167672604486,5.184
train,pretrain,l5d8GW6GdR0,00025,0,pretrain,SIKqVKyyW6w,00004,9.659289652143741,16.192
train,trainval,EpFCykE9Lk0,50004,0,pretrain,d3B541KM3q4,00001,8.660705267689618,2.176
train,pretrain,pGSQG0IyNTo,00004,0,pretrain,7Oe11XnBvA8,00031,8.738528147210566,8.96
train,pretrain,atKSMfx4E3I,00013,0,trainval,7SfQLQ7eyA8,50006,-2.7917745269812144,2.24
train,pretrain,0ueGFLVFi80,00015,0,pretrain,06M8qY7Q74Y,00012,0.5764753100625768,4.288
train,pretrain,CSeFjLZqXt8,00013,0,pretrain,FD5ZKiSmoMU,00036,-7.591571897157408,4.288
train,pretrain,maMU4XZYdtQ,00016,0,pretrain,z9sa2ZAqHl0,00031,-3.6900734437419906,4.032
train,trainval,KTvSfeCRxe8,50018,0,pretrain,S9ry1M7JlyE,00013,-9.387718138563063,3.584
train,pretrain,OzvxbUnWJUc,00007,0,pretrain,bS7A7S8AZSQ,00006,8.684459193432069,19.264
train,pretrain,qty0NjF3pdQ,00023,0,pretrain,syjEN3peCJw,00017,4.107691715309468,9.088
train,trainval,tbicAmaXYtM,50013,0,trainval,nvSSeGObF4w,50007,-7.564186682069048,3.2
train,pretrain,uWfLwKHSEko,00004,0,pretrain,S3SnIMZ43EQ,00005,0.20561153265805032,8.064
train,pretrain,3WCwBVprDuQ,00032,0,pretrain,ynSrWmoq7Is,00019,-8.800167971815839,4.608
train,trainval,KxDwieKpawg,50010,0,pretrain,RJ0ldeMS9SM,00011,-0.5093615206073654,2.624
train,pretrain,Lp5Ccer5NM8,00005,0,trainval,4fyvDMFriRI,50014,3.169407420748909,3.392
train,pretrain,lfBpsV1Hwqs,00009,0,pretrain,NAkkckxE9i8,00011,3.4407107516129187,8.192
train,trainval,Fb2J5eDoFko,50013,0,trainval,ScvI1jKxlTM,50010,8.588519127608201,5.76
train,trainval,BoRUrWcdkQ4,50026,0,pretrain,ZaSFy6RX3aE,00009,-4.363442867935667,3.328
train,pretrain,97rrxS1yBU0,00014,0,pretrain,tV2RLLtOgL4,00025,-6.311664491540885,6.912
train,pretrain,2l0sZrrWlrU,00014,0,pretrain,0lS9NDZ8VZA,00008,-3.246217103434626,2.816
train,pretrain,HpiZTvlWx2g,00026,0,trainval,EiTrl0W1QrM,50014,1.5959798556166334,6.208
train,pretrain,SGzenQjZSpU,00032,0,pretrain,uxnjyfSeRpI,00007,3.2919726532031532,7.936
train,pretrain,abMQhaMdQu0,00003,0,pretrain,pcSlowAhvUk,00065,9.959155104639311,7.04
train,pretrain,maMU4XZYdtQ,00021,0,pretrain,CDdpQSLr7YE,00002,2.2210682659226144,7.232
train,pretrain,dm4fvbrMLPw,00012,0,pretrain,raCIUeGUr3s,00009,-5.666989647369787,5.376
train,pretrain,WzDygsn0Djs,00027,0,pretrain,WGBTz8ciZLg,00007,7.53392141990404,5.76
train,pretrain,WQ82Uukl6rg,00003,0,pretrain,23vKtqo2t4k,00020,-3.517141765960421,20.352
train,pretrain,F2dFiK3wkRA,00024,0,pretrain,jSS03JfgHEA,00027,-3.6335181572124036,9.664
train,trainval,UIAm1gSVgn0,50002,0,pretrain,ydKcaIE6O1k,00028,-6.624486387494068,4.416
train,pretrain,FJFxLQCo83U,00051,0,pretrain,fv8KpQY0m6o,00005,8.342916619159961,12.8
train,trainval,H7Gn2a0GnAc,50002,0,pretrain,Wtp7R97jz5k,00006,5.091498492693564,2.56
train,pretrain,eNDhBSR1DZ0,00005,0,pretrain,HQzXqjT0w3k,00018,9.656070253143206,5.248
train,pretrain,UyQIKwSPZGM,00004,0,pretrain,rKtmsVa4Kvk,00046,7.5561134031145905,10.048
train,pretrain,o0td5aw1KXA,00015,0,pretrain,ea3HnhOLC9g,00004,-2.5262764414150096,9.024
train,pretrain,Oj8eFu72Sfc,00004,0,pretrain,VYU25aJpg5o,00035,4.934863442771686,7.296
train,pretrain,YMyofREc5Jk,00040,0,pretrain,JaFSfq2Zn7I,00074,2.2167126083479474,8.448
train,trainval,FzAyOddR5u4,50007,0,pretrain,dRic5yJC8UY,00008,-3.4308056296215117,4.608
train,pretrain,oTHSfmQo3Ok,00021,0,pretrain,SKWIlMZSMZo,00002,9.91082074131792,4.352
train,pretrain,fSRWTyY2YSM,00011,0,pretrain,RKmxL8VYy0M,00025,-1.1967143952873815,6.4
train,pretrain,HfotnZVEq80,00028,0,pretrain,qu7ZpWecIS8,00009,6.0368852792054675,5.248
train,pretrain,boSGZ3qSAys,00038,0,trainval,IMTcuU0KLSw,50002,7.307165112880295,2.816
train,pretrain,t9c7aheZxls,00024,0,pretrain,5Yikqlc7yl8,00019,6.311304026806781,3.776
train,pretrain,oJfFMoAgbv8,00014,0,trainval,tlB1pFwGhA4,50017,8.36155222650521,4.032
train,pretrain,qMppKiqMpAk,00027,0,pretrain,XzZJuEDQ1a0,00006,-3.1413181014476415,6.336
train,pretrain,0ueGFLVFi80,00014,0,trainval,oPBC15XYl3Q,50013,-6.36898866553993,3.328
train,pretrain,gevXeQwS1jg,00029,0,pretrain,qxDMaS1w8rQ,00001,-6.1912864434490755,3.84
train,pretrain,5nys6iebjHw,00013,0,pretrain,5WI6ZqCUNk0,00017,-3.3616016655888092,5.056
train,pretrain,lxovD2LQVUQ,00018,0,trainval,GlUS6KE67Vs,50012,0.13750439939556358,3.712
train,pretrain,Yx2rjq1gSWA,00025,0,pretrain,p2MEGk5q1WI,00001,8.921453033794545,3.776
train,pretrain,y7A4dZIyI0g,00039,0,pretrain,qp0HIF3SfI4,00041,4.813712312835648,9.28
train,pretrain,NI0yARyFoIM,00006,0,pretrain,SsU5CJRaKP8,00012,4.611522966849089,38.08
train,pretrain,SXOZflB1BKo,00013,0,pretrain,bq39x2HWjNk,00031,-4.362373718898754,5.248
train,pretrain,ynSrWmoq7Is,00021,0,pretrain,BDOSUiEh0eY,00011,5.354506697172905,5.12
train,pretrain,f8U2GwInI9o,00001,0,trainval,6ibCtsHgz3Y,50004,8.406054012552833,2.304
train,pretrain,lXQ4HSMp1OA,00013,0,pretrain,IzPcu0SETTU,00017,4.133940861015857,7.104
train,pretrain,nx3GuO41Jyg,00021,0,pretrain,DsSrzoyyfF0,00020,5.455071426141547,14.336
train,pretrain,EDLWWP8N6MU,00023,0,trainval,KOIsqRgJ3XM,50001,-4.3430630260330805,2.304
train,pretrain,fmxNuVDJZEY,00013,0,pretrain,2BOTS9GAjc4,00039,-3.9027102087560017,5.312
train,pretrain,GzB0BDstCI0,00014,0,pretrain,y9ALB39wRKo,00001,5.596668536548631,6.656
train,pretrain,ws4GZvNeQhQ,00031,0,pretrain,OHBaOyaltpU,00011,-1.8638308818762184,8.064
train,pretrain,bS7A7S8AZSQ,00004,0,pretrain,iKEtQSzz4GA,00015,-7.816963953895071,6.08
train,pretrain,xcR1SWhjZys,00004,0,pretrain,4l3Kj3hVSVY,00023,2.423674738786069,3.84
train,pretrain,v3SZTqj2Skw,00010,0,pretrain,C2SVEM19NHA,00010,-4.665448127418623,7.936
train,trainval,dOt4NkcmIUg,50006,0,trainval,avuhY7D71sQ,50011,-5.04447069149524,5.952
train,pretrain,BGRy5VUSLfI,00033,0,pretrain,jSOPQgPIdKg,00005,1.8755919645657073,4.16
train,pretrain,05jJodDVJRQ,00003,0,pretrain,SgOTaXhbqPQ,00019,-5.236415469733262,7.232
train,pretrain,dghBrSBC34Y,00018,0,pretrain,1cQbMP3I5Sk,00001,-1.7986291121726836,9.216
train,pretrain,YA87VEeoZLI,00001,0,pretrain,NP8xt8o4S5Q,00025,-4.4800427515417045,3.776
train,pretrain,Wh9O3SciOYs,00002,0,pretrain,TOSSkVIkY6A,00016,-8.275969765223913,7.488
train,pretrain,GlpGBSBpxOE,00019,0,pretrain,2MYsx6WArKY,00023,-9.679128159525725,7.296
train,pretrain,QxkxcsrveLw,00007,0,pretrain,150cqgYh8sQ,00015,-3.735895555593225,8.896
train,trainval,iRsCUJxIrVM,50004,0,pretrain,BT2XlI8oeh0,00001,-0.5389286909350677,2.816
train,pretrain,oHBKqCI4Fgg,00015,0,trainval,lXNE4MD2X2w,50008,-7.900860667812735,5.888
train,pretrain,1YO1FmVAPrA,00005,0,pretrain,iW4fCwfw1vg,00008,-4.0107730013635905,13.888
train,pretrain,buhMdC7MO0U,00030,0,pretrain,NAcuH7nSdLc,00037,7.683380636629174,10.368
train,pretrain,6AvXhgXlGpE,00036,0,trainval,NgDGlcxYrhQ,50013,-8.287878447755435,2.112
train,trainval,UoBUXOOdLXY,50002,0,pretrain,GeDSgi0A7A8,00011,-9.985811915019118,2.176
train,pretrain,DgofaSv4MA4,00014,0,pretrain,M4soSZ9aSu0,00023,3.624622135918539,4.48
train,pretrain,DhSoIwxWkkI,00031,0,pretrain,fwm3azuoLr4,00003,7.9792893843242325,8.576
train,pretrain,1Hok1iGFNSk,00001,0,pretrain,GeDSgi0A7A8,00013,8.698456723924444,8.192
train,trainval,hgWie9dnssU,50013,0,pretrain,RRRDYBwjjU0,00003,6.48631694061309,5.952
train,pretrain,0tVGSTxcsSU,00002,0,pretrain,o0TbaHimigw,00011,2.7567457657417336,5.12
train,pretrain,UCFg9bcW7Bk,00028,0,pretrain,KkyzYjPuxK8,00026,-8.907616280600031,5.696
train,pretrain,N2HgOWBXyc4,00011,0,pretrain,BnC6IABJXOI,00022,-0.6119980839281389,12.48
train,trainval,zSbCNWyYams,50001,0,pretrain,lbIh6yngKHo,00001,4.053082306786992,3.072
train,trainval,4VC0E1k77yI,50003,0,pretrain,kfAxGhOS3S8,00009,-1.5885551812940673,4.352
train,pretrain,9vpqilhW9uI,00038,0,pretrain,VFaQtPw3Va4,00013,4.3410047388005335,5.056
train,pretrain,SgYvy71CSSA,00032,0,pretrain,8zj8HJntlP4,00002,7.777642555924146,21.056
train,pretrain,wSF82AwSDiU,00006,0,pretrain,lV3trdyDdHE,00018,-6.8775891759931795,5.376
train,pretrain,Peu7eeGtmQ4,00023,0,pretrain,eUznJ3LtvGc,00023,2.652149004462572,4.864
train,pretrain,jEMfAJMw51A,00002,0,pretrain,HS8y0WLm78U,00039,0.6353171978442358,7.04
train,pretrain,SCCG81UbruY,00005,0,pretrain,CLSSiaFuLo4,00012,0.6639707713051717,8.0
train,pretrain,HS8y0WLm78U,00031,0,pretrain,xuAAPsiD768,00005,-1.302745080340273,7.296
train,pretrain,wfNX1cHkSfE,00014,0,pretrain,BGRy5VUSLfI,00017,-6.243936556359115,4.352
train,pretrain,IRVdiHu1VCc,00005,0,trainval,5XD2kNopsUs,50016,3.4831097496938934,4.288
train,pretrain,sfkEISl6heI,00001,0,pretrain,WmJwn4WDeLE,00036,2.803987201093248,9.536
train,pretrain,S6cX2p5cBVg,00014,0,pretrain,P2y3Uspr8Bg,00013,6.368833841836363,5.056
train,pretrain,PrZwUTdFmis,00008,0,pretrain,sucza6EOIf0,00045,-9.995756205314887,4.992
train,trainval,hQ4XmSR9zw8,50018,0,pretrain,bHLgTUV0XWI,00008,6.3268517556360635,3.52
train,pretrain,JSLUS3qLv0I,00010,0,pretrain,4c1lqFXHvqI,00004,5.394785771442649,14.4
train,trainval,GOZOhpxSAFI,50046,0,pretrain,9AgCr2tTvng,00037,9.282546753741151,3.136
train,pretrain,SQ06XyEtGzs,00002,0,pretrain,FRKg49ySnNw,00016,6.131925062391041,14.208
train,pretrain,whjLZogf9e0,00004,0,pretrain,MBZyRlxVdSE,00017,-8.821845389987512,4.608
train,pretrain,V48M5jS6zdE,00022,0,trainval,MEDgtjpycYg,50001,-9.0008805134248,5.632
train,pretrain,6Eu964BbJO4,00032,0,pretrain,v3FDwQVb0Nw,00009,5.1028527405731765,4.288
train,pretrain,NwmGTM5Py8Y,00046,0,trainval,VJRBx0JjMSM,50018,-6.515106394847551,6.144
train,pretrain,uFIc7XEVyM0,00014,0,pretrain,Ysxz5Ug70G0,00020,-2.7297448803762396,5.312
train,pretrain,paSYuxyRDuw,00015,0,pretrain,byHcqsGvcj8,00014,-9.199784007267027,3.968
train,pretrain,TQMbvJNRpLE,00020,0,pretrain,n9ZSpccScW0,00026,2.2755093772546253,4.608
train,pretrain,H1fvr9rGgSg,00039,0,pretrain,rMeIzXvYaYI,00018,-4.74073701992703,4.928
train,pretrain,5pW2b1vwwf4,00026,0,pretrain,3Z6x5t5A9so,00038,-7.444028660220965,4.416
train,pretrain,gXlIASSrI4E,00004,0,pretrain,ZZodGSsPrRE,00013,-1.3481334896832387,3.968
train,pretrain,dScYSVZtB7k,00006,0,pretrain,aeVtSWlH1qY,00011,-8.317639097370753,15.424
train,pretrain,B4a0NvLTebw,00003,0,pretrain,VHZKiSGNxWw,00002,-7.785354904811519,5.888
train,pretrain,S4XXhSwYASk,00016,0,pretrain,nko6uV5u9vg,00009,0.24332625341090086,9.28
train,pretrain,OOG65rSM5fA,00003,0,pretrain,Hh09xlzxRmE,00030,7.525186071436536,3.328
train,pretrain,qp0HIF3SfI4,00006,0,pretrain,3gSSNHO1dDs,00021,-7.806115638268825,5.76
train,pretrain,lAzQWtkPzbI,00020,0,pretrain,U5kIdtMJGc8,00032,3.395215638476902,11.136
train,pretrain,3uFbJG6tBpI,00008,0,pretrain,CrsdoIOGCRw,00005,4.140272556196658,6.592
train,pretrain,EHTmxmuhZ10,00029,0,pretrain,6AvXhgXlGpE,00036,-5.779448284372448,4.288
train,pretrain,j8T3bdqTdp4,00026,0,trainval,askcLEVCTko,50005,8.465222925562497,2.112
train,pretrain,W9YBCwgrwQA,00001,0,trainval,nubSKdtzLcE,50013,-7.312309995681501,5.248
train,pretrain,6oLsJUH1cfU,00002,0,trainval,z5aAJGNSRHs,50009,-0.16371869948663864,5.952
train,pretrain,aiIxdFBA0Sw,00021,0,trainval,RmXiItk49Gw,50015,4.386500115440393,2.88
train,pretrain,NgVwPj54TEo,00018,0,pretrain,vdDFLzyk94k,00022,-4.719705117229416,9.856
train,pretrain,tbvUCrS5S5I,00011,0,pretrain,4Lb5LSVEm34,00014,8.33220981106587,9.216
train,trainval,xDe346z233Y,50008,0,pretrain,asSNPOU5U3c,00037,3.9884484941816822,6.08
train,pretrain,HSpqhMO3ZSY,00015,0,pretrain,a3im2S5mQCM,00012,8.010708156880163,4.48
train,pretrain,GCOc31fQi7A,00021,0,pretrain,UvbFr0eSsg8,00014,-3.9845268419779405,12.416
train,trainval,GP4sBGbeF8w,50004,0,pretrain,Kqm9AEvJgxU,00023,-6.289204005759408,3.264
train,trainval,KxDwieKpawg,50010,0,pretrain,tpH2fhwCzSM,00014,-3.6761405630805584,2.624
train,pretrain,7LE4MoJS2po,00015,0,pretrain,C3DyhrDsNUA,00018,3.9020402469483546,12.608
train,pretrain,CdxVbUjaSpY,00012,0,pretrain,q4TJEASZRys,00021,-9.041999580996416,14.528
train,pretrain,DhSoIwxWkkI,00009,0,pretrain,XO1MeSMYSQ0,00030,3.5222199038176143,6.528
train,pretrain,8dSDMQNoikU,00020,0,pretrain,zMWYQRKuc5M,00011,0.043399716178306846,6.016
train,pretrain,nLotSkXFSUg,00005,0,pretrain,6ydYeyNSQVY,00007,5.987600121933216,8.704
train,pretrain,PsihkFWDt3Y,00004,0,pretrain,4ef6KJ7vfIw,00002,-6.952164089612516,6.976
train,pretrain,yr6khSQOk0s,00013,0,pretrain,h9SKyrHRhDo,00019,4.564066780771521,3.648
train,pretrain,Ssl0043HgQU,00033,0,pretrain,oTHSfmQo3Ok,00009,-7.9224517189205335,10.56
train,pretrain,PYSkd46RfVE,00029,0,trainval,SeBUcBfkVCo,50027,9.447617407198454,4.224
train,pretrain,5Yikqlc7yl8,00020,0,pretrain,qu7ZpWecIS8,00005,2.833964898103334,3.2
train,pretrain,JKsHhXwqDqM,00028,0,pretrain,MHN1gqrXMUM,00024,3.892505883776405,5.44
train,pretrain,NuJg8auo7FE,00007,0,pretrain,h1Yg1rURKR0,00018,-3.904248499049494,5.056
train,pretrain,S1VpOweDio8,00002,0,pretrain,A71OktxTPac,00014,-2.722551203695218,7.104
train,pretrain,3DsHHfu4Sco,00013,0,pretrain,XX30i6nC7ro,00026,5.946381629913278,5.76
train,pretrain,VM7HQSzbdIw,00019,0,pretrain,iSicXZ2tMRM,00022,-9.910862015224337,2.176
train,pretrain,XS85KAYKOT4,00004,0,pretrain,btF6nKHo2i0,00076,3.738932553983485,6.528
train,pretrain,bxkslfQc0EA,00003,0,trainval,gPEECGFJFb8,50001,-5.136482348997284,6.016
train,pretrain,kU7veyGGps4,00006,0,pretrain,fHhIkynELNQ,00009,-8.487575027207985,6.848
train,pretrain,R21MsHQA8vM,00018,0,pretrain,pMNxSROBwrg,00004,0.518253516360927,9.152
train,pretrain,dhMoQrLEJe0,00014,0,trainval,VC3H1lMEeS4,50005,-5.439037971944877,2.944
train,pretrain,OGhbCC9mNM8,00015,0,pretrain,ZdDjexbxVzM,00007,0.5707683779143338,5.696
train,pretrain,6fJRmouSDL4,00007,0,pretrain,Ctz4E2ARkCg,00022,5.599364036434835,14.976
train,pretrain,1CN7PF10RKo,00016,0,pretrain,HAKea48B3oM,00003,0.43364278635243103,5.184
train,pretrain,re7fSqe6SBI,00001,0,trainval,1IxIDGyISzk,50019,-8.427584370094962,4.928
train,trainval,HCG1petekXw,50014,0,pretrain,YuEm03Ko0J8,00008,-1.8391424375593282,2.56
train,pretrain,OEydHbngSz0,00017,0,pretrain,gaY4m00wXpw,00007,-9.344025897824624,11.648
train,pretrain,fw30yjccnD4,00015,0,pretrain,H03o2WCBoDU,00001,-2.5527789781762937,5.44
train,pretrain,Fr26scqsIwk,00013,0,pretrain,5PhNVxr7Vtw,00017,-9.813416898878593,3.648
train,pretrain,bEdvQjTGYP8,00011,0,pretrain,C74amJRp730,00026,-6.509843557396109,8.576
train,trainval,YraU52j3y8s,50018,0,trainval,avuhY7D71sQ,50003,9.277864482016053,2.368
train,pretrain,M3mnUMmUAHQ,00029,0,trainval,qP2W2k3L1Ow,50032,3.042935746008414,5.824
train,trainval,i0QKBKWnkxg,50019,0,pretrain,h1Yg1rURKR0,00013,6.731843147217333,2.112
train,pretrain,5vXRgT6egSU,00019,0,pretrain,DZT6YpCsapg,00029,-7.922238266644587,5.696
train,pretrain,tsFKSfItBoE,00006,0,pretrain,njESlZa2b10,00019,8.712248276656197,19.648
train,pretrain,F6NU0DMjv0Y,00007,0,pretrain,3dy4SGkSD8M,00033,-2.172911161073106,11.072
train,pretrain,1xgCI05l2GA,00031,0,pretrain,da1vvigy5tQ,00038,-3.075502236517405,10.368
train,pretrain,S1VpOweDio8,00003,0,pretrain,oiVSHkItqxo,00011,7.872260682861846,3.456
train,trainval,lnvkNGc6YYM,50003,0,pretrain,S9O9vyJBQ6g,00029,-2.209266633451872,5.248
train,pretrain,FXYFLK0KZio,00011,0,pretrain,oDdcx5luv5s,00021,5.148897279237039,4.864
train,trainval,RcGyVTAoXEU,50007,0,pretrain,U1a72bvusS0,00019,2.728303255578254,3.328
train,pretrain,0sYguTPLpHE,00002,0,pretrain,gSCSsL3it9Y,00006,4.344445224847579,3.776
train,pretrain,ZmSF9gVz9pg,00006,0,pretrain,pPgd7Hj3ABQ,00007,5.442358622256851,9.6
train,pretrain,tkIgSSxPzTA,00015,0,pretrain,0kPu6eKpja8,00009,-8.608638271870937,3.456
train,pretrain,TOyygXMkWGQ,00009,0,pretrain,MtSE4rglxbY,00045,3.658876315587099,5.824
train,pretrain,3o655tLnik0,00001,0,pretrain,G6dfUFgKmN4,00031,-4.598629678705002,4.8
train,pretrain,KVjkFqS7Y6A,00013,0,pretrain,Fc1yN6uxZfQ,00019,-8.803329330258068,5.12
train,pretrain,wKIHuxe2fi0,00028,0,pretrain,JoGCaI1HzYo,00005,-9.292866374239445,5.376
train,pretrain,9AgCr2tTvng,00029,0,trainval,moS9iMlmsP0,50001,-7.155822083138464,2.56
train,pretrain,3WCwBVprDuQ,00019,0,pretrain,XiEQmcZi8cM,00013,6.147150514221192,5.44
train,pretrain,pbSSrJGgVIo,00053,0,trainval,wWLf4u2xJVM,50001,2.373145686084177,5.44
train,pretrain,LCxcnUrokJo,00016,0,pretrain,UwtYQFSJSQc,00039,-9.319045597634084,12.928
train,trainval,zyet9fPS24k,50002,0,pretrain,3E46oWB4V0s,00010,-0.6108146626831346,3.008
train,trainval,40riCqvRoMs,50001,0,pretrain,WfTZ5iIUn4s,00010,1.3986171961687361,2.752
train,pretrain,jsZDlBU36n0,00039,0,pretrain,JrRRvqgYgT0,00005,-0.9229050114866588,11.84
train,pretrain,4bHO8NZwmIg,00009,0,pretrain,y66YKWzSsf0,00006,-1.275323406717142,4.928
train,pretrain,3M29BY86bP4,00028,0,pretrain,8OnsjVdEuRk,00006,-5.967793640266299,5.44
train,pretrain,7Xmr87nsl74,00002,0,pretrain,ZCS0MZuVBwE,00031,1.272312198947521,7.744
train,pretrain,v3oSF94S4FI,00021,0,pretrain,WKlIytaSlu4,00021,5.436730183507102,3.52
train,pretrain,zqLYcJ6Ib3c,00002,0,pretrain,1TYPldG99dk,00041,7.3784296223972845,6.4
train,trainval,796LfXwzIUk,50014,0,pretrain,wN3ovSzal3g,00009,-3.9812943096770574,2.368
train,pretrain,kvpUiBqHoVM,00014,0,pretrain,HlnhCdujYco,00015,-5.016785840501827,5.248
train,pretrain,4yyPSZSGLOI,00003,0,pretrain,iF4s75ZPano,00017,-4.743185066204012,9.472
train,pretrain,Tmk7nAvpMXQ,00029,0,pretrain,EU15c9hnftE,00016,-0.14747856269277726,4.224
train,pretrain,YzQDnTPuNZM,00007,0,pretrain,gB23pKmyIHM,00017,3.1941523672218786,8.704
train,pretrain,bRCo1Wxksfg,00007,0,pretrain,PVzcGhZ8Aeg,00001,2.8390076525101886,4.8
train,pretrain,MOFdlEbu15g,00061,0,pretrain,vIS902jj8pA,00004,-8.15314466830568,4.288
train,pretrain,lwVYaY39YbQ,00003,0,pretrain,4BZuWrdCS9Q,00018,3.8508965112258196,20.032
train,pretrain,mclzytQQMGI,00007,0,pretrain,bB5zR2xYhm4,00008,0.2771092273311009,6.848
train,pretrain,NZspSEdO2Xk,00013,0,trainval,1hxwsYYz5fI,50001,4.635548851285272,2.176
train,pretrain,BKOqq21S4Nw,00015,0,pretrain,RmXiItk49Gw,00028,-2.573236389881459,4.224
train,pretrain,hxJ8LELZCjo,00032,0,pretrain,TVfmUfr8VPA,00020,4.051082587981744,3.84
train,pretrain,uhRhtFFhNzQ,00006,0,pretrain,ce31WjiVcY0,00030,-1.076511322610628,11.776
train,pretrain,YVzSVEJa5Gg,00002,0,pretrain,8rZzHkpyPkc,00012,2.456701170549282,10.24
train,pretrain,oiVSHkItqxo,00012,0,pretrain,9Q2hew8759w,00003,7.13308387008739,4.48
train,pretrain,o08ykAqLOxk,00022,0,pretrain,yq3TQoMjXTw,00045,5.555422064837103,3.776
train,pretrain,Si644sBMaOY,00019,0,pretrain,8cwWSS29faQ,00001,9.71496965769683,6.208
train,pretrain,xyIQFI865Sw,00012,0,trainval,imaWSTabxOE,50001,3.2139547707871845,6.08
train,pretrain,RxmzCJug9HE,00001,0,trainval,Mr8nvXvlSy8,50036,-2.780669617531794,3.392
train,trainval,KE3SK9M3JjY,50011,0,pretrain,AQcUeQsljSs,00012,-1.6247444931639805,3.52
train,pretrain,nz0cAjXVepg,00011,0,trainval,a5xR4QB1ADw,50007,7.200146655234754,5.824
train,pretrain,16p9YRF0lSg,00022,0,pretrain,QdAG161FeT8,00016,-8.893970596941754,13.056
train,pretrain,rWhLSORCwW0,00001,0,pretrain,V1ItvwxBENg,00021,-9.786154174220114,4.864
train,pretrain,ALTvG9MIR64,00024,0,pretrain,XPa1RE59wpg,00002,6.783013589621682,22.464
train,pretrain,gB23pKmyIHM,00023,0,trainval,b1sQZxrBMXk,50002,5.865315152419029,2.368
train,pretrain,VQRjouwKDlU,00004,0,pretrain,8olL43PKJKw,00014,5.215885159856118,5.376
train,pretrain,1NG7FoC5XRo,00029,0,pretrain,bkeBjPS9ZR4,00028,-8.207354543263243,3.776
train,pretrain,eHzLV1LM4Rs,00005,0,trainval,ac1mOswXxLs,50009,-1.103626244405751,3.136
train,pretrain,h4mmeN8gv9o,00016,0,pretrain,dk60sYrU2RU,00011,3.3908909558955855,2.304
train,pretrain,trxGZMm4nBQ,00009,0,pretrain,XiEQmcZi8cM,00036,8.661668662828856,6.656
train,pretrain,JtSjYnXD83Q,00010,0,trainval,L6PW0Nw35X0,50008,-2.5052407680772397,3.456
train,pretrain,uOrZF8FdtLc,00003,0,pretrain,imhUmLtlZpw,00019,-1.1017997019111352,7.36
train,pretrain,qxmEpmCtM3o,00030,0,pretrain,inxIM1aGvZY,00011,2.553785625342739,8.256
train,pretrain,uQGYr9bnktw,00022,0,pretrain,lGbuCmuTJHg,00032,-0.5049806771834611,4.928
train,pretrain,rGgoCm1hofM,00026,0,pretrain,uYaF8pSTNSU,00064,4.705683729177402,3.904
train,pretrain,P65XdTlk4vA,00002,0,pretrain,QHSrG9Tuz84,00010,-1.3466178748117859,3.264
train,pretrain,S6cX2p5cBVg,00030,0,pretrain,IFF9iSgOO7w,00008,-9.630738067031388,7.168
train,pretrain,2KSP7HvSZwg,00017,0,pretrain,lfBpsV1Hwqs,00042,7.856939137959667,4.8
train,pretrain,a2MR5XbJtXU,00027,0,trainval,A9kQBAH1nK4,50004,1.7033084169686887,6.208
train,trainval,J6ZzmqDMhi0,50004,0,trainval,OF5VVrsnpzo,50019,-4.023692597444213,2.88
train,pretrain,LZXUR4z2P9w,00032,0,trainval,a17Z5Sk2XJY,50010,3.05460786356206,5.376
train,pretrain,gqpErbFnbiY,00011,0,pretrain,6XNrzmh0EVs,00004,-4.873197928017367,7.68
train,pretrain,wPFA8n7goio,00013,0,pretrain,btlF4ZSAoFc,00008,-1.1323067241378553,8.96
train,pretrain,pGSQG0IyNTo,00005,0,pretrain,Kn5JRgz3W0o,00022,-0.7848599771962412,5.632
train,pretrain,4BwSMSCFdu0,00034,0,trainval,kiDfwUQySEs,50022,-6.013819311098829,3.136
train,pretrain,E6atIJ8RDzU,00019,0,pretrain,6StqiaPoS2U,00015,-7.730526519692427,5.376
train,pretrain,vkEeNkHilIg,00014,0,pretrain,36m1oStM05g,00009,4.383529117943253,11.584
train,trainval,0N1oA9LUEc4,50002,0,trainval,r9DDE7NV1Nw,50018,-3.263454022622736,2.752
train,pretrain,mkdSXHXhCcw,00034,0,pretrain,fmZSIr2Z29s,00003,-8.633666259360647,8.32
train,pretrain,yqc9zX04DXs,00023,0,pretrain,XVXmYD0UPRQ,00019,-8.742420531951982,3.52
train,pretrain,hHOX3dlhhZ0,00022,0,pretrain,KaiwGb0csas,00026,-2.8726444167967102,9.536
train,trainval,Wm0GKnd3JvA,50001,0,trainval,pWrgvI4nyyg,50008,-2.3512885740037497,3.456
train,trainval,YsASJTeHJ6A,50004,0,pretrain,9vKRj9yV8pI,00023,5.517603500556145,3.584
train,pretrain,1sE96vd8W40,00030,0,pretrain,kLIfeGflNp8,00004,-5.219006112554432,5.248
train,pretrain,J6tgYBMXR6s,00003,0,pretrain,i6SbQqqRVtM,00003,1.9059900449943346,4.416
train,pretrain,SU1foLW8h54,00008,0,pretrain,dvuh1Np35Pk,00041,3.1574386947849042,7.36
train,pretrain,DzNNS4rcIjs,00023,0,pretrain,SKx2lfobPuU,00018,4.935277144120228,6.08
train,pretrain,XPkV1bDZDl4,00012,0,pretrain,h9SKyrHRhDo,00029,-3.708145412580526,4.8
train,trainval,jSSqQDPGW2k,50015,0,pretrain,MnT1xgZgkpk,00007,-2.7009605950085858,5.824
train,trainval,znO7UHpxgTI,50005,0,pretrain,Kk7kzUt3SLc,00034,5.949554117746219,6.08
train,pretrain,4O2JKS94g3Y,00009,0,trainval,vZWokpaQ3NE,50008,2.3549488179863722,5.248
train,pretrain,cf3zxHuSM2Y,00053,0,pretrain,hVsnkRoYfX0,00025,4.860784037112669,11.392
train,pretrain,VSbjOJzB7LY,00011,0,pretrain,kFMZrEABdw4,00009,8.000319736895328,4.992
train,pretrain,ulLFP8axZVQ,00020,0,pretrain,eH5qxw6Pd1c,00012,2.429248319127911,7.296
train,pretrain,w96osGZaS74,00031,0,pretrain,HqawqHB7nDM,00021,-7.821125015377524,7.296
train,pretrain,khRkIVPa1Vc,00026,0,pretrain,VL5zqmpiJlQ,00003,-7.459556842768487,4.096
train,pretrain,2jTdZSPBRRE,00008,0,pretrain,Chr3rQ6Vpcw,00010,4.449754947622925,7.488
train,pretrain,UVDgemuZdho,00012,0,pretrain,jfqwHT3u1S8,00016,-7.9299293285873995,9.28
train,trainval,5K57kcs15DY,50022,0,pretrain,fSf5wNwS2c0,00023,6.937395869154727,2.88
train,pretrain,pxr2GRJ6tjc,00009,0,pretrain,tMSU6k5SWXg,00017,-8.442576025740056,6.272
train,pretrain,xuAAPsiD768,00002,0,pretrain,1sE96vd8W40,00030,8.365975038180231,8.576
train,trainval,c2tOp7OxyQ8,50059,0,pretrain,FPhZGDS6kVQ,00001,-3.016618149584847,2.24
train,pretrain,JRHzQG0aI8w,00020,0,pretrain,sNbGUSI9HWw,00040,5.3280135072522725,4.8
train,pretrain,WSsjBMSWSYE,00002,0,pretrain,SrqmuYvk3iQ,00024,1.1246715276674593,7.552
train,pretrain,y62pJTJkfbg,00002,0,pretrain,aEa11FZwTRY,00020,7.298358727449809,6.336
train,pretrain,btlF4ZSAoFc,00012,0,pretrain,vY2l2xfDBcE,00006,1.6367541318315695,9.856
train,pretrain,YhvfOlPYifY,00008,0,pretrain,PNqu5BWeHDw,00003,-0.5558892931081054,5.056
train,pretrain,DcKdClnpz4k,00011,0,pretrain,796LfXwzIUk,00016,0.1557610720012086,8.128
train,pretrain,rufeSSlZJg8,00020,0,pretrain,LS3wMC2BpxU,00015,1.9216020942865342,8.96
train,pretrain,AfnruW7yERA,00047,0,pretrain,c8re1U9rCo4,00011,-9.953025446905599,12.288
train,pretrain,BMDSPhk7JSY,00004,0,pretrain,vGDZmSnSkfo,00022,-1.5058482967542748,9.472
train,pretrain,AjF0rquH11U,00015,0,pretrain,aQ8T4sySLxw,00014,2.020658070972079,6.656
train,pretrain,RVX8ZSAR4OY,00017,0,pretrain,5p0ptQizXjg,00007,-1.2226650454332741,15.296
train,trainval,2dnSoGaEHxs,50001,0,pretrain,KQEWc3LVfyc,00021,-5.886359916883239,3.136
train,trainval,ZVRbSuY3h9w,50007,0,pretrain,tFX1nQLZUVM,00004,5.351748660570802,6.208
train,pretrain,Pzd7ReqiQnE,00007,0,trainval,RLh5CRUecfY,50002,5.453244428183222,5.824
train,pretrain,SZSc5UCSZS0,00007,0,pretrain,dj4Qk5rUmRw,00011,-8.175241554356951,7.68
train,pretrain,Possj5cXEnM,00005,0,trainval,VNGFep6rncY,50001,-4.075037957028469,3.776
train,pretrain,CiZMZ7d7O0k,00005,0,trainval,zpNBwNgWejs,50001,-3.5879951790627445,3.776
train,pretrain,G8cjIBwP52o,00015,0,pretrain,vvhiNSqq6oo,00021,-7.676558617626858,9.92
train,pretrain,HgRJNsTb08Q,00017,0,pretrain,ww4kNxYE0c4,00003,3.1204799553155276,4.352
train,pretrain,aUBawr1hUwo,00030,0,pretrain,BURbLmQL1BE,00011,3.609654914633655,11.392
train,pretrain,2zvjW9arAZ0,00055,0,pretrain,naSNfaSbOjA,00005,3.1372652103839975,4.544
train,pretrain,TDCYJ3Sgx2w,00013,0,pretrain,zyet9fPS24k,00009,-4.179776584521651,4.032
train,pretrain,q06YIWCR2Js,00006,0,pretrain,ZHOyfyGwpes,00050,-3.9829826835572524,13.696
train,pretrain,MbdxeFcQtaU,00021,0,pretrain,FETryXMpDl8,00001,2.5116988312133177,5.056
train,pretrain,0d6iSvF1UmA,00032,0,pretrain,SfHRcaS6r3w,00022,-2.8382763261715427,9.6
train,pretrain,ay8OMOsf6AQ,00036,0,pretrain,YrtANPtnhyg,00001,-0.5500581177101473,5.888
train,trainval,5tUnSuoYKoE,50005,0,pretrain,SNzyG5RzZyY,00001,-1.3699619161301761,5.376
train,pretrain,Y8wol2nGSpY,00013,0,pretrain,RxqyO5hafdk,00007,2.777192735025668,9.664
train,pretrain,BMcduh1HEHA,00026,0,pretrain,mQOOgDqUta0,00021,-6.653004485468044,5.76
train,pretrain,kOPMqiKhoSc,00006,0,pretrain,QbSD6PTcmfs,00017,-3.787107293700611,6.656
train,pretrain,G8gJJuCdPSA,00034,0,pretrain,yjtCDgjxRAw,00019,5.839442673175171,11.264
train,pretrain,4yyPSZSGLOI,00006,0,pretrain,s32OdFz9ttk,00007,-5.132612118745263,7.616
train,pretrain,qtOIh93Hvuw,00004,0,trainval,sa0RUmGTCYY,50006,9.498763377377276,2.432
train,pretrain,1OQkdRdfyjI,00011,0,trainval,A3Vpjwye9Mw,50003,-8.813526408077898,2.944
train,pretrain,KzeQSZ3bQ2g,00029,0,pretrain,6e99DuPQ6j8,00010,-2.211107033857722,3.008
train,trainval,asgdGSGQBgY,50009,0,pretrain,NXfYNdapq3Q,00037,6.961010842466937,6.144
train,pretrain,yXTtHmj1sr0,00024,0,trainval,mJxA8eIWQUc,50005,6.752293455755844,2.816
train,pretrain,bXRCVHVstEY,00011,0,pretrain,o0TbaHimigw,00017,6.688224288562175,5.184
train,trainval,eqDgt12m26c,50016,0,pretrain,TexXAuRSe0g,00008,-2.9577851382840787,3.776
train,pretrain,aTgPJQ9Dy7Q,00018,0,pretrain,jyYjI7zQlaA,00014,6.393724111655768,7.68
train,pretrain,VStEmE85QDE,00018,0,pretrain,08ZWROqoTZo,00031,-0.3643262142386643,9.216
train,trainval,0ygtX2nyexo,50028,0,trainval,abMQhaMdQu0,50011,-4.7503265515466975,5.12
train,pretrain,KTTtn0iSZyA,00011,0,pretrain,P9YbrVFoX0Q,00023,-7.000706524582883,3.648
train,pretrain,xp0O2vi8DX4,00035,0,pretrain,h9x2SWgwhY4,00003,9.284221486560106,5.568
train,pretrain,iEySxTbcr2A,00033,0,trainval,4jUdCy6Vghw,50010,1.6745694286096153,4.608
train,pretrain,R84vqXjXWJc,00013,0,pretrain,upNONoxskiw,00004,1.7515459591813194,6.336
train,pretrain,3OMgvtWNHp4,00033,0,pretrain,MSE5Vryrd0I,00017,-4.778583626006183,6.656
train,pretrain,9YR8jNtV4BE,00057,0,pretrain,ilMwoEdqMTs,00022,7.037148112524459,6.976
train,pretrain,5l4cA8zSreQ,00004,0,pretrain,Lp5Ccer5NM8,00020,-1.340775932411491,3.904
train,pretrain,pcSlowAhvUk,00025,0,pretrain,RxqyO5hafdk,00014,-9.15806192058737,8.96
train,pretrain,CTEhgUmSrro,00011,0,pretrain,FauPVZxDXxk,00006,-0.4968825563313004,6.784
train,pretrain,xcR1SWhjZys,00002,0,pretrain,twG4mr6Jov0,00034,-4.035466347428862,12.608
train,pretrain,hPsUXhXgWmI,00033,0,pretrain,I4PU2JlhO80,00005,5.062467427202478,7.744
train,trainval,om6SewSRwtU,50015,0,pretrain,vUP0ytS6ba4,00005,9.14107350766998,3.904
train,pretrain,796LfXwzIUk,00006,0,pretrain,9KaMufF0rAY,00003,-1.3368075089115035,8.256
train,trainval,LyOgVtNtEb4,50002,0,pretrain,9AgCr2tTvng,00002,-5.076281210018065,4.096
train,trainval,CzgS9C7gw0o,50002,0,pretrain,KaiwGb0csas,00020,7.433212568443949,5.248
train,trainval,M3mnUMmUAHQ,50015,0,pretrain,8QuAokSXiyg,00004,-2.670397635591666,6.08
train,trainval,P6w7Eq7YhL8,50002,0,pretrain,CpkXmtJOH84,00008,3.797432739833182,4.16
train,pretrain,k0T6rfpYoqA,00019,0,pretrain,jFG7jqJXbno,00032,3.486671955384285,9.984
train,pretrain,oAUU7cQmYiE,00003,0,pretrain,f8U2GwInI9o,00003,-1.2439827520022995,6.144
train,pretrain,ww4kNxYE0c4,00040,0,trainval,XvS83nXSf0k,50005,-3.7659698812066082,4.608
train,pretrain,no809a9j25w,00022,0,pretrain,xTMZJvfzxGY,00005,-2.5282114469453854,3.84
train,trainval,5uVtphj4b6c,50008,0,pretrain,UuXeY3S2emA,00018,-2.6156422699662674,2.24
train,pretrain,Kqm9AEvJgxU,00015,0,pretrain,LNHBMFCzznE,00040,-0.6769438983476572,4.8
train,pretrain,F4Zu5ZZAG7I,00001,0,pretrain,pTZM9X3JfTk,00011,0.32855066486406415,6.208
train,trainval,Z6T37m4r3yo,50001,0,pretrain,oKtALHe3Y9Q,00025,-3.3223863717437174,6.08
train,pretrain,VPxEde3Q1F0,00010,0,pretrain,lv2SjZ6tIGg,00009,-2.578171291460622,15.424
train,trainval,dLHWVTa5xZs,50020,0,pretrain,NlzanAw0RP4,00011,0.6727518559489525,4.864
train,trainval,dOOtM7ZpAS8,50001,0,pretrain,JSuTsrxfYWQ,00034,3.1581738748295614,2.624
train,pretrain,2dnSoGaEHxs,00002,0,pretrain,YrtANPtnhyg,00001,-1.652774710862543,7.04
train,pretrain,sR6P5Qdvlnk,00008,0,pretrain,9ijS6iMi9gA,00008,4.422249129208291,4.48
train,pretrain,twG4mr6Jov0,00003,0,pretrain,3NzgEwye6Uk,00010,-4.680415023380697,5.184
train,pretrain,wMWYLgj1ydw,00012,0,pretrain,bRQahFJUSJQ,00007,1.4598299111750794,11.264
train,pretrain,S3SnIMZ43EQ,00004,0,pretrain,GzB0BDstCI0,00001,-6.845915671013585,4.416
train,pretrain,P5Mpo4JQZhw,00036,0,pretrain,FPhZGDS6kVQ,00017,2.121777434524443,5.12
train,pretrain,wQJC2MMB8nA,00009,0,pretrain,NhSTVcNFtVI,00009,-9.646637425705578,13.696
train,pretrain,S2uSeHHzRto,00011,0,pretrain,yDubrSRjlCE,00010,8.733703684637334,6.016
train,pretrain,a7B39MLVeIc,00002,0,pretrain,F8R7S4AoGhs,00006,9.452416783286338,8.128
train,pretrain,imhUmLtlZpw,00026,0,trainval,f6CILJA110Y,50064,-8.655846036777978,2.56
train,pretrain,tsgvhP07BC8,00038,0,pretrain,iAZwvTV3CyQ,00012,-3.427190389318193,7.168
train,trainval,GIt6Z0k3PQo,50001,0,pretrain,XGq3MXQlRJs,00009,-2.8309088163797513,2.688
train,pretrain,rugSZIFY7mc,00024,0,pretrain,5QTjSH1KGlY,00001,-0.12461257543503379,8.64
train,pretrain,d6eMdixkoRI,00014,0,pretrain,mkdSXHXhCcw,00082,-4.033066984310785,20.8
train,pretrain,7HD3lrb6VtM,00012,0,trainval,gjfYohXoiz0,50007,-8.106238778067825,3.392
train,pretrain,HDjM5lw8OYo,00008,0,pretrain,VGpZ06RlVfI,00018,-5.649759038131732,12.096
train,pretrain,USmTQeKRaP4,00006,0,pretrain,rmeGVhhbGrM,00028,3.3101611567436464,7.68
train,pretrain,SQdPW8JrYzQ,00003,0,pretrain,WMAunz9LqZU,00005,-8.017525883223868,2.56
train,pretrain,tbicAmaXYtM,00039,0,trainval,rYwTA5RA9eU,50018,-9.25031586943135,4.544
train,pretrain,aUBawr1hUwo,00019,0,pretrain,X9FFzWUInyA,00025,-1.830170796742351,7.616
train,trainval,iARReKKgETs,50008,0,pretrain,sYySLEdYr8A,00020,-7.124632022517952,4.672
train,pretrain,pbotabqHUys,00008,0,pretrain,0ZhL7P7w3as,00025,-4.038767600856392,14.656
train,pretrain,rGgoCm1hofM,00018,0,pretrain,jKcm96l0uqE,00004,0.1376963230891768,3.776
train,pretrain,QxkxcsrveLw,00013,0,pretrain,uYyvbgINZkQ,00031,4.384692360544928,6.336
train,pretrain,NiKtZgImdlY,00007,0,pretrain,Ssl0043HgQU,00011,2.7047406953301074,7.68
train,pretrain,pPgd7Hj3ABQ,00033,0,pretrain,Qd5rAVHT6Vw,00003,3.5446589172181824,11.136
train,trainval,drXnDLHKKPM,50003,0,pretrain,JSuTsrxfYWQ,00020,-2.633455491040067,3.648
train,pretrain,tSSNoFstCmQ,00027,0,pretrain,bq39x2HWjNk,00025,-3.6120159437481476,7.04
train,trainval,TUtxSwC5mqA,50002,0,pretrain,20adDr7Felw,00018,3.6163242562379683,2.688
train,trainval,cplaWsiu7Yg,50002,0,pretrain,ts9JpM0gHMU,00061,1.7110016124451821,6.08
train,pretrain,3GFG6Cvy9HQ,00031,0,pretrain,UWKvpFZJwcE,00020,1.7604569038821438,5.696
train,trainval,TT6qWghHkFI,50001,0,pretrain,Qy5A8dVYU3k,00013,4.957256266349759,2.368
train,pretrain,WKXmw7uZc5U,00019,0,trainval,7Y9W1Gex660,50002,0.2161851510304622,5.824
train,pretrain,SxMWqUe8FdU,00008,0,pretrain,5ErKrSyUpEo,00036,6.293292888997776,5.248
train,pretrain,1BHOflzxPjI,00013,0,pretrain,F4RMDoGCCK0,00006,4.4185408800561845,4.48
train,pretrain,DwQMDyyS42Q,00017,0,trainval,gjCwsdCssdk,50004,8.906849041673553,5.696
train,pretrain,ShY9QSdaReY,00016,0,pretrain,wYCSHKl4RPU,00003,-0.9291676277935039,8.128
train,pretrain,v84pD2g3gSk,00042,0,pretrain,hTAXEq6zLo8,00002,9.059962477961122,4.096
train,pretrain,2cYDyMnL4M8,00013,0,pretrain,iUbfRzxNy20,00021,3.2808402874157476,6.976
train,pretrain,dE1DuBesGYM,00055,0,pretrain,0FkuRwU8HFc,00032,-7.846065923822665,7.296
train,pretrain,N37x4GgDVBM,00001,0,trainval,bNpx7gpSqbY,50004,-3.654941026572491,3.328
train,pretrain,Ztl2li6GTWg,00002,0,pretrain,mRgSUwk1hnE,00002,-0.3211380510494859,3.648
train,pretrain,gObgox0tfgw,00001,0,pretrain,qzR62JJCMBQ,00005,4.201886738909334,5.376
train,trainval,UpkAqPEcMyE,50009,0,pretrain,RsxlLsHtoBI,00046,2.8154300747161614,4.48
train,pretrain,pgmiPXAwiLg,00014,0,pretrain,orumugzJpt0,00013,-3.569291714026683,3.2
train,pretrain,aMrCYPCsLUk,00007,0,pretrain,xpnFeyMGUs8,00006,0.4099942528016527,2.816
train,pretrain,Cd0JH1AreDw,00005,0,pretrain,GZyjTPEufLk,00022,7.283884346102369,7.296
train,trainval,vHhn7z6BA0w,50013,0,pretrain,jPyR3UDhOm4,00009,4.810975219902554,6.016
train,pretrain,CKEGaSJi3bk,00011,0,pretrain,aiDSQyFdd68,00024,-1.2464089822226772,14.72
train,pretrain,QWN5xhV6v1U,00023,0,pretrain,ZSRaJIMYSMs,00016,-6.23188723883419,8.576
train,pretrain,OKIyDMaxh4w,00021,0,pretrain,VynSxLrtZaY,00028,1.1998720174625355,6.144
train,pretrain,Sm5xFSUYgdg,00010,0,pretrain,HFFBkbsSFY0,00021,-1.820658005042528,7.104
train,pretrain,g2m97gPI70I,00017,0,pretrain,LsESSyMnwmU,00051,6.72121729814339,3.904
train,trainval,6XS8TA4RBog,50001,0,pretrain,VL5zqmpiJlQ,00016,7.257906741844302,4.416
train,pretrain,EaYS6muHSSI,00002,0,trainval,1rTEOU67zCo,50021,3.8010987566857235,2.56
train,trainval,Re53vgaVFvI,50002,0,trainval,PsihkFWDt3Y,50003,8.474549075241654,2.112
train,pretrain,XAvE61JqkQs,00040,0,pretrain,8meWY0W40OA,00005,6.288721517723683,14.656
train,pretrain,O4Og5tFNiaU,00048,0,pretrain,8rZzHkpyPkc,00044,7.559926882827803,9.344
train,pretrain,RKmxL8VYy0M,00007,0,pretrain,mDSuP2BsVy4,00026,-4.31595473697354,4.736
train,pretrain,n83zdD2Y8Zc,00001,0,trainval,uKByBgqxOw4,50002,-7.533520895745438,3.136
train,pretrain,dRic5yJC8UY,00026,0,pretrain,5iqZzi9mj4M,00040,-4.875074957856733,8.448
train,pretrain,zvvZEIGNLo0,00012,0,pretrain,kj9HYBDSknQ,00002,-1.4085405805730637,12.8
train,trainval,qQIwTWJSd2I,50002,0,pretrain,HFqLoHyCTRc,00013,-9.565089532079224,5.952
train,trainval,VfKWd7iXMSo,50014,0,pretrain,aR5N2Jl8k14,00023,-0.2109787062429973,5.44
train,pretrain,7A66iZQXNh4,00023,0,pretrain,GwRzjFQaSOg,00013,-1.1208462736616873,5.12
train,trainval,zISxg4JhSRk,50021,0,pretrain,U7fFCaHZvVk,00026,4.589558306770492,5.888
train,pretrain,4a6ZRstYlgw,00013,0,pretrain,7sxpKhIbr0E,00038,2.4555120106509243,4.096
train,pretrain,9o2CRjTRKIA,00008,0,pretrain,Tmk7nAvpMXQ,00027,9.324920962900002,13.952
train,pretrain,xQZxGCPjpqM,00012,0,pretrain,o9DNWK6WfQw,00041,2.372738532228805,6.4
train,pretrain,d0yGdNEWdn0,00037,0,pretrain,nZLO2PnGzMg,00014,7.083615409900517,10.496
train,pretrain,0TOkvcqeVQY,00007,0,pretrain,cf3zxHuSM2Y,00033,-4.80274274858846,3.84
train,pretrain,P2dlq8ZqjDM,00004,0,pretrain,uDIyxxayNig,00014,-6.983847996675882,9.408
train,pretrain,whjLZogf9e0,00013,0,pretrain,ByuWS1bBwpc,00018,2.8117101957059702,4.544
train,pretrain,2L4BSVpvx1A,00016,0,pretrain,1COwySxiwSg,00012,-7.0507212485009285,9.6
train,pretrain,uXlSmKZ7aSc,00031,0,pretrain,Soe7yjlFEJ8,00003,1.0086992924076998,3.2
train,pretrain,Bwj3SVZZOHo,00009,0,pretrain,ASQpKiUSNHo,00045,8.23077589928064,9.088
train,pretrain,nw52e0dfCaA,00002,0,trainval,zuLOT6GsAxw,50016,-0.7981025430582029,5.248
train,pretrain,eGoSdLNceEk,00016,0,trainval,KZIGekgoaz4,50013,6.952141200876746,2.176
train,pretrain,FuSkBWSKSms,00012,0,pretrain,w96osGZaS74,00034,-1.2984998073929397,5.056
train,trainval,mkdSXHXhCcw,50039,0,pretrain,HS8y0WLm78U,00093,9.078855059874595,4.48
train,trainval,urOCGSMlB9g,50008,0,trainval,8JSMI8Xrwms,50010,3.440804822598256,2.368
train,pretrain,R7vmHGAshi8,00025,0,trainval,cpsRAk5HpK4,50016,0.30991571844868737,5.952
train,pretrain,pWaxi4H2xPU,00019,0,pretrain,WbuIl6phdco,00001,4.8365501061992155,6.208
train,trainval,sEOSCziWuP8,50012,0,pretrain,JmCtZzSRztQ,00003,-3.645943273297261,5.952
train,pretrain,kzhJb5jcH58,00001,0,pretrain,5EORxJsoUJQ,00013,5.127621969151903,5.312
train,trainval,CTEhgUmSrro,50015,0,pretrain,yA9xQB547Yo,00016,-8.479517588933717,5.056
train,pretrain,0snNB1yS3IE,00015,0,pretrain,KIKqRFZ3r1I,00021,-0.5596559586338063,3.008
train,pretrain,u7SWcQaoaRQ,00016,0,pretrain,6gSwRHScq6M,00047,7.944921040941239,6.336
train,pretrain,v50PTSaOOGI,00014,0,pretrain,mguvTfAw4wk,00005,-3.680746360015384,4.288
train,pretrain,jnS66SszwEs,00020,0,pretrain,PGsQwAu3PzU,00052,-6.516843299248263,4.736
train,pretrain,dskNubEgzCk,00029,0,pretrain,G6dfUFgKmN4,00041,-4.521833887926401,4.224
train,pretrain,8oeiOeDqSNc,00023,0,pretrain,UUkAGboDMwI,00013,-5.799907208631141,8.576
train,pretrain,CfqO1U6lfDs,00044,0,trainval,TUtxSwC5mqA,50008,-5.11913514808219,6.144
train,pretrain,DG7kSeazMQ4,00011,0,trainval,AU66C6HePfg,50013,6.501765955041499,6.08
train,pretrain,b3H9V1jq0A8,00003,0,trainval,Oe1cDSPfbh8,50004,-7.614855685811706,5.952
train,pretrain,oJfFMoAgbv8,00036,0,pretrain,VC0taBVUF2o,00008,6.638228453656502,3.648
train,pretrain,FdHJw0veVNY,00041,0,pretrain,FjibavNwOUI,00022,1.4895060304467407,9.216
train,pretrain,esPRsTSlmw8,00007,0,pretrain,SGG97dDfZ7E,00023,-8.66193831973305,5.568
train,pretrain,UQniNhS6LOY,00001,0,pretrain,xMS9HlSSLSA,00028,-8.42408587581202,7.488
train,pretrain,J6tgYBMXR6s,00048,0,pretrain,gBkIyJ7kfSI,00042,9.835661308105525,6.272
train,pretrain,V1gxziZwmkc,00019,0,trainval,fqJAeReFr8I,50001,5.353600072213533,3.584
train,pretrain,8xHrpO6p7dE,00029,0,pretrain,501FEzbB1JI,00023,9.858464179627656,5.056
train,pretrain,u1K6hnm09xs,00015,0,pretrain,Y9DsAmzNkWk,00015,5.536919651868335,8.32
train,pretrain,F8pUtbSgrxc,00019,0,pretrain,mA1vshSuyQU,00023,9.767347108232006,15.168
train,pretrain,rugSZIFY7mc,00013,0,pretrain,2jTdZSPBRRE,00013,-2.973275283026096,28.032
train,pretrain,DwQMDyyS42Q,00004,0,pretrain,Cd0JH1AreDw,00014,3.24256370712418,8.768
train,pretrain,fbU9l46Lz7c,00015,0,pretrain,2SEv4rU27HY,00011,8.686446612882655,4.672
train,pretrain,2j00U6lUCSc,00045,0,pretrain,oPpE0AGqFuk,00021,0.4532344413357805,10.176
train,pretrain,gh5VhaicC6g,00007,0,trainval,es4w3WUcrN0,50002,7.337444942663588,4.8
train,trainval,RjyxIsE3V2g,50013,0,pretrain,mguvTfAw4wk,00022,-8.505113192787832,3.008
train,pretrain,RsiLLNziScM,00028,0,pretrain,eNC1h5H5cJA,00001,-1.3773237012443307,8.96
train,pretrain,F10t7i8wHaM,00020,0,pretrain,pMYYxSim5QI,00030,-3.3641877311534873,3.776
train,trainval,7rMYfiRNT7g,50017,0,pretrain,V1gxziZwmkc,00029,9.806518205512194,2.368
train,trainval,a7B39MLVeIc,50008,0,pretrain,DsSrzoyyfF0,00029,-9.548676002874055,3.584
train,trainval,lw3YTbubyjI,50001,0,pretrain,PVzcGhZ8Aeg,00003,-8.412148927414965,6.08
train,pretrain,SfHRcaS6r3w,00016,0,pretrain,VC3H1lMEeS4,00032,-3.576589128994989,4.416
train,pretrain,uTbASmxo858,00026,0,pretrain,0akiEFwtkyA,00039,3.895956012330263,6.784
train,pretrain,7LE4MoJS2po,00020,0,pretrain,BltRufe5kkI,00009,8.053249939809437,4.928
train,pretrain,uYaF8pSTNSU,00041,0,pretrain,iSpwUpdQdyY,00009,8.599174391097971,5.184
train,pretrain,ZIhFcjcc568,00001,0,trainval,2Oe6HUgrRlQ,50011,-3.37283551624145,5.696
train,pretrain,7udZ5ux0dYE,00002,0,pretrain,KDBcoRLkut8,00011,-7.783551929221694,6.72
train,pretrain,XSuZ6ukuz5s,00004,0,pretrain,jYperQKUkcs,00014,-4.002612134714227,5.568
train,pretrain,apiScBmE6rA,00006,0,pretrain,CFADnhYKDHg,00017,3.521220770097557,12.992
train,pretrain,COwSbfCgXBw,00003,0,pretrain,0ZhL7P7w3as,00001,-0.6168229757599892,6.912
train,pretrain,vpTHi7O66pI,00020,0,trainval,yldVmMfMyIg,50012,-0.508760538209124,3.52
train,pretrain,VynSxLrtZaY,00016,0,trainval,aSJn0xD0TXs,50003,9.076436590442924,3.776
train,pretrain,R2kOgSVF2Uk,00009,0,pretrain,pF72px2R3Hg,00023,9.57936757714564,6.912
train,pretrain,SCCG81UbruY,00005,0,pretrain,9SQYDFiWnSs,00020,6.014268588689838,4.352
train,trainval,4SkoG9FWP4w,50004,0,pretrain,jhm5OaXJVMQ,00014,-3.2151108168340237,2.368
train,pretrain,BQnOTJH3w4s,00007,0,pretrain,tHYtv5FLC6I,00006,-9.399968124575222,10.368
train,pretrain,hPsUXhXgWmI,00045,0,pretrain,Yn9fTcSWMbo,00009,-5.341748479817873,13.696
train,pretrain,U5SyBjKKicA,00018,0,pretrain,SmsYxDvdcYc,00013,-9.251132255262362,9.536
train,pretrain,g2m97gPI70I,00002,0,pretrain,mulbSSAULSo,00016,3.189627165816608,6.976
train,pretrain,oIGBBPspTKM,00055,0,pretrain,iq5lXSj6Prg,00007,7.041388989410269,3.2
train,pretrain,NgDGlcxYrhQ,00030,0,pretrain,KiPcxhJtuPQ,00009,1.5949999188788038,7.04
train,pretrain,zuLOT6GsAxw,00027,0,pretrain,6k8YBJ5sgko,00009,-9.450717470895535,8.256
train,pretrain,mRgSUwk1hnE,00016,0,pretrain,gWmRkYsLzB4,00007,-9.250758845538043,5.12
train,pretrain,qH4GAXXH29s,00003,0,pretrain,vdDFLzyk94k,00035,-8.183353534900853,4.16
train,pretrain,ASGOoVmBz0E,00004,0,trainval,qp0HIF3SfI4,50008,-1.5997005601659282,5.248
train,pretrain,53P0aypkpXY,00004,0,pretrain,jhm5OaXJVMQ,00011,-4.207329065583714,17.664
train,trainval,ro1Ksq5DihU,50009,0,pretrain,Nhwq12TKkQQ,00008,-6.476822545418049,2.816
train,pretrain,ZWfCi9WxK1E,00010,0,pretrain,rvkMauaHxBw,00006,4.711836008021994,12.288
train,trainval,fIXnJycnkaQ,50004,0,pretrain,0GL5r3HVAZ0,00017,7.307863747661653,4.16
train,pretrain,7A66iZQXNh4,00014,0,pretrain,y3jYVe1RGaU,00049,7.157648304943226,8.128
train,pretrain,0T2RS3ydRiY,00007,0,pretrain,ruvWiXowiZ8,00009,6.937420979370263,3.904
train,pretrain,5tUnSuoYKoE,00053,0,pretrain,y8qc8Aa3weE,00008,6.755477810328596,6.528
train,pretrain,risdUQ3dvrk,00014,0,pretrain,KzeQSZ3bQ2g,00019,0.5129332950875654,4.288
train,pretrain,kvpUiBqHoVM,00026,0,pretrain,YwSGTipx3As,00009,-6.743145173573401,3.84
train,trainval,3F2jACWwKdU,50027,0,pretrain,NdKEy6vcCMw,00008,1.2245663580279942,2.816
train,pretrain,T2jwSUhu7ok,00002,0,pretrain,8Dv2Hdf5TRg,00006,-1.045598517986754,14.848
train,pretrain,F8pUtbSgrxc,00021,0,pretrain,eNDhBSR1DZ0,00007,9.49368169143164,9.408
train,pretrain,S0hxl03JoA0,00015,0,pretrain,E7oq6J8HvKw,00008,6.678923499543611,14.208
train,pretrain,C44r6knuJtU,00018,0,trainval,o5ojwGhKr20,50001,8.194296025380186,3.008
train,pretrain,vXTFLMmOKV4,00002,0,pretrain,sG2K1S4M8U8,00004,-3.0578048194932395,16.32
train,pretrain,d5zjjJYqixo,00005,0,pretrain,ye8sVvVJdg4,00001,9.883790476969079,4.288
train,pretrain,uOrZF8FdtLc,00011,0,pretrain,SGMVTJ9ZKVc,00019,-8.734647216057681,5.12
train,pretrain,1CN7PF10RKo,00023,0,pretrain,KTvSfeCRxe8,00014,5.723495998835331,3.2
train,trainval,p2MEGk5q1WI,50006,0,pretrain,PJy8vTu66tE,00014,-3.716938200833953,3.328
train,trainval,TZkNJFrfdR8,50006,0,pretrain,c4oW6PcOUtc,00019,5.455952747266188,5.696
train,pretrain,6ul2TSvUDog,00033,0,pretrain,wEM9c7RoVms,00013,1.295877404173618,8.896
train,pretrain,uSUOduS5MPc,00022,0,trainval,wD3S6JIUF7M,50001,4.883184712916012,4.224
train,pretrain,Rpsf1YJsbbI,00026,0,pretrain,b8z6HfSq7l8,00022,-3.9068679579369974,17.408
train,pretrain,Ctz4E2ARkCg,00019,0,trainval,drXnDLHKKPM,50009,8.164917948744176,6.208
train,pretrain,SmoW9jvvMr4,00010,0,pretrain,dO6AuQR9R7E,00019,0.21823197308353848,5.376
train,pretrain,X6Zo53M0lcY,00021,0,pretrain,k4N2SxUZwiU,00007,1.3491801943844024,12.096
train,pretrain,80GqbW1MmQM,00006,0,pretrain,5tal0NkWW1E,00011,-2.122004217086775,6.08
train,pretrain,TBnNbyi4AN4,00012,0,pretrain,d0LQCXCiW8g,00020,7.925772423911923,9.152
train,pretrain,2L1R7OtJhWs,00006,0,pretrain,EaYS6muHSSI,00008,0.4718872190586971,7.36
train,pretrain,vrU6YJle6Q4,00001,0,pretrain,HFFBkbsSFY0,00026,-9.941603241853255,6.08
train,trainval,Mo2Ai7ESNL8,50003,0,pretrain,lU1ISu1LOv4,00029,8.998958603437103,4.288
train,pretrain,csnxJFQw98k,00008,0,pretrain,nDIdnlJHJCQ,00013,-5.638341191361347,5.696
train,pretrain,Urk3xn7l3AM,00003,0,pretrain,xMS9HlSSLSA,00014,1.0545904928335066,6.72
train,pretrain,xTBYcSL3MrI,00003,0,pretrain,uKByBgqxOw4,00002,4.841809675017785,12.032
train,pretrain,LSn4OF7G9BM,00014,0,pretrain,UoruUSrndBA,00010,8.69120287546967,5.12
train,pretrain,mkdSXHXhCcw,00099,0,pretrain,gMNlRovT5x4,00019,5.769792295110705,12.096
train,pretrain,oHDq1PcYkT4,00010,0,pretrain,JmCtZzSRztQ,00016,9.279634329104478,2.816
train,pretrain,4Z75ASJMBx4,00050,0,pretrain,N0vRIqeoefs,00019,-7.816873537954825,4.096
train,pretrain,FqSVvAxDBRY,00009,0,pretrain,FSNEIwDiCSw,00048,5.1447440147863315,8.704
train,trainval,K8Dj0oSf1SA,50001,0,pretrain,06M8qY7Q74Y,00027,-7.327688408074675,3.008
train,trainval,KM4Xe6Dlp0Y,50007,0,trainval,mMDuakmEEV4,50022,-5.429113214657355,3.328
train,pretrain,oW91ATcgXVc,00001,0,trainval,3TXSNu5wTS8,50003,-9.846063698979016,2.24
train,pretrain,4wOxJOPnSUg,00038,0,pretrain,Hc6yiSFtoNo,00014,-3.8399596785648127,6.976
train,pretrain,2KSP7HvSZwg,00001,0,pretrain,DqCsQqy9MyU,00006,-3.9874863197528754,2.368
train,pretrain,KyamsZXXF2w,00025,0,pretrain,oHDeULyOqmM,00002,-4.947092095738396,8.128
train,pretrain,l3uttHEZnTY,00003,0,pretrain,Sf8j5LFv3nI,00007,7.6520860658907,8.896
train,pretrain,3m6dV7Xo3Vc,00009,0,pretrain,RbNqU2K0qzo,00012,2.407087715152322,4.48
train,pretrain,SeBUcBfkVCo,00010,0,pretrain,goSQOzc79Uc,00036,-5.7314893715926996,20.416
train,pretrain,hJZ0pAoxksE,00014,0,pretrain,Pl8OlkkwRpc,00040,2.49143054579317,7.68
train,pretrain,7A66iZQXNh4,00001,0,pretrain,EYgoqiX15Rw,00013,-9.162275053855112,12.608
train,pretrain,pWrgvI4nyyg,00006,0,pretrain,EijI8QaExDg,00027,-5.815353925030003,14.4
train,trainval,vw5HJhIlJp4,50005,0,pretrain,C8QCStOtqus,00012,2.2634020580924368,3.008
train,trainval,paiRIkWVy0o,50002,0,trainval,yRUCU5FsvTY,50002,9.434202910241176,2.56
train,pretrain,P6w7Eq7YhL8,00015,0,pretrain,fmZSIr2Z29s,00012,-2.310225983462317,8.448
train,pretrain,Rr5Py1r9xjw,00004,0,pretrain,gyM6rx69iqg,00017,-2.223242568340509,5.824
train,pretrain,0HEXx3SP8kk,00010,0,pretrain,bvAEJ8G9l9U,00031,-7.730323818508413,6.656
train,pretrain,aSLSiIskEFU,00050,0,trainval,sjPRN2XGSts,50006,-2.671917870881164,2.176
train,pretrain,QOSPNVunyFQ,00006,0,pretrain,eh3cdTlh7VM,00004,-0.6051714742675891,6.208
train,pretrain,LVFVaWCV1TE,00009,0,pretrain,huzhvbrcgeQ,00014,-5.848222317627387,8.32
train,pretrain,w1oKe8OaPbk,00003,0,pretrain,7npLVcymHGc,00043,-8.797274050426452,4.416
train,pretrain,GMc8aSoCE30,00020,0,pretrain,Wh9O3SciOYs,00010,4.739719996126672,5.76
train,pretrain,G88JZ1DIdg8,00037,0,pretrain,CprpSEjVtwA,00007,7.181240324313347,4.032
train,pretrain,OH0dK208MNk,00016,0,pretrain,XTf9Sdrq1zg,00024,8.160519820112285,6.4
train,pretrain,ioMpOr7Yx98,00011,0,pretrain,8vSGrrQs8ow,00006,9.750084304619264,6.656
train,pretrain,0SUTgoPUTLQ,00020,0,pretrain,jk6Y3f2c4SI,00027,-0.03751812394495602,4.928
train,pretrain,hJZ0pAoxksE,00001,0,trainval,FTUpFYo0rMI,50015,7.893169360650084,3.904
train,trainval,Sf994ANuGIY,50003,0,pretrain,ZOlBqdkN2jY,00005,0.35598409967377265,6.144
train,pretrain,IHBGLHgIWJM,00005,0,pretrain,AkUcaludrcI,00020,-2.7498777294368466,3.52
train,trainval,CfqO1U6lfDs,50006,0,trainval,sucza6EOIf0,50006,-8.727905883303324,2.24
train,trainval,UOn3zOp8JPE,50006,0,pretrain,8gSAkUOElsg,00063,-8.827723539654269,5.824
train,trainval,jobYTQTgeUE,50018,0,pretrain,asSNPOU5U3c,00038,6.285055873440935,5.632
train,pretrain,Xw8U5LXaItM,00013,0,trainval,T33vGEPLSwg,50007,4.806891961489361,3.2
train,pretrain,Qs9m8obl0AY,00009,0,pretrain,xbagFzcyNiM,00018,3.887034793433905,5.824
train,pretrain,Sx4Gsh0r9HU,00001,0,pretrain,ocqn3wYTCRM,00008,-3.6402461324439583,3.776
train,pretrain,DdrcJLKyHtU,00006,0,trainval,o0VrZPBskpg,50008,-3.2881258889463405,2.112
train,pretrain,JeHqgambbcI,00002,0,pretrain,gh5VhaicC6g,00011,2.395912305264499,10.368
train,pretrain,I9telSZCswM,00004,0,pretrain,RvpXNXXP5Vc,00019,-8.18818376970738,9.28
train,pretrain,n1ARQsdNvmI,00003,0,pretrain,u70RZtCJSrI,00009,3.1992916230471344,9.536
train,pretrain,7jx0dTYUO5E,00006,0,pretrain,vUQLN4o63SY,00019,-2.553581544418117,11.584
train,pretrain,uuwgtX2zU9Q,00006,0,trainval,kLRanIhp2jg,50005,-9.89298888386613,2.24
train,pretrain,S9O9vyJBQ6g,00024,0,pretrain,btF6nKHo2i0,00015,-9.488385178648365,5.952
train,pretrain,Uintr2QXSTU,00030,0,pretrain,zLNXIXingyU,00011,1.2572873584378321,8.576
train,trainval,CK5w3wh4GSM,50003,0,pretrain,AU66C6HePfg,00034,-0.2418844244277274,4.032
train,pretrain,ibMjhQvAmcI,00011,0,pretrain,vVsXO9brK7M,00016,-3.590275446799705,8.448
train,pretrain,iHWIZsIBj3Q,00013,0,pretrain,m0ZPM5I1tTg,00006,-6.870554127789072,6.656
train,pretrain,rGaj2VImQec,00039,0,pretrain,P2SxoBj3daM,00011,5.851432748077096,8.32
train,pretrain,sYUjyH8Y0No,00035,0,pretrain,2mU8xezh7rQ,00005,4.150857035794155,5.056
train,trainval,y6FT80ZoVJY,50003,0,pretrain,N9HF8mMe2pU,00013,-2.8744342506704523,5.76
train,trainval,QJ28IC63hlI,50002,0,trainval,pmKNXZmfIMU,50010,-9.876769828326527,5.824
train,pretrain,UwtYQFSJSQc,00014,0,pretrain,BZsdiVTFt7Y,00008,5.43563906054602,2.752
train,pretrain,emn28FrJ6CI,00003,0,pretrain,ptIecdCZ3dg,00023,-4.804945843335997,4.48
train,pretrain,eJZSzNuKX7c,00001,0,trainval,SasMjDCSyR4,50002,-1.806994281351555,6.08
train,pretrain,IaMnRrrQx48,00012,0,pretrain,PGsQwAu3PzU,00019,1.7259795094618013,11.84
train,pretrain,xy7SMVCRFbQ,00015,0,pretrain,zvvZEIGNLo0,00028,-9.21938799931926,3.904
train,pretrain,0iTehgSOZ8A,00008,0,pretrain,6E3zVSCSGYk,00003,-7.8123732530631,6.208
train,pretrain,FSNEIwDiCSw,00046,0,pretrain,LbIXYEW9CSQ,00007,-4.478854670022092,6.08
train,pretrain,oDdcx5luv5s,00022,0,pretrain,LMrzdkSYnYY,00006,-4.259637291838063,5.056
train,pretrain,v8YoSPXN7UA,00027,0,trainval,B9DdIivSGts,50001,0.68184101122106,4.608
train,pretrain,goYIHXKvwLk,00020,0,pretrain,CprpSEjVtwA,00020,5.691282127324893,3.456
train,pretrain,jgnqlZUI4n8,00005,0,pretrain,30e60EOO5mo,00005,-0.15062737442993956,4.8
train,pretrain,ALTvG9MIR64,00004,0,trainval,y3jYVe1RGaU,50014,-6.09007741047466,2.24
train,pretrain,YATYsgi3e5A,00009,0,pretrain,UbVZ7rmDYrc,00019,7.146168467021177,6.336
train,pretrain,STsOdmkH5fI,00018,0,pretrain,bKQA6I4BA7o,00007,4.309925745301545,8.256
train,pretrain,Urk3xn7l3AM,00018,0,pretrain,ZqeASpsKn2E,00010,4.335558458226064,4.48
train,pretrain,iWaZEXBbQL0,00009,0,pretrain,av3SCLBU7sI,00014,2.8998692054182644,11.456
train,pretrain,NTbBuvcGnxM,00001,0,pretrain,S6pLPVfKFoQ,00004,6.31293041539902,10.176
train,pretrain,ZWfCi9WxK1E,00002,0,trainval,H50eCfpquBI,50004,7.742284546861725,3.968
train,pretrain,rjECbQ1rSk0,00002,0,pretrain,Acsv55lctGY,00023,5.643007386517491,2.944
train,pretrain,8OnsjVdEuRk,00008,0,pretrain,9o2CRjTRKIA,00002,4.378953784094842,4.032
train,pretrain,sa1iS1MqUy4,00003,0,pretrain,S8201wl4jjw,00021,5.044189163544528,3.392
train,pretrain,zIwLWfaAgS8,00026,0,pretrain,NPSelwWdPa0,00011,-9.9866790371489,12.8
train,pretrain,lxYFURQ7Ehw,00004,0,pretrain,mZqL7MC8Eys,00028,7.593592861444421,14.592
train,pretrain,XgRlrBlS7Yg,00014,0,pretrain,qzwCujeSSSc,00006,-6.615263018627622,8.128
train,pretrain,O6cmKeRV3Z0,00011,0,pretrain,zqnZCSVsqPw,00016,-5.207964199136457,8.96
train,trainval,dRic5yJC8UY,50003,0,pretrain,nLtUl2CP8ak,00040,-2.200413769516077,6.144
train,pretrain,SjsGSNgmleA,00005,0,pretrain,q4TJEASZRys,00020,-6.602395727126447,3.904
train,pretrain,IfjI0tVUpbc,00020,0,pretrain,B0ESVNX1SYk,00018,8.876720895535513,7.04
train,trainval,bxkslfQc0EA,50011,0,pretrain,GlpGBSBpxOE,00016,-0.7186218555085659,5.824
train,pretrain,84QouBqCIWg,00006,0,pretrain,X6Zo53M0lcY,00026,2.6969451965150153,4.096
train,pretrain,z3kdILSEbQU,00010,0,pretrain,nn5k4snG3rA,00009,-5.218720379258885,22.08
train,pretrain,Tmk7nAvpMXQ,00011,0,pretrain,Gj2pWl1vjCY,00016,8.268438838259826,5.44
train,pretrain,73cTNHEQhkQ,00015,0,pretrain,fkPISY2Vg5k,00006,0.7924399187369708,7.552
train,pretrain,w8lH8tNlAXc,00013,0,pretrain,cxGWGohIXiw,00010,-9.40461599032582,5.44
train,pretrain,IU1i2IlkLbU,00012,0,trainval,9OECsmMont4,50006,-5.5399879084159265,2.368
train,pretrain,kSGFq12w5WU,00038,0,trainval,SasMjDCSyR4,50006,0.8057512646092224,5.12
train,pretrain,8aSUUhW7SHU,00011,0,pretrain,WiNI6INAytE,00011,9.217771981836307,6.336
train,pretrain,PgCmT0qkfQM,00042,0,pretrain,5Dn08yo9aiM,00016,7.257287273524401,11.904
train,pretrain,EDLWWP8N6MU,00041,0,trainval,F8pUtbSgrxc,50004,-4.03578572075844,3.84
train,pretrain,6ePXxeGrfvQ,00002,0,pretrain,CLSSiaFuLo4,00020,3.0555594559652413,6.976
train,pretrain,FPhZGDS6kVQ,00012,0,pretrain,PiVB5niLrWg,00004,-1.9737746132792662,7.872
train,pretrain,J9SXc9wxByM,00004,0,pretrain,EpFCykE9Lk0,00004,9.149675205060898,4.672
train,pretrain,rokPqHc9iD0,00015,0,pretrain,uuwgtX2zU9Q,00007,8.61125369350162,9.856
train,pretrain,APgMXDjLcT4,00008,0,pretrain,RLh5CRUecfY,00001,-1.366317748629605,5.376
train,pretrain,3phTundagzQ,00004,0,pretrain,gHxr8uJeqsg,00007,-4.677609886225924,9.728
train,pretrain,y2X7c9TUQJ8,00001,0,pretrain,gS3iLapiTCw,00026,9.460242903200413,8.128
train,pretrain,GOCUH7TxHRI,00012,0,pretrain,sbbzZYJSoJ4,00008,-3.8487894613586837,3.328
train,pretrain,RPicL1AWrs8,00008,0,pretrain,RRRDYBwjjU0,00017,7.625404796606681,8.64
train,pretrain,8xHrpO6p7dE,00002,0,pretrain,VmP574ikRFs,00004,-3.474853254500916,4.8
train,pretrain,kFMZrEABdw4,00026,0,pretrain,jpRqbP9Nv9k,00023,-3.4504282221683695,4.288
train,pretrain,8sQ2p89P0Us,00029,0,pretrain,ImQrUjlyHUg,00030,-3.929708699703305,9.216
train,pretrain,xnovQVRHj5c,00014,0,pretrain,zIwLWfaAgS8,00043,4.784228156017239,3.584
train,pretrain,aQ8T4sySLxw,00016,0,pretrain,mk3KSVrveSE,00014,-4.735466757368361,4.8
train,trainval,N8Votwxx8a0,50006,0,trainval,WpEjt71l08I,50006,-3.328541726118761,2.24
train,trainval,SSJkV8IzsZA,50005,0,trainval,6tpsSu5O0Ws,50002,9.228592203238904,2.816
train,trainval,2Oe6HUgrRlQ,50059,0,pretrain,tvos4nORfSY,00007,2.7457228230833675,2.496
train,pretrain,XvS83nXSf0k,00012,0,pretrain,XyCY6mjWOPc,00024,7.966919205260105,4.224
train,trainval,KZIGekgoaz4,50013,0,pretrain,u943Jv9JuZc,00004,8.54103338378545,2.176
train,pretrain,6LmPq7DSds0,00033,0,pretrain,DSSAz5nZBBM,00052,-8.458526072173191,5.76
train,trainval,tH5iEf9oxaI,50013,0,pretrain,wSHYZv6HzAs,00022,-8.130223250935664,4.736
train,trainval,fTosle3h3G8,50004,0,pretrain,UGtFXtnWME4,00013,8.26675129604099,2.816
train,pretrain,1YO1FmVAPrA,00005,0,trainval,ZVS5I2RMTGM,50011,9.246179011271462,2.176
train,pretrain,0jmST6bSUoc,00004,0,pretrain,fDV4fDWUo6U,00016,2.893009167244326,6.976
train,pretrain,cplaWsiu7Yg,00010,0,pretrain,hJZ0pAoxksE,00009,-8.924940327356708,5.888
train,pretrain,STuCsRugKN0,00008,0,pretrain,pgmiPXAwiLg,00016,4.2479287456670445,5.568
train,trainval,7vsO7SHLJMI,50002,0,pretrain,hha0NsYXS5c,00028,-5.1866441724947805,4.352
train,pretrain,D4cV8yfgNyI,00012,0,pretrain,VSTGxJI4JwA,00002,-5.390106864315025,11.84
train,pretrain,tsgvhP07BC8,00049,0,pretrain,t6eFzt6kFGE,00012,-5.843788867527806,4.864
train,pretrain,j4yCdGB2NG4,00021,0,pretrain,2ZviHInGBJQ,00015,2.7303282587651267,5.248
train,trainval,b6rAgHcuYtE,50009,0,pretrain,1xgCI05l2GA,00015,-9.569174140623138,2.752
train,pretrain,WfTZ5iIUn4s,00004,0,pretrain,ZpT0cw9bmiw,00017,-0.30457836522919557,7.488
train,pretrain,7sxpKhIbr0E,00026,0,pretrain,PXMJobWlXks,00021,-1.2773836182535092,5.056
train,pretrain,HH3m1OSiOT0,00027,0,trainval,2ZviHInGBJQ,50007,3.1645109914080845,3.456
train,pretrain,V2u6CzpRqts,00017,0,pretrain,py1RrSdVt5A,00039,1.5737259230733631,6.08
train,pretrain,SQwRsVyk7us,00009,0,pretrain,kmflTZnRuZI,00006,4.578417551340962,3.072
train,pretrain,raCIUeGUr3s,00008,0,pretrain,fOk6HQaNpdE,00001,8.368537849752066,8.192
train,pretrain,kYXiegTXsEs,00033,0,pretrain,GZGY0wPAnus,00010,-2.371299631208452,14.4
train,pretrain,5duz42kHqPs,00010,0,pretrain,fw01Sq0cxM8,00035,-7.105619397737937,12.8
train,pretrain,sLiM2SizFl4,00023,0,pretrain,fv8KpQY0m6o,00008,3.3558213232697334,6.848
train,pretrain,o0td5aw1KXA,00054,0,pretrain,c00zfzk4gdg,00034,4.5616656985415425,6.08
train,pretrain,KE3SK9M3JjY,00013,0,trainval,2j00U6lUCSc,50021,-6.530419932844646,4.672
train,pretrain,5qdZybHSLnI,00012,0,trainval,ZBDablzQ9ts,50002,9.45628011573832,3.84
train,pretrain,zwpiI18TBdE,00009,0,pretrain,9ebJlcZMx3c,00023,-1.600923460091959,6.976
train,pretrain,D5iFVKhLStU,00003,0,pretrain,hfznpykprP0,00030,9.440343877574719,9.856
train,pretrain,Urk3xn7l3AM,00016,0,pretrain,7hFy02TSH4U,00026,6.779834676392159,4.16
train,pretrain,nvSSeGObF4w,00010,0,pretrain,MSX0uwAG2Jc,00009,5.794946884210042,8.64
train,pretrain,rmeGVhhbGrM,00014,0,pretrain,zawpbVpu5nY,00024,3.353151206118028,8.384
train,pretrain,qFza3W87eDg,00025,0,pretrain,SKx2lfobPuU,00011,5.364653153677732,3.84
train,pretrain,HEFSHP2XE7E,00006,0,pretrain,da1vvigy5tQ,00020,2.426735622792421,5.44
train,pretrain,0ueGFLVFi80,00023,0,pretrain,NPSelwWdPa0,00039,-3.7502151606447747,5.12
train,pretrain,xbagFzcyNiM,00023,0,pretrain,JBLc4Ekl3BA,00016,9.102939629361671,13.184
train,pretrain,y1GqNN2Xe7g,00009,0,pretrain,Sttw2PxncIE,00001,2.0227980132823102,9.472
train,pretrain,fCt6PoTfPvg,00022,0,pretrain,XqsmITK1VO8,00014,9.102294428078203,9.984
train,pretrain,cf3zxHuSM2Y,00016,0,pretrain,wZzHnZzmS58,00022,9.521702471078626,3.776
train,pretrain,v3oSF94S4FI,00030,0,pretrain,g2J6YOiLNr4,00008,7.659509387616513,8.448
train,pretrain,lyu7v7nWzfo,00034,0,pretrain,cWCSzDdF74s,00017,-4.294762697556884,5.696
train,pretrain,cj5LZBmiQu4,00001,0,pretrain,pLCeQyxVWB8,00010,-7.967914795542132,8.448
train,pretrain,MUOSpWJ0riQ,00021,0,pretrain,CVdPhUPO5YU,00026,0.3496062944918972,7.936
train,trainval,CTEhgUmSrro,50021,0,pretrain,AoAbPIbGLUo,00044,1.9936592151359847,5.248
train,pretrain,B1dkma6GRZo,00022,0,pretrain,UyUXxrSS3qs,00024,1.3049516387649636,4.992
train,pretrain,2FASIuDTMjE,00016,0,pretrain,fgfQLTIhi1U,00036,0.5604498048618662,6.336
train,pretrain,d6KSsePuFAo,00017,0,pretrain,eJb3Z2RmRMo,00006,-2.9445712321194666,4.352
train,pretrain,oKtALHe3Y9Q,00015,0,pretrain,nqj6fH2i9go,00014,9.141726010086426,3.968
train,pretrain,AGivotqSrd0,00008,0,pretrain,66Smr600NjU,00009,-9.51011981631752,19.328
train,pretrain,6iFCm5ZokBI,00009,0,pretrain,8s3bdVxuFBs,00003,-5.419323691388898,5.312
train,pretrain,SXJ20tt5nPQ,00029,0,pretrain,Qzmt2wQMhYo,00007,-4.137938486533017,5.824
train,pretrain,0SW0HFy9Et4,00008,0,pretrain,UyUXxrSS3qs,00022,-2.2164289262326857,12.608
train,pretrain,MQtWJARMoLw,00012,0,pretrain,H682jmofwZs,00004,0.4829303058841816,3.328
train,pretrain,pPgd7Hj3ABQ,00024,0,pretrain,KNXOVpN8Wgg,00003,3.2421897685860976,7.232
train,pretrain,d0a0eXJ5TJM,00018,0,pretrain,bC0hlK7WGcM,00014,-1.1570366619485455,10.176
train,pretrain,vVY8L56oxSM,00022,0,pretrain,KzeQSZ3bQ2g,00023,1.7987349378444435,19.968
train,pretrain,Tg35UfOJhe4,00032,0,trainval,rueQgStScw0,50005,-7.600729503732879,5.824
train,pretrain,XLi6iYnnsGc,00010,0,pretrain,UrqRudIUPWs,00008,7.93488575400513,2.56
train,pretrain,3dqXHHCc5lA,00004,0,pretrain,3Z6x5t5A9so,00049,-8.036963119333864,8.384
train,pretrain,HR9956gDpUY,00010,0,pretrain,38OUCtzkT4Q,00010,8.20918168173101,9.92
train,trainval,AoAbPIbGLUo,50003,0,pretrain,yg8SBuTuoKk,00013,-9.956794423697845,6.208
train,trainval,Xl6wxnnSStI,50002,0,pretrain,AgMOJC5R4F8,00023,0.6744413364886181,3.52
train,pretrain,ZJXxySanins,00019,0,pretrain,EXo3qA9V3eI,00015,6.6211164312105595,17.024
train,pretrain,4ShLkgv6LSk,00014,0,trainval,da1vvigy5tQ,50010,3.4595649358201186,2.496
train,pretrain,GS1xL1qcBa4,00021,0,pretrain,xnovQVRHj5c,00016,1.7741007593404827,10.944
train,pretrain,yVwAodrjZMY,00047,0,pretrain,uUDu8jQ6qHo,00013,8.28470402596026,23.232
train,pretrain,eHzLV1LM4Rs,00002,0,pretrain,UiCJhSuLdok,00001,-6.481319779639582,6.912
train,trainval,bbT8jSPS2LA,50023,0,pretrain,pPgd7Hj3ABQ,00047,3.3774656189390093,3.2
train,pretrain,1gTNgijhKzw,00012,0,pretrain,iAZwvTV3CyQ,00016,4.479318426787316,11.456
train,pretrain,y1GqNN2Xe7g,00009,0,trainval,lw3YTbubyjI,50011,-2.8593392479856794,6.016
train,pretrain,G9wIXAGzn1w,00013,0,pretrain,0gMCZFHv9v8,00012,5.713644100751816,3.904
train,pretrain,Vi8k6BG9KVk,00010,0,pretrain,V3CLRL32Mcw,00009,2.4588892826805946,19.84
train,pretrain,qZYNWW4M7yM,00006,0,pretrain,iP9QFSlBOyA,00039,-3.7172009850381578,6.592
train,pretrain,DKISYPEF0Ls,00001,0,pretrain,jn0Ygp7pMbA,00042,-1.6771963405192523,3.776
train,trainval,m4GQk4ufRKs,50001,0,pretrain,2L1R7OtJhWs,00001,0.17487310335304151,4.16
train,pretrain,cf3zxHuSM2Y,00019,0,pretrain,B12syeJflbQ,00036,-9.399086282964259,6.144
train,pretrain,qYvXkSbqlBk,00001,0,pretrain,KI3WJXNhCJ8,00018,-3.7954826797394414,8.32
train,pretrain,LWULB9Aoopc,00015,0,pretrain,nzj7Wg4DAbs,00026,4.935660203505867,8.064
train,pretrain,M4soSZ9aSu0,00017,0,pretrain,wvIOoxPxpfQ,00001,3.9174267228441906,4.736
train,trainval,oimk352QvAg,50004,0,pretrain,H682jmofwZs,00005,8.582700839283604,3.968
train,pretrain,k7CX2JYxfE8,00002,0,pretrain,lYdk1NK9Sr0,00007,1.5107685147078964,5.504
train,trainval,ZzugJPASNB8,50011,0,pretrain,CyKmpyYy14k,00005,6.830355075987487,5.696
train,trainval,1cJiAS6NSUI,50004,0,pretrain,YhJPoyv8O3A,00014,-5.843496863370959,4.416
train,pretrain,b2LbuqoNGGI,00018,0,pretrain,gOdAHe3SfVI,00003,-0.30695092601012597,5.76
train,pretrain,3vJ4SUH38dQ,00013,0,pretrain,iKHTawgyKWQ,00006,-8.355809615695815,4.928
train,pretrain,CVaSIZVzUoc,00006,0,pretrain,G8w4UQL6aI0,00024,-3.038886790956445,5.504
train,pretrain,SFOCpMAww28,00007,0,pretrain,9UiK4llJOXc,00007,-5.61156911352954,7.36
train,pretrain,RxyQNEVOElU,00018,0,pretrain,Se8kcnUSuZw,00021,2.8284260272906803,8.0
train,pretrain,yG7v4ySxwzQ,00010,0,pretrain,3m6dV7Xo3Vc,00004,-9.924790385259982,11.456
train,pretrain,S7SXH1CBzGw,00007,0,trainval,7H0USvVSfhU,50001,-7.097609556488191,3.136
train,pretrain,GW02Vo641dU,00001,0,pretrain,sfIpMJwRFk8,00008,9.903742964895216,4.352
train,pretrain,UVqoIgh7bcw,00011,0,pretrain,7n9IOH0NvyY,00027,-9.739690167121545,5.056
train,pretrain,DGIuSNks3DA,00005,0,pretrain,JaFSfq2Zn7I,00004,-1.04959778692651,2.752
train,pretrain,3nsPcBJAdxI,00018,0,pretrain,EhM56Fk2aFk,00014,-5.6861294790109245,7.552
train,pretrain,rmeGVhhbGrM,00041,0,pretrain,x4ESCiSBgdY,00010,1.930588480989515,10.24
train,trainval,SVB39Jo8mAQ,50009,0,pretrain,mArrNRWQEso,00021,-9.20479469570311,2.496
train,pretrain,W0WOfMeWvsQ,00015,0,pretrain,r9Zz4hYuGdw,00016,3.639474747843197,4.8
train,pretrain,ZChEFOGSn8Q,00019,0,pretrain,GlUS6KE67Vs,00009,-3.7314982461992923,7.744
train,pretrain,VfKWd7iXMSo,00025,0,pretrain,ZChEFOGSn8Q,00062,-1.156565808016376,7.936
train,pretrain,pGSQG0IyNTo,00002,0,pretrain,boSGZ3qSAys,00045,-9.130694579985391,9.216
train,pretrain,oIGBBPspTKM,00045,0,pretrain,9AgCr2tTvng,00016,-0.7271834305222473,7.68
train,pretrain,3nsoNSLS8RQ,00039,0,pretrain,b8z6HfSq7l8,00006,-0.1876505346926276,7.04
train,pretrain,IKZCw4xdESQ,00007,0,pretrain,4EUAMe2ixCI,00045,5.474551721478456,6.4
train,pretrain,5Gtw7hgyLzI,00007,0,pretrain,iSpwUpdQdyY,00060,8.646241853295663,6.4
train,pretrain,tSK6bn9sc50,00018,0,trainval,tsFKSfItBoE,50009,3.5583971275932598,5.056
train,pretrain,NMBNZspmn7I,00012,0,pretrain,MSLHHgSXloM,00022,-7.077096357337416,13.248
train,pretrain,wD3S6JIUF7M,00007,0,pretrain,dsmgvrcH94U,00021,7.437401657610682,6.976
train,pretrain,ElJxUVJ8blw,00014,0,pretrain,n8eyF4UWG38,00001,3.734917162708003,3.776
train,trainval,uEkgM9P2C5U,50001,0,trainval,OEydHbngSz0,50005,1.7989477138417982,5.184
train,pretrain,FAubx3BBgLk,00008,0,pretrain,CSSBGTJgBGo,00014,-7.740019680089018,11.2
train,trainval,3PQrElyu9HY,50003,0,pretrain,emeEpzkf044,00003,0.3518145111905273,3.904
train,pretrain,bCGlWQnzDVE,00016,0,pretrain,Df2JBnql8lc,00013,-5.862290817603961,6.656
train,pretrain,5PhNVxr7Vtw,00003,0,trainval,J6oMG7u9HGE,50072,8.454597360012958,3.328
train,pretrain,o5SrKh9BNHg,00010,0,pretrain,w1TBZhdSsN0,00017,-5.1641718704576745,4.224
train,pretrain,UdsUVjeJuPE,00014,0,pretrain,pcSlowAhvUk,00065,-2.2646346170549307,2.752
train,trainval,QekbuidfQKo,50055,0,trainval,sWN13pKVp9s,50002,7.721053383847195,2.048
train,pretrain,QijH4UAqGD8,00019,0,pretrain,1oNlTrLIjU4,00004,2.4616024236434786,9.92
train,pretrain,A60UTjiEp4c,00020,0,pretrain,YhG1Bgbsj2w,00010,-0.1629829987463527,6.08
train,pretrain,VB9S4kELT2k,00007,0,pretrain,mAEqvn7B2Qg,00003,7.6025442333047835,3.776
train,pretrain,MbdxeFcQtaU,00019,0,trainval,IRxgDMSp9Gs,50029,-6.920697562977109,3.712
train,pretrain,jsZDlBU36n0,00004,0,pretrain,JhcCHjqSiBo,00013,-5.5912630774139105,4.288
train,pretrain,a2MR5XbJtXU,00011,0,pretrain,KvQRF6PKojA,00006,4.21195358360718,3.136
train,pretrain,o8xWaNpSlbI,00011,0,trainval,YAV96XSdMQo,50003,-2.14591427826897,2.88
train,pretrain,t0pwKzTRG5E,00002,0,pretrain,H3ddtbeduoo,00011,9.474964059231674,5.504
train,pretrain,D9xJl4S6NsM,00006,0,pretrain,SjaWs87t5UM,00038,-9.861504835816742,8.384
train,pretrain,uhRhtFFhNzQ,00026,0,pretrain,VM7HQSzbdIw,00007,4.004557822299997,6.592
train,pretrain,SQdPW8JrYzQ,00002,0,pretrain,ufUkAQOQaXU,00021,-4.081269676281067,3.712
train,pretrain,DUd8XAS5HEk,00049,0,pretrain,3lxyiS3CGrk,00016,5.070280576461641,8.896
train,pretrain,qQIwTWJSd2I,00011,0,pretrain,7icexlbjQnE,00021,-2.8185024887762866,6.4
train,pretrain,FcoJt2KLC9k,00030,0,pretrain,D3ZC9xuuqVM,00001,0.1079539411871302,25.408
train,pretrain,J6tgYBMXR6s,00010,0,pretrain,3nsPcBJAdxI,00018,2.723558897699192,8.192
train,pretrain,k0T6rfpYoqA,00011,0,pretrain,i0a61wFaF8A,00022,-2.8038695888329945,17.408
train,pretrain,cotBM0laSSo,00043,0,pretrain,KDBcoRLkut8,00041,9.40484321620071,6.976
train,trainval,jodhovumkHQ,50016,0,pretrain,AOEQ9GteWbg,00027,1.4840003486109445,4.928
train,pretrain,pGyOwnqpCKk,00025,0,trainval,WIebxoTx408,50010,-3.233406573424425,6.08
train,pretrain,LlQXs0yofMs,00005,0,pretrain,uYaF8pSTNSU,00042,-4.5282081444182865,8.576
train,pretrain,Sm5xFSUYgdg,00013,0,pretrain,7VRzn8hc5mc,00008,-4.360578641007653,7.168
train,pretrain,zpNBwNgWejs,00004,0,pretrain,v7UKkzIaSsQ,00016,-8.154987973455345,4.288
train,pretrain,4jUdCy6Vghw,00020,0,pretrain,XLi6iYnnsGc,00011,-8.966418854727554,4.032
train,pretrain,eJCTAXbSBWs,00014,0,pretrain,5FjuSwOaV3Y,00019,-1.8435478002259575,5.12
train,pretrain,6ORDQFh0Byw,00025,0,pretrain,WoS7PGFjwDQ,00005,3.1561483403837887,3.648
train,pretrain,J6oMG7u9HGE,00011,0,pretrain,G1RRbupCxi0,00012,2.2511614459419285,11.52
train,trainval,cRrgDS4SD8s,50016,0,pretrain,dhDBxxOKGlg,00011,6.146550282150631,4.032
train,pretrain,sEOSCziWuP8,00009,0,pretrain,xAXUqSQc8DI,00002,1.628248199386908,12.8
train,pretrain,TQMbvJNRpLE,00027,0,pretrain,F6Qo8IDsVNg,00004,-5.611769284866204,5.824
train,pretrain,I2xDZlpInik,00018,0,pretrain,YhG1Bgbsj2w,00024,7.864177365271448,9.728
train,trainval,uNQujCwCu88,50002,0,pretrain,ZChEFOGSn8Q,00024,-2.70991314618537,2.368
train,pretrain,qS7zAkwAOYg,00010,0,pretrain,XvS83nXSf0k,00025,9.166405577540935,4.16
train,pretrain,Ytw0I6ytRto,00022,0,trainval,kYXiegTXsEs,50014,8.93744941311629,2.176
train,trainval,KM4Xe6Dlp0Y,50001,0,pretrain,HHwXlcHcTHc,00026,2.8710590093032415,5.568
train,trainval,7c5t6FkvUG0,50004,0,pretrain,855Now8h5Rs,00005,-8.14680935068294,3.072
train,pretrain,FsSKVSf1EJk,00017,0,trainval,wSepGxx36To,50005,2.528968075451143,6.208
train,trainval,xfjZStWFxpA,50001,0,pretrain,WtLMST8TyeY,00020,-8.886763684727772,3.904
train,pretrain,risdUQ3dvrk,00007,0,pretrain,dJEwC4wCM70,00023,-1.7522741424973987,6.784
train,pretrain,vYV4tAq3wVg,00032,0,pretrain,o1abyP4zfGg,00023,9.893165769194724,7.936
train,trainval,p7YRnLbmLGs,50013,0,pretrain,v2jSfxnRPSE,00028,2.9455978221893204,4.48
train,pretrain,dcwuBo4PvE0,00021,0,pretrain,zcMj4Az1MwE,00006,6.917198236374624,11.264
train,pretrain,0FOlwct8k9M,00021,0,pretrain,ttDM6ZtLUL4,00012,6.50215370138358,9.344
train,trainval,XbgdpsXDU2o,50003,0,pretrain,5EH1dS2aQVg,00008,3.365919348264086,6.016
train,pretrain,cxGWGohIXiw,00014,0,pretrain,9vKRj9yV8pI,00003,-9.149535550334667,5.12
train,pretrain,V1ItvwxBENg,00007,0,pretrain,G8cjIBwP52o,00010,-6.745678314621994,17.216
train,trainval,NdKEy6vcCMw,50004,0,pretrain,h8cF5QPPmWU,00003,8.400279896390401,3.84
train,pretrain,vlj9aPKB9m0,00007,0,pretrain,ynSrWmoq7Is,00012,9.96418631221426,8.256
train,pretrain,YlmZkY1uqXM,00007,0,pretrain,OLHh9E5ilZ4,00034,0.5301165459640558,7.36
train,pretrain,8iQnrM3DkVI,00011,0,trainval,acJscdoP2a4,50020,5.304305644686245,2.048
train,pretrain,boSGZ3qSAys,00017,0,pretrain,w3q89BTJj3o,00012,7.100115965114931,3.84
train,pretrain,MoSmgcxGYYE,00083,0,pretrain,F4RMDoGCCK0,00004,9.136767555767552,4.352
train,pretrain,Z2Z3P8E0tos,00001,0,pretrain,ts5MKtXNpMQ,00013,7.915513331552436,4.352
train,pretrain,LPrS7Skx9Y0,00009,0,pretrain,CHxhjDPKfbY,00041,-3.7036502005323175,7.232
train,trainval,sgTjCpBOeCU,50029,0,pretrain,SKx2lfobPuU,00013,5.284845878663235,3.648
train,pretrain,lwz8KvS9NRA,00024,0,trainval,cVSg6uQfllk,50001,-7.555770896274964,3.072
train,pretrain,SQwRsVyk7us,00017,0,pretrain,paiRIkWVy0o,00010,-9.572781001229249,30.848
train,trainval,mp0SQQQgv7s,50007,0,pretrain,PDefVd8DRxM,00003,-2.089445833810954,3.136
train,pretrain,XZiNVGA78kA,00021,0,pretrain,F0ofeD8VKMA,00022,-5.10478255759379,8.32
train,pretrain,k8OgHJ4WXR0,00017,0,pretrain,QHSrG9Tuz84,00014,-6.131050872038455,7.296
train,pretrain,2tBuvxXxlS4,00016,0,trainval,UVDgemuZdho,50007,2.5813855277382007,2.368
train,trainval,5K57kcs15DY,50029,0,pretrain,iRSjlgWE9GQ,00049,-1.4569756264145273,2.432
train,pretrain,xlggecnjOY0,00027,0,pretrain,odyakQwtWwo,00014,8.576240035247082,5.504
train,pretrain,tSK6bn9sc50,00015,0,pretrain,r1qdSnDm67s,00006,-8.742623807002465,5.056
train,pretrain,S8fxEWsQy9s,00007,0,pretrain,Hui5YHSD6Go,00024,-9.362918885017864,17.152
train,pretrain,t1owaS144N4,00006,0,pretrain,8u9Wvz1edxI,00014,6.460596119364215,4.48
train,pretrain,druJDI6hiiY,00021,0,pretrain,Ka70SHb1wFE,00011,-9.214516431868995,12.608
train,pretrain,AdHSwXl2nuQ,00014,0,trainval,gPEECGFJFb8,50005,-8.832375109495336,5.504
train,pretrain,wAdwurHhvSI,00040,0,pretrain,zXCiv4sc5eY,00028,-0.26639457442785996,6.976
train,trainval,ZcFRfJb2ONk,50007,0,pretrain,MF2Q6CcGN7E,00012,-3.9181616352338544,2.24
train,pretrain,hHOX3dlhhZ0,00020,0,pretrain,u4iOeHXObok,00019,-8.967603766971928,5.568
train,trainval,bRuU02haIK8,50021,0,pretrain,4bHO8NZwmIg,00046,5.3686561792456295,2.304
train,pretrain,vC1uxXvPG0Q,00002,0,pretrain,bf7BXwVeyWw,00022,-6.417073969645733,5.184
train,trainval,JeHqgambbcI,50009,0,pretrain,bVV2Zk88beY,00010,-7.005383686590079,2.24
train,pretrain,E0M1beV91js,00014,0,pretrain,FD5ZKiSmoMU,00020,1.669338530335052,4.16
train,trainval,RmXiItk49Gw,50024,0,pretrain,Rv9SwZWVkOs,00011,5.97451467628745,3.392
train,pretrain,YyBk55G7Keo,00023,0,pretrain,hcIpbUsIVKw,00002,6.116082254791667,3.328
train,trainval,BltRufe5kkI,50004,0,pretrain,Bwj3SVZZOHo,00017,-4.25602584133324,2.368
train,trainval,pvBlSFVmoaw,50004,0,pretrain,kDXJhxLzmBQ,00034,-0.8408822523101165,2.688
train,pretrain,tUAepQYyMY4,00004,0,pretrain,8S6S5vZGSSk,00019,-5.422238471178796,12.864
train,pretrain,YAV96XSdMQo,00019,0,pretrain,VGpZ06RlVfI,00010,1.786410025624912,7.936
train,pretrain,uVAaZVz9pDs,00045,0,pretrain,HByDu4uOFY4,00010,-5.723221230571827,3.84
train,pretrain,fW6AndSUByo,00005,0,trainval,nFEgRt2EH1g,50012,1.6659988408676778,2.56
train,pretrain,vY2l2xfDBcE,00020,0,pretrain,4tQee2SJgUo,00004,-8.230737874359766,4.352
train,pretrain,XBaRdmEVy8s,00002,0,pretrain,zSqYtUeKUl4,00011,4.875305453508631,8.64
train,pretrain,buRLc2eWGPQ,00024,0,pretrain,QJORi5VO1F8,00012,-3.477543656128468,6.016
train,pretrain,uSUOduS5MPc,00034,0,pretrain,GlUS6KE67Vs,00016,1.6737870723218045,14.4
train,trainval,bSiGZPtWXzE,50077,0,pretrain,ZFpbkCSHimY,00003,0.0036203923845885555,5.696
train,pretrain,4jBB5iibKy0,00004,0,pretrain,KOtFDsC8JC0,00017,-1.603389698469467,8.768
train,trainval,7PwvGfs6Pok,50001,0,pretrain,MoSmgcxGYYE,00063,8.350596406192338,4.736
train,pretrain,mMYhgTgE6MU,00019,0,trainval,GOZOhpxSAFI,50018,-0.9227602939748785,3.456
train,pretrain,XsvgWEdydDI,00006,0,trainval,kiDfwUQySEs,50001,6.6586549540385604,3.392
train,trainval,C8QCStOtqus,50006,0,pretrain,wKIHuxe2fi0,00019,-7.641153112725183,5.568
train,pretrain,MtSE4rglxbY,00036,0,pretrain,UwtYQFSJSQc,00039,9.298272753935173,7.04
train,pretrain,lASzdhSbQBo,00006,0,trainval,cfR6tiSWSAM,50005,-7.361992219525635,3.648
train,pretrain,UwtYQFSJSQc,00019,0,pretrain,ZUGOaSux6pU,00008,-1.6299897356889392,7.936
train,pretrain,d8s8e8JdGCc,00026,0,trainval,Fb2J5eDoFko,50010,1.683569928645598,2.176
train,trainval,jdMv5x8SBuM,50001,0,pretrain,bfAzi6D5FpM,00013,7.801966783305417,6.08
train,pretrain,rzbtSeVZeEE,00012,0,pretrain,SYHG5y4tvLw,00021,9.995468597532472,15.744
train,pretrain,EiTrl0W1QrM,00035,0,pretrain,2a2724wcfcc,00001,-2.796178407406673,6.784
train,pretrain,mRgSUwk1hnE,00002,0,pretrain,nFSdHdNOgSA,00002,-2.647361442952012,3.648
train,pretrain,EBebWBjpWIQ,00013,0,trainval,1fZk6aWnqGg,50001,-6.909954250476997,2.944
train,pretrain,n3qA8DNc2Ss,00006,0,pretrain,2g9GedPylM8,00009,7.904599184514002,11.2
train,trainval,CiLnSGrcuEs,50005,0,trainval,KOtFDsC8JC0,50010,-1.9730116763313443,4.544
train,pretrain,cRrgDS4SD8s,00019,0,pretrain,abMQhaMdQu0,00022,4.939042650237296,6.016
train,pretrain,o3oDpCb7VqI,00017,0,pretrain,OAK1UIbSFio,00036,-8.605542853487268,5.248
train,trainval,MLKj1puoWCg,50010,0,pretrain,gmjSazFbpkA,00009,8.185805633202431,4.352
train,pretrain,goiyLgCzgSI,00013,0,pretrain,QOSPNVunyFQ,00030,6.706474788386107,6.08
train,pretrain,4jUdCy6Vghw,00032,0,pretrain,a2MR5XbJtXU,00060,7.396695664306275,5.632
train,pretrain,LSGfqyhleUA,00051,0,pretrain,szU2S1infqc,00020,8.981017513132311,12.928
train,trainval,bLGTrz1Zolk,50005,0,pretrain,eSBZigXlphY,00023,-5.786216339000704,2.24
train,pretrain,R7vmHGAshi8,00008,0,pretrain,HsSvPqfsO0Q,00004,-7.271775066422148,10.688
train,pretrain,u5GCetbP7Fg,00036,0,pretrain,PzSw6OsEP9Q,00021,-7.036532436469489,7.36
train,pretrain,uEkgM9P2C5U,00015,0,pretrain,eNC1h5H5cJA,00021,-1.965380226215732,6.912
train,pretrain,HJY8gMsonU0,00005,0,pretrain,ooUqOwhS2LE,00004,-3.6470466194055273,9.92
train,pretrain,55n9pHSA0O8,00009,0,pretrain,SbgwDk7A4as,00001,9.08099431714642,3.392
train,pretrain,qS7zAkwAOYg,00023,0,pretrain,Q0lARjgVnIU,00012,4.356267131589522,6.336
train,pretrain,iNOE0dZpHcY,00016,0,pretrain,7LcSdlVrg5M,00010,4.712895326894309,6.848
train,pretrain,0FkuRwU8HFc,00025,0,pretrain,rTMqGbTNkNg,00016,-4.6329660505933745,6.528
train,trainval,zbHe4RpgV80,50009,0,pretrain,gwPoM7lGYHw,00024,-3.1021386456019133,5.888
train,pretrain,4oFGmxZ2nqE,00017,0,pretrain,oghkCpRYVjU,00005,-3.998537245589122,5.248
train,pretrain,y2X7c9TUQJ8,00028,0,pretrain,wyhF7q3Sbpk,00015,-7.041149383223693,19.776
train,pretrain,sS9ys09BkGE,00010,0,pretrain,ayhhuxAu6rw,00008,-5.946523128239631,10.624
train,pretrain,G0ZjSInJ4BQ,00014,0,pretrain,zQfB85apRy8,00006,0.9120005333624963,5.696
train,pretrain,nOHbn8Q1fBM,00022,0,pretrain,5RAJvzV9jSo,00006,8.83714794071804,7.168
train,pretrain,KTvSfeCRxe8,00068,0,pretrain,qu7ZpWecIS8,00023,-6.4413391142042915,3.904
train,pretrain,TWPahtyJDsI,00040,0,pretrain,rpOwTspdwkI,00017,7.5193787716199445,8.96
train,trainval,LETgWDSSzSI,50019,0,pretrain,Xl6wxnnSStI,00001,3.121277220225906,5.248
train,trainval,SI3v6KS2Zgs,50001,0,trainval,yoAqA6vgnCQ,50004,1.9951433275622303,4.16
train,pretrain,LhszKevcH30,00021,0,pretrain,DShPct3oIow,00010,6.943916078350966,4.736
train,pretrain,Pro06WQG77M,00018,0,pretrain,inxIM1aGvZY,00015,2.279715603753864,5.568
train,pretrain,70uaS1e9YN0,00016,0,pretrain,K5PEJPSwt0k,00003,-8.55201566258578,6.208
train,pretrain,mDSuP2BsVy4,00007,0,pretrain,bKQA6I4BA7o,00004,-2.481486659325003,4.352
train,pretrain,XGq3MXQlRJs,00026,0,trainval,7H0USvVSfhU,50004,-0.6529445524777451,6.208
train,pretrain,8iZSsHd0IlU,00012,0,pretrain,OEydHbngSz0,00002,-1.8149525465659622,4.928
train,pretrain,ZBrbHy7l3tg,00005,0,pretrain,PWhjzFwn9Js,00011,-1.8814391532739876,5.76
train,pretrain,Xl6wxnnSStI,00001,0,pretrain,FSNEIwDiCSw,00061,9.857468889832454,11.264
train,pretrain,N0vRIqeoefs,00037,0,pretrain,sCZiXfaa9ro,00007,-6.719309554639219,9.408
train,pretrain,d6PS4p3IXLQ,00006,0,trainval,gBkIyJ7kfSI,50006,-5.152846312439001,2.944
train,trainval,DajRM7VyeZ4,50003,0,pretrain,ruvWiXowiZ8,00017,5.319029424201396,3.264
train,pretrain,L2M15ZeTLxc,00007,0,trainval,J6oMG7u9HGE,50048,0.27264119997815683,4.288
train,pretrain,zmDENxTPn8Q,00022,0,pretrain,Jk0AknXMXmc,00009,-6.679611572655615,5.248
train,pretrain,2jTdZSPBRRE,00013,0,pretrain,fi8CYv9Dcr0,00018,-5.514377818474882,14.464
train,pretrain,9IRv3TOjE1I,00018,0,pretrain,askcLEVCTko,00003,-2.338402826588794,7.36
train,pretrain,5QGApheKRc0,00014,0,trainval,9YR8jNtV4BE,50012,-3.071938224466595,4.8
train,pretrain,WSKPrVG3Evs,00004,0,pretrain,7TXEZ4tP06c,00016,7.016013496882714,24.576
train,trainval,Mgbf3cq7lms,50063,0,pretrain,WiGZGBowXQg,00017,-8.463494691626911,2.496
train,pretrain,Z6T37m4r3yo,00029,0,pretrain,4EUAMe2ixCI,00038,-4.800267601827317,4.416
train,trainval,aEjUlH7bNDo,50013,0,pretrain,SJWoKsfsSaA,00027,1.4145387128893265,6.208
train,pretrain,ORBf73HiJns,00033,0,pretrain,LUO3jqMlWkE,00003,-2.643459094549099,4.736
train,trainval,XFOkSdlPafQ,50005,0,pretrain,5LrThfSBeq0,00032,8.971201250327582,6.08
train,pretrain,MSX0uwAG2Jc,00016,0,pretrain,SxMWqUe8FdU,00005,-7.935472592907553,6.848
train,pretrain,KQEWc3LVfyc,00081,0,pretrain,dk60sYrU2RU,00016,1.6145650740141377,5.76
train,pretrain,9IgOVOPLTYI,00010,0,pretrain,H8Pr9Jnulxk,00021,1.0275835736212393,3.648
train,pretrain,qykSnLkPM7E,00015,0,pretrain,LSGfqyhleUA,00042,-8.583700272079795,7.872
train,pretrain,uPZw3ebk8oI,00022,0,pretrain,DSSAz5nZBBM,00037,-7.180844810390057,7.68
train,pretrain,ifgSifSQq0Y,00003,0,trainval,UoMpbLSFsig,50001,-7.5064901456770095,5.248
train,pretrain,ilMwoEdqMTs,00023,0,trainval,J6uL4vDAU3s,50003,3.8303209746660745,4.8
train,pretrain,FVSc2FnPnDE,00008,0,pretrain,OAK1UIbSFio,00041,-4.949291498229485,6.528
train,pretrain,PSggxpMY9q0,00009,0,pretrain,I2xDZlpInik,00014,3.2196493246339557,7.616
train,trainval,dsT5eVSm7BA,50017,0,pretrain,AP8i435ztwE,00017,0.03916368162449402,6.144
train,pretrain,DdrcJLKyHtU,00008,0,pretrain,aR5N2Jl8k14,00004,-7.871613445057822,6.528
train,pretrain,DZT6YpCsapg,00048,0,pretrain,8m5Ebx6nuGE,00011,-8.917196901182527,3.456
train,trainval,z0HsPBKfhoI,50005,0,pretrain,uo7w3g24DWo,00014,-3.857727302768601,3.712
train,trainval,qgv8VoyJ3wA,50003,0,pretrain,u0VHC1SDOS8,00042,-4.17420263447603,2.432
train,pretrain,vdDFLzyk94k,00006,0,pretrain,JNcLKbJs3xk,00026,-9.299736547145145,5.184
train,trainval,xTMZJvfzxGY,50006,0,pretrain,iFTWM7HV2UI,00026,8.360504352698403,2.944
train,pretrain,IXBalykzauE,00021,0,pretrain,86xSuStz0MA,00007,-5.402722941430909,7.232
train,trainval,cWcVPpxezE0,50032,0,pretrain,dsmgvrcH94U,00016,-6.186506959054274,2.496
train,pretrain,EHTmxmuhZ10,00002,0,pretrain,1IxIDGyISzk,00012,-6.714286284558362,3.2
train,pretrain,LGtNFHtM81A,00013,0,pretrain,mk3KSVrveSE,00025,-6.962071853034746,6.912
train,pretrain,1InHN8JPazA,00025,0,pretrain,GZyjTPEufLk,00018,1.3641774148841908,3.776
train,pretrain,VvpUZjRVoBI,00017,0,pretrain,WGBTz8ciZLg,00002,-4.519771254555551,5.888
train,pretrain,ElJxUVJ8blw,00027,0,pretrain,B1dkma6GRZo,00002,5.296469735852289,4.928
train,pretrain,v22SdEMzxO4,00011,0,pretrain,a2MR5XbJtXU,00048,5.629343033374717,6.016
train,pretrain,pVQdpofMhwU,00009,0,pretrain,vSONFixSe4k,00007,-9.16305671564642,10.048
train,trainval,a2MR5XbJtXU,50011,0,pretrain,2tCcoSRZqVY,00010,0.4050093460512034,3.456
train,pretrain,twG4mr6Jov0,00041,0,pretrain,Hc6yiSFtoNo,00011,-8.161172646146792,7.488
train,pretrain,c2tOp7OxyQ8,00011,0,pretrain,ZmSF9gVz9pg,00030,-0.15451116285808197,14.848
train,pretrain,dySwrhMQdX4,00018,0,pretrain,IW8mHxAkOtA,00015,-6.3655900751393935,8.96
train,pretrain,PS6vDLq64gE,00004,0,pretrain,TDCYJ3Sgx2w,00032,1.863628341317785,5.44
train,pretrain,ZVS5I2RMTGM,00002,0,pretrain,2JSZ66uMRwc,00016,4.906449575645496,9.408
train,pretrain,ZBDablzQ9ts,00015,0,pretrain,zXCiv4sc5eY,00025,9.224295794506574,3.84
train,pretrain,gZlzCc57qX4,00015,0,pretrain,LSdPxGLesE4,00060,1.1140335606137697,8.576
train,pretrain,PiVB5niLrWg,00006,0,pretrain,Ed4SeoQypy0,00001,2.0377967853914303,4.16
train,pretrain,57FMau29OSg,00021,0,pretrain,C14bXC7zi84,00022,-5.931879984505084,4.544
train,pretrain,2zvjW9arAZ0,00025,0,pretrain,CyElHdaqkjo,00001,8.085447045317554,5.248
train,pretrain,6xtmm0MnaS0,00003,0,pretrain,HDjM5lw8OYo,00017,7.4230032031425885,8.448
train,pretrain,OAK1UIbSFio,00075,0,pretrain,jpRqbP9Nv9k,00011,-0.33780756545114876,14.336
train,pretrain,0D9QIG36J9Q,00006,0,trainval,vw5HJhIlJp4,50003,4.69414740087079,2.496
train,pretrain,iNgBSj4S5HY,00006,0,pretrain,dO6AuQR9R7E,00027,-6.653951445733979,7.168
train,pretrain,A71OktxTPac,00020,0,pretrain,m0ZPM5I1tTg,00025,-2.9687571137979045,9.728
train,pretrain,oZ2eT76Sb4I,00022,0,pretrain,AP8i435ztwE,00011,0.20571190711895682,7.232
train,pretrain,MgUTzbGakRw,00010,0,pretrain,MiPXuEFAdIc,00004,-1.0721566145229495,4.736
train,pretrain,APPbSStpGHk,00017,0,trainval,V6yixyiJcos,50002,1.0946672803830104,2.112
train,pretrain,VC0taBVUF2o,00017,0,pretrain,5aLiFw8CSEA,00029,-4.927390096638595,9.792
train,pretrain,GwRzjFQaSOg,00014,0,pretrain,iRSjlgWE9GQ,00032,-3.400929968045925,14.848
train,pretrain,UwtYQFSJSQc,00025,0,trainval,yLjxoscCi0A,50001,-4.703362259723218,5.568
train,pretrain,fSf5wNwS2c0,00018,0,pretrain,ok54sSWquT4,00009,2.2506092921393765,4.288
train,pretrain,MgUTzbGakRw,00004,0,pretrain,3F2jACWwKdU,00031,4.0851943414191965,14.912
train,pretrain,JNcLKbJs3xk,00027,0,trainval,PB7xs7UpIfY,50005,-9.973559640563376,5.44
train,trainval,VN357QrUdEc,50020,0,trainval,BT2XlI8oeh0,50027,-5.642416375903869,6.08
train,pretrain,z4vmzTZ7qLA,00001,0,pretrain,TKOKD69jUA0,00006,1.6855363996133264,4.288
train,trainval,NhSTVcNFtVI,50001,0,pretrain,cC0KxNeLp1E,00023,1.6817656020160925,4.928
train,pretrain,mDSuP2BsVy4,00001,0,pretrain,vVY8L56oxSM,00019,-9.870209515257386,6.464
train,pretrain,FN0fjOsJIxk,00027,0,pretrain,OkKhI6St40w,00008,-5.547795281965804,10.752
train,pretrain,Acsv55lctGY,00025,0,pretrain,Cj04JUBXe2E,00003,0.2566718563372721,3.904
train,pretrain,AyWtIwwEgS0,00009,0,pretrain,zb4bp2volBg,00004,-5.114842514755383,5.888
train,pretrain,WbuIl6phdco,00018,0,pretrain,jnS66SszwEs,00007,-8.357786363684934,4.48
train,pretrain,7Gp08e63q5c,00002,0,pretrain,tsgvhP07BC8,00041,-8.043417480172527,4.096
train,pretrain,xfDUGqGPSfo,00024,0,trainval,lyu7v7nWzfo,50011,-8.843069845609975,3.072
train,pretrain,uFIc7XEVyM0,00051,0,pretrain,wSHYZv6HzAs,00009,-7.516577258906844,5.376
train,pretrain,hfDkDzZ9GsU,00001,0,pretrain,QHIocNOHd7A,00003,0.2967824394997294,15.424
train,pretrain,ZWfCi9WxK1E,00015,0,pretrain,A9kQBAH1nK4,00005,5.588528235134632,5.056
train,trainval,o0TbaHimigw,50006,0,trainval,FLbEKpLS5Z0,50023,2.073655490039755,2.624
train,pretrain,CGksAjzI0go,00035,0,pretrain,3M29BY86bP4,00024,-2.8210440593969803,6.08
train,trainval,7ZWTG0SeCEg,50025,0,pretrain,rSfHY43qLWs,00006,-9.82760290113671,2.752
train,pretrain,6EghiYSs2ts,00010,0,pretrain,CbS6PPBJJB8,00019,-8.159731676883448,13.376
train,pretrain,0SUTgoPUTLQ,00003,0,trainval,d5wfMNNr3ak,50009,-0.8894378434463874,4.096
train,pretrain,WKlIytaSlu4,00009,0,pretrain,ovV7v2XYJAI,00024,-8.219869420210657,6.144
train,pretrain,85bqT904VWA,00048,0,pretrain,xjSQFZX2m9o,00015,1.8412716146654713,6.336
train,pretrain,i6SbQqqRVtM,00001,0,pretrain,jDfeDOWiw3g,00012,-8.38100913201946,2.944
train,pretrain,BCvzpm4d2gs,00039,0,pretrain,SJyE40koQyA,00006,-9.654113617411436,5.696
train,pretrain,6Eu964BbJO4,00014,0,pretrain,9VXOknUbzBM,00025,-1.2926246841237354,13.568
train,pretrain,0YeVt2kpSSo,00012,0,pretrain,KNXOVpN8Wgg,00008,8.906820852500445,11.456
train,pretrain,5HL1BEC024g,00015,0,pretrain,IRVdiHu1VCc,00096,-9.9116367189017,13.184
train,pretrain,gevXeQwS1jg,00022,0,pretrain,GpKrM8GQwOg,00004,2.161629890517885,5.632
train,pretrain,yqWJuDBSWm4,00021,0,pretrain,vMiSf7LpFQE,00009,3.022510149983086,6.528
train,pretrain,p0p45l9NMto,00002,0,pretrain,7ZW8SLQftnY,00008,-9.879375272548955,5.12
train,pretrain,zuAj2F54bdo,00012,0,pretrain,j8T3bdqTdp4,00018,-5.764822109559329,8.64
train,pretrain,BSxI3YxAPW4,00043,0,pretrain,pCHWOt3FOgY,00016,-7.481207875962326,8.448
train,pretrain,c2tOp7OxyQ8,00036,0,trainval,iTdZn78u6pI,50009,6.066502693645759,2.24
train,pretrain,h4GEMYsrJSY,00010,0,pretrain,LZXUR4z2P9w,00025,3.8174891193824543,9.216
train,pretrain,kTqgiF4HmgQ,00020,0,pretrain,1o9NEtA2IEQ,00006,6.326766328182671,5.76
train,pretrain,dcwuBo4PvE0,00014,0,pretrain,JSswZaKN2Ic,00021,5.249904387903509,18.496
train,pretrain,SKx2lfobPuU,00023,0,pretrain,dO6AuQR9R7E,00015,-8.357627789811538,6.656
train,pretrain,FXYFLK0KZio,00036,0,pretrain,kvpUiBqHoVM,00019,4.188012931902501,7.68
train,pretrain,Fkd9TWUtFm0,00012,0,pretrain,J3pGKt7fESM,00003,9.971118284565115,8.576
train,trainval,eIho2S0ZahI,50010,0,pretrain,B1dkma6GRZo,00037,-0.9308682976278533,3.84
train,pretrain,QHIocNOHd7A,00001,0,trainval,xfDUGqGPSfo,50004,9.659770075533231,6.208
train,pretrain,gS3iLapiTCw,00009,0,pretrain,WzDygsn0Djs,00031,8.548414099429692,5.248
train,pretrain,UxtJtlgDkC8,00005,0,pretrain,fnS9f5x0f1Q,00001,-9.868005309953741,6.656
train,pretrain,kKeUISJko3o,00019,0,pretrain,odIXWv1m2a8,00020,6.881308892125599,6.848
train,pretrain,l5Bbg96VODk,00017,0,trainval,7Iv2nZnZOrM,50012,1.0976731471913208,4.544
train,pretrain,6LmPq7DSds0,00009,0,trainval,Yo5cKRmJaf0,50008,2.5284420491545827,2.176
train,pretrain,askcLEVCTko,00018,0,pretrain,pcNxS2i7SvQ,00017,2.4262532266017836,5.568
train,pretrain,njESlZa2b10,00004,0,trainval,yqU0SsbENgE,50003,9.702111102722021,2.048
train,pretrain,g2m97gPI70I,00016,0,pretrain,dm4fvbrMLPw,00010,-2.00570209709144,6.656
train,pretrain,ZR4LdnFGzPk,00008,0,pretrain,OkKhI6St40w,00021,-5.276221635621637,3.264
train,pretrain,xYemnKEKx0c,00028,0,trainval,PJUIXSpLoVk,50001,7.1339864587367146,5.696
train,pretrain,H2rG4Dg6xyI,00001,0,pretrain,Jv5tn4MPJV4,00012,7.643362813648903,13.248
train,pretrain,okQXrB7ySAw,00066,0,pretrain,btF6nKHo2i0,00028,1.479162105198455,4.8
train,pretrain,mK6IdD4GXPo,00008,0,pretrain,d25l1aPz2kc,00015,9.347693527489007,5.504
train,pretrain,fbeFn1Xcqo4,00009,0,pretrain,sYySLEdYr8A,00009,9.554951959122427,6.336
train,pretrain,PUh5msG0rG8,00004,0,pretrain,moS9iMlmsP0,00021,0.79360560301083,5.632
train,pretrain,druJDI6hiiY,00016,0,trainval,9h2dFSIsH0I,50003,3.3126829537800333,4.8
train,pretrain,86xSuStz0MA,00049,0,pretrain,huzhvbrcgeQ,00009,1.573721640065699,9.408
train,trainval,ue4L8kmaKXQ,50001,0,pretrain,B4a0NvLTebw,00019,1.6442027818016474,4.48
train,pretrain,jeOumyTMCI8,00023,0,trainval,zISxg4JhSRk,50017,1.1708846941603284,3.456
train,pretrain,5aH2Ppjpcho,00002,0,pretrain,IJwlyf7rCtU,00019,6.401793242376144,5.376
train,pretrain,Oj8eFu72Sfc,00021,0,pretrain,acNSymOsL6M,00010,-3.9666820070966295,2.048
train,pretrain,cHSQGnhdSi4,00001,0,pretrain,hSSmmlridUM,00025,-7.184380952621156,3.84
train,pretrain,DajRM7VyeZ4,00011,0,pretrain,jn0Ygp7pMbA,00033,-1.2479019498893003,5.184
train,pretrain,Ssl0043HgQU,00033,0,pretrain,6JM9JD2iYrk,00003,6.443005145150952,5.568
train,pretrain,1InHN8JPazA,00031,0,pretrain,JSLUS3qLv0I,00017,5.611101567770898,3.968
train,pretrain,nzj7Wg4DAbs,00021,0,pretrain,o0VrZPBskpg,00009,2.6715332440617345,4.096
train,pretrain,G8cjIBwP52o,00051,0,pretrain,SgYvy71CSSA,00019,3.786171984616109,5.12
train,pretrain,buhMdC7MO0U,00033,0,pretrain,jvBaRf9LHDs,00013,-4.610704949211495,4.352
train,pretrain,GeDSgi0A7A8,00021,0,pretrain,1joQ8ZhX2o4,00009,-5.541059259545033,6.656
train,trainval,Phf66nAoMIk,50009,0,pretrain,ONXYcNS7k1Y,00024,-9.260782367792803,4.16
train,pretrain,QPiaadMporw,00001,0,pretrain,AzW2iKdSITM,00003,-4.714177110704252,9.28
train,pretrain,XknIGenqHxQ,00010,0,pretrain,WiNI6INAytE,00019,3.6373244617614837,11.328
train,pretrain,ZBWsmoy5Re4,00029,0,pretrain,qZYNWW4M7yM,00010,7.126198198659953,8.128
train,pretrain,S4XXhSwYASk,00007,0,trainval,jAGgKE82034,50003,-1.7820458399584105,3.776
train,pretrain,7FecGsXFgcQ,00024,0,trainval,yRUCU5FsvTY,50004,1.3296476088114062,3.072
train,pretrain,q06YIWCR2Js,00029,0,pretrain,7shXEFuxHAA,00010,4.980481505439215,6.144
train,trainval,BN9a8Ldy7Xc,50008,0,pretrain,VLe84OkwKOA,00001,-9.075018054401085,2.304
train,pretrain,o0td5aw1KXA,00028,0,pretrain,zw9NXY3xOOI,00005,4.632650315686686,8.64
train,pretrain,Xv2gHiX9Bqw,00022,0,pretrain,6XNrzmh0EVs,00021,1.1172028600295327,8.768
train,pretrain,0ZhL7P7w3as,00013,0,pretrain,13rqtiAPISY,00001,7.3046564543500665,4.352
train,pretrain,RS5O4n0TqlU,00001,0,pretrain,jvBaRf9LHDs,00033,-2.5533874989489806,2.56
train,pretrain,mJxA8eIWQUc,00030,0,pretrain,gaY4m00wXpw,00030,-1.031779648419631,6.72
train,pretrain,Qlg6izBqKxM,00010,0,pretrain,J6ZzmqDMhi0,00007,-2.2337779932384887,4.48
train,trainval,ac1mOswXxLs,50009,0,pretrain,dnMeyvtJpsk,00016,9.072319723503561,3.136
train,pretrain,osBbP6Om4Mg,00023,0,pretrain,vMiSf7LpFQE,00011,-2.6897035380588896,5.696
train,pretrain,JmZpFy1QUww,00003,0,pretrain,ts9JpM0gHMU,00036,-0.17121612875678416,4.8
train,pretrain,yRUCU5FsvTY,00016,0,pretrain,IaWeJ8V3pg4,00014,-9.860595326812316,6.208
train,pretrain,OLHh9E5ilZ4,00033,0,pretrain,HSpqhMO3ZSY,00003,-1.6041894898338267,9.216
train,pretrain,mA1vshSuyQU,00001,0,pretrain,vVsXO9brK7M,00015,9.421852144534878,11.52
train,pretrain,HFFBkbsSFY0,00037,0,pretrain,DdrcJLKyHtU,00007,5.560932245569507,7.296
train,pretrain,yBdyFKqwKy0,00013,0,pretrain,nLotSkXFSUg,00001,-8.098563297943688,4.736
train,pretrain,2R3Njv0LjjM,00005,0,pretrain,xTMZJvfzxGY,00020,1.7059417479952916,8.576
train,pretrain,Y6U728AZnV0,00003,0,pretrain,HjnclEhy960,00006,1.3286628079858396,23.68
train,trainval,PJy8vTu66tE,50001,0,pretrain,vbHkhSfaQu8,00002,-4.897778560518997,5.248
train,pretrain,5Dn08yo9aiM,00007,0,pretrain,QG4Z185MBJE,00020,-3.3979897246319313,6.016
train,trainval,nItwVO9stX8,50006,0,pretrain,UqyOedEHIrw,00013,6.734614761897223,6.144
train,pretrain,aOW7JZaqKGA,00009,0,pretrain,pbSSrJGgVIo,00043,7.055113627418589,9.28
train,pretrain,rQNisRKhSiU,00002,0,trainval,6ibCtsHgz3Y,50004,-5.55500061866309,2.304
train,pretrain,58eTdyeVwbA,00023,0,pretrain,ZCRC5S0kfiw,00028,8.578391491349848,6.144
train,pretrain,zbHe4RpgV80,00002,0,pretrain,gB23pKmyIHM,00010,7.163157883302162,6.208
train,pretrain,LWQfeSSfNbs,00030,0,pretrain,cQvDUTOOkiI,00038,6.8411622691030445,12.544
train,trainval,uNQujCwCu88,50010,0,pretrain,fVhggGSjXVg,00012,8.332223357385939,3.968
train,pretrain,E7sqRrUoL3U,00005,0,pretrain,VQRjouwKDlU,00021,3.649827117294995,8.576
train,pretrain,sIPvnWZ5O6Q,00004,0,pretrain,f6CILJA110Y,00057,8.194964682184832,4.928
train,pretrain,pDsAqCEo5CY,00002,0,pretrain,k5tCYg9s0HU,00003,-3.2776784334765807,4.736
train,pretrain,b2LbuqoNGGI,00019,0,pretrain,k6DPjCmc3BM,00004,-1.7240037691652503,15.808
train,pretrain,zORUUqJd81M,00015,0,trainval,oXSyMUeAEec,50008,6.7201823883745035,4.864
train,pretrain,7FecGsXFgcQ,00006,0,pretrain,ZFpbkCSHimY,00006,2.714154974388574,5.44
train,pretrain,VM7HQSzbdIw,00014,0,pretrain,r92jUj7gNRw,00009,5.195661749965318,3.456
train,pretrain,3sUWSDHOVn0,00004,0,pretrain,D4cV8yfgNyI,00010,-1.5413837301362712,5.696
train,pretrain,SUkVcmKZyyQ,00001,0,trainval,yTR4sADS4qM,50004,-3.8338321189054874,2.496
train,pretrain,UJ7QaCFbizo,00023,0,pretrain,VQRjouwKDlU,00021,-5.764637862017079,6.912
train,trainval,vCCdmGKtxPA,50006,0,pretrain,USmTQeKRaP4,00001,-2.6198961527610383,3.776
train,pretrain,wmE8dQcZgB4,00034,0,pretrain,Erm4vP1vTn8,00003,-9.774421900532326,13.056
train,trainval,iWHq2mSHwhw,50008,0,pretrain,mUJdzaLDRIo,00064,-4.009154709283187,5.824
train,trainval,yioZhHe1i5M,50006,0,pretrain,N7wF2AdVy2Q,00044,-8.141255444304731,5.248
train,pretrain,30kPKxGuHLA,00006,0,pretrain,ncwpzEoVZCk,00008,5.0812546625929915,5.248
train,pretrain,9YR8jNtV4BE,00026,0,pretrain,3YAF5JdsMm8,00012,-5.278626923585927,9.472
train,pretrain,qZRSPO8NtJc,00021,0,pretrain,KVjkFqS7Y6A,00023,1.29804812858948,15.552
train,pretrain,4c1lqFXHvqI,00003,0,pretrain,vvEH93EQiKg,00002,1.379891704178494,13.376
train,pretrain,2SEv4rU27HY,00014,0,pretrain,btF6nKHo2i0,00071,5.614072625555732,4.16
train,trainval,CfmNXPMjChs,50003,0,pretrain,hS3dLASh3Yc,00020,9.853317530031077,4.608
train,pretrain,GtXyGFMBWBs,00009,0,trainval,sPQViNNOAkw,50006,0.12257732038577274,5.44
train,pretrain,G1RRbupCxi0,00001,0,pretrain,4uAAegPkCKo,00009,3.2682890849311903,5.12
train,pretrain,3m6dV7Xo3Vc,00014,0,pretrain,BRETz2FSheQ,00015,5.012853989656552,9.152
train,trainval,8khcH5Lqxgk,50001,0,pretrain,eLrBw8BKOWI,00009,-4.611544203292485,3.2
train,pretrain,pzN4WGPC4kc,00011,0,pretrain,SpSGKCr8rq8,00025,-6.887507175026433,3.52
train,pretrain,hscdmpKGqrQ,00032,0,trainval,x8jdxSlf2Dw,50004,3.519893993556275,2.24
train,pretrain,SgsbNR2pIts,00003,0,pretrain,NEC7TiHoxvI,00007,-0.46972654673418823,4.736
train,pretrain,1TYPldG99dk,00007,0,trainval,BMDSPhk7JSY,50005,5.913789337003195,3.392
train,pretrain,2L1R7OtJhWs,00008,0,trainval,XzDNfLnUOYY,50002,7.446765682603157,2.24
train,pretrain,x3AwnkR92EA,00015,0,pretrain,IfzrN2yMBaQ,00005,-8.19442015917437,11.648
train,pretrain,rKtmsVa4Kvk,00008,0,pretrain,y3jYVe1RGaU,00014,-5.377728999162075,9.408
train,pretrain,pASKEZ1bSLg,00012,0,pretrain,VM6HZqQKhok,00009,-0.7445699295507531,11.008
train,pretrain,V1ItvwxBENg,00019,0,pretrain,lD69n6Ur2P8,00008,6.839640480158973,13.184
train,pretrain,eFwaRDqTUL8,00011,0,pretrain,6k8YBJ5sgko,00027,-2.725080692925861,7.424
train,pretrain,YXrEVQFtJm0,00020,0,pretrain,az5vU9CT4CY,00032,8.387571672474635,3.2
train,pretrain,nq0SzGzSc8g,00020,0,pretrain,J5jwEyDaRS0,00010,-5.768529124093988,3.456
train,pretrain,SFOCpMAww28,00003,0,pretrain,HS8y0WLm78U,00047,-9.637237876734496,5.632
train,pretrain,Cqj0sgrNL10,00019,0,pretrain,gLDQr9i7LkM,00037,-4.338691659991534,4.032
train,pretrain,dJEwC4wCM70,00037,0,pretrain,d0yGdNEWdn0,00009,-9.878219033569406,3.2
train,pretrain,TexXAuRSe0g,00006,0,trainval,M3mnUMmUAHQ,50018,0.693397558614091,6.08
train,pretrain,rSSSsisz2SM,00003,0,pretrain,FTUpFYo0rMI,00010,8.27547459140725,13.44
train,pretrain,SmQadYi4F14,00007,0,pretrain,JS8fYhwrYzI,00004,-7.5033950739135875,17.152
train,pretrain,bq39x2HWjNk,00008,0,pretrain,G8cjIBwP52o,00009,0.2320362387013759,8.384
train,pretrain,0JGarsZE1rk,00019,0,pretrain,wAIP6fI0NAI,00051,3.765305614837155,5.888
train,trainval,88SlA2EZxtY,50011,0,pretrain,jsZDlBU36n0,00033,4.914849494090934,6.016
train,trainval,R2kOgSVF2Uk,50001,0,pretrain,S6cX2p5cBVg,00006,-4.361047092976746,3.264
train,trainval,hxJ8LELZCjo,50004,0,pretrain,NXfYNdapq3Q,00012,-8.901902057818155,3.52
train,pretrain,hsSYuHv0vUk,00006,0,pretrain,ukgnU2aXM2c,00007,8.27786549551504,2.176
train,pretrain,T8VS0LUCgmk,00022,0,pretrain,ovV7v2XYJAI,00023,4.011996350955759,8.0
train,pretrain,iSpwUpdQdyY,00043,0,pretrain,7npLVcymHGc,00050,6.826111368689325,7.168
train,pretrain,TM4HiNOhkM0,00008,0,trainval,9o2CRjTRKIA,50012,9.18767806595514,2.56
train,trainval,o08ykAqLOxk,50010,0,trainval,klUoJxGv9wg,50008,3.036531195347674,2.88
train,pretrain,9IgOVOPLTYI,00006,0,pretrain,3mTbO2kC6mA,00002,9.052633675626726,3.968
train,pretrain,jk6Y3f2c4SI,00024,0,pretrain,VT3XyORCFDA,00018,-5.874319553169727,4.224
train,trainval,9KaMufF0rAY,50013,0,pretrain,zXCiv4sc5eY,00038,0.7673569711488746,3.392
train,trainval,BoRUrWcdkQ4,50008,0,pretrain,Uvli7NBUfY4,00001,3.651302892115167,3.008
train,pretrain,J5jwEyDaRS0,00008,0,pretrain,zA6SpcEz8Ls,00016,-1.1887089687584727,3.392
train,pretrain,SF242mxtZN8,00012,0,pretrain,KTTtn0iSZyA,00008,-1.4851569781067298,3.2
train,pretrain,NwmGTM5Py8Y,00073,0,pretrain,2xs8qmk0OPc,00017,-6.191754545930676,5.952
train,trainval,FqSVvAxDBRY,50001,0,pretrain,PS6vDLq64gE,00030,-1.566876164514028,6.016
train,pretrain,lrZZoCmSnME,00001,0,trainval,kZP8KqrSbcw,50007,-4.589581954318744,2.688
train,pretrain,lUO0xDSJQVI,00007,0,pretrain,oSv7E8WK2Iw,00010,6.8523493609146655,13.44
train,pretrain,YuEm03Ko0J8,00029,0,trainval,5pXelS1clHs,50010,-0.2736105890435283,2.688
train,trainval,7n9IOH0NvyY,50016,0,pretrain,iFTWM7HV2UI,00023,-7.813754553513683,5.44
train,pretrain,38OUCtzkT4Q,00024,0,pretrain,XRWTyUVh0BQ,00013,3.8037181641507463,16.96
train,pretrain,LSdPxGLesE4,00043,0,pretrain,inxIM1aGvZY,00008,4.7692965330864325,9.472
train,pretrain,KIMWfSe7ZJI,00008,0,pretrain,SYHG5y4tvLw,00004,9.717503160923673,11.392
train,pretrain,2zvjW9arAZ0,00012,0,pretrain,w32u2NwCve0,00012,-8.919143014008494,6.336
train,pretrain,btlF4ZSAoFc,00017,0,trainval,DsSrzoyyfF0,50004,-0.6177644509610491,3.456
train,pretrain,5ftklsHZ4cU,00009,0,pretrain,Q80MfH7xPPE,00016,-3.5154946562744716,4.288
train,pretrain,2t13Rq4oc7A,00009,0,trainval,WHjKnNbYiOs,50005,-4.0322360251707305,5.952
train,pretrain,Er9bh94f1w0,00004,0,trainval,IkJTwfHPv6A,50001,3.015762161380014,5.376
train,pretrain,V1ItvwxBENg,00017,0,pretrain,VYU25aJpg5o,00015,-0.477104285568565,3.392
train,pretrain,blfVA0aSCBc,00005,0,pretrain,9usocDBGnvA,00015,5.7165877347862235,5.12
train,pretrain,6tpsSu5O0Ws,00046,0,trainval,Xv2gHiX9Bqw,50001,4.138566545668693,4.096
train,pretrain,kdqUhTnAgJU,00005,0,pretrain,HSpqhMO3ZSY,00006,9.120588085426363,6.848
train,pretrain,mulbSSAULSo,00005,0,pretrain,Wm0GKnd3JvA,00016,-8.486003477569433,6.08
train,pretrain,Er9bh94f1w0,00028,0,trainval,v22SdEMzxO4,50010,4.535966644902841,6.016
train,pretrain,mCZCokSu37w,00015,0,pretrain,Jv2GGScsUc8,00044,7.229272458622354,5.568
train,trainval,xY7kVVS2HVY,50001,0,trainval,wgPLGS1BvQo,50009,2.823120730977891,4.928
train,pretrain,OH0dK208MNk,00002,0,pretrain,MD23gIlr52Y,00010,-7.942460601545571,7.616
train,pretrain,STuCsRugKN0,00015,0,pretrain,jLOfXsFlb18,00023,-6.732174293031489,6.464
train,pretrain,tbicAmaXYtM,00040,0,pretrain,NgVwPj54TEo,00020,2.4034008952116785,3.968
train,pretrain,Y8u42OjH0ss,00005,0,trainval,Vi8k6BG9KVk,50007,7.152865873776001,5.824
train,pretrain,lXQ4HSMp1OA,00015,0,pretrain,AU66C6HePfg,00023,5.258479565282421,4.736
train,pretrain,TM4HiNOhkM0,00017,0,pretrain,eJZSzNuKX7c,00022,0.9698758279555779,4.16
train,trainval,pF72px2R3Hg,50001,0,pretrain,2cYDyMnL4M8,00045,9.91480964031496,2.88
train,pretrain,SGnmDWtyhAs,00023,0,pretrain,7n9IOH0NvyY,00016,-0.3698086354501626,7.04
train,pretrain,X9FFzWUInyA,00029,0,trainval,HyZV8Ql1PI0,50006,5.16458901921016,3.456
train,pretrain,kYZqyjzuaOw,00001,0,trainval,GzzHawjP648,50006,7.211170905400955,5.76
train,trainval,gjq2BoAF0JA,50001,0,pretrain,1SS2wOnkcSk,00002,8.681302776087684,4.608
train,pretrain,AfnruW7yERA,00012,0,pretrain,0Sdja9Ys4Sg,00005,1.1728523391455585,5.184
train,trainval,mkdSXHXhCcw,50029,0,trainval,M8CTOjQhJFo,50002,-4.5230266274266935,5.824
train,pretrain,T8VS0LUCgmk,00009,0,pretrain,ww4kNxYE0c4,00032,4.96672339062326,7.808
train,pretrain,mymMye4purU,00013,0,pretrain,ZCRC5S0kfiw,00028,-3.3401379525523893,3.776
train,pretrain,vY2l2xfDBcE,00024,0,trainval,MDqyOLCFJ3c,50001,9.754765421953177,4.352
train,pretrain,rGaj2VImQec,00008,0,pretrain,v84pD2g3gSk,00042,-9.792895943858797,7.808
train,pretrain,NPSelwWdPa0,00009,0,pretrain,ShY9QSdaReY,00011,-2.3347362468637556,6.08
train,pretrain,1z3Fgtj8fqk,00017,0,pretrain,YGoI3B86iX4,00017,7.084270659974592,2.048
train,pretrain,cF2dhWWUyQ4,00008,0,pretrain,SS6ZojCzNGY,00035,-1.023031270947106,14.848
train,pretrain,jAGgKE82034,00023,0,trainval,qFza3W87eDg,50010,-7.487527408481047,2.496
train,pretrain,G8cjIBwP52o,00013,0,pretrain,e8JK3qVGuUg,00009,-0.831742339735321,7.232
train,trainval,0ygtX2nyexo,50030,0,pretrain,Br1AIvMrvAE,00037,5.511091516261402,5.696
train,trainval,97MWOERYSdE,50005,0,pretrain,Phf66nAoMIk,00015,-1.5020655260532916,5.888
train,pretrain,ZB50BfYlsDc,00018,0,pretrain,YO0lbdhF30g,00008,-6.242447729405334,9.92
train,pretrain,VT3XyORCFDA,00009,0,pretrain,ynSrWmoq7Is,00049,-8.160187525270368,8.576
train,pretrain,qJ7A74Vx7YE,00004,0,pretrain,VoCOzuWOgSY,00023,9.451784424146375,5.056
train,pretrain,aOW7JZaqKGA,00039,0,pretrain,7hWUhEA6hxk,00012,1.4392293682787276,11.328
train,pretrain,WNTk29zXl4A,00047,0,pretrain,jdMv5x8SBuM,00008,1.8116400910819834,3.968
train,pretrain,qpfq3xCdAu4,00002,0,pretrain,5tal0NkWW1E,00008,7.184520957940904,4.736
train,pretrain,9KaMufF0rAY,00028,0,pretrain,pcSlowAhvUk,00019,9.85650087315641,7.296
train,pretrain,dskNubEgzCk,00025,0,pretrain,KvQRF6PKojA,00004,1.1413880865303092,9.408
train,trainval,GYzLcpN8dso,50002,0,pretrain,dwU8eavPInw,00063,-5.620424625910694,5.056
train,trainval,V1gxziZwmkc,50007,0,pretrain,deT1mILtFEY,00019,-6.4047712454531265,6.016
train,pretrain,CVdPhUPO5YU,00011,0,trainval,SpQ1BCdSTTI,50001,-6.2938120218923,4.16
train,pretrain,N9HF8mMe2pU,00030,0,pretrain,l5Bbg96VODk,00007,1.7539662387744333,5.696
train,pretrain,uarlIjkHlAs,00011,0,pretrain,i2t8pN5ecMo,00008,4.4174976321186055,9.6
train,pretrain,lw3YTbubyjI,00027,0,trainval,4lzs5wpLkeA,50003,-6.205691907817212,2.048
train,pretrain,rzbtSeVZeEE,00013,0,pretrain,RrFSO62p0jk,00017,-4.884656143992981,7.36
train,pretrain,yG7v4ySxwzQ,00019,0,pretrain,tH5iEf9oxaI,00044,0.7104509446478975,4.48
train,pretrain,SgOTaXhbqPQ,00019,0,trainval,bGBamfWasNQ,50023,2.292920905751167,5.568
train,pretrain,4SSn83lCbTg,00013,0,trainval,RmXiItk49Gw,50009,-4.3980189018923905,4.096
train,pretrain,150cqgYh8sQ,00028,0,pretrain,PzyAP4zLb6w,00003,-0.12331465767059235,5.056
train,pretrain,9qd36SQPxSY,00004,0,trainval,i0QKBKWnkxg,50011,-6.845488293800866,6.208
train,pretrain,9FBxfd7DL3E,00008,0,pretrain,bpi6us7wQfE,00016,-6.032437464425888,9.088
train,trainval,xY7kVVS2HVY,50037,0,pretrain,h2KQoHMCwlw,00007,-8.012942926450323,3.968
train,pretrain,cSsxBTNF2U8,00053,0,pretrain,PS6vDLq64gE,00038,8.55683881818743,7.168
train,pretrain,nTFEUsudhfs,00020,0,pretrain,S1VpOweDio8,00033,-2.8374130435297573,7.552
train,pretrain,XBaRdmEVy8s,00019,0,trainval,bz3AtnMH7nU,50003,9.978947153253259,4.096
train,trainval,iTdZn78u6pI,50008,0,trainval,IDqMB6C1uys,50008,6.744251577300609,6.016
train,pretrain,r9LelXa3USI,00011,0,pretrain,WNDWYW4yWEM,00007,6.349697114077539,4.8
train,pretrain,Uq1idqpX9SA,00034,0,pretrain,Sd7lvPpDDUg,00005,-4.490898807261989,11.264
train,trainval,OF5VVrsnpzo,50018,0,pretrain,WGBTz8ciZLg,00003,1.850791062652572,2.176
train,pretrain,blfVA0aSCBc,00014,0,trainval,7DLzXAjscXk,50032,1.5045568409974948,3.968
train,pretrain,yqWJuDBSWm4,00013,0,pretrain,jDy5j0c6TrU,00018,-0.9328450230139147,5.76
train,pretrain,5J6jAC6XxAI,00014,0,pretrain,y1yK36RMyRE,00017,-3.497051491883676,6.784
train,trainval,BoRUrWcdkQ4,50028,0,pretrain,k5hspA18IU0,00041,8.069742520141297,4.096
train,pretrain,59SRn1SkWAA,00058,0,pretrain,AbqsMDfX9Ig,00018,5.546725234989886,4.736
train,pretrain,4AUSqB0RVNY,00007,0,pretrain,CSLy17buxlI,00017,-6.720915520078461,14.72
train,pretrain,qEZmFR1WS7g,00005,0,pretrain,Lh9lDWPMWrM,00011,3.5151110010375035,7.616
train,pretrain,yuewc0SEn8M,00008,0,pretrain,E7oq6J8HvKw,00016,4.572469605173898,20.48
train,pretrain,QAnNM3WJCYA,00019,0,trainval,GlUS6KE67Vs,50004,-3.774718894742481,2.176
train,pretrain,xy7SMVCRFbQ,00001,0,pretrain,z8UevNKDFKU,00004,-2.5327228998062656,11.136
train,pretrain,BBSVLGf7zPI,00018,0,trainval,gdg4mUSwuhI,50004,6.740186906255264,2.496
train,trainval,y2X7c9TUQJ8,50009,0,pretrain,IDqMB6C1uys,00016,-0.6041499300818565,2.88
train,pretrain,qG6SnAIinj0,00011,0,pretrain,SDjLpMj3BDU,00005,-9.907251661550173,8.832
train,pretrain,co2enjjt3J0,00004,0,pretrain,WWRXOqYwRkM,00017,5.322968501998535,7.808
train,trainval,6Co3dn0nSTk,50003,0,pretrain,kFX2LrNE3VI,00003,6.642370694888019,4.16
train,pretrain,4l3Kj3hVSVY,00016,0,pretrain,lfBpsV1Hwqs,00008,9.265312613757207,4.352
train,pretrain,GHcCs4TPvYA,00002,0,pretrain,DUd8XAS5HEk,00044,4.614302954152873,4.736
train,pretrain,96HHmILhyrE,00006,0,pretrain,pgmiPXAwiLg,00034,1.4718052172448566,8.064
train,pretrain,GkRn9Lp16UI,00031,0,trainval,Ctz4E2ARkCg,50005,3.9988475021714933,4.928
train,pretrain,4GKTEDqbQIw,00006,0,pretrain,VQRjouwKDlU,00020,-9.374766833846696,10.368
train,pretrain,P82edb1SCNs,00023,0,pretrain,snkrS1C2e7U,00027,0.36594939166816687,6.4
train,pretrain,rpOwTspdwkI,00006,0,pretrain,Un2yBgIAxYs,00033,-9.545992808692523,7.04
train,pretrain,8OnsjVdEuRk,00011,0,pretrain,8rzlrItooG4,00015,-3.4587846050309112,4.864
train,trainval,bVV2Zk88beY,50003,0,pretrain,pWaxi4H2xPU,00002,-5.7942561992961235,3.2
train,trainval,VohNDqzWP9E,50004,0,trainval,7DCofMA9eQA,50004,-7.900946930798758,2.496
train,trainval,wEM9c7RoVms,50006,0,pretrain,F8bM8K7WSR8,00007,5.467328527553281,2.496
train,pretrain,3dy4SGkSD8M,00024,0,trainval,Nhwq12TKkQQ,50013,-2.61533034273556,2.88
train,pretrain,KvQRF6PKojA,00003,0,pretrain,UwtYQFSJSQc,00009,4.421605262789175,4.416
train,pretrain,ygKNRnz7q5o,00005,0,pretrain,WiNI6INAytE,00005,1.7624906212512297,6.72
train,pretrain,AHfiKav9fcQ,00011,0,trainval,SeBUcBfkVCo,50041,-9.626852120461999,2.368
train,pretrain,OLHh9E5ilZ4,00025,0,pretrain,6XS8TA4RBog,00010,4.202058268629633,3.84
train,pretrain,N1R84S5DYEA,00004,0,pretrain,5Dn08yo9aiM,00008,-8.565217261712307,4.416
train,pretrain,4rttG3xyHcw,00001,0,pretrain,f6nQJoEk7Ko,00012,-4.2366651843616925,8.64
train,pretrain,imhUmLtlZpw,00011,0,pretrain,lhqYBhLh1IM,00013,-1.4076823703187902,9.408
train,pretrain,GzzHawjP648,00004,0,pretrain,vYV4tAq3wVg,00008,0.5884867800344686,4.736
train,pretrain,SXOZflB1BKo,00005,0,pretrain,O4bGOvkkHcM,00003,0.5080968407664166,7.68
train,pretrain,B4xOFsygwr4,00046,0,pretrain,cotBM0laSSo,00041,4.769215121578117,9.28
train,pretrain,MOFdlEbu15g,00075,0,trainval,vGDZmSnSkfo,50020,-8.123691437100033,4.16
train,pretrain,kYZqyjzuaOw,00025,0,pretrain,jFG7jqJXbno,00026,5.888799199710249,8.768
train,pretrain,Acsv55lctGY,00016,0,pretrain,OXQwtTOnLvg,00002,-1.5484139204242489,8.0
train,pretrain,GzB0BDstCI0,00026,0,pretrain,iunmpgOnpqM,00016,-8.625390850622853,6.336
train,pretrain,NDQ1Mi5I4rg,00012,0,pretrain,yzm4gpAKrBk,00021,-3.2078186055390923,7.104
train,pretrain,qIVTKBeiabI,00002,0,pretrain,aOW7JZaqKGA,00026,2.6698298219481345,5.568
train,pretrain,gypAjPp6eps,00007,0,pretrain,EUYLa7MAlPc,00038,-7.160539784805968,3.52
train,pretrain,zwpiI18TBdE,00003,0,pretrain,oSWYawFzOKE,00007,-0.5161308047003708,36.992
train,pretrain,HgRJNsTb08Q,00014,0,pretrain,a19lSbFPRqY,00021,-9.350023788219897,3.904
train,pretrain,SSV07QKguBI,00004,0,trainval,4ZgwzSm7sRs,50037,9.662000152456624,5.248
train,trainval,Lh9lDWPMWrM,50010,0,pretrain,fTznEIZRkLg,00005,-9.659759248776666,2.048
train,pretrain,FrsiPG3Cs08,00006,0,pretrain,imhUmLtlZpw,00038,0.19477766536791208,10.048
train,pretrain,w1TBZhdSsN0,00005,0,pretrain,kmNxhFFZWpM,00014,-5.137674993875862,13.888
train,pretrain,8oeiOeDqSNc,00015,0,trainval,VJRBx0JjMSM,50001,-5.735360019974564,3.392
train,pretrain,0tqq66zwa7g,00014,0,pretrain,9YeQi5Zqy1I,00014,3.8546458450078998,5.632
train,pretrain,11Mq9ZuxZMc,00026,0,pretrain,apbSsILLh28,00066,-2.090639903575746,9.536
train,pretrain,GwRzjFQaSOg,00013,0,pretrain,tjZlLk9bVVA,00007,-7.039282442083072,4.8
train,pretrain,xgYtUKFzHf8,00005,0,pretrain,gmjSazFbpkA,00068,7.38760910796729,5.76
train,pretrain,6tSlMoMNSlY,00005,0,pretrain,MwzqSswl4cI,00031,-1.6826018805302532,5.568
train,pretrain,97rrxS1yBU0,00025,0,pretrain,DSbtkLA3GrY,00026,6.389515286758467,5.44
train,pretrain,IDkSDPgrtjs,00010,0,pretrain,RsiLLNziScM,00004,-2.5355651528829686,4.608
train,trainval,ygKNRnz7q5o,50021,0,pretrain,jKM0jlPW8x0,00005,1.393125016575672,2.304
train,trainval,AU66C6HePfg,50004,0,pretrain,rgPrf3YyByI,00001,-1.6278417145081452,4.736
train,trainval,mMDuakmEEV4,50025,0,trainval,9P73k8m3Ytw,50018,-1.4211199997507542,2.368
train,pretrain,DtT6S1vtjzQ,00012,0,pretrain,qyecmU5r9SI,00006,-5.279965815040688,7.616
train,pretrain,QHIocNOHd7A,00012,0,pretrain,0snNB1yS3IE,00035,9.68097205046056,13.696
train,trainval,ZVS5I2RMTGM,50011,0,pretrain,cQvDUTOOkiI,00039,3.597762736139119,2.176
train,pretrain,bJ8Kq1wucsk,00006,0,trainval,21jSOCNLuYg,50003,-7.487967990335065,2.176
train,trainval,M8CTOjQhJFo,50006,0,pretrain,sLo97Bu8Fo0,00009,0.010723651585644589,3.84
train,pretrain,N6wjC0sxD2o,00008,0,pretrain,sEOSCziWuP8,00006,-5.099190081558422,25.088
train,pretrain,PL9wP3pAl7A,00010,0,pretrain,JvIbrDR1GSc,00019,-8.453463868228095,4.096
train,pretrain,InukG97C8wY,00017,0,trainval,dY9f9bFctUE,50006,-6.712070412411853,3.008
train,pretrain,SxwLfSlkJDI,00013,0,pretrain,tp4Z4EVFA0g,00002,-8.071785833176268,5.632
train,trainval,23FRUuLcQ6A,50003,0,pretrain,YsASJTeHJ6A,00023,4.556529974864585,5.952
train,pretrain,e8JK3qVGuUg,00021,0,pretrain,kU0ei9ApmsY,00015,6.827001390797459,6.656
train,pretrain,C2SVEM19NHA,00030,0,trainval,PuroSL7O4eY,50001,-8.647062151183611,4.928
train,pretrain,6WeS1bXRBOk,00014,0,pretrain,40riCqvRoMs,00013,-2.8786435900794043,6.4
train,pretrain,4ZgwzSm7sRs,00047,0,pretrain,Ftnb2fpJ664,00027,5.515943181522578,8.768
train,trainval,NaoSp4NpkGg,50001,0,pretrain,btF6nKHo2i0,00040,3.9691088554737046,4.736
train,pretrain,GW02Vo641dU,00027,0,pretrain,YlmZkY1uqXM,00005,9.44877366607981,8.448
train,pretrain,V2u6CzpRqts,00008,0,pretrain,ISjk9ni4XWk,00016,6.284920714353714,4.672
train,trainval,DJGreSgaOTc,50011,0,trainval,oKtALHe3Y9Q,50018,-5.398680712579404,4.48
train,pretrain,IMTcuU0KLSw,00007,0,pretrain,2cYDyMnL4M8,00009,8.02427610555274,10.368
train,pretrain,N8Votwxx8a0,00015,0,pretrain,inxIM1aGvZY,00009,2.088631948890871,6.784
train,pretrain,CiJ6ybBSm10,00029,0,pretrain,txJGm6zhiBA,00006,5.859270964672675,5.888
train,pretrain,ZChEFOGSn8Q,00009,0,trainval,lwcvhh4pLjE,50020,8.142146165986915,2.688
train,pretrain,q1sk47FLAmg,00015,0,pretrain,DtT6S1vtjzQ,00015,0.5000461545887962,7.296
train,pretrain,vhhgI4tSMwc,00026,0,pretrain,cpsRAk5HpK4,00032,-8.849416542612108,5.696
train,pretrain,GIRDD1n6Pqs,00003,0,pretrain,PRsopS7yTG8,00002,1.8172953251184882,10.752
train,pretrain,7sxpKhIbr0E,00015,0,pretrain,bXmDaykZobc,00005,-9.94734769337075,6.336
train,trainval,OEydHbngSz0,50004,0,pretrain,j4LSwZ05laQ,00005,-8.726336352838235,5.696
train,pretrain,NAcuH7nSdLc,00035,0,trainval,YL1XwfyaS00,50020,-7.9690545089062725,3.2
train,pretrain,6AvXhgXlGpE,00012,0,pretrain,3vJ4SUH38dQ,00014,6.1121699828379015,5.056
train,pretrain,ncwpzEoVZCk,00001,0,pretrain,SDSjySgNSTk,00018,-7.850976948006152,11.136
train,pretrain,PVfd6fg7QsM,00028,0,trainval,lfBpsV1Hwqs,50018,6.285461219144192,2.624
train,pretrain,zjvsA0v7r0g,00015,0,trainval,AU66C6HePfg,50015,-7.840893158561895,6.016
train,pretrain,Cd0JH1AreDw,00009,0,pretrain,q9Ou0cj3fF8,00055,-1.345431487043065,3.968
train,trainval,SRSJX0qRVSw,50005,0,pretrain,UDXtFbSmBAg,00022,-6.24537934118025,2.688
train,pretrain,iKHTawgyKWQ,00026,0,pretrain,5pW2b1vwwf4,00028,-9.826489067014341,4.48
train,pretrain,IJmr7MsS8fw,00020,0,pretrain,mozxTk3Brqw,00012,-2.7097254954607086,7.616
train,trainval,ktOeFgmdIAo,50005,0,pretrain,CFADnhYKDHg,00013,-9.055480700778102,5.76
train,trainval,xlggecnjOY0,50004,0,pretrain,n7lGnTT7kys,00004,2.8020695248268233,2.176
train,pretrain,VqtEppZmjfw,00017,0,pretrain,OPASrQyKeLY,00005,6.9618822584539615,3.712
train,pretrain,bTE0MRRXNzs,00014,0,trainval,IfqdMoKVIR0,50001,-5.756524399495085,5.76
train,pretrain,vRK7KKQH9Ck,00008,0,pretrain,WiNI6INAytE,00014,-5.337433434167586,3.904
train,pretrain,khRkIVPa1Vc,00033,0,pretrain,yuewc0SEn8M,00016,5.490539047621317,4.288
train,pretrain,T7ibjISKSdY,00035,0,pretrain,C4pHPSpgwlI,00013,2.3071256567548346,4.672
train,trainval,lyu7v7nWzfo,50012,0,pretrain,ogeGJS0GEF4,00019,-3.2321766070499836,6.208
train,pretrain,zGEDHMF4rLI,00002,0,pretrain,7VRzn8hc5mc,00021,2.9546166120212938,5.248
train,pretrain,4uAAegPkCKo,00026,0,pretrain,JSLUS3qLv0I,00005,9.322601465594282,11.136
train,trainval,R84vqXjXWJc,50001,0,pretrain,YdSSA7POsN0,00012,-5.192033073553803,4.48
train,pretrain,ue4L8kmaKXQ,00007,0,pretrain,G9wIXAGzn1w,00011,3.848155128722251,12.736
train,pretrain,soqnBdPOwoo,00012,0,pretrain,KCL8NjN7FMQ,00067,-6.016269003378449,5.248
train,pretrain,nAMrtHC2Ev0,00015,0,pretrain,0x2SkWRB8SA,00032,-1.0460188807302693,10.624
train,trainval,CWU13rx44j8,50014,0,pretrain,BUhksjVTbEk,00002,7.3586663525652725,3.136
train,pretrain,vSjlCJaEwZE,00034,0,pretrain,Zctk6MZaxMk,00024,3.238565475698657,5.568
train,pretrain,JzLiCBCbAMY,00004,0,pretrain,JRfeYdKU4D4,00004,-9.67546642986438,12.672
train,pretrain,eCknUJJc3qU,00002,0,pretrain,hiM48jSNZOU,00010,-6.229257345774483,3.968
train,pretrain,LizFrxTK5Qo,00001,0,pretrain,H03o2WCBoDU,00001,-9.604057031622379,2.816
train,pretrain,tVoE8eSu4bw,00031,0,pretrain,k5hspA18IU0,00039,-6.34659690455851,7.04
train,pretrain,nXOSQeZNjJo,00009,0,pretrain,11Mq9ZuxZMc,00041,-2.6732477624295115,24.896
train,pretrain,lDq9SQxvsNU,00028,0,pretrain,ISSupr6ayqw,00026,4.685405346324419,12.352
train,pretrain,0UmUgaJwEr0,00033,0,pretrain,qKJv4S5peJQ,00015,4.92337312769803,10.688
train,pretrain,N8Votwxx8a0,00006,0,trainval,4AUSqB0RVNY,50003,-7.188366550571779,2.496
train,trainval,UVDgemuZdho,50007,0,pretrain,YPLGuwXomYQ,00022,-7.346800670051605,2.368
train,pretrain,WpEjt71l08I,00006,0,pretrain,z4fsN1DSEVk,00004,-5.1915400543302415,3.84
train,pretrain,nVEvzeIXbpk,00033,0,trainval,7PwvGfs6Pok,50001,8.104293511299726,4.736
train,pretrain,jE1j5Om7g0U,00005,0,pretrain,wVGjQSnLg4Y,00009,1.4771816403592712,6.592
train,pretrain,iueVZJVEmEs,00029,0,pretrain,cbSts8fUhB8,00013,-4.429839644793203,6.336
train,pretrain,VbF2KPn3TrU,00006,0,pretrain,eqDgt12m26c,00032,6.091190210722154,15.04
train,pretrain,SQB9zNWw9MA,00025,0,pretrain,vJ66jv8ICjc,00003,-3.0680971414813403,8.896
train,pretrain,hBOVuIIQUFc,00004,0,pretrain,IfzrN2yMBaQ,00008,8.272244682790863,3.776
train,pretrain,a0x0r7aPI2M,00016,0,pretrain,JLLpWtHbMAo,00014,4.369444865058389,6.72
train,pretrain,uH0aihGWB8U,00009,0,pretrain,GeDSgi0A7A8,00016,-4.6535894959514135,3.776
train,pretrain,iWHq2mSHwhw,00026,0,pretrain,RxqyO5hafdk,00023,-3.0115534275813793,6.144
train,trainval,30KJRb4MzSg,50003,0,pretrain,hFgPtuzgw4o,00045,3.051819933100564,2.24
train,trainval,W8OiVZrAj4c,50004,0,trainval,9SqHrhrTktc,50010,-3.9244881160601386,3.008
train,pretrain,PgCmT0qkfQM,00043,0,pretrain,CWU13rx44j8,00009,-9.97240606562144,6.144
train,pretrain,NRLjrZD6kqQ,00015,0,pretrain,nLB8ASSQdHc,00008,-8.530406525323777,6.336
train,pretrain,2dRlssVF7fc,00025,0,pretrain,SmsYxDvdcYc,00017,7.114186571179985,10.24
train,pretrain,RjrS5EqZlUs,00007,0,pretrain,gbDraZi7FS4,00011,4.546859624956262,6.592
train,pretrain,gaY4m00wXpw,00027,0,pretrain,HjSGqwAFRcc,00019,-5.228837126855213,3.136
train,pretrain,LCxcnUrokJo,00002,0,pretrain,JC7WnzM2Lsc,00016,-2.56752109030562,12.8
train,pretrain,ut5STVLAFDc,00009,0,pretrain,TWPahtyJDsI,00019,-2.7248034384093707,8.896
train,pretrain,fSRWTyY2YSM,00026,0,pretrain,jpeSLKnS4gM,00022,-1.4227117077145337,3.84
train,pretrain,w8lH8tNlAXc,00025,0,pretrain,3ls2SgSAyvk,00010,-5.956176338861097,18.944
train,pretrain,0tVGSTxcsSU,00007,0,pretrain,z4vmzTZ7qLA,00031,2.732768512512065,4.032
train,trainval,8xHrpO6p7dE,50014,0,pretrain,TT6qWghHkFI,00020,3.1341968856607867,2.176
train,pretrain,EZSf3Fc0ZRA,00001,0,pretrain,KQEWc3LVfyc,00039,-2.62229379204652,3.52
train,pretrain,VStEmE85QDE,00017,0,trainval,uFIc7XEVyM0,50015,-2.1570197815100878,3.84
train,pretrain,V7zMFJbBsD0,00003,0,pretrain,8jPQjjsBbIc,00004,7.354088932723421,8.384
train,pretrain,tsgvhP07BC8,00050,0,trainval,d5wfMNNr3ak,50026,-9.728533670734993,2.624
train,pretrain,grtGI7QpPdw,00002,0,pretrain,J45cWdDEbm0,00008,8.906539901265493,7.168
train,trainval,H2rG4Dg6xyI,50060,0,pretrain,2dRlssVF7fc,00034,9.871728233739777,4.928
train,pretrain,pOWgXxoSTNM,00019,0,pretrain,EhM56Fk2aFk,00006,3.0240056304323133,7.808
train,pretrain,2G8C36aKnpU,00001,0,pretrain,w8lH8tNlAXc,00028,-1.3303248684424211,3.52
train,pretrain,9uuhxGhD9bo,00014,0,pretrain,OAK1UIbSFio,00055,0.03627629822652878,7.04
train,pretrain,h4MhbkWJzKk,00022,0,pretrain,F6NU0DMjv0Y,00035,-3.555883608993879,14.016
train,pretrain,u0VHC1SDOS8,00041,0,trainval,Va07q3HFEZQ,50013,-9.863878656791591,3.328
train,pretrain,iOByGJskqks,00019,0,trainval,mJxA8eIWQUc,50023,-5.129522383073231,2.24
train,pretrain,BURbLmQL1BE,00028,0,pretrain,FuahzV12mi0,00009,-1.313553277468884,3.008
train,trainval,GB4s5b9NL3I,50002,0,pretrain,LNHBMFCzznE,00020,3.6116552166402904,3.008
train,pretrain,tF1oSdNwE8c,00011,0,pretrain,bmFhWr693is,00004,4.319075785763001,4.8
train,pretrain,9VOHt1oULJ0,00011,0,trainval,7Xmr87nsl74,50011,-7.4254275189907375,6.208
train,pretrain,lbIh6yngKHo,00021,0,pretrain,wOsQKjNoHmw,00016,1.024665615609731,2.88
train,pretrain,OyahH2o9AAk,00015,0,pretrain,1fZk6aWnqGg,00001,-1.1653260063117248,5.696
train,pretrain,2bvoJAfjWMM,00009,0,pretrain,ofjRnIpXBF0,00020,-8.552020860403127,8.128
train,pretrain,7Mn4PnGRuPk,00010,0,trainval,1l4B16s5i78,50006,-2.276296421071895,3.456
train,pretrain,nLB8ASSQdHc,00002,0,trainval,nxRRqLpWi6Q,50031,5.053932669609013,4.416
train,trainval,GYzLcpN8dso,50002,0,pretrain,6E3zVSCSGYk,00033,-2.624233998718502,5.056
train,pretrain,FjnGdiqk96Y,00012,0,pretrain,Qz6V5OA4ymA,00012,4.0418924581047015,7.168
train,pretrain,11Mq9ZuxZMc,00008,0,trainval,DG7kSeazMQ4,50003,7.448087973641652,6.016
train,pretrain,mPCDOij0bB0,00024,0,pretrain,hVsnkRoYfX0,00021,1.5797855309031643,12.864
train,pretrain,unSnvLgyf3o,00021,0,pretrain,pMYYxSim5QI,00008,-1.000826833713404,8.768
train,trainval,eNDhBSR1DZ0,50013,0,pretrain,pF72px2R3Hg,00029,-1.1962898622455,3.264
train,pretrain,dE1DuBesGYM,00068,0,pretrain,arj7oStGLkU,00032,-0.7035123903040112,4.736
train,pretrain,uSMqkSqSgN4,00023,0,pretrain,XKc9MJDeqj0,00027,-2.6821564615456577,11.52
train,pretrain,bDbN8R6Gb6Q,00008,0,pretrain,s6rJLXq1Re0,00026,-8.091905387871467,8.768
train,pretrain,hHEVMhHDP1E,00009,0,pretrain,YhpMSjbVopo,00026,-9.074566422481126,4.416
train,pretrain,zuLOT6GsAxw,00028,0,pretrain,wgPLGS1BvQo,00052,4.270138119563487,5.888
train,pretrain,YdSSA7POsN0,00016,0,pretrain,8OkzozrUEHY,00004,-4.939642822869423,9.28
train,pretrain,r3afSFSG570,00040,0,pretrain,RuVdkNdeVAc,00004,1.1671726006907335,3.008
train,pretrain,kYXiegTXsEs,00005,0,pretrain,zCvSZBy6SyU,00019,9.9661397834343,10.176
train,pretrain,2G0wQfUl9EU,00010,0,pretrain,IvtZBUSplr4,00009,-7.008314998794914,3.2
train,pretrain,RKEvMcte768,00009,0,pretrain,PVzcGhZ8Aeg,00005,9.724907591195265,12.16
train,pretrain,FzAyOddR5u4,00017,0,pretrain,oXbhTHaMwTw,00013,-1.5522710725019788,4.992
train,pretrain,7s0CpRfyYp8,00039,0,pretrain,YmlAl1SMtHk,00005,-0.30349422640363244,3.712
train,pretrain,oQql5kbCDEg,00006,0,pretrain,SmQadYi4F14,00017,-3.8324609645395746,19.52
train,pretrain,Vj3gCWmJSiE,00007,0,pretrain,c00zfzk4gdg,00033,7.22970574803761,3.776
train,pretrain,m048uAa8L3k,00001,0,pretrain,UVDgemuZdho,00037,-2.1244722497125075,12.096
train,pretrain,1cJiAS6NSUI,00010,0,pretrain,Qj4xf3U8dh8,00010,0.7226881275455312,17.92
train,pretrain,PXBjQ7bc6PY,00017,0,pretrain,qKJv4S5peJQ,00002,5.894942937814822,3.84
train,pretrain,HYzrdn7YLCM,00016,0,pretrain,LuG2rf9enHE,00033,6.586870462833076,5.504
train,pretrain,SYHG5y4tvLw,00029,0,pretrain,JiXzBl8p9v8,00004,-2.2480823450869947,2.688
train,pretrain,z19gIaUmIBU,00016,0,trainval,sa1iS1MqUy4,50001,8.542418450101383,2.624
train,pretrain,3LzX36sShcs,00025,0,pretrain,NaoSp4NpkGg,00004,2.4158421781816592,7.936
train,pretrain,T2jwSUhu7ok,00015,0,trainval,sE3gxX5CiW0,50003,9.396575751324121,5.568
train,pretrain,esPRsTSlmw8,00018,0,pretrain,c0H1zU2ytxA,00013,8.438571183409632,4.096
train,pretrain,sa0RUmGTCYY,00005,0,pretrain,2L4BSVpvx1A,00032,9.046668200613144,4.096
train,pretrain,AWEpeW7Ojzs,00027,0,pretrain,PCupHgKGCcY,00028,-3.6281135618109612,3.456
train,pretrain,9i7cGZadEV4,00010,0,pretrain,ufp5iGh0agA,00016,-7.107821305330324,7.296
train,pretrain,3Bk6G2X5Vjk,00004,0,pretrain,wMWYLgj1ydw,00013,3.7338509366406107,6.336
train,pretrain,UUqr4P7P3gM,00023,0,pretrain,6iFCm5ZokBI,00011,4.531684928234039,9.024
train,pretrain,w96osGZaS74,00017,0,pretrain,7W8OJgeYy1w,00007,4.7108287448635355,7.296
train,pretrain,mAvSoNUgMno,00010,0,pretrain,ws4GZvNeQhQ,00013,-2.9985054162171814,5.056
train,trainval,9VXOknUbzBM,50010,0,pretrain,bhgonb4EqXI,00023,7.783947118573778,6.208
train,trainval,DsSrzoyyfF0,50013,0,trainval,yVwAodrjZMY,50007,-2.167279807403945,2.112
train,trainval,v22SdEMzxO4,50015,0,pretrain,WjBwhwe5Scc,00002,-2.134276438100853,5.76
train,pretrain,pbSSrJGgVIo,00038,0,pretrain,IwWuLSwSMvI,00008,2.7332314363770713,8.832
train,trainval,2i0dGoh3VUg,50006,0,pretrain,OyahH2o9AAk,00008,9.160932500985467,3.008
train,trainval,TdtoAQFStBk,50007,0,pretrain,8u9Wvz1edxI,00024,-7.595458861877454,3.648
train,pretrain,p49rv25dx0g,00008,0,pretrain,dQJVSnd56n0,00006,-6.807660580643637,4.224
train,pretrain,WmJwn4WDeLE,00003,0,pretrain,63XsokRPVSY,00004,-1.0481419922338056,3.648
train,pretrain,mf5otGNbkuc,00003,0,pretrain,St7SxHszKws,00030,0.16660972201833602,5.44
train,pretrain,Maw4XgS6RAw,00007,0,pretrain,B9DdIivSGts,00010,-1.8937934649302974,3.712
train,trainval,SjsGSNgmleA,50017,0,pretrain,uRdQS2sjF2s,00007,-4.07823665531478,5.504
train,pretrain,jxMvDpIeu9U,00006,0,trainval,ZHOyfyGwpes,50002,-6.464927923839872,5.824
train,trainval,zcMj4Az1MwE,50024,0,pretrain,1BfMMoLYMlg,00002,-1.4088175978326678,3.264
train,pretrain,scITIoJvMJ0,00006,0,pretrain,IKZCw4xdESQ,00012,0.41991897268966305,7.104
train,trainval,P3fIZuW9PSM,50010,0,pretrain,UQzvNIIMayo,00007,3.7737776595652957,5.056
train,pretrain,HNOnvp5t7Do,00035,0,pretrain,eMdh57x1UBQ,00004,-5.633350833427713,9.92
train,pretrain,gCWeVYCcKXw,00012,0,pretrain,0gMCZFHv9v8,00001,-4.986077429512772,4.096
train,pretrain,UOn3zOp8JPE,00007,0,pretrain,QSfFattg8N0,00018,9.576200577042599,3.776
train,pretrain,JSuTsrxfYWQ,00026,0,trainval,bxkslfQc0EA,50003,-5.023778223710343,2.56
train,trainval,rTMqGbTNkNg,50022,0,pretrain,EU15c9hnftE,00015,4.108558926049906,3.84
train,pretrain,CEN4XNth61o,00053,0,trainval,bHLgTUV0XWI,50010,7.020917493507543,4.032
train,pretrain,sLo97Bu8Fo0,00023,0,pretrain,RG5QP2EVUVY,00033,7.293884187962089,5.248
train,pretrain,QAd54DkXCr4,00003,0,pretrain,lwcvhh4pLjE,00011,-0.6859406492701474,9.92
train,pretrain,vW99KFDSBk8,00001,0,pretrain,LrBKcTTMlCQ,00001,-0.7424783110798501,3.776
train,trainval,z5aAJGNSRHs,50003,0,pretrain,bGBamfWasNQ,00008,6.130862954060607,5.632
train,pretrain,hVsnkRoYfX0,00008,0,pretrain,tp4Z4EVFA0g,00012,3.21130443352809,5.44
train,pretrain,uRdQS2sjF2s,00033,0,pretrain,A60UTjiEp4c,00008,1.6261476674973903,3.456
train,trainval,GeDSgi0A7A8,50022,0,pretrain,ZJPdJuhI03U,00001,-9.307927379601935,3.136
train,pretrain,KCL8NjN7FMQ,00041,0,pretrain,YraU52j3y8s,00004,1.2404178540010928,7.616
train,pretrain,QHIocNOHd7A,00034,0,pretrain,sS9ys09BkGE,00002,-5.832615516342152,5.696
train,pretrain,R21MsHQA8vM,00013,0,pretrain,U23gPSGhW1w,00012,3.16778904624263,8.192
train,pretrain,ux1GxExRUUY,00016,0,trainval,VC3H1lMEeS4,50011,6.504124000142028,3.584
train,pretrain,AP8i435ztwE,00011,0,pretrain,ZB50BfYlsDc,00001,-5.660599522898591,6.208
train,pretrain,6VnKV1sr5VQ,00020,0,pretrain,mKkF6mAlX4k,00016,-2.978692934651715,14.016
train,pretrain,40ieXxoJwZw,00022,0,pretrain,Myp1sZBxTR8,00001,-2.7004445595173054,6.016
train,pretrain,7Z9xCX4ifJo,00014,0,pretrain,Ydj28CDrHV4,00024,3.7316931917507823,19.328
train,pretrain,8gSAkUOElsg,00004,0,pretrain,ALTvG9MIR64,00026,-2.454832987869233,5.824
train,pretrain,VObLitSe3K0,00019,0,trainval,JiwZQNYlGQI,50002,9.026388917539396,2.24
train,pretrain,QSfFattg8N0,00006,0,pretrain,8FKYe2v0teI,00015,-6.4711552022393315,15.808
train,pretrain,EZwxKPv1CwA,00007,0,pretrain,C8zY0oAdQrs,00040,5.1106064603350365,11.2
train,pretrain,H2rG4Dg6xyI,00036,0,pretrain,0qYTf9evWeY,00030,6.284934226779779,16.448
train,pretrain,Y9DsAmzNkWk,00002,0,pretrain,eRQdAOrqvGg,00040,2.0309182726879076,16.192
train,pretrain,vu7eInSBt4I,00003,0,pretrain,hgui64Kr0Go,00026,-8.71861813656784,14.144
train,pretrain,0FQXicAGy5U,00005,0,pretrain,CVaSIZVzUoc,00011,2.937419154533556,6.336
train,trainval,o1abyP4zfGg,50004,0,pretrain,50m48lpi4AU,00026,-1.7428609444310972,3.2
train,pretrain,RxyQNEVOElU,00007,0,pretrain,td5Ld3nURAI,00004,8.33123773387753,3.072
train,pretrain,YAV96XSdMQo,00006,0,pretrain,28sa2zGgmwE,00002,-7.0952516670776555,13.12
train,pretrain,S3SnIMZ43EQ,00040,0,pretrain,BcTOSxcv2So,00003,-7.39998249352025,12.608
train,pretrain,QbxinUJcLGg,00014,0,pretrain,UrqRudIUPWs,00005,3.124509434296037,3.456
train,pretrain,Q80MfH7xPPE,00015,0,pretrain,bClWV3eeETA,00029,-1.8259869007568703,6.208
train,pretrain,8u9Wvz1edxI,00027,0,pretrain,60OVlfAUPJg,00005,8.338957282171652,4.16
train,pretrain,ww4kNxYE0c4,00016,0,pretrain,fddYApFEWfY,00013,9.340136195365723,4.416
train,pretrain,OAK1UIbSFio,00015,0,pretrain,uNDWvejza4c,00018,-0.9864315474248002,10.496
train,pretrain,aOW7JZaqKGA,00005,0,pretrain,MLKj1puoWCg,00010,-6.029563418991919,4.8
train,pretrain,5aH2Ppjpcho,00043,0,pretrain,mGBHC1R3e7s,00010,-0.9010871380198573,11.2
train,pretrain,JBLc4Ekl3BA,00014,0,trainval,cpsRAk5HpK4,50009,4.522431794524893,2.304
train,pretrain,BXlnrFpCu0c,00029,0,pretrain,L6N06hTuESE,00011,-7.955403588473196,7.488
train,pretrain,IgKWPdJWuBQ,00047,0,pretrain,I9weytKalQQ,00011,3.9450130908697076,6.016
train,pretrain,ws4GZvNeQhQ,00035,0,pretrain,aIcwIH1vZ9w,00006,1.068058514469648,4.16
train,pretrain,v9dEgXR1iWE,00004,0,pretrain,0Amg53UuRqE,00006,4.7692416251735725,3.648
train,pretrain,ivvKSx4Q6L4,00009,0,pretrain,Jz064FJMmKw,00008,9.563251615966628,7.104
train,pretrain,KIKqRFZ3r1I,00005,0,pretrain,ESlb3D7AySM,00018,-8.179633453078862,4.288
train,pretrain,hBOVuIIQUFc,00007,0,pretrain,eaelI0u4Sz0,00016,9.74713704699088,4.736
train,pretrain,B4a0NvLTebw,00010,0,pretrain,SDjLpMj3BDU,00039,1.3782130526557506,5.76
train,pretrain,h27g5iT0tck,00011,0,pretrain,pWrgvI4nyyg,00010,-0.9369158751564282,6.336
train,pretrain,mWA2uL8zXPI,00025,0,pretrain,2PNumSv80R4,00009,-0.8490785316442633,4.096
train,pretrain,bwMUQEMOP6w,00009,0,pretrain,8OnsjVdEuRk,00008,-9.312275422492025,4.032
train,trainval,eHlu6ViSwxo,50007,0,pretrain,BnC6IABJXOI,00068,-7.8503445393187725,6.016
train,trainval,fKyljukBE70,50006,0,pretrain,PENkzh0tWJs,00001,6.488752028361674,5.696
train,trainval,kiDfwUQySEs,50021,0,pretrain,vR8msiSohZM,00004,1.1263256790255056,6.016
train,pretrain,PcQwHHbjZ0A,00041,0,pretrain,aiIxdFBA0Sw,00013,-9.841315437753298,5.44
train,pretrain,ZliT1BiEVvo,00011,0,pretrain,xY7kVVS2HVY,00025,9.972415016448167,10.112
train,pretrain,syjEN3peCJw,00003,0,pretrain,ZR4LdnFGzPk,00011,-2.974716252876477,5.12
train,trainval,EiTrl0W1QrM,50008,0,trainval,SwMTKRixZIE,50013,-2.784627428874586,6.144
train,pretrain,sucza6EOIf0,00041,0,trainval,GYzLcpN8dso,50002,1.546096093495965,5.056
train,pretrain,wmE8dQcZgB4,00044,0,trainval,fIw07IX6rG8,50001,8.74799299548243,4.864
train,pretrain,48oiapTn3K0,00012,0,pretrain,JaFSfq2Zn7I,00032,-6.2406979513145,10.112
train,pretrain,hiM48jSNZOU,00025,0,pretrain,zkQL7UJYDIY,00025,-1.5821963888017052,4.096
train,pretrain,y66YKWzSsf0,00003,0,pretrain,PGsQwAu3PzU,00055,-3.601869485125171,7.872
train,pretrain,RcGyVTAoXEU,00030,0,trainval,u7SWcQaoaRQ,50002,7.343491015799124,3.52
train,pretrain,5nwSjRA3kQA,00010,0,pretrain,S9O9vyJBQ6g,00029,8.828125971372984,20.16
train,pretrain,r2YiRiLAUSY,00030,0,pretrain,2xKXLPuju8U,00013,-7.874640587139652,7.616
train,pretrain,F2dFiK3wkRA,00042,0,pretrain,SYwvyjIDk80,00007,5.151903728021782,5.568
train,pretrain,ibMjhQvAmcI,00011,0,trainval,ruh6rN5UrME,50002,-0.3416885284703657,5.824
train,pretrain,mDSuP2BsVy4,00029,0,pretrain,VSbjOJzB7LY,00003,7.278130490429081,6.528
train,pretrain,HTf7Ziklcms,00023,0,trainval,ziGD7vQOwl8,50004,-9.714988592685483,2.176
train,pretrain,dvYYYlgVAao,00014,0,pretrain,ofsncCF9OSU,00006,1.1766751942849822,4.288
train,pretrain,LpNkuaVnlPY,00021,0,trainval,N8Votwxx8a0,50007,6.3205512115374525,3.264
train,pretrain,VYU25aJpg5o,00042,0,pretrain,RsxlLsHtoBI,00017,3.2824540189525244,4.736
train,pretrain,6JcKbNSGjCE,00013,0,trainval,0ITHlySbhJE,50005,0.05952295768222626,2.048
train,pretrain,2zvjW9arAZ0,00070,0,pretrain,5CSDIcUsIJk,00024,4.364601882199741,5.952
train,pretrain,o8NPllzkFhE,00052,0,trainval,iueVZJVEmEs,50007,-4.273331995445404,2.24
train,pretrain,Sf994ANuGIY,00011,0,pretrain,FdHJw0veVNY,00017,-7.287155751701797,6.4
train,pretrain,rpOwTspdwkI,00020,0,trainval,SmqSHqRnngc,50001,8.898646836436747,2.752
train,pretrain,l3uttHEZnTY,00008,0,pretrain,nFSdHdNOgSA,00023,9.007435489408596,8.96
train,pretrain,ab0PKt50RGs,00019,0,pretrain,1YO1FmVAPrA,00011,-8.49549651793123,12.928
train,pretrain,TOSSkVIkY6A,00009,0,trainval,WOxSQHtJWlo,50001,9.25749910947847,6.08
train,pretrain,V48M5jS6zdE,00011,0,trainval,1PV7HyS8fhA,50005,-6.8084213691386575,4.8
train,pretrain,2BOTS9GAjc4,00026,0,trainval,lQflBowgVB4,50005,3.8689010354515077,6.08
train,pretrain,pPgd7Hj3ABQ,00026,0,pretrain,ZB50BfYlsDc,00007,-3.1874013256742995,2.368
train,pretrain,y2yka9lyvMA,00047,0,pretrain,mWfCqsFP05A,00010,-7.754580839438732,4.608
train,pretrain,kEejVSZ5mLY,00008,0,pretrain,JtSjYnXD83Q,00002,9.269101875591335,4.096
train,pretrain,nx3GuO41Jyg,00016,0,pretrain,E7oq6J8HvKw,00008,5.917661104950692,10.368
train,pretrain,IRVdiHu1VCc,00035,0,pretrain,zuAj2F54bdo,00017,8.244155597387355,3.456
train,pretrain,5pW2b1vwwf4,00042,0,pretrain,bNpx7gpSqbY,00002,-1.6840776224197533,2.944
train,pretrain,cdpIwjTtLlg,00011,0,pretrain,V1xt7zgnuK0,00012,0.37373344868783676,4.352
train,pretrain,6JM9JD2iYrk,00001,0,trainval,7sxpKhIbr0E,50009,1.7580586394823499,3.712
train,pretrain,pbotabqHUys,00027,0,pretrain,golS4kh8ETY,00002,-1.8547845131867025,10.496
train,pretrain,nncPtxLCPrE,00008,0,pretrain,MpISFKqk0Ew,00011,-3.3879088073987207,5.632
train,pretrain,pF72px2R3Hg,00046,0,pretrain,9H38oQBw2HU,00012,6.577917131198987,5.952
train,pretrain,s7YsNStlRwI,00001,0,trainval,tpH2fhwCzSM,50002,-7.667230260538687,4.544
train,pretrain,nCwwVjPNloY,00010,0,pretrain,mKkF6mAlX4k,00007,-0.31680080587985593,8.32
train,pretrain,BGRy5VUSLfI,00036,0,pretrain,gLDQr9i7LkM,00025,2.92362162190164,5.76
train,pretrain,d25l1aPz2kc,00004,0,pretrain,DjcZrtcBZi4,00012,-7.038678192424523,28.992
train,pretrain,5ldhLuX4vSM,00027,0,pretrain,l5Bbg96VODk,00014,4.053462924135655,4.928
train,pretrain,o1abyP4zfGg,00026,0,pretrain,AhKevstJyrc,00001,-2.582663109650465,6.144
train,pretrain,quJdL9ggETI,00019,0,pretrain,55n9pHSA0O8,00024,-7.948480504026898,8.256
train,pretrain,1Gtc0ounD5I,00001,0,pretrain,SFW0TEFKCxk,00027,-2.2079885688043266,4.608
train,trainval,1BfMMoLYMlg,50002,0,pretrain,XSHE4HfaSOY,00010,3.5601422039250057,2.048
train,pretrain,PWhjzFwn9Js,00008,0,pretrain,0N1oA9LUEc4,00006,-1.0448884116879587,5.696
train,pretrain,vPn94XAUBoo,00004,0,pretrain,IGadg8xHVPI,00018,1.7114725535829614,8.768
train,pretrain,7ZoOyNTyjQE,00014,0,pretrain,VfKWd7iXMSo,00033,4.894470941156486,5.12
train,pretrain,Ed4SeoQypy0,00001,0,pretrain,ZdvUktSa1I4,00003,-0.16487792454597638,4.096
train,pretrain,pNttjJUtkA4,00024,0,trainval,0MYq1WJMmts,50005,4.437937717129522,5.888
train,pretrain,UJ7QaCFbizo,00004,0,pretrain,Y4QZzZgYUKg,00014,7.391581694514407,8.768
train,pretrain,fVhggGSjXVg,00010,0,pretrain,6tpsSu5O0Ws,00042,-8.046882828386565,3.776
train,trainval,KI3WJXNhCJ8,50012,0,trainval,HR9956gDpUY,50005,2.7563076387266943,5.568
train,pretrain,0af00UcTOSc,00009,0,pretrain,LSn4OF7G9BM,00012,5.951183329058885,6.72
train,pretrain,Skl42b9B9yA,00004,0,pretrain,SSJu0Jy9oSQ,00017,-0.8751039648397363,7.936
train,trainval,vw5HJhIlJp4,50010,0,pretrain,QQ0K98XDvds,00008,-8.218827373016799,5.76
train,pretrain,Tg35UfOJhe4,00032,0,pretrain,ZuCX92wuw2g,00010,-7.174275206651455,9.728
train,pretrain,CR5krXHkr2I,00016,0,pretrain,lwcvhh4pLjE,00007,2.6087511543371456,7.616
train,pretrain,gqpErbFnbiY,00002,0,pretrain,MJKSdMlATmM,00009,-4.296249268355401,9.792
train,trainval,8woKcr7uSYQ,50004,0,pretrain,breDQqrkikM,00034,0.4814110744449529,5.632
train,trainval,IkJSZGQaeak,50009,0,pretrain,eD9F5HdyKqU,00010,0.945758553068055,6.016
train,pretrain,pz1TDXKSTHc,00033,0,pretrain,gPEECGFJFb8,00007,7.579072448620352,3.584
train,pretrain,Y0GHWogx0eg,00018,0,pretrain,4rttG3xyHcw,00011,-5.899363952241872,8.32
train,pretrain,LkOmfSSQLgI,00001,0,pretrain,ktOeFgmdIAo,00025,-7.277281431122875,4.928
train,pretrain,JXXvIMKPHYg,00004,0,trainval,SrqmuYvk3iQ,50001,-4.155959743448243,3.008
train,trainval,VeXCU8cjIlw,50001,0,pretrain,H1fvr9rGgSg,00051,6.842419245408603,3.136
train,pretrain,1E6ysoASrY4,00009,0,pretrain,7KtAbgvGEvY,00006,0.6984385973772422,9.088
train,pretrain,KqbRh4NIE54,00015,0,pretrain,IJmr7MsS8fw,00048,-2.853996519273567,10.496
train,pretrain,sa0RUmGTCYY,00011,0,pretrain,exjlR7izakg,00012,0.037722495586237414,9.6
train,pretrain,HFFBkbsSFY0,00038,0,pretrain,cj5LZBmiQu4,00020,0.8093183310322338,9.728
train,pretrain,zXCiv4sc5eY,00038,0,pretrain,FETryXMpDl8,00029,6.511699136251167,3.392
train,pretrain,TdBAHexVYzc,00025,0,pretrain,4ShLkgv6LSk,00004,-0.4670445657415918,3.776
train,pretrain,c6mhFgAjqwA,00022,0,trainval,kCOV51S7Xqg,50001,4.97919601226622,5.76
train,pretrain,pVQdpofMhwU,00011,0,pretrain,4ZgwzSm7sRs,00071,-9.206525402079604,10.496
train,pretrain,2zvjW9arAZ0,00016,0,pretrain,F0ofeD8VKMA,00014,-7.4252189215884545,6.976
train,pretrain,wxCtIdI3xL0,00018,0,pretrain,CS9f7Qq4YZc,00020,8.12930996684905,2.624
train,trainval,Skl42b9B9yA,50001,0,pretrain,ME0OeqjnVAw,00012,7.402756938553608,6.08
train,pretrain,iZRGUADAu2Q,00029,0,pretrain,QogTFXqFhMw,00007,2.831829980642535,10.816
train,trainval,CzgS9C7gw0o,50012,0,pretrain,86xSuStz0MA,00030,9.749777766244723,3.328
train,pretrain,yOc9mFvusDg,00011,0,pretrain,grtGI7QpPdw,00015,5.963259172154986,6.144
train,pretrain,oGlsUYGMYks,00009,0,pretrain,SXJ20tt5nPQ,00005,0.6771477159412456,6.72
train,pretrain,rkKDvGA2UU0,00008,0,pretrain,pYgvVDCHRZM,00016,-2.9282282215705173,6.208
train,pretrain,2NWpMqD8Qyk,00025,0,pretrain,8wSOZFBcwZc,00026,5.96371937928077,10.88
train,pretrain,TWPahtyJDsI,00037,0,pretrain,6rcvWcRMuzs,00033,-6.444730295727581,5.696
train,pretrain,HTf7Ziklcms,00026,0,pretrain,PUh5msG0rG8,00004,9.971471765155652,8.0
train,trainval,7vsO7SHLJMI,50009,0,pretrain,Ftnb2fpJ664,00003,-8.698032180961393,4.864
train,pretrain,3GBrJiSMFu0,00007,0,pretrain,oPBC15XYl3Q,00001,-0.22218179963624607,3.968
train,pretrain,cxGWGohIXiw,00030,0,pretrain,1X7fZoDs9KU,00036,-5.126801913526917,9.792
train,trainval,GOZOhpxSAFI,50017,0,pretrain,u4m65sbqbhY,00004,6.528921479916093,2.24
train,pretrain,QOjVk3cQFB8,00014,0,pretrain,gIbIewxHQrk,00001,3.6319673128269265,5.248
train,pretrain,MtSE4rglxbY,00045,0,pretrain,5CSDIcUsIJk,00017,6.7255552010784605,5.824
train,pretrain,BXcFEhl7ynM,00029,0,pretrain,pF72px2R3Hg,00055,-5.402622022787524,8.0
train,pretrain,lv2SjZ6tIGg,00003,0,pretrain,t9c7aheZxls,00005,0.7420750822314197,8.192
train,trainval,ISjk9ni4XWk,50016,0,trainval,KQbTvFHymLc,50002,5.640487042325788,2.56
train,pretrain,IFF9iSgOO7w,00006,0,pretrain,mWfCqsFP05A,00020,-0.62500324490534,11.328
train,pretrain,7E9a24Nw6Cg,00007,0,pretrain,CiZMZ7d7O0k,00006,0.9276248943812231,4.096
train,pretrain,tXlNvlzd9M8,00018,0,pretrain,cK74vhqzeeQ,00028,7.626863254659732,4.736
train,trainval,yRUCU5FsvTY,50012,0,pretrain,vNpmq6OkSQQ,00018,8.324576558921674,4.416
train,pretrain,n3qA8DNc2Ss,00027,0,pretrain,ISjk9ni4XWk,00017,-2.076386188867671,10.368
train,trainval,UiCJhSuLdok,50003,0,pretrain,JcCQS4YiTb8,00011,7.025655652880754,6.144
train,pretrain,SYHG5y4tvLw,00014,0,trainval,55n9pHSA0O8,50010,6.50000333584212,6.208
train,trainval,YsUAEFJsOdA,50013,0,pretrain,5tUnSuoYKoE,00006,9.266346107396522,3.328
train,trainval,fSOupkS4VVo,50016,0,trainval,sa0RUmGTCYY,50024,-3.5403410190619837,5.504
train,pretrain,DKISYPEF0Ls,00014,0,trainval,MoSmgcxGYYE,50018,9.197234501655075,2.88
train,trainval,ZCS0MZuVBwE,50004,0,trainval,jSS03JfgHEA,50013,8.181874492556481,5.248
train,pretrain,NRcPXtqdKjE,00028,0,pretrain,iF4s75ZPano,00026,-7.309134720371522,3.776
train,pretrain,8sQ2p89P0Us,00009,0,pretrain,bhHJ4DRZNZM,00032,-9.44485477753025,6.656
train,pretrain,HaHeAdJNa70,00008,0,pretrain,hj7wkh6nONE,00013,2.8100180475417407,4.736
train,pretrain,zwpiI18TBdE,00009,0,pretrain,BXcFEhl7ynM,00007,9.662861901263128,6.656
train,pretrain,wgPLGS1BvQo,00042,0,pretrain,EBebWBjpWIQ,00022,7.213134893449016,4.16
train,pretrain,gLDQr9i7LkM,00036,0,pretrain,waRCSCQnoeY,00026,7.910954884011478,2.368
train,pretrain,5c6AADI7Pb4,00004,0,pretrain,IBoJcDlqmo0,00022,-6.836864591906502,6.144
train,pretrain,QpmsftF2We4,00017,0,trainval,p49rv25dx0g,50015,-8.262544796452428,3.456
train,pretrain,RSW3xi2jMYI,00020,0,pretrain,pk35J2u8KqY,00019,0.10236595457000774,4.608
train,pretrain,H4Fwn3RHa14,00011,0,pretrain,9X68dm92HVI,00016,-5.559111811825838,6.208
train,pretrain,RG5QP2EVUVY,00009,0,trainval,9ebJlcZMx3c,50016,-8.432322313789935,3.456
train,pretrain,7Iv2nZnZOrM,00009,0,pretrain,XX30i6nC7ro,00002,-5.70718719496303,6.336
train,pretrain,HS8y0WLm78U,00060,0,pretrain,fenV3W7hQtw,00021,-0.34368085055708697,7.36
train,pretrain,da1vvigy5tQ,00030,0,pretrain,0zbHnOcGbrw,00003,6.2363515491578205,12.672
train,trainval,SCCG81UbruY,50004,0,pretrain,fTsFVO6OhO8,00007,1.8048536836381466,4.288
train,pretrain,njESlZa2b10,00006,0,pretrain,HJYDwS09coE,00026,8.057808094323658,6.016
train,pretrain,ZIhFcjcc568,00011,0,pretrain,694XUHVuGQo,00008,-8.436941431066487,14.272
train,pretrain,gZpcTVqpaPw,00024,0,pretrain,xnovQVRHj5c,00040,8.426181676416778,6.656
train,pretrain,2SIk5ofBKco,00010,0,pretrain,xYemnKEKx0c,00004,8.01005883545129,4.608
train,pretrain,eLrBw8BKOWI,00004,0,pretrain,LkOmfSSQLgI,00003,3.732476121712576,8.32
train,trainval,7DLzXAjscXk,50014,0,pretrain,pLCeQyxVWB8,00019,-0.55103115787424,6.08
train,pretrain,zb4bp2volBg,00017,0,trainval,vo2cse4CoGM,50019,-0.4299195907636708,3.52
train,pretrain,rEgSZNB3qyI,00028,0,pretrain,QdAG161FeT8,00010,-9.150567126516034,4.544
train,pretrain,hBtXiTumdY0,00006,0,pretrain,J10EaonNV2A,00027,-7.181860227527239,7.552
train,pretrain,5pGWV4KBDUs,00006,0,pretrain,78nsxRxbf4w,00008,-1.9009797954852274,12.224
train,trainval,IYpovgkaS9Q,50002,0,pretrain,EZSf3Fc0ZRA,00046,-0.7506830697077262,5.76
train,pretrain,NRXCxJGQ4KY,00013,0,pretrain,zESeeaFDVSw,00012,0.47508410079053043,4.224
train,trainval,I9tB6Q5bmcQ,50005,0,pretrain,HH3m1OSiOT0,00029,-7.386892468559571,3.008
train,pretrain,hfznpykprP0,00041,0,pretrain,9XFeW9dgyIs,00018,-8.833847303402516,4.096
train,trainval,S7SXH1CBzGw,50005,0,pretrain,4uAAegPkCKo,00020,-1.2778942341676043,5.76
train,pretrain,JmZpFy1QUww,00014,0,pretrain,uq83lU6nuS8,00002,-0.2122502537422637,9.28
train,pretrain,X41iulkRqZU,00046,0,pretrain,yDubrSRjlCE,00038,5.758242554333927,7.36
train,pretrain,DtT6S1vtjzQ,00004,0,pretrain,a7B39MLVeIc,00004,-3.162810769610836,5.824
train,pretrain,ErexJkoDhGI,00053,0,pretrain,1SS2wOnkcSk,00006,8.710500371331744,3.968
train,pretrain,oAl82gFMZis,00029,0,trainval,tV2RLLtOgL4,50002,6.941481220551797,2.048
train,pretrain,Acsv55lctGY,00003,0,pretrain,zYhgy5ouYLM,00008,-3.71358331637958,2.56
train,pretrain,lyRSK2CZIHQ,00028,0,pretrain,CsqSDpmgsQg,00019,2.936693274930205,13.376
train,pretrain,ukgnU2aXM2c,00025,0,pretrain,4fyvDMFriRI,00008,8.937996878618996,13.44
train,pretrain,gtDS5rzd6R8,00004,0,pretrain,IDSSieLCmS4,00047,-8.481089937160473,10.816
train,pretrain,YsASJTeHJ6A,00013,0,pretrain,Diuv3XZQXyc,00020,-7.244089044550835,6.336
train,pretrain,V84bSWIlNA0,00008,0,pretrain,x7I5BWWS0c8,00004,6.129626950450827,7.04
train,pretrain,0sYguTPLpHE,00031,0,pretrain,cOIJGGgaSIY,00032,5.31810952391602,5.056
train,pretrain,HSzqFSOft20,00003,0,pretrain,MBZyRlxVdSE,00002,5.551937803289142,4.8
train,pretrain,MtSE4rglxbY,00035,0,trainval,CLSSiaFuLo4,50022,4.092544899805388,3.52
train,pretrain,VmP574ikRFs,00007,0,pretrain,y3jYVe1RGaU,00050,-0.3208048658604685,7.36
train,pretrain,SCEKKHyxgaw,00003,0,trainval,HYzrdn7YLCM,50005,-5.207341949514244,3.648
train,pretrain,FD5ZKiSmoMU,00002,0,pretrain,BGcJXAXSSd0,00016,4.759179274650833,4.864
train,pretrain,Z6T37m4r3yo,00030,0,pretrain,CrsdoIOGCRw,00030,-9.801786655098336,7.296
train,trainval,Fc1yN6uxZfQ,50019,0,pretrain,4ZgwzSm7sRs,00047,6.423244208215824,2.368
train,pretrain,sSXv06gUX3Y,00025,0,pretrain,S98m4Vod6S8,00015,-7.801814062762801,6.592
train,pretrain,k3zZVQPaKKQ,00020,0,pretrain,0oAJsPFH2wk,00010,4.016848519241236,5.056
train,pretrain,W7kZWmw3JxY,00005,0,pretrain,nmVDcD2olOA,00002,8.432625553705158,6.784
train,trainval,Zwwanld4T1w,50009,0,trainval,cxGWGohIXiw,50006,9.201607986135965,3.264
train,pretrain,C74amJRp730,00034,0,pretrain,BzDEFAGvShc,00006,6.657899243770228,6.4
train,pretrain,7KtAbgvGEvY,00005,0,trainval,38OUCtzkT4Q,50004,-8.49122155766187,6.208
train,pretrain,WtLMST8TyeY,00017,0,pretrain,hTAXEq6zLo8,00014,-2.364302863517649,4.48
train,trainval,nn5k4snG3rA,50001,0,pretrain,bfAzi6D5FpM,00045,-8.825789639801178,4.864
train,pretrain,5XD2kNopsUs,00003,0,pretrain,rokPqHc9iD0,00035,5.059249260450596,7.04
train,pretrain,Iv3Ud7Shv9g,00011,0,pretrain,V1ItvwxBENg,00021,9.717572411475917,6.72
train,pretrain,QPiaadMporw,00003,0,pretrain,eIho2S0ZahI,00030,0.652378474029252,5.76
train,pretrain,MLvwTlbj1Y8,00006,0,pretrain,0LxPAY9yis8,00004,9.436832118367466,10.112
train,pretrain,b1bKfLaiSlI,00004,0,pretrain,nAMrtHC2Ev0,00011,6.071061556085851,5.12
train,pretrain,eyBEIx7fCfY,00023,0,pretrain,ww4kNxYE0c4,00032,5.951462684345154,5.056
train,pretrain,JeHqgambbcI,00028,0,pretrain,Pro06WQG77M,00018,-0.6092877583831307,5.568
train,pretrain,WSKPrVG3Evs,00010,0,trainval,WzDygsn0Djs,50002,-2.2743040578355567,4.096
train,pretrain,59SRn1SkWAA,00075,0,pretrain,cnxEP6bzg7o,00010,-1.6825666393901777,6.464
train,pretrain,KIMWfSe7ZJI,00012,0,pretrain,WyOSqjIABe0,00016,9.756380243618306,4.48
train,pretrain,Mu00S1dAMl4,00007,0,pretrain,BRETz2FSheQ,00010,-4.57236392241583,13.44
train,pretrain,a2MR5XbJtXU,00043,0,pretrain,esugL07XANg,00043,-2.4133026453985824,6.08
train,pretrain,0SFkPxScSM4,00007,0,pretrain,Wj7hmzfX5eQ,00029,5.771081745534039,6.912
train,pretrain,1SPazvfN9EU,00003,0,trainval,0ueGFLVFi80,50001,3.6055711567035367,3.84
train,pretrain,jAGgKE82034,00023,0,trainval,sBaiRpIpPKQ,50002,-9.877493276828357,2.688
train,pretrain,AWEpeW7Ojzs,00021,0,pretrain,JCI9FBP0Abg,00035,-3.6821077464749035,7.104
train,pretrain,aL00a3sfnYM,00010,0,pretrain,druJDI6hiiY,00018,9.840250294011938,5.76
train,pretrain,4sg9TlsMRVA,00006,0,pretrain,DLccHLwdS6Q,00003,-4.386461399878678,4.16
train,pretrain,Pl8OlkkwRpc,00006,0,pretrain,SgsbNR2pIts,00005,-4.8205504111042,10.368
train,pretrain,SVB39Jo8mAQ,00045,0,pretrain,iU1bhHeCkoU,00014,2.8660205972700297,5.056
train,pretrain,6VWPHKABRQA,00014,0,pretrain,E0M1beV91js,00003,-6.304864384388226,7.68
train,trainval,kDXJhxLzmBQ,50010,0,pretrain,a7B39MLVeIc,00017,-2.626227160485401,6.016
train,pretrain,k6DPjCmc3BM,00009,0,pretrain,1lUAhRSACKQ,00005,3.802023110476455,10.56
train,trainval,LlJJRGPfqwA,50001,0,pretrain,vIgWMzdgweI,00010,0.3661064478402736,2.496
train,pretrain,EjSuaeVfE9I,00007,0,pretrain,0af00UcTOSc,00041,8.461160346775483,3.776
train,pretrain,w7T7KSNJ8m0,00006,0,pretrain,K74JqctvM2g,00030,1.5373403714492877,4.736
train,pretrain,KVjkFqS7Y6A,00033,0,pretrain,AHfiKav9fcQ,00003,-0.22371841394521041,10.88
train,pretrain,3F2jACWwKdU,00043,0,pretrain,e8JK3qVGuUg,00028,-7.8477240639295465,4.416
train,trainval,Nhwq12TKkQQ,50008,0,trainval,yP2niXStKVQ,50013,-3.4470348006454055,3.008
train,pretrain,AQ8cpjEdpmI,00015,0,pretrain,2XiDdnDCD34,00005,-1.573402754345599,4.928
train,trainval,zcMj4Az1MwE,50003,0,pretrain,vwTDeT4v7RM,00014,3.9377646556541013,5.76
train,pretrain,Eo9bb3U9wPs,00006,0,pretrain,6AvXhgXlGpE,00040,-5.243440800774863,5.056
train,pretrain,SpSGKCr8rq8,00027,0,pretrain,eLz9TvxGoKs,00005,0.639096823537141,3.584
train,pretrain,U7fFCaHZvVk,00003,0,pretrain,Eeas8QU5TzA,00004,0.6147259976490389,8.32
train,pretrain,xSLkNjQyHww,00030,0,pretrain,6d6oq0zGGmw,00015,-2.3328440746305894,4.992
train,pretrain,sLFqwXqe4Yk,00006,0,pretrain,vUP0ytS6ba4,00022,-1.3942149807181732,8.256
train,trainval,5aH2Ppjpcho,50008,0,pretrain,3uFbJG6tBpI,00019,7.880224466467652,2.816
train,pretrain,bwMUQEMOP6w,00001,0,pretrain,KVjkFqS7Y6A,00022,-1.630616587807836,4.48
train,pretrain,EluxCgnQVzg,00011,0,pretrain,xyIQFI865Sw,00009,-8.255019071356456,12.864
train,trainval,CypPMzZinys,50002,0,pretrain,vqPAdUeU6mQ,00021,6.207491777058877,6.144
train,pretrain,RKmxL8VYy0M,00015,0,pretrain,pZni9Kx9Jfw,00001,-8.217803619945204,3.2
train,trainval,mWA2uL8zXPI,50005,0,pretrain,MS4x6G0zzeg,00020,-3.879465529597197,3.072
train,pretrain,8jPQjjsBbIc,00003,0,pretrain,NXfYNdapq3Q,00044,6.176298490992465,5.888
train,pretrain,WfjzkO6SDEI,00008,0,pretrain,bvAEJ8G9l9U,00010,2.0569539690128575,3.776
train,trainval,r2YiRiLAUSY,50001,0,pretrain,HAKea48B3oM,00024,-3.477189970830528,2.368
train,pretrain,vrU6YJle6Q4,00040,0,pretrain,gyM6rx69iqg,00012,7.884330887146987,3.776
train,trainval,abMQhaMdQu0,50025,0,trainval,ohGMgSLJCjs,50010,-4.134268077007679,2.688
train,pretrain,2zvjW9arAZ0,00063,0,pretrain,lV3trdyDdHE,00027,9.850709433230861,6.528
train,pretrain,xEtXItg9hEE,00021,0,pretrain,jDy5j0c6TrU,00021,1.2490050666045711,5.696
train,pretrain,8B271L3NtAw,00005,0,pretrain,PyXZvuxDkC4,00026,-0.3731316453896838,4.16
train,pretrain,855Now8h5Rs,00008,0,pretrain,9SGSSQssNj4,00024,-7.4097472980501,3.968
train,trainval,ATISgVUKetI,50016,0,pretrain,5aLiFw8CSEA,00027,0.15350902498356866,6.144
train,pretrain,SUkVcmKZyyQ,00002,0,pretrain,VLe84OkwKOA,00016,9.660998240574141,6.08
train,pretrain,vPn94XAUBoo,00014,0,pretrain,IRVdiHu1VCc,00019,1.1546600782254206,11.264
train,pretrain,SPSq3cW672s,00018,0,pretrain,GOZOhpxSAFI,00014,5.3411544428587945,19.84
train,pretrain,zMAU8SY8pMs,00008,0,trainval,Br1AIvMrvAE,50003,-3.8909077927287194,2.112
train,trainval,3W4pLOTXybI,50002,0,pretrain,8zj8HJntlP4,00006,-4.954898299563419,4.864
train,pretrain,qtAZbSZESOU,00010,0,trainval,SQwRsVyk7us,50002,0.3177545174816885,6.08
train,trainval,tiWwrdMqvvM,50027,0,trainval,qItCBNzqdn8,50007,9.035327227669171,3.52
train,pretrain,OOG65rSM5fA,00018,0,pretrain,QSfFattg8N0,00006,4.081560874698935,23.296
train,trainval,HQIi3nUXh0g,50031,0,pretrain,iFTWM7HV2UI,00022,-4.134521477989965,5.888
train,pretrain,MBZyRlxVdSE,00013,0,trainval,0OkOQhXhsIE,50020,-3.985995706661778,5.952
train,pretrain,mWA2uL8zXPI,00021,0,pretrain,fYUaWgVF2XA,00005,-5.387499619996666,11.712
train,pretrain,mArrNRWQEso,00041,0,pretrain,UlDWRZ7IYqw,00006,5.390745181970228,3.392
train,pretrain,D4cV8yfgNyI,00001,0,pretrain,iunmpgOnpqM,00016,8.477418974663873,6.336
train,pretrain,RG5QP2EVUVY,00001,0,pretrain,IAAK7GWQ32Y,00004,5.728154754667097,8.064
train,pretrain,hTAXEq6zLo8,00021,0,pretrain,qQDC7c2I8l8,00005,5.204700115452814,7.04
train,trainval,iU1bhHeCkoU,50014,0,pretrain,PYjWLqEScfE,00009,9.889465693138611,6.208
train,pretrain,IMjn62naclM,00008,0,pretrain,bkeBjPS9ZR4,00009,-5.462505155993796,4.864
train,pretrain,7hFy02TSH4U,00001,0,pretrain,u8bsCiq6hvM,00004,-1.6199828216799546,5.568
train,pretrain,0iTehgSOZ8A,00032,0,trainval,ZdDjexbxVzM,50003,-1.699013895502116,5.696
train,pretrain,IGadg8xHVPI,00015,0,trainval,M1o3FS0awtk,50001,3.7812020819068497,2.688
train,pretrain,0snNB1yS3IE,00043,0,pretrain,qNvDRuGK84I,00005,-9.711868591907917,4.352
train,pretrain,P8GCjrDWWUM,00019,0,pretrain,KLjgBLwH3Wc,00001,-6.258944263705359,7.936
train,pretrain,eG2X0WRrb88,00004,0,trainval,sWN13pKVp9s,50021,7.900095660203704,5.888
train,pretrain,c00zfzk4gdg,00001,0,pretrain,CKEGaSJi3bk,00013,-0.4421016481238933,11.072
train,pretrain,XAvE61JqkQs,00002,0,pretrain,A7ktYbVwr90,00004,0.21878597725155657,14.4
train,pretrain,MbBHVL4hT90,00011,0,pretrain,UiosQf4GqnQ,00013,6.0095133403016305,7.04
train,pretrain,iE7YRHxwoDs,00002,0,pretrain,5ldhLuX4vSM,00012,-6.809961655044114,32.896
train,pretrain,PiVB5niLrWg,00010,0,pretrain,SMBiP3G2Pzc,00014,4.822849336036315,10.624
train,pretrain,5xuNNHY5XNA,00001,0,trainval,vo2cse4CoGM,50015,-8.071841045921374,5.76
train,pretrain,bpi6us7wQfE,00014,0,pretrain,eg66CMRpKCw,00002,-0.5450561386177348,7.808
train,pretrain,NRcPXtqdKjE,00017,0,pretrain,5d4ZEgZU9Aw,00011,-6.175501599184985,6.656
train,pretrain,2URf46UY7SA,00020,0,pretrain,jk6Y3f2c4SI,00015,-7.2812057851582885,4.16
train,pretrain,jFd96USLjbM,00012,0,pretrain,ohGMgSLJCjs,00016,-8.194476439465978,8.576
train,pretrain,QSfFattg8N0,00005,0,pretrain,BQOz6OVz1zc,00033,2.505630425259916,5.824
train,trainval,NtOoDN0ojxo,50014,0,pretrain,3E46oWB4V0s,00007,8.873586412716872,5.376
train,pretrain,8FKYe2v0teI,00009,0,pretrain,ea3HnhOLC9g,00024,-9.902895797991182,12.352
train,pretrain,PcQwHHbjZ0A,00038,0,pretrain,St7SxHszKws,00021,9.45230481731086,21.056
train,pretrain,jzfV2xVsUKc,00026,0,pretrain,9VXOknUbzBM,00001,1.2161371204564198,4.736
train,pretrain,0tVGSTxcsSU,00002,0,pretrain,qqNLSZ6SSSc,00002,-5.7702146387982856,5.12
train,pretrain,lzSkIDxbzGA,00027,0,pretrain,MExS7F0lGzI,00002,4.3599481947214755,10.24
train,pretrain,CHxhjDPKfbY,00006,0,pretrain,gypAjPp6eps,00014,4.880931625401306,4.096
train,pretrain,BMDSPhk7JSY,00018,0,pretrain,Uvli7NBUfY4,00005,-3.287325309054867,4.288
train,trainval,0D9QIG36J9Q,50003,0,pretrain,1HIxnTruN78,00006,-1.7344225126428903,3.968
train,pretrain,M5tre30cRwU,00016,0,pretrain,MoSmgcxGYYE,00081,8.687151251357893,7.104
train,pretrain,qqNLSZ6SSSc,00023,0,pretrain,5EORxJsoUJQ,00008,0.6589399970449961,12.096
train,trainval,Lrdn4lazVBc,50004,0,pretrain,GUSLEJB9SLU,00007,0.21994211541785802,4.8
train,pretrain,73jPh0eRPSY,00002,0,pretrain,yRUCU5FsvTY,00017,9.769630988579554,4.288
train,trainval,4KhnSz9FPmU,50002,0,pretrain,7tu9nJmr4Xs,00016,-4.682855667899027,5.888
train,pretrain,5aH2Ppjpcho,00034,0,pretrain,YglyHzvBqpA,00011,5.001792474740455,3.84
train,pretrain,pPgd7Hj3ABQ,00022,0,pretrain,ZHOyfyGwpes,00005,8.18275864607099,10.432
train,pretrain,huzhvbrcgeQ,00017,0,pretrain,EDLWWP8N6MU,00007,-3.228967451872638,8.64
train,trainval,ZB50BfYlsDc,50001,0,pretrain,EzZzZSqpZ4w,00002,1.9317261267800028,5.056
train,pretrain,bhgonb4EqXI,00002,0,pretrain,Iv3Ud7Shv9g,00021,-7.3867602130629395,4.928
train,pretrain,YATYsgi3e5A,00012,0,pretrain,RS5O4n0TqlU,00013,6.767776066530125,5.504
train,pretrain,vPhM8lxibSU,00006,0,pretrain,RtFFT4zjyTM,00012,8.447797139245342,13.696
train,pretrain,UoruUSrndBA,00013,0,pretrain,tlS3r8Gid90,00001,-9.983963806154549,6.656
train,pretrain,7NJhq163t78,00002,0,pretrain,YKACzIrog24,00016,8.953628271810746,10.56
train,pretrain,85bqT904VWA,00012,0,pretrain,ftWn4QOvTTo,00036,-8.509018924511498,5.248
train,pretrain,U8XD0CcNhPU,00007,0,pretrain,vW99KFDSBk8,00009,3.352959274460323,5.824
train,pretrain,Sk0ywFgMpFk,00016,0,pretrain,5YL3LT1ZvOM,00017,2.7860005764600757,4.288
train,trainval,7ZWTG0SeCEg,50017,0,pretrain,3qyVvDGDGQs,00020,5.214826080382354,6.08
train,pretrain,Y2y7BzjbSNo,00025,0,trainval,BcTOSxcv2So,50009,-9.51364788609683,5.44
train,pretrain,orumugzJpt0,00012,0,pretrain,PvT9tD3NZvo,00002,5.358690167768547,6.336
train,trainval,jobYTQTgeUE,50014,0,pretrain,fHfhorJnAEI,00020,7.431181530443954,5.632
train,pretrain,2VWSSFSUeQI,00010,0,pretrain,CpkXmtJOH84,00003,-8.636781985058171,4.736
train,pretrain,CS9f7Qq4YZc,00001,0,pretrain,rGgoCm1hofM,00005,5.961771538893647,2.816
train,pretrain,RgtoZ2ue05w,00008,0,pretrain,1TYPldG99dk,00023,-1.8601944462075402,16.832
train,pretrain,W4LYn4mIP18,00014,0,pretrain,9SQYDFiWnSs,00024,-4.709352770336707,5.76
train,pretrain,73cTNHEQhkQ,00003,0,pretrain,iTdZn78u6pI,00004,6.539675038681782,6.464
train,pretrain,AoAbPIbGLUo,00010,0,pretrain,Z6T37m4r3yo,00024,1.0802723638252658,4.672
train,pretrain,PsihkFWDt3Y,00025,0,trainval,SeJwaOCYWwM,50013,-7.722280752283817,4.288
train,pretrain,RKK7wGAYP6k,00013,0,trainval,UdsUVjeJuPE,50005,3.307751544363555,2.56
train,pretrain,SHt4qiDRZE8,00019,0,pretrain,DcKdClnpz4k,00025,-5.129173206036956,3.52
train,pretrain,DjcZrtcBZi4,00021,0,pretrain,NFIOuy3JSIQ,00004,9.719938135058527,13.248
train,pretrain,eMdh57x1UBQ,00009,0,pretrain,oDdcx5luv5s,00013,-9.137662797117837,4.16
train,pretrain,F6NU0DMjv0Y,00046,0,pretrain,kYXiegTXsEs,00005,-6.360365670228385,10.688
train,pretrain,lxovD2LQVUQ,00015,0,pretrain,4Rtfi4MSafA,00031,7.881130948198269,15.04
train,trainval,g985z9Wq5gk,50014,0,pretrain,Y7QaqazOvSA,00016,1.9963346789118148,2.048
train,trainval,3f5lk3PZh74,50003,0,trainval,uEkgM9P2C5U,50006,-7.734034360665429,3.328
train,pretrain,sR6P5Qdvlnk,00011,0,pretrain,xHwMV35yjoE,00018,9.196791981249554,4.992
train,pretrain,cnDEVgxD6QQ,00007,0,trainval,AHcTWlxWzpE,50009,-0.06303104162492446,4.416
train,pretrain,2Oe6HUgrRlQ,00024,0,pretrain,g2m97gPI70I,00015,-3.057822063228044,6.08
train,pretrain,F1U26PLiXjM,00014,0,pretrain,LSdPxGLesE4,00058,9.11149360637367,5.184
train,pretrain,6EghiYSs2ts,00017,0,pretrain,CLSSiaFuLo4,00031,6.409836909201623,4.544
train,pretrain,tBoBC3nBoFs,00028,0,pretrain,CBSU7vJn0us,00026,-2.720543720284507,6.08
train,pretrain,56WGgJNBRxQ,00004,0,pretrain,w6vVXmwYvgs,00013,2.58858558063576,3.52
train,pretrain,lcZyzcTS5GU,00011,0,pretrain,bDbN8R6Gb6Q,00013,-1.3699703727716805,17.216
train,pretrain,CiJ6ybBSm10,00032,0,pretrain,EpFCykE9Lk0,00001,1.8144255444740551,7.296
train,pretrain,dkmpRQdJslI,00010,0,trainval,adijpJHdWIU,50001,-9.445131115075567,2.048
train,pretrain,ayOmOaXC0Z0,00001,0,trainval,5Jqk1rkuUwU,50008,-6.908685700932131,2.24
train,pretrain,ogXTSCI7KRU,00010,0,pretrain,X9FFzWUInyA,00018,-0.18476416960701947,3.52
train,pretrain,zOSaCQ6xHS8,00011,0,pretrain,KaiwGb0csas,00022,8.90816307952688,5.952
train,pretrain,CBSU7vJn0us,00020,0,pretrain,MDqyOLCFJ3c,00004,1.5046909404376247,3.776
train,pretrain,FN0fjOsJIxk,00006,0,pretrain,MLU7qcMYKO8,00033,6.146371925062542,8.448
train,pretrain,fLJsdqxnZb0,00014,0,trainval,KPN8LHVeFYA,50012,-1.6647803927486766,5.12
train,trainval,dk60sYrU2RU,50014,0,trainval,DZfOvYiQtow,50017,7.166504017080772,3.52
train,trainval,Hh09xlzxRmE,50007,0,pretrain,HYzrdn7YLCM,00022,3.5851517771843238,3.2
train,trainval,Qm172DbaSbc,50008,0,pretrain,Rs5CDLgjSsI,00011,-3.2049128635691098,2.816
train,pretrain,z5ncIwCZDGU,00003,0,pretrain,xMjSPS6H69g,00003,-7.688456948994416,11.968
train,pretrain,fwm3azuoLr4,00010,0,pretrain,wgPLGS1BvQo,00073,-7.516179101578942,4.736
train,pretrain,j4yCdGB2NG4,00003,0,pretrain,rOVkASt39Uc,00020,2.0726721000728645,3.136
train,pretrain,pk35J2u8KqY,00025,0,pretrain,B4xOFsygwr4,00036,-6.989144503670126,7.36
train,pretrain,9qd36SQPxSY,00009,0,trainval,03h0dNZoxr8,50001,-7.710587307803598,2.56
train,trainval,ZCS0MZuVBwE,50005,0,pretrain,b9fqIoZoQJE,00012,-6.584336496673142,5.376
train,pretrain,FJJe8PXEUhk,00002,0,pretrain,xQZxGCPjpqM,00022,-2.5589756883661385,4.288
train,pretrain,BqSxYSOZrgU,00002,0,pretrain,T8VS0LUCgmk,00011,-4.940413019355018,7.424
train,pretrain,jTfGAHroSSI,00022,0,pretrain,uYyvbgINZkQ,00026,-1.8619160068717662,7.616
train,pretrain,UiCJhSuLdok,00032,0,pretrain,796LfXwzIUk,00021,4.860638721708737,9.216
train,pretrain,UUkAGboDMwI,00006,0,pretrain,LH8MPbFoRjw,00032,-8.33041649342616,10.176
train,trainval,MtSE4rglxbY,50040,0,pretrain,vkEeNkHilIg,00024,-7.2480278206584625,2.048
train,pretrain,DShPct3oIow,00010,0,pretrain,aOW7JZaqKGA,00008,2.8476925101155732,4.288
train,pretrain,y66YKWzSsf0,00001,0,trainval,HpAaSOgpi50,50002,8.92116289405283,5.568
train,pretrain,BnC6IABJXOI,00034,0,pretrain,qQDC7c2I8l8,00023,-8.22506742307505,6.208
train,pretrain,zwpiI18TBdE,00012,0,pretrain,87vO1XhHuHI,00007,-8.853907540195395,4.288
train,pretrain,PwBgcjDVxxE,00007,0,trainval,iE7YRHxwoDs,50005,0.6868813085132466,5.44
train,trainval,IHyR7p6Shn0,50019,0,pretrain,7udZ5ux0dYE,00025,-2.2353878295947123,6.08
train,pretrain,NZspSEdO2Xk,00047,0,pretrain,5nys6iebjHw,00007,-1.203775755644438,9.92
train,pretrain,Z2hFbbG7t70,00011,0,pretrain,ts5MKtXNpMQ,00008,1.603105702695938,8.256
train,pretrain,ofjRnIpXBF0,00022,0,pretrain,0N6cjPWqpSk,00002,1.5079691983051688,10.624
train,pretrain,7Mn4PnGRuPk,00011,0,trainval,bUaU9kdt9I8,50007,4.087337049768212,4.48
train,pretrain,SgjGcBTyScY,00006,0,pretrain,bnvnBwP9sTo,00001,9.288533999301006,3.84
train,pretrain,Fc1yN6uxZfQ,00026,0,pretrain,qu7ZpWecIS8,00011,6.563027249761632,3.968
train,pretrain,cK74vhqzeeQ,00021,0,pretrain,rXepkIWPhFQ,00004,-6.66894661478368,5.568
train,pretrain,1l4B16s5i78,00009,0,pretrain,FTUpFYo0rMI,00011,-5.741558172847201,8.256
train,trainval,raCIUeGUr3s,50004,0,pretrain,VGpZ06RlVfI,00027,-4.81988521461486,3.968
train,pretrain,rB6WmWvvyxg,00032,0,pretrain,DtT6S1vtjzQ,00012,3.573847412753601,7.616
train,pretrain,EluxCgnQVzg,00024,0,trainval,lO1P6lCNnyo,50004,8.400345535030336,3.2
train,pretrain,O6cmKeRV3Z0,00007,0,trainval,aqhzFd4NUPI,50057,3.3681377806506667,3.968
train,pretrain,pgmiPXAwiLg,00007,0,trainval,HAKea48B3oM,50006,4.751207396010265,3.584
train,pretrain,k7djE1X16og,00031,0,pretrain,5l4cA8zSreQ,00022,3.3139231126394932,5.504
train,pretrain,WXOd4qh3JKk,00026,0,pretrain,Wh9O3SciOYs,00032,-8.822062529470596,7.744
train,pretrain,P65XdTlk4vA,00045,0,pretrain,5PhNVxr7Vtw,00014,4.351860895773605,8.128
train,pretrain,UpkAqPEcMyE,00009,0,pretrain,cQvDUTOOkiI,00033,-2.4457337712003095,8.384
train,pretrain,0SUTgoPUTLQ,00035,0,trainval,sa0RUmGTCYY,50039,-7.63437962826178,2.816
train,pretrain,ELET24AHnEg,00040,0,pretrain,lhqYBhLh1IM,00014,4.715934965354709,6.592
train,pretrain,EKy19WzkPxE,00015,0,pretrain,Kaq7FhvOtE0,00017,2.1146443964814594,6.72
train,pretrain,lV3trdyDdHE,00002,0,pretrain,VCRcGKpjWtU,00012,-4.948243982773608,6.848
train,pretrain,LNHBMFCzznE,00013,0,pretrain,3aJma6R8Ptw,00003,-3.5486204455028547,6.848
train,pretrain,QPC5SP2SFu8,00027,0,pretrain,jTfGAHroSSI,00001,3.599362598845362,6.784
train,pretrain,6qqqVwM6bMM,00007,0,pretrain,bVV2Zk88beY,00005,6.200749095465287,13.376
train,pretrain,vbHkhSfaQu8,00024,0,pretrain,dkmpRQdJslI,00005,5.715538999928857,3.52
train,pretrain,NwmGTM5Py8Y,00082,0,pretrain,hFgPtuzgw4o,00040,9.952099635376456,3.456
train,trainval,fbeFn1Xcqo4,50026,0,pretrain,NIjjaFCADSE,00001,-7.242738942483628,2.304
train,pretrain,bJkv9b9o9lo,00004,0,pretrain,DeUDQo1sYAw,00017,5.056722054304936,9.344
train,pretrain,SYwvyjIDk80,00007,0,trainval,tAcQfn96yFk,50009,9.909331278190471,5.568
train,pretrain,JVwLjC5etEQ,00014,0,pretrain,v3SZTqj2Skw,00020,8.698920848003446,29.696
train,pretrain,5mug2UKGwp4,00002,0,trainval,DEmjzXi2lfI,50031,7.930285567645949,3.968
train,pretrain,erCApSBd0AQ,00017,0,trainval,gBkIyJ7kfSI,50023,3.8343727291342216,3.904
train,pretrain,pWaxi4H2xPU,00020,0,pretrain,buRLc2eWGPQ,00031,-6.109564907119349,7.808
train,pretrain,TM4HiNOhkM0,00014,0,pretrain,ZzugJPASNB8,00044,4.850208085185841,8.128
train,trainval,VN357QrUdEc,50028,0,pretrain,jSGzkjHtFiA,00021,1.3586577355479683,3.776
train,trainval,orumugzJpt0,50001,0,pretrain,okQXrB7ySAw,00032,-2.700813223585641,4.736
train,trainval,m0ZPM5I1tTg,50016,0,pretrain,5EORxJsoUJQ,00022,-0.9262772948895872,5.696
train,pretrain,dghBrSBC34Y,00007,0,trainval,aiDSQyFdd68,50007,-7.190839701207603,6.144
train,pretrain,HoyNrlMNBvw,00025,0,pretrain,4oFGmxZ2nqE,00002,5.833204502573327,15.424
train,trainval,CFtsHf1lVI4,50010,0,pretrain,k7djE1X16og,00024,9.407168477259976,2.176
train,pretrain,ec9GyxEUGec,00015,0,pretrain,GUSLEJB9SLU,00004,8.295060742227339,4.8
train,pretrain,xyfS0SMAsFA,00004,0,pretrain,5CSDIcUsIJk,00020,-5.14129297892678,4.224
train,pretrain,Qprd1VNNNec,00009,0,pretrain,IDqMB6C1uys,00001,6.416345796121401,4.416
train,pretrain,E7sqRrUoL3U,00013,0,pretrain,UROCz70tlMY,00004,3.0338201003309084,4.736
train,pretrain,uNQujCwCu88,00006,0,pretrain,7sqeoYOQ4qg,00029,8.908573539757782,5.44
train,pretrain,ww4kNxYE0c4,00043,0,pretrain,B12syeJflbQ,00013,3.9446550481628186,3.136
train,pretrain,r3afSFSG570,00012,0,pretrain,tUAepQYyMY4,00023,-1.9402486811208082,11.968
train,pretrain,o3oDpCb7VqI,00013,0,pretrain,WyOSqjIABe0,00013,3.836961084475419,17.216
train,pretrain,HHwXlcHcTHc,00001,0,pretrain,9YeQi5Zqy1I,00012,1.8630106163494382,13.888
train,pretrain,Uieh3RfkCng,00008,0,pretrain,X98Fbe0Ccis,00010,-9.765254979235042,13.248
train,pretrain,6kuCSIemiCs,00004,0,pretrain,2mU8xezh7rQ,00009,-0.6329099406141108,16.704
train,pretrain,11Mq9ZuxZMc,00031,0,pretrain,QvSZ1MtaXME,00010,1.9129884143813385,3.52
train,pretrain,jfqwHT3u1S8,00013,0,pretrain,P82edb1SCNs,00004,5.141825760582389,4.928
train,pretrain,ayVm441iZfo,00014,0,trainval,aUYSDEYdmzw,50001,-3.688969669745232,5.376
train,trainval,sa0RUmGTCYY,50032,0,pretrain,5p0ptQizXjg,00003,9.605530977015093,3.264
train,pretrain,vYV4tAq3wVg,00012,0,pretrain,eGoSdLNceEk,00038,-5.282611586534253,2.88
train,pretrain,8gSAkUOElsg,00069,0,pretrain,WNTk29zXl4A,00029,8.089166180906815,9.088
train,pretrain,VPweEhht9y4,00031,0,pretrain,I2xDZlpInik,00003,-9.324885827033995,11.136
train,pretrain,bbFF5n7S930,00013,0,pretrain,ZCS0MZuVBwE,00004,0.3419317943074933,11.008
train,pretrain,d5zjjJYqixo,00007,0,pretrain,KTvSfeCRxe8,00057,-8.955269940250151,7.872
train,trainval,N7wF2AdVy2Q,50012,0,trainval,IDSSieLCmS4,50003,-7.107827266785436,3.776
train,pretrain,r2SX7mTUirk,00007,0,pretrain,GgBpyNsSSjU,00009,-8.278121410750396,7.744
train,pretrain,aUYSDEYdmzw,00009,0,trainval,DSPWxjBgvF4,50041,-3.0663226196888482,5.696
train,pretrain,o0VrZPBskpg,00029,0,pretrain,CSUmoS40pqA,00024,5.934330736514909,11.008
train,pretrain,Kqm9AEvJgxU,00025,0,pretrain,J6tgYBMXR6s,00033,-6.138018334741043,8.0
train,pretrain,nFSdHdNOgSA,00018,0,pretrain,MlLWTeApqIM,00014,-0.8644311477403139,6.208
train,trainval,paiRIkWVy0o,50005,0,pretrain,GpKrM8GQwOg,00023,-1.5090172659044594,6.08
train,pretrain,AIfwFLDXFyQ,00002,0,pretrain,2a2724wcfcc,00004,-4.6130927872621985,4.928
train,pretrain,B0cphH1jkQI,00004,0,trainval,DW5YctpK7pM,50004,-6.53601354413232,2.56
train,pretrain,3ELnyoso6vI,00021,0,pretrain,BGRy5VUSLfI,00008,-1.568045043354779,4.48
train,trainval,hJZ0pAoxksE,50008,0,pretrain,qykSnLkPM7E,00024,0.013461171854260101,2.048
train,pretrain,Sx1qkuvUxuI,00038,0,pretrain,CfqO1U6lfDs,00015,-2.5389656099903846,5.888
train,pretrain,GqGksNRYu8s,00032,0,trainval,5K57kcs15DY,50027,-0.7736941038167124,3.968
train,pretrain,Rpsf1YJsbbI,00014,0,pretrain,pF72px2R3Hg,00023,-6.338322050450929,6.912
train,pretrain,CFADnhYKDHg,00016,0,pretrain,qm0isl11BfY,00005,9.011573962861135,15.936
train,pretrain,t1sYh9itUvs,00027,0,trainval,Qj4xf3U8dh8,50001,-3.3141730107520413,3.52
train,pretrain,y8qc8Aa3weE,00010,0,trainval,H1fvr9rGgSg,50005,2.147971765081957,5.184
train,pretrain,0Amg53UuRqE,00003,0,pretrain,apiScBmE6rA,00005,-4.700916989323218,6.72
train,pretrain,J8xfuCcXZu8,00011,0,pretrain,7FecGsXFgcQ,00012,9.743082422583523,3.904
train,pretrain,UbVZ7rmDYrc,00024,0,pretrain,BR9dbjubfuU,00002,3.4740688991828,3.84
train,pretrain,fKyljukBE70,00003,0,pretrain,risdUQ3dvrk,00003,0.9774037520381373,24.704
train,pretrain,z5aAJGNSRHs,00005,0,pretrain,Bwj3SVZZOHo,00024,-4.120404786736747,6.336
train,pretrain,uQGYr9bnktw,00001,0,pretrain,lU1ISu1LOv4,00003,-2.6764301862553204,6.08
train,pretrain,gjq2BoAF0JA,00002,0,pretrain,YyuScSjkGSs,00025,2.2444441450827455,6.464
train,trainval,XPkV1bDZDl4,50013,0,trainval,mkdSXHXhCcw,50024,0.24130785395865928,2.432
train,pretrain,y1yK36RMyRE,00008,0,pretrain,u7SWcQaoaRQ,00015,-2.6367439343218457,4.288
train,pretrain,wMWYLgj1ydw,00002,0,pretrain,fHhIkynELNQ,00006,-5.630474733379001,5.952
train,trainval,Df2JBnql8lc,50021,0,pretrain,DoRSyk7lA5Q,00005,5.94687035225647,2.24
train,pretrain,k3zZVQPaKKQ,00024,0,trainval,855Now8h5Rs,50027,9.525551404570841,5.824
train,pretrain,M4soSZ9aSu0,00017,0,pretrain,eRQdAOrqvGg,00019,9.309081573332136,8.96
train,pretrain,2ZviHInGBJQ,00040,0,trainval,DZfOvYiQtow,50019,2.599033413719754,5.376
train,pretrain,WWRXOqYwRkM,00027,0,pretrain,ZliT1BiEVvo,00004,-7.772615063676074,11.008
train,pretrain,2TDLN61HKKc,00038,0,pretrain,qZRSPO8NtJc,00022,-8.497737335321542,14.208
train,pretrain,rTJpJlVkRTA,00035,0,pretrain,muEW4v6lBxc,00012,9.522338751042788,10.88
train,pretrain,wfW3aZCFfLA,00004,0,pretrain,QJORi5VO1F8,00009,2.324622210281291,7.296
train,pretrain,MAQihRikgZM,00018,0,pretrain,YWBwsS3lkXU,00001,-0.43106132768854977,12.864
train,pretrain,EUYLa7MAlPc,00013,0,pretrain,vR8msiSohZM,00002,8.864192621872505,9.664
train,pretrain,PS2h8hSFphs,00009,0,pretrain,19KkFCQz8WQ,00035,-7.817402683873991,8.0
train,pretrain,xuAAPsiD768,00030,0,pretrain,p9HPUiEdEj0,00004,5.199508793062279,9.728
train,pretrain,7A66iZQXNh4,00006,0,pretrain,qy4uuAfRFnI,00005,-2.1150364234428025,5.312
train,pretrain,hfznpykprP0,00029,0,pretrain,zkQL7UJYDIY,00001,4.395246509326608,5.696
train,pretrain,iSpwUpdQdyY,00002,0,pretrain,1joQ8ZhX2o4,00016,4.359332588233688,3.008
train,pretrain,HfuZJVpNWR4,00022,0,pretrain,f68AdM1m4hk,00019,2.4494531623998146,6.848
train,pretrain,w6vVXmwYvgs,00004,0,pretrain,az5vU9CT4CY,00003,-3.010681662255969,13.888
train,pretrain,lxovD2LQVUQ,00011,0,pretrain,N8Votwxx8a0,00022,-2.432779760024535,4.096
train,pretrain,iZRGUADAu2Q,00011,0,pretrain,0kPu6eKpja8,00004,-7.870762220527078,20.544
train,pretrain,3EvQGpQtX8o,00001,0,pretrain,fBLErez9ljw,00011,-8.758373428145996,6.72
train,pretrain,ScFWnnQF7A8,00021,0,pretrain,TZkNJFrfdR8,00019,4.505435262650192,12.096
train,trainval,F2SIP2nSEoc,50002,0,pretrain,PcQwHHbjZ0A,00018,3.7047496769481505,5.44
train,pretrain,4cJ08wOqloc,00003,0,pretrain,n8eyF4UWG38,00007,-2.985546833139301,8.0
train,pretrain,MoSmgcxGYYE,00082,0,pretrain,RjrS5EqZlUs,00035,2.312830522621809,7.488
train,trainval,rzwJXUieD0U,50002,0,pretrain,AU66C6HePfg,00004,0.043031853516870555,3.456
train,trainval,5SOHiN8Ne58,50010,0,pretrain,ShY9QSdaReY,00003,2.954592216704441,2.56
train,pretrain,syqScVtnKuU,00018,0,pretrain,lSYy6poJ2zs,00022,5.202709766792353,11.008
train,pretrain,Eewvsw027jg,00034,0,pretrain,6a6vVIdQBd0,00006,3.0922260663967442,4.928
train,pretrain,oIGBBPspTKM,00060,0,pretrain,qQSPUXPVlos,00021,-6.9150603654036535,4.416
train,pretrain,QekbuidfQKo,00002,0,pretrain,jgnqlZUI4n8,00002,6.041998232849622,4.608
train,trainval,OFbF16DVTXY,50002,0,pretrain,dqQcxbnZxVc,00002,-6.399563496993208,4.48
train,trainval,HCG1petekXw,50009,0,pretrain,yOc9mFvusDg,00012,4.213203015983995,6.08
train,trainval,mclzytQQMGI,50012,0,pretrain,hYbSavnaJSE,00008,8.10303779466295,3.008
train,trainval,QJORi5VO1F8,50001,0,pretrain,85hbMtegrLc,00030,3.753247696197361,2.56
train,pretrain,dqQcxbnZxVc,00001,0,pretrain,aIFFFGf1ZRE,00012,8.054866045255547,6.72
train,trainval,vGDZmSnSkfo,50001,0,pretrain,tIINqNUediU,00001,5.01474315753542,5.952
train,pretrain,GzPpH9WexDc,00002,0,pretrain,U8XD0CcNhPU,00010,5.832138182911496,4.16
train,pretrain,bCjfy8Z7dv8,00015,0,pretrain,qu7ZpWecIS8,00018,4.648247162376718,5.248
train,pretrain,VMwjscSCcf0,00042,0,pretrain,sUf1ajkIAhY,00019,7.757979789566164,8.896
train,pretrain,vrU6YJle6Q4,00004,0,pretrain,FSNEIwDiCSw,00054,-4.7872944704597,3.008
train,pretrain,fSSNmDcLMKA,00003,0,pretrain,HdHW77blulg,00005,4.891178974079782,14.72
train,pretrain,VbeovM4RCh4,00023,0,pretrain,fw01Sq0cxM8,00035,7.531982393667608,12.928
train,pretrain,3F2jACWwKdU,00016,0,pretrain,Y0GHWogx0eg,00044,6.95875096131649,2.496
train,pretrain,gJv1WdMUz0w,00008,0,pretrain,btF6nKHo2i0,00043,9.66492129117395,9.216
train,pretrain,btlF4ZSAoFc,00005,0,pretrain,UvbFr0eSsg8,00014,-7.47587638581193,3.328
train,pretrain,pcSlowAhvUk,00002,0,pretrain,R84vqXjXWJc,00021,-3.0112355812922065,6.336
train,pretrain,y9Trdafp83U,00042,0,pretrain,P8GCjrDWWUM,00026,-7.0005121554641025,7.616
train,pretrain,jEHZSIAuYUY,00007,0,pretrain,5tal0NkWW1E,00006,-6.211084641919966,10.368
train,trainval,2S0aEezKvBE,50011,0,pretrain,wZ2TF8SPGQ4,00025,8.403794263325096,5.888
train,pretrain,sJKFyDbWVqA,00008,0,pretrain,UWKvpFZJwcE,00039,8.880486384487561,4.416
train,pretrain,dUdCToPPK5A,00009,0,pretrain,ts9JpM0gHMU,00035,-6.586173854395517,8.064
train,trainval,raCIUeGUr3s,50009,0,trainval,OibJT7GSwyo,50001,-0.8375035047898987,2.112
train,pretrain,bvAEJ8G9l9U,00051,0,pretrain,qH4GAXXH29s,00028,2.8019281160816973,4.288
train,pretrain,v3SZTqj2Skw,00019,0,pretrain,oOE0kKteWkg,00021,1.087487940605529,8.0
train,trainval,WbuIl6phdco,50005,0,trainval,r92jUj7gNRw,50001,-2.297569813707061,2.368
train,trainval,MwzqSswl4cI,50003,0,pretrain,v9dEgXR1iWE,00003,0.40302580107508135,3.584
train,pretrain,JzLiCBCbAMY,00025,0,pretrain,8n5O9tz30So,00001,-0.7897581076021964,15.744
train,pretrain,pTZM9X3JfTk,00003,0,pretrain,6tSlMoMNSlY,00007,1.7894283175469106,4.096
train,pretrain,rTMqGbTNkNg,00010,0,pretrain,da1vvigy5tQ,00021,-2.1303364827808497,11.456
train,pretrain,O4bGOvkkHcM,00009,0,pretrain,5OISkgjSjkA,00005,2.048994661964869,2.688
train,pretrain,rvkMauaHxBw,00005,0,pretrain,RvpXNXXP5Vc,00015,5.943005409467927,14.272
train,trainval,A27QjpQSIeo,50002,0,pretrain,utV1sdjr4PY,00023,-5.628404740444499,3.008
train,pretrain,qxmEpmCtM3o,00006,0,pretrain,b64qvG2Jgro,00010,3.576554292654631,12.288
train,pretrain,bxkslfQc0EA,00016,0,pretrain,ZvSJE9n0GfA,00035,0.33009170008034516,4.608
train,pretrain,LNohxpJntZo,00011,0,pretrain,eD9F5HdyKqU,00007,0.715450542590748,3.776
train,pretrain,2tCcoSRZqVY,00014,0,pretrain,5K57kcs15DY,00021,2.831570271200558,7.04
train,trainval,7npLVcymHGc,50012,0,pretrain,nG1oCU0ijP0,00024,-2.4238599558618956,5.376
train,pretrain,jpeSLKnS4gM,00002,0,pretrain,aFDKHFsVRnY,00011,3.1545045546316715,3.584
train,trainval,z5aAJGNSRHs,50003,0,pretrain,GbYc9BOU30o,00023,-9.234270783066126,5.632
train,pretrain,mGBHC1R3e7s,00003,0,pretrain,jJXMvOqS5bM,00022,8.955727388220211,4.032
train,pretrain,AJYRJ92g4GI,00002,0,trainval,Fb3yp4uJhq0,50006,-1.9871262120298567,2.304
train,pretrain,zqLYcJ6Ib3c,00035,0,trainval,5duz42kHqPs,50003,-7.109923626073247,2.816
train,pretrain,lECfUfqNVoo,00016,0,pretrain,bDbN8R6Gb6Q,00006,-1.193827113118262,5.568
train,pretrain,YWBwsS3lkXU,00013,0,pretrain,apbSsILLh28,00038,-7.275572223103797,8.768
train,pretrain,d0LQCXCiW8g,00004,0,pretrain,T2jwSUhu7ok,00005,-3.2311260525640133,6.208
train,pretrain,Rs5CDLgjSsI,00021,0,pretrain,lrYx7HaUlMY,00035,-9.648235937254228,4.096
train,pretrain,pz1TDXKSTHc,00049,0,pretrain,XzDNfLnUOYY,00032,-8.175670305081182,4.288
train,pretrain,FsSKVSf1EJk,00020,0,pretrain,sIPvnWZ5O6Q,00006,-3.8517944264257338,21.12
train,pretrain,rKtmsVa4Kvk,00009,0,trainval,ts9JpM0gHMU,50005,6.892751506196252,2.496
train,pretrain,dcwuBo4PvE0,00021,0,pretrain,tsgvhP07BC8,00040,2.5504363278302726,10.368
train,pretrain,1InHN8JPazA,00010,0,trainval,Df2JBnql8lc,50011,-4.0482679018852785,3.456
train,pretrain,3UFGqjWcVU8,00015,0,pretrain,G8w4UQL6aI0,00004,0.49453749942460945,5.952
train,pretrain,nFSdHdNOgSA,00009,0,pretrain,o08ykAqLOxk,00033,-6.5851991250646424,4.096
train,pretrain,xeFl0RE31x0,00008,0,pretrain,0x2SkWRB8SA,00033,-2.9374486137697158,6.656
train,pretrain,txJGm6zhiBA,00007,0,pretrain,ZliT1BiEVvo,00008,4.132722648950594,9.6
train,pretrain,xQZxGCPjpqM,00017,0,pretrain,fSOupkS4VVo,00014,-5.244421170970992,19.136
train,trainval,mMDuakmEEV4,50021,0,pretrain,n83zdD2Y8Zc,00003,9.616432367469436,2.176
train,pretrain,SU1foLW8h54,00004,0,pretrain,r92jUj7gNRw,00029,-1.607085660238237,6.4
train,pretrain,3z1cCT2NP4k,00006,0,pretrain,1InHN8JPazA,00038,-2.3706437656761743,5.888
train,trainval,gLDQr9i7LkM,50019,0,pretrain,HFFBkbsSFY0,00038,2.695276810197143,5.952
train,pretrain,5CSDIcUsIJk,00005,0,pretrain,Melo1Bgporw,00017,-4.114069880756885,15.36
train,trainval,5Walt8nPINM,50003,0,pretrain,Qhomjw2PSV0,00002,-8.924383804701385,3.264
train,pretrain,PyS1o4sX1hk,00020,0,pretrain,apbSsILLh28,00039,8.029176042885918,6.016
train,pretrain,cSKnaYZJg48,00001,0,trainval,7s0CpRfyYp8,50003,8.955602359271431,2.048
train,pretrain,c4oW6PcOUtc,00015,0,pretrain,9MegHiL93B0,00013,6.565242644293097,15.104
train,pretrain,9usocDBGnvA,00003,0,pretrain,sYUjyH8Y0No,00011,-8.167650100371784,4.736
train,pretrain,WFImhWa5oUw,00006,0,trainval,aeiSXpmMQys,50013,-1.9034250961024028,2.88
train,pretrain,PiVB5niLrWg,00022,0,pretrain,dQJVSnd56n0,00006,-4.979553804477592,4.224
train,pretrain,2L1R7OtJhWs,00020,0,pretrain,GgBpyNsSSjU,00010,-0.34935067406182085,3.648
train,pretrain,bk65ivyQZy8,00018,0,pretrain,C3u2VasrA4M,00004,7.464436608027313,11.328
train,pretrain,DzNNS4rcIjs,00025,0,pretrain,IDqMB6C1uys,00002,-5.248622129995586,10.816
train,pretrain,sIPvnWZ5O6Q,00013,0,pretrain,bB5zR2xYhm4,00028,-2.7661700810076013,5.248
train,pretrain,xRL2vVAa47I,00013,0,pretrain,gmjSazFbpkA,00042,1.7949975022867282,4.928
train,trainval,SjaWs87t5UM,50008,0,pretrain,gLDQr9i7LkM,00027,6.472594573248518,3.968
train,pretrain,k7djE1X16og,00004,0,trainval,Wn1imxwGscs,50006,-5.577060069845235,4.416
train,pretrain,Kp13yOhLEbU,00011,0,pretrain,P2SxoBj3daM,00011,-2.2332319948582864,10.816
train,pretrain,I8tg0Myjimg,00020,0,pretrain,8JSMI8Xrwms,00015,-2.725345816904521,15.936
train,trainval,klUoJxGv9wg,50003,0,pretrain,8u9Wvz1edxI,00012,1.3245509740699717,4.288
train,pretrain,DWZsOe1j2w0,00019,0,pretrain,9YR8jNtV4BE,00024,0.1210005992000891,7.488
train,pretrain,T9nFC6dkRxU,00022,0,pretrain,FzAyOddR5u4,00026,-9.713609976616722,11.072
train,trainval,o0td5aw1KXA,50001,0,pretrain,snkrS1C2e7U,00022,-6.806700228460567,3.648
train,trainval,VbF2KPn3TrU,50001,0,pretrain,F10t7i8wHaM,00020,4.449739531606358,3.776
train,trainval,zcMj4Az1MwE,50027,0,pretrain,mgBsSW5CFnw,00028,-1.301071580527907,4.16
train,pretrain,SjsGSNgmleA,00010,0,pretrain,pbotabqHUys,00004,0.8553512398411236,6.656
train,pretrain,V2u6CzpRqts,00007,0,pretrain,NZspSEdO2Xk,00051,-6.9088851102304805,4.16
train,pretrain,RRRDYBwjjU0,00012,0,pretrain,odIXWv1m2a8,00007,5.280241535948063,5.568
train,pretrain,j7c9b9A2AHc,00039,0,pretrain,a9SWyvRyLQU,00001,-8.579356151777143,7.488
train,trainval,VN357QrUdEc,50014,0,trainval,2a2724wcfcc,50002,0.3147772996857654,3.136
train,pretrain,J6oMG7u9HGE,00012,0,pretrain,GqGksNRYu8s,00059,8.838690099462642,14.016
train,pretrain,0pzIPHWR3iY,00003,0,pretrain,fIqABIcKIvs,00020,5.003043872073061,8.832
train,pretrain,yjtCDgjxRAw,00015,0,pretrain,5tal0NkWW1E,00004,-1.9772418594773349,10.368
train,pretrain,qKlzdSH2X9w,00025,0,trainval,rni41c9iq54,50006,-9.654966682855743,4.928
train,pretrain,c0H1zU2ytxA,00004,0,pretrain,UQniNhS6LOY,00034,1.4605935294970998,4.928
train,trainval,1fZ4XOnnh1c,50005,0,pretrain,JD4O7ama3o8,00033,7.977860152811825,4.16
train,pretrain,lUO0xDSJQVI,00032,0,pretrain,7ZW8SLQftnY,00007,9.36539775657366,6.592
train,pretrain,ukgnU2aXM2c,00005,0,pretrain,d25l1aPz2kc,00002,2.0298046397397407,10.496
train,pretrain,hfDkDzZ9GsU,00009,0,pretrain,JcCQS4YiTb8,00001,-4.223356836227663,4.8
train,pretrain,MSZS1wnjfhY,00030,0,trainval,VFaQtPw3Va4,50002,-3.592398768445058,3.072
train,pretrain,j3qs0q4RBHY,00011,0,pretrain,97MWOERYSdE,00006,2.174490989832554,5.76
train,trainval,VktGgoVvgXo,50005,0,pretrain,qesLGw23SzQ,00018,7.752337752052792,2.88
train,pretrain,DGvPfD1Dd1U,00007,0,pretrain,cWYcXhMhJF4,00002,-2.3679192068968575,6.656
train,pretrain,ea3HnhOLC9g,00025,0,pretrain,PVzcGhZ8Aeg,00013,-2.765983084981345,13.76
train,pretrain,PgCmT0qkfQM,00039,0,pretrain,GDnYDLERnRE,00011,5.065641293937892,10.752
train,pretrain,AQa3kUJPEko,00005,0,pretrain,SsU5CJRaKP8,00001,-1.439640910452372,9.408
train,pretrain,0YeVt2kpSSo,00018,0,pretrain,7jx0dTYUO5E,00029,-0.6211834185900251,5.248
train,pretrain,w3q89BTJj3o,00013,0,pretrain,5aH2Ppjpcho,00017,-8.199264599833075,11.584
train,pretrain,LKAhTELkOV8,00027,0,trainval,LWQfeSSfNbs,50018,1.6920960468702972,2.432
train,pretrain,hJZ0pAoxksE,00003,0,pretrain,MIRoB4LStDY,00003,-0.9194966260114761,7.168
train,pretrain,jpuDyGgIeh0,00007,0,pretrain,pGSQG0IyNTo,00014,4.710888667251577,11.392
train,pretrain,Re53vgaVFvI,00010,0,trainval,HqawqHB7nDM,50004,5.200075948278293,3.328
train,pretrain,mWA2uL8zXPI,00015,0,pretrain,BCvzpm4d2gs,00030,0.6984250342688458,5.44
train,pretrain,mSQmfZOVNPw,00016,0,pretrain,KabSmpUSYVM,00009,-6.652763830058928,6.08
train,pretrain,Bp2FvktSTRM,00011,0,pretrain,pWrgvI4nyyg,00002,4.935860734627035,6.848
train,pretrain,NgbqXsA62Qs,00004,0,pretrain,mWfCqsFP05A,00009,-8.55305365350748,4.608
train,pretrain,jvBaRf9LHDs,00035,0,pretrain,UzuUljhS9uI,00026,-1.1674282006741539,5.056
train,pretrain,mmhedbY8wjU,00022,0,pretrain,bkeBjPS9ZR4,00015,-0.03899029619633865,9.024
train,pretrain,pVQdpofMhwU,00016,0,pretrain,oiVSHkItqxo,00006,-1.0921543022235998,4.608
train,pretrain,bl8S81JF3b8,00008,0,trainval,jiDQDLnEXdA,50003,7.284925980211668,6.016
train,trainval,49aWAHqi200,50005,0,trainval,mclzytQQMGI,50006,-4.102139047316884,2.56
train,pretrain,pF72px2R3Hg,00001,0,pretrain,NXvITqGAiX8,00004,2.5840492588013433,5.632
train,pretrain,rueQgStScw0,00016,0,pretrain,MbBHVL4hT90,00004,9.169608035121513,9.6
train,pretrain,Tu01sNfs5SQ,00038,0,pretrain,SVB39Jo8mAQ,00038,7.028762871039646,6.144
train,pretrain,ZHOyfyGwpes,00052,0,pretrain,2MYsx6WArKY,00003,0.20275417975340915,16.96
train,pretrain,jHLm5Lne3D0,00009,0,pretrain,WOgSqHtTtHY,00001,7.795678817646348,3.008
train,pretrain,Y4QZzZgYUKg,00006,0,pretrain,OJptdCCrcr4,00012,-1.718461223795158,15.936
train,pretrain,QW8muMXpkRg,00012,0,pretrain,2m9kC1yRnLQ,00032,5.057654890905148,6.976
train,pretrain,0nI65jgHG9o,00013,0,pretrain,20adDr7Felw,00004,-8.471808868758288,8.0
train,pretrain,gniDHWq0RSQ,00002,0,trainval,k7djE1X16og,50008,-9.910238041677736,2.304
train,pretrain,eUznJ3LtvGc,00015,0,pretrain,qykSnLkPM7E,00013,-4.461104814032632,6.208
train,pretrain,P2dlq8ZqjDM,00009,0,pretrain,ziGD7vQOwl8,00062,-9.641092041428152,5.696
train,pretrain,Lrdn4lazVBc,00021,0,pretrain,Eewvsw027jg,00001,9.126689057400338,5.184
train,pretrain,B4xOFsygwr4,00045,0,pretrain,B9bDZ5SzPtY,00015,-8.034215386677698,8.896
train,pretrain,6vLrreR6YOE,00033,0,pretrain,PWhjzFwn9Js,00005,-8.43113521591448,4.032
train,pretrain,fi8CYv9Dcr0,00014,0,pretrain,JaFSfq2Zn7I,00039,8.224494629379329,6.016
train,pretrain,DnJHaveemUk,00001,0,trainval,jVBp2nDmg7E,50011,-4.905066832171543,4.096
train,pretrain,1CdmpHLSZRU,00007,0,pretrain,JolJi3uLMOM,00008,9.974046603560243,3.776
train,pretrain,xTBYcSL3MrI,00003,0,pretrain,0FkuRwU8HFc,00043,-2.322800233155955,4.544
train,pretrain,axRSF7ku0Zg,00017,0,trainval,bbT8jSPS2LA,50017,5.589025466748135,3.072
train,pretrain,NdKEy6vcCMw,00070,0,pretrain,o9DNWK6WfQw,00013,-9.774878597724861,5.376
train,trainval,o08ykAqLOxk,50010,0,pretrain,co2enjjt3J0,00024,0.19278164665920272,3.456
train,trainval,JvIbrDR1GSc,50011,0,pretrain,oJfFMoAgbv8,00006,9.296736581249117,4.928
train,pretrain,WtLMST8TyeY,00027,0,pretrain,kSGFq12w5WU,00010,7.624430693507968,4.416
train,pretrain,wyhF7q3Sbpk,00003,0,pretrain,btlF4ZSAoFc,00004,5.927820807145936,4.288
train,pretrain,yuD6ozE9rtc,00004,0,pretrain,LBvHI1awWaI,00018,-3.8745613670392265,4.16
train,pretrain,S9ry1M7JlyE,00013,0,pretrain,CFADnhYKDHg,00024,-3.6725006168383656,7.68
train,pretrain,0wpCZxiAQzw,00011,0,pretrain,25onkAGt3Gs,00026,7.935887427249607,7.04
train,pretrain,tTcl5I0Wbzk,00014,0,pretrain,C2SVEM19NHA,00008,-4.96509404963259,5.76
train,pretrain,Zq7QPnqLoUk,00016,0,trainval,ynSrWmoq7Is,50003,-9.534801755116447,2.24
train,pretrain,o0q3veMwv6A,00004,0,pretrain,xAXUqSQc8DI,00017,-5.7299025997002335,22.656
train,pretrain,2wseM6wWd74,00035,0,pretrain,1COwySxiwSg,00001,-3.5359352983822934,5.824
train,pretrain,WSKPrVG3Evs,00018,0,pretrain,KVhWqwnZ1eM,00014,-6.706606006118903,5.12
train,pretrain,7LPJrzZaoZg,00003,0,pretrain,HB2SlA68YDU,00003,5.070134926593401,3.2
train,pretrain,HYzrdn7YLCM,00020,0,trainval,NyQ1wLFj0f8,50001,-3.319246516788114,3.008
train,pretrain,9fyjlxizLFI,00024,0,pretrain,6ePXxeGrfvQ,00011,1.832636085997411,7.488
train,trainval,Va07q3HFEZQ,50013,0,pretrain,iFTWM7HV2UI,00023,-5.343852963542497,3.328
train,trainval,zCvSZBy6SyU,50013,0,pretrain,wtvhqeVoeqI,00020,9.75132768318026,3.008
train,trainval,y3jYVe1RGaU,50014,0,pretrain,FD5ZKiSmoMU,00056,1.2513989636786267,2.24
train,trainval,YodRXxzhb7s,50002,0,pretrain,5GZu8xECOdw,00009,8.524592104213689,5.632
train,pretrain,B0YSGU3JqiQ,00016,0,pretrain,3qXLZYXSJSI,00007,1.0446847440476574,3.776
train,pretrain,LPrS7Skx9Y0,00043,0,trainval,gEH4gSeSt3g,50001,-6.176304631216542,5.952
train,pretrain,LSGfqyhleUA,00044,0,pretrain,BN9a8Ldy7Xc,00003,4.112363661175213,4.032
train,trainval,I4PU2JlhO80,50002,0,trainval,H2rG4Dg6xyI,50049,-0.2526694571625683,2.56
train,pretrain,HS8y0WLm78U,00018,0,pretrain,SS6ZojCzNGY,00021,9.780679350907441,7.36
train,pretrain,8Dv2Hdf5TRg,00024,0,pretrain,MSZS1wnjfhY,00009,-4.397813455788828,5.312
train,pretrain,4AaSUyfNN4c,00004,0,pretrain,IBoJcDlqmo0,00034,9.914488198326776,4.352
train,pretrain,dE1DuBesGYM,00022,0,pretrain,MExS7F0lGzI,00019,8.85014453317396,7.168
train,pretrain,9yEl0SbCA9M,00014,0,pretrain,RjyxIsE3V2g,00004,-2.9519499787713315,6.72
train,trainval,vo2cse4CoGM,50010,0,pretrain,Syi9bqfFIdY,00023,5.871778945539603,3.776
train,pretrain,FX6j9jPF8Ss,00007,0,pretrain,XRWTyUVh0BQ,00035,9.475488263294288,5.888
train,pretrain,0SW0HFy9Et4,00022,0,pretrain,PB2OegI6wvI,00034,3.565144214342066,6.144
train,pretrain,kGZvNbfrNag,00007,0,pretrain,soqnBdPOwoo,00004,7.2766484013984325,6.08
train,pretrain,60OVlfAUPJg,00023,0,pretrain,vGDZmSnSkfo,00018,8.465095344905123,3.84
train,pretrain,NS4bBu9Jyho,00001,0,pretrain,2VWSSFSUeQI,00023,3.1283816881551765,3.968
train,trainval,cWcVPpxezE0,50041,0,trainval,mLufqwmPl1A,50007,-5.091880040521721,4.032
train,pretrain,5J6jAC6XxAI,00034,0,pretrain,xAgawjzimjc,00020,9.302120122282563,11.136
train,pretrain,ZQElzjCsl9o,00016,0,pretrain,j3YjeARuilI,00024,8.32576618884551,4.736
train,pretrain,gevXeQwS1jg,00049,0,pretrain,kTz52RWSbD0,00029,-4.285728037949481,6.4
train,pretrain,syqScVtnKuU,00006,0,pretrain,43e6eAAeGCs,00046,0.39975642719636895,3.392
train,trainval,TRE4Sll42lE,50018,0,trainval,PyS1o4sX1hk,50007,3.629209420678963,2.048
train,pretrain,sPQViNNOAkw,00034,0,pretrain,wZzHnZzmS58,00015,1.5704321299142379,10.496
train,pretrain,pcSlowAhvUk,00023,0,pretrain,XKc9MJDeqj0,00013,6.078884700647912,5.696
train,pretrain,55n9pHSA0O8,00040,0,pretrain,bRuU02haIK8,00008,6.352781646947257,6.656
train,pretrain,iunmpgOnpqM,00011,0,pretrain,Rz8m1yDE0ms,00012,-2.095446167348336,8.0
train,pretrain,Yo5cKRmJaf0,00027,0,pretrain,jTfGAHroSSI,00003,3.8622287960350654,16.896
train,pretrain,CXvUdCdKTJY,00010,0,pretrain,0MYq1WJMmts,00020,4.748728196854961,4.544
train,pretrain,IJmr7MsS8fw,00005,0,pretrain,kvpUiBqHoVM,00012,5.25355733535352,6.464
train,pretrain,1G0MzlfMPuM,00002,0,pretrain,NjpXs8Ymr14,00013,-6.964892429788117,6.592
train,pretrain,wvIyVZf3qZU,00006,0,pretrain,zWU9D2duSgs,00005,7.727360164162132,9.472
train,pretrain,6gSwRHScq6M,00046,0,pretrain,gniDHWq0RSQ,00012,-4.815868634984661,4.16
train,trainval,s2F41IQSPGE,50046,0,pretrain,aqhzFd4NUPI,00014,-2.5230135706624264,2.688
train,pretrain,X77DUi9PD4Y,00031,0,pretrain,w2mJMS09Qjk,00022,9.807093426810471,7.168
train,pretrain,cknBAMirSiQ,00011,0,pretrain,wNokfBHccVI,00040,-1.2890337738640962,11.84
train,pretrain,vzKA1y3cdYI,00014,0,trainval,SxPeQda00Co,50005,-0.07355471933655622,5.248
train,pretrain,hHOX3dlhhZ0,00008,0,pretrain,GROCkg810R0,00005,-4.4793018473226525,5.888
train,pretrain,1xgCI05l2GA,00022,0,pretrain,Nx8RRIiP53Q,00009,-7.801031542821493,6.08
train,pretrain,TZkNJFrfdR8,00011,0,pretrain,6StqiaPoS2U,00016,-1.2790541210788717,6.592
train,trainval,n8yhaFdSGpM,50001,0,pretrain,PyS1o4sX1hk,00024,-2.3290704876507657,5.824
train,pretrain,trxGZMm4nBQ,00014,0,pretrain,PYSkd46RfVE,00061,-5.746972252105158,2.816
train,pretrain,3LzX36sShcs,00024,0,trainval,NgDGlcxYrhQ,50016,1.6448455713243764,2.432
train,pretrain,WmJwn4WDeLE,00012,0,trainval,GSIpG4t4Z5k,50003,-0.14973758438776485,5.76
train,trainval,eHzLV1LM4Rs,50002,0,pretrain,NPSelwWdPa0,00025,1.0776484218511673,5.696
train,pretrain,iARReKKgETs,00011,0,pretrain,FJFxLQCo83U,00002,-4.120952787301988,13.824
train,pretrain,eR22lqzdIHU,00024,0,pretrain,NDWkSrKRTCs,00006,-7.913323515328208,6.976
train,pretrain,SypPoKpQi6w,00013,0,pretrain,wWLf4u2xJVM,00008,-3.516275828116835,4.096
train,pretrain,6XNrzmh0EVs,00021,0,pretrain,gLDQr9i7LkM,00038,0.4758531338669041,5.76
train,pretrain,LizFrxTK5Qo,00018,0,pretrain,4ef6KJ7vfIw,00039,-7.715059290290065,6.208
train,pretrain,pyWrZceeKNE,00013,0,trainval,eqDgt12m26c,50039,-6.731095071628608,4.416
train,pretrain,J6JrHteOsII,00002,0,pretrain,9RTkZaX1cH0,00026,0.5754089816663654,11.328
train,pretrain,cf3zxHuSM2Y,00038,0,pretrain,ScJVrV6bk1g,00012,1.9355648482745949,9.024
train,pretrain,SgsbNR2pIts,00014,0,pretrain,DzNNS4rcIjs,00014,-6.540729298795949,9.728
train,pretrain,FN0fjOsJIxk,00001,0,pretrain,a3im2S5mQCM,00012,-6.237575597506233,4.48
train,pretrain,GCOc31fQi7A,00021,0,pretrain,S7SXH1CBzGw,00005,-5.572576684520318,7.552
train,pretrain,TWPahtyJDsI,00010,0,pretrain,YXWKuKSQsu4,00007,1.5666043308908328,3.2
train,pretrain,0JGarsZE1rk,00001,0,pretrain,641aB1Dv1DY,00003,1.3860919177561186,11.2
train,trainval,YGoI3B86iX4,50002,0,pretrain,tSSNoFstCmQ,00004,2.795464694685947,2.24
train,pretrain,YmRKlZEXVQM,00023,0,trainval,SF242mxtZN8,50002,-7.33435187436053,4.096
train,pretrain,rrkrvAUbU9Y,00038,0,pretrain,LFJ9WAHowcg,00033,-3.711443867085946,6.336
train,pretrain,uXlSmKZ7aSc,00030,0,pretrain,PS2h8hSFphs,00007,5.183501631255421,6.016
train,pretrain,btF6nKHo2i0,00039,0,pretrain,W4LYn4mIP18,00017,-3.4313016033853394,10.112
train,pretrain,wxCtIdI3xL0,00009,0,pretrain,uPZw3ebk8oI,00020,9.698625078535674,2.688
train,pretrain,L6PW0Nw35X0,00017,0,pretrain,KiPcxhJtuPQ,00025,8.028335720273375,9.088
train,pretrain,n8eyF4UWG38,00011,0,pretrain,NMBNZspmn7I,00013,-7.1596719413223315,10.816
train,pretrain,iARReKKgETs,00001,0,trainval,wn8S33NBB04,50018,-0.25406422370659243,6.208
train,trainval,pGSQG0IyNTo,50002,0,trainval,DkyMCCnNI3Q,50009,-5.211498988430298,3.008
train,pretrain,Ydj28CDrHV4,00003,0,pretrain,bzlYyhh3X0w,00016,1.6662816117675021,5.824
train,pretrain,GOZOhpxSAFI,00009,0,pretrain,pkGAMb5sYvg,00007,2.1830631578705013,3.776
train,trainval,VbF2KPn3TrU,50012,0,pretrain,kNhyOYv2ejw,00058,5.844399117010546,3.392
train,pretrain,b2MSSeKey4o,00014,0,pretrain,3E7hkPZSHTk,00031,2.6757701580727407,4.352
train,pretrain,byHcqsGvcj8,00003,0,pretrain,aS1UEAGCo30,00007,-9.48371567491777,6.208
train,pretrain,qMppKiqMpAk,00013,0,trainval,5Jqk1rkuUwU,50012,-7.3168291440697235,3.136
train,pretrain,apiScBmE6rA,00022,0,trainval,vzKA1y3cdYI,50045,8.419643936275008,6.016
train,pretrain,X41iulkRqZU,00024,0,pretrain,9KaMufF0rAY,00036,-7.606942777266513,7.424
train,pretrain,OISOhvOumT0,00040,0,trainval,7vsO7SHLJMI,50018,-1.2903978744408064,6.208
train,trainval,OLHh9E5ilZ4,50001,0,pretrain,2ZviHInGBJQ,00014,-7.126408527888167,3.392
train,pretrain,0kPu6eKpja8,00010,0,pretrain,lV3trdyDdHE,00052,-2.583137503419488,7.296
train,pretrain,jJXMvOqS5bM,00009,0,pretrain,488ZBeaGo6s,00027,1.2652545150924723,3.2
train,pretrain,7Oe11XnBvA8,00018,0,pretrain,lDq9SQxvsNU,00047,3.4174725653805798,6.592
train,pretrain,RlToQQfSlLA,00003,0,pretrain,DgofaSv4MA4,00014,-8.605281661138164,7.296
train,trainval,kLIfeGflNp8,50006,0,pretrain,PiVB5niLrWg,00023,6.595227937585975,2.176
train,pretrain,FyL9OkVgZA4,00006,0,trainval,kmflTZnRuZI,50006,-9.244516691389427,3.072
train,pretrain,JNSgdmKysxA,00027,0,pretrain,nLtUl2CP8ak,00027,6.6886224520742275,4.608
train,pretrain,SGG97dDfZ7E,00011,0,pretrain,hTAXEq6zLo8,00026,4.96213388248699,3.968
train,pretrain,5J6jAC6XxAI,00019,0,pretrain,YAV96XSdMQo,00043,-8.169787533609787,4.672
train,pretrain,HonUUtuCSwM,00036,0,pretrain,HDjM5lw8OYo,00030,8.018601765931692,6.208
train,trainval,3XDdhbrg2kw,50027,0,pretrain,z4kwU6z6ORg,00010,-1.45021474820126,3.072
train,pretrain,0tVGSTxcsSU,00005,0,pretrain,jpuDyGgIeh0,00006,6.078262676123227,24.512
train,pretrain,DwShSwvxPKs,00001,0,pretrain,JeHqgambbcI,00008,-1.4845807010263954,9.536
train,pretrain,5sS3Yjh9Lw4,00015,0,pretrain,svIPBU31d0c,00016,-3.2815275107838326,3.776
train,trainval,9KaMufF0rAY,50004,0,pretrain,ay8OMOsf6AQ,00012,-9.096341768051673,6.208
train,pretrain,QISHX5UKky0,00008,0,pretrain,jv8m8rycnQs,00027,-3.396171206306411,14.656
train,pretrain,n9OhxKlrWwc,00003,0,pretrain,XRWTyUVh0BQ,00041,-4.5623849770050295,3.328
train,pretrain,NAcuH7nSdLc,00021,0,pretrain,rN7VcY1fS1Q,00011,-1.1572226048837315,12.8
train,trainval,xY7kVVS2HVY,50036,0,pretrain,LWQfeSSfNbs,00018,5.919168661981564,4.288
train,pretrain,AU66C6HePfg,00016,0,trainval,LH8MPbFoRjw,50021,8.587101836804049,2.24
train,pretrain,ttRhMPgpoOQ,00018,0,pretrain,85hbMtegrLc,00009,-5.661337324583535,5.952
train,trainval,VehHPwAVL9g,50016,0,pretrain,GcJxRqTs5nk,00010,5.4232479074111435,5.696
train,pretrain,hrpwRdijvCM,00020,0,pretrain,LBvHI1awWaI,00002,3.9190802761272376,3.648
train,trainval,jqWHy6B0ADA,50012,0,pretrain,Yr0eW6PbmOs,00009,-3.2535950370779565,5.376
train,pretrain,J10EaonNV2A,00025,0,trainval,BoRUrWcdkQ4,50032,-6.121579585588024,3.904
train,trainval,cnDEVgxD6QQ,50012,0,pretrain,LSdPxGLesE4,00061,8.382194637058,3.2
train,pretrain,CprpSEjVtwA,00010,0,pretrain,Nhwq12TKkQQ,00008,-6.61792055014558,6.272
train,pretrain,jEHZSIAuYUY,00009,0,pretrain,kTqgiF4HmgQ,00031,0.6339736332782522,9.088
train,trainval,7ZWTG0SeCEg,50027,0,pretrain,78nsxRxbf4w,00007,-9.814775271232808,6.08
train,pretrain,GJWSZgjz7G0,00002,0,pretrain,7Mqse6SLOds,00009,-3.0190572306878565,7.296
train,pretrain,G9wIXAGzn1w,00016,0,pretrain,OkKhI6St40w,00034,-6.914296349706692,10.688
train,pretrain,YeJhVtJKJU8,00004,0,pretrain,Qm172DbaSbc,00028,-4.943095067576668,8.128
train,pretrain,aUBawr1hUwo,00032,0,pretrain,xfjZStWFxpA,00001,5.0616630827416635,12.608
train,trainval,u2V0vOFexY4,50001,0,pretrain,fkPISY2Vg5k,00024,-4.784514614031911,3.776
train,pretrain,Hc6yiSFtoNo,00044,0,pretrain,2i0dGoh3VUg,00007,2.001486266619896,13.76
train,pretrain,G88JZ1DIdg8,00013,0,pretrain,lECfUfqNVoo,00011,-2.3145656153102534,4.032
train,pretrain,xTBYcSL3MrI,00014,0,pretrain,SSudEBkC4O0,00009,9.246979455420284,4.736
train,pretrain,ZvSJE9n0GfA,00039,0,pretrain,IgKWPdJWuBQ,00022,-8.053369324212385,3.968
train,pretrain,3QZp6smeSQA,00018,0,trainval,58eTdyeVwbA,50002,1.1673410505256658,3.968
train,pretrain,DSbrTiSwyLk,00009,0,pretrain,w3q89BTJj3o,00015,-0.039639619857293695,4.032
train,trainval,nxRRqLpWi6Q,50004,0,trainval,TYFH0DSjyqc,50008,-5.333867804131076,3.136
train,pretrain,8iZSsHd0IlU,00010,0,pretrain,FEeTLopLkEo,00003,8.299877731414998,6.976
train,pretrain,0qYTf9evWeY,00041,0,pretrain,xjSQFZX2m9o,00027,4.125220051059211,8.384
train,pretrain,zw9NXY3xOOI,00006,0,pretrain,CPVjktgYKo4,00040,0.7236591964394776,4.48
train,pretrain,p9UC0chfXcg,00049,0,trainval,8u9Wvz1edxI,50003,9.858788686224017,6.208
train,pretrain,XAcARiiK5uY,00007,0,pretrain,snHSSUcGSSE,00008,-0.3476551045533416,6.144
train,pretrain,1CN7PF10RKo,00010,0,pretrain,mK2TDdEP58g,00001,-4.565750270778784,3.392
train,pretrain,PNqu5BWeHDw,00003,0,pretrain,b64qvG2Jgro,00002,-0.7534642125447011,5.376
train,trainval,W4I68CGUV3w,50017,0,pretrain,PYSkd46RfVE,00024,2.6444538563155024,2.304
train,pretrain,KPPxXeoIzRY,00011,0,pretrain,73cTNHEQhkQ,00024,-1.101415222307562,4.096
train,trainval,CXSKrxq5eUI,50007,0,pretrain,PzSw6OsEP9Q,00013,2.4696116151288994,2.688
train,pretrain,VT3XyORCFDA,00011,0,pretrain,tRqVPRwKn2o,00044,-8.37711036777317,6.016
train,pretrain,gWPFJgLAzu4,00003,0,trainval,GDnYDLERnRE,50025,-9.946450680093797,6.08
train,pretrain,druJDI6hiiY,00017,0,trainval,BoRUrWcdkQ4,50031,-6.9990929170319705,5.504
train,pretrain,vZWokpaQ3NE,00011,0,pretrain,NiMgOklgeos,00015,-2.7652908874359072,5.888
train,pretrain,DwQMDyyS42Q,00043,0,pretrain,KQEWc3LVfyc,00098,4.523768650128634,4.096
train,pretrain,4AUSqB0RVNY,00021,0,pretrain,ISjk9ni4XWk,00026,-1.1916656349751413,4.8
train,trainval,Ttshw4mELNk,50001,0,pretrain,93fJ33L9OKw,00028,-0.2991034971625588,2.496
train,trainval,NZspSEdO2Xk,50007,0,pretrain,k4N2SxUZwiU,00015,-6.908986791899516,3.008
train,pretrain,Td2hfdXQ5x8,00014,0,pretrain,16cMSRFid9U,00034,-1.2836797543214864,4.672
train,trainval,ZHOyfyGwpes,50001,0,pretrain,FSNEIwDiCSw,00047,6.321890826249756,6.016
train,pretrain,tMSU6k5SWXg,00010,0,pretrain,9XRPbFIN4lk,00009,8.39542491919834,10.432
train,pretrain,y2yka9lyvMA,00031,0,pretrain,1BfMMoLYMlg,00008,9.961604760273485,4.288
train,pretrain,lQDxasFKQCA,00006,0,pretrain,70VZ1SOzSnc,00030,7.993273130753671,13.44
train,pretrain,qdiF1fSGfyM,00032,0,pretrain,Y2y7BzjbSNo,00029,-4.1438030145406035,12.48
train,pretrain,5ErKrSyUpEo,00023,0,pretrain,PzSw6OsEP9Q,00005,-7.175107980786417,8.832
train,pretrain,k9QTVIISlkg,00012,0,pretrain,3WCwBVprDuQ,00004,-8.816053980306627,5.568
train,trainval,SvZXgApsPCQ,50020,0,pretrain,LS6TWtYWaPA,00026,-4.639106864249964,2.688
train,pretrain,0bop3D7SdDM,00012,0,pretrain,WSSaFAZS0Dw,00001,-1.402657147453306,6.656
train,pretrain,BdHKSr9RXTc,00001,0,trainval,4l3Kj3hVSVY,50001,4.199657377329389,2.496
train,pretrain,PiVB5niLrWg,00008,0,pretrain,S2SzP6NS9P0,00023,7.622719574100078,10.304
train,pretrain,ZSRaJIMYSMs,00016,0,pretrain,NdKEy6vcCMw,00030,9.216381824963179,3.648
train,pretrain,wsIrdxDJpSQ,00032,0,pretrain,cC0KxNeLp1E,00026,-5.592562917029429,8.0
train,pretrain,w3q89BTJj3o,00035,0,pretrain,kiDfwUQySEs,00005,9.207793874210392,6.976
train,trainval,SFOCpMAww28,50004,0,pretrain,3dy4SGkSD8M,00037,0.04807658622448585,5.952
train,pretrain,XFOkSdlPafQ,00011,0,pretrain,eIho2S0ZahI,00028,5.445808461098341,3.648
train,trainval,lbBDoFp2HIQ,50001,0,trainval,Bp2FvktSTRM,50005,7.252109973689748,5.504
train,pretrain,7jx0dTYUO5E,00041,0,trainval,bq39x2HWjNk,50003,7.624439474998955,6.08
train,pretrain,60OVlfAUPJg,00033,0,pretrain,TdBAHexVYzc,00043,0.08730333204961127,4.608
train,trainval,vMwPTI54rqQ,50039,0,pretrain,H4Fwn3RHa14,00004,-7.310093205297312,3.648
train,pretrain,qH4GAXXH29s,00013,0,pretrain,K5wCfYujRdE,00042,-4.248029374805888,4.608
train,pretrain,VcMyX5R4dzs,00011,0,pretrain,zORUUqJd81M,00041,-9.338934292580714,6.016
train,pretrain,3bjSba3PScU,00008,0,pretrain,R84vqXjXWJc,00029,3.262787083724689,10.816
train,pretrain,oHDq1PcYkT4,00028,0,pretrain,c73Q8oQmwzo,00037,1.4603198634778547,5.44
train,pretrain,jvBaRf9LHDs,00018,0,trainval,1sgb2cUqFiY,50005,-3.8362805021803776,5.056
train,trainval,r4KQfepEqWQ,50006,0,pretrain,FjibavNwOUI,00006,1.170628902780111,2.88
train,pretrain,W14XWvAz3x4,00009,0,trainval,70uaS1e9YN0,50009,-7.59380950230697,5.888
train,pretrain,uSUOduS5MPc,00002,0,pretrain,694XUHVuGQo,00002,2.604680437810769,4.288
train,pretrain,xRdZXhyrO6c,00015,0,pretrain,VjQ3ufqnfSM,00020,-5.474234579310593,6.592
train,pretrain,D5iFVKhLStU,00018,0,trainval,ZIhFcjcc568,50023,7.23026351848355,2.24
train,trainval,SeBUcBfkVCo,50040,0,pretrain,pX8zZdLw7cs,00020,-3.10185040083862,2.496
train,pretrain,EhM56Fk2aFk,00007,0,pretrain,hgWie9dnssU,00011,-3.6592692251147074,4.992
train,pretrain,fBQnQTkhsq4,00005,0,pretrain,vhhgI4tSMwc,00017,0.22478193291426507,7.04
train,pretrain,1joQ8ZhX2o4,00001,0,pretrain,3z1cCT2NP4k,00007,-1.5255259667016663,8.448
train,pretrain,Yo5cKRmJaf0,00016,0,pretrain,X48GTmOe5SA,00002,-5.846430230016388,7.808
train,pretrain,tjkrKA1cVdU,00023,0,pretrain,utV1sdjr4PY,00022,-4.624870653238906,10.24
train,trainval,Gj2pWl1vjCY,50010,0,pretrain,eLz9TvxGoKs,00024,-7.637058587778132,3.968
train,pretrain,HjSGqwAFRcc,00016,0,pretrain,YlmZkY1uqXM,00022,7.151135629323729,11.52
train,pretrain,SrqmuYvk3iQ,00002,0,pretrain,dj4Qk5rUmRw,00014,-2.5123315320623067,9.28
train,pretrain,xAXUqSQc8DI,00005,0,pretrain,FjibavNwOUI,00011,4.4991328081955295,17.088
train,pretrain,IBoJcDlqmo0,00003,0,pretrain,LSGfqyhleUA,00024,-1.0797627718392953,5.568
train,pretrain,apbSsILLh28,00071,0,pretrain,v2jSfxnRPSE,00038,-1.5209327276462368,6.784
train,pretrain,zwjLQgNd7XM,00007,0,trainval,GB4s5b9NL3I,50001,9.174602863277716,5.568
train,pretrain,STsOdmkH5fI,00011,0,pretrain,M3fGS0tZDB4,00014,6.417351676310513,10.496
train,trainval,f6nQJoEk7Ko,50004,0,trainval,gVLu99Ja2mA,50002,6.821725712524891,2.368
train,pretrain,PYSkd46RfVE,00006,0,pretrain,QYGO5tepBLY,00022,6.2632591471210155,7.936
train,pretrain,hiM48jSNZOU,00005,0,pretrain,jSSqQDPGW2k,00044,-1.3956949767109865,8.704
train,pretrain,NIjjaFCADSE,00033,0,pretrain,ZBrbHy7l3tg,00027,-4.215632824569342,9.28
train,trainval,d5zjjJYqixo,50004,0,pretrain,pcNxS2i7SvQ,00006,4.676813132155843,4.544
train,pretrain,H8Pr9Jnulxk,00012,0,trainval,rzbtSeVZeEE,50004,-6.7622317681100235,5.376
train,pretrain,UzuUljhS9uI,00031,0,pretrain,MLZubXfClL4,00005,-7.103806487214934,19.712
train,pretrain,YS9vd4HWlVA,00015,0,pretrain,rzu845HV8n8,00003,-8.040078122987037,6.848
train,pretrain,KxDwieKpawg,00031,0,pretrain,v84pD2g3gSk,00008,0.16854188881963594,9.408
train,pretrain,N37x4GgDVBM,00001,0,trainval,4GKTEDqbQIw,50001,0.21705161600855405,5.888
train,trainval,Q80MfH7xPPE,50016,0,pretrain,7n9IOH0NvyY,00019,8.101118673728411,6.016
train,pretrain,Mlt6kaNjoeI,00013,0,trainval,hxJ8LELZCjo,50001,-8.561592555519322,2.88
train,pretrain,MKKGS38vCO8,00044,0,pretrain,oOE0kKteWkg,00013,0.9067913981384272,3.904
train,pretrain,gZga0AmCGdE,00018,0,pretrain,eOvG4ZXQxUU,00011,-2.793696016710152,19.2
train,pretrain,i0QKBKWnkxg,00013,0,pretrain,N9HF8mMe2pU,00010,-7.17213326913638,4.928
train,pretrain,FX6j9jPF8Ss,00004,0,pretrain,PrZwUTdFmis,00013,-6.670833955556801,7.104
train,pretrain,dkmpRQdJslI,00015,0,pretrain,8t987Lxt1t4,00004,-1.321867141156055,7.744
train,trainval,y3jYVe1RGaU,50013,0,trainval,2URf46UY7SA,50003,6.063237697400638,3.712
train,pretrain,mMYhgTgE6MU,00001,0,pretrain,tFX68SJs2S0,00008,-8.08945050692176,3.712
train,pretrain,zawpbVpu5nY,00031,0,pretrain,0Sdja9Ys4Sg,00004,5.434987244243143,6.08
train,pretrain,wxCtIdI3xL0,00007,0,pretrain,ioMpOr7Yx98,00041,7.004012681968199,6.272
train,pretrain,z5aAJGNSRHs,00018,0,pretrain,pcSlowAhvUk,00015,-9.904884557750549,9.088
train,pretrain,kSxhDZaLyVQ,00012,0,pretrain,LJhklPJz9U8,00036,9.618346251038648,4.48
train,pretrain,RsxlLsHtoBI,00025,0,pretrain,5sS3Yjh9Lw4,00038,0.5213938537429907,9.6
train,pretrain,JSLUS3qLv0I,00016,0,pretrain,WIebxoTx408,00021,8.961834130409827,9.92
train,pretrain,YhpMSjbVopo,00017,0,pretrain,rKtmsVa4Kvk,00020,0.10396014860449299,2.816
train,pretrain,SKWIlMZSMZo,00003,0,trainval,XzDNfLnUOYY,50005,5.887067286973345,2.56
train,pretrain,gDMOcSWCTW0,00016,0,pretrain,XO1MeSMYSQ0,00032,2.6548650839314867,7.232
train,pretrain,4BwSMSCFdu0,00039,0,pretrain,JVwLjC5etEQ,00023,-3.1889477080879907,4.928
train,pretrain,QHSrG9Tuz84,00003,0,pretrain,EZSf3Fc0ZRA,00013,-5.129201377442108,5.056
train,pretrain,ARGkp6am3S8,00020,0,pretrain,HyQp3gGYf3I,00001,6.3396159235269,10.432
train,pretrain,3vJ4SUH38dQ,00024,0,pretrain,rFAdlU2ETjU,00023,5.1666489062491685,4.8
train,pretrain,F4Zu5ZZAG7I,00004,0,pretrain,HwxjoBQdn0s,00012,1.7401036333318238,13.632
train,pretrain,wstksuaSMD4,00013,0,pretrain,MEDgtjpycYg,00014,-1.787316351562918,9.088
train,pretrain,0bop3D7SdDM,00028,0,pretrain,vkEeNkHilIg,00010,-7.010244352346408,13.632
train,pretrain,8qqLMFBGvWI,00019,0,pretrain,X7uiSiAp8Pc,00004,2.705717664974852,3.584
train,trainval,gZga0AmCGdE,50033,0,pretrain,DnbC2Tii0S8,00016,3.027062217064975,3.456
train,pretrain,gZlzCc57qX4,00006,0,pretrain,1rTEOU67zCo,00017,4.115136343886935,10.816
train,pretrain,MDL85fzdc1g,00038,0,pretrain,86xSuStz0MA,00025,2.9985350429346447,19.072
train,pretrain,rokPqHc9iD0,00036,0,pretrain,A3Vpjwye9Mw,00005,-8.205795280482466,8.0
train,pretrain,oDdcx5luv5s,00024,0,pretrain,KVjkFqS7Y6A,00009,-5.297329856566817,9.216
train,pretrain,kOPMqiKhoSc,00021,0,pretrain,itnoDEL5QjQ,00007,1.3990180025546923,12.416
train,pretrain,SgOTaXhbqPQ,00043,0,trainval,AzcMEwAxSP8,50005,8.498733253497551,2.752
train,pretrain,jSOPQgPIdKg,00034,0,pretrain,SwaBFUgSoT8,00006,3.301681646450014,12.16
train,pretrain,Cr1usGUSuL4,00013,0,pretrain,mArrNRWQEso,00032,3.0228215528453326,3.968
train,pretrain,7LcSdlVrg5M,00004,0,pretrain,y7S4yQRCYHE,00002,-2.036646708530059,4.416
train,pretrain,80USSKwX0iU,00009,0,pretrain,dJEwC4wCM70,00009,-9.464121303051826,11.008
train,pretrain,F6NU0DMjv0Y,00046,0,pretrain,Wgt8QUHQjw8,00031,5.595170451896367,15.168
train,pretrain,XSuZ6ukuz5s,00016,0,pretrain,0SkdP36wiAU,00005,-0.7031894998333996,7.232
train,pretrain,P8GCjrDWWUM,00015,0,pretrain,xzT6iH2CX4k,00019,-8.057473789275369,6.016
train,pretrain,SmoW9jvvMr4,00017,0,pretrain,FD5ZKiSmoMU,00019,-1.9922633318324952,4.096
train,pretrain,N0vRIqeoefs,00008,0,pretrain,Y350oOiunf4,00031,0.9041200645179703,5.44
train,pretrain,SwT0YLKbwoU,00001,0,pretrain,4f7ppXm1mK8,00008,-1.8147532844456027,3.456
train,pretrain,7O7BMa9XGXE,00012,0,pretrain,7SrGFfZMJ6Q,00006,-4.8455897706004825,6.08
train,pretrain,JC7WnzM2Lsc,00005,0,pretrain,UGtFXtnWME4,00013,3.473489984512879,8.384
train,trainval,2Pp9ONyxBr8,50009,0,pretrain,qBfwUkCGJHQ,00005,4.328051366913233,2.368
train,pretrain,0zbHnOcGbrw,00002,0,pretrain,ljqra3BcqWM,00017,2.8397012634014978,10.176
train,pretrain,2PR51JQkib4,00033,0,pretrain,SQB9zNWw9MA,00005,-8.888847347560496,8.96
train,pretrain,axRSF7ku0Zg,00001,0,pretrain,O4bGOvkkHcM,00006,-0.903736228754429,13.76
train,pretrain,OwRAFCrsDS8,00029,0,pretrain,gzthxdm7XNs,00004,3.8327552038291675,5.12
train,pretrain,488ZBeaGo6s,00028,0,pretrain,IaMnRrrQx48,00018,8.888101775336512,8.128
train,pretrain,qvEU36woPB8,00001,0,pretrain,deT1mILtFEY,00025,1.8699856097257062,11.136
train,pretrain,N8Votwxx8a0,00008,0,pretrain,YmlAl1SMtHk,00012,3.647571422383667,9.728
train,pretrain,xf8zep5BADs,00003,0,pretrain,pPgd7Hj3ABQ,00021,6.903533635692117,5.376
train,pretrain,dqMj51Ea1K8,00009,0,pretrain,Xe2nlti47kA,00018,-0.415702211401932,12.48
train,pretrain,wDkH7Qpu6V4,00004,0,pretrain,HQzXqjT0w3k,00040,5.876103715126845,3.84
train,trainval,fVLJU45SnLY,50007,0,pretrain,EZwxKPv1CwA,00022,-2.180997517748347,4.224
train,trainval,AR6RiSHN7S0,50011,0,pretrain,1o9NEtA2IEQ,00008,-8.901300821738399,2.688
train,pretrain,BSxI3YxAPW4,00013,0,pretrain,F17SKiAZOxg,00013,8.513790110676396,8.896
train,pretrain,3ELnyoso6vI,00014,0,pretrain,Urk3xn7l3AM,00018,-9.508487018943423,4.48
train,trainval,8meWY0W40OA,50008,0,trainval,zuAj2F54bdo,50006,2.5449539288166445,3.328
train,pretrain,Oj8eFu72Sfc,00009,0,trainval,UxLRv0FEndM,50011,-6.470977459402711,4.928
train,pretrain,mWp4Sp8GTgI,00006,0,pretrain,ok54sSWquT4,00018,5.683554814485515,7.936
train,pretrain,Wai4ub90stQ,00020,0,trainval,fgfQLTIhi1U,50009,-4.47883342842724,6.144
train,trainval,J6oMG7u9HGE,50069,0,pretrain,MnT1xgZgkpk,00009,-5.1545551613076785,5.568
train,pretrain,8sQ2p89P0Us,00025,0,pretrain,XRWTyUVh0BQ,00032,5.477192055581028,6.4
train,pretrain,CypPMzZinys,00006,0,pretrain,O4Og5tFNiaU,00012,6.389492544941604,3.456
train,pretrain,CPVjktgYKo4,00010,0,trainval,5YL3LT1ZvOM,50001,-8.62929534360951,4.16
train,trainval,d38LKbYfWrs,50002,0,pretrain,SryJK294Psw,00036,-0.1557260661996125,2.56
train,pretrain,c2tOp7OxyQ8,00024,0,pretrain,c0H1zU2ytxA,00006,-8.305425184651718,10.88
train,pretrain,cf3zxHuSM2Y,00050,0,pretrain,TXaXvrd3jS4,00015,-8.618566176687107,7.936
train,pretrain,nzj7Wg4DAbs,00014,0,pretrain,Sid0oc0w3mQ,00011,7.014484455442339,10.048
train,pretrain,jPyR3UDhOm4,00006,0,pretrain,B1dkma6GRZo,00019,-4.515330466279881,7.424
train,pretrain,fbAj9JfCXng,00005,0,pretrain,Qzmt2wQMhYo,00012,-8.088173461774817,3.52
train,trainval,be03wdS5Klc,50001,0,pretrain,dJEwC4wCM70,00039,8.868385275178781,2.56
train,pretrain,pMYYxSim5QI,00018,0,trainval,VynSxLrtZaY,50004,-8.866153221305924,3.264
train,pretrain,oJfFMoAgbv8,00005,0,pretrain,IaWeJ8V3pg4,00016,7.638353458427115,10.816
train,pretrain,3LzX36sShcs,00028,0,pretrain,tSK6bn9sc50,00014,-9.970453227051072,4.608
train,pretrain,X55qpYxwoO4,00030,0,pretrain,o9DNWK6WfQw,00038,-3.5513332267986915,8.768
train,trainval,59SRn1SkWAA,50021,0,trainval,AHcTWlxWzpE,50001,0.2705961245189954,2.368
train,pretrain,o08ykAqLOxk,00007,0,pretrain,w1TBZhdSsN0,00007,-1.349737793406394,5.248
train,trainval,om6SewSRwtU,50049,0,pretrain,lwcvhh4pLjE,00066,-6.237863746507095,6.208
train,pretrain,BDOSUiEh0eY,00003,0,pretrain,r92jUj7gNRw,00024,-1.5148329684473456,6.656
train,pretrain,WiGZGBowXQg,00014,0,pretrain,ok54sSWquT4,00017,0.09264051969148568,2.432
train,pretrain,g2J6YOiLNr4,00030,0,trainval,3PQrElyu9HY,50017,4.129193926054171,6.08
train,pretrain,dk60sYrU2RU,00036,0,trainval,eqDgt12m26c,50017,4.410948325873276,3.008
train,pretrain,y9KeyKVuLHU,00026,0,pretrain,SAm3gtFB8xU,00001,-3.357716491319511,4.16
train,pretrain,1G0MzlfMPuM,00013,0,trainval,1U2qMRGihGg,50002,-3.200055818019938,2.24
train,pretrain,uDIyxxayNig,00019,0,pretrain,tjkrKA1cVdU,00014,5.6304230089617455,5.12
train,pretrain,wD3S6JIUF7M,00015,0,pretrain,VMwjscSCcf0,00019,-0.6328423508034184,7.168
train,pretrain,hPsUXhXgWmI,00009,0,pretrain,YuEm03Ko0J8,00019,-9.77360169214001,4.608
train,pretrain,qzwCujeSSSc,00016,0,pretrain,CZNrOzgNWf4,00010,-5.553352208289757,8.96
train,trainval,OyahH2o9AAk,50011,0,trainval,BPMrcY9z0nM,50031,2.9118471707606055,5.376
train,pretrain,NwmGTM5Py8Y,00029,0,pretrain,c6mhFgAjqwA,00019,5.220783363192217,5.568
train,trainval,iueVZJVEmEs,50005,0,trainval,O9Hfqc3trhw,50028,7.883050079249372,3.584
train,pretrain,ErexJkoDhGI,00024,0,pretrain,eH5qxw6Pd1c,00009,3.4666354070317684,6.144
train,pretrain,Jv5tn4MPJV4,00015,0,pretrain,H03o2WCBoDU,00004,4.3527854717323144,14.464
train,pretrain,QPiaadMporw,00017,0,pretrain,VC3H1lMEeS4,00004,-8.52306036287202,12.096
train,trainval,P4pKrxVcvJc,50006,0,trainval,ixsridS3qVs,50006,-0.8701482287629343,2.816
train,pretrain,aQ8T4sySLxw,00019,0,pretrain,uYyvbgINZkQ,00032,-5.317227609199655,5.248
train,pretrain,M9pPgIraoOM,00004,0,pretrain,FD5ZKiSmoMU,00071,-1.3930496232080873,3.52
train,pretrain,mPCDOij0bB0,00001,0,pretrain,ZIhFcjcc568,00005,-3.5543033187825035,6.848
train,pretrain,a7whovUoYu4,00003,0,pretrain,zSWppsceZ1c,00018,0.8738927509236376,7.936
train,pretrain,NIjjaFCADSE,00020,0,pretrain,hPsUXhXgWmI,00040,8.688617831441025,3.776
train,pretrain,XbgdpsXDU2o,00003,0,pretrain,jNSOh4xILSc,00025,6.397839453310077,6.528
train,pretrain,FpHPVrsEkYY,00031,0,pretrain,Kqm9AEvJgxU,00015,2.5012249246159595,6.016
train,pretrain,oIGBBPspTKM,00077,0,pretrain,SQe8cR4Jl10,00003,1.2499418744912951,6.336
train,pretrain,uVAaZVz9pDs,00062,0,pretrain,eQdFkSSgHYo,00023,-6.569895279762969,4.032
train,trainval,PY9DcIMGxMs,50019,0,pretrain,9OECsmMont4,00029,-1.0303473649025268,2.56
train,pretrain,3KmaFiKvGSM,00010,0,pretrain,n8eyF4UWG38,00028,9.537994810551378,7.552
train,pretrain,2L1R7OtJhWs,00016,0,pretrain,gSUvy6pvLA4,00022,3.7371445617711174,7.936
train,pretrain,fCKNScHMBGE,00044,0,pretrain,KNXOVpN8Wgg,00011,-9.28202438137771,4.416
train,pretrain,lrYx7HaUlMY,00023,0,pretrain,OSz2v42F0E0,00030,5.172177061035537,10.56
train,pretrain,4ShLkgv6LSk,00019,0,trainval,WvvuLDX7iIk,50002,-8.752338201539601,4.16
train,pretrain,1sE96vd8W40,00021,0,pretrain,EvEj5zAJriw,00022,7.817765501416641,6.72
train,pretrain,HBUoaf8vwJ4,00006,0,pretrain,ce31WjiVcY0,00001,8.143239270684578,8.192
train,pretrain,Mlt6kaNjoeI,00013,0,pretrain,LJhklPJz9U8,00042,6.2432584855604,11.648
train,pretrain,TKOKD69jUA0,00007,0,pretrain,vPhM8lxibSU,00005,-3.4872373145770847,9.216
train,pretrain,73rUjrow5pI,00027,0,pretrain,sE3gxX5CiW0,00023,5.71559312773806,9.088
train,trainval,yVwAodrjZMY,50007,0,pretrain,YZa4sdIwV04,00025,7.024420577426142,2.112
train,trainval,ZJPdJuhI03U,50004,0,pretrain,lVQ3KUTHDe0,00031,-4.390524100883287,5.056
train,pretrain,BMOjVYgYaG8,00020,0,pretrain,hLltkCSG5dY,00003,-4.078514370714483,6.848
train,pretrain,5tzEpqDtaPE,00007,0,pretrain,Ysxz5Ug70G0,00020,-4.221166642748422,5.312
train,pretrain,QbxinUJcLGg,00006,0,trainval,qSTStSwyBWc,50004,-0.7735991822842685,3.136
train,pretrain,69U0QWeZy0g,00001,0,pretrain,mJxA8eIWQUc,00065,4.970131700893658,5.184
train,trainval,gh5VhaicC6g,50048,0,pretrain,1X7fZoDs9KU,00003,3.8814005053054466,2.432
train,pretrain,H3ddtbeduoo,00012,0,pretrain,Tu01sNfs5SQ,00023,2.130646556863873,5.248
train,pretrain,btlF4ZSAoFc,00001,0,trainval,C9mareySEAM,50004,-3.0448664636470424,4.544
train,pretrain,eLz9TvxGoKs,00015,0,pretrain,2zvjW9arAZ0,00009,2.1052117452902444,7.04
train,pretrain,fVLJU45SnLY,00007,0,pretrain,7FecGsXFgcQ,00016,1.3738243369084095,4.992
train,pretrain,nccPghNJjBQ,00016,0,pretrain,F1U26PLiXjM,00019,-5.793603998378421,5.504
train,pretrain,j7c9b9A2AHc,00045,0,pretrain,bIiXsBVTfHc,00005,2.1158801686032636,5.888
train,pretrain,adijpJHdWIU,00002,0,pretrain,xx310zM3tLs,00013,-7.011188093706393,5.376
train,pretrain,3lxyiS3CGrk,00014,0,pretrain,AQcUeQsljSs,00011,-0.018006037757148263,7.36
train,pretrain,a2MR5XbJtXU,00007,0,pretrain,WWloIAQpMcQ,00020,-3.050473424751104,8.064
train,pretrain,Tu01sNfs5SQ,00003,0,pretrain,9vKRj9yV8pI,00008,5.984847577025548,4.928
train,pretrain,AAkEYcmCCCk,00011,0,pretrain,Kp13yOhLEbU,00008,-6.583935005248316,3.968
train,pretrain,aSGIZBmGOsU,00004,0,pretrain,DG7kSeazMQ4,00058,5.744984536847388,11.712
train,trainval,KabSmpUSYVM,50002,0,pretrain,YPLGuwXomYQ,00013,-7.058755095539611,6.144
train,pretrain,LWULB9Aoopc,00014,0,trainval,SasMjDCSyR4,50001,6.823109708397553,5.76
train,pretrain,cj5LZBmiQu4,00032,0,pretrain,x5LshSZn5RA,00020,-0.2876742846507412,11.648
train,pretrain,ASQpKiUSNHo,00041,0,pretrain,aUBawr1hUwo,00003,0.840120469135254,4.096
train,pretrain,VRhjc3dJtOo,00008,0,trainval,iCvmsMzlF7o,50028,-1.6491758483973395,2.176
train,pretrain,9qd36SQPxSY,00005,0,trainval,SjaWs87t5UM,50002,-7.228359803521965,5.12
train,pretrain,A3yBxsDv8lM,00016,0,pretrain,D9xJl4S6NsM,00001,-9.35835610120147,15.488
train,trainval,z4eSa6GXEsE,50004,0,pretrain,8iZSsHd0IlU,00002,-5.990383939058228,2.496
train,pretrain,mk3KSVrveSE,00007,0,pretrain,4FBFvWc7zf0,00007,6.568892998480017,7.232
train,pretrain,vNyZmSg92HI,00035,0,pretrain,JolJi3uLMOM,00002,-1.002534066635567,4.736
train,trainval,pY6ulSP70HY,50021,0,pretrain,gypAjPp6eps,00011,5.641382983561819,2.24
train,pretrain,T8VS0LUCgmk,00005,0,pretrain,JQ0iMulicgg,00012,3.31213735603421,6.656
train,pretrain,JD4O7ama3o8,00053,0,pretrain,JSuTsrxfYWQ,00018,1.3420464565413237,6.848
train,pretrain,6bVhrpkp0WU,00036,0,pretrain,VFaQtPw3Va4,00032,9.956194966410152,3.648
train,pretrain,SU1foLW8h54,00024,0,trainval,Mgbf3cq7lms,50057,-7.958448837121342,3.968
train,pretrain,dnMeyvtJpsk,00004,0,pretrain,ofjRnIpXBF0,00008,6.004105246626942,12.288
train,pretrain,g9M3HIjHuq0,00020,0,pretrain,E5BOBs3Nmbw,00020,-1.1265881366462622,9.728
train,pretrain,sBaiRpIpPKQ,00025,0,trainval,f6CILJA110Y,50016,-2.111553408025701,3.968
train,trainval,7shXEFuxHAA,50001,0,pretrain,nDIdnlJHJCQ,00005,-1.3812776069666732,2.496
train,pretrain,6EghiYSs2ts,00033,0,trainval,9P73k8m3Ytw,50007,0.9492009133231463,5.76
train,trainval,QpmsftF2We4,50007,0,pretrain,MLKj1puoWCg,00008,-9.012096233242474,6.208
train,pretrain,MDL85fzdc1g,00030,0,trainval,A71OktxTPac,50009,-3.6502917999652906,5.76
train,pretrain,KOIsqRgJ3XM,00018,0,pretrain,EDLWWP8N6MU,00013,2.6912727206434646,13.12
train,trainval,nO69NjadSec,50010,0,pretrain,xAXUqSQc8DI,00023,4.646898889034263,5.952
train,trainval,BoRUrWcdkQ4,50031,0,pretrain,3LmjSv8N8hE,00004,6.690074197739801,5.44
train,pretrain,J9PgY1mbPgM,00020,0,trainval,d5wfMNNr3ak,50020,-1.392628595630331,3.264
train,trainval,fIw07IX6rG8,50004,0,pretrain,MwzqSswl4cI,00032,3.1327872043693077,5.504
train,pretrain,68c2M4r9oQg,00017,0,pretrain,ezVk1ahRF78,00010,6.214066066707467,4.416
train,pretrain,VGpZ06RlVfI,00018,0,pretrain,scITIoJvMJ0,00002,-0.7062338303307278,4.096
train,trainval,qty0NjF3pdQ,50003,0,pretrain,RKmxL8VYy0M,00016,-6.047657490864193,6.208
train,pretrain,Tmk7nAvpMXQ,00010,0,pretrain,pbSSrJGgVIo,00035,-6.94043710243013,4.864
train,pretrain,7CmqNpCofc8,00010,0,pretrain,k7djE1X16og,00007,2.2715772806290104,11.52
train,pretrain,h4GEMYsrJSY,00003,0,pretrain,tvos4nORfSY,00021,1.4915406607194388,12.352
train,pretrain,NPSelwWdPa0,00009,0,pretrain,LlQXs0yofMs,00016,7.999263389645957,11.968
train,pretrain,ukS8T7p2WMQ,00005,0,pretrain,87vO1XhHuHI,00005,-8.428551820105028,9.728
train,pretrain,yJJtRWFLSgw,00031,0,pretrain,ZBrbHy7l3tg,00028,-4.880256230996702,4.736
train,pretrain,w1TBZhdSsN0,00015,0,trainval,SB9A3J70IPQ,50001,0.42914125631419786,5.632
train,pretrain,moS9iMlmsP0,00035,0,trainval,7KtAbgvGEvY,50005,4.009931796730971,3.584
train,trainval,om6SewSRwtU,50017,0,pretrain,UROCz70tlMY,00051,4.002623809491572,2.496
train,trainval,P6w7Eq7YhL8,50008,0,trainval,2BOTS9GAjc4,50004,-2.06404215975053,2.048
train,pretrain,axRSF7ku0Zg,00016,0,pretrain,S0hxl03JoA0,00011,-2.901439110552591,8.0
train,trainval,Rpsf1YJsbbI,50016,0,pretrain,ww4kNxYE0c4,00003,-8.651855862757023,4.352
train,pretrain,6XNrzmh0EVs,00019,0,pretrain,bEdvQjTGYP8,00026,6.089102592010381,9.216
train,pretrain,wQ0NNmo42SA,00014,0,pretrain,LCuAu67OCDk,00003,-3.172383396560421,11.648
train,pretrain,GwRzjFQaSOg,00018,0,pretrain,5MgBikgcWnY,00008,-0.2695553652795919,8.576
train,pretrain,QOSPNVunyFQ,00038,0,pretrain,tX6YpAf6Sco,00007,4.826010856091379,4.16
train,pretrain,m2SLpM5uL5g,00014,0,pretrain,JC7WnzM2Lsc,00013,-4.157336288256348,7.488
train,pretrain,6yR5OUVb2gY,00001,0,pretrain,lQDxasFKQCA,00016,6.2258703256441414,3.2
train,pretrain,l5ZJ6bK1EIc,00015,0,pretrain,LKAhTELkOV8,00033,7.372858547206469,8.32
train,trainval,uHRG3Vr9qyI,50048,0,pretrain,oZ2eT76Sb4I,00001,-3.7866755969694204,3.84
train,pretrain,PFVP8L3SlfQ,00003,0,pretrain,C9mareySEAM,00033,3.8419625004358604,17.856
train,pretrain,h7u6NScSWtY,00002,0,pretrain,5ftklsHZ4cU,00004,6.661006263714999,4.8
train,pretrain,hoF4FHCbHwU,00003,0,pretrain,8cwWSS29faQ,00004,1.5679974347916126,3.712
train,pretrain,d5wfMNNr3ak,00005,0,trainval,5ftklsHZ4cU,50002,-5.803998108687587,2.176
train,pretrain,XzDNfLnUOYY,00031,0,pretrain,t9c7aheZxls,00032,-2.8703021775986404,6.208
train,pretrain,A7ktYbVwr90,00028,0,pretrain,wQ0NNmo42SA,00019,4.463372550187238,16.064
train,pretrain,CEN4XNth61o,00050,0,pretrain,GS1xL1qcBa4,00023,6.454205070169074,5.12
train,pretrain,NdKEy6vcCMw,00042,0,pretrain,ZCRC5S0kfiw,00006,2.3827151409391334,6.72
train,pretrain,UJ7QaCFbizo,00014,0,pretrain,o4Nno6POrwE,00035,-5.081245020929099,3.84
train,pretrain,LSdPxGLesE4,00030,0,pretrain,LBvHI1awWaI,00038,-2.786549597769403,3.52
train,pretrain,LhjsRjC6B8U,00008,0,pretrain,w7T7KSNJ8m0,00006,-9.676908259476647,23.616
train,pretrain,vJ66jv8ICjc,00013,0,pretrain,K6YCcsDQX4w,00008,-3.055592293473288,16.96
train,pretrain,xfDUGqGPSfo,00010,0,pretrain,deT1mILtFEY,00023,9.153101510478024,2.816
train,pretrain,x8QxdldkPNM,00016,0,pretrain,QvSZ1MtaXME,00011,-6.85415632836103,25.92
train,pretrain,1PV7HyS8fhA,00014,0,trainval,RBElFl1aLtI,50010,4.269610371673004,5.696
train,pretrain,F8R7S4AoGhs,00004,0,pretrain,maMU4XZYdtQ,00004,-9.160868255453067,7.232
train,pretrain,gBkIyJ7kfSI,00053,0,pretrain,J6tgYBMXR6s,00001,-2.6863857343688107,4.8
train,pretrain,8S6S5vZGSSk,00011,0,pretrain,zmDENxTPn8Q,00029,1.3358163746169502,8.64
train,pretrain,ZmSF9gVz9pg,00033,0,pretrain,2MYsx6WArKY,00020,7.987638903920626,14.592
train,pretrain,1CdmpHLSZRU,00018,0,trainval,zaufonUBjoQ,50003,1.8649130272651409,3.072
train,pretrain,FcecqQkyKoM,00013,0,pretrain,6k8YBJ5sgko,00032,-9.203629998112852,10.752
train,pretrain,J3Zsj4LfsSo,00009,0,pretrain,y7A4dZIyI0g,00032,-2.8735096341996353,8.128
train,pretrain,e8JK3qVGuUg,00003,0,pretrain,2SEv4rU27HY,00001,-7.627850603006754,6.528
train,pretrain,TBIL2sdfoVc,00016,0,pretrain,xAgawjzimjc,00020,9.465824870774643,6.72
train,pretrain,k3zZVQPaKKQ,00004,0,trainval,1YO1FmVAPrA,50013,-4.310497734532383,5.12
train,trainval,CZNrOzgNWf4,50001,0,trainval,8jkri0AeZWQ,50007,8.838115882046228,3.968
train,pretrain,k8OgHJ4WXR0,00018,0,pretrain,enW2OUGzqtQ,00009,3.0605416963256573,4.288
train,pretrain,VoCOzuWOgSY,00015,0,pretrain,eDFrlV106iM,00009,-8.192738944228239,4.16
train,pretrain,0zbHnOcGbrw,00025,0,pretrain,nQcgD5DpVlQ,00020,-7.904941550517536,8.0
train,pretrain,S6BLFdBfgfU,00023,0,pretrain,HTf7Ziklcms,00039,2.2928126968221996,9.984
train,pretrain,7CIq4mtiamY,00012,0,pretrain,PvT9tD3NZvo,00019,2.112883915377603,3.456
train,pretrain,k4vzhweOefs,00057,0,pretrain,R1vskiVDwl4,00003,-1.185880112245659,6.464
train,pretrain,r92jUj7gNRw,00029,0,pretrain,svIPBU31d0c,00008,5.7067231397960185,8.0
train,pretrain,CwpvSWtUP3o,00008,0,trainval,v3SZTqj2Skw,50024,-9.14417820341914,6.208
train,pretrain,4O2JKS94g3Y,00001,0,pretrain,IDSSieLCmS4,00043,-6.1326825432995165,9.728
train,pretrain,ISSupr6ayqw,00016,0,trainval,mi9B40hZYAo,50006,5.813835938000869,3.52
train,trainval,c8re1U9rCo4,50008,0,pretrain,p2MEGk5q1WI,00064,9.82456665468494,5.696
train,pretrain,YkzwHuf6C2U,00026,0,pretrain,2OH1xSaKSmI,00007,-7.486153231239808,5.568
train,pretrain,PzSw6OsEP9Q,00021,0,pretrain,b9jb9UjCpik,00001,2.8847180646730557,3.968
train,trainval,twWkGt33XSk,50001,0,pretrain,b1sQZxrBMXk,00013,7.399957848877335,5.568
train,pretrain,yTR4sADS4qM,00011,0,pretrain,Xl6wxnnSStI,00006,1.6147735647548132,18.56
train,pretrain,nFSdHdNOgSA,00013,0,pretrain,KaiwGb0csas,00004,9.806139015207158,7.296
train,pretrain,GigYWy2UmOY,00011,0,pretrain,PSggxpMY9q0,00007,8.31585171362891,3.776
train,pretrain,MywGrRvNkWQ,00023,0,pretrain,Oj8eFu72Sfc,00022,-9.099413741868613,6.4
train,pretrain,zvvZEIGNLo0,00030,0,pretrain,1NG7FoC5XRo,00009,-7.752527391804554,12.8
train,pretrain,2m9kC1yRnLQ,00028,0,pretrain,FqSVvAxDBRY,00007,-4.864229637001314,12.992
train,pretrain,p2MEGk5q1WI,00026,0,pretrain,20DZsCdCuOg,00014,-4.752042385470023,11.008
train,pretrain,j97WsAz3CDY,00008,0,trainval,PB7xs7UpIfY,50006,-9.066961267118739,5.76
train,pretrain,MUOSpWJ0riQ,00002,0,pretrain,J9SXc9wxByM,00007,4.604731492776272,5.696
train,pretrain,zStF2WEZMSs,00017,0,pretrain,DZT6YpCsapg,00048,1.99396126662643,5.888
train,trainval,4GKTEDqbQIw,50019,0,pretrain,IwWuLSwSMvI,00009,3.2323034137839635,5.76
train,pretrain,NWUFjb8w9Ps,00002,0,pretrain,MJKSdMlATmM,00020,9.168469728647501,10.688
train,pretrain,VfKWd7iXMSo,00011,0,pretrain,IWjzT2l5C34,00025,3.031518588104017,10.944
train,pretrain,ohGMgSLJCjs,00028,0,pretrain,gXlIASSrI4E,00016,6.657505073125485,6.08
train,pretrain,xlggecnjOY0,00020,0,pretrain,mMDuakmEEV4,00008,-7.459999338794168,4.928
train,pretrain,2g9GedPylM8,00001,0,pretrain,aqVSMjKliW0,00002,-2.9841727679461822,4.288
train,pretrain,exjlR7izakg,00019,0,pretrain,EjSuaeVfE9I,00001,-0.8251339460978873,5.632
train,pretrain,tbvUCrS5S5I,00028,0,pretrain,KkyzYjPuxK8,00030,-5.173285147272582,6.528
train,pretrain,EZwxKPv1CwA,00060,0,trainval,WSsjBMSWSYE,50013,-2.1783670703009994,3.968
train,pretrain,dgYItsUBW1M,00030,0,pretrain,9fyjlxizLFI,00015,6.199679581032388,3.648
train,trainval,zSbCNWyYams,50003,0,pretrain,1sgb2cUqFiY,00020,8.587558342097832,4.864
train,pretrain,aiIxdFBA0Sw,00026,0,pretrain,4bHO8NZwmIg,00019,7.882917057023171,6.208
train,pretrain,MSX0uwAG2Jc,00019,0,pretrain,RBElFl1aLtI,00008,-4.958599097999555,4.608
train,pretrain,tV2RLLtOgL4,00023,0,pretrain,VB9S4kELT2k,00017,-2.5434406414257875,5.248
train,trainval,tRjqFPwcJgY,50003,0,pretrain,30e60EOO5mo,00009,-1.3682684553706626,5.44
train,pretrain,t1sYh9itUvs,00004,0,pretrain,vWJwa7lntTs,00005,4.826562141685233,4.096
train,pretrain,Xe2nlti47kA,00007,0,pretrain,erPzuw7OXsk,00002,6.154394020264672,11.2
train,pretrain,j51HsRILGKI,00042,0,pretrain,OmMv9tShW8k,00034,-9.512602316388488,2.56
train,trainval,qP2W2k3L1Ow,50021,0,pretrain,RtFFT4zjyTM,00024,0.7719691972110443,3.648
train,pretrain,ldhppc7GmZg,00004,0,pretrain,fmS0sTNcDIo,00008,0.20087180192635756,3.776
train,pretrain,m45SshJqOP4,00016,0,pretrain,MPMr5jPwA7I,00006,8.815183278197441,10.624
train,pretrain,eHzLV1LM4Rs,00001,0,pretrain,7SrGFfZMJ6Q,00008,-1.5936553888232154,8.32
train,pretrain,6EghiYSs2ts,00034,0,pretrain,fJ36gCwKVec,00013,4.940770228813731,4.352
train,trainval,JC7WnzM2Lsc,50003,0,trainval,2zvjW9arAZ0,50005,4.608827944436385,2.624
train,trainval,kmflTZnRuZI,50018,0,pretrain,rRepnhXq33s,00003,-8.438336376288216,3.2
train,trainval,IXBalykzauE,50015,0,pretrain,57FMau29OSg,00017,-1.302052402594052,2.624
train,trainval,V1xt7zgnuK0,50002,0,pretrain,Aqc2SgiOVr8,00007,4.82181415785182,5.504
train,pretrain,UuXeY3S2emA,00010,0,pretrain,Fc1yN6uxZfQ,00016,3.6950964342481623,10.304
train,trainval,0S3YDofSvGs,50001,0,trainval,nxRRqLpWi6Q,50018,-8.458702612959963,5.952
train,trainval,sAUIAChAmc4,50004,0,pretrain,CXvUdCdKTJY,00029,4.869059560891998,4.608
train,pretrain,1sgb2cUqFiY,00002,0,pretrain,mmhedbY8wjU,00023,-4.852868824365952,8.256
train,pretrain,415VX3QX4cU,00010,0,pretrain,uPE0G00XFV0,00021,1.562712616949229,4.8
train,pretrain,0HEXx3SP8kk,00002,0,pretrain,WXOd4qh3JKk,00022,-1.808574462513457,3.52
train,pretrain,4SIWhJvu0jU,00022,0,pretrain,NRXCxJGQ4KY,00033,-3.606511328635193,12.224
train,pretrain,o3oDpCb7VqI,00008,0,pretrain,uRdQS2sjF2s,00033,-4.1385033246268925,8.384
train,pretrain,rkKDvGA2UU0,00005,0,pretrain,fDzj9vRw5yM,00010,5.695434569202824,6.656
train,pretrain,m2SLpM5uL5g,00003,0,pretrain,jT5rRh9AZf4,00025,0.5347958930798153,3.968
train,pretrain,jUIfiLplNqQ,00017,0,pretrain,vhfcedpoCLo,00011,1.2199366136758094,5.888
train,pretrain,ASQpKiUSNHo,00044,0,pretrain,xWVWhSvNLtU,00013,5.870108890828504,8.448
train,pretrain,fbeFn1Xcqo4,00030,0,trainval,2g9GedPylM8,50001,-1.4407379698255909,4.608
train,pretrain,DeUDQo1sYAw,00012,0,pretrain,rjECbQ1rSk0,00012,-9.238481803522355,5.568
train,pretrain,IfjI0tVUpbc,00028,0,pretrain,Kc0Kthyo0hU,00023,-7.72573782739615,4.352
train,trainval,4GKTEDqbQIw,50017,0,pretrain,R8Uz4snIkJ4,00006,-6.139824046306373,4.096
train,pretrain,H2vN2QXZGnc,00008,0,pretrain,wgPLGS1BvQo,00021,-7.020074636072864,11.52
train,pretrain,l92bqJNkIao,00007,0,pretrain,iF5SaDJOr6U,00007,-4.236584821919602,18.24
train,pretrain,ZzugJPASNB8,00016,0,pretrain,1Yz7Snu6pnI,00012,1.7802285445499937,15.744
train,pretrain,sW9sr2SZ5kk,00012,0,pretrain,3Z6x5t5A9so,00008,-3.881108625130942,7.296
train,pretrain,XAcARiiK5uY,00015,0,pretrain,txJGm6zhiBA,00006,-3.585912117170425,8.64
train,pretrain,wa7H1A81bdM,00010,0,pretrain,VLze6W7SvyY,00007,5.141122699276771,4.608
train,trainval,1KFUSfbcwfw,50003,0,trainval,LPwWYFOFTGU,50036,-9.253129032283539,3.008
train,pretrain,MNhCvM5pjfs,00006,0,pretrain,qdiF1fSGfyM,00007,-8.742591310124894,15.296
train,trainval,oXSyMUeAEec,50008,0,pretrain,wKIHuxe2fi0,00001,-3.434030644545059,4.864
train,pretrain,8QuAokSXiyg,00035,0,trainval,BgbD67U0BAQ,50002,-8.604001925005777,3.2
train,pretrain,jDfeDOWiw3g,00007,0,pretrain,wmE8dQcZgB4,00040,7.492285384826399,3.904
train,pretrain,7CIq4mtiamY,00028,0,pretrain,fmS0sTNcDIo,00018,-1.8833490513471123,5.248
train,pretrain,BA8XOF6IpXA,00039,0,pretrain,7VRzn8hc5mc,00021,-8.041885637582272,4.352
train,pretrain,BxFvxKaSmWo,00001,0,pretrain,pPgd7Hj3ABQ,00043,-4.750179340272112,8.768
train,pretrain,mT4Qbp89nIQ,00010,0,trainval,y8qc8Aa3weE,50001,6.88579584680771,3.264
train,pretrain,A47JaOMDH4c,00003,0,trainval,2dRlssVF7fc,50003,-6.080830657569052,5.76
train,pretrain,ydKcaIE6O1k,00001,0,pretrain,S1VpOweDio8,00001,1.9821602029211007,3.008
train,pretrain,3yfFwDq4R5M,00008,0,trainval,utmiqwS2XBQ,50004,-3.095831145560039,4.16
train,pretrain,rpOwTspdwkI,00018,0,pretrain,jzfV2xVsUKc,00008,-9.077525760379736,4.096
train,pretrain,LBvHI1awWaI,00024,0,pretrain,S8bJ3YlgL1Q,00005,2.6247854539557576,6.016
train,pretrain,4GKTEDqbQIw,00007,0,pretrain,fv8KpQY0m6o,00010,7.538114194265518,16.768
train,pretrain,LTtTfCwkIW0,00011,0,pretrain,qykDS2AXKIU,00017,8.480588520791336,4.096
train,trainval,HALd9FY5SVQ,50015,0,pretrain,3lxyiS3CGrk,00002,-0.5741670803300796,4.288
train,pretrain,RbNqU2K0qzo,00008,0,pretrain,Gj2pWl1vjCY,00023,0.3044137024408311,7.36
train,trainval,I9weytKalQQ,50004,0,pretrain,okQXrB7ySAw,00063,-8.89900339018456,5.824
train,pretrain,pbotabqHUys,00003,0,pretrain,MvojSku8zk0,00009,7.626672453130375,4.16
train,pretrain,SJ5bDhMP9lQ,00029,0,pretrain,hfDkDzZ9GsU,00024,-1.2978133382817134,4.48
train,pretrain,PB7xs7UpIfY,00009,0,trainval,yr6khSQOk0s,50002,7.215623406789462,5.952
train,pretrain,2Pp9ONyxBr8,00002,0,pretrain,YMyofREc5Jk,00014,-9.80241746960612,7.488
train,pretrain,jodhovumkHQ,00005,0,pretrain,C8pNGaSIFoU,00005,-2.7527276574357584,3.136
train,pretrain,ISSupr6ayqw,00002,0,pretrain,ruvWiXowiZ8,00009,4.380464780937629,3.904
train,pretrain,ay8OMOsf6AQ,00039,0,pretrain,zeSVMG4GkeQ,00026,-7.115690896704772,4.096
train,pretrain,pk35J2u8KqY,00001,0,pretrain,VLe84OkwKOA,00032,0.30817024840861684,4.544
train,pretrain,tH5iEf9oxaI,00024,0,pretrain,z5ncIwCZDGU,00009,-8.058570262063832,7.296
train,trainval,nncYSMA1Iu8,50001,0,pretrain,4O2JKS94g3Y,00006,-1.44498795617225,4.16
train,pretrain,MoSmgcxGYYE,00055,0,trainval,UpkAqPEcMyE,50007,-0.15913106029959145,6.208
train,pretrain,sAQfzHBpRsc,00010,0,pretrain,a19lSbFPRqY,00008,2.760830770027681,3.84
train,pretrain,KTvSfeCRxe8,00065,0,pretrain,cSrWtqConY8,00010,-8.937066559752928,6.08
train,pretrain,pkGAMb5sYvg,00024,0,pretrain,0g2WE1qXiKM,00024,-4.977878073159259,3.776
train,pretrain,uUDu8jQ6qHo,00001,0,pretrain,4l3Kj3hVSVY,00007,-2.500390159442796,7.104
train,trainval,lYdk1NK9Sr0,50006,0,trainval,G8cjIBwP52o,50002,7.348271844452569,2.24
train,pretrain,VASXSkawBiY,00001,0,pretrain,30e60EOO5mo,00005,8.175632343188912,6.528
train,pretrain,KTvSfeCRxe8,00008,0,pretrain,a17Z5Sk2XJY,00021,6.010947239359496,6.08
train,trainval,tFX68SJs2S0,50001,0,pretrain,1EIQ6nSSXxk,00010,-8.241839643435258,5.376
train,pretrain,wZ2TF8SPGQ4,00026,0,trainval,aZWxtQ19JsE,50001,7.363316576179059,2.048
train,pretrain,PvT9tD3NZvo,00017,0,pretrain,5vXRgT6egSU,00015,0.5487632761664223,5.504
train,pretrain,qMppKiqMpAk,00029,0,pretrain,1N6e0DnGq38,00007,6.288180055232463,6.016
train,pretrain,zkQL7UJYDIY,00025,0,pretrain,DajRM7VyeZ4,00002,5.214359108420734,4.096
train,trainval,UUqr4P7P3gM,50009,0,pretrain,59SRn1SkWAA,00073,-1.7420611355071927,5.696
train,pretrain,yJJtRWFLSgw,00053,0,pretrain,vcfrsYWFR78,00016,9.911246224665188,4.416
train,trainval,Vqm8fXFFHyY,50006,0,pretrain,hha0NsYXS5c,00003,8.587634984005007,5.376
train,pretrain,lGbuCmuTJHg,00022,0,pretrain,cC0KxNeLp1E,00009,-7.0340166633049,6.528
train,trainval,om6SewSRwtU,50002,0,pretrain,S2OzLREwHtI,00008,-5.82347678399225,6.08
train,pretrain,0NV1KdWRHck,00030,0,pretrain,ddek3gQVt9Y,00031,-0.5715344451436781,4.288
train,pretrain,C6mNITMY7e0,00001,0,pretrain,5iqZzi9mj4M,00028,-5.177438895903325,2.816
train,pretrain,X98Fbe0Ccis,00015,0,trainval,ktOeFgmdIAo,50019,2.1007101347077857,4.992
train,pretrain,V4Xw76SsHOM,00008,0,pretrain,NhmybGS7FLA,00016,-0.7200894729441423,10.688
train,pretrain,3F2jACWwKdU,00001,0,pretrain,1sgb2cUqFiY,00016,-0.6013471959682377,31.104
train,pretrain,VFaQtPw3Va4,00001,0,pretrain,gS3iLapiTCw,00016,-6.0848631530580715,3.52
train,pretrain,rQSSSLRpsVs,00014,0,pretrain,oLomVgNbNV8,00003,-7.8429774714063,7.488
train,pretrain,IRVdiHu1VCc,00028,0,pretrain,GW02Vo641dU,00001,-2.5856281893158357,4.736
train,pretrain,2zvjW9arAZ0,00018,0,pretrain,SxMWqUe8FdU,00011,-3.9629301935207684,4.8
train,trainval,3f6xCzKx9CA,50017,0,pretrain,zkQL7UJYDIY,00015,3.3434426844861047,6.08
train,pretrain,rufeSSlZJg8,00030,0,pretrain,EaYS6muHSSI,00005,0.47320006697304073,4.416
train,trainval,SrqmuYvk3iQ,50002,0,pretrain,tRqVPRwKn2o,00044,6.6901689645374525,5.056
train,pretrain,lV3trdyDdHE,00030,0,pretrain,gBkIyJ7kfSI,00014,-3.542409901322497,6.912
train,pretrain,5QGApheKRc0,00015,0,pretrain,wxCtIdI3xL0,00018,9.132147460473178,8.64
train,pretrain,lQflBowgVB4,00009,0,trainval,XZiNVGA78kA,50005,-5.0444987204663105,6.208
train,pretrain,d25l1aPz2kc,00008,0,pretrain,whjLZogf9e0,00003,-3.4588126240876367,7.744
train,pretrain,KTvSfeCRxe8,00064,0,pretrain,H1fvr9rGgSg,00062,9.09325502083274,4.544
train,pretrain,Fc1yN6uxZfQ,00025,0,pretrain,HonUUtuCSwM,00033,0.3652814328448848,7.744
train,pretrain,31iuh9pfFwg,00011,0,pretrain,COwSbfCgXBw,00026,-1.5371121736708702,5.376
train,trainval,hscdmpKGqrQ,50009,0,pretrain,uH0aihGWB8U,00002,-6.334703100346477,3.008
train,trainval,A9kQBAH1nK4,50007,0,pretrain,Er9bh94f1w0,00025,-4.3861086563113965,4.096
train,pretrain,k5tCYg9s0HU,00041,0,pretrain,0sYguTPLpHE,00016,-5.3075498038573095,5.44
train,pretrain,Aa2JfigaNcs,00004,0,pretrain,1gAQ82IHyZ8,00004,-3.3034793979416976,10.688
train,pretrain,zbHe4RpgV80,00025,0,pretrain,7sqeoYOQ4qg,00012,-3.2845953901656832,8.832
train,pretrain,1rTEOU67zCo,00025,0,pretrain,MoSmgcxGYYE,00059,-3.2843017946216424,2.816
train,pretrain,j3qs0q4RBHY,00005,0,pretrain,HQIi3nUXh0g,00016,-8.484313061002723,10.304
train,pretrain,lXNE4MD2X2w,00032,0,pretrain,GlUS6KE67Vs,00024,1.7450061540115342,25.6
train,pretrain,gF9PSRLjGGw,00015,0,trainval,HmHh8dn6MiA,50004,-3.3948133840476196,3.648
train,pretrain,nncPtxLCPrE,00008,0,pretrain,bJ8Kq1wucsk,00018,6.732964462947184,11.264
train,pretrain,DqCsQqy9MyU,00008,0,trainval,h0C2LPXaEW4,50026,9.335289179869818,4.16
train,pretrain,4a6ZRstYlgw,00016,0,pretrain,ok54sSWquT4,00027,-3.203544702620258,4.864
train,pretrain,Ep2MAx95m20,00020,0,pretrain,eosckjQ4mJ0,00004,-4.164385801417443,6.08
train,trainval,stBSQ6CagVo,50008,0,pretrain,PRsopS7yTG8,00012,-1.5718931411916728,5.696
train,pretrain,43e6eAAeGCs,00060,0,pretrain,gVLu99Ja2mA,00040,-9.838356851818169,7.488
train,pretrain,aSpHGbL5138,00006,0,pretrain,LnnyuVG0krs,00014,6.028861897655258,4.096
train,pretrain,3qXLZYXSJSI,00009,0,pretrain,AgMOJC5R4F8,00023,-5.646321034018866,4.544
train,pretrain,0S3YDofSvGs,00017,0,trainval,3NQZOXtc9uo,50001,6.444788671836314,2.816
train,pretrain,i1OAMgrsUUw,00005,0,trainval,v3SZTqj2Skw,50028,-8.967627442087592,6.016
train,pretrain,dwU8eavPInw,00065,0,pretrain,Cj04JUBXe2E,00003,-3.822438793353758,5.824
train,pretrain,P6w7Eq7YhL8,00032,0,trainval,jJMBwqhD9DE,50007,0.7663095536139135,6.016
train,trainval,z19gIaUmIBU,50002,0,pretrain,s9jsZPeqFCw,00017,4.560066391687263,3.136
train,pretrain,F17SKiAZOxg,00012,0,pretrain,bq39x2HWjNk,00030,-9.081039576321231,4.096
train,pretrain,cSsxBTNF2U8,00003,0,pretrain,l7FUP2iYNYw,00001,0.039366513259972535,9.6
train,pretrain,FESv2CgyJag,00005,0,pretrain,oIGBBPspTKM,00075,2.6316624774591,7.552
train,pretrain,40ieXxoJwZw,00011,0,pretrain,oGlsUYGMYks,00017,1.8828021658897107,3.584
train,pretrain,kyaiTGmwxnU,00022,0,pretrain,iCvmsMzlF7o,00032,2.974858599038704,4.608
train,pretrain,k3zZVQPaKKQ,00027,0,pretrain,mDSuP2BsVy4,00050,-5.1679378710414925,6.016
train,pretrain,7vsO7SHLJMI,00036,0,trainval,9XFeW9dgyIs,50001,1.415723877526469,2.176
train,pretrain,GSmaUPREKlU,00008,0,pretrain,lXNE4MD2X2w,00035,0.23507297766576407,12.032
train,pretrain,2Ikka0W3Wk8,00003,0,trainval,55n9pHSA0O8,50004,2.1431524401585236,3.456
train,pretrain,VynSxLrtZaY,00021,0,pretrain,M9pPgIraoOM,00001,5.259530552733484,4.224
train,trainval,moS9iMlmsP0,50002,0,pretrain,tlS3r8Gid90,00012,8.680823440612574,4.928
train,pretrain,iU1bhHeCkoU,00027,0,pretrain,9YR8jNtV4BE,00022,5.668238885872569,19.456
train,trainval,7DLzXAjscXk,50044,0,pretrain,YglyHzvBqpA,00008,-8.744069703121562,6.08
train,pretrain,R21MsHQA8vM,00016,0,pretrain,nOHbn8Q1fBM,00031,-0.8679572047036963,3.84
train,pretrain,cQ3PWXoYIoE,00017,0,pretrain,EluxCgnQVzg,00025,-1.162282178229166,14.464
train,trainval,UqyOedEHIrw,50008,0,pretrain,tSSNoFstCmQ,00023,2.9676250396096933,5.568
train,pretrain,6qTfX4U6CS0,00023,0,pretrain,aFDKHFsVRnY,00015,0.6720341469368094,26.176
train,pretrain,zuAj2F54bdo,00016,0,pretrain,yXTtHmj1sr0,00004,7.479156364477831,3.968
train,trainval,5aH2Ppjpcho,50007,0,pretrain,SsnWLZvRNZc,00007,-2.437363588234433,2.24
train,pretrain,mArrNRWQEso,00036,0,pretrain,SgYvy71CSSA,00036,-4.655401779548589,8.192
train,trainval,3sUWSDHOVn0,50007,0,pretrain,5EORxJsoUJQ,00005,9.5609816669431,2.56
train,pretrain,jvBaRf9LHDs,00026,0,trainval,H6n3iNh4XLI,50004,-3.3455139978076183,3.072
train,pretrain,G8gJJuCdPSA,00031,0,pretrain,uarlIjkHlAs,00010,5.826450623439598,4.352
train,pretrain,2jTdZSPBRRE,00001,0,trainval,GROCkg810R0,50009,2.787911070536186,5.824
train,pretrain,zeSVMG4GkeQ,00041,0,pretrain,I4fJPKSKbrA,00012,5.535834265253678,4.16
train,trainval,bNpx7gpSqbY,50003,0,pretrain,vY2l2xfDBcE,00031,-0.18437743662076045,2.048
train,pretrain,8xHrpO6p7dE,00029,0,pretrain,eZgSGgToBEE,00015,-4.453530457272262,5.056
train,pretrain,12ud0nSTvro,00014,0,pretrain,WpEjt71l08I,00005,-1.1422830356948168,5.76
train,pretrain,6iFCm5ZokBI,00016,0,pretrain,rrkrvAUbU9Y,00058,4.420190946752779,11.136
train,pretrain,YsASJTeHJ6A,00023,0,pretrain,PfWGiu0jGv0,00004,-7.630992520210498,4.608
train,pretrain,HV4loecFZh8,00004,0,pretrain,TuD3IerTOms,00029,-4.327407983217033,7.296
train,pretrain,dvuh1Np35Pk,00006,0,pretrain,p2MEGk5q1WI,00055,-1.6086302401628476,11.52
train,trainval,LM3ISST2eg8,50012,0,pretrain,7CmqNpCofc8,00029,8.994486713963632,3.2
train,pretrain,EiTrl0W1QrM,00019,0,trainval,Va07q3HFEZQ,50003,2.9949972810568752,5.76
train,pretrain,iNOE0dZpHcY,00052,0,trainval,CzgS9C7gw0o,50003,8.51192065590812,3.84
train,pretrain,2VWSSFSUeQI,00020,0,pretrain,QOSPNVunyFQ,00023,3.0442692394824853,5.12
train,trainval,ISjk9ni4XWk,50018,0,pretrain,OAK1UIbSFio,00050,-1.9721872053962954,5.696
train,trainval,cplaWsiu7Yg,50008,0,pretrain,RsxlLsHtoBI,00031,-2.7183484825004296,6.016
train,pretrain,co2enjjt3J0,00015,0,pretrain,fIqABIcKIvs,00028,2.967893185936699,9.088
train,pretrain,VlC93dig40E,00016,0,pretrain,mWA2uL8zXPI,00014,9.672861828214703,5.568
train,pretrain,zBSaSy6aKTY,00003,0,pretrain,eS5wqwp64MM,00003,-9.674161633692915,5.056
train,trainval,2K6P014XXmQ,50010,0,pretrain,acNGOQO7URc,00015,4.612716317219938,3.84
train,pretrain,kQa11RMCeSI,00010,0,pretrain,zawpbVpu5nY,00009,-9.161974523889093,7.296
train,pretrain,zYhgy5ouYLM,00011,0,pretrain,ofjRnIpXBF0,00032,6.253628035709067,4.16
train,pretrain,WXOd4qh3JKk,00024,0,pretrain,hHOX3dlhhZ0,00034,4.927120257814305,8.768
train,pretrain,iEySxTbcr2A,00008,0,pretrain,Lp5Ccer5NM8,00004,-7.6968873546867655,4.48
train,pretrain,7n9IOH0NvyY,00011,0,trainval,pmKNXZmfIMU,50006,9.889452012939945,3.2
train,pretrain,gh5VhaicC6g,00005,0,pretrain,Ka70SHb1wFE,00005,6.511701638320805,16.0
train,pretrain,JmCtZzSRztQ,00008,0,pretrain,A2aBKnr3Ep4,00009,8.303037449951539,3.84
train,pretrain,NAcuH7nSdLc,00020,0,pretrain,a7t61U6BBcs,00008,-1.057165131421689,5.76
train,pretrain,ws4GZvNeQhQ,00023,0,pretrain,H2rG4Dg6xyI,00037,1.0596713911590179,5.76
train,pretrain,q2k2Xbfuy1I,00009,0,pretrain,2L1R7OtJhWs,00032,-0.032340711390823174,8.512
train,pretrain,nqj6fH2i9go,00008,0,pretrain,boSGZ3qSAys,00012,-6.536254034739828,7.296
train,pretrain,GqGksNRYu8s,00020,0,pretrain,lUO0xDSJQVI,00020,-5.282634696362944,3.968
train,pretrain,GlpGBSBpxOE,00032,0,pretrain,I4fJPKSKbrA,00021,-7.795473055529034,7.744
train,pretrain,R7vmHGAshi8,00001,0,pretrain,tbicAmaXYtM,00001,-5.458690223146396,5.568
train,trainval,DwQMDyyS42Q,50005,0,pretrain,dOOtM7ZpAS8,00027,-8.797504440264552,4.16
train,pretrain,pSCefSAYqaA,00011,0,pretrain,CS9f7Qq4YZc,00002,7.788250659707366,6.336
train,pretrain,zIwLWfaAgS8,00030,0,pretrain,ayOmOaXC0Z0,00022,-4.247267397128905,4.864
train,pretrain,pMYYxSim5QI,00005,0,pretrain,rokPqHc9iD0,00037,-9.249638789646799,7.36
train,trainval,BT2XlI8oeh0,50013,0,trainval,eNDhBSR1DZ0,50013,4.796600798227926,3.264
train,trainval,HQIi3nUXh0g,50012,0,pretrain,SbgwDk7A4as,00009,-4.628828665014327,5.696
train,pretrain,FzAyOddR5u4,00011,0,pretrain,OaGEMSRms48,00030,7.062218494928416,13.504
train,pretrain,6XS8TA4RBog,00026,0,pretrain,ofsncCF9OSU,00025,9.083783756140459,8.768
train,pretrain,OOG65rSM5fA,00009,0,pretrain,lyu7v7nWzfo,00019,2.348389214036416,6.208
train,pretrain,NgDGlcxYrhQ,00011,0,pretrain,WzDygsn0Djs,00025,-8.316299796793734,9.408
train,trainval,YhG1Bgbsj2w,50005,0,pretrain,tMQ4OxOxgrc,00004,-8.31009016886528,5.952
train,pretrain,OAK1UIbSFio,00093,0,pretrain,r6nSmSTKHGc,00014,0.8404525845818576,4.48
train,pretrain,ROXUPr8Wqds,00010,0,pretrain,t4kyRyKyOpo,00001,1.0529076938471782,8.704
train,pretrain,PiVB5niLrWg,00025,0,pretrain,KDBcoRLkut8,00005,3.2842998802477226,9.216
train,pretrain,9SQYDFiWnSs,00016,0,pretrain,fSRWTyY2YSM,00032,1.7188306190237235,3.968
train,pretrain,cF2dhWWUyQ4,00016,0,trainval,AAkEYcmCCCk,50024,-4.282850116567884,6.08
train,trainval,VfKWd7iXMSo,50015,0,trainval,S2uSeHHzRto,50008,3.4778167945448413,4.8
train,trainval,OAK1UIbSFio,50023,0,pretrain,cRrgDS4SD8s,00024,-4.127026445736175,2.496
train,pretrain,N6wjC0sxD2o,00009,0,trainval,KTvSfeCRxe8,50062,-4.254913875916451,6.016
train,trainval,cK74vhqzeeQ,50011,0,trainval,h0dSQDgl3gI,50020,-6.104070513697661,3.008
train,pretrain,sodSeJBf9Y0,00012,0,pretrain,YAV96XSdMQo,00005,-1.1477453516252005,3.072
train,pretrain,WvvuLDX7iIk,00013,0,pretrain,bB5zR2xYhm4,00006,7.200272415672973,4.16
train,pretrain,QUL0eSQtV8c,00019,0,pretrain,AAxJL17gZhk,00004,5.336836093819045,8.96
train,pretrain,5TKRSIKtaCg,00014,0,pretrain,sLFqwXqe4Yk,00009,-3.0857983603929595,7.36
train,trainval,CiSk3gmyjQ8,50008,0,pretrain,fwm3azuoLr4,00021,0.44196888830362013,4.608
train,trainval,DUd8XAS5HEk,50018,0,pretrain,0zbHnOcGbrw,00007,-9.878832228890333,5.888
train,pretrain,9usocDBGnvA,00016,0,pretrain,HBSQR6xovSw,00001,4.640670264270653,6.848
train,pretrain,JKsHhXwqDqM,00042,0,pretrain,u9Lu85L111Y,00024,-9.523418404448332,11.52
train,pretrain,SQB9zNWw9MA,00025,0,trainval,7rVK0VYPWHk,50002,-4.301574054060005,2.688
train,pretrain,bC0hlK7WGcM,00019,0,trainval,nxRRqLpWi6Q,50023,-3.261851409723267,3.52
train,pretrain,LuG2rf9enHE,00038,0,pretrain,MQrhPhan5Gw,00003,4.904606884779625,7.936
train,pretrain,ZChEFOGSn8Q,00045,0,pretrain,jAGgKE82034,00011,-7.768604398258012,3.136
train,pretrain,BnC6IABJXOI,00041,0,pretrain,9ijS6iMi9gA,00008,1.6848915868698473,3.904
train,pretrain,VPweEhht9y4,00006,0,pretrain,EZwxKPv1CwA,00052,-7.93893837160359,4.096
train,trainval,F5yvoSu2OV0,50005,0,trainval,dY9f9bFctUE,50001,-3.2426539020674294,4.032
train,pretrain,jSOPQgPIdKg,00040,0,pretrain,SpUtz75lNaw,00010,1.7485072134336566,3.584
train,pretrain,LUO3jqMlWkE,00040,0,pretrain,dcySuzHPCWM,00031,7.822465253497846,6.72
train,pretrain,jPyR3UDhOm4,00028,0,pretrain,mKkF6mAlX4k,00006,-8.819868265593227,4.416
train,pretrain,nC06omDS0kA,00045,0,pretrain,LMrzdkSYnYY,00028,-2.8320887329590168,4.224
train,pretrain,aqhzFd4NUPI,00005,0,pretrain,bHLgTUV0XWI,00020,-9.752472106478345,16.64
train,trainval,aEa11FZwTRY,50011,0,pretrain,QW8muMXpkRg,00012,-5.809880253409059,4.16
train,pretrain,esugL07XANg,00056,0,pretrain,2AZwSkHTkCU,00006,-9.938512452089167,9.792
train,trainval,QUL0eSQtV8c,50002,0,pretrain,G0ZjSInJ4BQ,00031,4.664023086850131,5.888
train,pretrain,nx3GuO41Jyg,00027,0,pretrain,w4RLfVxTGH4,00007,-3.0175456310384074,3.904
train,trainval,6bVhrpkp0WU,50007,0,trainval,2Pp9ONyxBr8,50001,1.3922414983779134,2.752
train,pretrain,JSuTsrxfYWQ,00002,0,pretrain,tFX68SJs2S0,00004,4.644919632163946,5.888
train,pretrain,ol1b5mMeP7s,00006,0,pretrain,k9QTVIISlkg,00011,-3.246269423551544,5.568
train,trainval,buHSvs7LFzw,50003,0,pretrain,uYyvbgINZkQ,00048,-4.667764603685736,2.56
train,pretrain,7LcSdlVrg5M,00038,0,pretrain,2tBuvxXxlS4,00032,6.1829466869020635,7.68
train,trainval,MoSmgcxGYYE,50013,0,pretrain,NS4bBu9Jyho,00004,3.86808465912293,5.44
train,pretrain,TWPahtyJDsI,00019,0,pretrain,cf3zxHuSM2Y,00019,-9.862525650782176,8.704
train,trainval,hxPiz2sE0h4,50004,0,pretrain,k7sKMj85hDw,00010,-8.984319227006408,6.016
train,pretrain,vdDFLzyk94k,00019,0,pretrain,Zctk6MZaxMk,00039,5.686433218039577,8.0
train,pretrain,sR6P5Qdvlnk,00011,0,trainval,bS7A7S8AZSQ,50002,8.667984974173212,4.992
train,pretrain,EHTmxmuhZ10,00016,0,trainval,PL9wP3pAl7A,50001,-2.027728551080152,5.696
train,pretrain,Nhwq12TKkQQ,00018,0,pretrain,LbIXYEW9CSQ,00024,7.11459369052244,6.4
train,pretrain,OAK1UIbSFio,00041,0,pretrain,t5dSmG8SI34,00018,-6.660656905097813,6.528
train,pretrain,hsSYuHv0vUk,00024,0,trainval,QhLLMBN57AU,50024,-0.02586209506738335,2.048
train,pretrain,zpoGgUoqkkQ,00015,0,trainval,sPQViNNOAkw,50007,0.9326516845781381,2.88
train,pretrain,PYSkd46RfVE,00012,0,pretrain,Wai4ub90stQ,00043,4.26978292719938,5.568
train,pretrain,Svo01ldlTQc,00007,0,pretrain,xNiBDGBw4Zs,00003,3.3850226868145246,4.032
train,pretrain,MtSE4rglxbY,00008,0,pretrain,GjINFuwLGvQ,00007,9.633729571148816,9.408
train,pretrain,kTsqFn33RiQ,00017,0,trainval,RS5O4n0TqlU,50001,-8.562267920307292,3.2
train,pretrain,0sYguTPLpHE,00086,0,pretrain,cpo7MBC3Skk,00005,6.300304963784519,5.952
train,pretrain,2mU8xezh7rQ,00007,0,pretrain,SDjLpMj3BDU,00017,5.105085979739062,4.48
train,pretrain,VynSxLrtZaY,00006,0,pretrain,49aWAHqi200,00019,-1.0969545468360273,9.216
train,pretrain,jSOPQgPIdKg,00050,0,pretrain,ErexJkoDhGI,00009,4.048064714781599,10.88
train,pretrain,MKKGS38vCO8,00040,0,pretrain,A9kQBAH1nK4,00007,7.786030007191922,13.376
train,pretrain,oy25A7vnigg,00026,0,pretrain,e450FJaS3no,00001,-8.162404079230893,7.04
train,pretrain,sQNtu4kpd64,00014,0,pretrain,Cqj0sgrNL10,00060,5.698825636269078,8.896
train,pretrain,Wj7hmzfX5eQ,00005,0,pretrain,lGbuCmuTJHg,00035,3.9271874983663047,4.8
train,pretrain,UtA860ss1eU,00019,0,pretrain,DWZsOe1j2w0,00036,8.463301188649396,11.712
train,pretrain,0sYguTPLpHE,00013,0,pretrain,mw2z9lV3W1g,00002,1.2297893858695552,5.696
train,pretrain,7hFy02TSH4U,00030,0,pretrain,WzDygsn0Djs,00002,7.437255033572409,9.792
train,pretrain,mwrLVvORugw,00016,0,pretrain,96HHmILhyrE,00018,-9.448775649466421,3.584
train,pretrain,GZGY0wPAnus,00006,0,pretrain,ZWfCi9WxK1E,00017,0.8687502154450204,2.048
train,pretrain,0sYguTPLpHE,00016,0,trainval,ayVm441iZfo,50009,9.790123095087534,5.44
train,trainval,zLNXIXingyU,50007,0,pretrain,ww4kNxYE0c4,00034,9.45118918496243,4.608
train,pretrain,2VWSSFSUeQI,00017,0,pretrain,Qs9m8obl0AY,00020,5.092614317043223,8.448
train,pretrain,VJRBx0JjMSM,00004,0,pretrain,Sb2qXygFm8U,00020,8.569773269303198,16.96
train,pretrain,20adDr7Felw,00018,0,pretrain,urOCGSMlB9g,00001,1.5966914288060448,12.096
train,pretrain,CVdPhUPO5YU,00051,0,pretrain,PYSkd46RfVE,00057,9.267412868909627,7.872
train,pretrain,rpOwTspdwkI,00001,0,trainval,mMDuakmEEV4,50030,2.5734802375746657,3.008
train,pretrain,CVaSIZVzUoc,00017,0,trainval,YsUAEFJsOdA,50025,-4.822216431551065,3.136
train,pretrain,STsOdmkH5fI,00037,0,pretrain,tSN0n2yqIJI,00009,-4.9116136339759215,13.056
train,pretrain,hxPiz2sE0h4,00004,0,pretrain,RgqtrlixYR4,00007,-3.75721648652247,5.376
train,pretrain,NP8xt8o4S5Q,00005,0,pretrain,LlQXs0yofMs,00022,8.175244870259156,5.056
train,pretrain,z3kdILSEbQU,00009,0,trainval,hVsnkRoYfX0,50002,-3.858776648382431,2.56
train,pretrain,YATYsgi3e5A,00006,0,pretrain,kyaiTGmwxnU,00016,3.12389759260034,7.04
train,pretrain,gmjSazFbpkA,00024,0,pretrain,b81YwSOs8RM,00025,-6.375088914506102,10.368
train,pretrain,awtmTJW9ic8,00019,0,trainval,Qhomjw2PSV0,50003,-1.13093602185727,5.888
train,trainval,7DLzXAjscXk,50064,0,pretrain,96HHmILhyrE,00003,2.1126485927901584,4.8
train,trainval,4sg9TlsMRVA,50008,0,pretrain,69U0QWeZy0g,00001,-2.026716721496329,5.76
train,pretrain,qdiF1fSGfyM,00022,0,pretrain,qykSnLkPM7E,00019,-9.52527913932039,14.016
train,pretrain,wVGjQSnLg4Y,00022,0,pretrain,vpTHi7O66pI,00025,-0.6205978600947049,8.192
train,pretrain,ARWBdfWpDyc,00004,0,pretrain,Nx8RRIiP53Q,00008,-8.66200640852847,6.4
train,pretrain,PJy8vTu66tE,00019,0,pretrain,ZBDablzQ9ts,00001,-7.28545479545156,5.568
train,pretrain,aZWxtQ19JsE,00013,0,trainval,TH9CqtMzxG0,50001,-8.566958488925525,2.496
train,pretrain,cK74vhqzeeQ,00019,0,trainval,sa1iS1MqUy4,50004,-1.198699610773934,3.072
train,pretrain,HSpqhMO3ZSY,00010,0,pretrain,2NWpMqD8Qyk,00022,-5.700904872122841,13.184
train,pretrain,28sa2zGgmwE,00014,0,pretrain,fi8CYv9Dcr0,00018,6.586953494666194,14.464
train,pretrain,D9ZNpt6FVTY,00005,0,pretrain,BGRy5VUSLfI,00041,6.2551498317005745,7.68
train,trainval,5OISkgjSjkA,50025,0,pretrain,0MD4Ymjyc2I,00034,0.6825545676790803,2.432
train,pretrain,nzj7Wg4DAbs,00033,0,pretrain,Ftnb2fpJ664,00035,1.5374253254768604,8.192
train,pretrain,JDDGhGiaAZU,00039,0,pretrain,AHcTWlxWzpE,00001,-6.000596827137759,15.04
train,pretrain,mUJdzaLDRIo,00070,0,pretrain,hQ4XmSR9zw8,00008,-5.983794185403144,15.424
train,pretrain,xcR1SWhjZys,00005,0,pretrain,lAzQWtkPzbI,00015,-8.971019979702826,9.472
train,pretrain,aMkNASF9lwE,00013,0,pretrain,bl8S81JF3b8,00008,2.35817528365504,9.728
train,pretrain,97rrxS1yBU0,00007,0,pretrain,7ZoOyNTyjQE,00012,1.9466450579682544,5.376
train,pretrain,JzLiCBCbAMY,00025,0,pretrain,lXQ4HSMp1OA,00013,-5.147124835748658,8.0
train,pretrain,8xHrpO6p7dE,00037,0,pretrain,ohGMgSLJCjs,00018,-4.989021861343841,12.992
train,pretrain,nzj7Wg4DAbs,00041,0,pretrain,dvuh1Np35Pk,00002,7.455355688343449,11.584
train,pretrain,TH9CqtMzxG0,00015,0,pretrain,YSQUrUZ6ZTE,00002,-2.6869719110493158,4.992
train,pretrain,FjibavNwOUI,00016,0,pretrain,MqnbE5WRPEU,00002,6.880850959582457,12.096
train,pretrain,ELgvDMTKyBE,00002,0,trainval,5UH7uTpTa44,50005,9.936391548511981,5.44
train,pretrain,lkVYV2P8dQE,00017,0,pretrain,GW02Vo641dU,00015,2.541548164661503,4.544
train,pretrain,0MYq1WJMmts,00010,0,pretrain,kzhJb5jcH58,00011,-9.509774096896159,20.928
train,trainval,wn8S33NBB04,50019,0,pretrain,0YeVt2kpSSo,00014,2.801543976124597,2.048
train,pretrain,8zj8HJntlP4,00002,0,pretrain,FdHJw0veVNY,00023,2.3747828099186545,24.0
train,pretrain,XPkV1bDZDl4,00017,0,pretrain,R2kOgSVF2Uk,00003,-4.199780387619181,22.464
train,pretrain,sFNmulAb4wM,00042,0,trainval,KE3SK9M3JjY,50004,-3.1521168014701857,2.048
train,pretrain,mPCDOij0bB0,00024,0,pretrain,pyWrZceeKNE,00005,6.311963121008258,5.184
train,pretrain,tVoE8eSu4bw,00009,0,pretrain,I64CQp6z0Pk,00002,-9.31168032600999,8.256
train,pretrain,mFnS7wG1qXw,00008,0,pretrain,lyu7v7nWzfo,00003,8.035605920088017,6.656
train,pretrain,3VwxWDVKs8k,00002,0,pretrain,SjaWs87t5UM,00003,6.566802238615555,3.136
train,pretrain,319sQ9sSlyQ,00014,0,pretrain,k5hspA18IU0,00044,3.7762473537076,3.456
train,pretrain,VSbjOJzB7LY,00021,0,pretrain,7wJTgUCxnKA,00045,-9.149444946049297,4.48
train,pretrain,vbHkhSfaQu8,00009,0,pretrain,FXYFLK0KZio,00012,-1.531989237017191,4.608
train,trainval,nLtUl2CP8ak,50003,0,trainval,HNOnvp5t7Do,50016,-3.4109447273121507,3.2
train,pretrain,r3L9n20myqk,00020,0,pretrain,1yVdhRyTxaM,00004,3.9547052878754982,6.208
train,pretrain,oEIYHTlbeLA,00012,0,pretrain,jJXMvOqS5bM,00002,-8.66201627693128,4.032
train,pretrain,uW9tg1vJwZQ,00013,0,pretrain,0lYq5jXBfzE,00013,-6.618644815902788,6.208
train,trainval,HQIi3nUXh0g,50031,0,pretrain,wZ2TF8SPGQ4,00035,7.258796053158726,5.888
train,pretrain,btF6nKHo2i0,00013,0,pretrain,mLSFzBUAHuQ,00020,-9.996754249518407,2.56
train,pretrain,j97WsAz3CDY,00023,0,pretrain,hPsUXhXgWmI,00020,-3.54635117171886,6.4
train,pretrain,mGInCowjJ48,00009,0,pretrain,IhoRGJlSs8M,00010,0.8866426671156589,11.52
train,pretrain,aiIxdFBA0Sw,00031,0,pretrain,VehHPwAVL9g,00001,-8.911573128410629,4.48
train,pretrain,pWX1oQEGl90,00025,0,pretrain,Ctz4E2ARkCg,00017,-8.723731132366835,14.464
train,pretrain,Pzd7ReqiQnE,00006,0,pretrain,9RTkZaX1cH0,00027,-4.999391921987559,3.072
train,pretrain,s6rJLXq1Re0,00009,0,pretrain,5tal0NkWW1E,00020,5.462224776299713,4.288
train,pretrain,y8qc8Aa3weE,00026,0,pretrain,fSSNmDcLMKA,00014,1.1669690837214546,5.504
train,pretrain,SqgSz1UmcBM,00010,0,pretrain,AvtStbwMQqs,00019,6.341662861733315,4.48
train,pretrain,NwmGTM5Py8Y,00046,0,pretrain,LWQfeSSfNbs,00036,-1.044031288348977,7.68
train,pretrain,DeUDQo1sYAw,00009,0,pretrain,2SEv4rU27HY,00008,-8.974722059659378,6.72
train,pretrain,5tUnSuoYKoE,00072,0,pretrain,uUDu8jQ6qHo,00015,-5.587968145955822,10.048
train,pretrain,gyPoqFcvt9w,00056,0,trainval,iCvmsMzlF7o,50008,-1.3554862847406426,4.16
train,pretrain,6weGCM3sWKc,00002,0,pretrain,k3zZVQPaKKQ,00013,5.624498363613778,7.68
train,pretrain,Sx1qkuvUxuI,00028,0,pretrain,g9M3HIjHuq0,00013,6.788079760810096,6.528
train,pretrain,6xy5pWOgeBY,00022,0,pretrain,4jBB5iibKy0,00018,1.0921970963235683,3.776
train,trainval,PVfd6fg7QsM,50009,0,pretrain,GZyjTPEufLk,00016,-7.129480867245261,4.416
train,pretrain,nFEgRt2EH1g,00012,0,pretrain,im03Zni5BJw,00008,6.33418871416599,6.016
train,pretrain,mFnS7wG1qXw,00004,0,pretrain,WQG8EJTY48M,00002,-4.817818316285716,5.696
train,trainval,dsT5eVSm7BA,50003,0,pretrain,qykDS2AXKIU,00011,-0.47659897179128485,2.88
train,pretrain,OlLFK8oSNEM,00012,0,pretrain,SMBiP3G2Pzc,00024,2.7613698170170515,6.912
train,pretrain,rGaj2VImQec,00017,0,pretrain,qzR62JJCMBQ,00010,-2.341246526873613,5.056
train,pretrain,v84pD2g3gSk,00003,0,pretrain,lXQ4HSMp1OA,00016,-5.842620939468944,6.72
train,pretrain,NP8xt8o4S5Q,00024,0,pretrain,2m9kC1yRnLQ,00018,-0.29969963868183847,10.24
train,pretrain,iU1bhHeCkoU,00039,0,pretrain,SFW0TEFKCxk,00029,6.891959226761191,4.992
train,pretrain,0FkuRwU8HFc,00022,0,pretrain,IkJTwfHPv6A,00014,3.4098798667476906,5.248
train,pretrain,CSeFjLZqXt8,00022,0,trainval,OISOhvOumT0,50004,4.51618636086871,3.456
train,pretrain,uuwgtX2zU9Q,00005,0,pretrain,zSXchYY3bnU,00015,2.4671439658066685,5.12
train,pretrain,nCwwVjPNloY,00034,0,trainval,mpqrO2agOTs,50002,-2.1619907887522505,2.496
train,pretrain,YhpMSjbVopo,00015,0,pretrain,FpHPVrsEkYY,00020,9.414536761486971,5.568
train,pretrain,VC0taBVUF2o,00005,0,pretrain,b9jb9UjCpik,00003,3.4402419878407358,3.52
train,pretrain,ulLFP8axZVQ,00024,0,pretrain,YmRKlZEXVQM,00033,-1.4147843928281052,15.936
train,pretrain,dghBrSBC34Y,00009,0,pretrain,r1qdSnDm67s,00003,2.393817132813963,7.36
train,pretrain,z4eSa6GXEsE,00003,0,pretrain,C6mNITMY7e0,00006,1.0224335489243241,7.168
train,pretrain,MnT1xgZgkpk,00004,0,pretrain,NhYnouvrGS8,00015,2.6715204125108336,5.696
train,pretrain,hSSmmlridUM,00003,0,pretrain,0C5UQbWzwg8,00037,-3.5315966198606974,3.968
train,pretrain,Z6T37m4r3yo,00011,0,pretrain,p9UC0chfXcg,00019,-4.105560241097727,3.392
train,pretrain,mk3KSVrveSE,00015,0,pretrain,6vLrreR6YOE,00010,-0.5924570581242428,7.168
train,pretrain,doVRMBPUOhA,00013,0,pretrain,dvYYYlgVAao,00017,7.669585928673605,10.816
train,pretrain,avuhY7D71sQ,00036,0,trainval,mwrLVvORugw,50005,-4.214416551788429,5.76
train,pretrain,w2mJMS09Qjk,00024,0,pretrain,3E7hkPZSHTk,00003,-3.9744252657613988,17.728
train,pretrain,6iFCm5ZokBI,00007,0,pretrain,cpsRAk5HpK4,00004,-3.5972890423002646,17.536
train,pretrain,Qao76IPXWSE,00032,0,trainval,RBfdvib2irc,50008,2.4975652027213417,3.2
train,pretrain,YAV96XSdMQo,00015,0,pretrain,DSSAz5nZBBM,00033,-8.735785067156279,6.848
train,pretrain,Ligs82S0qN8,00022,0,pretrain,mWm2qtEeBjE,00019,8.882273504814314,3.2
train,pretrain,tYclUdcsdeo,00018,0,pretrain,25onkAGt3Gs,00034,-2.27658138902052,5.12
train,pretrain,8n5O9tz30So,00021,0,pretrain,HdHW77blulg,00012,8.228207671935763,5.76
train,trainval,T2jwSUhu7ok,50004,0,pretrain,ME0OeqjnVAw,00001,4.930577881550615,5.248
train,trainval,HfMhU6qjVVM,50006,0,trainval,bxkslfQc0EA,50009,3.8917169411384265,4.8
train,trainval,Sb2qXygFm8U,50005,0,pretrain,LlQXs0yofMs,00004,-0.04836905335824149,5.44
train,pretrain,dBxvZwJZgdM,00007,0,pretrain,vg8WAv0YT9c,00002,9.472053177296633,8.576
train,pretrain,dskNubEgzCk,00025,0,trainval,3NzgEwye6Uk,50006,7.619487953791207,2.624
train,pretrain,j51HsRILGKI,00024,0,pretrain,XDBWEKBq0Sw,00032,-0.24887756410754847,5.696
train,trainval,SsU5CJRaKP8,50007,0,pretrain,gBkIyJ7kfSI,00024,5.142816835545684,6.144
train,pretrain,dySwrhMQdX4,00018,0,pretrain,ayhhuxAu6rw,00002,-2.8712166231746705,4.8
train,pretrain,V2u6CzpRqts,00010,0,trainval,QhLLMBN57AU,50004,-6.35342606844117,5.888
train,pretrain,SgKCzdT60Uo,00009,0,pretrain,SGzenQjZSpU,00008,-3.447318527066166,6.336
train,pretrain,a17Z5Sk2XJY,00037,0,pretrain,XGq3MXQlRJs,00041,-6.632605329416245,6.656
train,trainval,h0dSQDgl3gI,50020,0,pretrain,jpRqbP9Nv9k,00016,-8.379130532046261,3.584
train,pretrain,nwZkoAeOzuo,00013,0,pretrain,eIho2S0ZahI,00011,-4.888663120110321,4.096
train,pretrain,w96osGZaS74,00007,0,pretrain,I8tg0Myjimg,00001,-1.9012090559613615,3.52
train,pretrain,GpKrM8GQwOg,00006,0,pretrain,7A66iZQXNh4,00019,4.256508032854731,4.48
train,pretrain,OOG65rSM5fA,00012,0,pretrain,5s61n2MLGRQ,00003,-8.714136173552003,8.896
train,pretrain,Rpsf1YJsbbI,00024,0,pretrain,y7LXwGfvxwo,00027,4.832410526980453,14.72
train,trainval,2wseM6wWd74,50003,0,pretrain,5K57kcs15DY,00008,-7.283714577968238,3.2
train,pretrain,84QouBqCIWg,00006,0,pretrain,kEejVSZ5mLY,00010,5.222851577705024,8.512
train,pretrain,nCwwVjPNloY,00035,0,trainval,7SfRgg9botI,50002,-0.7207998362343915,2.048
train,pretrain,lcZyzcTS5GU,00003,0,pretrain,3Z6x5t5A9so,00023,-7.29141473622329,7.936
train,pretrain,BFK9laBVa54,00004,0,pretrain,150cqgYh8sQ,00032,9.763850126252919,14.848
train,pretrain,X41iulkRqZU,00007,0,pretrain,AQcUeQsljSs,00002,9.860925035623918,8.32
train,pretrain,ESNiCniw0JE,00006,0,pretrain,cWcVPpxezE0,00004,2.243890249081634,4.16
train,pretrain,pzN4WGPC4kc,00025,0,pretrain,dk60sYrU2RU,00026,9.854612521814783,5.12
train,pretrain,MPMr5jPwA7I,00001,0,pretrain,kfAxGhOS3S8,00011,3.65961508816782,8.896
train,pretrain,Hh09xlzxRmE,00035,0,pretrain,mArrNRWQEso,00025,5.51778312445834,9.28
train,pretrain,XX30i6nC7ro,00008,0,pretrain,LJhklPJz9U8,00027,2.378463687263274,5.76
train,pretrain,4Lr1dvOjSUw,00002,0,pretrain,eR22lqzdIHU,00022,3.7078628568594354,5.888
train,pretrain,d6wGSsAdP0U,00029,0,pretrain,SZSul0GzzM4,00014,8.793735628145246,4.608
train,pretrain,qtAZbSZESOU,00011,0,pretrain,1IxIDGyISzk,00007,-2.9106842028478237,7.168
train,pretrain,2JSZ66uMRwc,00004,0,trainval,vo2cse4CoGM,50012,-3.183329796236447,6.144
train,pretrain,KyamsZXXF2w,00032,0,trainval,s2F41IQSPGE,50040,-3.7855553567546263,3.84
train,pretrain,kYXiegTXsEs,00022,0,pretrain,B4a0NvLTebw,00025,8.210160334654677,6.848
train,pretrain,sHdYaMyR5S8,00043,0,pretrain,uM1Ygy0tSp0,00013,-5.6050238655375395,6.656
train,pretrain,Diuv3XZQXyc,00001,0,pretrain,U5kIdtMJGc8,00021,-9.970423357887038,6.208
train,pretrain,v7UKkzIaSsQ,00012,0,trainval,bClWV3eeETA,50006,-0.7058812114430513,6.144
train,pretrain,F0ofeD8VKMA,00039,0,pretrain,iWHq2mSHwhw,00015,1.2916582865201782,9.024
train,trainval,Rpsf1YJsbbI,50024,0,pretrain,gWPFJgLAzu4,00019,6.3065585416749315,5.888
train,pretrain,bSZh8qdKaBc,00004,0,pretrain,Qi8MoU6g8Sc,00003,-6.297538237376088,4.288
train,pretrain,rzbtSeVZeEE,00020,0,pretrain,Soe7yjlFEJ8,00005,-6.29932438892558,4.032
train,trainval,NAcuH7nSdLc,50005,0,pretrain,nOHbn8Q1fBM,00043,-1.1873233005664936,5.76
train,trainval,LWULB9Aoopc,50001,0,pretrain,3f5lk3PZh74,00001,4.520484795720254,6.08
train,trainval,vzKA1y3cdYI,50012,0,pretrain,lXNE4MD2X2w,00022,5.867978872045663,2.624
train,pretrain,FcecqQkyKoM,00007,0,pretrain,sLiM2SizFl4,00037,-2.933659751158915,6.336
train,pretrain,VvpUZjRVoBI,00028,0,pretrain,43DuLcBFxoY,00007,-5.299872854144163,10.048
train,pretrain,EZSf3Fc0ZRA,00039,0,pretrain,k9fmJ5xQSmc,00015,7.670785955627256,8.32
train,trainval,8m1X26Auw6Q,50004,0,pretrain,55n9pHSA0O8,00049,7.176510250462606,5.888
train,pretrain,X2et2KO8gcY,00025,0,pretrain,lwL4hjhkid4,00006,6.4183265634177715,13.824
train,pretrain,fJ36gCwKVec,00015,0,pretrain,Nx8RRIiP53Q,00012,5.699906118296532,15.36
train,pretrain,kmflTZnRuZI,00014,0,pretrain,XVXmYD0UPRQ,00019,1.2889130087903027,14.784
train,pretrain,NMfXycr7SOU,00010,0,pretrain,ihoR9B7pS1Q,00011,7.291957883424541,8.064
train,pretrain,4bHO8NZwmIg,00017,0,pretrain,y2X7c9TUQJ8,00010,-0.35015039603574394,3.968
train,pretrain,DSSAz5nZBBM,00054,0,pretrain,XII0TdSvloM,00006,-0.04356805571122102,7.808
train,pretrain,E6atIJ8RDzU,00002,0,pretrain,Peu7eeGtmQ4,00039,-0.2178103183164275,3.328
train,trainval,cbSts8fUhB8,50016,0,pretrain,3W4pLOTXybI,00009,3.642551847384377,5.056
train,trainval,ayVm441iZfo,50006,0,pretrain,yVwAodrjZMY,00041,-4.219926444711161,2.496
train,pretrain,B9bDZ5SzPtY,00001,0,pretrain,xyIQFI865Sw,00019,-0.3423638424612445,6.656
train,trainval,JeHqgambbcI,50005,0,pretrain,Ftow7dSpaiY,00031,-0.6700915014039772,4.352
train,pretrain,40ieXxoJwZw,00045,0,pretrain,5EH1dS2aQVg,00007,1.6512170571774565,3.328
train,pretrain,KQEWc3LVfyc,00092,0,pretrain,bhHJ4DRZNZM,00024,5.728338245696092,3.84
train,trainval,vzKA1y3cdYI,50001,0,pretrain,BR9dbjubfuU,00016,6.360906856599808,3.776
train,pretrain,H2rG4Dg6xyI,00013,0,pretrain,VMXdSkW6hns,00005,-2.6667903795294245,7.872
train,pretrain,HirySSCYiwI,00006,0,pretrain,0Bhk65bYSI0,00010,-4.379794422166976,5.312
train,pretrain,QVSqg1CRvl0,00015,0,pretrain,UfM7tSoqNDw,00030,-1.8122548433744505,6.016
train,pretrain,mpqrO2agOTs,00024,0,pretrain,c73Q8oQmwzo,00030,8.221133288085557,11.008
train,pretrain,2KSP7HvSZwg,00016,0,trainval,zYhgy5ouYLM,50001,-0.9092139515439683,5.888
train,pretrain,AgMOJC5R4F8,00010,0,pretrain,fTznEIZRkLg,00003,2.3705984782335126,2.56
train,pretrain,D9ZNpt6FVTY,00007,0,pretrain,LKAhTELkOV8,00024,9.732185118215448,10.88
train,pretrain,uVAaZVz9pDs,00034,0,pretrain,9F8SjpS6Uqg,00002,8.658098736401204,4.8
train,pretrain,cWCSzDdF74s,00022,0,pretrain,31PyAjy6Nl0,00025,-7.7243456726797,5.12
train,pretrain,QUUFbS1hBtw,00028,0,trainval,5uVtphj4b6c,50007,-9.436098198385071,2.816
train,pretrain,abMQhaMdQu0,00002,0,trainval,iueVZJVEmEs,50006,9.86795260036438,3.968
train,pretrain,Uq1idqpX9SA,00022,0,pretrain,Wgt8QUHQjw8,00019,-3.785516006599849,8.064
train,pretrain,oiZ42KUsxGo,00015,0,pretrain,2wu28tI9VkM,00006,4.934094267426385,9.536
train,pretrain,AE0gO5wSaok,00032,0,trainval,Aetg4kJie0o,50003,-0.991241410415796,4.16
train,pretrain,p0aTfcXpOEs,00012,0,pretrain,VM6HZqQKhok,00014,-1.3203350135676892,7.808
train,pretrain,ozmowWZ1YYU,00001,0,pretrain,WWloIAQpMcQ,00029,4.463315286127061,8.64
train,pretrain,zSqYtUeKUl4,00003,0,pretrain,k6DPjCmc3BM,00017,0.11343171291431275,25.088
train,trainval,bbT8jSPS2LA,50012,0,trainval,YsUAEFJsOdA,50004,-5.002119964254687,3.968
train,pretrain,iSicXZ2tMRM,00009,0,trainval,jyYjI7zQlaA,50006,-2.3651377370577276,6.08
train,pretrain,7s0CpRfyYp8,00031,0,trainval,2xKXLPuju8U,50001,-3.414812637865083,3.84
train,pretrain,uS3UYncNwz4,00002,0,pretrain,7DESF3jSPVo,00006,-6.818074826013798,15.168
train,pretrain,UDXtFbSmBAg,00010,0,trainval,wX78iKhInsc,50011,-7.867437844508382,3.584
train,pretrain,mWfCqsFP05A,00016,0,pretrain,IYpovgkaS9Q,00001,7.200446903727094,7.744
train,pretrain,5YL3LT1ZvOM,00028,0,pretrain,NZspSEdO2Xk,00025,1.3944422471224769,7.68
train,pretrain,30KJRb4MzSg,00014,0,pretrain,GB4s5b9NL3I,00017,8.580569440920364,5.76
train,pretrain,swI68y2oQ60,00005,0,trainval,XKiQl5WZQ5I,50005,7.35255815926341,6.08
train,pretrain,imaWSTabxOE,00006,0,pretrain,gYKyaDOyUO4,00004,5.0393128767391655,4.608
train,trainval,EZSf3Fc0ZRA,50002,0,pretrain,5vXRgT6egSU,00021,-3.68755640591786,5.824
train,pretrain,PSXxEyYQc5g,00007,0,pretrain,Nx8RRIiP53Q,00009,4.363501075129646,9.28
train,pretrain,wOsQKjNoHmw,00006,0,pretrain,lxYFURQ7Ehw,00009,4.128901519064545,6.208
train,pretrain,TureGeSxSew,00013,0,pretrain,xHwMV35yjoE,00006,-4.985709278428478,4.608
train,pretrain,B905LapVP7I,00008,0,pretrain,ZmSF9gVz9pg,00012,1.6039911899689567,10.944
train,pretrain,u9GEmyZ8B3Q,00012,0,pretrain,EZSf3Fc0ZRA,00004,6.103087880838473,5.44
train,pretrain,3BgPFIKCaOQ,00005,0,trainval,yRUCU5FsvTY,50004,2.3303594067342708,3.072
train,pretrain,RVX8ZSAR4OY,00013,0,pretrain,TDCYJ3Sgx2w,00013,-7.626722379089619,4.032
train,pretrain,NFIOuy3JSIQ,00007,0,pretrain,mp0SQQQgv7s,00008,-0.3081584542846869,7.488
train,pretrain,XgRlrBlS7Yg,00006,0,pretrain,sFNmulAb4wM,00047,-9.753113860430798,8.96
train,pretrain,sYUjyH8Y0No,00001,0,pretrain,v2jSfxnRPSE,00023,1.5015141195983883,13.184
train,pretrain,sAINrzTddA0,00003,0,pretrain,WDbxqM4Oy1Y,00015,8.671345902387472,7.168
train,trainval,01GWGmg5jn8,50025,0,trainval,DOvbl3ZPPV4,50001,-6.181465864251628,2.56
train,pretrain,6V6p1tgHfm0,00015,0,pretrain,6gSwRHScq6M,00020,1.8761801098581348,3.2
train,pretrain,Pl8OlkkwRpc,00017,0,pretrain,z4fsN1DSEVk,00007,2.842698946112911,5.376
train,pretrain,DzNNS4rcIjs,00018,0,pretrain,lfrG2bidW5g,00002,-3.6274273383282214,8.32
train,pretrain,kNhyOYv2ejw,00057,0,pretrain,SRSJX0qRVSw,00009,3.6075186198668607,9.344
train,trainval,PB7xs7UpIfY,50002,0,pretrain,A7ktYbVwr90,00031,6.1442363603804715,5.44
train,pretrain,dsfROmgVN5U,00035,0,pretrain,qdiF1fSGfyM,00009,1.1342602952514156,5.504
train,pretrain,jSSqQDPGW2k,00023,0,pretrain,mS8tQSTYLgk,00028,6.48512240921421,8.576
train,trainval,bGBamfWasNQ,50030,0,pretrain,iq5lXSj6Prg,00001,-8.697873826657164,4.352
train,pretrain,0Amg53UuRqE,00006,0,pretrain,huzhvbrcgeQ,00023,-2.1981719003130724,3.648
train,pretrain,9IRv3TOjE1I,00010,0,pretrain,jVcaTtJmRNs,00005,3.997095687826235,2.88
train,pretrain,0bop3D7SdDM,00025,0,pretrain,3SAZ5R2SC88,00008,2.2114835361045806,2.176
train,pretrain,6diqpGKOvic,00002,0,pretrain,hz2ONnzRANs,00010,-2.086699661296347,9.856
train,pretrain,dcwuBo4PvE0,00010,0,pretrain,D03n5dAmBSE,00002,2.66716032254768,9.344
train,pretrain,TOyygXMkWGQ,00005,0,pretrain,UVZyVz8gBeQ,00003,9.30031444463231,5.12
train,trainval,yxC30tEjZk8,50007,0,pretrain,BRETz2FSheQ,00006,-6.177037350391874,4.288
train,pretrain,pbSSrJGgVIo,00010,0,pretrain,1PV7HyS8fhA,00017,-8.931302163529713,8.256
train,pretrain,IDSSieLCmS4,00022,0,trainval,FdHJw0veVNY,50002,5.54994506490732,2.88
train,trainval,MOFdlEbu15g,50012,0,pretrain,Mjoxh4c2Dj0,00017,-6.478916361299825,5.248
train,pretrain,3dy4SGkSD8M,00030,0,pretrain,7JVTirBEfho,00030,-3.1783695898543307,4.992
train,trainval,sa0RUmGTCYY,50041,0,pretrain,PVfd6fg7QsM,00003,-7.341000176869528,2.176
train,pretrain,vSjlCJaEwZE,00004,0,pretrain,tJ54irRmdC0,00018,-7.333714012268768,9.728
train,pretrain,F1U26PLiXjM,00020,0,pretrain,NXfYNdapq3Q,00019,-6.137700621295467,13.248
train,pretrain,v7xAZ2lrel8,00016,0,pretrain,Aqc2SgiOVr8,00011,-6.576156717493653,3.648
train,pretrain,97MWOERYSdE,00034,0,pretrain,SvBggxCNNno,00007,7.7391000861467205,4.928
train,pretrain,SS6ZojCzNGY,00043,0,pretrain,NP8xt8o4S5Q,00013,1.9311904261661077,5.376
train,pretrain,7DCofMA9eQA,00029,0,trainval,r92jUj7gNRw,50012,8.06180298355611,5.888
train,pretrain,rAAY1jOZFSE,00006,0,pretrain,ramueKMLXZY,00004,6.702660027692055,4.224
train,pretrain,S3SnIMZ43EQ,00007,0,pretrain,2xs8qmk0OPc,00007,-2.6804786314641715,8.576
train,trainval,5LgCl7ZyYGs,50002,0,pretrain,aT6vIq6S1OE,00002,1.1965850391690722,3.136
train,trainval,IeblJdB2SVo,50005,0,trainval,9OECsmMont4,50008,-6.064341045724941,2.048
train,pretrain,D089tSF9yUU,00020,0,pretrain,StzWIIgIRZY,00006,-5.696932915681883,7.616
train,pretrain,potB0voQzNg,00021,0,trainval,HEFSHP2XE7E,50004,-0.18035153517975644,5.952
train,pretrain,qAYqK9lAxic,00008,0,pretrain,U7fFCaHZvVk,00035,-5.181643432892271,15.744
train,pretrain,itLUXZnLRn8,00031,0,pretrain,uSMqkSqSgN4,00001,1.5228542679940418,7.36
train,pretrain,5HL1BEC024g,00040,0,pretrain,QxkxcsrveLw,00014,9.49485216246753,9.408
train,pretrain,wvIOoxPxpfQ,00008,0,pretrain,KxDwieKpawg,00031,-0.5007883059133267,14.784
train,pretrain,eMVWSUeeg8A,00003,0,pretrain,E6atIJ8RDzU,00019,-9.467790497768743,6.656
train,pretrain,SxPeQda00Co,00016,0,pretrain,BYeYVuqD8kU,00008,-5.22085163113279,7.424
train,pretrain,UQkIbUvcs7w,00014,0,pretrain,Bwj3SVZZOHo,00024,0.49942201646499385,5.824
train,pretrain,NhmybGS7FLA,00006,0,pretrain,nxRRqLpWi6Q,00002,9.40914142257428,21.248
train,pretrain,k5tCYg9s0HU,00032,0,pretrain,iSpwUpdQdyY,00056,5.866841050500808,10.048
train,pretrain,VFaQtPw3Va4,00015,0,pretrain,kFMZrEABdw4,00043,-4.729101291380305,6.848
train,pretrain,cnxEP6bzg7o,00006,0,pretrain,ZSRaJIMYSMs,00030,4.778715447499895,4.928
train,pretrain,SZbNyp1jeGo,00015,0,trainval,XzDNfLnUOYY,50002,2.7626466576738338,2.24
train,pretrain,ndAHAjgquwk,00006,0,pretrain,lXQ4HSMp1OA,00017,7.253503407898801,14.016
train,pretrain,kFMZrEABdw4,00015,0,pretrain,sDfhSIKFGz0,00009,7.8963748576289845,4.096
train,pretrain,HNMQSw7hXTA,00017,0,pretrain,wX78iKhInsc,00053,-4.007223612218562,3.136
train,pretrain,iPrDiPDTzYk,00001,0,pretrain,rKtmsVa4Kvk,00053,-3.77962530301426,9.28
train,pretrain,2zvjW9arAZ0,00070,0,trainval,5aLiFw8CSEA,50007,9.606335960538285,2.56
train,pretrain,HALd9FY5SVQ,00007,0,pretrain,z19gIaUmIBU,00007,3.7164535600895725,10.752
train,pretrain,2R1lZSN4SSo,00010,0,pretrain,sa0RUmGTCYY,00015,3.036129788165532,5.12
train,pretrain,jYperQKUkcs,00022,0,pretrain,7udZ5ux0dYE,00024,-4.189477657991681,7.616
train,pretrain,Fb3yp4uJhq0,00001,0,pretrain,E6atIJ8RDzU,00017,-3.8513416948926587,22.656
train,pretrain,AK9OBSx77S8,00021,0,pretrain,sNbGUSI9HWw,00029,9.102260147363882,6.976
train,pretrain,L51h8BBu7b8,00024,0,trainval,jE1j5Om7g0U,50008,-0.5032334519240766,4.48
train,pretrain,1rTEOU67zCo,00015,0,pretrain,iRRw3oD1WS4,00002,4.621987282027209,17.152
train,pretrain,yr6khSQOk0s,00012,0,pretrain,ZBDablzQ9ts,00029,-6.851904754087634,9.28
train,pretrain,tjkrKA1cVdU,00025,0,pretrain,wgeh4xhSA2Q,00014,2.7884621246440755,17.664
train,pretrain,1X8b7mXImVM,00011,0,pretrain,QuaIMgzIOn8,00002,-3.5116346141351134,5.504
train,pretrain,yDpnTrF9N6w,00001,0,trainval,NtOoDN0ojxo,50020,2.677894004842285,6.208
train,pretrain,jSOPQgPIdKg,00052,0,pretrain,es4w3WUcrN0,00008,5.047667554077503,6.528
train,pretrain,MSZS1wnjfhY,00004,0,pretrain,1Dd2yCf3PyA,00005,9.645520624161016,6.912
train,pretrain,imhUmLtlZpw,00009,0,pretrain,haTsrKptgIU,00019,-0.715794197515951,15.744
train,pretrain,sFNmulAb4wM,00021,0,pretrain,t1sYh9itUvs,00004,6.556328451854647,4.096
train,pretrain,OwfyH5S6bpA,00015,0,pretrain,OibJT7GSwyo,00015,0.6610513546950436,4.16
train,pretrain,uWfLwKHSEko,00047,0,pretrain,qykSnLkPM7E,00017,-8.288138140874517,5.824
train,pretrain,iCvmsMzlF7o,00003,0,pretrain,UeKZYCq3s0E,00006,-4.234586727001817,19.52
train,trainval,gh5VhaicC6g,50053,0,pretrain,97MWOERYSdE,00016,-3.4722192589531575,5.824
train,pretrain,7npLVcymHGc,00014,0,pretrain,A9kQBAH1nK4,00017,5.890473698114338,5.12
train,pretrain,jeOumyTMCI8,00009,0,trainval,ZIVSJYazE9s,50001,1.1745996376249046,3.648
train,pretrain,UiDJFGroD3U,00004,0,pretrain,AQ8cpjEdpmI,00015,-1.8679977146717235,8.64
train,pretrain,LH8MPbFoRjw,00016,0,pretrain,mf5otGNbkuc,00005,9.919323507566737,4.928
train,pretrain,g9M3HIjHuq0,00025,0,pretrain,FqSVvAxDBRY,00009,-6.069160509343867,8.704
train,pretrain,Qt3nVFtjUzk,00002,0,trainval,HbQZ7jAvgoI,50005,-1.2228093197293521,2.56
train,pretrain,kjmsb9pDrF0,00031,0,pretrain,TXaXvrd3jS4,00001,1.0643595402268673,7.936
train,pretrain,CfqO1U6lfDs,00022,0,pretrain,oIGBBPspTKM,00025,-0.196628922182553,4.288
train,pretrain,hWnZKAXSv3s,00005,0,pretrain,ddek3gQVt9Y,00054,-4.1229715508067795,4.288
train,pretrain,sYOS4qOHxdg,00022,0,pretrain,YATYsgi3e5A,00003,9.336177967810187,12.736
train,pretrain,mDSuP2BsVy4,00014,0,pretrain,unSnvLgyf3o,00023,-2.2786361206605203,4.736
train,trainval,ggPh4X7UKwY,50009,0,pretrain,NwmGTM5Py8Y,00012,-4.416587139164953,4.928
train,trainval,OKNpguWW3Sk,50005,0,trainval,4sg9TlsMRVA,50001,8.100392526450541,5.376
train,pretrain,2PR51JQkib4,00009,0,pretrain,aQ8T4sySLxw,00003,0.981957703606275,11.392
train,pretrain,YsYHqfk0X2A,00011,0,pretrain,vhhgI4tSMwc,00014,-6.36043204437261,13.056
train,pretrain,h7u6NScSWtY,00014,0,trainval,s3IPatkuByA,50003,-5.501295259551777,6.08
train,pretrain,NXfYNdapq3Q,00043,0,pretrain,sK4rgGgqzmY,00014,-0.6669119405746855,5.568
train,pretrain,2JSZ66uMRwc,00046,0,trainval,cfR6tiSWSAM,50008,-9.05465585993725,4.288
train,pretrain,y9ALB39wRKo,00040,0,pretrain,8olL43PKJKw,00008,-2.541106014404817,6.848
train,pretrain,aqhzFd4NUPI,00005,0,pretrain,30KJRb4MzSg,00018,-4.6992667887885275,8.448
train,pretrain,U2dHczVSCdo,00029,0,pretrain,vGzBcBZrOSw,00014,-8.477310724200054,12.48
train,pretrain,PB2OegI6wvI,00020,0,pretrain,RgqtrlixYR4,00002,-3.408695835960744,3.84
train,trainval,hJZ0pAoxksE,50009,0,pretrain,dY9f9bFctUE,00003,-5.1542175746210255,4.16
train,pretrain,EZ9tC3PigiU,00006,0,pretrain,ce31WjiVcY0,00032,4.395112763817446,7.936
train,trainval,Wj7hmzfX5eQ,50017,0,pretrain,lVQ3KUTHDe0,00037,-5.197788984524787,5.504
train,pretrain,kSGFq12w5WU,00005,0,trainval,XzDNfLnUOYY,50002,0.08305926641274297,2.24
train,pretrain,6W2dsnhC18Q,00007,0,pretrain,mPCDOij0bB0,00033,6.4598601087628325,4.928
train,pretrain,kmNxhFFZWpM,00029,0,trainval,CWU13rx44j8,50028,6.912798820174494,5.888
train,pretrain,yq3TQoMjXTw,00033,0,pretrain,LiyaSr5aeho,00025,-1.9124078648143161,14.336
train,pretrain,7JsNH7A4qM0,00005,0,pretrain,8cboEp70nvg,00005,-6.806740150621293,5.056
train,pretrain,qzR62JJCMBQ,00017,0,trainval,DGulIdIS3XE,50003,-5.009148193390079,6.08
train,pretrain,maCww8AXIvg,00008,0,pretrain,dY9f9bFctUE,00037,8.250876875181685,7.36
train,pretrain,NRXCxJGQ4KY,00033,0,pretrain,bfAzi6D5FpM,00025,-2.502034561174682,12.224
train,pretrain,IaWeJ8V3pg4,00014,0,pretrain,p2MEGk5q1WI,00004,8.892021978035189,6.208
train,pretrain,M8CTOjQhJFo,00007,0,pretrain,aOW7JZaqKGA,00030,2.362258266154271,6.08
train,pretrain,qaue72D9pSI,00020,0,trainval,FnL7I6tESAs,50001,-7.428209537993697,3.712
train,pretrain,EpFCykE9Lk0,00002,0,trainval,PnMsSqLwaes,50008,2.7325080955715535,6.208
train,pretrain,pWX1oQEGl90,00019,0,trainval,w6vVXmwYvgs,50002,5.846321786530259,6.208
train,pretrain,ge3SS1hOm1s,00011,0,trainval,tiWwrdMqvvM,50027,-0.36387622364836325,3.52
train,pretrain,cWpRxyqDgpM,00019,0,pretrain,LJhklPJz9U8,00003,-6.479267973474352,3.584
train,pretrain,CiJ6ybBSm10,00027,0,pretrain,1sgb2cUqFiY,00010,-6.576833059272682,7.552
train,pretrain,KCL8NjN7FMQ,00038,0,pretrain,mbbMLOZjUYI,00006,-2.9729297329667066,3.712
train,pretrain,eUznJ3LtvGc,00030,0,pretrain,DUd8XAS5HEk,00039,-1.8998403696362036,7.488
train,pretrain,tV2RLLtOgL4,00013,0,pretrain,3f6xCzKx9CA,00006,-6.634878174739905,4.096
train,pretrain,1BHOflzxPjI,00013,0,trainval,5Walt8nPINM,50006,9.082549895699607,4.48
train,pretrain,FwFqvOFefqg,00018,0,trainval,OXQwtTOnLvg,50009,9.943901473710934,6.016
train,pretrain,uFIc7XEVyM0,00038,0,pretrain,2jTdZSPBRRE,00024,-0.6991710485446099,4.736
train,pretrain,SeBUcBfkVCo,00015,0,pretrain,9VXOknUbzBM,00011,5.47752792102218,22.4
train,pretrain,AoAbPIbGLUo,00041,0,pretrain,GOCUH7TxHRI,00013,3.1323795846598994,8.896
train,pretrain,5pXelS1clHs,00011,0,pretrain,NgbqXsA62Qs,00023,-5.294543328112409,6.272
train,trainval,eHzLV1LM4Rs,50001,0,trainval,wSepGxx36To,50013,-5.128542854592553,6.016
train,pretrain,zSqYtUeKUl4,00014,0,pretrain,YhJPoyv8O3A,00038,2.420258038506768,11.776
train,pretrain,fDzj9vRw5yM,00014,0,pretrain,DcKdClnpz4k,00055,-2.7376255084414014,4.16
train,pretrain,LJhklPJz9U8,00030,0,pretrain,bGBamfWasNQ,00024,0.2632081795971608,9.536
train,pretrain,JmCtZzSRztQ,00020,0,pretrain,u0VHC1SDOS8,00017,3.225075064608319,6.464
train,pretrain,PiVB5niLrWg,00025,0,trainval,jSOPQgPIdKg,50021,-9.361852309261124,6.08
train,pretrain,sgTjCpBOeCU,00014,0,pretrain,uRdQS2sjF2s,00010,0.04975613348389274,19.648
train,pretrain,qQSPUXPVlos,00008,0,trainval,iQsnObyii4Q,50001,-5.491027448040253,6.208
train,trainval,9ebJlcZMx3c,50007,0,pretrain,1BfMMoLYMlg,00023,-0.07859111909039385,2.048
train,pretrain,t4kyRyKyOpo,00006,0,pretrain,gto6w0a13B0,00027,1.9097714017966734,5.824
train,pretrain,G0jxiJzIiz4,00017,0,pretrain,erg8sDIYjmw,00020,-7.1243614152726735,15.36
train,pretrain,Q0lARjgVnIU,00010,0,pretrain,whjLZogf9e0,00003,-4.924098260960177,7.744
train,pretrain,5HL1BEC024g,00038,0,pretrain,6weGCM3sWKc,00001,9.518320386156248,2.496
train,pretrain,SXYwKxdxfF8,00010,0,pretrain,IYDqtxvKDW4,00006,4.100098024664822,8.512
train,pretrain,gLgNjywpKsY,00009,0,pretrain,j97WsAz3CDY,00012,-3.402213026478355,27.456
train,pretrain,t0pwKzTRG5E,00004,0,pretrain,h7qKzqQnjXw,00002,-0.0091097159206317,7.744
train,pretrain,ZLiUelSu7s8,00007,0,pretrain,YJM6WUNDnhA,00005,0.7028010914019163,6.336
train,pretrain,YO0lbdhF30g,00010,0,pretrain,3YcZ3Zqk0a8,00002,-9.286954088452806,5.376
train,pretrain,lfrG2bidW5g,00009,0,pretrain,BsFxokC02sg,00017,3.5582938831603528,2.624
train,pretrain,N0vRIqeoefs,00003,0,pretrain,9i7cGZadEV4,00007,-2.531791888664525,6.016
train,pretrain,WNj1Y11tSx8,00011,0,pretrain,z8UevNKDFKU,00001,-1.9868171579082876,4.416
train,trainval,bSiGZPtWXzE,50032,0,pretrain,NCPzjiSS2Oo,00002,-8.335733119568294,6.08
train,pretrain,XX30i6nC7ro,00026,0,pretrain,bRQahFJUSJQ,00008,5.9309726754595555,4.608
train,trainval,aIFFFGf1ZRE,50019,0,trainval,In6iAXTnqEo,50008,-5.219081909184942,2.88
train,pretrain,2Shh4UkPVCc,00024,0,pretrain,iNOE0dZpHcY,00056,9.724723236960003,4.736
train,pretrain,w5T0wS1OdMo,00017,0,pretrain,sQNtu4kpd64,00004,1.638151681756323,5.888
train,pretrain,93fJ33L9OKw,00037,0,pretrain,5pIGDw18mIQ,00010,-7.420682660348515,2.752
train,pretrain,d25l1aPz2kc,00018,0,pretrain,Skl42b9B9yA,00014,0.802395672038017,6.336
train,pretrain,85bqT904VWA,00018,0,trainval,jguSkEMwrcc,50001,2.4521931749766424,4.928
train,pretrain,qCrVpRBBSvY,00003,0,pretrain,3DsHHfu4Sco,00007,4.7381402789895475,7.168
train,pretrain,uYaF8pSTNSU,00059,0,pretrain,CBJMFvcR8PQ,00018,-8.610783173134209,6.528
train,pretrain,Ftow7dSpaiY,00017,0,pretrain,mJxA8eIWQUc,00045,-4.6494211535782455,4.608
train,trainval,aEjUlH7bNDo,50004,0,pretrain,uWfLwKHSEko,00008,-3.9491409858426163,3.648
train,pretrain,JKsHhXwqDqM,00019,0,pretrain,Kp13yOhLEbU,00045,-4.717127734856998,6.016
train,trainval,5XD2kNopsUs,50002,0,pretrain,dcySuzHPCWM,00021,6.4153876229050155,5.12
train,pretrain,YrtANPtnhyg,00019,0,pretrain,HpAaSOgpi50,00025,1.0342109569835536,15.552
train,pretrain,hfznpykprP0,00046,0,pretrain,7shXEFuxHAA,00003,-1.2791580095886719,5.632
train,trainval,Z9dt5qlgO24,50007,0,pretrain,BQOz6OVz1zc,00022,1.2759954632024844,2.176
train,pretrain,gZCgWmose3c,00001,0,pretrain,4bsiMd1zQ3s,00003,-8.073475344578346,3.84
train,pretrain,HfotnZVEq80,00015,0,pretrain,JLLpWtHbMAo,00018,-2.7740054325614727,11.328
train,pretrain,CqasLvlSWGU,00006,0,pretrain,SU1foLW8h54,00013,4.839567143187773,4.224
train,pretrain,yVwAodrjZMY,00018,0,pretrain,ShY9QSdaReY,00026,-0.620015110485383,13.824
train,pretrain,vFPkEIGUofc,00033,0,pretrain,ttRhMPgpoOQ,00022,-0.1769440517075438,8.192
train,pretrain,iYwAMccbhYs,00017,0,pretrain,sE3gxX5CiW0,00001,8.042747050050586,8.192
train,trainval,p49rv25dx0g,50001,0,pretrain,ZJXxySanins,00018,-1.0135573403639153,5.76
train,pretrain,CEN4XNth61o,00054,0,pretrain,GOCUH7TxHRI,00005,-8.531936915816667,4.288
train,pretrain,b3H9V1jq0A8,00001,0,pretrain,Ytw0I6ytRto,00013,-1.4644167609420649,6.848
train,pretrain,eCknUJJc3qU,00023,0,pretrain,co2enjjt3J0,00002,-0.946006796492151,3.968
train,pretrain,klLtDoVkZ98,00007,0,trainval,5XD2kNopsUs,50005,-8.299225330950055,3.328
train,pretrain,VCRcGKpjWtU,00006,0,pretrain,8olL43PKJKw,00008,3.800770234118147,12.992
train,trainval,rB6WmWvvyxg,50004,0,pretrain,OF5VVrsnpzo,00009,4.186863341589326,4.16
train,pretrain,axRSF7ku0Zg,00017,0,pretrain,7jx0dTYUO5E,00037,0.8342339288374632,6.272
train,pretrain,Mu00S1dAMl4,00016,0,trainval,wgPLGS1BvQo,50015,8.865380774368408,2.688
train,pretrain,gLgNjywpKsY,00003,0,pretrain,nPGVm6OesQk,00025,-6.080230127214596,4.416
train,pretrain,IzPcu0SETTU,00024,0,pretrain,tRqVPRwKn2o,00016,-1.0649174319691,5.312
train,pretrain,tVIaoQrnAxY,00018,0,pretrain,46w99bZ3WSM,00024,-9.467266844309947,7.168
train,pretrain,iTdZn78u6pI,00010,0,pretrain,SgsbNR2pIts,00023,9.484680201221384,18.496
train,pretrain,rN7VcY1fS1Q,00027,0,pretrain,3lxyiS3CGrk,00014,4.371863302303314,5.888
train,trainval,7DLzXAjscXk,50004,0,pretrain,K9SQUZbAIoY,00025,-0.6311520468594072,2.688
train,pretrain,iONu2ndDmHM,00003,0,pretrain,PdxPCeWw75k,00019,5.339669694294159,8.768
train,pretrain,xY7kVVS2HVY,00001,0,pretrain,RPjqPHCMJHU,00006,-7.094085559644867,16.448
train,pretrain,B9DdIivSGts,00061,0,pretrain,tZsQP9gl6RQ,00002,-2.170987514513474,5.76
train,pretrain,2ju61VPdTzw,00005,0,pretrain,bC0hlK7WGcM,00024,9.78604564027333,11.52
train,pretrain,bdEF9WEiO5g,00002,0,pretrain,emeEpzkf044,00010,4.610000114481426,5.632
train,pretrain,EL9TBKSdHXU,00011,0,pretrain,RvpXNXXP5Vc,00008,5.155255100306746,2.24
train,trainval,oAl82gFMZis,50001,0,pretrain,SS6ZojCzNGY,00046,1.847829792378148,2.688
train,trainval,jeOumyTMCI8,50001,0,pretrain,Mu00S1dAMl4,00016,8.48354130476735,3.392
train,pretrain,B9DdIivSGts,00062,0,pretrain,YhCkjRXgnDw,00015,2.9309501167341203,3.136
train,pretrain,tX6YpAf6Sco,00020,0,pretrain,AFRmGkdXkxA,00017,0.21052911445774214,11.968
train,pretrain,9XRPbFIN4lk,00011,0,trainval,UVqoIgh7bcw,50001,2.2651002667107356,6.144
train,pretrain,7vsO7SHLJMI,00041,0,pretrain,tMQ4OxOxgrc,00005,-4.475543505351133,7.04
train,pretrain,IHBGLHgIWJM,00018,0,pretrain,ElJxUVJ8blw,00028,-1.5766835564143822,3.52
train,trainval,xY7kVVS2HVY,50007,0,pretrain,q06YIWCR2Js,00011,-6.375945893457953,2.816
train,trainval,l5Bbg96VODk,50003,0,pretrain,PB2OegI6wvI,00060,7.979230915696029,6.08
train,pretrain,mMasmrJOmEo,00008,0,pretrain,UROCz70tlMY,00030,-5.344711265894584,3.84
train,pretrain,PdxPCeWw75k,00005,0,pretrain,Ftnb2fpJ664,00015,-5.6637494094399665,8.256
train,pretrain,oJfFMoAgbv8,00031,0,pretrain,WWloIAQpMcQ,00011,5.739259890136079,2.88
train,pretrain,jkEgngW766Y,00001,0,pretrain,WsmVX5C1HXY,00006,7.981883192334557,8.0
train,pretrain,qGSYmIPFO68,00016,0,pretrain,iST7tCMUDXU,00004,2.3359944121308747,4.352
train,trainval,GjINFuwLGvQ,50004,0,pretrain,tF1oSdNwE8c,00029,5.913097548480547,3.648
train,pretrain,w2mJMS09Qjk,00015,0,pretrain,P6w7Eq7YhL8,00026,3.409354107057931,4.416
train,pretrain,tRqVPRwKn2o,00008,0,pretrain,DG7kSeazMQ4,00042,3.8506616697475042,8.256
train,pretrain,utV1sdjr4PY,00018,0,pretrain,RjyxIsE3V2g,00019,9.364366565723763,7.232
train,pretrain,Ssl0043HgQU,00011,0,pretrain,k4vzhweOefs,00070,-2.121459324848445,5.952
train,pretrain,4AUSqB0RVNY,00004,0,pretrain,4oFGmxZ2nqE,00020,-0.8786208654883829,3.84
train,pretrain,VbeekjZPSCI,00003,0,pretrain,g9M3HIjHuq0,00011,1.0411869397419604,10.368
train,pretrain,HFFBkbsSFY0,00042,0,pretrain,SwT0YLKbwoU,00011,-3.1453138786558243,5.888
train,pretrain,5pXelS1clHs,00020,0,pretrain,4O2JKS94g3Y,00002,4.406255302686974,5.248
train,pretrain,St7SxHszKws,00029,0,pretrain,L51h8BBu7b8,00021,0.3317426125144163,5.76
train,pretrain,TuD3IerTOms,00033,0,trainval,jobYTQTgeUE,50018,7.709186158153969,5.632
train,trainval,2L4BSVpvx1A,50006,0,trainval,dsT5eVSm7BA,50015,-2.1263196759987046,4.096
train,pretrain,y9ALB39wRKo,00020,0,pretrain,Sid0oc0w3mQ,00013,3.872123428767452,6.08
train,pretrain,I1cGiNnJZgU,00026,0,pretrain,eyq2Wo4eUDg,00011,-6.473831030217221,6.336
train,pretrain,jkEgngW766Y,00010,0,pretrain,OSGHRMKrVM8,00026,-7.021911890988717,4.672
train,pretrain,MLKj1puoWCg,00008,0,pretrain,InukG97C8wY,00007,0.49529570167673675,16.0
train,pretrain,P65XdTlk4vA,00025,0,pretrain,E2qmkUsf6Y4,00020,-7.724522557006523,8.0
train,pretrain,SJWoKsfsSaA,00048,0,trainval,zSWppsceZ1c,50006,-9.144764813467583,2.496
train,pretrain,bXRCVHVstEY,00032,0,pretrain,D1QoyTmeAYw,00009,-8.115081652708671,14.912
train,trainval,JRWC1UlMjZQ,50004,0,pretrain,BBSVLGf7zPI,00010,-0.5952204897343414,2.816
train,pretrain,xuAAPsiD768,00019,0,pretrain,hLltkCSG5dY,00002,-2.074002778260504,6.72
train,trainval,yxC30tEjZk8,50007,0,pretrain,Bk9wQD6eYts,00023,4.584486734658736,4.288
train,pretrain,ZqeASpsKn2E,00010,0,pretrain,d6wGSsAdP0U,00025,-7.536568864213371,6.016
train,pretrain,x5LshSZn5RA,00012,0,pretrain,9XFeW9dgyIs,00016,-5.493402423130462,6.528
train,pretrain,a5xR4QB1ADw,00016,0,pretrain,W0StyxgMk1o,00037,1.752112074790304,7.488
train,pretrain,gzcwS02ZB1o,00013,0,pretrain,85bqT904VWA,00042,3.627493250794622,4.672
train,pretrain,FrxDrpi1XNU,00011,0,pretrain,E6ynZcLdi2Q,00017,5.249434103078984,6.016
train,pretrain,z5aAJGNSRHs,00006,0,pretrain,zkQL7UJYDIY,00017,-3.3742025581770596,5.12
train,pretrain,WNDWYW4yWEM,00020,0,pretrain,ygRNoieAnzI,00002,-9.433537606585542,11.648
train,pretrain,dO6AuQR9R7E,00011,0,pretrain,MtSE4rglxbY,00024,-2.082064172976623,8.192
train,pretrain,3vJ4SUH38dQ,00001,0,pretrain,5aH2Ppjpcho,00018,-1.2359333335841693,9.728
train,trainval,1VRgmKiE0Js,50004,0,pretrain,eXp5QSfXLQU,00005,-3.2352320101055483,6.016
train,pretrain,xSLkNjQyHww,00012,0,pretrain,tiwVMrTLUWg,00013,-8.687408522240862,3.776
train,pretrain,cmFSHbPSjd0,00004,0,pretrain,SS6ZojCzNGY,00017,3.336669135917891,8.64
train,pretrain,V48M5jS6zdE,00027,0,pretrain,bLGTrz1Zolk,00032,-3.9766035407780205,4.032
train,pretrain,ocqn3wYTCRM,00011,0,pretrain,DJGreSgaOTc,00003,-2.3300758360165608,5.568
train,pretrain,zMAU8SY8pMs,00002,0,pretrain,AoAbPIbGLUo,00022,-6.988570358252075,8.256
train,pretrain,LUO3jqMlWkE,00018,0,pretrain,MbdxeFcQtaU,00014,3.555822031707244,3.968
train,pretrain,xuAAPsiD768,00011,0,pretrain,Kc0Kthyo0hU,00038,5.090042764706457,6.784
train,pretrain,qL7UlSA6rRk,00021,0,pretrain,0ygtX2nyexo,00005,-8.80135828163068,18.688
train,pretrain,bczm0RsIZUM,00022,0,trainval,u9FSvAVQvGM,50004,9.929072120623264,6.08
train,trainval,N37x4GgDVBM,50018,0,pretrain,Qi8MoU6g8Sc,00008,-0.2013229942813215,4.288
train,trainval,pOWgXxoSTNM,50019,0,pretrain,4u636RVZTIY,00007,-2.057263320723939,2.112
train,pretrain,hPI0TM75lXA,00008,0,pretrain,488ZBeaGo6s,00022,7.588170038110846,9.344
train,pretrain,mK2TDdEP58g,00026,0,pretrain,nW5VhQyc4Fg,00006,-8.999503384316352,5.568
train,pretrain,7Mqse6SLOds,00021,0,pretrain,xY7kVVS2HVY,00008,-4.800450255265716,17.152
train,pretrain,S2SzP6NS9P0,00010,0,pretrain,CyElHdaqkjo,00042,6.659607492609183,9.856
train,pretrain,mwrLVvORugw,00010,0,pretrain,kTsqFn33RiQ,00027,9.637194030555484,6.016
train,pretrain,uVAaZVz9pDs,00009,0,pretrain,xMjSPS6H69g,00018,7.258809077829753,3.776
train,pretrain,1mUDw0sRZV0,00024,0,pretrain,J8xfuCcXZu8,00013,-3.6396459061496245,4.032
train,pretrain,k7djE1X16og,00017,0,trainval,9P73k8m3Ytw,50011,8.001752628145454,4.928
train,pretrain,THJUvXkqmBk,00033,0,pretrain,1OQkdRdfyjI,00005,3.450656648337782,11.648
train,pretrain,iunmpgOnpqM,00009,0,pretrain,FuahzV12mi0,00006,0.15620817690475874,5.248
train,pretrain,6k8YBJ5sgko,00039,0,trainval,iW4fCwfw1vg,50023,2.9355576032187365,3.008
train,pretrain,oDdcx5luv5s,00013,0,pretrain,tSSNoFstCmQ,00023,-9.49366724388165,7.232
train,pretrain,btF6nKHo2i0,00074,0,pretrain,KyamsZXXF2w,00032,5.229414520250762,4.992
train,pretrain,NRXCxJGQ4KY,00003,0,pretrain,OyPGDBOqPFs,00006,-8.36639435121766,6.08
train,trainval,2K6P014XXmQ,50008,0,pretrain,b2qM1ISJCEQ,00046,1.395298069081008,4.608
train,pretrain,eGoSdLNceEk,00039,0,trainval,JD4O7ama3o8,50018,0.7088755566876337,6.08
train,pretrain,fnS9f5x0f1Q,00013,0,pretrain,pWaxi4H2xPU,00016,0.449167725722857,8.256
train,pretrain,0bRocfcPhHU,00014,0,pretrain,RPicL1AWrs8,00017,9.455354191657683,7.488
train,pretrain,SeBUcBfkVCo,00010,0,pretrain,wvCMZBA7RiA,00023,-4.992517364090374,6.656
train,trainval,7npLVcymHGc,50001,0,pretrain,HH3m1OSiOT0,00036,4.6438466281011515,2.432
train,pretrain,FpHPVrsEkYY,00013,0,pretrain,B905LapVP7I,00006,8.032586501406648,4.288
train,trainval,mDSuP2BsVy4,50001,0,pretrain,p9UC0chfXcg,00004,-0.825991132803674,2.816
train,pretrain,uNQujCwCu88,00042,0,trainval,0iTehgSOZ8A,50010,6.508905134645136,6.144
train,pretrain,eRQdAOrqvGg,00039,0,pretrain,oimk352QvAg,00008,-2.92081295479671,9.088
train,pretrain,o3oDpCb7VqI,00004,0,pretrain,2OlhCITl1J4,00007,4.575436241225546,13.248
train,pretrain,boSGZ3qSAys,00028,0,pretrain,Qj4xf3U8dh8,00010,9.890196356825022,5.12
train,pretrain,F17SKiAZOxg,00039,0,pretrain,vrU6YJle6Q4,00004,-2.754219879241373,3.008
train,pretrain,GP4sBGbeF8w,00006,0,pretrain,fSSNmDcLMKA,00012,6.619430689858081,10.368
train,trainval,bSiGZPtWXzE,50074,0,trainval,GmSfwNFkNJ8,50001,-4.151247321215969,4.864
train,pretrain,73rUjrow5pI,00010,0,pretrain,XgRlrBlS7Yg,00010,-2.9143177073735433,2.496
train,pretrain,Yo5cKRmJaf0,00031,0,pretrain,NPSelwWdPa0,00018,3.5045847180427856,5.376
train,pretrain,wWLf4u2xJVM,00007,0,pretrain,8iZSsHd0IlU,00015,3.292864631656098,7.168
train,trainval,jfqwHT3u1S8,50010,0,trainval,qQIwTWJSd2I,50016,6.102419393580831,5.888
train,trainval,zvvZEIGNLo0,50002,0,pretrain,LsESSyMnwmU,00026,-4.444136018276454,2.496
train,pretrain,BsFxokC02sg,00039,0,pretrain,mLSFzBUAHuQ,00002,6.1182077191695186,7.232
train,pretrain,XVXmYD0UPRQ,00016,0,pretrain,MywGrRvNkWQ,00008,-9.221336928903803,5.056
train,pretrain,GDnYDLERnRE,00031,0,pretrain,5duz42kHqPs,00016,-6.165862742513275,4.16
train,pretrain,hh2Z2hSgFIY,00015,0,pretrain,488ZBeaGo6s,00017,-4.226052240767338,7.104
train,pretrain,weWl6PqAdHY,00003,0,pretrain,d0a0eXJ5TJM,00009,-7.482027098620961,5.376
train,pretrain,Mjoxh4c2Dj0,00045,0,pretrain,UxLRv0FEndM,00013,8.409990577980551,6.656
train,pretrain,BDOSUiEh0eY,00026,0,trainval,SS3qnZrVy9o,50005,-6.54425538502365,6.208
train,pretrain,hbkBSjNGSzE,00011,0,pretrain,UIAm1gSVgn0,00030,-6.038864029085165,4.608
train,pretrain,a9SWyvRyLQU,00001,0,trainval,56WGgJNBRxQ,50031,8.811583833153641,3.776
train,pretrain,7SrGFfZMJ6Q,00007,0,pretrain,tBbyP0P7BRg,00011,-0.07750494033773236,8.512
train,pretrain,9RTkZaX1cH0,00013,0,trainval,vzKA1y3cdYI,50011,-8.725506668539474,6.016
train,pretrain,HJqtUUDhaxA,00048,0,pretrain,GB4s5b9NL3I,00002,-1.9941001416725328,6.528
train,pretrain,tiwVMrTLUWg,00021,0,pretrain,lU1ISu1LOv4,00031,1.4650662787955948,4.352
train,pretrain,6qqqVwM6bMM,00004,0,pretrain,C4pHPSpgwlI,00007,-1.6886054996057709,9.28
train,trainval,3PQrElyu9HY,50003,0,pretrain,y2yka9lyvMA,00001,-8.168843790468461,3.904
train,trainval,HR9956gDpUY,50005,0,pretrain,YhG1Bgbsj2w,00003,-0.23423889438374879,6.144
train,pretrain,5tUnSuoYKoE,00058,0,trainval,RjyxIsE3V2g,50030,-3.5863287720949044,6.208
train,pretrain,ukgnU2aXM2c,00031,0,pretrain,hSSmmlridUM,00010,-8.397686597423066,5.632
train,trainval,hTAXEq6zLo8,50003,0,pretrain,iNtNP6LGek8,00004,-2.0956644663608888,5.44
train,pretrain,lD69n6Ur2P8,00002,0,pretrain,pF72px2R3Hg,00003,3.6574000573117633,6.08
train,pretrain,49aWAHqi200,00002,0,pretrain,9VXOknUbzBM,00019,3.2891485674648244,11.328
train,pretrain,0P0mBj09vwk,00001,0,pretrain,vY2l2xfDBcE,00040,1.9566339044551757,4.288
train,pretrain,XX30i6nC7ro,00025,0,pretrain,Ssl0043HgQU,00022,-3.5085033173504616,3.84
train,pretrain,hiM48jSNZOU,00026,0,trainval,maCww8AXIvg,50001,8.039323723193768,2.432
train,pretrain,RdPHxiTAN2M,00007,0,pretrain,Ufs8cKyzLvg,00010,6.022176725139602,5.184
train,pretrain,OT9poHSD2Iw,00016,0,pretrain,Y350oOiunf4,00012,3.508670235976961,3.776
train,pretrain,P6w7Eq7YhL8,00025,0,pretrain,GqGksNRYu8s,00035,-2.504838044328908,5.184
train,pretrain,q2k2Xbfuy1I,00006,0,pretrain,P9YbrVFoX0Q,00009,-6.998339436232401,3.648
train,pretrain,pbotabqHUys,00023,0,pretrain,o0VrZPBskpg,00006,-3.7409660964666758,8.064
train,pretrain,eJCTAXbSBWs,00011,0,pretrain,6fJRmouSDL4,00008,-9.967021677783126,5.568
train,pretrain,cpsRAk5HpK4,00022,0,pretrain,4yyPSZSGLOI,00006,-6.592176734279944,7.616
train,pretrain,c00zfzk4gdg,00046,0,trainval,9EVEmZ2cSes,50029,7.7901353346517475,5.76
train,pretrain,DSbtkLA3GrY,00005,0,pretrain,itLUXZnLRn8,00030,3.5653162306754123,5.888
train,pretrain,xnovQVRHj5c,00058,0,trainval,U9BzgnX3z6Q,50003,-6.5091400664831145,5.504
train,pretrain,Ligs82S0qN8,00015,0,pretrain,oW91ATcgXVc,00031,2.2295280824905728,8.0
train,pretrain,LHd0vXDglb8,00011,0,pretrain,3lxyiS3CGrk,00003,5.848424063921755,10.88
train,pretrain,uYaF8pSTNSU,00061,0,pretrain,tlB1pFwGhA4,00009,-5.860343836531115,3.584
train,pretrain,te3u3MSpk1c,00003,0,pretrain,QBDShp6U7tU,00024,-7.4129865848341066,10.048
train,pretrain,ciStnd9Y2ak,00038,0,pretrain,KPzccnstSXg,00013,-8.652104396559446,6.976
train,pretrain,iSRWMLMBkqk,00008,0,pretrain,aTfwA1TaH3Q,00012,6.853238879324387,13.568
train,pretrain,mK6IdD4GXPo,00017,0,pretrain,Y9DsAmzNkWk,00015,-1.9332696781614302,9.92
train,pretrain,JTX0diTlUFU,00006,0,pretrain,Z2Z3P8E0tos,00007,-7.128941386216665,18.432
train,pretrain,tVoE8eSu4bw,00021,0,pretrain,6gSwRHScq6M,00010,-1.0448959919438465,3.648
train,pretrain,2zvjW9arAZ0,00033,0,pretrain,acJscdoP2a4,00030,-9.641730954596861,12.864
train,pretrain,SgKCzdT60Uo,00023,0,pretrain,G5pvUaMgfC8,00017,5.53800784548147,3.776
train,pretrain,c73Q8oQmwzo,00024,0,pretrain,MAQihRikgZM,00018,5.035906611165753,3.264
train,pretrain,W4I68CGUV3w,00006,0,pretrain,iE7YRHxwoDs,00018,5.416131455780857,5.568
train,pretrain,TexXAuRSe0g,00001,0,pretrain,N1R84S5DYEA,00001,4.807482080193058,8.32
train,trainval,lV3trdyDdHE,50004,0,pretrain,hsSYuHv0vUk,00023,0.2578311131205613,2.048
train,pretrain,qQJHZZwI8zE,00007,0,trainval,XBaRdmEVy8s,50002,2.6884467422273914,3.584
train,pretrain,8LQhhYgjlJ0,00003,0,pretrain,iWHq2mSHwhw,00022,-7.089491398133787,6.08
train,pretrain,kWnsmzSSgdI,00019,0,pretrain,jodhovumkHQ,00002,-5.607752904251518,3.904
train,pretrain,xfjZStWFxpA,00002,0,trainval,0iTehgSOZ8A,50028,8.458976655284573,3.52
train,trainval,asgdGSGQBgY,50007,0,pretrain,pj2YxCAnqx0,00024,-5.876159714040461,6.08
train,pretrain,zMWYQRKuc5M,00019,0,pretrain,1gAQ82IHyZ8,00008,7.708449151748805,3.84
train,pretrain,SQdPW8JrYzQ,00006,0,pretrain,qErZ2AQDMB4,00020,-2.669106484001973,3.2
train,pretrain,eJZSzNuKX7c,00013,0,pretrain,SGzenQjZSpU,00001,-9.141754591575975,3.456
train,pretrain,R7vmHGAshi8,00007,0,pretrain,WmJwn4WDeLE,00002,5.401706782796683,5.44
train,pretrain,LUO3jqMlWkE,00043,0,trainval,aUBawr1hUwo,50002,1.6920002862831467,5.888
train,pretrain,tRjqFPwcJgY,00006,0,pretrain,npFSbX7DZ6k,00035,-9.061487686439332,6.72
train,pretrain,x7I5BWWS0c8,00011,0,pretrain,j8T3bdqTdp4,00005,6.755346392530374,14.848
train,trainval,Sx1qkuvUxuI,50002,0,pretrain,aFBIPOSP7LM,00022,-4.751411912435357,2.176
train,pretrain,E0M1beV91js,00019,0,pretrain,WIebxoTx408,00017,9.847248593379106,5.12
train,pretrain,A3yBxsDv8lM,00002,0,pretrain,lDq9SQxvsNU,00028,1.412196141298928,12.928
train,trainval,I9tB6Q5bmcQ,50017,0,pretrain,b2MSSeKey4o,00029,0.058565418674000114,2.752
train,pretrain,MbdxeFcQtaU,00028,0,trainval,SdBPkbi4SR8,50011,-1.0779250079244704,4.608
train,pretrain,jodhovumkHQ,00034,0,pretrain,NtOoDN0ojxo,00004,-2.630006190081775,9.536
train,trainval,4wOxJOPnSUg,50001,0,trainval,rTMqGbTNkNg,50009,9.0398155038419,2.688
train,pretrain,Yz1sNBv7oAo,00011,0,pretrain,EijI8QaExDg,00018,8.877550508622885,5.248
train,trainval,KsSSMh1QhMc,50002,0,trainval,mWA2uL8zXPI,50012,0.6159045333979734,2.496
train,pretrain,rOVkASt39Uc,00010,0,pretrain,TdtoAQFStBk,00016,6.551855638487972,11.456
train,pretrain,ZK3S2rCHmPA,00012,0,pretrain,vhhgI4tSMwc,00029,-2.6526894000798347,4.416
train,pretrain,SIKqVKyyW6w,00009,0,trainval,Urk3xn7l3AM,50009,-7.771951805032549,4.288
train,trainval,jdpIKXLLYYM,50005,0,trainval,4lzs5wpLkeA,50001,-2.672430550255049,3.008
train,pretrain,Xe2nlti47kA,00007,0,pretrain,eGoSdLNceEk,00016,5.065578563265538,6.464
train,pretrain,h9SKyrHRhDo,00035,0,pretrain,qyecmU5r9SI,00011,-5.716594726380773,4.288
train,trainval,gjCwsdCssdk,50004,0,trainval,om6SewSRwtU,50035,-3.4533071849407744,5.696
train,pretrain,2L1R7OtJhWs,00037,0,pretrain,bRuU02haIK8,00011,-5.906813923153731,6.016
train,pretrain,uXlSmKZ7aSc,00023,0,trainval,esPRsTSlmw8,50008,-7.3362131781440665,2.368
train,pretrain,HYzrdn7YLCM,00009,0,pretrain,vNDhu2uqfdo,00004,-3.7660972451203634,8.064
train,pretrain,XiEQmcZi8cM,00021,0,pretrain,7s0CpRfyYp8,00019,-4.781688451057287,3.776
train,pretrain,ZCRC5S0kfiw,00024,0,pretrain,lYdk1NK9Sr0,00009,4.416445458215474,4.096
train,pretrain,VynSxLrtZaY,00039,0,pretrain,9XRPbFIN4lk,00007,-6.472169556770715,5.76
train,pretrain,NRXCxJGQ4KY,00003,0,trainval,P65XdTlk4vA,50013,0.5467916617768243,2.048
train,trainval,ufUkAQOQaXU,50002,0,pretrain,D2IQkKE7h9I,00002,-2.013876264470924,2.816
train,pretrain,rcdwNSDSTl4,00018,0,pretrain,Gk9T7ngEijs,00023,5.097258161783824,12.288
train,pretrain,uS3UYncNwz4,00003,0,pretrain,h27g5iT0tck,00025,6.095193936316722,4.8
train,pretrain,MAQihRikgZM,00022,0,pretrain,oX1C3Jn05OE,00005,-1.9959066523353641,3.456
train,pretrain,XRWTyUVh0BQ,00033,0,pretrain,fSf5wNwS2c0,00006,-9.651535381174245,5.632
train,pretrain,Rz8m1yDE0ms,00013,0,pretrain,ANFQPEkczYc,00003,1.2330637583428565,8.64
train,pretrain,adijpJHdWIU,00001,0,trainval,PJUIXSpLoVk,50006,9.477742089217251,6.144
train,pretrain,MKKGS38vCO8,00035,0,pretrain,CtvIX4s1bTU,00005,-4.075423995249372,6.848
train,pretrain,xnovQVRHj5c,00041,0,pretrain,bRuU02haIK8,00027,-2.4448232073872784,4.096
train,pretrain,qtOIh93Hvuw,00007,0,pretrain,oA0ws8rwdSc,00011,3.9311367029538236,6.592
train,pretrain,sAUIAChAmc4,00003,0,pretrain,VQRjouwKDlU,00025,3.997780377313431,7.68
train,trainval,vVY8L56oxSM,50001,0,trainval,EL9TBKSdHXU,50001,9.919377861257537,5.248
train,pretrain,mmhedbY8wjU,00011,0,pretrain,KVhWqwnZ1eM,00005,0.9628774728004181,4.288
train,pretrain,VbeovM4RCh4,00004,0,pretrain,6AvXhgXlGpE,00044,-2.492192078040909,4.288
train,pretrain,P1sbSJK1LiI,00007,0,pretrain,AQcUeQsljSs,00003,5.826491423105489,6.4
train,pretrain,86xSuStz0MA,00060,0,pretrain,tTvIEUGCigk,00046,-9.788843069399151,16.256
train,pretrain,JiwZQNYlGQI,00042,0,pretrain,KzeQSZ3bQ2g,00018,8.774707129129226,6.912
train,pretrain,U4Lx5rcii38,00028,0,pretrain,Pro06WQG77M,00009,-0.21831815141936595,6.08
train,pretrain,twG4mr6Jov0,00043,0,pretrain,oxpJGynSHJU,00003,-9.049095507691833,5.44
train,pretrain,4fyvDMFriRI,00009,0,pretrain,mArrNRWQEso,00016,9.140895592879687,9.728
train,pretrain,KxDwieKpawg,00012,0,pretrain,KTTtn0iSZyA,00022,-6.993666856513549,11.2
train,pretrain,zvvZEIGNLo0,00022,0,pretrain,0C5UQbWzwg8,00041,2.6629217740207682,8.704
train,pretrain,GpKrM8GQwOg,00011,0,pretrain,VSJpBJal3F8,00005,-1.6908204297252816,5.44
train,pretrain,yrcaHGqTqHk,00006,0,trainval,23FRUuLcQ6A,50002,5.318475070737618,5.824
train,pretrain,kWnsmzSSgdI,00025,0,pretrain,R21MsHQA8vM,00033,-0.7210309642658963,3.2
train,pretrain,HY71088saG4,00014,0,pretrain,NU82HhqhEHM,00001,4.130752480864741,8.32
train,trainval,ElJxUVJ8blw,50035,0,pretrain,S0hxl03JoA0,00011,8.448513108491778,6.016
train,trainval,uo7w3g24DWo,50002,0,pretrain,4SIWhJvu0jU,00020,-7.389538031646776,5.568
train,trainval,DkocjGrWwvc,50002,0,pretrain,yDYCf4ONh5M,00033,-4.182533982370504,4.352
train,trainval,fSOupkS4VVo,50006,0,trainval,z5aAJGNSRHs,50008,1.902481165663474,3.648
train,pretrain,RxyQNEVOElU,00020,0,trainval,yqU0SsbENgE,50003,-6.951454337495628,2.048
train,pretrain,lQDxasFKQCA,00024,0,pretrain,RKEvMcte768,00006,1.4934523134063262,8.576
train,pretrain,FpHPVrsEkYY,00044,0,pretrain,uS3UYncNwz4,00009,-1.2795992465921664,5.632
train,pretrain,KTTtn0iSZyA,00027,0,pretrain,Wm0GKnd3JvA,00004,1.5245794966602837,5.248
train,pretrain,LWQfeSSfNbs,00005,0,pretrain,AlCqyZEXM1I,00009,8.321464354038358,6.464
train,pretrain,mLufqwmPl1A,00005,0,pretrain,5w5BhwLzoqg,00027,5.491328557310588,6.72
train,trainval,deT1mILtFEY,50003,0,pretrain,AlsFSLXjVdw,00001,5.573895671802983,4.16
train,trainval,7DLzXAjscXk,50022,0,pretrain,Mpge4XQqfac,00003,5.348390155810904,3.776
train,pretrain,jxKUDXrtDFI,00010,0,pretrain,jgnqlZUI4n8,00007,3.365514718466013,7.616
train,pretrain,6bCHq1OvGR4,00002,0,pretrain,JaFSfq2Zn7I,00012,-6.627354859908974,4.16
train,pretrain,7rMYfiRNT7g,00024,0,trainval,SJWoKsfsSaA,50010,-6.777439315842944,4.544
train,pretrain,8gSAkUOElsg,00038,0,pretrain,7Y9W1Gex660,00011,-2.358197562709961,3.008
train,pretrain,jpuDyGgIeh0,00011,0,pretrain,luoKOkTxOtU,00006,8.660401220972393,13.888
train,pretrain,SfHRcaS6r3w,00003,0,pretrain,dQijrruP9c4,00033,-6.27032119562398,5.952
train,pretrain,8dSDMQNoikU,00018,0,pretrain,SRSJX0qRVSw,00009,-8.596748746956195,5.376
train,pretrain,j3BKOnw9mD8,00011,0,pretrain,qZRSPO8NtJc,00023,8.69872729875543,9.344
train,trainval,FEeTLopLkEo,50012,0,pretrain,2URf46UY7SA,00020,1.6081131584680044,3.264
train,pretrain,LM3ISST2eg8,00011,0,pretrain,pgmiPXAwiLg,00032,7.28917253299786,8.32
train,trainval,tlB1pFwGhA4,50006,0,pretrain,wgKmdbTmbDk,00014,-3.7402000321313666,4.544
train,pretrain,iYwAMccbhYs,00011,0,pretrain,cnDEVgxD6QQ,00002,-4.607819121537993,6.464
train,pretrain,OkKhI6St40w,00001,0,trainval,k7djE1X16og,50009,-0.623414312764897,3.456
train,trainval,lfBpsV1Hwqs,50003,0,pretrain,0N6cjPWqpSk,00013,-7.845447556091436,4.608
train,pretrain,GOZOhpxSAFI,00013,0,pretrain,68c2M4r9oQg,00008,3.557113400729868,11.2
train,pretrain,zbHe4RpgV80,00008,0,pretrain,lAzQWtkPzbI,00017,-5.508222090429015,3.52
train,pretrain,zR8ReJoc1u4,00001,0,pretrain,HDjM5lw8OYo,00038,6.09137942700411,6.336
train,trainval,PJUIXSpLoVk,50001,0,pretrain,5Walt8nPINM,00006,0.9104627904849583,5.696
train,pretrain,1BHOflzxPjI,00014,0,pretrain,2j00U6lUCSc,00038,4.764387439073094,7.936
train,pretrain,SKx2lfobPuU,00030,0,trainval,53P0aypkpXY,50002,8.145569972637375,4.608
train,pretrain,NhYnouvrGS8,00027,0,trainval,fVLJU45SnLY,50010,8.647878672950615,3.392
train,pretrain,kSGFq12w5WU,00028,0,trainval,uXlSmKZ7aSc,50007,-0.7989458372116491,4.672
train,trainval,vo2cse4CoGM,50002,0,trainval,QAd54DkXCr4,50009,2.043096464625304,2.048
train,pretrain,cPL2FE7ZPTg,00011,0,pretrain,tRjqFPwcJgY,00008,1.9242791294744457,6.336
train,pretrain,HCJRXoYOoaI,00023,0,trainval,hFgPtuzgw4o,50010,-7.16716303667835,4.864
train,pretrain,3Z6x5t5A9so,00044,0,pretrain,JQ0iMulicgg,00021,-6.157377405444602,4.736
train,pretrain,tlS3r8Gid90,00019,0,pretrain,T33vGEPLSwg,00006,-0.8963565337940498,3.968
train,pretrain,4ZgwzSm7sRs,00035,0,pretrain,MLKj1puoWCg,00006,7.437128411574424,3.456
train,pretrain,2wu28tI9VkM,00017,0,trainval,vg8WAv0YT9c,50014,1.4321010335974176,6.016
train,pretrain,hSSmmlridUM,00019,0,pretrain,OGhbCC9mNM8,00024,-9.456645261556618,9.6
train,pretrain,fLJsdqxnZb0,00014,0,pretrain,xMjSPS6H69g,00011,0.9029529986070983,5.12
train,pretrain,3MYEtQ5Zdn8,00011,0,pretrain,RvnS3cCrl9c,00006,0.9481280393636542,14.848
train,pretrain,ydzNAuqUAnc,00025,0,trainval,5iqZzi9mj4M,50003,-7.939166520376723,3.648
train,pretrain,Qlg6izBqKxM,00012,0,pretrain,zSbCNWyYams,00001,9.713237833728307,7.936
train,pretrain,C74amJRp730,00010,0,pretrain,LsESSyMnwmU,00050,-7.205287660287569,7.36
train,pretrain,eRQdAOrqvGg,00026,0,pretrain,npFSbX7DZ6k,00007,2.7032348949317235,7.168
train,pretrain,hxPiz2sE0h4,00034,0,pretrain,19KkFCQz8WQ,00006,9.604969615431397,6.08
train,trainval,7DLzXAjscXk,50017,0,pretrain,9o5jAaZn2p0,00008,-2.659224869854122,3.008
train,pretrain,up4hFjSjcTY,00011,0,trainval,GDnYDLERnRE,50059,-8.381213701644821,4.48
train,trainval,Sk0ywFgMpFk,50020,0,pretrain,V2u6CzpRqts,00005,3.3088625569257424,2.048
train,pretrain,CqasLvlSWGU,00015,0,pretrain,6JcKbNSGjCE,00012,-1.4431445187452745,4.48
train,trainval,xWVWhSvNLtU,50005,0,trainval,nItwVO9stX8,50004,1.1521814398730612,2.496
train,pretrain,Ka70SHb1wFE,00003,0,trainval,pcNxS2i7SvQ,50001,8.20699229508611,4.864
train,pretrain,BsFxokC02sg,00031,0,pretrain,3phTundagzQ,00005,1.6015111971665021,3.84
train,pretrain,gLdBqrTOQxc,00007,0,pretrain,VehHPwAVL9g,00015,-8.6034365094584,6.592
train,pretrain,nVEvzeIXbpk,00033,0,pretrain,0zbHnOcGbrw,00008,-0.7034779283095816,6.656
train,pretrain,CQ5dRyyHwfM,00006,0,pretrain,XS3m37czBfk,00008,7.49011458770671,4.736
train,pretrain,sYUjyH8Y0No,00052,0,pretrain,VktGgoVvgXo,00003,7.831503969510948,11.584
train,trainval,YAV96XSdMQo,50016,0,pretrain,PYSkd46RfVE,00005,-3.605778896028724,5.76
train,pretrain,YkzwHuf6C2U,00014,0,pretrain,qykDS2AXKIU,00020,3.7773094309012833,8.192
train,pretrain,r92jUj7gNRw,00023,0,pretrain,aySy3tSYGYw,00003,-2.6123956998884523,3.904
train,pretrain,VPweEhht9y4,00017,0,pretrain,oiZ42KUsxGo,00011,-6.344116841039373,10.048
train,pretrain,ESNiCniw0JE,00014,0,pretrain,AAxJL17gZhk,00019,-7.472195967594968,6.976
train,pretrain,NdKEy6vcCMw,00012,0,pretrain,CiLnSGrcuEs,00024,-2.377438467183932,6.592
train,pretrain,ts5MKtXNpMQ,00027,0,pretrain,hSSmmlridUM,00001,6.449784610664409,4.8
train,pretrain,HFqLoHyCTRc,00010,0,pretrain,8m5Ebx6nuGE,00041,9.147520291275612,7.616
train,pretrain,V7zMFJbBsD0,00013,0,pretrain,d0LQCXCiW8g,00009,-5.8691946696002635,3.52
train,trainval,IMTcuU0KLSw,50002,0,pretrain,SgsbNR2pIts,00010,-4.016655916844989,2.816
train,pretrain,StzWIIgIRZY,00006,0,pretrain,gtDS5rzd6R8,00001,5.573387107997599,15.616
train,pretrain,SXYwKxdxfF8,00006,0,pretrain,Qj4xf3U8dh8,00018,0.5729382914294678,7.936
train,pretrain,AvtStbwMQqs,00010,0,pretrain,Chfoo9NBEow,00002,-7.63772185352898,9.216
train,pretrain,KI3WJXNhCJ8,00002,0,pretrain,sFGWSg7wSuk,00001,5.924112537296335,4.608
train,pretrain,6StqiaPoS2U,00003,0,pretrain,lQflBowgVB4,00027,8.81284354177603,3.072
train,pretrain,1z3Fgtj8fqk,00023,0,pretrain,79tRTivyMSM,00010,8.544755281633602,7.296
train,pretrain,ilMwoEdqMTs,00035,0,pretrain,mK6IdD4GXPo,00005,-9.885134691371707,2.496
train,pretrain,aiDSQyFdd68,00019,0,pretrain,ovV7v2XYJAI,00002,7.0594220322103,8.064
train,trainval,Y0UB6g8Rsyw,50008,0,pretrain,oPDaWYUCn8Y,00005,6.512441239283429,5.504
train,pretrain,KxDwieKpawg,00015,0,trainval,8SAWKDRHZuw,50014,-9.024896931429593,6.208
train,pretrain,asSNPOU5U3c,00044,0,pretrain,ASQpKiUSNHo,00021,1.0231724641070823,3.136
train,pretrain,EZSf3Fc0ZRA,00034,0,pretrain,CiJ6ybBSm10,00038,-8.17527453692968,7.104
train,pretrain,YGoI3B86iX4,00011,0,pretrain,Uvli7NBUfY4,00011,7.784766991215427,4.416
train,pretrain,Tsw4JAof8Sk,00007,0,pretrain,QeAGu40vZzI,00007,-9.100559347988188,7.68
train,trainval,BcTOSxcv2So,50004,0,pretrain,tRjqFPwcJgY,00001,3.429986422569918,6.208
train,trainval,uP3pg3alCRw,50002,0,pretrain,mMDuakmEEV4,00033,7.098044568713661,3.136
train,pretrain,HCgvSHNoJrY,00021,0,pretrain,8ewxApY3uO4,00006,4.957836829630413,5.376
train,pretrain,V2u6CzpRqts,00019,0,trainval,pvBlSFVmoaw,50009,-1.0053902454642092,4.992
train,pretrain,Mjl1i13JKNM,00001,0,pretrain,jfqwHT3u1S8,00011,-0.02245340126155071,16.128
train,pretrain,z0USUSGggf8,00005,0,pretrain,gmjSazFbpkA,00035,-1.1527242042846098,3.84
train,pretrain,V2DgJBx3cyA,00001,0,pretrain,X03jYXszD3Q,00004,8.95014794376754,3.968
train,pretrain,3Y2Or0LlO6g,00001,0,pretrain,o2WyXD7IaN0,00019,-5.161038174102714,4.288
train,pretrain,NaoSp4NpkGg,00001,0,trainval,bCGlWQnzDVE,50024,-2.0570562764571276,2.56
train,pretrain,HHwXlcHcTHc,00004,0,pretrain,RKmxL8VYy0M,00030,7.773768002006889,8.512
train,pretrain,bJ8Kq1wucsk,00011,0,trainval,RVX8ZSAR4OY,50016,-1.2244891915224763,2.176
train,pretrain,CsqSDpmgsQg,00006,0,pretrain,aUBawr1hUwo,00021,9.660922587152335,15.36
train,pretrain,boSGZ3qSAys,00007,0,pretrain,HV4loecFZh8,00005,-9.705704717916056,6.592
train,trainval,tFX1nQLZUVM,50001,0,pretrain,vcSn852sv3E,00006,-3.580736953727685,5.952
train,pretrain,s3IPatkuByA,00009,0,pretrain,fqJAeReFr8I,00022,5.284970826075275,11.968
train,pretrain,6MBaFL7sCb8,00019,0,pretrain,CVdPhUPO5YU,00047,5.4418766319660765,7.68
train,pretrain,KsSSMh1QhMc,00015,0,pretrain,EZ9tC3PigiU,00013,-0.2789320222183562,11.904
train,pretrain,Wj4E90stS2c,00010,0,pretrain,mjUsobGWhs8,00003,-9.733382706452298,6.144
train,pretrain,4ZgwzSm7sRs,00032,0,pretrain,pF72px2R3Hg,00065,8.038311250870972,3.776
train,pretrain,HJY8gMsonU0,00004,0,pretrain,aSLSiIskEFU,00048,-2.7862529828040694,5.376
train,pretrain,iOByGJskqks,00025,0,pretrain,eS5wqwp64MM,00004,-7.9375866185906645,7.04
train,pretrain,4BwSMSCFdu0,00058,0,pretrain,mS8tQSTYLgk,00003,0.5360549347719683,4.416
train,pretrain,ukgnU2aXM2c,00025,0,pretrain,pmKNXZmfIMU,00023,-7.397783473173593,3.456
train,pretrain,3VwxWDVKs8k,00022,0,pretrain,s6rJLXq1Re0,00017,1.8117935139415469,4.48
train,pretrain,OF5VVrsnpzo,00033,0,pretrain,QHIocNOHd7A,00029,-6.054017895491757,6.464
train,pretrain,4RSgUhgg70Q,00014,0,pretrain,mY2LIQbiGbo,00017,9.828835486200617,14.464
train,pretrain,SzFHlwInGwI,00010,0,pretrain,FPhZGDS6kVQ,00022,-2.354903109196731,5.824
train,pretrain,FrxDrpi1XNU,00005,0,pretrain,v3oSF94S4FI,00041,-7.259626257124343,6.656
train,trainval,CpaFX6Ei0nU,50014,0,pretrain,z5aAJGNSRHs,00016,3.378912848066083,2.24
train,pretrain,YhpMSjbVopo,00019,0,trainval,avuhY7D71sQ,50032,7.011203100431363,3.52
train,pretrain,7JVTirBEfho,00006,0,pretrain,8XQ1onjXJK0,00011,-6.330773786729457,6.656
train,pretrain,XPAG3I8P34k,00003,0,trainval,OGhbCC9mNM8,50002,-5.811202491200522,6.208
train,pretrain,0NV1KdWRHck,00057,0,pretrain,nOHbn8Q1fBM,00023,-2.334455597031506,10.496
train,pretrain,N7wF2AdVy2Q,00022,0,pretrain,pMYYxSim5QI,00015,-3.1786655809009474,3.968
train,pretrain,B905LapVP7I,00006,0,pretrain,oIGBBPspTKM,00069,-4.100275475579926,4.288
train,pretrain,CFADnhYKDHg,00025,0,pretrain,7NJhq163t78,00007,1.9473905584839546,4.288
train,pretrain,rKtmsVa4Kvk,00020,0,pretrain,J8xfuCcXZu8,00018,4.2687516840936155,2.816
train,pretrain,t5KNNlxLScc,00018,0,pretrain,v9DHLMw2o70,00005,-9.732771378810064,3.328
train,pretrain,rMeIzXvYaYI,00001,0,pretrain,w3q89BTJj3o,00035,-5.428652711582402,6.976
train,pretrain,buHSvs7LFzw,00048,0,pretrain,seARHjX8Ssg,00011,8.726106882076841,3.648
train,trainval,y7LXwGfvxwo,50003,0,pretrain,KTTtn0iSZyA,00003,-4.414555049705866,3.072
train,pretrain,1bXAkbCyjpo,00022,0,pretrain,RG5QP2EVUVY,00014,0.43438903428656417,2.816
train,trainval,s32OdFz9ttk,50003,0,pretrain,7jRND5IU3Qg,00017,4.10363468098736,3.968
train,pretrain,mrZ6q4uUVL4,00001,0,pretrain,kpfsQbFV5SU,00014,-1.431987971226441,4.224
train,trainval,H8Pr9Jnulxk,50006,0,trainval,QBDShp6U7tU,50013,8.106705566309952,3.328
train,pretrain,bxkslfQc0EA,00047,0,pretrain,cmFSHbPSjd0,00006,7.1953158436150915,7.296
train,pretrain,omGbKQIzoWY,00012,0,pretrain,Hc6yiSFtoNo,00007,9.184449011975332,4.736
train,pretrain,MDqyOLCFJ3c,00011,0,pretrain,Sttw2PxncIE,00015,-2.4019927920322477,4.096
train,pretrain,0SFkPxScSM4,00005,0,pretrain,j8T3bdqTdp4,00002,-3.3677726672889863,5.952
train,pretrain,Fc1yN6uxZfQ,00038,0,pretrain,HXGwJevjOfs,00004,-8.757683923198607,10.432
train,pretrain,SXKNASvfHWs,00001,0,pretrain,4SY6Te9Y1ME,00013,-2.505423626589643,3.968
train,trainval,DqCsQqy9MyU,50018,0,pretrain,v84pD2g3gSk,00015,0.490061210631616,3.264
train,pretrain,gjq2BoAF0JA,00006,0,trainval,znO7UHpxgTI,50002,9.155159337006356,4.288
train,trainval,khRkIVPa1Vc,50003,0,pretrain,y2yka9lyvMA,00015,1.107617309390518,5.696
train,pretrain,h4GEMYsrJSY,00031,0,pretrain,Kp13yOhLEbU,00024,-5.177496771231351,4.928
train,trainval,sHJZRPWXQ9s,50007,0,pretrain,u70RZtCJSrI,00022,4.860192095766438,2.624
train,trainval,y9Trdafp83U,50007,0,pretrain,ZBrbHy7l3tg,00013,-2.510932380324588,3.136
train,pretrain,MExS7F0lGzI,00019,0,trainval,TFvkq4BAvnw,50007,-0.03344016355389101,6.208
train,pretrain,mK2TDdEP58g,00012,0,pretrain,mLufqwmPl1A,00013,-4.615609066114084,6.016
train,trainval,48NRknBcz6k,50002,0,pretrain,mYQx5n5SRVQ,00006,9.529496773967136,2.176
train,pretrain,fJ36gCwKVec,00017,0,pretrain,DkyMCCnNI3Q,00005,2.082579947774496,7.808
train,pretrain,XKc9MJDeqj0,00015,0,pretrain,P2y3Uspr8Bg,00002,6.572098279453719,4.992
train,pretrain,uDIyxxayNig,00017,0,pretrain,iP9QFSlBOyA,00022,6.496217879488086,7.36
train,pretrain,mGbMwP8MDjg,00014,0,pretrain,1o9NEtA2IEQ,00010,3.217638074215712,9.344
train,pretrain,iRSjlgWE9GQ,00026,0,pretrain,snkrS1C2e7U,00008,8.451756250890156,10.048
train,pretrain,sHJZRPWXQ9s,00031,0,pretrain,Qt1RPkbF4o4,00013,-9.565633222272309,9.216
train,pretrain,xPK2Ch90xWo,00013,0,pretrain,kWnsmzSSgdI,00010,-2.42908342064148,5.312
train,pretrain,FauPVZxDXxk,00018,0,pretrain,NRcPXtqdKjE,00025,-7.5856596011629325,2.56
train,pretrain,gwPoM7lGYHw,00002,0,trainval,DzNNS4rcIjs,50009,6.99750776555209,5.824
train,trainval,855Now8h5Rs,50002,0,pretrain,rFAdlU2ETjU,00022,-4.105462688171471,3.904
train,pretrain,1InHN8JPazA,00036,0,trainval,9SGSSQssNj4,50001,-8.180408483090547,6.016
train,pretrain,nLtUl2CP8ak,00021,0,trainval,UxLRv0FEndM,50013,5.494448834869241,3.776
train,pretrain,Diuv3XZQXyc,00004,0,pretrain,I6M54p8VQFA,00017,3.6591626168029308,11.84
train,pretrain,JaFSfq2Zn7I,00062,0,pretrain,S9PEogIrHSk,00031,0.8962244169577502,4.48
train,pretrain,ROXUPr8Wqds,00010,0,pretrain,9YGZkgkj3fM,00008,-1.3521306996053077,8.704
train,pretrain,OOhgwjEnfAA,00010,0,pretrain,pNttjJUtkA4,00019,-4.609663417416455,3.648
train,pretrain,QUL0eSQtV8c,00006,0,pretrain,Ftow7dSpaiY,00032,-8.665985282297537,3.456
train,pretrain,PlQ3VdvvTvE,00018,0,pretrain,ac1mOswXxLs,00011,-0.4580001755387446,7.488
train,pretrain,Si644sBMaOY,00018,0,pretrain,gZpcTVqpaPw,00024,-0.7821803955346702,12.928
train,pretrain,jMBdQW2LLxw,00019,0,pretrain,c2tOp7OxyQ8,00006,9.407425939885329,9.792
train,pretrain,UTwRlz13NYI,00013,0,trainval,5tzEpqDtaPE,50008,5.075225385107412,2.048
train,pretrain,potB0voQzNg,00026,0,pretrain,KZIGekgoaz4,00046,-7.035848538517342,9.792
train,pretrain,qQSPUXPVlos,00007,0,pretrain,U8XD0CcNhPU,00013,5.8248380484682265,6.208
train,pretrain,VfKWd7iXMSo,00011,0,trainval,gLDQr9i7LkM,50001,7.075722317353218,2.432
train,pretrain,M4soSZ9aSu0,00008,0,pretrain,zGEDHMF4rLI,00020,6.52968735882888,5.12
train,pretrain,rOVkASt39Uc,00005,0,pretrain,lwz8KvS9NRA,00029,-8.267622898464515,10.176
train,pretrain,6Af5tJzSR2w,00023,0,pretrain,rkKDvGA2UU0,00017,-2.4142850355510603,5.888
train,pretrain,Jv2GGScsUc8,00028,0,pretrain,XGq3MXQlRJs,00049,-1.3464989357804864,8.96
train,pretrain,yG7v4ySxwzQ,00002,0,trainval,YraU52j3y8s,50017,0.12611151608826532,3.008
train,pretrain,hha0NsYXS5c,00031,0,trainval,70VZ1SOzSnc,50015,2.4655537631519273,2.496
train,pretrain,qP2W2k3L1Ow,00002,0,trainval,RjyxIsE3V2g,50014,-9.79467327159445,4.8
train,pretrain,xTBYcSL3MrI,00016,0,pretrain,PiVB5niLrWg,00021,-0.02436169564360391,20.672
train,pretrain,EZSf3Fc0ZRA,00048,0,pretrain,qAYqK9lAxic,00011,8.223003812853037,3.2
train,pretrain,3vJ4SUH38dQ,00003,0,pretrain,7Xmr87nsl74,00011,-5.96481163557524,7.68
train,pretrain,tXlNvlzd9M8,00024,0,pretrain,moS9iMlmsP0,00009,-5.483652465891138,6.848
train,pretrain,BDOSUiEh0eY,00036,0,trainval,Pmbkx71iedM,50001,0.15647709868609994,2.496
train,trainval,jodhovumkHQ,50013,0,pretrain,IWjzT2l5C34,00029,8.725197898974248,2.24
train,pretrain,w7T7KSNJ8m0,00003,0,pretrain,Sj2XrT0QN5A,00020,9.906003303996439,6.208
train,pretrain,iCXfJVCg1LA,00006,0,pretrain,nHU9aLPyxf0,00027,9.512778156772306,5.44
train,pretrain,enW2OUGzqtQ,00023,0,pretrain,pF72px2R3Hg,00033,1.5070246555673172,8.832
train,pretrain,6H6wKMYSiEU,00009,0,trainval,6bVhrpkp0WU,50002,0.34302304855398447,3.392
train,pretrain,sK4rgGgqzmY,00012,0,pretrain,aI8KiPiVLyY,00010,-0.05362459141051268,14.208
train,pretrain,bVV2Zk88beY,00029,0,pretrain,488ZBeaGo6s,00022,-8.699109499925866,8.0
train,pretrain,ultonpeO0ZA,00028,0,pretrain,goYIHXKvwLk,00008,-4.704401927595512,6.656
train,pretrain,ovV7v2XYJAI,00025,0,pretrain,jpeSLKnS4gM,00048,6.421525983039508,3.712
train,pretrain,j97WsAz3CDY,00023,0,trainval,ts5MKtXNpMQ,50002,7.189630048879835,3.456
train,trainval,rQSSSLRpsVs,50011,0,pretrain,HJouIL6uaoc,00002,2.1280415074854613,2.816
train,trainval,PVzcGhZ8Aeg,50007,0,trainval,kYXiegTXsEs,50007,2.084695738354956,4.032
train,pretrain,bHLgTUV0XWI,00023,0,pretrain,7Y9W1Gex660,00002,1.6577578678260814,13.76
train,pretrain,xcR1SWhjZys,00002,0,pretrain,nn5k4snG3rA,00006,-3.497803049915216,19.392
train,pretrain,8FKYe2v0teI,00004,0,pretrain,jNSOh4xILSc,00023,-6.065035078023559,20.736
train,pretrain,5UH7uTpTa44,00019,0,pretrain,iQsnObyii4Q,00021,6.710990278391169,6.4
train,pretrain,anmktfGYw8k,00020,0,trainval,C2SVEM19NHA,50004,1.2874607348204066,5.952
train,pretrain,Re53vgaVFvI,00001,0,pretrain,U7fFCaHZvVk,00024,0.09398551203473104,7.68
train,pretrain,qdiF1fSGfyM,00022,0,pretrain,8QuAokSXiyg,00016,-3.6980096831460862,2.56
train,pretrain,m2SLpM5uL5g,00007,0,pretrain,VQRjouwKDlU,00015,-7.736225317278369,3.84
train,pretrain,OaGk5BSO0Pg,00004,0,trainval,CGksAjzI0go,50022,-2.137068389962023,3.712
train,pretrain,dXqPaHQp4Xw,00016,0,pretrain,tUAepQYyMY4,00017,-3.207558073012069,16.576
train,pretrain,9VXOknUbzBM,00006,0,pretrain,ramueKMLXZY,00004,7.991749793081194,4.224
train,pretrain,kTsqFn33RiQ,00017,0,trainval,abMQhaMdQu0,50008,-6.393776684619454,6.016
train,pretrain,nQcgD5DpVlQ,00010,0,pretrain,Eewvsw027jg,00036,-5.634899792855277,10.368
train,pretrain,mulbSSAULSo,00005,0,pretrain,uQGYr9bnktw,00001,-8.030965740222209,6.08
train,pretrain,9i7cGZadEV4,00007,0,pretrain,VGpZ06RlVfI,00002,9.501259686391766,14.016
train,pretrain,lQDxasFKQCA,00013,0,pretrain,BRETz2FSheQ,00006,-9.934382130495624,9.216
train,pretrain,lU1ISu1LOv4,00031,0,pretrain,btlF4ZSAoFc,00020,4.465326713392271,17.408
train,trainval,gBkIyJ7kfSI,50003,0,pretrain,lzSkIDxbzGA,00004,5.034668600990708,4.16
train,pretrain,rHbjwH2Blfg,00009,0,trainval,GSIpG4t4Z5k,50003,-8.552143871791198,5.76
train,pretrain,TKOKD69jUA0,00007,0,trainval,B905LapVP7I,50009,4.887063447527478,4.096
train,pretrain,da1vvigy5tQ,00023,0,pretrain,mp0SQQQgv7s,00008,-8.726117165975962,6.4
train,pretrain,ycB29FkoylE,00011,0,pretrain,td1PbsV6B80,00022,6.417788504763568,4.928
train,trainval,SJWoKsfsSaA,50004,0,pretrain,dm4fvbrMLPw,00027,2.586365121601151,3.328
train,trainval,B9DdIivSGts,50003,0,pretrain,93hbqLBpSHI,00022,7.780651923651924,3.2
train,pretrain,SPSq3cW672s,00028,0,pretrain,pzN4WGPC4kc,00013,-1.891229729611478,5.248
train,pretrain,nCwwVjPNloY,00011,0,trainval,2i0dGoh3VUg,50002,-1.1747557747614028,4.8
train,pretrain,cHSQGnhdSi4,00018,0,pretrain,2j00U6lUCSc,00009,7.4818145801817195,6.976
train,trainval,PY9DcIMGxMs,50019,0,pretrain,HfuZJVpNWR4,00028,8.427606792074528,2.56
train,pretrain,druJDI6hiiY,00008,0,pretrain,SXKNASvfHWs,00020,-1.2634994600783465,5.696
train,pretrain,1rTEOU67zCo,00005,0,pretrain,I9tB6Q5bmcQ,00013,-8.348955246263142,7.808
train,pretrain,tNKdc6Lxcvo,00021,0,pretrain,pcSlowAhvUk,00054,-4.152433254032575,4.288
train,trainval,FjibavNwOUI,50001,0,pretrain,Z6T37m4r3yo,00026,8.359096660966014,2.368
train,pretrain,gIuhIo7mO5A,00007,0,pretrain,Y2y7BzjbSNo,00004,7.735318306718511,3.456
train,pretrain,UyUXxrSS3qs,00039,0,pretrain,CVdPhUPO5YU,00014,-3.4623908415618647,5.824
train,pretrain,RmXiItk49Gw,00008,0,pretrain,deT1mILtFEY,00011,-1.3095704057131883,13.568
train,pretrain,k3zZVQPaKKQ,00012,0,pretrain,HpAaSOgpi50,00026,-9.248893069647657,4.8
train,pretrain,zSqYtUeKUl4,00015,0,pretrain,3GBrJiSMFu0,00007,7.528062125817261,4.608
train,pretrain,jUIfiLplNqQ,00018,0,pretrain,dvYYYlgVAao,00008,-1.9912489400074058,3.072
train,trainval,4sg9TlsMRVA,50006,0,pretrain,k5tCYg9s0HU,00004,-5.347520776440944,4.352
train,pretrain,l3uttHEZnTY,00003,0,pretrain,0bop3D7SdDM,00015,-5.145573203134339,12.864
train,pretrain,sY0PfSpfqCI,00020,0,trainval,7H0USvVSfhU,50004,7.952641484721205,6.208
train,pretrain,y2yka9lyvMA,00060,0,pretrain,WzDygsn0Djs,00011,-8.784686812745836,5.056
train,pretrain,ZCS0MZuVBwE,00020,0,trainval,zwpiI18TBdE,50006,-5.496221240530956,2.496
train,pretrain,LMrzdkSYnYY,00023,0,pretrain,Y7QaqazOvSA,00023,-2.063845397588562,9.216
train,pretrain,q4TJEASZRys,00019,0,pretrain,TBIL2sdfoVc,00002,8.87110187393803,3.52
train,pretrain,pcSlowAhvUk,00077,0,pretrain,AhUhpfKeLus,00007,-8.977708451950805,4.416
train,pretrain,hVShA7g4Joc,00022,0,pretrain,8n5O9tz30So,00013,9.784155974889938,8.832
train,pretrain,GlpGBSBpxOE,00026,0,pretrain,Diuv3XZQXyc,00027,-6.495763385836513,9.984
train,pretrain,gCWeVYCcKXw,00028,0,pretrain,iSpwUpdQdyY,00067,1.0021105543547044,4.288
train,trainval,lyu7v7nWzfo,50004,0,trainval,wcSMzf3ztcs,50001,-7.386468545476386,3.648
train,pretrain,cknBAMirSiQ,00008,0,pretrain,W3C23m71Yws,00029,-2.568006020910567,3.712
train,pretrain,5FjuSwOaV3Y,00020,0,pretrain,OyahH2o9AAk,00003,-6.148848823361974,10.24
train,pretrain,ZuCX92wuw2g,00019,0,pretrain,jnS66SszwEs,00018,-4.07777705229808,5.888
train,pretrain,mbbMLOZjUYI,00012,0,pretrain,KiPcxhJtuPQ,00034,-7.574600777013614,9.28
train,pretrain,0SFkPxScSM4,00009,0,pretrain,Z1R1z9ipFnM,00010,-4.835979084952928,7.104
train,pretrain,w32u2NwCve0,00017,0,pretrain,3rbVQNTzCh8,00023,-4.1435886461615095,3.776
train,pretrain,Qd7PiXg5fKE,00005,0,pretrain,SwaBFUgSoT8,00003,1.815270316855539,5.76
train,pretrain,9h2dFSIsH0I,00048,0,trainval,DBoShCrKfLQ,50005,-5.559241802008399,2.432
train,pretrain,ASOvJjAw2Jo,00006,0,trainval,XMSQKG70a5s,50020,-8.582126085339164,6.016
train,trainval,OJptdCCrcr4,50001,0,pretrain,FESv2CgyJag,00017,-7.451336188699289,2.496
train,pretrain,uQGYr9bnktw,00004,0,pretrain,2W1jvTEjc1s,00028,0.6408636987163803,6.336
train,pretrain,bGBamfWasNQ,00020,0,pretrain,IshrD4mjnNU,00014,-4.489069995020336,20.288
train,pretrain,bXRCVHVstEY,00019,0,pretrain,W1KIgMXPR28,00006,0.9451295470837646,7.488
train,trainval,MEDgtjpycYg,50021,0,pretrain,gIuhIo7mO5A,00004,1.2001364516917334,2.112
train,pretrain,5LrThfSBeq0,00018,0,pretrain,rni41c9iq54,00004,-5.719177276551484,4.352
train,pretrain,eyq2Wo4eUDg,00006,0,trainval,xbagFzcyNiM,50013,-4.467808598127654,4.288
train,pretrain,rufeSSlZJg8,00014,0,pretrain,uOrZF8FdtLc,00013,-8.978446981702168,5.248
train,pretrain,lGbuCmuTJHg,00022,0,trainval,P2dlq8ZqjDM,50006,-9.705804527854031,4.736
train,pretrain,Yn9fTcSWMbo,00026,0,pretrain,7Iv2nZnZOrM,00018,5.195660499964202,4.544
train,pretrain,nG1oCU0ijP0,00024,0,pretrain,3sZDmOducck,00004,8.583623244847868,8.448
train,pretrain,ZUGOaSux6pU,00021,0,trainval,aeiSXpmMQys,50012,8.012419052448305,2.88
train,pretrain,19KkFCQz8WQ,00030,0,pretrain,8oHvknJfklE,00007,-0.7821996324810225,4.416
train,trainval,boSGZ3qSAys,50004,0,pretrain,MSLHHgSXloM,00017,-0.48741030733138047,4.16
train,pretrain,8iQnrM3DkVI,00022,0,pretrain,qrNDkRHAA4E,00037,-6.775469625911279,7.296
train,pretrain,CrsdoIOGCRw,00013,0,pretrain,CtvIX4s1bTU,00020,-2.2540178472724453,9.856
train,trainval,zLNXIXingyU,50011,0,pretrain,HpiZTvlWx2g,00015,-9.618963841505959,6.144
train,pretrain,xNiBDGBw4Zs,00027,0,pretrain,QoTSdOkjEVs,00001,-1.9815847435035412,16.448
train,trainval,NhYnouvrGS8,50037,0,pretrain,6VWPHKABRQA,00040,5.792366852643633,2.816
train,pretrain,H1fvr9rGgSg,00046,0,pretrain,izddjApSN4I,00002,-3.1484569959418547,12.608
train,pretrain,y5nbWUOc9tY,00013,0,pretrain,lbBDoFp2HIQ,00003,-8.727334067386396,5.056
train,pretrain,xy7SMVCRFbQ,00007,0,pretrain,MSLHHgSXloM,00002,3.710529821733491,5.888
train,pretrain,jDy5j0c6TrU,00026,0,pretrain,wEM9c7RoVms,00004,-0.266924760850209,5.184
train,pretrain,TXaXvrd3jS4,00018,0,pretrain,KQEWc3LVfyc,00083,8.23882871920635,4.096
train,pretrain,dOt4NkcmIUg,00008,0,pretrain,FcoJt2KLC9k,00022,1.2064884807263425,6.72
train,pretrain,tH5iEf9oxaI,00032,0,trainval,1VRgmKiE0Js,50002,-1.1243708637638843,5.248
train,pretrain,6yR5OUVb2gY,00011,0,trainval,NtOoDN0ojxo,50014,4.164039933479495,5.376
train,pretrain,8B271L3NtAw,00006,0,pretrain,Tsw4JAof8Sk,00001,-6.42053344041599,16.704
train,pretrain,zWxFhFZJDks,00021,0,pretrain,qL7UlSA6rRk,00003,-1.5196940847915776,6.592
train,pretrain,NXfYNdapq3Q,00013,0,pretrain,hDLISEt8hBs,00003,-5.3742888481610525,4.992
train,trainval,CfmNXPMjChs,50009,0,pretrain,KIMWfSe7ZJI,00013,-1.17705628167643,3.904
train,pretrain,qzwCujeSSSc,00016,0,pretrain,jZxLsDkvkVQ,00019,-6.910363777874842,8.96
train,trainval,xbagFzcyNiM,50016,0,trainval,P9B8PmUR64U,50001,-9.448248539298723,4.096
train,pretrain,Hc6yiSFtoNo,00044,0,pretrain,eyq2Wo4eUDg,00005,9.976083731660907,11.712
train,trainval,A3Vpjwye9Mw,50005,0,pretrain,RKEvMcte768,00006,3.170920344824186,5.888
train,pretrain,T7ibjISKSdY,00002,0,pretrain,2URf46UY7SA,00014,3.838270810985483,15.296
train,pretrain,bC0hlK7WGcM,00009,0,pretrain,RxyQNEVOElU,00020,4.54917873580972,5.696
train,trainval,PJUIXSpLoVk,50003,0,pretrain,nv0dObM5XGk,00012,1.367482782711015,6.016
train,pretrain,k7djE1X16og,00007,0,pretrain,mPCDOij0bB0,00004,-0.16447092108388794,7.296
train,pretrain,yq3TQoMjXTw,00026,0,pretrain,RSW3xi2jMYI,00023,-2.6427379553635033,2.24
train,pretrain,iSRWMLMBkqk,00018,0,pretrain,eJnlgDUcxOQ,00008,8.23647194985655,26.496
train,pretrain,EhM56Fk2aFk,00035,0,pretrain,1bXAkbCyjpo,00043,5.290064168482296,8.96
train,pretrain,C8QCStOtqus,00015,0,pretrain,XGq3MXQlRJs,00029,6.700200173972114,9.664
train,trainval,1YO1FmVAPrA,50015,0,pretrain,R2kOgSVF2Uk,00002,-6.243255830680871,2.944
train,trainval,G5pvUaMgfC8,50001,0,pretrain,ue2ZEmTJSXo,00008,-1.7542593745330493,6.016
train,pretrain,mkdSXHXhCcw,00108,0,pretrain,vQILP19qABk,00008,-2.0156532074300637,14.4
train,pretrain,6Co3dn0nSTk,00011,0,pretrain,55n9pHSA0O8,00029,-1.319875972048031,6.976
train,pretrain,FsGu5YTM1NI,00001,0,trainval,LnnyuVG0krs,50008,7.368498406242498,6.208
train,pretrain,zpoGgUoqkkQ,00002,0,pretrain,D089tSF9yUU,00025,-1.1240008343367158,18.048
train,pretrain,lO1P6lCNnyo,00013,0,pretrain,jhm5OaXJVMQ,00004,-4.90043245680684,8.32
train,pretrain,nZLO2PnGzMg,00020,0,trainval,u9Lu85L111Y,50007,-9.146336023838336,2.24
train,trainval,zBSaSy6aKTY,50001,0,trainval,3rbVQNTzCh8,50011,7.7227102363435876,5.888
train,pretrain,zcMj4Az1MwE,00005,0,pretrain,dsfROmgVN5U,00010,6.789995915514474,3.904
train,pretrain,uRdQS2sjF2s,00030,0,pretrain,9ijS6iMi9gA,00006,-3.24481009390219,9.472
train,pretrain,rjECbQ1rSk0,00029,0,pretrain,NdKEy6vcCMw,00059,4.957476919378303,4.288
train,pretrain,ulLFP8axZVQ,00012,0,pretrain,4cJ08wOqloc,00004,7.552945909439146,3.584
train,pretrain,LZXUR4z2P9w,00023,0,pretrain,p0p45l9NMto,00014,0.5099946546053289,3.968
train,pretrain,dvYYYlgVAao,00019,0,trainval,2dnSoGaEHxs,50001,8.617031304340742,5.696
train,pretrain,mLufqwmPl1A,00025,0,pretrain,JDDGhGiaAZU,00007,-5.739072383163024,3.776
train,trainval,PtBKP4fVAvI,50001,0,pretrain,oAl82gFMZis,00027,-4.041937668529774,2.752
train,pretrain,RtRufOPFug0,00010,0,pretrain,V3CLRL32Mcw,00007,2.0890757717204256,11.84
train,pretrain,9KaMufF0rAY,00028,0,pretrain,eRQdAOrqvGg,00016,-4.401403435387385,7.68
train,trainval,ufUkAQOQaXU,50020,0,pretrain,I1cGiNnJZgU,00015,-2.086996097418843,6.08
train,pretrain,pSCefSAYqaA,00001,0,trainval,N39xSWTPix0,50001,6.712244937790938,4.288
train,pretrain,SS3qnZrVy9o,00027,0,pretrain,5duz42kHqPs,00010,3.5382315343511035,12.8
train,pretrain,UiosQf4GqnQ,00012,0,pretrain,3vJ4SUH38dQ,00001,-0.021055216648138142,9.728
train,pretrain,zfSmvhtkASE,00009,0,trainval,bJkv9b9o9lo,50001,7.164681018804803,2.688
train,pretrain,IkJSZGQaeak,00038,0,pretrain,ATISgVUKetI,00012,4.779539361347968,14.336
train,trainval,7sxpKhIbr0E,50018,0,pretrain,N8Votwxx8a0,00010,6.460399983236687,3.2
train,pretrain,Chfoo9NBEow,00024,0,trainval,XMSQKG70a5s,50017,-1.128875239268222,5.504
train,pretrain,4BZuWrdCS9Q,00004,0,pretrain,hh2Z2hSgFIY,00005,2.7827822244327916,19.52
train,pretrain,zSqYtUeKUl4,00001,0,pretrain,gmjSazFbpkA,00061,8.50551923069671,7.68
train,trainval,59SRn1SkWAA,50015,0,pretrain,1fZ4XOnnh1c,00001,9.311121266539093,3.328
train,pretrain,UyUXxrSS3qs,00007,0,pretrain,VcMyX5R4dzs,00005,-1.6753928848154516,4.992
train,pretrain,UROCz70tlMY,00003,0,pretrain,qYvXkSbqlBk,00008,-2.326377900761436,4.8
train,pretrain,0N6cjPWqpSk,00010,0,pretrain,SABC5U4MvTI,00002,7.22076949161087,12.288
train,trainval,XO1MeSMYSQ0,50004,0,pretrain,xDe346z233Y,00014,-9.274278292987137,3.392
train,pretrain,XPkV1bDZDl4,00033,0,trainval,nn5k4snG3rA,50005,2.590797711577604,2.88
train,pretrain,lwL4hjhkid4,00012,0,pretrain,eRQdAOrqvGg,00018,4.222217492715503,5.888
train,pretrain,zIwLWfaAgS8,00056,0,pretrain,ImQrUjlyHUg,00039,5.211336719151248,5.248
train,trainval,dcwuBo4PvE0,50018,0,pretrain,tH5iEf9oxaI,00054,7.2650590068111285,2.56
train,pretrain,UdsUVjeJuPE,00003,0,pretrain,RjrS5EqZlUs,00009,-7.41024488136111,6.848
train,pretrain,XTf9Sdrq1zg,00014,0,pretrain,UvbFr0eSsg8,00009,-7.912615335244575,4.608
train,pretrain,Mo2Ai7ESNL8,00014,0,pretrain,lUaSg8ZNswU,00005,0.9241793607046667,10.368
train,trainval,YL1XwfyaS00,50014,0,trainval,d6wGSsAdP0U,50004,-5.902571401899932,4.288
train,trainval,dE1DuBesGYM,50007,0,pretrain,S3SnIMZ43EQ,00015,-3.545294225821891,3.2
train,pretrain,bjNSaXg4S6Y,00022,0,pretrain,wSF82AwSDiU,00004,1.685582902143512,9.28
train,pretrain,Yp3kmJ4kjHQ,00004,0,pretrain,yxC30tEjZk8,00017,6.244718605578651,13.44
train,pretrain,vNpmq6OkSQQ,00003,0,pretrain,xnovQVRHj5c,00003,6.355326564556911,10.176
train,pretrain,5Walt8nPINM,00002,0,pretrain,Se8kcnUSuZw,00022,9.263670235559754,4.928
train,pretrain,6E3zVSCSGYk,00034,0,pretrain,6VWPHKABRQA,00046,-0.12419085542625652,5.824
train,pretrain,ImQrUjlyHUg,00079,0,pretrain,fqJAeReFr8I,00007,0.7880685708775896,15.616
train,pretrain,0SFkPxScSM4,00002,0,pretrain,Kk7kzUt3SLc,00004,-9.417726980497804,3.968
train,pretrain,3QZp6smeSQA,00012,0,pretrain,UQYoWwHg3qA,00007,-7.1474506052742655,8.576
train,pretrain,c2tOp7OxyQ8,00032,0,pretrain,lfBpsV1Hwqs,00044,6.2097760066986645,6.4
train,pretrain,6wk4dkYSrV0,00021,0,trainval,3qyVvDGDGQs,50003,8.239604189879632,5.44
train,pretrain,JSLQxBbQPTY,00017,0,pretrain,SFW0TEFKCxk,00002,3.789938759132543,2.304
train,pretrain,QAnNM3WJCYA,00016,0,trainval,a17Z5Sk2XJY,50009,5.134674056103396,5.952
train,pretrain,8dSDMQNoikU,00008,0,pretrain,PVXQUItNEDQ,00007,9.051607202734317,6.848
train,pretrain,b2qM1ISJCEQ,00033,0,trainval,G8w4UQL6aI0,50021,7.8378854775145825,2.048
train,pretrain,u4iOeHXObok,00018,0,pretrain,klLtDoVkZ98,00001,-3.1942658152914216,11.776
train,pretrain,J9SXc9wxByM,00007,0,trainval,kzhJb5jcH58,50001,-5.914179552193437,6.208
train,pretrain,zb4bp2volBg,00016,0,trainval,om6SewSRwtU,50050,-7.393406886461338,3.008
train,pretrain,AfnruW7yERA,00011,0,trainval,hfznpykprP0,50003,-8.781902336696303,3.84
train,pretrain,5UH7uTpTa44,00021,0,trainval,Tmk7nAvpMXQ,50006,6.19844750832549,2.688
train,pretrain,eMMKxVcxjrI,00009,0,trainval,855Now8h5Rs,50013,4.907051458908596,2.752
train,pretrain,S3SnIMZ43EQ,00022,0,pretrain,N3e8ZG5GzaY,00008,-2.72798340800424,6.336
train,pretrain,orumugzJpt0,00013,0,pretrain,0FQXicAGy5U,00013,4.50462241782847,6.656
train,pretrain,8oeiOeDqSNc,00012,0,pretrain,k5hspA18IU0,00012,-5.659746668588729,7.616
train,pretrain,pi4JOlMSWjo,00006,0,pretrain,q319HSSLs9Q,00002,9.61618702399543,5.056
train,pretrain,5FjuSwOaV3Y,00027,0,pretrain,BQj2ZSGPsY8,00019,3.284491410093853,4.608
train,pretrain,DZT6YpCsapg,00044,0,pretrain,cpsRAk5HpK4,00004,8.667352814236285,10.496
train,pretrain,qgv8VoyJ3wA,00005,0,pretrain,NtOoDN0ojxo,00025,-8.854419168582638,3.52
train,pretrain,03h0dNZoxr8,00012,0,pretrain,ZBWsmoy5Re4,00046,9.200410199921137,7.104
train,pretrain,I6M54p8VQFA,00011,0,pretrain,cWpRxyqDgpM,00018,-5.225025095859978,3.968
train,pretrain,f6nQJoEk7Ko,00014,0,pretrain,rtsHUeKnkC8,00007,1.5534653620383665,6.528
train,pretrain,fddYApFEWfY,00001,0,trainval,DzNNS4rcIjs,50010,-0.8059983311726384,4.992
train,pretrain,Nhwq12TKkQQ,00033,0,pretrain,gIuhIo7mO5A,00006,-2.5452112515687553,3.648
train,pretrain,8OnsjVdEuRk,00003,0,pretrain,mLSFzBUAHuQ,00013,2.8725757051398197,4.992
train,pretrain,pxr2GRJ6tjc,00010,0,pretrain,YMyofREc5Jk,00030,0.81550230936638,6.592
train,pretrain,4BwSMSCFdu0,00023,0,pretrain,W3SRjJtd6Eo,00004,4.134112298158,13.12
train,pretrain,KoXdjyJyxbE,00001,0,pretrain,c0H1zU2ytxA,00004,8.475580745567267,4.928
train,pretrain,APgMXDjLcT4,00009,0,pretrain,iYwAMccbhYs,00002,5.653263973585332,11.072
train,pretrain,HSmKRshF1SA,00028,0,pretrain,1rTEOU67zCo,00023,-5.887532937448812,12.16
train,pretrain,SmsYxDvdcYc,00039,0,trainval,UQzvNIIMayo,50006,7.4218458123393525,5.76
train,pretrain,Br1AIvMrvAE,00010,0,pretrain,PuroSL7O4eY,00036,4.404465924715993,12.416
train,pretrain,StzWIIgIRZY,00009,0,pretrain,VS5CCbyap5Q,00001,7.2194594955350055,23.68
train,pretrain,lwz8KvS9NRA,00012,0,pretrain,blfVA0aSCBc,00004,-1.2775726605234432,6.848
train,pretrain,sa0RUmGTCYY,00040,0,pretrain,rjECbQ1rSk0,00024,-8.685567661136627,10.24
train,pretrain,wfNX1cHkSfE,00022,0,pretrain,tTcl5I0Wbzk,00001,0.2171598639060175,4.928
train,pretrain,SsU5CJRaKP8,00005,0,pretrain,pPgd7Hj3ABQ,00002,-5.039211177238798,10.368
train,pretrain,u4iOeHXObok,00007,0,trainval,uo7w3g24DWo,50005,5.13772712293785,6.08
train,pretrain,cHSQGnhdSi4,00001,0,pretrain,eRQdAOrqvGg,00035,-6.300280905205151,13.824
train,pretrain,mkdSXHXhCcw,00055,0,pretrain,K2mhMzVCfhI,00011,4.358953145216336,13.696
train,pretrain,4ZgwzSm7sRs,00014,0,pretrain,Zq7QPnqLoUk,00020,1.5083597428834175,5.568
train,pretrain,DhSoIwxWkkI,00002,0,pretrain,cSsxBTNF2U8,00026,-7.115823213265471,4.416
train,pretrain,ESlb3D7AySM,00017,0,trainval,u2V0vOFexY4,50005,9.876232358071459,4.16
train,trainval,eR22lqzdIHU,50002,0,pretrain,M1o3FS0awtk,00019,6.474285656575482,2.112
train,pretrain,5FjuSwOaV3Y,00027,0,pretrain,bB5zR2xYhm4,00010,-5.6165740949931475,3.392
train,pretrain,xgYtUKFzHf8,00010,0,trainval,HgRJNsTb08Q,50003,8.144009387673762,3.776
train,pretrain,WNTk29zXl4A,00046,0,pretrain,lV3trdyDdHE,00009,-4.080483919793867,7.104
train,pretrain,SvBggxCNNno,00008,0,pretrain,Re53vgaVFvI,00002,-2.368540056636908,13.248
train,pretrain,Td2hfdXQ5x8,00020,0,trainval,DSPWxjBgvF4,50041,2.53654632884383,5.696
train,pretrain,eCknUJJc3qU,00023,0,pretrain,55n9pHSA0O8,00027,-3.95261631454189,3.968
train,pretrain,20adDr7Felw,00001,0,trainval,tlB1pFwGhA4,50016,-5.319638059704214,6.016
train,trainval,79zra755WgA,50014,0,pretrain,STsOdmkH5fI,00033,-4.117037859633683,6.016
train,pretrain,oIGBBPspTKM,00005,0,pretrain,Ftnb2fpJ664,00021,4.347043249475069,5.312
train,pretrain,UfM7tSoqNDw,00030,0,pretrain,0P0mBj09vwk,00005,7.24856081259755,13.696
train,trainval,KM4Xe6Dlp0Y,50001,0,pretrain,Z41BTeAU7DI,00019,1.5613066861473417,5.568
train,pretrain,O4Og5tFNiaU,00022,0,pretrain,0SW0HFy9Et4,00015,7.3046895661033275,9.408
train,pretrain,ouXGIw7gBmk,00014,0,pretrain,ibMjhQvAmcI,00011,9.504442612820906,4.16
train,pretrain,641aB1Dv1DY,00008,0,pretrain,SZWS8SNCKMw,00007,3.9048347599857554,4.608
train,pretrain,1SS2wOnkcSk,00023,0,pretrain,rjECbQ1rSk0,00022,-6.143604663806396,9.216
train,pretrain,t0pwKzTRG5E,00010,0,trainval,ZBg5QvcZQP8,50021,-6.591427745034528,3.648
train,trainval,YzQDnTPuNZM,50001,0,pretrain,qy4uuAfRFnI,00002,-2.4202528795268634,5.184
train,trainval,SQe8cR4Jl10,50008,0,pretrain,ofsncCF9OSU,00023,-5.643455978516398,2.24
train,pretrain,V1ItvwxBENg,00029,0,pretrain,CWU13rx44j8,00004,-4.330578564987027,5.504
train,pretrain,yFVXsjVdvmY,00010,0,pretrain,EZSf3Fc0ZRA,00015,8.820473938370192,5.76
train,pretrain,btItLAjT5zg,00006,0,pretrain,mRgSUwk1hnE,00002,-7.789746068919598,3.648
train,pretrain,aTgPJQ9Dy7Q,00007,0,trainval,wcSMzf3ztcs,50001,-4.558826832261904,6.016
train,pretrain,f7EjekSWGFI,00014,0,trainval,ac1mOswXxLs,50006,6.766724217007511,4.736
train,pretrain,PS2h8hSFphs,00021,0,pretrain,hBtXiTumdY0,00006,-9.104049265938555,4.096
train,trainval,641aB1Dv1DY,50005,0,trainval,XPa1RE59wpg,50003,2.7345768957122,3.584
train,pretrain,Qj4xf3U8dh8,00032,0,pretrain,zuAj2F54bdo,00012,-4.0086832294143715,4.864
train,trainval,RBfdvib2irc,50003,0,pretrain,LSGfqyhleUA,00049,-8.714464926985823,4.16
train,pretrain,SZbNyp1jeGo,00007,0,pretrain,qGSYmIPFO68,00031,2.472511592121826,5.248
train,pretrain,tMQ4OxOxgrc,00005,0,trainval,L2M15ZeTLxc,50002,-0.6888618945536003,2.368
train,pretrain,jeOumyTMCI8,00030,0,pretrain,TjaM0tdxtYA,00026,-9.565698440212426,6.848
train,pretrain,YhG1Bgbsj2w,00022,0,pretrain,Ssl0043HgQU,00003,-7.288336692772919,4.416
train,pretrain,QAd54DkXCr4,00005,0,pretrain,apiScBmE6rA,00001,-0.29303317059530976,19.072
train,pretrain,SEiSloE1rSA,00001,0,pretrain,VekRvcbL4yk,00015,0.32329606676822564,14.528
train,trainval,N8Votwxx8a0,50010,0,pretrain,YAV96XSdMQo,00010,9.628253438797291,3.968
train,pretrain,u1SdYypojbE,00033,0,pretrain,Uq1idqpX9SA,00010,-1.254962116079291,3.904
train,pretrain,S98m4Vod6S8,00015,0,pretrain,SU1foLW8h54,00037,-2.2527322836154777,9.408
train,pretrain,wvIOoxPxpfQ,00001,0,pretrain,C9XIVtUEgFE,00006,2.046773549834418,3.904
train,pretrain,YeXcNpVkezI,00015,0,pretrain,nQcgD5DpVlQ,00001,1.6885587259021193,17.088
train,pretrain,58eTdyeVwbA,00018,0,pretrain,9vKRj9yV8pI,00028,3.5605760783417786,5.824
train,pretrain,5Jqk1rkuUwU,00032,0,pretrain,WzDygsn0Djs,00028,3.26948948484063,5.568
train,trainval,53P0aypkpXY,50002,0,pretrain,2Oe6HUgrRlQ,00009,5.453475084184076,5.696
train,pretrain,zLNXIXingyU,00071,0,pretrain,HR9956gDpUY,00009,-4.642122748632229,11.456
train,pretrain,yuu6o4AQwNI,00001,0,trainval,cf3zxHuSM2Y,50005,3.9275038337345727,4.288
train,pretrain,kpyc84kamhw,00044,0,pretrain,lDq9SQxvsNU,00037,-3.0019699262347155,10.496
train,pretrain,IdW9UYlxlVY,00002,0,pretrain,XS85KAYKOT4,00026,-0.25235759096587174,9.472
train,pretrain,gmn7tjSNyAA,00008,0,pretrain,gMNlRovT5x4,00005,-7.184001851969759,7.04
train,pretrain,RPicL1AWrs8,00010,0,trainval,CTEhgUmSrro,50008,2.3200183959645138,3.648
train,pretrain,u7SWcQaoaRQ,00013,0,pretrain,tlB1pFwGhA4,00010,-8.79836346239993,17.856
train,pretrain,7SRGn75JcZ8,00002,0,pretrain,M3mnUMmUAHQ,00034,-5.418065761193523,4.608
train,pretrain,W1KIgMXPR28,00018,0,pretrain,SgOTaXhbqPQ,00016,-0.9139826862151104,3.456
train,pretrain,30e60EOO5mo,00008,0,pretrain,IkJTwfHPv6A,00020,-5.80441506414396,9.408
train,pretrain,CyKmpyYy14k,00002,0,trainval,PENkzh0tWJs,50007,8.054474501424469,5.12
train,pretrain,6VWPHKABRQA,00024,0,pretrain,W4I68CGUV3w,00001,3.077981124612357,9.792
train,trainval,6bVhrpkp0WU,50013,0,pretrain,nItwVO9stX8,00004,0.9425372530175551,6.016
train,pretrain,IRVdiHu1VCc,00066,0,pretrain,267BlUBordQ,00007,-6.122810223163371,4.8
train,pretrain,9o5jAaZn2p0,00026,0,pretrain,RbNqU2K0qzo,00019,4.8313807229072925,4.864
train,pretrain,oghkCpRYVjU,00005,0,pretrain,34a7UEzZdsA,00041,6.534213604100373,5.248
train,pretrain,ShFk6FDrZBc,00033,0,trainval,wD3S6JIUF7M,50012,4.39727879105472,4.544
train,trainval,k0T6rfpYoqA,50002,0,trainval,BoRUrWcdkQ4,50034,-5.753647338589678,5.952
train,pretrain,pz1TDXKSTHc,00005,0,pretrain,0N1oA9LUEc4,00004,3.2123609519627685,4.48
train,pretrain,j7c9b9A2AHc,00034,0,pretrain,SbphPa7Wp4c,00024,5.587046182263737,9.408
train,pretrain,wBObnvIZGwE,00017,0,pretrain,y9ALB39wRKo,00047,7.730125315541656,7.936
train,pretrain,8oHvknJfklE,00021,0,pretrain,Mr8nvXvlSy8,00033,4.193359182428907,5.696
train,pretrain,SQB9zNWw9MA,00031,0,pretrain,nLeeTVmVrtA,00010,6.650153786988142,3.392
train,pretrain,1IxIDGyISzk,00019,0,pretrain,TexXAuRSe0g,00005,-7.592535220449273,16.064
train,pretrain,XOU2ubWkoPw,00019,0,pretrain,YhJPoyv8O3A,00013,7.1176232052297195,5.696
train,pretrain,twG4mr6Jov0,00034,0,pretrain,FnL7I6tESAs,00012,4.10272565778779,12.608
train,trainval,y7LXwGfvxwo,50003,0,pretrain,GB4s5b9NL3I,00032,4.463180748918006,3.072
train,pretrain,yA1O5gmP4eg,00015,0,pretrain,x8QxdldkPNM,00019,3.3758645283969777,18.432
train,pretrain,u2V0vOFexY4,00006,0,pretrain,SQe8cR4Jl10,00001,-8.389166510538569,7.936
train,pretrain,evfgbVjb688,00029,0,pretrain,dwU8eavPInw,00009,2.523783052512714,4.096
train,pretrain,ZWfCi9WxK1E,00022,0,pretrain,UWKvpFZJwcE,00011,-1.8791421347285908,6.4
train,pretrain,FzmXULKUNJU,00019,0,pretrain,vGzBcBZrOSw,00017,-7.26340376462026,16.0
train,pretrain,jqWHy6B0ADA,00015,0,pretrain,8oeiOeDqSNc,00007,-9.586259141461133,13.76
train,pretrain,X2et2KO8gcY,00013,0,pretrain,jVcaTtJmRNs,00019,3.58262832626588,4.928
train,pretrain,1SS2wOnkcSk,00001,0,pretrain,XyCY6mjWOPc,00006,7.409779152090525,4.48
train,trainval,jSSqQDPGW2k,50003,0,pretrain,WSsjBMSWSYE,00021,1.1304439746048107,6.208
train,pretrain,5vXRgT6egSU,00025,0,pretrain,NRcPXtqdKjE,00019,4.77473315369493,4.928
train,pretrain,cQvDUTOOkiI,00051,0,pretrain,g2J6YOiLNr4,00028,3.5460031292350394,4.096
train,pretrain,3GFG6Cvy9HQ,00022,0,pretrain,KDBcoRLkut8,00039,7.1214065959313615,2.944
train,trainval,lwcvhh4pLjE,50010,0,pretrain,PS2h8hSFphs,00004,8.205262502770218,6.08
train,trainval,kiDfwUQySEs,50017,0,trainval,796LfXwzIUk,50009,2.52015914075378,3.328
train,trainval,LMrzdkSYnYY,50005,0,trainval,HpiZTvlWx2g,50024,6.5354536003624695,3.648
train,pretrain,7hFy02TSH4U,00016,0,pretrain,CfmNXPMjChs,00011,-3.1438840753079944,3.52
train,trainval,y8qc8Aa3weE,50010,0,pretrain,S98m4Vod6S8,00010,5.564577817632879,3.328
train,pretrain,YAV96XSdMQo,00025,0,pretrain,GgBpyNsSSjU,00001,1.8558383323145122,3.2
train,pretrain,AoAbPIbGLUo,00042,0,pretrain,UQniNhS6LOY,00015,6.525718698875899,8.128
train,pretrain,XiEQmcZi8cM,00023,0,pretrain,kyaiTGmwxnU,00023,0.8245584072552852,14.72
train,trainval,R21MsHQA8vM,50027,0,pretrain,ozPqVGxKGMU,00003,-2.902559744666493,2.368
train,pretrain,Xe2nlti47kA,00004,0,pretrain,zOSaCQ6xHS8,00002,-7.769192881772062,25.728
train,pretrain,cswhOCKQZ7Q,00007,0,pretrain,h9SKyrHRhDo,00009,-7.4481896709842115,4.032
train,pretrain,btF6nKHo2i0,00071,0,pretrain,W14XWvAz3x4,00005,-9.441842136393985,4.16
train,pretrain,G9wIXAGzn1w,00011,0,pretrain,uPE0G00XFV0,00025,-8.413828798955702,12.736
train,pretrain,qtOIh93Hvuw,00028,0,pretrain,8C2t8P809x8,00007,8.199318283320125,3.008
train,pretrain,h9SKyrHRhDo,00003,0,pretrain,PB7xs7UpIfY,00004,1.0389918211184739,3.328
train,pretrain,iEySxTbcr2A,00009,0,pretrain,ZBDablzQ9ts,00021,4.778820478776298,4.352
train,trainval,znO7UHpxgTI,50010,0,pretrain,7JVTirBEfho,00017,1.7610419949122686,5.888
train,pretrain,NMBNZspmn7I,00027,0,pretrain,RrFSO62p0jk,00032,-6.6023611201673305,6.592
train,pretrain,lXNE4MD2X2w,00036,0,pretrain,drv3BP0Fdi8,00036,7.330469857437951,5.312
train,pretrain,9X68dm92HVI,00038,0,pretrain,6c0VtOdibcI,00013,-2.958242170023442,3.84
train,pretrain,JDDGhGiaAZU,00016,0,trainval,Mgbf3cq7lms,50004,5.106438877016647,3.648
train,pretrain,hiM48jSNZOU,00003,0,pretrain,A60UTjiEp4c,00042,-4.392219590414188,3.392
train,pretrain,ooIxHVXgLbc,00027,0,pretrain,46wWjKTn4Ac,00003,8.253247442270101,5.12
train,pretrain,E6ynZcLdi2Q,00001,0,pretrain,qIVTKBeiabI,00018,3.8328122194255947,11.712
train,pretrain,8QuAokSXiyg,00026,0,trainval,r9DDE7NV1Nw,50025,8.582679308018033,6.208
train,pretrain,kFh3Q2eOZ1U,00008,0,trainval,7POkIJfbMyU,50014,9.16370024468771,3.84
train,trainval,yPGwA7t6bpI,50004,0,pretrain,4Rtfi4MSafA,00023,-0.14820873479366625,2.048
train,pretrain,t5dSmG8SI34,00022,0,trainval,UDXtFbSmBAg,50002,-0.934466178479056,5.44
train,pretrain,FSNEIwDiCSw,00046,0,pretrain,4ZgwzSm7sRs,00058,3.2206924962521235,6.464
train,trainval,V3CLRL32Mcw,50002,0,pretrain,7Z9xCX4ifJo,00045,0.7176078877363139,2.88
train,pretrain,fYUaWgVF2XA,00007,0,pretrain,Fr26scqsIwk,00025,5.978007531240543,6.848
train,pretrain,s6rJLXq1Re0,00039,0,pretrain,JBLc4Ekl3BA,00021,3.8842326595003147,3.776
train,pretrain,a17Z5Sk2XJY,00006,0,pretrain,Nt88TSEAgDE,00003,1.8312822942009355,5.312
train,pretrain,4Z75ASJMBx4,00022,0,pretrain,BJsrYqPtXFM,00007,-6.058729348818139,6.016
train,pretrain,3m6dV7Xo3Vc,00026,0,pretrain,P7n2rYt9wfU,00001,8.173696055621097,3.008
train,pretrain,SJ5bDhMP9lQ,00020,0,pretrain,1InHN8JPazA,00020,3.804737165945509,5.568
train,pretrain,N0vRIqeoefs,00010,0,pretrain,ScGSlv9dCeY,00002,4.2622143409415525,6.976
train,pretrain,mWA2uL8zXPI,00033,0,pretrain,7CIq4mtiamY,00038,-8.738774405822058,7.808
train,pretrain,1pq5jnM1CSA,00013,0,pretrain,hWnZKAXSv3s,00015,6.314652965401891,13.44
train,pretrain,43e6eAAeGCs,00031,0,pretrain,y8qc8Aa3weE,00018,9.614431737370019,7.168
train,pretrain,Wai4ub90stQ,00022,0,pretrain,b6rAgHcuYtE,00034,9.70914452341001,3.84
train,pretrain,7vsO7SHLJMI,00034,0,pretrain,2FASIuDTMjE,00029,6.471644230439953,4.608
train,trainval,p49rv25dx0g,50062,0,trainval,zpNBwNgWejs,50001,4.571091585414971,3.712
train,pretrain,WAuDCOl9qrk,00018,0,trainval,zLNXIXingyU,50001,6.621580824924127,5.888
train,pretrain,mWA2uL8zXPI,00025,0,trainval,ATISgVUKetI,50006,1.6237222921769074,2.816
train,trainval,lXNE4MD2X2w,50009,0,pretrain,iCvmsMzlF7o,00020,3.907981982086021,2.688
train,pretrain,1LSE7KCN9xg,00007,0,pretrain,5pIGDw18mIQ,00001,0.2690003574931481,3.328
train,pretrain,2PNumSv80R4,00006,0,pretrain,iKHTawgyKWQ,00025,-0.5266712888498368,4.736
train,pretrain,0C5UQbWzwg8,00038,0,pretrain,z4fsN1DSEVk,00004,-6.483059399255808,3.84
train,trainval,CqasLvlSWGU,50001,0,pretrain,7Iv2nZnZOrM,00007,2.043356331104224,3.456
train,pretrain,gEukNF40JTc,00001,0,pretrain,tF1oSdNwE8c,00010,-2.2034469203664164,12.096
train,pretrain,ImQrUjlyHUg,00011,0,pretrain,SJ5bDhMP9lQ,00021,-6.593029367526764,5.76
train,pretrain,oIGBBPspTKM,00037,0,pretrain,80GqbW1MmQM,00011,3.5409402388264226,6.208
train,pretrain,s3IPatkuByA,00014,0,pretrain,TZy5Srsksls,00015,0.3140594521844058,3.456
train,pretrain,xbWcLYOniWU,00008,0,pretrain,KzeQSZ3bQ2g,00016,9.979054078713268,8.64
train,pretrain,iCvmsMzlF7o,00013,0,pretrain,d0yGdNEWdn0,00026,8.270722198453441,8.0
train,pretrain,HByDu4uOFY4,00012,0,trainval,d0LQCXCiW8g,50006,4.066014709926273,3.584
train,pretrain,lJGtXuCmZBM,00014,0,pretrain,fW6AndSUByo,00011,-5.619556199520826,4.928
train,pretrain,55n9pHSA0O8,00048,0,pretrain,V4Xw76SsHOM,00008,1.8097225692206962,6.592
train,pretrain,sLiM2SizFl4,00057,0,pretrain,qQDC7c2I8l8,00006,-5.900674365962455,9.472
train,pretrain,bXnTAnsVfN8,00010,0,trainval,IJwlyf7rCtU,50010,-4.035756811790073,2.24
train,trainval,3E46oWB4V0s,50036,0,pretrain,Sm5xFSUYgdg,00011,1.9295472898510653,3.008
train,pretrain,jv8m8rycnQs,00019,0,pretrain,PnMsSqLwaes,00007,-7.679610823602852,10.688
train,pretrain,HdHW77blulg,00025,0,pretrain,pSZaIvgWUlk,00002,4.363023515804796,4.48
train,pretrain,3nsPcBJAdxI,00011,0,pretrain,ZvSJE9n0GfA,00034,4.692985947856027,4.48
train,pretrain,0YNeyBANrTI,00002,0,pretrain,uo7w3g24DWo,00029,-1.3855174237390795,8.0
train,pretrain,0ITHlySbhJE,00011,0,pretrain,qdiF1fSGfyM,00034,-4.156744712009852,10.688
train,pretrain,6Af5tJzSR2w,00012,0,pretrain,Mo2Ai7ESNL8,00043,9.86151215632383,3.84
train,pretrain,u5GCetbP7Fg,00039,0,pretrain,LZAi7DlVN2g,00003,1.7076007329753473,6.848
train,pretrain,hz2ONnzRANs,00024,0,pretrain,kEejVSZ5mLY,00002,-7.381024401280117,6.08
train,trainval,vzKA1y3cdYI,50020,0,pretrain,q1pKLVX3VSA,00022,7.137027433345057,4.16
train,pretrain,gzthxdm7XNs,00024,0,pretrain,6ePXxeGrfvQ,00008,-1.9333699931949244,7.68
train,pretrain,mCZCokSu37w,00024,0,pretrain,NRcPXtqdKjE,00038,0.36593946661692556,4.096
train,pretrain,WfTZ5iIUn4s,00001,0,pretrain,EZ9tC3PigiU,00011,3.5980279619206392,5.632
train,pretrain,MVDXD3oyMJg,00011,0,pretrain,8khcH5Lqxgk,00001,9.248859231114572,7.744
train,pretrain,CLSSiaFuLo4,00065,0,pretrain,97MWOERYSdE,00041,-0.09637724718981033,3.776
train,pretrain,dhMoQrLEJe0,00002,0,pretrain,6wk4dkYSrV0,00061,-5.303665965898958,6.848
train,pretrain,iE7YRHxwoDs,00001,0,pretrain,gevXeQwS1jg,00037,-8.290717141039474,9.856
train,pretrain,rrkrvAUbU9Y,00033,0,pretrain,o8NPllzkFhE,00013,0.014794456052069194,6.656
train,pretrain,umgWcQ5uNu0,00015,0,pretrain,Rz8m1yDE0ms,00005,7.754132169943098,7.36
train,pretrain,iSpwUpdQdyY,00042,0,pretrain,SjaWs87t5UM,00036,2.6553556719451894,5.504
train,pretrain,fbeFn1Xcqo4,00028,0,pretrain,4BwSMSCFdu0,00048,1.1454868177190427,5.248
train,pretrain,RsxlLsHtoBI,00025,0,pretrain,FVSc2FnPnDE,00008,1.5535498617110726,9.728
train,pretrain,LWULB9Aoopc,00003,0,trainval,06M8qY7Q74Y,50004,7.2470246225540755,2.048
train,pretrain,0jmST6bSUoc,00003,0,pretrain,KQEWc3LVfyc,00060,8.00340663440408,5.312
train,pretrain,wZ2TF8SPGQ4,00025,0,pretrain,9usocDBGnvA,00025,4.666937513258398,2.56
train,trainval,P9YbrVFoX0Q,50002,0,pretrain,p9HPUiEdEj0,00009,7.8206042941918525,3.968
train,pretrain,zISxg4JhSRk,00007,0,pretrain,F1Kml3zuTco,00005,-6.95988988400321,11.456
train,pretrain,SK095wuESeE,00018,0,pretrain,PcDftBVDSlc,00015,-4.447858823242214,4.736
train,pretrain,tqf607N19Is,00018,0,pretrain,4XESlSz0TLM,00014,8.878992556925784,11.968
train,pretrain,YA87VEeoZLI,00004,0,pretrain,j06dz9eDgqY,00020,1.9572697306048497,6.848
train,pretrain,k8OgHJ4WXR0,00011,0,pretrain,S8fxEWsQy9s,00014,7.4449043644691955,9.024
train,pretrain,Ydj28CDrHV4,00007,0,pretrain,ogeGJS0GEF4,00003,7.058780067380084,4.736
train,pretrain,a3im2S5mQCM,00014,0,pretrain,JhcCHjqSiBo,00011,1.7764454039288413,5.696
train,pretrain,uSTmKo75gJI,00006,0,pretrain,UwtYQFSJSQc,00014,8.388613389061877,6.016
train,pretrain,iKEtQSzz4GA,00012,0,pretrain,yzm4gpAKrBk,00039,-2.9554826224924957,5.76
train,pretrain,RKK7wGAYP6k,00014,0,pretrain,Rz8m1yDE0ms,00012,-7.003213672466034,3.392
train,pretrain,YLG871tKZUM,00001,0,pretrain,zXSrqdSohyA,00016,7.303122297874026,5.312
train,pretrain,7sxpKhIbr0E,00029,0,pretrain,Qh1iU3Srx5g,00004,-8.199719762661765,18.304
train,pretrain,cHSQGnhdSi4,00001,0,pretrain,qGSYmIPFO68,00017,-3.1725695048234615,7.808
train,pretrain,LlQXs0yofMs,00036,0,pretrain,40ieXxoJwZw,00011,-6.701531522152657,3.584
train,pretrain,QOSPNVunyFQ,00025,0,pretrain,YuEm03Ko0J8,00016,-2.4832030453780956,4.8
train,pretrain,QOjVk3cQFB8,00003,0,pretrain,mLufqwmPl1A,00025,-4.680881415975826,4.928
train,pretrain,druJDI6hiiY,00015,0,pretrain,JS8fYhwrYzI,00012,2.3521095955796856,3.648
train,pretrain,i6SbQqqRVtM,00005,0,pretrain,LBvHI1awWaI,00042,7.418636433320408,6.592
train,pretrain,UzuUljhS9uI,00001,0,pretrain,cSiNSQubRs0,00013,0.5214431842192919,7.744
train,trainval,86xSuStz0MA,50002,0,pretrain,y1GqNN2Xe7g,00002,8.209224408294492,3.2
train,pretrain,cbSts8fUhB8,00027,0,pretrain,1tcqfWkiShw,00006,-1.899291420429778,7.936
train,pretrain,dkLcwHmnPV4,00012,0,pretrain,odyakQwtWwo,00009,9.537101549174011,4.8
train,pretrain,nyLYQYHGbvI,00022,0,pretrain,Yx2rjq1gSWA,00002,0.38626758463026256,3.84
train,pretrain,FpHPVrsEkYY,00020,0,pretrain,OOG65rSM5fA,00026,-9.880686838162854,5.568
train,pretrain,i0a61wFaF8A,00002,0,pretrain,oKtALHe3Y9Q,00006,-2.9212365617961904,10.496
train,pretrain,sJCBM9ajA5s,00018,0,trainval,qesLGw23SzQ,50002,4.9360940880966115,3.008
train,pretrain,iCvmsMzlF7o,00025,0,pretrain,nPGVm6OesQk,00006,-1.5969471230261423,4.48
train,pretrain,L2upTRjXeJM,00004,0,pretrain,oiVSHkItqxo,00033,0.08819688688163652,10.176
train,pretrain,b2qM1ISJCEQ,00047,0,pretrain,4ZgwzSm7sRs,00022,-0.00041900697488728156,6.656
train,pretrain,LizFrxTK5Qo,00031,0,trainval,0Sdja9Ys4Sg,50016,3.9631463339746436,6.144
train,pretrain,RsxlLsHtoBI,00026,0,pretrain,a3im2S5mQCM,00008,7.239303273921511,6.336
train,pretrain,1sE96vd8W40,00028,0,trainval,0UmUgaJwEr0,50002,5.208880776325437,2.752
train,pretrain,tUAepQYyMY4,00026,0,pretrain,OLHh9E5ilZ4,00018,-0.5221624734258317,6.08
train,trainval,cnDEVgxD6QQ,50011,0,trainval,9OECsmMont4,50011,-0.025617378643863375,2.112
train,pretrain,SwiaaqKdtjw,00012,0,pretrain,aSpHGbL5138,00007,5.20580728390704,5.376
train,pretrain,IMjn62naclM,00009,0,pretrain,3icoSeGqQtY,00010,-3.816829290401593,10.048
train,pretrain,pbGLBjDhnSY,00023,0,pretrain,YXWKuKSQsu4,00027,-6.681398338927693,6.592
train,pretrain,ppr6UyfBMlA,00007,0,pretrain,YO0lbdhF30g,00025,8.017473335723558,6.208
train,pretrain,YsXg3J1x4OY,00002,0,pretrain,fwm3azuoLr4,00009,-6.93916959092721,4.224
train,pretrain,RKK7wGAYP6k,00017,0,pretrain,XLi6iYnnsGc,00027,3.398848982602807,6.016
train,pretrain,AAkEYcmCCCk,00035,0,trainval,bGBamfWasNQ,50016,5.1702561591823475,2.496
train,pretrain,acNGOQO7URc,00011,0,pretrain,gSONUFFt2qM,00007,-9.66985845640467,8.576
train,trainval,p0aTfcXpOEs,50001,0,pretrain,8m5Ebx6nuGE,00032,-9.20056950069946,3.52
train,pretrain,Re53vgaVFvI,00019,0,pretrain,THJUvXkqmBk,00021,-1.8721449929852625,8.576
train,pretrain,9fyjlxizLFI,00017,0,pretrain,6VWPHKABRQA,00025,-5.595697356073983,3.776
train,pretrain,LPrS7Skx9Y0,00003,0,trainval,p49rv25dx0g,50011,2.5720113900864945,4.16
train,pretrain,QoTSdOkjEVs,00005,0,pretrain,GeDSgi0A7A8,00015,-2.5747304321687947,4.48
train,pretrain,PB7xs7UpIfY,00002,0,pretrain,sLFqwXqe4Yk,00024,1.8302104630453755,12.928
train,pretrain,38OUCtzkT4Q,00024,0,pretrain,O9Hfqc3trhw,00013,-7.612123516555059,17.6
train,pretrain,9h2dFSIsH0I,00035,0,pretrain,KOIsqRgJ3XM,00008,8.251762191901904,4.48
train,pretrain,pew48bbrob0,00004,0,pretrain,9IRv3TOjE1I,00018,6.090854559014062,10.24
train,trainval,d5wfMNNr3ak,50015,0,trainval,J45cWdDEbm0,50004,-2.9431842771486627,2.368
train,trainval,PY9DcIMGxMs,50012,0,trainval,3E46oWB4V0s,50001,8.810053331855293,3.456
train,pretrain,3dy4SGkSD8M,00014,0,pretrain,KVhWqwnZ1eM,00006,3.1905573959310534,7.168
train,pretrain,CGksAjzI0go,00063,0,pretrain,C8OqQ2lmsEo,00012,-7.176314739897216,5.888
train,pretrain,btF6nKHo2i0,00009,0,pretrain,WLj0uepcPFs,00010,8.788050496997919,9.984
train,pretrain,Ligs82S0qN8,00022,0,pretrain,lbBDoFp2HIQ,00007,9.29971480120529,3.2
train,pretrain,WDbxqM4Oy1Y,00009,0,pretrain,0af00UcTOSc,00023,-7.218267655525956,4.288
train,trainval,DkyMCCnNI3Q,50006,0,pretrain,vpTHi7O66pI,00027,7.566523661069503,5.696
train,pretrain,hh2Z2hSgFIY,00005,0,pretrain,0tqq66zwa7g,00002,3.9988845472352335,4.608
train,trainval,QhLLMBN57AU,50018,0,pretrain,2NHV4AzSEzY,00025,9.43470163830688,5.568
train,pretrain,B4xOFsygwr4,00044,0,pretrain,4ZgwzSm7sRs,00011,-9.288907261436519,9.088
train,pretrain,7HD3lrb6VtM,00013,0,pretrain,YJ5VS3GAucc,00003,-9.441302633690057,6.336
train,pretrain,QUUFbS1hBtw,00038,0,pretrain,yldVmMfMyIg,00004,-2.2156469417949847,7.744
train,pretrain,5pW2b1vwwf4,00021,0,pretrain,ZVRbSuY3h9w,00012,1.3925425206929187,5.184
train,pretrain,2Brajdazp1o,00007,0,pretrain,J3pGKt7fESM,00019,4.649489377249548,10.176
train,pretrain,F1U26PLiXjM,00021,0,pretrain,OIpgrZ8ySSQ,00021,-2.1792592463414344,7.68
train,pretrain,Xd6XZF8kZ60,00001,0,pretrain,4ef6KJ7vfIw,00002,7.13043330693084,6.976
train,pretrain,K6YCcsDQX4w,00008,0,pretrain,QuaIMgzIOn8,00033,2.2200259275751506,16.96
train,pretrain,iAZwvTV3CyQ,00007,0,pretrain,93fJ33L9OKw,00008,7.99035859877414,13.248
train,pretrain,ZdvUktSa1I4,00006,0,pretrain,ZBDablzQ9ts,00018,6.886894865073174,4.352
train,pretrain,hqQSTqVNnOY,00011,0,pretrain,zLNXIXingyU,00055,5.553884837005633,16.704
train,pretrain,tAReayFqUEY,00014,0,pretrain,Q80MfH7xPPE,00011,7.69877781227364,5.248
train,trainval,llhT0BtSst0,50001,0,pretrain,HFFBkbsSFY0,00035,-1.689954665830303,2.112
train,pretrain,WWRXOqYwRkM,00021,0,pretrain,SMi3rHuK0c4,00037,-4.058629114199959,6.72
train,trainval,qP2W2k3L1Ow,50002,0,pretrain,7npLVcymHGc,00024,8.822927635638536,6.208
train,pretrain,QoTSdOkjEVs,00002,0,pretrain,ESlb3D7AySM,00018,-2.8729973909111806,4.288
train,pretrain,vNyZmSg92HI,00034,0,trainval,urOCGSMlB9g,50012,-5.867877822813641,4.224
train,pretrain,uTbASmxo858,00026,0,pretrain,ramueKMLXZY,00007,8.46301023187021,6.784
train,trainval,J6oMG7u9HGE,50069,0,pretrain,IDkSDPgrtjs,00009,-9.646251183698048,5.568
train,trainval,19KkFCQz8WQ,50001,0,pretrain,ZK3S2rCHmPA,00013,3.5248567821158403,2.688
train,trainval,bCGlWQnzDVE,50022,0,pretrain,ofsncCF9OSU,00001,-8.365249390127406,3.52
train,pretrain,UG2zHhgfAW0,00005,0,pretrain,qZYNWW4M7yM,00009,-1.3825362437374835,13.504
train,pretrain,BXcFEhl7ynM,00029,0,pretrain,inxIM1aGvZY,00015,4.836432555208088,7.36
train,pretrain,5EH1dS2aQVg,00022,0,pretrain,CWU13rx44j8,00019,-3.0778288040222357,8.256
train,pretrain,ygKNRnz7q5o,00012,0,trainval,HjnclEhy960,50007,-0.6922855003226118,5.76
train,pretrain,K74JqctvM2g,00017,0,pretrain,SbphPa7Wp4c,00019,2.0111247509312395,7.488
train,pretrain,Hul8htHa9AY,00026,0,pretrain,apbSsILLh28,00024,4.0329892988579825,6.016
train,pretrain,W4zepOS7dgk,00004,0,pretrain,MLvwTlbj1Y8,00040,1.623876140439659,7.04
train,pretrain,fTsFVO6OhO8,00010,0,pretrain,4Z75ASJMBx4,00045,8.658686794054823,4.48
train,pretrain,RmXiItk49Gw,00027,0,pretrain,2L4BSVpvx1A,00024,8.57220893215166,5.632
train,pretrain,Z9dt5qlgO24,00022,0,pretrain,BGRy5VUSLfI,00041,6.1608572137599396,7.68
train,pretrain,S9O9vyJBQ6g,00007,0,pretrain,QeAGu40vZzI,00020,7.810974363008608,7.296
train,pretrain,QOSPNVunyFQ,00013,0,pretrain,mmhedbY8wjU,00008,-7.178956822132405,5.696
train,pretrain,VynSxLrtZaY,00049,0,pretrain,KSzkPSW4Hik,00025,4.035064055620364,8.96
train,pretrain,kdqUhTnAgJU,00006,0,pretrain,Vqm8fXFFHyY,00009,-9.378593620461897,4.416
train,trainval,Yagdvqn2YMU,50006,0,pretrain,UQkIbUvcs7w,00031,-9.87510863507527,4.544
train,trainval,SJ0G1iCLzCA,50007,0,pretrain,IJmr7MsS8fw,00053,-7.388811790468002,2.752
train,pretrain,ww4kNxYE0c4,00017,0,pretrain,bkeBjPS9ZR4,00019,-7.177592189140476,6.336
train,pretrain,5LrThfSBeq0,00030,0,trainval,bCGlWQnzDVE,50031,8.028490752065213,2.88
train,pretrain,2tBuvxXxlS4,00025,0,trainval,HFqLoHyCTRc,50009,7.014287450554622,3.84
train,pretrain,9E3a0HSXcSg,00004,0,pretrain,fqJAeReFr8I,00019,0.4777532304193777,8.512
train,trainval,9VXOknUbzBM,50025,0,pretrain,0FQXicAGy5U,00012,8.367986204643593,3.776
train,pretrain,FVSc2FnPnDE,00022,0,pretrain,XiEQmcZi8cM,00023,2.422985173315075,8.256
train,pretrain,PNqu5BWeHDw,00003,0,pretrain,O6GimGZz6a8,00017,8.394188085379454,5.056
train,trainval,x8jdxSlf2Dw,50012,0,pretrain,QOSPNVunyFQ,00024,9.674506980054204,2.88
train,pretrain,VGpZ06RlVfI,00009,0,pretrain,ZBWsmoy5Re4,00036,-0.7986211410166,5.376
train,pretrain,NEW8RKyMDV0,00009,0,pretrain,V4Xw76SsHOM,00003,8.598818409382819,2.368
train,pretrain,OhYvDS7qSV8,00011,0,pretrain,KCr8s57hdzY,00002,3.3446135833105792,8.64
train,pretrain,13rqtiAPISY,00005,0,pretrain,WXOd4qh3JKk,00004,-6.836104087996433,4.544
train,pretrain,ufp5iGh0agA,00014,0,pretrain,9usocDBGnvA,00017,7.20087557291016,8.64
train,trainval,LSGfqyhleUA,50004,0,pretrain,bf7BXwVeyWw,00005,3.6775001980497954,3.264
train,pretrain,XiDAztWWAuM,00007,0,trainval,Q0Uo05JoZQo,50020,-9.246894312430546,6.08
train,pretrain,VHECIP6Tz0M,00005,0,pretrain,X41iulkRqZU,00042,7.815472285664946,15.616
train,pretrain,bZ3qQySIPgI,00010,0,pretrain,h4MhbkWJzKk,00018,-0.95817828154048,11.008
train,pretrain,Rs5CDLgjSsI,00003,0,pretrain,IdW9UYlxlVY,00005,0.17034622173615332,12.16
train,pretrain,hVShA7g4Joc,00004,0,pretrain,ezVk1ahRF78,00002,-6.005954741432884,6.976
train,pretrain,3z1cCT2NP4k,00010,0,pretrain,BT2XlI8oeh0,00003,-0.10274328186306292,9.024
train,trainval,lXNE4MD2X2w,50008,0,pretrain,mSvyBpWueu4,00011,-1.2793472381549016,5.888
train,pretrain,ESfBSsSTC5k,00002,0,pretrain,Qh1iU3Srx5g,00002,3.7289641667990026,12.096
train,pretrain,izddjApSN4I,00014,0,pretrain,79tRTivyMSM,00002,7.98627444157685,3.968
train,pretrain,Q80MfH7xPPE,00022,0,pretrain,3nsoNSLS8RQ,00021,-7.2851852004673585,15.36
train,pretrain,pZni9Kx9Jfw,00003,0,pretrain,WtLMST8TyeY,00029,6.676499360597319,4.928
train,pretrain,VqtEppZmjfw,00029,0,pretrain,dSKkk618ax0,00001,-5.955059330698756,4.608
train,pretrain,kcwBHSUevxo,00006,0,pretrain,u5GCetbP7Fg,00006,-0.2565494906872612,3.904
train,pretrain,y3jYVe1RGaU,00046,0,pretrain,BxFvxKaSmWo,00023,2.613426152479075,4.288
train,pretrain,QbSD6PTcmfs,00014,0,pretrain,IkJSZGQaeak,00022,-3.2604997516634775,9.216
train,pretrain,0UmUgaJwEr0,00042,0,pretrain,Maw4XgS6RAw,00007,3.478370859923558,4.608
train,pretrain,dE1DuBesGYM,00025,0,pretrain,G6dfUFgKmN4,00037,5.797271655561275,4.608
train,pretrain,jhOJ7DQo3ZU,00008,0,pretrain,mkdSXHXhCcw,00051,2.385540203572443,6.4
train,pretrain,npFSbX7DZ6k,00034,0,pretrain,5aLiFw8CSEA,00029,-1.8591177538684782,5.568
train,pretrain,xpnFeyMGUs8,00025,0,trainval,2j00U6lUCSc,50024,-5.371540731568826,2.88
train,pretrain,TUtxSwC5mqA,00008,0,pretrain,mS8tQSTYLgk,00026,-3.206472724819971,5.12
train,pretrain,YhCkjRXgnDw,00002,0,trainval,vw5HJhIlJp4,50001,-5.1655190530426776,3.136
train,trainval,3MYEtQ5Zdn8,50002,0,pretrain,ayhhuxAu6rw,00022,-4.793410436200675,3.776
train,pretrain,k5tCYg9s0HU,00001,0,pretrain,5EORxJsoUJQ,00010,-0.18844608411351338,4.992
train,pretrain,YmlAl1SMtHk,00017,0,pretrain,5duz42kHqPs,00029,3.8272420761110233,13.376
train,pretrain,bH4zvHvregg,00005,0,pretrain,PvT9tD3NZvo,00003,4.902743557970062,14.4
train,pretrain,bq39x2HWjNk,00015,0,pretrain,cS3f3rQRlug,00018,-1.0869128953732812,4.16
train,pretrain,Diuv3XZQXyc,00008,0,pretrain,2BOTS9GAjc4,00036,3.9342647034636595,14.08
train,pretrain,mMasmrJOmEo,00007,0,pretrain,vIgWMzdgweI,00004,-9.69624976554252,5.568
train,pretrain,CsqSDpmgsQg,00008,0,pretrain,8m5Ebx6nuGE,00034,2.1536319580666774,4.8
train,pretrain,8Szk2DpgLCs,00003,0,trainval,xh8el8m9mLM,50006,-1.757027092353031,4.928
train,pretrain,2lJvr5UL2pQ,00016,0,pretrain,XS85KAYKOT4,00003,3.4419593108427016,3.648
train,pretrain,SRKgDP1YPUo,00005,0,pretrain,SS3qnZrVy9o,00036,4.360060767071289,17.344
train,trainval,JD4O7ama3o8,50011,0,pretrain,VObLitSe3K0,00024,-3.3353784156116433,6.208
train,pretrain,XKc9MJDeqj0,00010,0,pretrain,SjaWs87t5UM,00027,-4.323632649109628,8.512
train,pretrain,RtRufOPFug0,00011,0,pretrain,xnovQVRHj5c,00058,3.583317302838182,5.504
train,pretrain,QJORi5VO1F8,00002,0,pretrain,ay8OMOsf6AQ,00032,-2.026357650430148,4.416
train,pretrain,f6CILJA110Y,00007,0,pretrain,ulLFP8axZVQ,00020,-9.975723912256495,10.752
train,pretrain,eaelI0u4Sz0,00022,0,pretrain,h1Yg1rURKR0,00023,-4.544065657354763,4.288
train,pretrain,sodSeJBf9Y0,00009,0,pretrain,b4kSKPELNcc,00008,-9.886469765669508,4.352
train,pretrain,PFVP8L3SlfQ,00010,0,pretrain,j97WsAz3CDY,00015,-9.467066125463582,21.696
train,trainval,tbicAmaXYtM,50019,0,pretrain,0GL5r3HVAZ0,00030,-7.5740438370502545,6.144
train,pretrain,bXnTAnsVfN8,00007,0,pretrain,MOptnpjKJOM,00016,0.7388390237036688,11.904
train,pretrain,V48M5jS6zdE,00038,0,pretrain,DsSrzoyyfF0,00025,-9.708342070261198,10.24
train,pretrain,mS8tQSTYLgk,00009,0,pretrain,LFxQEUDIAuk,00012,-8.505897684108866,10.368
train,pretrain,FD5ZKiSmoMU,00042,0,pretrain,9fyjlxizLFI,00021,1.282616845293152,8.192
train,trainval,59SRn1SkWAA,50032,0,pretrain,5HeZaYtfDf8,00004,-8.062514430140677,5.76
train,pretrain,WF6SDe4USvE,00004,0,pretrain,uPE0G00XFV0,00011,5.409678959317219,3.84
train,pretrain,rN7VcY1fS1Q,00014,0,pretrain,BCvzpm4d2gs,00027,5.612279573565914,4.608
train,pretrain,gWPFJgLAzu4,00033,0,pretrain,yRUCU5FsvTY,00032,-5.422290074638054,5.056
train,trainval,npFSbX7DZ6k,50002,0,pretrain,oAl82gFMZis,00011,0.21986203213574385,4.096
train,pretrain,IaMnRrrQx48,00007,0,pretrain,lxovD2LQVUQ,00011,-3.708933966954322,7.168
train,pretrain,9yEl0SbCA9M,00019,0,pretrain,erCApSBd0AQ,00030,-2.893444965362077,5.12
train,pretrain,dsMCVMVTdn0,00007,0,pretrain,oeL72c6scAs,00025,4.854885298115956,7.936
train,trainval,KxDwieKpawg,50011,0,pretrain,vvlozhvQPJw,00008,0.16839390644003416,3.136
train,pretrain,EszGIvRdgTE,00005,0,pretrain,N9HF8mMe2pU,00043,-8.031252058132663,9.216
train,pretrain,KTvSfeCRxe8,00026,0,pretrain,bRuU02haIK8,00016,1.0084221169891432,9.28
train,pretrain,UG2zHhgfAW0,00026,0,pretrain,uHRG3Vr9qyI,00005,8.79994000695406,20.352
train,trainval,zbHe4RpgV80,50009,0,pretrain,qtcWebAYmKY,00005,-3.474097710340411,6.144
train,pretrain,LizFrxTK5Qo,00027,0,trainval,QLBtr2rOFkI,50001,0.3092299715283744,2.944
train,pretrain,xNiBDGBw4Zs,00026,0,pretrain,OLHh9E5ilZ4,00035,-1.8509869466577697,5.824
train,pretrain,F1Kml3zuTco,00006,0,trainval,Ctz4E2ARkCg,50002,-3.8724525202833675,3.968
train,pretrain,P2y3Uspr8Bg,00013,0,pretrain,uYyvbgINZkQ,00013,1.6837401736727777,5.056
train,pretrain,4wOxJOPnSUg,00034,0,pretrain,pVQdpofMhwU,00019,8.473779810877321,8.704
train,pretrain,xjSQFZX2m9o,00033,0,trainval,YJM6WUNDnhA,50003,-0.0010350105933749632,4.928
train,trainval,Gj2pWl1vjCY,50005,0,trainval,BnC6IABJXOI,50006,2.0262839322706565,2.24
train,pretrain,VynSxLrtZaY,00050,0,pretrain,nDIdnlJHJCQ,00010,-7.650304389294778,4.096
train,pretrain,ziGD7vQOwl8,00066,0,trainval,ofjRnIpXBF0,50002,1.1339074649103154,3.456
train,pretrain,DW5YctpK7pM,00034,0,pretrain,eRQdAOrqvGg,00007,-4.492411209043312,5.696
train,pretrain,JVwLjC5etEQ,00025,0,pretrain,Tmk7nAvpMXQ,00024,-5.564208160614212,4.224
train,pretrain,ScGSlv9dCeY,00036,0,pretrain,HTf7Ziklcms,00021,9.518112128448834,3.968
train,trainval,8zj8HJntlP4,50008,0,pretrain,DwYQHj7Hmik,00024,5.915547644451875,5.888
train,pretrain,oIGBBPspTKM,00056,0,pretrain,WNDWYW4yWEM,00018,3.0849380439033744,5.504
train,pretrain,xSLkNjQyHww,00016,0,pretrain,Aqc2SgiOVr8,00012,-4.808685931869197,8.448
train,pretrain,kvpUiBqHoVM,00002,0,pretrain,audakxABYUc,00016,-1.4448311337566508,16.32
train,pretrain,pzN4WGPC4kc,00032,0,pretrain,CWCWq155hyc,00005,2.5338991478327024,3.776
train,trainval,tbRM4Q6OI8A,50006,0,pretrain,0sYguTPLpHE,00034,3.692153063324353,6.08
train,pretrain,u7SWcQaoaRQ,00019,0,pretrain,eh3cdTlh7VM,00025,4.08845976152131,9.216
train,pretrain,1QQ3gWmd20s,00026,0,pretrain,8etnSTnX92g,00012,4.32541437641213,11.328
train,pretrain,Yo5cKRmJaf0,00014,0,pretrain,V3CLRL32Mcw,00002,7.073777433398675,19.84
train,trainval,lwz8KvS9NRA,50002,0,pretrain,RRRDYBwjjU0,00011,-2.3696801784111425,6.016
train,pretrain,1z3Fgtj8fqk,00020,0,pretrain,8COaMKbNrX0,00025,-5.675497646377233,9.28
train,pretrain,BGcJXAXSSd0,00018,0,pretrain,0tVGSTxcsSU,00014,-1.0893783141868738,4.416
train,pretrain,R21MsHQA8vM,00002,0,pretrain,03h0dNZoxr8,00004,-0.1701795751390751,11.328
train,pretrain,L9Sc1j9VRwE,00001,0,pretrain,FdHJw0veVNY,00027,0.005144673003368183,16.32
train,pretrain,5aLiFw8CSEA,00024,0,trainval,W4I68CGUV3w,50010,-4.969264966592477,4.416
train,trainval,VC3H1lMEeS4,50012,0,pretrain,lrZZoCmSnME,00009,-0.3117987895580292,5.888
train,pretrain,mKkF6mAlX4k,00007,0,pretrain,ttRhMPgpoOQ,00018,9.911311936994494,5.952
train,pretrain,zcMj4Az1MwE,00012,0,pretrain,moS9iMlmsP0,00038,0.5998679164930856,8.32
train,pretrain,uNDWvejza4c,00019,0,pretrain,r2YiRiLAUSY,00018,7.896123019496748,8.064
train,pretrain,esPRsTSlmw8,00033,0,pretrain,gqpErbFnbiY,00003,4.490391081432792,11.712
train,trainval,uHRG3Vr9qyI,50054,0,pretrain,j97WsAz3CDY,00022,-7.204498201513731,3.2
train,pretrain,2SlbsnaSNNM,00008,0,pretrain,NbpSibMSEiE,00007,5.86298988831941,7.488
train,pretrain,pwdPxj3gHQ0,00006,0,pretrain,VvpUZjRVoBI,00025,-4.6163703689654145,2.368
train,pretrain,gPEECGFJFb8,00004,0,pretrain,aOW7JZaqKGA,00035,-4.214559594997665,9.152
train,pretrain,Eewvsw027jg,00004,0,pretrain,ERSZb2wHFDw,00006,9.464257528773064,15.744
train,pretrain,gyPoqFcvt9w,00006,0,pretrain,T7ibjISKSdY,00030,0.12065091665073524,6.976
train,pretrain,esugL07XANg,00066,0,pretrain,MgnnQ2CN6yY,00024,-2.977943824401292,5.696
train,pretrain,hfDkDzZ9GsU,00027,0,pretrain,d6PS4p3IXLQ,00005,4.663468616254757,5.952
train,pretrain,8gSAkUOElsg,00017,0,pretrain,f6CILJA110Y,00077,5.062444716276293,5.376
train,pretrain,Z41BTeAU7DI,00029,0,pretrain,oXbhTHaMwTw,00028,-4.389599735683007,4.672
train,pretrain,GZyjTPEufLk,00002,0,pretrain,NEW8RKyMDV0,00012,3.7402796559761438,12.992
train,pretrain,NbpSibMSEiE,00004,0,pretrain,G5pvUaMgfC8,00012,-3.9152586198009516,18.56
train,trainval,1hxwsYYz5fI,50003,0,pretrain,cXQrbxD9SNg,00018,-7.150281371521778,6.08
train,pretrain,RjyxIsE3V2g,00001,0,pretrain,eOU3Tv0vN24,00004,6.204741994597761,3.84
train,pretrain,YmRKlZEXVQM,00004,0,trainval,hgWie9dnssU,50002,7.106522862003331,5.696
train,pretrain,sGXeX7PPrCI,00007,0,pretrain,hfznpykprP0,00010,-1.13326316789545,6.976
train,pretrain,iNOE0dZpHcY,00026,0,pretrain,LETgWDSSzSI,00018,-2.392325204888568,9.92
train,pretrain,YATYsgi3e5A,00012,0,pretrain,rGgoCm1hofM,00027,7.4635613834859456,5.952
train,pretrain,S0hxl03JoA0,00009,0,pretrain,cOIJGGgaSIY,00045,-6.382329262604404,5.184
train,pretrain,3uFbJG6tBpI,00013,0,pretrain,34a7UEzZdsA,00028,6.00692271612807,3.328
train,pretrain,90mj79GqWhc,00021,0,trainval,1mUDw0sRZV0,50012,6.262027684996653,6.08
train,pretrain,l5ZJ6bK1EIc,00022,0,pretrain,ayhhuxAu6rw,00019,3.5334133389524425,3.584
train,pretrain,4KhnSz9FPmU,00034,0,trainval,bSiGZPtWXzE,50019,7.336707508633687,5.376
train,pretrain,8rZzHkpyPkc,00053,0,pretrain,iARReKKgETs,00028,0.21494168782025724,4.288
train,pretrain,cdpIwjTtLlg,00014,0,pretrain,yJJtRWFLSgw,00055,-7.511311203058877,4.608
train,pretrain,7ShFmRzffOg,00033,0,pretrain,lnHXhYSeOJ0,00021,5.304941252590234,3.968
train,pretrain,4FBFvWc7zf0,00009,0,pretrain,PY9DcIMGxMs,00015,-1.1543248253881426,6.4
train,pretrain,RG5QP2EVUVY,00017,0,pretrain,BxFvxKaSmWo,00001,6.634947774760974,10.944
train,pretrain,1z3Fgtj8fqk,00044,0,pretrain,pWrgvI4nyyg,00012,-8.758110960349747,11.84
train,pretrain,TPA0qoemShQ,00011,0,pretrain,4bsiMd1zQ3s,00009,3.8553177831448977,10.496
train,pretrain,bq39x2HWjNk,00004,0,pretrain,snHSSUcGSSE,00012,1.3546961228414318,7.04
train,pretrain,2zvjW9arAZ0,00034,0,pretrain,RKmxL8VYy0M,00018,-7.298539165226718,6.208
train,trainval,mkdSXHXhCcw,50010,0,pretrain,GMc8aSoCE30,00023,5.092354247797886,6.208
train,trainval,V6yixyiJcos,50002,0,trainval,vw5HJhIlJp4,50009,-4.061680211808323,2.112
train,pretrain,BwHAYgOnZSU,00017,0,pretrain,IfqdMoKVIR0,00001,-8.529536629815125,5.12
train,pretrain,acNSymOsL6M,00030,0,pretrain,zZJSgrzZNdY,00005,-5.232535872176738,3.2
train,pretrain,fWInyaMWBY8,00018,0,pretrain,CHxhjDPKfbY,00018,0.3816161399712321,2.88
train,pretrain,SgjGcBTyScY,00003,0,pretrain,YzhSmnGcSkE,00005,-6.694265040272138,6.08
train,pretrain,PFVP8L3SlfQ,00010,0,pretrain,xpnFeyMGUs8,00022,0.06745423924138727,4.288
train,pretrain,RG5QP2EVUVY,00023,0,pretrain,buHSvs7LFzw,00042,2.691417477572436,9.92
train,pretrain,dsCNuBSKBUw,00021,0,pretrain,20adDr7Felw,00005,8.578404579731856,3.648
train,trainval,GXySSkBVq1M,50009,0,pretrain,267BlUBordQ,00004,-6.2270772912133125,2.112
train,pretrain,bXRCVHVstEY,00015,0,pretrain,VMwjscSCcf0,00004,-3.92025030273476,4.8
train,pretrain,3E7hkPZSHTk,00031,0,pretrain,IW8mHxAkOtA,00020,4.247974124795469,4.352
train,pretrain,S6cX2p5cBVg,00004,0,trainval,3PQrElyu9HY,50004,9.33652730623773,4.928
train,pretrain,GCOc31fQi7A,00029,0,trainval,Cu3ILSqFJJQ,50006,0.09587281187409857,3.904
train,trainval,fVLJU45SnLY,50007,0,pretrain,lUHy84tSDrA,00015,-4.997110996226242,4.224
train,pretrain,wVGjQSnLg4Y,00022,0,pretrain,0ygtX2nyexo,00020,-6.241918713995053,9.472
train,trainval,tiWwrdMqvvM,50022,0,pretrain,aqhzFd4NUPI,00001,2.4742609638170894,4.352
train,pretrain,9kxL9Cf46VM,00006,0,pretrain,ZmSF9gVz9pg,00009,-2.855960885764876,6.208
train,pretrain,8HplGZBS7FY,00002,0,pretrain,8m5Ebx6nuGE,00040,-3.668185658658305,5.44
train,pretrain,ay8OMOsf6AQ,00011,0,pretrain,PcDftBVDSlc,00011,6.087624650178842,4.096
train,trainval,wsIrdxDJpSQ,50005,0,pretrain,zIwLWfaAgS8,00001,2.2609869255808324,5.056
train,trainval,SVB39Jo8mAQ,50011,0,pretrain,7JVTirBEfho,00001,-8.968059299792744,2.048
train,pretrain,KCr8s57hdzY,00017,0,pretrain,PGsQwAu3PzU,00027,9.366643241878755,4.672
train,pretrain,xcR1SWhjZys,00016,0,pretrain,y7LXwGfvxwo,00027,-4.96936695386043,14.016
train,pretrain,St7SxHszKws,00019,0,trainval,NZspSEdO2Xk,50002,2.1515347753600658,5.504
train,pretrain,fmxNuVDJZEY,00005,0,pretrain,vcSn852sv3E,00012,-1.567430533995962,6.912
train,trainval,A3Vpjwye9Mw,50003,0,pretrain,Yn9fTcSWMbo,00008,-0.847996853771761,2.944
train,pretrain,tMSU6k5SWXg,00004,0,pretrain,QekbuidfQKo,00010,-3.0309854452740703,13.248
train,pretrain,rToBZSrxjgM,00018,0,pretrain,DEmjzXi2lfI,00024,-3.465792429042067,7.936
train,pretrain,wOiKRVH0nQ8,00013,0,pretrain,lkVYV2P8dQE,00033,2.041743999926682,5.312
train,pretrain,30kPKxGuHLA,00004,0,pretrain,NAcuH7nSdLc,00044,-2.3211819942181977,17.088
train,pretrain,7sxpKhIbr0E,00028,0,pretrain,fbeFn1Xcqo4,00006,-4.755854030319071,11.072
train,pretrain,qZRSPO8NtJc,00025,0,pretrain,MOptnpjKJOM,00011,-1.3008422287868555,4.48
train,pretrain,n8yhaFdSGpM,00010,0,pretrain,XX30i6nC7ro,00009,-3.1084757503561526,3.136
train,pretrain,6EghiYSs2ts,00012,0,trainval,ciStnd9Y2ak,50001,3.2909657650359385,4.672
train,trainval,5Walt8nPINM,50009,0,pretrain,hfznpykprP0,00023,1.35417524913478,4.992
train,trainval,Y9DsAmzNkWk,50004,0,pretrain,dScYSVZtB7k,00009,8.626675973955077,3.776
train,pretrain,NVPxmzSPvUw,00035,0,pretrain,oGlsUYGMYks,00011,-5.265541891992145,7.04
train,pretrain,Eq1Aes1SWMU,00006,0,pretrain,Myp1sZBxTR8,00003,-8.090060235849725,8.256
train,pretrain,VjQ3ufqnfSM,00005,0,pretrain,AhKevstJyrc,00031,-5.485950287218464,3.328
train,pretrain,raCIUeGUr3s,00046,0,pretrain,askcLEVCTko,00032,2.1732629166265145,13.696
train,pretrain,fwm3azuoLr4,00003,0,pretrain,SPSq3cW672s,00001,4.413084565472092,4.8
train,pretrain,nG1oCU0ijP0,00021,0,pretrain,Qd7PiXg5fKE,00014,9.01197252203756,5.504
train,pretrain,NjpXs8Ymr14,00002,0,pretrain,Y81rCiw1LPY,00001,7.982668909884943,3.84
train,pretrain,e4PTvXtz4GM,00022,0,pretrain,p2MEGk5q1WI,00013,-5.459860190019019,5.056
train,pretrain,B8Z2G7d2kzs,00013,0,pretrain,GggL8lStP9I,00012,-7.807633281436502,6.72
train,pretrain,LWULB9Aoopc,00011,0,pretrain,tpODOkfrwyQ,00005,-5.386495759139544,6.912
train,pretrain,syqScVtnKuU,00047,0,pretrain,E3SSSS5SFHQ,00022,-9.029156488925,4.096
train,pretrain,CtvIX4s1bTU,00006,0,pretrain,3U6tEcIIAIc,00005,-9.08211577920622,4.8
train,pretrain,ay8OMOsf6AQ,00006,0,pretrain,8gSAkUOElsg,00015,-1.0294151545332593,5.12
train,pretrain,4c1lqFXHvqI,00054,0,pretrain,gxuQp1X4mx8,00012,2.845922352096471,8.64
train,pretrain,WzuWMf3WPPc,00007,0,pretrain,SZSc5UCSZS0,00002,6.189450862888414,5.568
train,pretrain,VM6HZqQKhok,00063,0,pretrain,OVSNSeFTaso,00010,-3.7318149090743518,18.112
train,pretrain,IJmr7MsS8fw,00015,0,pretrain,o1abyP4zfGg,00025,3.5566876800416285,5.952
train,pretrain,DcKdClnpz4k,00035,0,pretrain,wtvhqeVoeqI,00023,8.346505676223504,3.84
train,pretrain,yRUCU5FsvTY,00030,0,pretrain,kLIfeGflNp8,00020,6.694471969284571,11.52
train,pretrain,zYhgy5ouYLM,00017,0,pretrain,gZpcTVqpaPw,00029,-0.22523407086383607,6.272
train,trainval,0LxPAY9yis8,50001,0,pretrain,bCjfy8Z7dv8,00015,-5.170705167756107,5.12
train,pretrain,MOQcSzkKfbs,00005,0,pretrain,RLh5CRUecfY,00030,9.62360744164685,5.952
train,trainval,cSiNSQubRs0,50001,0,pretrain,5Walt8nPINM,00002,-2.1428220857447355,3.776
train,pretrain,lRAeIrv4TEE,00001,0,pretrain,5AN5fPFtV0U,00009,-2.826578514990925,18.432
train,trainval,IfqdMoKVIR0,50006,0,pretrain,C74amJRp730,00016,-0.35971652253106434,3.52
train,pretrain,iNPsDky1z94,00006,0,pretrain,LsESSyMnwmU,00034,-9.087491004650802,5.952
train,pretrain,Uq1idqpX9SA,00014,0,pretrain,kFX2LrNE3VI,00001,-9.524514080243788,7.488
train,pretrain,7s2CoqypMLg,00010,0,trainval,TOSSkVIkY6A,50001,-9.086211290790839,3.136
train,pretrain,eJCTAXbSBWs,00009,0,pretrain,kSva30kSgHM,00005,6.1665450202309025,10.048
train,pretrain,IJmr7MsS8fw,00013,0,pretrain,XAvE61JqkQs,00017,-8.526939266019253,4.928
train,pretrain,bSidnKdH5S4,00001,0,pretrain,QJORi5VO1F8,00011,4.494521401267459,2.368
train,pretrain,Sx1qkuvUxuI,00006,0,pretrain,iNOE0dZpHcY,00020,3.8923324188446333,4.416
train,pretrain,sY0PfSpfqCI,00021,0,pretrain,c2tOp7OxyQ8,00055,3.3628884021718726,4.416
train,pretrain,dSKkk618ax0,00011,0,pretrain,lrYx7HaUlMY,00015,9.91046115745895,9.856
train,pretrain,hha0NsYXS5c,00019,0,pretrain,LwSzyoYlIsA,00005,-2.6100684210425396,15.104
train,pretrain,a17Z5Sk2XJY,00035,0,pretrain,imhUmLtlZpw,00031,7.391627740160299,4.288
train,pretrain,HuWMO3M1HVQ,00003,0,pretrain,IfjI0tVUpbc,00034,7.1572075188551985,10.88
train,pretrain,v50PTSaOOGI,00018,0,pretrain,6hFxDLkWNPY,00019,9.891371566751637,3.712
train,pretrain,S6cX2p5cBVg,00032,0,pretrain,d38LKbYfWrs,00001,6.1265566050199425,6.976
train,pretrain,jYperQKUkcs,00014,0,pretrain,txxOrXPNzpo,00002,-8.760894314803291,3.264
train,trainval,Ep2MAx95m20,50004,0,pretrain,8iQnrM3DkVI,00007,-8.248921348652516e-05,2.88
train,pretrain,W4LYn4mIP18,00003,0,pretrain,fTznEIZRkLg,00002,-7.594837115187916,8.96
train,pretrain,ux1GxExRUUY,00004,0,pretrain,6ul2TSvUDog,00010,0.544171488063709,5.376
train,pretrain,cotBM0laSSo,00034,0,pretrain,h0dSQDgl3gI,00005,9.743800370330398,8.128
train,pretrain,oSv7E8WK2Iw,00021,0,pretrain,7ZW8SLQftnY,00009,4.774348833218582,7.744
train,trainval,te3u3MSpk1c,50004,0,pretrain,1fZk6aWnqGg,00006,-7.376209852751067,2.56
train,pretrain,btF6nKHo2i0,00015,0,pretrain,VekRvcbL4yk,00030,7.210850743567036,5.952
train,trainval,3E46oWB4V0s,50014,0,pretrain,4fyvDMFriRI,00022,9.188005720430311,2.112
train,trainval,wfNX1cHkSfE,50006,0,pretrain,k4N2SxUZwiU,00019,-8.312845127489506,3.776
train,pretrain,sGXeX7PPrCI,00003,0,pretrain,FD5ZKiSmoMU,00014,6.271539179632278,4.48
train,pretrain,qGSYmIPFO68,00036,0,pretrain,XiEQmcZi8cM,00027,-4.574575686579636,7.872
train,pretrain,kiUnJ1d8vvw,00016,0,pretrain,lU1ISu1LOv4,00023,1.9898611670455235,11.2
train,pretrain,wPFA8n7goio,00008,0,pretrain,wYCSHKl4RPU,00001,7.327756715516031,3.84
train,pretrain,GROCkg810R0,00031,0,pretrain,Z2hFbbG7t70,00001,-3.5684497733314613,11.456
train,trainval,wX78iKhInsc,50001,0,pretrain,4EUAMe2ixCI,00007,-4.538036367064288,2.24
train,pretrain,iARReKKgETs,00011,0,pretrain,XvS83nXSf0k,00013,-6.381978224081351,3.52
train,pretrain,HQIi3nUXh0g,00014,0,pretrain,59K6SwHLtcw,00002,9.760378420131687,14.784
train,pretrain,CprpSEjVtwA,00014,0,pretrain,FDhlOovaGrI,00018,2.2107107660991403,9.408
train,trainval,jVBp2nDmg7E,50004,0,pretrain,WKlIytaSlu4,00028,8.81347082315856,2.752
train,trainval,6bVhrpkp0WU,50010,0,pretrain,tFX68SJs2S0,00015,7.7865145877049535,3.2
train,trainval,HSZ1ZvjlKDE,50008,0,pretrain,jzfV2xVsUKc,00008,6.937953334895141,3.328
train,pretrain,nFSdHdNOgSA,00030,0,pretrain,H1fvr9rGgSg,00006,-9.047054491769904,6.656
train,pretrain,5ErKrSyUpEo,00027,0,pretrain,hvStFIuhD8E,00004,6.543819992437282,11.776
train,pretrain,2VWSSFSUeQI,00005,0,pretrain,RsxlLsHtoBI,00044,-7.403174723643502,5.44
train,trainval,MacRhth2lMM,50005,0,pretrain,46w99bZ3WSM,00001,-8.515937604164495,5.632
train,pretrain,9KaMufF0rAY,00002,0,pretrain,HBSQR6xovSw,00001,-7.4683427202418295,6.848
train,pretrain,fgfQLTIhi1U,00015,0,pretrain,zeSVMG4GkeQ,00009,7.5291891414775804,9.792
train,trainval,5K57kcs15DY,50004,0,pretrain,2L4BSVpvx1A,00017,8.534900138202982,5.888
train,trainval,FMJgZ4s2E3w,50001,0,pretrain,YraU52j3y8s,00001,-0.32610858824322797,2.176
train,pretrain,4ShLkgv6LSk,00029,0,pretrain,j7c9b9A2AHc,00041,4.5939546671666225,3.072
train,pretrain,SS3qnZrVy9o,00034,0,pretrain,ddek3gQVt9Y,00011,0.03385640534584233,6.528
train,pretrain,0wpCZxiAQzw,00033,0,pretrain,ZUGOaSux6pU,00005,8.516040268557425,8.256
train,trainval,wAIP6fI0NAI,50009,0,trainval,aqhzFd4NUPI,50055,5.797030403941331,2.112
train,pretrain,GIt6Z0k3PQo,00014,0,pretrain,8pHzROP1DSw,00032,8.812419880404327,12.288
train,pretrain,cC0KxNeLp1E,00018,0,pretrain,5SOHiN8Ne58,00023,-9.209446564600746,2.56
train,pretrain,cdpIwjTtLlg,00013,0,pretrain,CycOuSVQOnM,00016,1.6141669530096419,13.568
train,pretrain,CfqO1U6lfDs,00014,0,pretrain,JeHqgambbcI,00027,8.44035134266884,7.616
train,trainval,JM77aTk1XyI,50006,0,pretrain,X9NFPZGyDPg,00003,1.2787583967035676,5.888
train,pretrain,jT5rRh9AZf4,00027,0,pretrain,Qd7PiXg5fKE,00007,7.676870356298629,7.616
train,pretrain,by3NnWvSCj8,00025,0,pretrain,DW5YctpK7pM,00010,-1.4238668828272782,6.976
train,pretrain,UROCz70tlMY,00052,0,pretrain,jpeSLKnS4gM,00027,-6.479469305340966,4.224
train,pretrain,1gAQ82IHyZ8,00025,0,trainval,CstD6O95LSo,50002,-0.574819597932521,5.248
train,trainval,LWULB9Aoopc,50005,0,pretrain,xlggecnjOY0,00015,9.262744809548145,6.016
train,pretrain,C74amJRp730,00006,0,pretrain,Vj3gCWmJSiE,00002,-5.968218173594089,6.976
train,pretrain,HJqtUUDhaxA,00041,0,pretrain,KCr8s57hdzY,00018,2.502777138035446,9.216
train,pretrain,2a2724wcfcc,00004,0,trainval,ZSRaJIMYSMs,50004,-8.615603923457408,4.608
train,pretrain,rYwTA5RA9eU,00002,0,pretrain,OAK1UIbSFio,00012,1.840636631252444,9.856
train,pretrain,iQsnObyii4Q,00010,0,pretrain,ASQpKiUSNHo,00046,-8.330302636640008,7.424
train,pretrain,B4xOFsygwr4,00011,0,trainval,avuhY7D71sQ,50031,-0.36197843106298855,4.096
train,pretrain,XgRlrBlS7Yg,00026,0,pretrain,yDubrSRjlCE,00029,-7.694254839129579,5.568
train,pretrain,7fx0QcHyrFk,00005,0,pretrain,3UaOl8SYHes,00002,7.6962649596719785,5.824
train,pretrain,nQcgD5DpVlQ,00010,0,pretrain,qKlzdSH2X9w,00043,-6.292248027593077,10.432
train,pretrain,xmlekZSSOWE,00005,0,pretrain,9UbnOKC1ioU,00001,9.254270084800645,13.248
train,pretrain,fLJsdqxnZb0,00007,0,pretrain,c2tOp7OxyQ8,00004,-3.2297441452315345,8.576
train,trainval,vzi4AopBEBg,50012,0,pretrain,vdDFLzyk94k,00011,5.6767432687887265,5.76
train,pretrain,RtFFT4zjyTM,00005,0,pretrain,jSOPQgPIdKg,00002,-4.690279051204991,9.536
train,pretrain,EKSF037iji0,00016,0,pretrain,jxKUDXrtDFI,00003,4.663484637218787,9.28
train,trainval,4jUdCy6Vghw,50008,0,pretrain,0hzSUUdTDUA,00018,8.328216570690351,3.52
train,pretrain,rrkrvAUbU9Y,00059,0,pretrain,iunmpgOnpqM,00017,-0.10280993115648407,6.528
train,pretrain,5MgBikgcWnY,00024,0,pretrain,rpOwTspdwkI,00032,-4.5357685912151435,3.904
train,pretrain,z5lZ9wciZQM,00005,0,pretrain,dwU8eavPInw,00053,7.463602770904799,6.976
train,pretrain,G9wIXAGzn1w,00011,0,pretrain,S8DwxjDrNNM,00011,8.085907386595128,12.736
train,pretrain,PXBjQ7bc6PY,00001,0,pretrain,dsCNuBSKBUw,00020,-9.307438094038913,5.376
train,pretrain,5HL1BEC024g,00021,0,pretrain,u9hauSrihYQ,00026,9.684789377679337,5.376
train,pretrain,V2gCKH91GJo,00003,0,pretrain,J9SXc9wxByM,00013,3.0806813422694965,3.776
train,pretrain,Qd7PiXg5fKE,00022,0,pretrain,0NV1KdWRHck,00005,0.7676401962278341,11.84
train,pretrain,qMppKiqMpAk,00018,0,pretrain,rtsHUeKnkC8,00002,4.842455643384177,5.824
train,pretrain,0NV1KdWRHck,00018,0,pretrain,xjxyEwjG2Es,00003,-7.167967580842709,8.768
train,pretrain,esugL07XANg,00054,0,pretrain,vWJwa7lntTs,00006,1.9281598579343484,4.8
train,pretrain,2dRlssVF7fc,00031,0,trainval,Wm0GKnd3JvA,50002,2.2794228634156273,2.24
train,pretrain,KIysMV9wbVY,00023,0,trainval,VN357QrUdEc,50018,2.3351159134514745,5.888
train,pretrain,7s0CpRfyYp8,00038,0,pretrain,fmxNuVDJZEY,00008,-2.8722360061748713,5.568
train,pretrain,6bCHq1OvGR4,00008,0,pretrain,DLccHLwdS6Q,00003,9.02706400956873,4.16
train,trainval,wSepGxx36To,50016,0,pretrain,dTwXeZ4GkzI,00030,8.920694244833427,6.08
train,pretrain,8HplGZBS7FY,00001,0,pretrain,wxCtIdI3xL0,00006,5.422270971031953,4.096
train,pretrain,NZspSEdO2Xk,00045,0,pretrain,VOXikTyZxPA,00005,3.1425491739434683,6.848
train,pretrain,bC0hlK7WGcM,00017,0,trainval,FcoJt2KLC9k,50019,-9.266265605560488,3.456
train,pretrain,5l4cA8zSreQ,00003,0,trainval,0SW0HFy9Et4,50013,-1.9434372903957335,2.88
train,pretrain,SPSq3cW672s,00014,0,trainval,JSLUS3qLv0I,50008,-2.6296961859021835,5.184
train,pretrain,tSSNoFstCmQ,00029,0,pretrain,Fr26scqsIwk,00013,5.856005315278203,4.48
train,pretrain,ziGD7vQOwl8,00051,0,pretrain,uBsiYBrFtbY,00009,5.8156669018143035,8.192
train,pretrain,oW91ATcgXVc,00028,0,pretrain,IJwlyf7rCtU,00012,-9.037612671705803,3.84
train,pretrain,4BZuWrdCS9Q,00025,0,pretrain,y9wzaxSPtIo,00019,-6.315834494559464,10.496
train,trainval,Ytw0I6ytRto,50002,0,pretrain,SZbNyp1jeGo,00006,6.273135665835351,4.16
train,pretrain,uFIc7XEVyM0,00023,0,pretrain,c00zfzk4gdg,00004,1.820252011568007,2.88
train,pretrain,cI9vSC1eQ18,00010,0,pretrain,0SUTgoPUTLQ,00003,-4.859913929218315,4.224
train,trainval,HgRJNsTb08Q,50001,0,pretrain,t8RSGKSSM2Y,00007,-6.1465824092180465,5.952
train,pretrain,ydZfSuzSHu8,00008,0,pretrain,EKy19WzkPxE,00022,-4.09738461319691,11.904
train,pretrain,apbSsILLh28,00049,0,pretrain,YeJhVtJKJU8,00005,4.3842122682127265,6.016
train,pretrain,sQNtu4kpd64,00024,0,pretrain,u8bsCiq6hvM,00010,7.481238599741459,4.288
train,pretrain,dsOSb0SrS5Y,00026,0,pretrain,lXNE4MD2X2w,00026,4.5715723917326905,6.976
train,pretrain,xpnFeyMGUs8,00031,0,pretrain,USmTQeKRaP4,00022,1.7453337510936642,6.4
train,pretrain,IRVdiHu1VCc,00078,0,trainval,C2SVEM19NHA,50001,2.7918658646913777,3.776
train,pretrain,v8YoSPXN7UA,00030,0,trainval,cWcVPpxezE0,50027,5.748023849815551,3.328
train,trainval,OLHh9E5ilZ4,50014,0,pretrain,1Yz7Snu6pnI,00016,8.861259059559966,4.032
train,pretrain,C3u2VasrA4M,00005,0,pretrain,ElJxUVJ8blw,00049,-7.818149240380688,3.84
train,pretrain,w3q89BTJj3o,00026,0,pretrain,Sb2qXygFm8U,00014,-4.057304767233296,4.736
train,pretrain,L51h8BBu7b8,00005,0,pretrain,esPRsTSlmw8,00024,-7.776267316965226,6.592
train,pretrain,lxovD2LQVUQ,00018,0,pretrain,MS4x6G0zzeg,00036,-3.2718756012632566,6.848
train,trainval,k9QTVIISlkg,50003,0,pretrain,mw2z9lV3W1g,00009,-0.050011593963155576,5.632
train,pretrain,mGBHC1R3e7s,00003,0,trainval,HJqtUUDhaxA,50029,-8.360009104331157,5.504
train,pretrain,EZwxKPv1CwA,00005,0,pretrain,CDdpQSLr7YE,00018,5.561002319091017,6.784
train,pretrain,YraU52j3y8s,00092,0,pretrain,CstD6O95LSo,00001,9.984844200363657,5.888
train,pretrain,ZvSJE9n0GfA,00029,0,pretrain,b1XHSPB6AmY,00008,9.165430040586543,12.608
train,pretrain,EZSf3Fc0ZRA,00033,0,pretrain,dNoSK3HgQJc,00006,-8.927444577073357,4.608
train,pretrain,fw01Sq0cxM8,00040,0,trainval,ktOeFgmdIAo,50014,5.381014017434218,5.76
train,pretrain,NZspSEdO2Xk,00012,0,pretrain,jAGgKE82034,00023,-3.542419342813088,4.8
train,pretrain,sNbGUSI9HWw,00024,0,pretrain,8OkzozrUEHY,00021,-5.934997129916191,4.928
train,pretrain,xjSQFZX2m9o,00013,0,pretrain,xV7IvRT5Qyw,00020,-0.5851245700453216,5.12
train,pretrain,sIPvnWZ5O6Q,00001,0,trainval,1rTEOU67zCo,50019,-3.1406978178553775,5.888
train,pretrain,vzKA1y3cdYI,00020,0,pretrain,7Z9xCX4ifJo,00005,1.9880183874132769,5.504
train,pretrain,MnT1xgZgkpk,00033,0,pretrain,jpeSLKnS4gM,00045,-7.551185368591826,9.088
train,trainval,lbBDoFp2HIQ,50002,0,pretrain,B9DdIivSGts,00035,-0.8379428940158373,2.816
train,trainval,5uVtphj4b6c,50014,0,pretrain,ufUkAQOQaXU,00027,0.6291610810019961,3.968
train,pretrain,G88JZ1DIdg8,00009,0,pretrain,MOFdlEbu15g,00083,-1.3545343862120252,3.2
train,pretrain,GzzHawjP648,00001,0,trainval,QdAG161FeT8,50003,0.34711595574743725,2.496
train,pretrain,quJdL9ggETI,00032,0,pretrain,z3kdILSEbQU,00013,-0.2925379165141333,3.392
train,trainval,CK5w3wh4GSM,50004,0,pretrain,imaWSTabxOE,00020,-2.237779788160596,6.144
train,pretrain,4fyvDMFriRI,00022,0,pretrain,IRhl1lr0nJg,00011,-7.4104993544230595,2.688
train,trainval,fnS9f5x0f1Q,50001,0,pretrain,eSBZigXlphY,00023,4.361289187896752,3.136
train,pretrain,6JxRxBqQLKA,00021,0,pretrain,oLomVgNbNV8,00001,-7.311985739817068,8.448
train,trainval,XZiNVGA78kA,50012,0,pretrain,pLCeQyxVWB8,00020,-0.243751465151675,5.248
train,pretrain,AAkEYcmCCCk,00030,0,pretrain,yPGwA7t6bpI,00027,0.7639163965415641,4.16
train,trainval,Z1R1z9ipFnM,50005,0,pretrain,hHOX3dlhhZ0,00017,6.333067607368832,3.392
train,pretrain,BSiNIZ6zZqY,00006,0,trainval,bHLgTUV0XWI,50018,0.42516749273403676,5.12
train,pretrain,yJJtRWFLSgw,00015,0,pretrain,58eTdyeVwbA,00026,-7.590912160944461,7.168
train,pretrain,c8WMMSPUOj0,00011,0,pretrain,YATYsgi3e5A,00018,-0.053612381052946745,10.048
train,pretrain,PDKKOSJX6yQ,00003,0,pretrain,RPicL1AWrs8,00017,-7.123907134869123,6.656
train,pretrain,bzj1BTdfoeI,00002,0,pretrain,ZHOyfyGwpes,00053,0.8149557724191929,3.904
train,pretrain,SmQadYi4F14,00007,0,trainval,SI3v6KS2Zgs,50003,9.58194887267792,4.224
train,pretrain,mWm2qtEeBjE,00009,0,pretrain,y1yK36RMyRE,00016,6.057617892185114,5.12
train,pretrain,7Y9W1Gex660,00017,0,pretrain,J0WQz9qlgZI,00009,0.30305520888775206,11.264
train,pretrain,nccPghNJjBQ,00008,0,pretrain,5ldhLuX4vSM,00037,9.310014139238369,11.52
train,pretrain,nubSKdtzLcE,00015,0,pretrain,Fb3yp4uJhq0,00020,3.41849512714216,15.04
train,trainval,4jUdCy6Vghw,50005,0,pretrain,bXmDaykZobc,00010,9.662145750647468,2.304
train,trainval,u9GEmyZ8B3Q,50007,0,pretrain,65e2qScVSK8,00021,-1.213306559790837,4.8
train,pretrain,TjaM0tdxtYA,00021,0,pretrain,ofsncCF9OSU,00025,-6.035981776077293,5.568
train,pretrain,eGoSdLNceEk,00033,0,pretrain,ORBf73HiJns,00025,-0.48897108888035845,4.096
train,pretrain,EZwxKPv1CwA,00032,0,pretrain,aL00a3sfnYM,00019,8.571360440072123,9.728
train,trainval,8b2vNkEtfpc,50027,0,pretrain,rkKDvGA2UU0,00008,2.911624061646803,2.944
train,trainval,PVXQUItNEDQ,50004,0,pretrain,HQzXqjT0w3k,00019,0.40036367741365453,2.688
train,pretrain,SGzenQjZSpU,00003,0,trainval,bSiGZPtWXzE,50035,-3.487923698127262,5.888
train,pretrain,MkSSu32xfGc,00005,0,pretrain,S9PEogIrHSk,00018,-0.570432111634922,5.312
train,pretrain,ZHOyfyGwpes,00018,0,pretrain,BwC4WRKi5QY,00004,-5.418765636830056,4.352
train,pretrain,o0TbaHimigw,00003,0,pretrain,rCplocVemjo,00009,-3.893288313305434,9.408
train,pretrain,DL0SgcP15Ts,00001,0,pretrain,7LcSdlVrg5M,00010,9.21581222343168,6.72
train,pretrain,buhMdC7MO0U,00035,0,pretrain,DUd8XAS5HEk,00050,7.591455329947689,3.84
train,pretrain,0ZhL7P7w3as,00037,0,trainval,tTcl5I0Wbzk,50004,0.17305351705677907,2.368
train,pretrain,iNtNP6LGek8,00004,0,pretrain,1BfMMoLYMlg,00015,4.575124029492931,5.44
train,pretrain,QUUFbS1hBtw,00015,0,pretrain,rKtmsVa4Kvk,00013,-9.666223470958808,6.08
train,pretrain,fSf5wNwS2c0,00017,0,pretrain,ZCRC5S0kfiw,00030,-2.1564693768170535,4.928
train,pretrain,LyOgVtNtEb4,00016,0,pretrain,wAdwurHhvSI,00032,5.3002134513538515,3.968
train,pretrain,x4ESCiSBgdY,00014,0,pretrain,3Z6x5t5A9so,00021,-9.414496127394647,11.008
train,pretrain,ilMwoEdqMTs,00020,0,pretrain,sWN13pKVp9s,00016,7.321899757650133,7.616
train,pretrain,uHs2Auz5s6w,00008,0,pretrain,IaWeJ8V3pg4,00018,1.9997407873798316,8.384
train,pretrain,4oFGmxZ2nqE,00008,0,pretrain,UVqoIgh7bcw,00029,0.5017635676954058,4.928
train,pretrain,AFRmGkdXkxA,00003,0,trainval,lbBDoFp2HIQ,50001,-5.627697245421752,5.504
train,pretrain,XRWTyUVh0BQ,00011,0,pretrain,potB0voQzNg,00046,7.850381646046078,7.808
train,pretrain,GMc8aSoCE30,00016,0,pretrain,AQcUeQsljSs,00010,-2.7607207786844734,6.08
train,pretrain,tsFKSfItBoE,00002,0,trainval,D9S6G8J6VJg,50016,-6.853899405796186,2.304
train,pretrain,QOjVk3cQFB8,00003,0,pretrain,mPCDOij0bB0,00028,-0.06098798482291734,4.928
train,trainval,k9QTVIISlkg,50003,0,pretrain,rQSSSLRpsVs,00008,8.105927989577868,3.84
train,trainval,ramueKMLXZY,50005,0,pretrain,jJMBwqhD9DE,00019,7.3139478786765935,5.824
train,pretrain,c8WMMSPUOj0,00009,0,pretrain,K2mhMzVCfhI,00008,-0.6268488870299809,11.712
train,pretrain,k4vzhweOefs,00008,0,pretrain,V1ItvwxBENg,00008,-5.815097019057738,6.4
train,pretrain,JRHzQG0aI8w,00004,0,pretrain,5pXelS1clHs,00029,2.301808213863028,3.84
train,pretrain,hS3dLASh3Yc,00002,0,pretrain,ZcFRfJb2ONk,00008,-9.884013185366502,5.184
train,pretrain,19KkFCQz8WQ,00003,0,trainval,uXlSmKZ7aSc,50012,9.917383326844028,4.288
train,pretrain,AFRmGkdXkxA,00001,0,pretrain,CpkXmtJOH84,00019,-1.866956909332302,6.016
train,pretrain,gAxSu7UgPGg,00010,0,pretrain,gZpcTVqpaPw,00020,-8.488703770844763,3.712
train,trainval,OH0dK208MNk,50009,0,pretrain,LpNkuaVnlPY,00004,-4.984416304080323,5.568
train,pretrain,9vpqilhW9uI,00012,0,pretrain,mymMye4purU,00022,4.211405624815116,8.192
train,pretrain,FJFxLQCo83U,00010,0,pretrain,2VWSSFSUeQI,00031,9.469524254281392,10.88
train,trainval,BoRUrWcdkQ4,50032,0,pretrain,PrZwUTdFmis,00015,-0.5836528492698001,3.904
train,pretrain,RrFSO62p0jk,00018,0,pretrain,6xtmm0MnaS0,00004,6.428546939182429,9.408
train,pretrain,LEzsELPNmr4,00008,0,pretrain,nG1oCU0ijP0,00027,5.827049316821535,4.8
train,pretrain,KIKqRFZ3r1I,00016,0,pretrain,LMrzdkSYnYY,00010,-4.901596431340036,3.456
train,pretrain,ISSupr6ayqw,00012,0,pretrain,snHSSUcGSSE,00011,1.1901047017310802,4.48
train,pretrain,ErexJkoDhGI,00059,0,pretrain,bB5zR2xYhm4,00028,-7.4518127716683775,5.248
train,pretrain,Qao76IPXWSE,00015,0,pretrain,sjPRN2XGSts,00009,-9.170386567747357,12.16
train,pretrain,nzZA9XTdSLM,00014,0,pretrain,BltRufe5kkI,00019,-5.821796167073588,5.504
train,pretrain,M9pPgIraoOM,00005,0,pretrain,4B2qC7PIHxs,00005,6.033383304467243,3.776
train,pretrain,emeEpzkf044,00013,0,pretrain,v19OlWvdUSg,00008,1.9248171120611612,3.776
train,pretrain,YwSGTipx3As,00009,0,pretrain,dm4fvbrMLPw,00025,8.095606330639875,3.84
train,pretrain,z5LSvPkorBU,00007,0,pretrain,qEZmFR1WS7g,00006,-0.07719123596666577,6.656
train,pretrain,eOvG4ZXQxUU,00019,0,trainval,osBbP6Om4Mg,50014,-1.7136356347066428,6.016
train,pretrain,6xy5pWOgeBY,00008,0,trainval,HpiZTvlWx2g,50007,-9.218342738256943,5.44
train,pretrain,48oiapTn3K0,00014,0,pretrain,3sUWSDHOVn0,00045,4.206078640107908,21.568
train,trainval,S98m4Vod6S8,50003,0,pretrain,0ZOqbO2jIKg,00011,7.405739314313312,4.16
train,pretrain,iHWIZsIBj3Q,00011,0,trainval,jSS03JfgHEA,50012,8.387597512646838,4.352
train,pretrain,F17SKiAZOxg,00049,0,pretrain,p9HPUiEdEj0,00018,-7.6408490970412135,7.744
train,pretrain,fBQnQTkhsq4,00007,0,pretrain,xRL2vVAa47I,00015,4.926227942135901,11.136
train,pretrain,ISSupr6ayqw,00016,0,pretrain,IvtZBUSplr4,00019,-4.240763809702148,3.52
train,pretrain,uPtP6SnAjJ0,00007,0,pretrain,4uAAegPkCKo,00017,3.6032758637009046,4.096
train,pretrain,mozxTk3Brqw,00004,0,pretrain,Y28ARjfk4gg,00005,-6.310665615644568,8.256
train,pretrain,FgSJcKSHUtQ,00004,0,trainval,fw01Sq0cxM8,50002,-4.789880519322935,3.008
train,pretrain,nO69NjadSec,00005,0,pretrain,M3mnUMmUAHQ,00007,2.4546608216968373,8.96
train,pretrain,pz1TDXKSTHc,00041,0,pretrain,ERSZb2wHFDw,00014,2.506822215357049,3.456
train,pretrain,mWfCqsFP05A,00003,0,pretrain,ZJPdJuhI03U,00014,-6.444123475837705,4.672
train,pretrain,ue4L8kmaKXQ,00012,0,pretrain,LBvHI1awWaI,00033,-4.047987494469232,8.256
train,pretrain,n3qA8DNc2Ss,00005,0,pretrain,2vESelqTGlQ,00006,2.8243035939405114,6.208
train,pretrain,vhfcedpoCLo,00004,0,pretrain,SwT0YLKbwoU,00001,0.2632964656645047,6.336
train,pretrain,R2kOgSVF2Uk,00016,0,trainval,IjHlyKTSUug,50015,8.160066858744855,4.544
train,pretrain,cXQrbxD9SNg,00020,0,pretrain,fSRWTyY2YSM,00004,9.527397560833162,9.28
train,pretrain,utV1sdjr4PY,00001,0,pretrain,KyamsZXXF2w,00053,-0.007581170260181125,7.936
train,pretrain,2NHV4AzSEzY,00021,0,pretrain,X9NFPZGyDPg,00007,7.764012838153555,4.8
train,pretrain,H03o2WCBoDU,00006,0,pretrain,9KACXVScWS4,00015,0.1616673630014791,6.272
train,pretrain,85hbMtegrLc,00005,0,pretrain,S6BLFdBfgfU,00006,9.56224128930975,10.176
train,pretrain,jeOumyTMCI8,00030,0,pretrain,HJouIL6uaoc,00012,-8.872514963344509,4.416
train,pretrain,MwzqSswl4cI,00046,0,pretrain,esugL07XANg,00064,9.77308505600909,3.84
train,pretrain,DUd8XAS5HEk,00054,0,trainval,kiDfwUQySEs,50005,1.3356666137213367,2.368
train,pretrain,jv8m8rycnQs,00024,0,pretrain,zQfB85apRy8,00015,6.4405341853593185,3.84
train,pretrain,lwL4hjhkid4,00010,0,pretrain,1QX7aoxSTAQ,00012,9.0319923350675,21.952
train,pretrain,KiPcxhJtuPQ,00003,0,pretrain,VJRBx0JjMSM,00019,-5.848698754635471,3.52
train,pretrain,v84pD2g3gSk,00022,0,pretrain,UpkAqPEcMyE,00001,-2.2575261376713174,11.136
train,trainval,9SQYDFiWnSs,50020,0,pretrain,FEeTLopLkEo,00032,5.571782113311494,3.776
train,pretrain,VnzBGZA2z3w,00017,0,pretrain,i0QKBKWnkxg,00004,4.248496146347094,8.448
train,pretrain,AIfBSkVI6NQ,00011,0,trainval,0bop3D7SdDM,50012,9.880782205879932,3.328
train,pretrain,tjkrKA1cVdU,00014,0,pretrain,5AN5fPFtV0U,00027,3.0224680009003784,7.36
train,pretrain,ESfBSsSTC5k,00010,0,pretrain,dY9f9bFctUE,00018,-5.297141359666853,3.456
train,pretrain,OGhbCC9mNM8,00024,0,pretrain,OVSNSeFTaso,00009,-4.177034600682539,9.6
train,pretrain,9yEl0SbCA9M,00010,0,pretrain,l7FUP2iYNYw,00002,-4.348959836703625,16.064
train,pretrain,Kw5vyJ30djM,00021,0,pretrain,1LSE7KCN9xg,00013,1.5665249511180601,5.248
train,trainval,4SY6Te9Y1ME,50002,0,pretrain,a7cDt5r2pGY,00037,9.300206285373157,4.48
train,trainval,CVdPhUPO5YU,50008,0,pretrain,Vqm8fXFFHyY,00011,1.9041637777135918,3.648
train,pretrain,gSUvy6pvLA4,00014,0,pretrain,6gSwRHScq6M,00048,-6.991795422453189,5.824
train,pretrain,eZgSGgToBEE,00001,0,pretrain,cS3f3rQRlug,00019,-6.536246737301743,8.64
train,pretrain,YglyHzvBqpA,00007,0,trainval,x8jdxSlf2Dw,50005,-8.071367788217032,4.8
train,pretrain,mS8tQSTYLgk,00021,0,pretrain,MQtWJARMoLw,00025,-7.702308689602589,11.584
train,pretrain,njVJz0wZUfI,00003,0,pretrain,BFygtNQSJcU,00009,2.7522673050536017,6.272
train,pretrain,ZBuT2wdYtpM,00009,0,pretrain,owl8keTUioo,00016,9.89271853843578,14.656
train,pretrain,zawpbVpu5nY,00027,0,pretrain,EluxCgnQVzg,00027,3.7805861127448726,3.648
train,pretrain,vYV4tAq3wVg,00017,0,pretrain,8s3bdVxuFBs,00011,-3.2522723202845043,6.08
train,pretrain,ufp5iGh0agA,00019,0,pretrain,QijH4UAqGD8,00001,-9.798746671817092,8.32
train,pretrain,7SfQLQ7eyA8,00017,0,pretrain,tAReayFqUEY,00003,1.6319869304713528,6.72
train,pretrain,HAKea48B3oM,00032,0,pretrain,VPweEhht9y4,00021,-7.219031946701242,7.36
train,pretrain,7H0USvVSfhU,00021,0,trainval,IRxgDMSp9Gs,50002,4.978439193694793,6.08
train,trainval,UOn3zOp8JPE,50006,0,pretrain,lhP52caGW6s,00005,-9.111597971342377,5.824
train,pretrain,NVPxmzSPvUw,00053,0,pretrain,whjLZogf9e0,00012,5.91215437313846,6.784
train,pretrain,NDQ1Mi5I4rg,00019,0,pretrain,dO6AuQR9R7E,00017,-5.704678242358183,5.12
train,pretrain,vhhgI4tSMwc,00012,0,pretrain,eYe0Rca4NbM,00006,-1.8850039084469827,12.352
train,pretrain,Sm5xFSUYgdg,00015,0,pretrain,Z2hFbbG7t70,00002,-5.314053964144989,5.504
train,pretrain,asSNPOU5U3c,00004,0,pretrain,7npLVcymHGc,00007,-0.14345993088109843,6.272
train,trainval,79zra755WgA,50005,0,pretrain,Df2JBnql8lc,00018,-4.992179508609375,5.184
train,trainval,7jRND5IU3Qg,50004,0,pretrain,SQe8cR4Jl10,00029,-9.476573799955103,5.184
train,pretrain,FgSJcKSHUtQ,00003,0,pretrain,gWPFJgLAzu4,00026,-5.672043024199571,4.288
train,trainval,3f6xCzKx9CA,50018,0,pretrain,fTsFVO6OhO8,00005,-6.312675096494762,2.816
train,pretrain,fSErHToV8IU,00013,0,pretrain,3sUWSDHOVn0,00007,1.4725823124360193,3.52
train,pretrain,JvIbrDR1GSc,00014,0,pretrain,uTL9tm7S1Io,00003,-7.966876662562232,9.408
train,pretrain,pMUv6UWkuWw,00008,0,pretrain,Sm5xFSUYgdg,00028,7.485545303711302,5.76
train,pretrain,PtBKP4fVAvI,00005,0,pretrain,2Shh4UkPVCc,00024,-1.935248827453746,6.4
train,pretrain,z5ncIwCZDGU,00014,0,trainval,s3IPatkuByA,50002,-1.3670238646241106,6.016
train,pretrain,lhP52caGW6s,00014,0,pretrain,rxeLnx5UEEk,00007,5.495716262619972,13.12
train,pretrain,4ef6KJ7vfIw,00015,0,pretrain,NjpXs8Ymr14,00005,0.890011708792569,18.24
train,pretrain,AAkEYcmCCCk,00045,0,pretrain,pvqgsvA2XiQ,00002,-5.578750794653784,4.288
train,pretrain,3E46oWB4V0s,00016,0,pretrain,syqScVtnKuU,00028,1.1800002110491388,7.488
train,pretrain,6EghiYSs2ts,00001,0,trainval,tsgvhP07BC8,50019,-0.8158788875942857,5.44
train,trainval,YSQSLapD3c0,50003,0,pretrain,70VZ1SOzSnc,00012,-8.383458415298362,5.056
train,pretrain,szU2S1infqc,00026,0,pretrain,8rZzHkpyPkc,00011,1.2312270719365017,7.168
train,pretrain,oW91ATcgXVc,00023,0,trainval,0ygtX2nyexo,50042,-3.398672234045206,5.696
train,pretrain,lGbuCmuTJHg,00007,0,pretrain,SZSc5UCSZS0,00008,0.02492154510128941,4.16
train,trainval,xqPJKtFI42U,50010,0,trainval,ZBg5QvcZQP8,50017,-9.602698268593759,6.08
train,pretrain,RG5QP2EVUVY,00007,0,pretrain,9SQYDFiWnSs,00032,-9.972139288098605,4.288
train,pretrain,ROW9FSc0kIQ,00008,0,pretrain,Hy4yby7ZAd0,00008,-3.885768495849737,3.712
train,pretrain,DShPct3oIow,00019,0,pretrain,VPxEde3Q1F0,00005,-8.071164398004704,6.72
train,trainval,zcMj4Az1MwE,50003,0,trainval,yg8SBuTuoKk,50005,-9.600903581155688,4.288
train,pretrain,gUWWt30oZ3w,00006,0,pretrain,tRjqFPwcJgY,00010,0.9115007133995228,6.208
train,pretrain,o8NPllzkFhE,00052,0,pretrain,7A66iZQXNh4,00010,-1.6766837728489286,7.808
train,pretrain,bczm0RsIZUM,00004,0,pretrain,DJGreSgaOTc,00057,-4.414968218921638,4.928
train,pretrain,bq39x2HWjNk,00011,0,trainval,wAIP6fI0NAI,50002,-3.8176410822395646,3.84
train,pretrain,c0H1zU2ytxA,00009,0,pretrain,yuD6ozE9rtc,00001,-2.0299311630758528,4.736
train,pretrain,1BHOflzxPjI,00041,0,pretrain,DG7kSeazMQ4,00042,-4.737460659589439,3.84
train,pretrain,OGhbCC9mNM8,00002,0,pretrain,CfmNXPMjChs,00010,-8.042777697688997,12.288
train,pretrain,sa1iS1MqUy4,00024,0,pretrain,eMdh57x1UBQ,00005,-2.705517585425463,6.144
train,pretrain,0SW0HFy9Et4,00025,0,pretrain,R21MsHQA8vM,00033,-1.5329702909490468,8.448
train,pretrain,oPpE0AGqFuk,00032,0,trainval,ME0OeqjnVAw,50013,-1.1014101000279908,3.456
train,pretrain,XGq3MXQlRJs,00049,0,pretrain,HQzXqjT0w3k,00023,-5.878726605091487,9.92
train,pretrain,cRrgDS4SD8s,00021,0,pretrain,Sj2XrT0QN5A,00021,-6.4212930533721435,5.888
train,trainval,MEDgtjpycYg,50012,0,pretrain,WCGuG0uT6ks,00011,-8.48071237793935,2.816
train,trainval,7n9IOH0NvyY,50001,0,trainval,1IxIDGyISzk,50004,-2.836210460438582,6.016
train,pretrain,w8lH8tNlAXc,00015,0,pretrain,cQl6jUjFjp4,00020,-9.934628983531725,5.376
train,pretrain,MJKSdMlATmM,00011,0,pretrain,uQGYr9bnktw,00020,-2.7783704092114974,5.632
train,pretrain,OaGEMSRms48,00025,0,trainval,QekbuidfQKo,50004,-5.82985061318289,2.432
train,pretrain,5nys6iebjHw,00020,0,pretrain,LGtNFHtM81A,00004,0.5847409028535822,3.328
train,pretrain,3LmjSv8N8hE,00025,0,pretrain,aUYSDEYdmzw,00015,-0.33743826364995044,10.88
train,pretrain,tlB1pFwGhA4,00016,0,pretrain,5pW2b1vwwf4,00049,-1.95915716750131,6.208
train,trainval,i6SbQqqRVtM,50001,0,pretrain,BDOSUiEh0eY,00021,-8.305648914999944,6.144
train,trainval,MS4x6G0zzeg,50004,0,pretrain,7POkIJfbMyU,00019,-0.5594075370604372,5.056
train,pretrain,uM1Ygy0tSp0,00017,0,pretrain,WMKBalpKvwE,00003,5.837557105666116,6.272
train,trainval,DWZsOe1j2w0,50014,0,pretrain,v7UKkzIaSsQ,00039,6.432131219663905,5.952
train,pretrain,pcSlowAhvUk,00001,0,trainval,zORUUqJd81M,50018,-2.8523524815701666,4.8
train,pretrain,lyRSK2CZIHQ,00023,0,pretrain,o0q3veMwv6A,00009,-2.217524326160869,9.536
train,pretrain,9AgCr2tTvng,00002,0,pretrain,JSuTsrxfYWQ,00035,-6.359516676079591,4.992
train,pretrain,FRKg49ySnNw,00013,0,pretrain,BjclkhNAO0s,00030,5.313424507239404,3.52
train,pretrain,zvvZEIGNLo0,00014,0,pretrain,8J622Kyt4r0,00003,-2.4664032128337237,4.864
train,pretrain,kQa11RMCeSI,00003,0,pretrain,pSCefSAYqaA,00027,-3.111949600472263,16.512
train,pretrain,XGq3MXQlRJs,00042,0,pretrain,cC0KxNeLp1E,00006,-2.799122562359601,11.648
train,trainval,2Oe6HUgrRlQ,50004,0,pretrain,iclWthSVvBs,00020,-3.3908130469974918,3.072
train,pretrain,1CN7PF10RKo,00025,0,trainval,jpeSLKnS4gM,50006,-2.969947915015103,4.608
train,pretrain,OAK1UIbSFio,00022,0,trainval,be03wdS5Klc,50004,7.46195028585565,5.632
train,pretrain,yg8SBuTuoKk,00020,0,pretrain,GIt6Z0k3PQo,00020,-5.735403945675257,3.392
train,pretrain,Qm172DbaSbc,00013,0,pretrain,TWPahtyJDsI,00043,-2.8944086963475897,3.264
train,pretrain,uNQujCwCu88,00057,0,trainval,dcwuBo4PvE0,50005,4.472942785214446,4.032
train,pretrain,qVJBlW0j6tw,00011,0,pretrain,FrgzvykPILc,00032,-2.5935246402025562,4.416
train,trainval,IXBalykzauE,50016,0,pretrain,m45SshJqOP4,00008,-0.10523998477499141,2.048
train,pretrain,4mJ1aHFPS1M,00002,0,pretrain,HBSQR6xovSw,00030,6.064564664871956,7.68
train,pretrain,iF4s75ZPano,00005,0,pretrain,zR8ReJoc1u4,00014,-0.707297814518018,6.4
train,pretrain,6Eu964BbJO4,00017,0,pretrain,dTwXeZ4GkzI,00020,-6.32473323747033,14.912
train,pretrain,th3nnEpITz0,00019,0,pretrain,2a2724wcfcc,00001,6.6571763815286715,13.696
train,trainval,KZIGekgoaz4,50005,0,pretrain,fW6AndSUByo,00036,8.972050085541166,2.88
train,pretrain,LiyaSr5aeho,00016,0,pretrain,5OqqAKHfHv8,00004,2.9066857513803157,16.384
train,pretrain,yzm4gpAKrBk,00023,0,trainval,wvIOoxPxpfQ,50004,-7.687315086578281,4.416
train,pretrain,HFqLoHyCTRc,00016,0,pretrain,HS8y0WLm78U,00037,-3.5296688814626194,4.416
train,pretrain,7jx0dTYUO5E,00021,0,pretrain,kj9HYBDSknQ,00002,0.44406258146206135,15.36
train,trainval,m1LeGwELv9o,50001,0,pretrain,8oHvknJfklE,00026,-3.587320456628886,3.456
train,pretrain,jT5rRh9AZf4,00025,0,trainval,dXqPaHQp4Xw,50007,-0.37338352327441093,3.968
train,pretrain,WzuWMf3WPPc,00018,0,pretrain,jpuDyGgIeh0,00007,0.3999001092187786,3.904
train,pretrain,rueQgStScw0,00012,0,trainval,S74wSYuesOI,50012,1.0875518608525034,5.888
train,pretrain,5pIGDw18mIQ,00029,0,pretrain,esugL07XANg,00054,3.8132577773128276,7.04
train,pretrain,hbkBSjNGSzE,00018,0,pretrain,oQql5kbCDEg,00017,6.803451618706475,3.776
train,trainval,A71OktxTPac,50001,0,pretrain,0FkuRwU8HFc,00008,-9.946037861551279,6.144
train,pretrain,eg66CMRpKCw,00003,0,pretrain,0d6iSvF1UmA,00008,-9.880069170845502,6.336
train,trainval,CTEhgUmSrro,50003,0,pretrain,6LmPq7DSds0,00019,-4.484609475713106,2.112
train,pretrain,EEjyPqyFeSs,00013,0,trainval,7shXEFuxHAA,50007,-8.190106607328202,6.016
train,pretrain,0x2SkWRB8SA,00036,0,pretrain,KyamsZXXF2w,00025,-7.52616284935147,8.128
train,pretrain,MoSmgcxGYYE,00050,0,pretrain,H2vN2QXZGnc,00023,-9.843591332987272,3.328
train,pretrain,6a6vVIdQBd0,00031,0,pretrain,Lp5Ccer5NM8,00020,5.641554911738805,9.28
train,pretrain,7LcSdlVrg5M,00014,0,pretrain,vPhM8lxibSU,00030,6.352631900859553,4.352
train,pretrain,jpuDyGgIeh0,00001,0,trainval,sgTjCpBOeCU,50031,-7.151985233753861,5.824
train,trainval,dOOtM7ZpAS8,50001,0,pretrain,Z41BTeAU7DI,00029,5.582843188930411,2.624
train,pretrain,y8ZMviYx9aY,00001,0,pretrain,SbphPa7Wp4c,00017,-7.008354710057228,11.456
train,pretrain,z5aAJGNSRHs,00020,0,trainval,sNV4yIyXXX0,50037,-3.4372654069753006,6.016
train,pretrain,SYHG5y4tvLw,00024,0,pretrain,ozmowWZ1YYU,00007,9.42240392063933,7.936
train,pretrain,XRP4xfN89Ss,00015,0,trainval,gJv1WdMUz0w,50003,9.547254926518967,3.328
train,pretrain,HNOnvp5t7Do,00001,0,pretrain,VB9S4kELT2k,00008,-4.853388090646352,14.208
train,pretrain,SF242mxtZN8,00018,0,trainval,MpISFKqk0Ew,50002,-5.762041381763588,5.824
train,pretrain,J6JrHteOsII,00008,0,pretrain,Eewvsw027jg,00001,1.7324983884666985,7.168
train,pretrain,TjaM0tdxtYA,00008,0,pretrain,K9SQUZbAIoY,00025,6.447677155318406,4.992
train,pretrain,y1GqNN2Xe7g,00006,0,pretrain,NPSelwWdPa0,00034,1.77861892640186,4.992
train,pretrain,6wk4dkYSrV0,00031,0,pretrain,cSsxBTNF2U8,00040,-4.501493966632982,6.144
train,pretrain,KCL8NjN7FMQ,00010,0,pretrain,SxPeQda00Co,00015,-0.9374082325171056,6.976
train,pretrain,Sx1qkuvUxuI,00030,0,trainval,sjPRN2XGSts,50010,3.404057791078582,2.368
train,pretrain,oSv7E8WK2Iw,00014,0,pretrain,Yo5cKRmJaf0,00020,1.0498624189930688,4.608
train,trainval,M9pPgIraoOM,50006,0,pretrain,wfW3aZCFfLA,00024,9.486755548939577,5.696
train,pretrain,ESwp7HN9Zvs,00010,0,pretrain,pNttjJUtkA4,00047,-7.061167519193838,8.0
train,pretrain,MvMUMShuMaI,00032,0,pretrain,AHcTWlxWzpE,00016,-9.785029985818266,8.896
train,pretrain,yJJtRWFLSgw,00058,0,pretrain,NRXCxJGQ4KY,00034,-3.157294471418311,5.12
train,pretrain,Sm5xFSUYgdg,00014,0,trainval,CLSSiaFuLo4,50008,3.4013859924488976,6.144
train,pretrain,LZAi7DlVN2g,00012,0,pretrain,vcxwcWuq7KQ,00003,5.465402792933405,3.648
train,pretrain,0zbHnOcGbrw,00017,0,pretrain,OAK1UIbSFio,00018,-9.337069277409178,3.2
train,pretrain,93fJ33L9OKw,00001,0,pretrain,XKc9MJDeqj0,00015,-5.204787295773299,6.784
train,trainval,3yfFwDq4R5M,50003,0,pretrain,Aa2JfigaNcs,00013,-5.446276056960979,3.072
train,pretrain,SmoW9jvvMr4,00017,0,trainval,ScFWnnQF7A8,50003,3.0226832933557226,3.072
train,pretrain,RtFFT4zjyTM,00005,0,pretrain,DZT6YpCsapg,00036,1.341339551522701,6.208
train,pretrain,rAA8mMQi0is,00001,0,pretrain,cXbXNV9SZAg,00001,7.181404609851214,12.8
train,pretrain,et3SeEX62aU,00015,0,pretrain,uM1Ygy0tSp0,00007,4.976640598010318,6.016
train,pretrain,ROXUPr8Wqds,00006,0,pretrain,I9tB6Q5bmcQ,00003,8.906422862135376,8.192
train,pretrain,yOc9mFvusDg,00009,0,trainval,OyahH2o9AAk,50011,-9.995650593025424,6.016
train,pretrain,vbHkhSfaQu8,00012,0,pretrain,9OECsmMont4,00003,-6.706270558316481,8.768
train,pretrain,kmNxhFFZWpM,00023,0,pretrain,dE1DuBesGYM,00028,3.723422177240675,2.88
train,pretrain,R21MsHQA8vM,00022,0,pretrain,FIrgjCNcDBI,00006,-5.369926042197242,21.888
train,pretrain,XiEQmcZi8cM,00015,0,pretrain,fvoWoMIwrSg,00007,6.3136105440242005,16.32
train,pretrain,ZZodGSsPrRE,00015,0,pretrain,xSLkNjQyHww,00034,7.416131186803302,6.08
train,pretrain,Fr26scqsIwk,00013,0,pretrain,dE1DuBesGYM,00067,6.987931678378338,7.232
train,pretrain,ZBg5QvcZQP8,00020,0,pretrain,9EglK8Mk18o,00002,-5.124347373832004,3.328
train,pretrain,8xHrpO6p7dE,00037,0,pretrain,y6FT80ZoVJY,00001,1.8592019923872556,12.992
train,trainval,4ZgwzSm7sRs,50022,0,pretrain,FEeTLopLkEo,00004,-9.849166862655983,5.44
train,pretrain,4ShLkgv6LSk,00024,0,pretrain,SDjLpMj3BDU,00012,9.602430280911282,7.104
train,pretrain,KyamsZXXF2w,00015,0,pretrain,vw5HJhIlJp4,00009,-6.6083518886978965,6.656
train,pretrain,sGXeX7PPrCI,00017,0,pretrain,bRuU02haIK8,00005,6.011124880924555,5.76
train,pretrain,scITIoJvMJ0,00014,0,pretrain,CiSk3gmyjQ8,00002,-1.8770322491284936,5.056
train,pretrain,1G0MzlfMPuM,00013,0,pretrain,GRcvxDVDLCw,00018,8.697787098026687,5.44
train,pretrain,7wJTgUCxnKA,00036,0,pretrain,wmE8dQcZgB4,00011,-8.018011177269006,5.376
train,pretrain,bscKRPkR328,00003,0,pretrain,tBbyP0P7BRg,00013,7.837724574396944,12.736
train,pretrain,lGbuCmuTJHg,00026,0,pretrain,2a2724wcfcc,00003,0.6696628281402148,4.16
train,pretrain,0YeVt2kpSSo,00018,0,pretrain,2TDLN61HKKc,00031,3.817674416807076,6.144
train,pretrain,ZoDYTYSeuN8,00003,0,pretrain,ye8sVvVJdg4,00005,9.127305305222254,12.608
train,pretrain,rhvunJPNmPE,00001,0,pretrain,Iv3Ud7Shv9g,00018,-3.2074151244064826,4.608
train,pretrain,t1sYh9itUvs,00041,0,pretrain,MSLHHgSXloM,00001,-5.84754896129003,7.808
train,pretrain,0qYTf9evWeY,00018,0,pretrain,nw6u3fk88pY,00009,-4.517535858778765,3.52
train,pretrain,h27g5iT0tck,00002,0,pretrain,97MWOERYSdE,00012,9.843931108926363,4.544
train,pretrain,Gk9T7ngEijs,00024,0,pretrain,xnLoToJVQH4,00005,6.828763347756418,6.592
train,pretrain,LWULB9Aoopc,00032,0,pretrain,fddYApFEWfY,00008,-8.419170290375256,7.552
train,pretrain,kzhJb5jcH58,00012,0,pretrain,UQniNhS6LOY,00030,-4.548391494488495,5.376
train,pretrain,JSLUS3qLv0I,00014,0,trainval,gObgox0tfgw,50004,-7.249757465517542,3.584
train,trainval,y8qc8Aa3weE,50001,0,pretrain,SypPoKpQi6w,00008,3.7701485057579553,3.264
train,pretrain,5nys6iebjHw,00027,0,pretrain,y2yka9lyvMA,00011,-1.7148316885138897,5.76
train,pretrain,YmRKlZEXVQM,00019,0,pretrain,YrZThoSoSis,00006,-0.043123321868760556,8.256
train,pretrain,8Szk2DpgLCs,00001,0,pretrain,aUBawr1hUwo,00026,4.9923931183727746,2.432
train,pretrain,Br1AIvMrvAE,00015,0,trainval,iNgBSj4S5HY,50001,8.440557903629504,2.432
train,trainval,dwU8eavPInw,50001,0,pretrain,5sg4zxZMDN4,00014,7.737932866221023,2.56
train,pretrain,bX32UShfri4,00008,0,trainval,cswhOCKQZ7Q,50013,0.4680290917712604,2.368
train,pretrain,okQXrB7ySAw,00031,0,pretrain,PiVB5niLrWg,00022,-6.224536785993733,8.448
train,pretrain,fSRWTyY2YSM,00022,0,pretrain,UWKvpFZJwcE,00009,-0.7278422389979795,4.416
train,pretrain,DW5YctpK7pM,00005,0,pretrain,ESwp7HN9Zvs,00013,5.436541302717794,4.224
train,pretrain,SoJnEQ6bJKE,00017,0,pretrain,u5GCetbP7Fg,00021,-4.24468484232815,7.36
train,trainval,FSNEIwDiCSw,50010,0,pretrain,LifvSfll2dw,00002,-4.8280532052177865,3.136
train,pretrain,Un2yBgIAxYs,00029,0,pretrain,Wtp7R97jz5k,00010,6.7931358753121245,3.84
train,pretrain,5J6jAC6XxAI,00031,0,pretrain,pGyOwnqpCKk,00005,0.6073640077368481,10.176
train,pretrain,jJMBwqhD9DE,00027,0,pretrain,8cwWSS29faQ,00004,0.12883483046446997,4.288
train,pretrain,E7sqRrUoL3U,00014,0,trainval,PcDftBVDSlc,50003,-4.194178999320471,4.352
train,pretrain,lfykytI3A6k,00002,0,pretrain,moS9iMlmsP0,00040,-4.0093915700377325,6.784
train,pretrain,zSWppsceZ1c,00011,0,pretrain,7s2CoqypMLg,00024,-5.064978331666248,6.976
train,trainval,DsSrzoyyfF0,50002,0,pretrain,QuaIMgzIOn8,00001,-0.5075630632300374,5.056
train,pretrain,KM4Xe6Dlp0Y,00017,0,pretrain,XiEQmcZi8cM,00004,6.17849598857746,10.112
train,trainval,ST4JS67J0Y4,50005,0,trainval,CjB6DQGalU0,50005,-4.620404739973118,2.688
train,pretrain,JbuSeMcEF3s,00028,0,pretrain,NZspSEdO2Xk,00054,2.6685208523238764,6.272
train,pretrain,tJ54irRmdC0,00013,0,pretrain,4Z75ASJMBx4,00009,7.055736150421264,4.416
train,pretrain,6yR5OUVb2gY,00008,0,pretrain,ftWn4QOvTTo,00012,4.7481007652543905,4.928
train,trainval,7DCofMA9eQA,50002,0,pretrain,3yfFwDq4R5M,00008,-5.434159910287089,2.624
train,pretrain,60OVlfAUPJg,00012,0,pretrain,9YGZkgkj3fM,00023,-9.375561355221167,5.952
train,pretrain,pGyOwnqpCKk,00005,0,pretrain,KnCqR2yUXoU,00001,8.785978030674883,6.08
train,pretrain,8xHrpO6p7dE,00015,0,pretrain,ivfJJh9y1UI,00028,0.3238087823011604,5.696
train,pretrain,CSUmoS40pqA,00030,0,pretrain,n3qA8DNc2Ss,00019,1.9589253030976508,5.056
train,trainval,Mr8nvXvlSy8,50041,0,pretrain,breDQqrkikM,00019,5.054525791885087,3.456
train,pretrain,7H0USvVSfhU,00023,0,pretrain,FEeTLopLkEo,00007,3.464815534848178,4.672
train,pretrain,sS9ys09BkGE,00011,0,pretrain,JM77aTk1XyI,00003,-9.737204734923147,3.84
train,pretrain,j51HsRILGKI,00018,0,pretrain,v7UKkzIaSsQ,00043,8.553146210739826,3.968
train,pretrain,Z2Z3P8E0tos,00002,0,pretrain,jpRqbP9Nv9k,00013,8.048101568796817,8.512
train,pretrain,YhpMSjbVopo,00024,0,pretrain,fi8CYv9Dcr0,00005,6.8071575611158295,11.52
train,trainval,7sqeoYOQ4qg,50006,0,pretrain,6E3zVSCSGYk,00034,7.036965140516237,2.496
train,pretrain,QPC5SP2SFu8,00025,0,pretrain,UWKvpFZJwcE,00029,-9.747817975275954,4.928
train,trainval,vNpmq6OkSQQ,50007,0,pretrain,rrkrvAUbU9Y,00056,8.78203610635488,2.048
train,pretrain,QpmsftF2We4,00016,0,pretrain,Qlg6izBqKxM,00014,-4.109643144776925,8.96
train,pretrain,bEdvQjTGYP8,00007,0,pretrain,HWsehvUkISc,00011,-1.8853988292016801,7.104
train,pretrain,NRcPXtqdKjE,00012,0,pretrain,fIw07IX6rG8,00008,-3.2503067053340384,4.224
train,trainval,0YeVt2kpSSo,50006,0,trainval,DwQMDyyS42Q,50008,1.6074090052793686,4.48
train,pretrain,HHwXlcHcTHc,00029,0,pretrain,eyq2Wo4eUDg,00003,-5.0738412096127465,4.928
train,pretrain,VLe84OkwKOA,00003,0,pretrain,MLU7qcMYKO8,00013,7.424607507198967,4.16
train,trainval,bNpx7gpSqbY,50004,0,pretrain,X9FFzWUInyA,00034,-1.4616916578801646,3.328
train,pretrain,a5xR4QB1ADw,00025,0,pretrain,OyahH2o9AAk,00014,-1.9182602119373389,11.328
train,pretrain,vGDZmSnSkfo,00015,0,trainval,ueOqYebVhtc,50007,-3.792681404938973,3.328
train,pretrain,4a6ZRstYlgw,00053,0,pretrain,j06dz9eDgqY,00005,-1.6669977927178117,9.6
train,pretrain,ea3HnhOLC9g,00018,0,pretrain,gObgox0tfgw,00002,-5.031499007790645,4.608
train,trainval,0ygtX2nyexo,50009,0,pretrain,50m48lpi4AU,00028,2.3548586546674226,5.76
train,pretrain,6VWPHKABRQA,00050,0,pretrain,qty0NjF3pdQ,00004,5.35853116266696,5.888
train,pretrain,Pro06WQG77M,00012,0,pretrain,lkVYV2P8dQE,00003,0.31463083276384474,3.392
train,pretrain,0Amg53UuRqE,00005,0,pretrain,KNXOVpN8Wgg,00015,2.824857828488325,5.568
train,pretrain,dLmK4gZ0oz8,00016,0,pretrain,60OVlfAUPJg,00019,-0.4494918592063595,4.416
train,pretrain,Sj5C4pY7NMg,00003,0,pretrain,AOEQ9GteWbg,00018,4.116548892433654,4.224
train,pretrain,lfykytI3A6k,00018,0,pretrain,SV2FB4ZmsTQ,00002,-8.470248391364152,12.608
train,pretrain,iOByGJskqks,00004,0,pretrain,bYGLzDB4GJo,00002,1.9218283101740479,7.04
train,pretrain,v67c9gr4XnE,00006,0,pretrain,vhfcedpoCLo,00003,3.7804370719618205,8.32
train,trainval,VNGFep6rncY,50002,0,pretrain,WKlIytaSlu4,00022,-8.617367778021682,5.888
train,pretrain,yTR4sADS4qM,00004,0,pretrain,fmZSIr2Z29s,00021,0.8798025626801618,6.72
train,pretrain,7hWUhEA6hxk,00002,0,trainval,I2xDZlpInik,50005,6.1264841456621255,5.696
train,trainval,aR6jLD1USW0,50005,0,pretrain,7VRzn8hc5mc,00010,-5.024306304179653,2.88
train,pretrain,Acsv55lctGY,00020,0,pretrain,79tRTivyMSM,00002,-0.3348141969521734,3.328
train,pretrain,U1XJJxHIQwo,00009,0,pretrain,5nwSjRA3kQA,00008,-6.07050086685163,16.96
train,pretrain,RjyxIsE3V2g,00012,0,pretrain,fSOupkS4VVo,00008,-1.6041094486977787,12.16
train,pretrain,wvIyVZf3qZU,00013,0,pretrain,MoSmgcxGYYE,00092,2.0918455063532466,5.76
train,pretrain,5qdZybHSLnI,00016,0,pretrain,STsOdmkH5fI,00003,-7.157859393406147,3.84
train,pretrain,8B271L3NtAw,00004,0,pretrain,1BHOflzxPjI,00005,3.623262241840081,5.312
train,pretrain,Urk3xn7l3AM,00010,0,pretrain,3aYWvujaT6M,00021,0.8142217675140788,17.152
train,pretrain,fDzj9vRw5yM,00020,0,pretrain,LNHBMFCzznE,00038,4.872834826121874,10.048
train,pretrain,MvojSku8zk0,00018,0,pretrain,CLSSiaFuLo4,00028,3.315007564750843,16.0
train,pretrain,PuroSL7O4eY,00031,0,pretrain,FcoJt2KLC9k,00038,3.568259977795396,3.904
train,pretrain,szU2S1infqc,00019,0,trainval,N37x4GgDVBM,50011,-4.16678632637419,3.968
train,pretrain,b9jb9UjCpik,00026,0,pretrain,tTb3d5cjSFI,00008,1.4484806242212223,10.24
train,pretrain,mw2z9lV3W1g,00008,0,pretrain,MQrhPhan5Gw,00022,2.7504271550873423,5.76
train,pretrain,VC0taBVUF2o,00009,0,pretrain,93hbqLBpSHI,00002,2.6758005134928435,3.392
train,pretrain,ZHOyfyGwpes,00041,0,pretrain,NMBNZspmn7I,00003,-5.742467271399283,7.808
train,pretrain,mlrB6npbwVQ,00020,0,pretrain,dE1DuBesGYM,00025,-3.307050569050409,4.544
train,pretrain,n34IjfcF1Yg,00004,0,pretrain,stBSQ6CagVo,00008,0.989701264092,12.736
train,pretrain,XS85KAYKOT4,00024,0,pretrain,y3jYVe1RGaU,00018,7.2213566580761,5.696
train,pretrain,5SOHiN8Ne58,00023,0,pretrain,LZXUR4z2P9w,00015,-3.270972959070777,5.76
train,pretrain,URSuWwvpn5c,00025,0,pretrain,WvvuLDX7iIk,00024,7.244580723538821,5.44
train,pretrain,VL5zqmpiJlQ,00003,0,pretrain,QhLLMBN57AU,00007,-3.5888991088295334,8.0
train,pretrain,88SlA2EZxtY,00013,0,pretrain,jPyR3UDhOm4,00034,1.9838239760900152,27.648
train,pretrain,n1ARQsdNvmI,00017,0,trainval,Zctk6MZaxMk,50009,-2.1135078561011618,5.952
train,pretrain,OAK1UIbSFio,00081,0,pretrain,PGsQwAu3PzU,00028,-0.4256794025158861,4.224
train,pretrain,1E6ysoASrY4,00013,0,pretrain,0MD4Ymjyc2I,00037,-5.900188048965813,4.16
train,pretrain,gyPoqFcvt9w,00019,0,pretrain,QW8muMXpkRg,00011,8.84823064552154,10.304
train,pretrain,gS3iLapiTCw,00009,0,pretrain,8FKYe2v0teI,00012,-2.4937602771071177,5.248
train,pretrain,aEa11FZwTRY,00011,0,pretrain,EZSf3Fc0ZRA,00001,-9.364811610612055,3.52
train,pretrain,z3kdILSEbQU,00002,0,pretrain,97MWOERYSdE,00023,-8.333170085132618,8.32
train,pretrain,ARWBdfWpDyc,00014,0,trainval,PcDftBVDSlc,50011,-4.010329316310937,4.16
train,pretrain,zb4bp2volBg,00013,0,pretrain,KQbTvFHymLc,00019,-4.09636767223885,4.672
train,pretrain,emn28FrJ6CI,00011,0,pretrain,6tpsSu5O0Ws,00021,9.24463311688418,5.248
train,trainval,URSuWwvpn5c,50003,0,pretrain,r3afSFSG570,00039,9.724828705014396,4.48
train,trainval,iF4s75ZPano,50003,0,trainval,uVAaZVz9pDs,50001,1.9921797011569016,4.928
train,pretrain,9RTkZaX1cH0,00011,0,pretrain,1CN7PF10RKo,00010,6.346808489537754,8.32
train,trainval,Possj5cXEnM,50005,0,pretrain,Kk7kzUt3SLc,00025,-6.666280028996412,2.24
train,pretrain,3z1cCT2NP4k,00010,0,pretrain,oS4R8TG9e5Y,00002,-3.3425523775574,9.024
train,pretrain,vqPAdUeU6mQ,00007,0,pretrain,0FOlwct8k9M,00008,-0.12355853612670487,9.536
train,pretrain,HBSQR6xovSw,00011,0,pretrain,up4hFjSjcTY,00026,-6.7940725770862525,2.24
train,pretrain,QWN5xhV6v1U,00022,0,pretrain,WbuIl6phdco,00007,-9.983141962349784,5.568
train,pretrain,cOIJGGgaSIY,00020,0,pretrain,uCC3dS7FrkQ,00010,-0.49095766518859385,6.336
train,pretrain,eFwaRDqTUL8,00012,0,pretrain,p2MEGk5q1WI,00042,4.499338475116151,13.824
train,pretrain,Tg35UfOJhe4,00004,0,pretrain,jv8m8rycnQs,00008,4.732324230862234,6.464
train,pretrain,SAm3gtFB8xU,00024,0,pretrain,eh3cdTlh7VM,00025,1.720707578441674,9.216
train,pretrain,sFNmulAb4wM,00044,0,pretrain,kTqgiF4HmgQ,00025,-6.169815135419638,7.488
train,pretrain,YATYsgi3e5A,00007,0,trainval,Qt1RPkbF4o4,50018,-5.8302716822240575,5.44
train,pretrain,YmlAl1SMtHk,00006,0,pretrain,vo2cse4CoGM,00010,9.519555947611728,12.224
train,pretrain,UMSWdzT6rV8,00008,0,pretrain,HALd9FY5SVQ,00007,6.531885270005912,10.752
train,pretrain,bmFhWr693is,00026,0,pretrain,F0ofeD8VKMA,00050,-7.093862574497239,6.144
train,pretrain,nccPghNJjBQ,00004,0,pretrain,kTqgiF4HmgQ,00019,-0.8612440106269084,8.0
train,pretrain,dDZoGcQVjJg,00008,0,trainval,9EVEmZ2cSes,50027,-3.0498404188951733,6.208
train,pretrain,S8fxEWsQy9s,00013,0,pretrain,ibMjhQvAmcI,00010,-8.23217103362033,4.16
train,pretrain,QLBtr2rOFkI,00006,0,trainval,X41iulkRqZU,50010,-2.269484527332912,6.08
train,pretrain,Yz1sNBv7oAo,00002,0,trainval,zK8mdS7LJQQ,50001,1.8875082493126563,4.48
train,pretrain,lqSBVyou38s,00012,0,pretrain,YLG871tKZUM,00001,-7.680866487860976,4.288
train,pretrain,hgui64Kr0Go,00010,0,pretrain,cplaWsiu7Yg,00022,4.723285187855257,8.896
train,pretrain,IMjn62naclM,00002,0,pretrain,ESNiCniw0JE,00014,0.7244788341495045,8.768
train,pretrain,pbSSrJGgVIo,00042,0,pretrain,KQEWc3LVfyc,00052,-8.167025538171593,4.096
train,trainval,f6CILJA110Y,50052,0,pretrain,lwcvhh4pLjE,00057,4.673161825548082,2.112
train,pretrain,TOyygXMkWGQ,00002,0,pretrain,huzhvbrcgeQ,00004,8.741966183942157,6.72
train,pretrain,JeHqgambbcI,00015,0,pretrain,lGbuCmuTJHg,00019,3.5940026955011195,3.264
train,trainval,c2tOp7OxyQ8,50030,0,trainval,rFAdlU2ETjU,50007,1.594613559872439,3.136
train,pretrain,HaHeAdJNa70,00003,0,pretrain,ZK3S2rCHmPA,00002,-4.253945650963232,3.648
train,pretrain,Svm5Czaf82k,00011,0,pretrain,vhhgI4tSMwc,00037,4.730890891161346,7.424
train,pretrain,aeVtSWlH1qY,00003,0,pretrain,wsIrdxDJpSQ,00010,-4.54028787090005,11.776
train,pretrain,eIho2S0ZahI,00014,0,pretrain,vCCdmGKtxPA,00021,1.4964286349438893,4.608
train,pretrain,wCf62ksaplI,00009,0,pretrain,nLeeTVmVrtA,00027,-5.230446563527598,4.288
train,pretrain,qFza3W87eDg,00013,0,pretrain,pvqgsvA2XiQ,00006,-8.414430929675124,4.224
train,pretrain,9FCsyK4aRXQ,00030,0,pretrain,3F2jACWwKdU,00036,-1.9316347338253195,8.96
train,trainval,J9PgY1mbPgM,50006,0,pretrain,7SfRgg9botI,00015,-8.731906704902217,4.096
train,pretrain,AE0gO5wSaok,00027,0,pretrain,5Dn08yo9aiM,00013,9.955820832833602,4.48
train,trainval,Mgbf3cq7lms,50052,0,pretrain,pz1TDXKSTHc,00038,3.1968532276961703,4.096
train,pretrain,wOsQKjNoHmw,00012,0,pretrain,xnovQVRHj5c,00005,0.2643542001705299,5.44
train,pretrain,5sS3Yjh9Lw4,00005,0,pretrain,GXySSkBVq1M,00005,-0.9674327995272485,6.4
train,pretrain,FsSKVSf1EJk,00017,0,pretrain,OaGEMSRms48,00006,5.487586977059378,10.048
train,pretrain,ioMpOr7Yx98,00021,0,pretrain,aFDKHFsVRnY,00008,-1.5186902583454138,5.056
train,pretrain,TFvkq4BAvnw,00012,0,pretrain,gDMOcSWCTW0,00005,8.80492913045951,4.224
train,trainval,EBKSa94IFHY,50006,0,pretrain,zIwLWfaAgS8,00060,1.8209432816267945,3.328
train,pretrain,iwlSPe0FbSg,00006,0,pretrain,t9c7aheZxls,00021,-1.3647763517093452,12.16
train,pretrain,Wh9O3SciOYs,00007,0,trainval,SU1foLW8h54,50019,8.715878932764031,3.136
train,pretrain,CsjV1gjBMbQ,00001,0,pretrain,nubSKdtzLcE,00016,-6.349062579651155,2.816
train,trainval,qx6KKSeT4qw,50004,0,pretrain,sucza6EOIf0,00023,-6.019103830070717,4.416
train,pretrain,1joQ8ZhX2o4,00016,0,pretrain,uuwgtX2zU9Q,00003,3.682741714939173,3.008
train,pretrain,QOSPNVunyFQ,00023,0,pretrain,RxqyO5hafdk,00019,9.34274466726795,5.12
train,trainval,vcSn852sv3E,50001,0,pretrain,kQa11RMCeSI,00024,-3.906237134890393,5.824
train,trainval,WpEjt71l08I,50001,0,trainval,esPRsTSlmw8,50004,0.10094181442438277,2.752
train,pretrain,wAIP6fI0NAI,00029,0,pretrain,W0WOfMeWvsQ,00008,7.206889611129242,9.728
train,pretrain,kpyc84kamhw,00010,0,pretrain,Soe7yjlFEJ8,00019,8.025921258066656,5.184
train,pretrain,wZ2TF8SPGQ4,00022,0,pretrain,gZlzCc57qX4,00003,6.470305167882277,7.168
train,pretrain,VPxEde3Q1F0,00011,0,pretrain,OGhbCC9mNM8,00002,9.65974630292499,12.288
train,pretrain,UROCz70tlMY,00027,0,pretrain,FdHJw0veVNY,00033,-5.122872524701978,8.448
train,pretrain,NXfYNdapq3Q,00041,0,pretrain,RhgrbQmYOSY,00022,1.2006454001907834,6.336
train,pretrain,59K6SwHLtcw,00005,0,pretrain,HAKea48B3oM,00031,0.9794719966428751,4.544
train,pretrain,MoSmgcxGYYE,00018,0,pretrain,PiVB5niLrWg,00022,0.7562026993434721,9.6
train,pretrain,6xsvGYIxJok,00030,0,pretrain,wxCtIdI3xL0,00019,-2.1525337976077257,9.92
train,pretrain,fIw07IX6rG8,00001,0,pretrain,rkKDvGA2UU0,00013,9.898969986497079,16.448
train,pretrain,y2X7c9TUQJ8,00023,0,pretrain,6ePXxeGrfvQ,00003,8.899771935772417,9.216
train,pretrain,HgRJNsTb08Q,00003,0,pretrain,xWVWhSvNLtU,00009,-8.530441707661026,6.208
train,pretrain,d8s8e8JdGCc,00022,0,pretrain,WNTk29zXl4A,00016,6.945220651119797,8.448
train,pretrain,Y4QZzZgYUKg,00001,0,trainval,cC0KxNeLp1E,50002,7.024891933918983,4.992
train,trainval,zIwLWfaAgS8,50014,0,pretrain,Itmu78W9cOI,00006,5.791439210397588,2.048
train,trainval,BQj2ZSGPsY8,50015,0,trainval,I9cmQFj13rc,50025,-9.97604084756687,2.944
train,pretrain,BBSVLGf7zPI,00016,0,pretrain,C6mNITMY7e0,00002,-0.9181468432057827,5.376
train,pretrain,eDFrlV106iM,00007,0,pretrain,a4PUlSHZvf8,00010,7.994682943281035,3.776
train,pretrain,rugSZIFY7mc,00014,0,pretrain,qEZmFR1WS7g,00026,5.028080390639484,11.52
train,trainval,weyd0UMdP7g,50004,0,trainval,RVX8ZSAR4OY,50016,2.7685933478431153,2.176
train,pretrain,gw2Mn3Bh1t8,00010,0,pretrain,IDSSieLCmS4,00039,4.214640793379115,4.48
train,pretrain,5EH1dS2aQVg,00017,0,pretrain,NZspSEdO2Xk,00035,-3.8412105858518615,10.88
train,pretrain,MO0LSLY2hRA,00008,0,pretrain,KI3WJXNhCJ8,00012,-7.742304558953254,12.16
train,pretrain,niASMK9RoAI,00006,0,pretrain,gSONUFFt2qM,00001,-0.5863126007355781,15.616
train,pretrain,ScJVrV6bk1g,00007,0,pretrain,4GKTEDqbQIw,00012,7.3648994128928855,8.576
train,pretrain,BXcFEhl7ynM,00003,0,trainval,SCEKKHyxgaw,50015,-6.196988143980078,5.76
train,pretrain,KQEWc3LVfyc,00051,0,pretrain,3GFG6Cvy9HQ,00013,0.26762998424450224,5.184
train,pretrain,k0GQSJrpVhM,00007,0,pretrain,ESwp7HN9Zvs,00003,-4.202593205199328,14.72
train,pretrain,AjF0rquH11U,00017,0,pretrain,Zf0zAiS8CtY,00004,-7.1366785255218375,14.528
train,pretrain,wIkvIKeRNoY,00009,0,pretrain,UVZyVz8gBeQ,00008,2.091108324046351,4.416
train,pretrain,WoSHlZ54b6Y,00010,0,pretrain,S6cX2p5cBVg,00038,2.2559966211102296,6.016
train,pretrain,mclzytQQMGI,00022,0,pretrain,JRfeYdKU4D4,00003,-4.138175105581274,15.616
train,pretrain,R2kOgSVF2Uk,00016,0,pretrain,zXCiv4sc5eY,00028,-7.0150412446566275,12.736
train,pretrain,7DLzXAjscXk,00002,0,pretrain,mozxTk3Brqw,00004,6.2476495435738215,8.256
train,pretrain,bbT8jSPS2LA,00002,0,trainval,a7B39MLVeIc,50006,-8.877738218038068,2.112
train,pretrain,F1U26PLiXjM,00022,0,pretrain,HQNfpElOiZY,00014,-5.769357270851144,16.064
train,trainval,GZGY0wPAnus,50003,0,pretrain,S3SnIMZ43EQ,00009,2.451497914420134,2.688
train,pretrain,kjmsb9pDrF0,00030,0,pretrain,ZdvUktSa1I4,00003,-4.598333728352189,4.096
train,trainval,HBSQR6xovSw,50002,0,pretrain,dcySuzHPCWM,00003,-8.450653532293359,6.144
train,pretrain,20adDr7Felw,00033,0,pretrain,MqnbE5WRPEU,00007,2.834983407687112,11.136
train,pretrain,UyUXxrSS3qs,00003,0,pretrain,2g9GedPylM8,00010,7.906570050915153,4.352
train,pretrain,rEgSZNB3qyI,00002,0,pretrain,sW9sr2SZ5kk,00010,-9.75710710239323,5.504
train,pretrain,SXOZflB1BKo,00003,0,pretrain,vvEH93EQiKg,00004,8.288627655622886,8.384
train,pretrain,ufp5iGh0agA,00037,0,trainval,J6oMG7u9HGE,50053,0.36976247552885155,4.16
train,pretrain,z9sa2ZAqHl0,00018,0,pretrain,2jTdZSPBRRE,00005,7.190505720422546,5.12
train,trainval,5sS3Yjh9Lw4,50009,0,pretrain,sucza6EOIf0,00011,2.339719762802739,4.16
train,pretrain,wVGjQSnLg4Y,00014,0,trainval,WpldYJ3sSIo,50005,1.236886977251256,5.632
train,pretrain,D9ZNpt6FVTY,00011,0,pretrain,XKc9MJDeqj0,00005,4.0337428485772335,10.176
train,trainval,kpyc84kamhw,50007,0,pretrain,rGaj2VImQec,00013,6.002505438273822,5.12
train,pretrain,E3SSSS5SFHQ,00015,0,pretrain,LPrS7Skx9Y0,00013,-2.502735045055826,8.768
train,pretrain,1sE96vd8W40,00009,0,pretrain,6lFvXTxgokY,00005,7.942576455670093,6.528
train,pretrain,XGq3MXQlRJs,00029,0,pretrain,V2u6CzpRqts,00001,4.384890200192277,19.84
train,trainval,SwMTKRixZIE,50013,0,pretrain,MUOSpWJ0riQ,00014,-9.830949366129207,6.144
train,trainval,Mr8nvXvlSy8,50041,0,pretrain,CE3tL9MMk3U,00009,-6.18636568301647,4.928
train,pretrain,NhYnouvrGS8,00002,0,pretrain,4c1lqFXHvqI,00015,-6.6825275629350145,8.192
train,trainval,ZBrbHy7l3tg,50007,0,pretrain,3XDdhbrg2kw,00016,8.17724106027503,6.016
train,pretrain,rKtmsVa4Kvk,00038,0,pretrain,Wm0GKnd3JvA,00018,-5.682319286788376,16.128
train,pretrain,py1RrSdVt5A,00039,0,pretrain,7hWUhEA6hxk,00019,-3.9067963889323787,6.08
train,pretrain,tVoE8eSu4bw,00034,0,pretrain,SypPoKpQi6w,00012,0.38480108231266286,3.776
train,pretrain,2JSZ66uMRwc,00043,0,pretrain,Rpsf1YJsbbI,00004,6.828477882845483,8.448
train,pretrain,o3oDpCb7VqI,00010,0,pretrain,goYIHXKvwLk,00022,-7.596102607042814,4.416
train,trainval,MS4x6G0zzeg,50005,0,pretrain,aiDSQyFdd68,00007,-4.214396477478397,5.76
train,pretrain,0Bhk65bYSI0,00015,0,pretrain,mUJdzaLDRIo,00045,-8.179742954968635,6.016
train,pretrain,QLBtr2rOFkI,00001,0,pretrain,UvbFr0eSsg8,00014,-2.4755753670790988,4.416
train,pretrain,BISCnsKyOuk,00013,0,pretrain,LFJ9WAHowcg,00037,8.428018556645775,3.776
train,pretrain,gevXeQwS1jg,00043,0,trainval,vVY8L56oxSM,50003,-5.561271916389625,4.288
train,trainval,8pHzROP1DSw,50005,0,pretrain,gXlIASSrI4E,00005,-0.13579357269230385,2.496
train,pretrain,uNQujCwCu88,00027,0,pretrain,FN0fjOsJIxk,00019,-4.978798677898586,16.064
train,trainval,4jUdCy6Vghw,50008,0,pretrain,KVjkFqS7Y6A,00033,6.881831199080022,3.52
train,pretrain,TM4HiNOhkM0,00013,0,pretrain,YWBwsS3lkXU,00014,8.486405086122609,5.184
train,pretrain,80GqbW1MmQM,00002,0,pretrain,b2MSSeKey4o,00008,3.1582995643484253,6.976
train,trainval,hJZ0pAoxksE,50001,0,pretrain,UQzvNIIMayo,00037,-8.899586526021437,2.368
train,trainval,GlpGBSBpxOE,50007,0,pretrain,VM6HZqQKhok,00037,1.0471381825376405,2.176
train,pretrain,CLSSiaFuLo4,00005,0,pretrain,vW99KFDSBk8,00004,8.716492771073504,4.608
train,pretrain,1gTNgijhKzw,00030,0,pretrain,Possj5cXEnM,00018,5.3665696317445715,4.288
train,pretrain,bkeBjPS9ZR4,00021,0,pretrain,MLyguFQR5N4,00013,9.403232389869174,10.432
train,trainval,S6BLFdBfgfU,50011,0,pretrain,yqc9zX04DXs,00014,-0.4446327108552506,4.8
train,pretrain,ASOvJjAw2Jo,00013,0,pretrain,3DsHHfu4Sco,00012,4.225158434288343,5.12
train,pretrain,hPsUXhXgWmI,00028,0,pretrain,bEdvQjTGYP8,00025,-2.5547472844899026,13.056
train,pretrain,V3CLRL32Mcw,00005,0,pretrain,bJ8Kq1wucsk,00023,4.325868926013218,21.76
train,pretrain,3UaOl8SYHes,00013,0,pretrain,Qhomjw2PSV0,00013,6.9605181470198545,11.392
train,trainval,VN357QrUdEc,50006,0,pretrain,EijI8QaExDg,00003,4.764955445277694,6.08
train,pretrain,EZwxKPv1CwA,00031,0,pretrain,0Amg53UuRqE,00005,6.002241046354648,5.568
train,pretrain,3E7hkPZSHTk,00020,0,pretrain,jSOPQgPIdKg,00035,3.928889870598443,7.296
train,pretrain,V2u6CzpRqts,00008,0,pretrain,HIZmSSvXH98,00008,-3.396007276027186,3.84
train,pretrain,40ieXxoJwZw,00022,0,pretrain,zXSrqdSohyA,00028,2.244948063890728,4.16
train,pretrain,FcoJt2KLC9k,00013,0,pretrain,S9PEogIrHSk,00033,6.050298867150207,5.44
train,pretrain,F8bM8K7WSR8,00023,0,trainval,o0TbaHimigw,50005,-3.478092459468125,4.288
train,pretrain,1SS2wOnkcSk,00013,0,pretrain,O6cmKeRV3Z0,00005,4.823402355367271,12.672
train,pretrain,8OnsjVdEuRk,00001,0,pretrain,qaue72D9pSI,00014,-2.7948156451673274,3.2
train,pretrain,ixsridS3qVs,00008,0,pretrain,p2MEGk5q1WI,00027,4.616581720469064,3.136
train,trainval,gjCwsdCssdk,50007,0,pretrain,dJEwC4wCM70,00032,8.102268843443287,3.648
train,pretrain,CS9f7Qq4YZc,00004,0,pretrain,zpoGgUoqkkQ,00004,-4.890905661403913,10.304
train,pretrain,SwT0YLKbwoU,00009,0,pretrain,k9fmJ5xQSmc,00002,3.0989123533789016,3.712
train,pretrain,Wh9O3SciOYs,00002,0,trainval,xTMZJvfzxGY,50012,2.893424193490322,3.264
train,pretrain,6XNrzmh0EVs,00010,0,trainval,wSHYZv6HzAs,50003,8.837908262131467,2.112
train,pretrain,zGEDHMF4rLI,00001,0,pretrain,qvEU36woPB8,00010,-0.682034939420106,7.616
train,pretrain,k5tCYg9s0HU,00034,0,pretrain,YhG1Bgbsj2w,00005,-1.2150527133130051,11.456
train,trainval,guXxy8LH2QM,50001,0,pretrain,5pIGDw18mIQ,00029,5.013589597127,5.888
train,pretrain,fmZSIr2Z29s,00003,0,pretrain,DjcZrtcBZi4,00013,1.9661075822875222,73.152
train,pretrain,zjvsA0v7r0g,00006,0,pretrain,vrU6YJle6Q4,00053,-9.122369052385642,4.928
train,pretrain,HQIi3nUXh0g,00006,0,pretrain,1G8dQQrlbbA,00019,1.4953536915024195,32.384
train,pretrain,lwcvhh4pLjE,00045,0,pretrain,OAEodzGMavY,00013,8.416988071349017,5.376
train,pretrain,EijI8QaExDg,00044,0,pretrain,LyOgVtNtEb4,00009,-8.616668171433957,13.056
train,pretrain,Wn1imxwGscs,00012,0,pretrain,8JSMI8Xrwms,00011,-4.496880583138891,6.528
train,pretrain,gXvblfSgwg4,00028,0,pretrain,LmPBNaO1c58,00001,-2.4537406193948064,4.8
train,trainval,SPSq3cW672s,50012,0,pretrain,qZYNWW4M7yM,00010,-2.747079551120737,6.144
train,pretrain,YWBwsS3lkXU,00003,0,pretrain,8SG4H4sVSW8,00007,4.216795658471803,5.888
train,pretrain,ZcFRfJb2ONk,00013,0,trainval,8woKcr7uSYQ,50005,5.302534521273854,3.072
train,pretrain,B0ESVNX1SYk,00014,0,trainval,TT6qWghHkFI,50002,-5.892232323338595,2.56
train,pretrain,SoJnEQ6bJKE,00015,0,pretrain,yrcaHGqTqHk,00032,-0.1718103488083358,7.04
train,trainval,T4SvurUIYI8,50013,0,pretrain,UIAm1gSVgn0,00025,1.5522073870038433,5.824
train,pretrain,gw2Mn3Bh1t8,00008,0,pretrain,Jk0AknXMXmc,00009,0.4839436716260117,5.248
train,pretrain,tp4Z4EVFA0g,00012,0,pretrain,SKx2lfobPuU,00030,6.523589953673824,4.608
train,trainval,N9HF8mMe2pU,50002,0,pretrain,Sf994ANuGIY,00019,-3.351616091336151,4.16
train,trainval,TM4HiNOhkM0,50002,0,pretrain,641aB1Dv1DY,00005,-1.0439855524032247,4.608
train,trainval,2L4BSVpvx1A,50007,0,pretrain,7Xmr87nsl74,00007,-0.08285790996255749,5.568
train,pretrain,7oDtWA9fFBU,00001,0,trainval,VNGFep6rncY,50010,1.3783004126722638,2.048
train,pretrain,Br1AIvMrvAE,00014,0,pretrain,sE3gxX5CiW0,00005,6.546783260725071,3.136
train,pretrain,HpiZTvlWx2g,00018,0,pretrain,5MgBikgcWnY,00004,-4.441980185153536,5.12
train,pretrain,rQNisRKhSiU,00001,0,pretrain,tBoBC3nBoFs,00016,5.820238713438497,5.952
train,pretrain,yOc9mFvusDg,00012,0,trainval,BPMrcY9z0nM,50014,4.907101778108043,5.376
train,pretrain,C14bXC7zi84,00025,0,pretrain,exjlR7izakg,00023,-4.433373581182984,8.896
train,pretrain,ukgnU2aXM2c,00022,0,pretrain,TFvkq4BAvnw,00020,-3.533057137402295,2.432
train,pretrain,rGaj2VImQec,00013,0,trainval,1fZ4XOnnh1c,50007,-1.6348256853758603,3.776
train,pretrain,OaGEMSRms48,00029,0,pretrain,EiTrl0W1QrM,00041,-1.6009078201363387,4.16
train,pretrain,3M29BY86bP4,00003,0,trainval,C74amJRp730,50003,9.217567920369973,5.376
train,pretrain,Bk9wQD6eYts,00009,0,trainval,lfBpsV1Hwqs,50021,7.402587432921816,3.648
train,pretrain,GMc8aSoCE30,00025,0,pretrain,oHDq1PcYkT4,00026,8.399981541060523,9.408
train,trainval,qAYqK9lAxic,50011,0,pretrain,PuroSL7O4eY,00031,7.963383538144743,6.08
train,pretrain,6JxRxBqQLKA,00012,0,pretrain,UQniNhS6LOY,00036,8.946790696474679,9.216
train,trainval,a5xR4QB1ADw,50013,0,trainval,ce31WjiVcY0,50008,-7.666751121267017,3.456
train,pretrain,PGsQwAu3PzU,00055,0,pretrain,8jPQjjsBbIc,00032,3.201864620410465,11.648
train,pretrain,nncPtxLCPrE,00016,0,pretrain,ktOeFgmdIAo,00029,6.449762220958103,9.472
train,pretrain,SU1foLW8h54,00019,0,trainval,XvS83nXSf0k,50001,-6.7112565246472595,2.688
train,pretrain,56WGgJNBRxQ,00022,0,pretrain,folTvNDL08A,00031,-4.326256853515369,18.24
train,trainval,7TXEZ4tP06c,50001,0,pretrain,HjnclEhy960,00015,5.873174766927816,2.176
train,pretrain,EHTmxmuhZ10,00015,0,pretrain,d5zjjJYqixo,00001,3.8830911304795492,3.52
train,pretrain,65e2qScVSK8,00018,0,pretrain,A60UTjiEp4c,00043,6.108843507865693,5.952
train,pretrain,0QbLI1U4cLE,00004,0,trainval,TPA0qoemShQ,50013,5.817725784002397,6.016
train,pretrain,vMwPTI54rqQ,00008,0,pretrain,0NV1KdWRHck,00002,0.7425035295339573,5.568
train,pretrain,JQ0iMulicgg,00014,0,pretrain,ttRhMPgpoOQ,00005,-9.502750798352626,7.872
train,pretrain,OGhbCC9mNM8,00020,0,trainval,aIcwIH1vZ9w,50010,-5.793965052623424,2.432
train,pretrain,cQvDUTOOkiI,00043,0,pretrain,G2Y6Am46eVU,00025,-8.833619263724206,4.928
train,pretrain,mYQx5n5SRVQ,00014,0,pretrain,wgeh4xhSA2Q,00009,-1.0050465108176017,3.968
train,trainval,fSSNmDcLMKA,50007,0,pretrain,rufeSSlZJg8,00001,8.1387052875749,5.888
train,pretrain,7sqeoYOQ4qg,00029,0,pretrain,HCJRXoYOoaI,00001,5.187841230771831,6.784
train,pretrain,1rTEOU67zCo,00030,0,pretrain,VHECIP6Tz0M,00012,-7.44791566974339,13.376
train,pretrain,eNC1h5H5cJA,00001,0,pretrain,ouXGIw7gBmk,00017,-8.166710783184438,8.896
train,pretrain,Q80MfH7xPPE,00028,0,pretrain,fhCYS8avhWM,00007,-1.8585353700429312,4.416
train,trainval,bLGTrz1Zolk,50003,0,trainval,qyecmU5r9SI,50005,-9.806342286408045,2.688
train,pretrain,ilMwoEdqMTs,00041,0,pretrain,UuXeY3S2emA,00008,-9.942347360853041,7.36
train,trainval,Iv3Ud7Shv9g,50007,0,pretrain,Mjl1i13JKNM,00020,6.699591957611272,3.584
train,pretrain,RtFFT4zjyTM,00003,0,pretrain,zw9NXY3xOOI,00005,6.106615001884602,9.216
train,trainval,jSOPQgPIdKg,50008,0,trainval,Ep2MAx95m20,50007,-7.543553503434792,3.776
train,pretrain,l5d8GW6GdR0,00006,0,trainval,MPMr5jPwA7I,50002,-2.7778587671563404,5.248
train,pretrain,lkVYV2P8dQE,00033,0,pretrain,RSl1ramE35s,00038,-9.794835903483737,5.312
train,pretrain,3Z6x5t5A9so,00024,0,trainval,FLbEKpLS5Z0,50026,-3.442209344239984,4.288
train,trainval,zsLz0mRmEG0,50001,0,pretrain,a19lSbFPRqY,00007,-2.9094509949449554,4.096
train,pretrain,xbagFzcyNiM,00024,0,pretrain,qx6KKSeT4qw,00007,-8.63147586247954,7.808
train,pretrain,lV3trdyDdHE,00002,0,trainval,gJv1WdMUz0w,50006,-8.082949992497419,5.824
train,pretrain,SZSul0GzzM4,00013,0,pretrain,bTE0MRRXNzs,00012,-6.690361881353642,7.68
train,pretrain,l3uttHEZnTY,00008,0,pretrain,PB2OegI6wvI,00052,8.534120343839543,4.096
train,pretrain,osBbP6Om4Mg,00021,0,pretrain,bH4zvHvregg,00008,-3.1976757417687036,11.328
train,trainval,ufp5iGh0agA,50005,0,trainval,dsT5eVSm7BA,50009,5.325342344882788,3.008
train,trainval,ea3HnhOLC9g,50001,0,pretrain,aQ8T4sySLxw,00006,-8.974343702903875,5.888
train,pretrain,OIpgrZ8ySSQ,00019,0,pretrain,PUh5msG0rG8,00020,6.294430550779847,7.488
train,pretrain,pTZM9X3JfTk,00001,0,pretrain,hgui64Kr0Go,00038,-6.544928246098703,5.056
train,pretrain,ImQrUjlyHUg,00055,0,pretrain,bhgonb4EqXI,00001,-7.855438709608915,3.584
train,pretrain,BWWPZlaq35U,00012,0,trainval,J6tgYBMXR6s,50015,7.603331632552404,4.48
train,pretrain,Rz8m1yDE0ms,00001,0,pretrain,vwhSTukb07U,00021,-3.9330611984008756,10.368
train,pretrain,uHs2Auz5s6w,00001,0,pretrain,YA87VEeoZLI,00003,-0.31693820355780034,4.608
train,pretrain,WKlIytaSlu4,00035,0,pretrain,KU0zEEDRKXo,00001,-5.650981140733215,9.216
train,trainval,stAstsOxLPc,50011,0,pretrain,SKx2lfobPuU,00006,-7.792370362469352,2.24
train,pretrain,xEtXItg9hEE,00035,0,pretrain,MBZyRlxVdSE,00017,6.971092579089799,4.16
train,pretrain,asgdGSGQBgY,00002,0,pretrain,CVaSIZVzUoc,00014,-4.158419568695746,5.12
train,pretrain,Y2y7BzjbSNo,00045,0,pretrain,9yPlMBPNf2M,00024,-8.22760185730365,14.464
train,pretrain,F6NU0DMjv0Y,00046,0,pretrain,2S0aEezKvBE,00014,6.643436479099265,8.448
train,trainval,qNvDRuGK84I,50003,0,trainval,XzDNfLnUOYY,50005,0.024175281812778948,2.56
train,trainval,mkdSXHXhCcw,50045,0,pretrain,796LfXwzIUk,00023,8.050686796284804,2.752
train,pretrain,hxJ8LELZCjo,00005,0,trainval,ARWBdfWpDyc,50018,2.3567960541483757,2.496
train,trainval,gZpcTVqpaPw,50004,0,pretrain,rN7VcY1fS1Q,00015,-6.391791913433913,3.84
train,pretrain,8gSAkUOElsg,00034,0,pretrain,EiTrl0W1QrM,00036,6.703673990925953,5.568
train,pretrain,BZoKfap4g4w,00004,0,trainval,MLyguFQR5N4,50006,5.864377703261685,2.496
train,pretrain,gj3ZnKlHqxI,00004,0,trainval,tsFKSfItBoE,50017,8.43867740291612,3.648
train,pretrain,H3TFShI7zKc,00003,0,pretrain,wPFA8n7goio,00012,6.923470360003861,8.896
train,pretrain,VynSxLrtZaY,00046,0,trainval,855Now8h5Rs,50013,4.267774525553749,2.752
train,pretrain,IgKWPdJWuBQ,00059,0,pretrain,btF6nKHo2i0,00031,7.7120637883810055,9.088
train,pretrain,kZt3DNCcEtA,00012,0,pretrain,uNQujCwCu88,00006,-6.451663171379522,4.224
train,pretrain,Wzy0cX1NXpM,00001,0,pretrain,NgVwPj54TEo,00017,3.657590390882513,4.48
train,trainval,6gSwRHScq6M,50004,0,trainval,2a2724wcfcc,50002,7.523909967478939,3.008
train,pretrain,4ShLkgv6LSk,00016,0,trainval,w5T0wS1OdMo,50001,6.920091546198471,2.688
train,pretrain,gSONUFFt2qM,00008,0,pretrain,WFImhWa5oUw,00012,-7.121879172845354,7.104
train,pretrain,b5QCM1SgVGA,00003,0,pretrain,MvojSku8zk0,00019,0.33529883065461874,15.936
train,pretrain,WzuWMf3WPPc,00010,0,pretrain,1InHN8JPazA,00025,-8.886483217083182,3.776
train,pretrain,TexXAuRSe0g,00013,0,pretrain,HSzqFSOft20,00011,1.4609354500751373,5.696
train,pretrain,0K5OO2ybueM,00007,0,trainval,1sgb2cUqFiY,50008,1.7572102217471937,3.776
train,trainval,cK74vhqzeeQ,50003,0,pretrain,ynSrWmoq7Is,00027,-3.0589610522124344,3.2
train,trainval,QoTSdOkjEVs,50010,0,pretrain,btlF4ZSAoFc,00011,-2.345054188716613,4.352
train,pretrain,O8e8TtfzSpY,00003,0,trainval,t1ZSoufuQg4,50008,5.673397872085541,2.304
train,pretrain,ZVRbSuY3h9w,00019,0,pretrain,esugL07XANg,00047,4.2595628591665236,8.576
train,pretrain,f6CILJA110Y,00013,0,pretrain,ofsncCF9OSU,00017,-9.90677689802812,3.456
train,trainval,ZoDYTYSeuN8,50001,0,pretrain,nz0cAjXVepg,00015,4.58725899216239,6.08
train,pretrain,anmktfGYw8k,00009,0,pretrain,lv9QDjw8GJk,00003,-2.932472797146037,4.288
train,pretrain,LlQXs0yofMs,00015,0,trainval,796LfXwzIUk,50016,2.9336797739279046,5.376
train,pretrain,PENkzh0tWJs,00017,0,pretrain,td1PbsV6B80,00025,-9.73138088090609,3.84
train,pretrain,rvkMauaHxBw,00005,0,pretrain,5vXRgT6egSU,00003,-2.811172107588929,4.928
train,pretrain,WzuWMf3WPPc,00015,0,trainval,KVhWqwnZ1eM,50018,0.4274206748010805,3.072
train,pretrain,jk6Y3f2c4SI,00003,0,pretrain,7s0CpRfyYp8,00048,-3.2454541680741507,5.696
train,pretrain,aYBJayS6mTY,00005,0,pretrain,ulLFP8axZVQ,00011,5.322747634635828,8.768
train,pretrain,3qRtDnsnSwk,00008,0,trainval,ycB29FkoylE,50004,-0.42830788149343846,6.208
train,pretrain,FyL9OkVgZA4,00003,0,trainval,hCop3IGZH2o,50006,0.5616713454666602,4.736
train,pretrain,RSW3xi2jMYI,00001,0,pretrain,jobYTQTgeUE,00015,1.2597731661560339,12.416
train,pretrain,PyXZvuxDkC4,00024,0,pretrain,SK095wuESeE,00014,6.5089671069867805,4.288
train,pretrain,MqnbE5WRPEU,00010,0,pretrain,BSiNIZ6zZqY,00023,-5.1677195371899565,12.608
train,pretrain,3VwxWDVKs8k,00003,0,pretrain,p9UC0chfXcg,00022,1.0902236066804356,4.032
train,pretrain,LVFVaWCV1TE,00019,0,pretrain,zeSVMG4GkeQ,00003,-7.99756521521696,10.112
train,pretrain,3q3WOrs8kAM,00003,0,pretrain,lSiQSNSwgMM,00009,-1.4752743007173503,8.064
train,pretrain,UDXtFbSmBAg,00001,0,pretrain,XO1MeSMYSQ0,00011,9.406508765879352,7.424
train,pretrain,aiDSQyFdd68,00013,0,pretrain,iZRGUADAu2Q,00019,-8.113948924050234,5.12
train,pretrain,J8xfuCcXZu8,00019,0,pretrain,8LQhhYgjlJ0,00003,6.309484975886704,6.08
train,trainval,wQJC2MMB8nA,50049,0,trainval,y9Trdafp83U,50002,1.8701425715517317,2.752
train,trainval,BSxI3YxAPW4,50018,0,pretrain,potB0voQzNg,00012,-9.159420671695834,5.952
train,pretrain,zuAj2F54bdo,00019,0,pretrain,7s2CoqypMLg,00008,1.9833728953123515,8.128
train,pretrain,ofsncCF9OSU,00015,0,pretrain,XO1MeSMYSQ0,00013,9.192661401434648,7.744
train,pretrain,r3afSFSG570,00038,0,pretrain,qrNDkRHAA4E,00025,-6.854331088528811,3.904
train,pretrain,Syi9bqfFIdY,00030,0,pretrain,Nvw0reB1gpI,00010,-8.920289476959947,8.704
train,pretrain,kTz52RWSbD0,00005,0,pretrain,I64CQp6z0Pk,00013,-5.925487665820293,14.4
train,trainval,S9PEogIrHSk,50017,0,pretrain,nUdsTizSxSI,00022,2.176072841711477,6.208
train,pretrain,RKK7wGAYP6k,00016,0,pretrain,SF242mxtZN8,00024,-9.003278078867394,3.456
train,trainval,f6CILJA110Y,50045,0,pretrain,oPDaWYUCn8Y,00015,8.395498961104604,4.16
train,pretrain,C9mareySEAM,00009,0,pretrain,NJ9Iq7ReMDs,00016,-5.382747511863064,5.184
train,trainval,z19gIaUmIBU,50004,0,pretrain,ScGSlv9dCeY,00007,1.102267341948405,5.952
train,pretrain,1VRgmKiE0Js,00012,0,pretrain,gB23pKmyIHM,00015,9.432192933996951,5.056
train,pretrain,EHNP7KqLrW4,00008,0,pretrain,h4MhbkWJzKk,00012,-7.1106698591145445,4.544
train,pretrain,Zq7QPnqLoUk,00047,0,pretrain,eZgSGgToBEE,00006,4.11968558308433,8.32
train,pretrain,CEN4XNth61o,00022,0,trainval,4ZgwzSm7sRs,50033,3.4729115367198453,2.88
train,pretrain,cgxZ4H3gJ8c,00005,0,pretrain,GigYWy2UmOY,00003,9.005649573412605,6.08
train,pretrain,Chfoo9NBEow,00026,0,pretrain,gqpErbFnbiY,00016,2.87958944192037,6.08
train,pretrain,uDIyxxayNig,00017,0,pretrain,kDXJhxLzmBQ,00015,7.406567494260933,7.36
train,pretrain,2Oe6HUgrRlQ,00004,0,pretrain,BMdMSmtTgD0,00006,3.2915525815017777,11.904
train,trainval,xjxyEwjG2Es,50002,0,pretrain,DZT6YpCsapg,00001,-3.272052822076379,4.8
train,pretrain,F10t7i8wHaM,00010,0,pretrain,UoruUSrndBA,00014,-3.1507640354623234,3.84
train,pretrain,CFrrgfEuMwc,00012,0,pretrain,I64CQp6z0Pk,00001,4.722083736364876,3.904
train,pretrain,4Z75ASJMBx4,00022,0,pretrain,bHLgTUV0XWI,00014,9.232104407178156,6.016
train,pretrain,ZChEFOGSn8Q,00051,0,pretrain,mWA2uL8zXPI,00009,8.6997291221973,11.328
train,pretrain,YyuScSjkGSs,00008,0,pretrain,XBaRdmEVy8s,00004,0.13720952290118404,8.256
train,pretrain,be03wdS5Klc,00001,0,pretrain,6Af5tJzSR2w,00032,9.840613651141638,12.352
train,pretrain,SIKqVKyyW6w,00002,0,pretrain,HH3m1OSiOT0,00041,2.103915866958065,8.0
train,pretrain,mUJdzaLDRIo,00031,0,pretrain,7tu9nJmr4Xs,00017,8.92417329977394,4.48
train,pretrain,p2MEGk5q1WI,00047,0,pretrain,88SlA2EZxtY,00001,-7.053170684838797,7.04
train,pretrain,wKIHuxe2fi0,00016,0,pretrain,Mo2Ai7ESNL8,00035,-1.907604644832979,4.032
train,pretrain,XKc9MJDeqj0,00017,0,pretrain,ym6OYelD5fA,00029,0.30527221170654073,11.392
train,pretrain,WSKPrVG3Evs,00010,0,trainval,n9yuAhusVts,50007,5.8711284006742765,4.288
train,pretrain,4c1lqFXHvqI,00050,0,pretrain,gyM6rx69iqg,00035,6.020013642714133,5.952
train,pretrain,cpsRAk5HpK4,00004,0,pretrain,RJ0ldeMS9SM,00008,-9.407989884152535,3.776
train,pretrain,9KaMufF0rAY,00021,0,trainval,vg8WAv0YT9c,50024,5.154004849627443,2.176
train,trainval,up4hFjSjcTY,50005,0,pretrain,lU1ISu1LOv4,00016,-9.807860116692407,4.416
train,pretrain,qZYNWW4M7yM,00012,0,pretrain,TPA0qoemShQ,00020,6.869184285737308,4.352
train,trainval,NVPxmzSPvUw,50003,0,pretrain,deT1mILtFEY,00004,-6.239993354036624,2.752
train,pretrain,moS9iMlmsP0,00017,0,pretrain,AHcTWlxWzpE,00029,0.24745136286603397,9.408
train,pretrain,tkIgSSxPzTA,00002,0,trainval,5LgCl7ZyYGs,50006,-1.1868074387359684,6.208
train,pretrain,FvAl7Sjddok,00001,0,pretrain,S3SnIMZ43EQ,00005,0.8727233781733936,10.816
train,pretrain,Ctz4E2ARkCg,00020,0,trainval,3lxyiS3CGrk,50004,3.666904097322501,3.008
train,pretrain,zawpbVpu5nY,00007,0,pretrain,kWnsmzSSgdI,00008,-1.4857212260098045,12.096
train,pretrain,o1abyP4zfGg,00009,0,pretrain,NVPxmzSPvUw,00046,9.299980560364752,7.616
train,pretrain,3OMgvtWNHp4,00009,0,pretrain,3Z6x5t5A9so,00057,7.997815013245209,8.576
train,pretrain,GROCkg810R0,00020,0,pretrain,Mjoxh4c2Dj0,00021,2.6354702424705145,4.8
train,pretrain,aTgPJQ9Dy7Q,00018,0,pretrain,bnvnBwP9sTo,00007,3.7480857082184205,7.68
train,pretrain,16p9YRF0lSg,00018,0,pretrain,4bHO8NZwmIg,00054,5.67175566965723,5.312
train,trainval,AR6RiSHN7S0,50004,0,trainval,2NHV4AzSEzY,50004,4.0068945241268565,5.824
train,pretrain,r9Zz4hYuGdw,00004,0,pretrain,gVLu99Ja2mA,00031,1.7795992724073386,4.8
train,pretrain,CiLnSGrcuEs,00033,0,trainval,XMSQKG70a5s,50007,-9.573783274351397,2.24
train,pretrain,CsqSDpmgsQg,00023,0,trainval,lfBpsV1Hwqs,50018,-4.895294115890714,2.624
train,pretrain,YWBwsS3lkXU,00005,0,pretrain,apiScBmE6rA,00016,4.008959627104279,11.968
train,pretrain,iW4fCwfw1vg,00025,0,pretrain,EZwxKPv1CwA,00033,6.690088722402475,7.36
train,pretrain,EHTmxmuhZ10,00038,0,pretrain,U4Lx5rcii38,00002,0.2776437765177686,7.168
train,pretrain,dj4Qk5rUmRw,00017,0,pretrain,Nhx1SyXMwCg,00012,-8.10953762094114,18.816
train,pretrain,BMDSPhk7JSY,00043,0,pretrain,CprpSEjVtwA,00023,0.39919921250881174,8.32
train,pretrain,vUQLN4o63SY,00013,0,pretrain,OFbF16DVTXY,00010,-0.8100079320871281,4.288
train,trainval,hPI0TM75lXA,50001,0,pretrain,7ZW8SLQftnY,00010,-2.401470069430225,5.952
train,pretrain,syqScVtnKuU,00048,0,pretrain,HSmKRshF1SA,00031,-7.526945094151927,9.664
train,pretrain,apbSsILLh28,00004,0,pretrain,xEtXItg9hEE,00034,-0.9428840121168864,5.056
train,pretrain,VohNDqzWP9E,00010,0,pretrain,VCRcGKpjWtU,00008,6.005075843128548,4.736
train,pretrain,9IgOVOPLTYI,00008,0,pretrain,qp0HIF3SfI4,00047,5.882601049674756,4.288
train,pretrain,Wm0GKnd3JvA,00001,0,pretrain,UbVZ7rmDYrc,00007,2.1007353043004002,4.864
train,pretrain,SwMTKRixZIE,00016,0,pretrain,gLDQr9i7LkM,00012,3.536265312661124,8.576
train,pretrain,BQOz6OVz1zc,00033,0,pretrain,UzuUljhS9uI,00010,-3.911559333838996,5.824
train,pretrain,AHfiKav9fcQ,00010,0,pretrain,n4EhJ898rSk,00022,7.975275443042676,7.808
train,trainval,Tmk7nAvpMXQ,50009,0,pretrain,ec9GyxEUGec,00007,5.284594993379972,2.304
train,pretrain,IWjzT2l5C34,00034,0,pretrain,XknIGenqHxQ,00001,-5.926873109286388,6.08
train,trainval,XiDAztWWAuM,50004,0,pretrain,d6wGSsAdP0U,00014,2.3899250241284484,3.712
train,pretrain,iwlSPe0FbSg,00028,0,pretrain,vFPkEIGUofc,00023,-3.300320617939329,8.576
train,pretrain,IDSSieLCmS4,00028,0,pretrain,goSQOzc79Uc,00028,-6.712873562540702,5.376
train,pretrain,dQijrruP9c4,00024,0,pretrain,gj3ZnKlHqxI,00024,6.2419224330048735,5.248
train,pretrain,jTfGAHroSSI,00010,0,pretrain,6ul2TSvUDog,00018,-8.977188002975073,8.128
train,pretrain,VSbjOJzB7LY,00016,0,pretrain,7DCofMA9eQA,00011,2.1106812145159317,6.72
train,pretrain,fmZSIr2Z29s,00024,0,pretrain,hiM48jSNZOU,00012,5.203070720151299,7.744
train,pretrain,ty5QtslaAHM,00002,0,pretrain,SmsYxDvdcYc,00014,6.746248999304527,9.216
train,pretrain,J6uL4vDAU3s,00017,0,pretrain,dj4Qk5rUmRw,00011,2.6011984385010614,4.864
train,pretrain,RcGyVTAoXEU,00040,0,pretrain,cMhPOiuDzBc,00013,-2.8737539480584147,12.416
train,trainval,b6rAgHcuYtE,50005,0,pretrain,cSsxBTNF2U8,00059,-6.438021612951239,3.136
train,pretrain,M1o3FS0awtk,00008,0,pretrain,U5kIdtMJGc8,00008,-7.103551816167764,5.76
train,trainval,gh5VhaicC6g,50045,0,pretrain,PB2OegI6wvI,00054,-1.1890319947780448,2.176
train,pretrain,LWULB9Aoopc,00035,0,trainval,vGDZmSnSkfo,50024,1.8629043885427503,2.752
train,pretrain,lfykytI3A6k,00001,0,trainval,N4wFyRGilp4,50009,-8.071865810208351,4.352
train,pretrain,IFF9iSgOO7w,00007,0,pretrain,njESlZa2b10,00029,4.576256695616658,11.008
train,pretrain,u1SdYypojbE,00001,0,pretrain,12OAr0lt4bk,00006,7.589038678441721,16.512
train,pretrain,ac0E6deG4AU,00001,0,pretrain,SJ5bDhMP9lQ,00019,-5.150961643722763,9.728
train,trainval,PcDftBVDSlc,50015,0,pretrain,2zvjW9arAZ0,00059,-3.6725472512653283,3.136
train,pretrain,ooIxHVXgLbc,00033,0,trainval,xAXUqSQc8DI,50011,9.467302151893172,2.688
train,pretrain,fW6AndSUByo,00013,0,pretrain,TDCYJ3Sgx2w,00020,2.2525543909170036,6.72
train,pretrain,druJDI6hiiY,00014,0,pretrain,JRHzQG0aI8w,00032,-7.257322903174148,5.312
train,pretrain,AoAbPIbGLUo,00024,0,pretrain,HYzrdn7YLCM,00005,-5.032238495870356,6.848
train,pretrain,CiSk3gmyjQ8,00004,0,pretrain,dE1DuBesGYM,00039,-0.7818544850147084,7.552
train,pretrain,KTTtn0iSZyA,00010,0,pretrain,2K6P014XXmQ,00005,-5.172392784454301,5.248
train,pretrain,wZzHnZzmS58,00028,0,pretrain,yRUCU5FsvTY,00037,3.3305772448699464,6.336
train,trainval,sa0RUmGTCYY,50044,0,pretrain,th3nnEpITz0,00010,-9.39299489806272,3.776
train,trainval,Qm172DbaSbc,50006,0,pretrain,sodSeJBf9Y0,00001,5.155184422760373,3.84
train,pretrain,XKiQl5WZQ5I,00010,0,trainval,150cqgYh8sQ,50009,1.3136507066092857,4.736
train,trainval,YhpMSjbVopo,50005,0,pretrain,4AaSUyfNN4c,00016,-0.9021353592632586,3.136
train,pretrain,cS3f3rQRlug,00001,0,pretrain,gXlIASSrI4E,00006,-9.160926358894832,4.16
train,pretrain,z8UevNKDFKU,00008,0,pretrain,8s3bdVxuFBs,00010,-4.980030311873092,9.536
train,pretrain,BMOjVYgYaG8,00022,0,trainval,IshrD4mjnNU,50025,-8.229838347596864,4.672
train,trainval,nO69NjadSec,50009,0,pretrain,7p4zw4SqgUw,00014,-2.724709693402632,2.176
train,pretrain,0Q1owhv3qAA,00014,0,pretrain,Tmk7nAvpMXQ,00016,-4.998696276899577,3.008
train,pretrain,Qm172DbaSbc,00007,0,pretrain,8qIbZL80jSw,00015,1.9352760058789116,4.16
train,pretrain,EmuzDrI7TM0,00019,0,pretrain,SYHG5y4tvLw,00017,-0.7332787812351995,4.096
train,pretrain,fw01Sq0cxM8,00011,0,pretrain,S3SnIMZ43EQ,00008,-0.8212892513525638,4.288
train,pretrain,GzPpH9WexDc,00019,0,pretrain,r8Ff1XjSSeM,00001,-5.228349360809674,4.416
train,pretrain,U7y4GlmwPLQ,00012,0,pretrain,OAK1UIbSFio,00073,-0.9763112725762468,7.68
train,trainval,fwm3azuoLr4,50010,0,trainval,MPMr5jPwA7I,50011,-0.39567292693115874,4.032
train,trainval,ZliT1BiEVvo,50002,0,pretrain,fSRWTyY2YSM,00028,-1.8957579891856753,3.2
train,pretrain,FcoJt2KLC9k,00020,0,pretrain,lSYy6poJ2zs,00014,-3.171170944924211,3.776
train,pretrain,dvuh1Np35Pk,00032,0,pretrain,qty0NjF3pdQ,00004,-2.3580015450879177,12.48
train,pretrain,ApGeDdIaxo8,00002,0,pretrain,dkLcwHmnPV4,00007,2.651253427453799,5.696
train,pretrain,cQvDUTOOkiI,00025,0,pretrain,n1jA0BKOLSY,00009,4.192161363811497,6.016
train,pretrain,DG7kSeazMQ4,00057,0,pretrain,o8NPllzkFhE,00045,6.014529076307884,4.928
train,pretrain,iSpwUpdQdyY,00041,0,pretrain,aTfwA1TaH3Q,00018,-3.604247010659149,11.072
train,trainval,nItwVO9stX8,50001,0,pretrain,inxIM1aGvZY,00005,4.558844401422171,2.56
train,pretrain,CZNrOzgNWf4,00011,0,pretrain,vFPkEIGUofc,00015,-1.5528324703198333,15.68
train,pretrain,bzj1BTdfoeI,00025,0,pretrain,b2LbuqoNGGI,00030,-2.2035397230339377,10.24
train,pretrain,n8eyF4UWG38,00011,0,pretrain,OJptdCCrcr4,00010,6.9785608821807195,9.408
train,pretrain,x3AwnkR92EA,00018,0,pretrain,ufUkAQOQaXU,00011,-9.746670113919638,4.096
train,pretrain,l2oywAEJ9hE,00008,0,pretrain,Mjoxh4c2Dj0,00022,-7.265081922033588,13.632
train,trainval,ElJxUVJ8blw,50017,0,pretrain,7SfRgg9botI,00020,1.3232779139598083,5.376
train,pretrain,9usocDBGnvA,00014,0,pretrain,sS9ys09BkGE,00020,0.2893347932377175,8.32
train,pretrain,JlbwchclCBo,00006,0,pretrain,gAxSu7UgPGg,00005,3.1517692053736184,7.36
train,pretrain,RsxlLsHtoBI,00017,0,trainval,ulLFP8axZVQ,50005,8.752349384276119,4.544
train,pretrain,pVQdpofMhwU,00012,0,pretrain,SSJkV8IzsZA,00011,2.2947672384408584,3.136
train,pretrain,q9Ou0cj3fF8,00022,0,pretrain,qEZmFR1WS7g,00030,0.4632853197790343,6.72
train,pretrain,97MWOERYSdE,00024,0,pretrain,U5kIdtMJGc8,00041,-5.0873067698109065,6.592
train,pretrain,BsFxokC02sg,00027,0,trainval,GkRn9Lp16UI,50004,1.012775980649348,2.688
train,pretrain,uS3UYncNwz4,00024,0,pretrain,NgbqXsA62Qs,00001,0.3603251221594981,4.288
train,pretrain,2dRlssVF7fc,00020,0,pretrain,eGoSdLNceEk,00027,9.828503093963924,6.08
train,pretrain,mk3KSVrveSE,00015,0,pretrain,CypPMzZinys,00005,-6.082255131122725,15.808
train,trainval,g2J6YOiLNr4,50009,0,trainval,UxLRv0FEndM,50001,8.061610616777777,2.752
train,pretrain,cj5LZBmiQu4,00039,0,pretrain,LBvHI1awWaI,00013,9.813899601832887,3.328
train,pretrain,7ZoOyNTyjQE,00023,0,pretrain,C9mareySEAM,00027,5.357775681973219,3.008
train,pretrain,FJFxLQCo83U,00028,0,pretrain,haA6QtH0PIc,00001,-7.279845415312591,9.344
train,pretrain,nCwwVjPNloY,00027,0,pretrain,zXCiv4sc5eY,00022,8.647273586084285,5.376
train,pretrain,97MWOERYSdE,00048,0,pretrain,12ud0nSTvro,00010,-3.655324646841043,4.16
train,pretrain,uUDu8jQ6qHo,00013,0,pretrain,ioMpOr7Yx98,00001,-5.020628898912438,5.184
train,trainval,MnT1xgZgkpk,50001,0,pretrain,eJnlgDUcxOQ,00027,4.7796441967998895,2.688
train,pretrain,n3qA8DNc2Ss,00017,0,trainval,NiMgOklgeos,50003,-6.895364018441716,5.376
train,pretrain,N7wF2AdVy2Q,00005,0,pretrain,5EH1dS2aQVg,00008,5.496615018895843,11.712
train,pretrain,X98Fbe0Ccis,00002,0,trainval,UJ7QaCFbizo,50006,9.06537214016328,6.08
train,pretrain,sPQViNNOAkw,00036,0,pretrain,fqJAeReFr8I,00002,0.08371601951144392,12.736
train,trainval,bGBamfWasNQ,50009,0,pretrain,HSmKRshF1SA,00031,-0.06221710992872431,5.056
train,pretrain,GS1xL1qcBa4,00028,0,pretrain,7FecGsXFgcQ,00009,0.46470979719861205,9.856
train,pretrain,snkrS1C2e7U,00015,0,pretrain,l5ZJ6bK1EIc,00026,-5.8231557151723035,4.8
train,pretrain,SSZG5aPkZyM,00009,0,trainval,AJYRJ92g4GI,50018,-1.881412910469935,2.496
train,trainval,iE7YRHxwoDs,50005,0,trainval,xx310zM3tLs,50002,-9.03159616810569,5.44
train,pretrain,VlC93dig40E,00007,0,pretrain,rB6WmWvvyxg,00005,2.50087506356855,6.464
train,pretrain,6xy5pWOgeBY,00006,0,pretrain,HlnhCdujYco,00023,4.213538761594641,4.672
train,pretrain,5Jqk1rkuUwU,00024,0,pretrain,fTznEIZRkLg,00013,-0.6312616992883413,5.056
train,trainval,sBaiRpIpPKQ,50003,0,pretrain,N4wFyRGilp4,00002,-8.096265234555098,2.688
train,pretrain,1Totz8aa2Gg,00010,0,pretrain,pASKEZ1bSLg,00003,9.81774021329247,4.8
train,trainval,S9PEogIrHSk,50006,0,pretrain,wtvhqeVoeqI,00020,1.0833294278551584,3.136
train,pretrain,fHhIkynELNQ,00012,0,pretrain,XiEQmcZi8cM,00028,1.7023486456116181,8.448
train,pretrain,7LE4MoJS2po,00005,0,pretrain,raCIUeGUr3s,00017,-7.378532446520129,4.288
train,pretrain,BXlnrFpCu0c,00013,0,pretrain,VekRvcbL4yk,00005,-8.27868365869461,4.288
train,pretrain,wNokfBHccVI,00018,0,pretrain,ktOeFgmdIAo,00004,4.922112269684183,11.776
train,pretrain,LifvSfll2dw,00001,0,pretrain,0sYguTPLpHE,00013,-7.795699272961785,11.712
train,pretrain,bNpx7gpSqbY,00007,0,pretrain,34a7UEzZdsA,00021,-8.090575922888528,5.312
train,pretrain,v3oSF94S4FI,00031,0,pretrain,1nZ9u2ZoIJo,00015,3.222517144182188,6.208
train,pretrain,DSbtkLA3GrY,00050,0,pretrain,n8eyF4UWG38,00025,-8.32910380342988,10.048
train,pretrain,iunmpgOnpqM,00005,0,pretrain,VASXSkawBiY,00020,-6.141458682746716,10.304
train,pretrain,b6rAgHcuYtE,00010,0,trainval,m0ZPM5I1tTg,50003,6.536056592198772,2.88
train,pretrain,TXaXvrd3jS4,00001,0,pretrain,iNOE0dZpHcY,00049,2.8659351854777277,4.736
train,pretrain,mK6IdD4GXPo,00005,0,pretrain,2JSZ66uMRwc,00045,-7.374365606106046,2.496
train,pretrain,k5hspA18IU0,00024,0,pretrain,VekRvcbL4yk,00040,7.681125143083843,6.08
train,pretrain,0lYq5jXBfzE,00011,0,pretrain,TDCYJ3Sgx2w,00005,-7.682698876051957,9.216
train,pretrain,yA9xQB547Yo,00012,0,pretrain,zSqYtUeKUl4,00011,9.859663915915547,6.464
train,pretrain,OAK1UIbSFio,00016,0,pretrain,HQzXqjT0w3k,00013,8.059977658843557,5.824
train,pretrain,DBoShCrKfLQ,00001,0,trainval,Sid0oc0w3mQ,50004,2.1298725635557645,2.24
train,pretrain,7SfQLQ7eyA8,00040,0,pretrain,3E46oWB4V0s,00003,-2.1707424281225514,14.336
train,pretrain,UCFg9bcW7Bk,00002,0,trainval,0FQXicAGy5U,50007,-1.3695639260554664,5.888
train,pretrain,n34IjfcF1Yg,00009,0,pretrain,iNtNP6LGek8,00005,0.566710129969481,5.568
train,pretrain,tsgvhP07BC8,00037,0,pretrain,4BZuWrdCS9Q,00017,-5.735209632168619,5.12
train,trainval,TPA0qoemShQ,50011,0,pretrain,fSSNmDcLMKA,00019,4.258682219523495,5.696
train,trainval,796LfXwzIUk,50015,0,pretrain,2zvjW9arAZ0,00084,-5.828970885664402,3.072
train,pretrain,ouXGIw7gBmk,00022,0,trainval,jUHE4SE3Mcg,50002,9.384141577282271,2.496
train,pretrain,85bqT904VWA,00004,0,pretrain,MLyguFQR5N4,00027,-9.955022350325159,3.84
train,trainval,0ITHlySbhJE,50011,0,trainval,IHyR7p6Shn0,50055,-5.786406933396549,2.24
train,trainval,GZGY0wPAnus,50012,0,pretrain,kSR8G8mfp84,00008,-6.018365658283891,2.624
train,trainval,2cYDyMnL4M8,50002,0,pretrain,IFF9iSgOO7w,00007,-2.2983387494228946,5.888
train,pretrain,5FjuSwOaV3Y,00018,0,pretrain,cXQrbxD9SNg,00022,0.6108688659897403,5.248
train,pretrain,S2SzP6NS9P0,00019,0,pretrain,NZspSEdO2Xk,00030,-1.2100081445594597,5.568
train,pretrain,dwU8eavPInw,00053,0,pretrain,cPsP4F1qYCI,00011,3.2884836734400658,6.976
train,pretrain,hvStFIuhD8E,00019,0,pretrain,hbG89FYKzaY,00022,0.12881371325128832,12.672
train,pretrain,YyBk55G7Keo,00008,0,pretrain,b64qvG2Jgro,00005,-1.6933808409882705,3.84
train,pretrain,H8Pr9Jnulxk,00029,0,pretrain,jyYjI7zQlaA,00003,9.741117162571292,14.4
train,pretrain,SxMWqUe8FdU,00011,0,pretrain,zLNXIXingyU,00005,1.0361066720573664,4.992
train,pretrain,F17SKiAZOxg,00058,0,pretrain,ZIVSJYazE9s,00012,1.5453492359797103,7.04
train,pretrain,1cJiAS6NSUI,00013,0,pretrain,ZChEFOGSn8Q,00001,9.61007406118927,11.456
train,pretrain,wfNX1cHkSfE,00020,0,pretrain,0SW0HFy9Et4,00011,-1.583612021963141,13.12
train,pretrain,N0vRIqeoefs,00025,0,pretrain,14rYeATuCqQ,00014,-8.207213746720255,3.136
train,pretrain,jnS66SszwEs,00022,0,pretrain,y3EG6cO3ngc,00021,-6.451341851160488,19.008
train,pretrain,zDcaoTVy4fA,00004,0,pretrain,P65XdTlk4vA,00053,-5.218813577790511,4.224
train,pretrain,mguvTfAw4wk,00011,0,pretrain,iCXfJVCg1LA,00002,-8.591686070732083,5.696
train,pretrain,MoSmgcxGYYE,00063,0,pretrain,nwZkoAeOzuo,00007,4.732087107626299,5.056
train,pretrain,kLIfeGflNp8,00021,0,trainval,avuhY7D71sQ,50019,9.161706654346066,2.432
train,pretrain,aSLSiIskEFU,00032,0,pretrain,CBJMFvcR8PQ,00015,-0.19220891538068052,6.016
train,pretrain,1NG7FoC5XRo,00013,0,pretrain,2S0aEezKvBE,00008,2.412081555792046,3.776
train,pretrain,eR22lqzdIHU,00014,0,trainval,PL9wP3pAl7A,50006,-4.263921757278291,2.88
train,trainval,E3SSSS5SFHQ,50019,0,pretrain,WbuIl6phdco,00019,-6.084450320974479,3.84
train,pretrain,P86fZa4xKSw,00006,0,trainval,DjcZrtcBZi4,50040,-4.317469139964332,5.824
train,pretrain,4uAAegPkCKo,00029,0,trainval,HfMhU6qjVVM,50001,2.1421151186561627,5.952
train,pretrain,rTJpJlVkRTA,00002,0,pretrain,SmoW9jvvMr4,00029,-8.210747030574108,8.256
train,trainval,RxyQNEVOElU,50005,0,pretrain,93fJ33L9OKw,00010,-3.236062712434256,3.648
train,pretrain,lhqYBhLh1IM,00014,0,pretrain,VjQ3ufqnfSM,00006,-7.374028777652589,6.592
train,pretrain,McDjnRcUcfM,00001,0,pretrain,IfG7WVSbN6Y,00003,-6.484949943148139,3.968
train,pretrain,1BHOflzxPjI,00049,0,pretrain,GpKrM8GQwOg,00018,-6.806337391267596,9.088
train,pretrain,FauPVZxDXxk,00019,0,pretrain,JzLiCBCbAMY,00019,1.2383686446248987,3.84
train,trainval,WSKPrVG3Evs,50001,0,trainval,5uVtphj4b6c,50021,-8.66426000513366,3.84
train,pretrain,UxtJtlgDkC8,00008,0,trainval,4mJ1aHFPS1M,50003,9.029538693041847,6.144
train,pretrain,6gSwRHScq6M,00058,0,trainval,zbHe4RpgV80,50014,-0.023463385334242304,2.24
train,pretrain,0UmUgaJwEr0,00012,0,pretrain,JaFSfq2Zn7I,00013,3.617085603642076,4.288
train,pretrain,vGzBcBZrOSw,00006,0,pretrain,kSGFq12w5WU,00020,7.227113462746679,3.776
train,pretrain,fW6AndSUByo,00040,0,pretrain,0SUTgoPUTLQ,00027,8.880216147552687,5.568
train,pretrain,MEDgtjpycYg,00022,0,pretrain,PS2h8hSFphs,00043,0.7399656004534467,11.776
train,pretrain,J6tgYBMXR6s,00058,0,pretrain,gj3ZnKlHqxI,00014,0.9924390523853415,5.312
train,trainval,YO0lbdhF30g,50005,0,pretrain,2Kk9R2rhwlQ,00007,6.6009846647097135,2.752
train,trainval,ZBDablzQ9ts,50003,0,pretrain,Uq1idqpX9SA,00019,4.937053067134942,4.48
train,trainval,zBSaSy6aKTY,50003,0,pretrain,79zra755WgA,00023,-4.871912854082261,2.24
train,trainval,fTosle3h3G8,50002,0,pretrain,8OkzozrUEHY,00012,7.8399636194561815,4.736
train,pretrain,6AvXhgXlGpE,00001,0,pretrain,TOSSkVIkY6A,00020,3.4818191528872937,8.704
train,pretrain,uXlSmKZ7aSc,00021,0,pretrain,fkPISY2Vg5k,00024,8.07369634232079,5.376
train,pretrain,XGq3MXQlRJs,00003,0,pretrain,MoSmgcxGYYE,00018,4.365449358852631,10.304
train,pretrain,QW8muMXpkRg,00011,0,pretrain,ym6OYelD5fA,00026,6.0903786864447085,6.016
train,pretrain,j81saupKVpo,00021,0,pretrain,0S3YDofSvGs,00011,9.587903703736252,6.208
train,pretrain,xjSQFZX2m9o,00028,0,pretrain,jhm5OaXJVMQ,00025,-5.310768584446139,5.44
train,trainval,QG4Z185MBJE,50007,0,trainval,fHfhorJnAEI,50001,-7.744324082633374,6.016
train,pretrain,xY7kVVS2HVY,00034,0,pretrain,31ojbLK0vU4,00003,5.35018769917054,4.8
train,trainval,dLHWVTa5xZs,50009,0,pretrain,wfW3aZCFfLA,00037,7.718933395115922,6.08
train,pretrain,IJmr7MsS8fw,00072,0,pretrain,3sZDmOducck,00006,-9.786962308698534,5.376
train,pretrain,SFOCpMAww28,00014,0,pretrain,p0wY7IHCwlI,00002,0.47793831276898047,10.432
train,pretrain,Qm172DbaSbc,00025,0,pretrain,zuLOT6GsAxw,00021,3.5797884495624075,6.528
train,pretrain,Sk0ywFgMpFk,00024,0,pretrain,QSfFattg8N0,00018,4.131759117771349,3.776
train,trainval,f6CILJA110Y,50070,0,pretrain,wOsQKjNoHmw,00005,5.744613414959556,6.016
train,pretrain,ibcgMSS0mAs,00014,0,pretrain,ziGD7vQOwl8,00008,-8.469884092624136,5.888
train,pretrain,BjclkhNAO0s,00015,0,pretrain,ty5QtslaAHM,00002,-6.260202465266804,9.472
train,trainval,gypAjPp6eps,50001,0,pretrain,d5zjjJYqixo,00004,1.689324852592975,3.136
train,trainval,HV4loecFZh8,50001,0,pretrain,Df2JBnql8lc,00026,-5.923315503068832,4.672
train,pretrain,8t4Vj6lmzVo,00002,0,pretrain,TKOKD69jUA0,00012,2.41654405618959,4.48
train,pretrain,7rMYfiRNT7g,00015,0,pretrain,NMQGa6grfeE,00001,-5.961975703854609,10.88
train,pretrain,VcMyX5R4dzs,00021,0,pretrain,zXCiv4sc5eY,00020,3.5166751669231378,4.736
train,trainval,Yx2rjq1gSWA,50004,0,pretrain,lACQknq4sFI,00006,6.843331602615539,6.208
train,trainval,3PQrElyu9HY,50007,0,pretrain,wfW3aZCFfLA,00044,5.202623225277778,5.056
train,pretrain,PJy8vTu66tE,00020,0,pretrain,I64CQp6z0Pk,00001,-1.4190170110954163,4.8
train,pretrain,dSykikzbckE,00012,0,trainval,80GqbW1MmQM,50001,4.4666018670550915,3.648
train,pretrain,aR6jLD1USW0,00015,0,pretrain,xqPJKtFI42U,00009,-0.44212610474149727,3.712
train,pretrain,MiOVX7qKQ24,00007,0,pretrain,lyRSK2CZIHQ,00020,4.343161224626623,7.04
train,pretrain,SU1foLW8h54,00036,0,pretrain,Syi9bqfFIdY,00001,6.7297601575280055,5.696
train,pretrain,GFivy8eFFBo,00007,0,pretrain,3m6dV7Xo3Vc,00011,0.3640140627011679,9.088
train,pretrain,fYUaWgVF2XA,00018,0,pretrain,43e6eAAeGCs,00031,8.455170763537485,7.168
train,pretrain,r3afSFSG570,00063,0,pretrain,rokPqHc9iD0,00009,5.9673395698236025,5.312
train,pretrain,xjSQFZX2m9o,00016,0,trainval,BGcJXAXSSd0,50004,-5.998277917369945,5.696
train,pretrain,I9weytKalQQ,00007,0,trainval,jSOPQgPIdKg,50006,-0.29605691247783383,4.096
train,pretrain,ONXYcNS7k1Y,00021,0,pretrain,6Af5tJzSR2w,00009,0.7655574495622641,6.848
train,pretrain,5Dn08yo9aiM,00009,0,pretrain,y9wzaxSPtIo,00013,4.529160722854167,5.376
train,pretrain,RxmzCJug9HE,00007,0,pretrain,ztGkmruGPqM,00007,9.713467852173107,8.448
train,pretrain,B9DdIivSGts,00055,0,pretrain,8oeiOeDqSNc,00023,4.6524696887090204,8.576
train,pretrain,EKy19WzkPxE,00025,0,pretrain,Soe7yjlFEJ8,00003,7.011690668704212,3.2
train,pretrain,7SrGFfZMJ6Q,00009,0,pretrain,tbicAmaXYtM,00039,5.397029363061218,7.68
train,trainval,USmTQeKRaP4,50001,0,pretrain,fbeFn1Xcqo4,00015,3.9205579859838284,3.968
train,pretrain,nUdsTizSxSI,00022,0,pretrain,dySwrhMQdX4,00025,8.227962073678803,6.848
train,pretrain,mWm2qtEeBjE,00016,0,pretrain,zQfB85apRy8,00006,-8.155114751617011,5.696
train,pretrain,W3SRjJtd6Eo,00011,0,pretrain,btF6nKHo2i0,00012,-0.05169274194656737,10.368
train,pretrain,E7sqRrUoL3U,00005,0,pretrain,xSLkNjQyHww,00023,-5.6482080827269865,7.808
train,pretrain,uhRhtFFhNzQ,00002,0,pretrain,30e60EOO5mo,00015,8.454002900352226,3.84
train,pretrain,hrpwRdijvCM,00018,0,pretrain,OaGk5BSO0Pg,00008,-8.435294620522644,7.808
train,trainval,D9S6G8J6VJg,50005,0,pretrain,DcKdClnpz4k,00029,-7.159424370145584,5.056
train,pretrain,6d6oq0zGGmw,00011,0,pretrain,7jx0dTYUO5E,00030,-2.5206851805913626,8.256
train,pretrain,Bwj3SVZZOHo,00021,0,pretrain,SgOTaXhbqPQ,00039,-2.001395750955817,4.736
train,pretrain,2PR51JQkib4,00033,0,pretrain,9YeQi5Zqy1I,00009,8.245019923506817,6.336
train,pretrain,WF6SDe4USvE,00003,0,pretrain,YMyofREc5Jk,00001,-7.770141705160345,3.712
train,pretrain,NPSelwWdPa0,00004,0,pretrain,SvSSb7cJn2A,00004,7.7850865549432235,5.568
train,pretrain,QAnNM3WJCYA,00015,0,pretrain,STsOdmkH5fI,00047,-9.743456403655246,24.96
train,trainval,d5zjjJYqixo,50003,0,pretrain,3LmjSv8N8hE,00004,3.2979701170645264,3.2
train,trainval,pew48bbrob0,50001,0,pretrain,GJWSZgjz7G0,00005,-0.8837032885226126,6.08
train,pretrain,t1owaS144N4,00004,0,pretrain,B4xOFsygwr4,00019,8.996975447978699,3.84
train,pretrain,GigYWy2UmOY,00008,0,pretrain,YbtrDM1aJF0,00013,2.3683513780426395,7.616
train,pretrain,HfMhU6qjVVM,00016,0,pretrain,RoS2q3pSrq4,00003,4.0745704425258715,12.736
train,pretrain,N39xSWTPix0,00003,0,pretrain,swI68y2oQ60,00009,-4.010006749944304,9.152
train,pretrain,8PQc3M2HQSs,00003,0,pretrain,9VXOknUbzBM,00003,-2.8121380791276884,8.768
train,pretrain,POTosC2q6Hs,00002,0,pretrain,JNcLKbJs3xk,00019,-6.54252130189356,7.424
train,pretrain,sE3gxX5CiW0,00003,0,pretrain,5QTjSH1KGlY,00010,2.66264609711744,12.288
train,pretrain,ukgnU2aXM2c,00019,0,pretrain,FJFxLQCo83U,00055,-2.5592320621745053,7.552
train,pretrain,gmjSazFbpkA,00003,0,pretrain,BCvzpm4d2gs,00012,-2.404781263678368,6.208
train,pretrain,ppRtQCAbzPk,00014,0,pretrain,BFK2knjj4lQ,00026,7.508801458536411,11.392
train,pretrain,WSKPrVG3Evs,00016,0,pretrain,kfAxGhOS3S8,00004,9.333647442384333,6.144
train,pretrain,WmJwn4WDeLE,00023,0,pretrain,CS9f7Qq4YZc,00009,-7.377488508315004,5.248
train,pretrain,Itmu78W9cOI,00015,0,pretrain,Y81rCiw1LPY,00013,1.3307930162773154,3.2
train,trainval,C8pNGaSIFoU,50001,0,pretrain,79zra755WgA,00025,1.2897540043362081,3.008
train,pretrain,JiwZQNYlGQI,00017,0,trainval,ftWn4QOvTTo,50001,6.973707454244899,2.688
train,pretrain,pSCefSAYqaA,00038,0,pretrain,DqCsQqy9MyU,00004,-3.9757587330090445,19.456
train,pretrain,ogXTSCI7KRU,00001,0,pretrain,9YeQi5Zqy1I,00023,4.3779856965746085,7.936
train,pretrain,bZsn1SDARRs,00003,0,pretrain,HFFBkbsSFY0,00005,3.3951700353999943,5.184
train,pretrain,wz0mlDELSo0,00004,0,pretrain,0FQXicAGy5U,00013,-3.169264638534779,5.44
train,pretrain,dY7iATJVCso,00017,0,trainval,k8OgHJ4WXR0,50002,-0.652083210015924,4.864
train,pretrain,ByEoeBYUwOo,00010,0,pretrain,6gSwRHScq6M,00014,-7.524261494214521,4.736
train,trainval,NAcuH7nSdLc,50021,0,pretrain,XvS83nXSf0k,00041,9.170511375543533,3.648
train,pretrain,694XUHVuGQo,00002,0,pretrain,3U6tEcIIAIc,00009,-5.845185262695369,4.288
train,pretrain,2j00U6lUCSc,00042,0,pretrain,YhG1Bgbsj2w,00037,2.21065500473941,5.056
train,pretrain,voXOUWiJuLo,00002,0,pretrain,ANFQPEkczYc,00033,-1.8824552654711724,7.104
train,pretrain,YlmZkY1uqXM,00048,0,pretrain,klUoJxGv9wg,00009,-0.6786060446265836,4.16
train,pretrain,MEDgtjpycYg,00006,0,pretrain,TBIL2sdfoVc,00021,2.9050622083573945,5.056
train,pretrain,u7SWcQaoaRQ,00018,0,pretrain,dJEwC4wCM70,00005,-0.2723436613996455,17.6
train,pretrain,ema8O7xqjvk,00040,0,pretrain,Df2JBnql8lc,00019,5.3876832995463015,7.168
train,pretrain,aiDSQyFdd68,00024,0,pretrain,vY2l2xfDBcE,00040,0.5923038128212337,8.32
train,pretrain,eZgSGgToBEE,00017,0,pretrain,dQijrruP9c4,00024,-6.538605097035215,5.248
train,trainval,zSWppsceZ1c,50005,0,pretrain,YXWKuKSQsu4,00004,-0.22502612025343716,5.056
train,pretrain,wfNX1cHkSfE,00030,0,pretrain,MLvwTlbj1Y8,00029,-8.4072815660742,6.976
train,pretrain,mWA2uL8zXPI,00020,0,pretrain,vzi4AopBEBg,00015,-9.906443685156072,4.416
train,pretrain,fHfhorJnAEI,00021,0,pretrain,S3SnIMZ43EQ,00036,-8.621777159239228,6.912
train,pretrain,SQe8cR4Jl10,00010,0,pretrain,3UaOl8SYHes,00011,4.52864810631004,7.168
train,pretrain,3nsoNSLS8RQ,00022,0,pretrain,5duz42kHqPs,00019,-8.275951869844791,3.456
train,pretrain,LZAi7DlVN2g,00007,0,trainval,v3oSF94S4FI,50015,-4.295286701847452,2.56
train,pretrain,PMBWNbj2awk,00006,0,pretrain,8rzlrItooG4,00008,8.684157111128307,6.4
train,pretrain,PY9DcIMGxMs,00002,0,pretrain,mLufqwmPl1A,00007,8.697038118942487,4.224
train,pretrain,WzuWMf3WPPc,00022,0,pretrain,sa0RUmGTCYY,00042,8.395729163130117,8.64
train,pretrain,HJouIL6uaoc,00002,0,trainval,CbS6PPBJJB8,50004,2.6542233008215472,4.736
train,pretrain,DGIuSNks3DA,00001,0,pretrain,QhLLMBN57AU,00007,-4.344715142417865,16.128
train,pretrain,cpsRAk5HpK4,00009,0,pretrain,40ieXxoJwZw,00034,2.340988552236647,4.224
train,pretrain,F5FYYV59Eew,00016,0,pretrain,PYSkd46RfVE,00024,5.65461275355883,6.656
train,trainval,APPbSStpGHk,50010,0,pretrain,HBSQR6xovSw,00019,-8.375891101605802,5.312
train,pretrain,7rMYfiRNT7g,00011,0,pretrain,ZSRaJIMYSMs,00016,-0.3649704658462092,8.576
train,pretrain,oJfFMoAgbv8,00003,0,pretrain,rSSSsisz2SM,00028,-9.659002918195135,8.32
train,pretrain,3sUWSDHOVn0,00027,0,pretrain,J9SXc9wxByM,00019,-9.235264106902864,4.096
train,pretrain,VHECIP6Tz0M,00019,0,pretrain,XPkV1bDZDl4,00033,3.1012443240523844,18.88
train,pretrain,wEM9c7RoVms,00018,0,pretrain,2jTdZSPBRRE,00010,-8.857052482702464,5.696
train,pretrain,folTvNDL08A,00003,0,pretrain,nG1oCU0ijP0,00042,-7.373605239214999,6.976
train,trainval,vzKA1y3cdYI,50036,0,pretrain,q9Ou0cj3fF8,00030,-3.9778480047526283,4.096
train,pretrain,eUznJ3LtvGc,00003,0,pretrain,ofjRnIpXBF0,00003,-5.910495984107802,5.696
train,pretrain,zIwLWfaAgS8,00119,0,pretrain,7Y2sjSG4Njg,00009,5.993456659514706,9.536
train,pretrain,1OQkdRdfyjI,00002,0,trainval,ptIecdCZ3dg,50001,7.952664502996576,6.08
train,pretrain,cCdu67sSC5E,00001,0,pretrain,G8cjIBwP52o,00009,-3.6754124066574416,11.136
train,pretrain,2vVAzRN5ez8,00003,0,pretrain,YL1XwfyaS00,00030,-4.045209702386021,5.248
train,pretrain,8u9Wvz1edxI,00019,0,pretrain,5HL1BEC024g,00010,-1.3858658353675466,4.16
train,pretrain,80USSKwX0iU,00011,0,pretrain,YJM6WUNDnhA,00015,-5.520046925905973,9.024
train,pretrain,7Y9W1Gex660,00013,0,pretrain,IMjn62naclM,00025,-0.2515183302957187,6.912
train,pretrain,5ErKrSyUpEo,00008,0,pretrain,y5nbWUOc9tY,00007,4.2411143181531585,4.416
train,pretrain,B4xOFsygwr4,00037,0,trainval,BSxI3YxAPW4,50016,3.722081016251737,6.208
train,pretrain,sa0RUmGTCYY,00015,0,pretrain,HjnclEhy960,00001,-9.742741575709548,11.008
train,trainval,p7YRnLbmLGs,50004,0,trainval,0OkOQhXhsIE,50013,5.852820699865935,3.392
train,pretrain,dskNubEgzCk,00025,0,pretrain,avuhY7D71sQ,00017,-1.9769958943146797,29.76
train,pretrain,mGInCowjJ48,00006,0,pretrain,6V6p1tgHfm0,00015,8.353250776967695,23.68
train,pretrain,PcQwHHbjZ0A,00047,0,pretrain,tTvIEUGCigk,00033,7.87209801906441,8.192
train,pretrain,eNDhBSR1DZ0,00028,0,pretrain,ESwp7HN9Zvs,00001,8.801204747514348,7.296
train,trainval,2ZviHInGBJQ,50019,0,pretrain,AvtStbwMQqs,00021,9.22205618545458,4.928
train,pretrain,ygKNRnz7q5o,00005,0,trainval,zbHe4RpgV80,50005,-4.88550389848352,5.44
train,pretrain,HjSGqwAFRcc,00007,0,pretrain,jodhovumkHQ,00030,-6.785238836388629,6.848
train,pretrain,bClWV3eeETA,00007,0,pretrain,0MMSpsvqiG8,00007,-7.474867589403282,4.928
train,pretrain,2euqcSA4C9w,00006,0,trainval,jSSqQDPGW2k,50001,2.3234532056178114,2.88
train,pretrain,Gz8RlHf3Czs,00005,0,pretrain,YeXcNpVkezI,00021,8.847562363490262,6.848
train,trainval,NWUFjb8w9Ps,50003,0,pretrain,apZ2pCGi8RA,00002,5.7788622677369474,4.992
train,pretrain,UUkAGboDMwI,00013,0,trainval,lrYx7HaUlMY,50003,2.4847495654429963,2.624
train,pretrain,CstD6O95LSo,00002,0,trainval,mMDuakmEEV4,50001,-6.779955678532705,3.136
train,pretrain,YodRXxzhb7s,00021,0,pretrain,B8ofWFx525s,00009,-3.5452410116473976,5.568
train,pretrain,wfNX1cHkSfE,00022,0,trainval,kiDfwUQySEs,50017,2.8427018505901653,5.76
train,pretrain,PS6vDLq64gE,00023,0,trainval,zIXX3HPgEnI,50009,7.784698308955885,6.144
train,pretrain,Td2hfdXQ5x8,00024,0,pretrain,w8lH8tNlAXc,00016,-1.57589884037459,8.064
train,pretrain,LH8MPbFoRjw,00028,0,pretrain,CQ6by9cmt54,00009,-6.458057475110797,11.008
train,pretrain,MSX0uwAG2Jc,00010,0,trainval,CPVjktgYKo4,50010,-4.596297096007946,3.2
train,pretrain,9y7YEmyzSDo,00029,0,pretrain,EEjyPqyFeSs,00013,-1.1103574767871827,11.712
train,pretrain,sYySLEdYr8A,00008,0,pretrain,PGsQwAu3PzU,00008,7.673489757976849,5.12
train,pretrain,MSZS1wnjfhY,00005,0,trainval,Yr0eW6PbmOs,50001,1.1746378577771548,2.176
train,pretrain,55n9pHSA0O8,00009,0,pretrain,ZR4LdnFGzPk,00008,-2.1821266946489875,3.264
train,pretrain,TdBAHexVYzc,00017,0,pretrain,itLUXZnLRn8,00027,1.1190500241885815,4.16
train,pretrain,SSJu0Jy9oSQ,00022,0,pretrain,uTL9tm7S1Io,00010,9.510737845738092,8.96
train,pretrain,ZChEFOGSn8Q,00057,0,pretrain,lGbuCmuTJHg,00017,2.583407153063934,4.8
train,pretrain,KQEWc3LVfyc,00073,0,pretrain,ZJXxySanins,00022,0.5786653335393979,2.048
train,pretrain,nmVDcD2olOA,00014,0,pretrain,SgYvy71CSSA,00013,-7.818720974752389,10.112
train,pretrain,DwQMDyyS42Q,00012,0,trainval,vzKA1y3cdYI,50019,-5.980554181393161,4.736
train,pretrain,MpISFKqk0Ew,00002,0,pretrain,bDbN8R6Gb6Q,00013,9.268003501124443,9.792
train,pretrain,y3EG6cO3ngc,00019,0,pretrain,JoGCaI1HzYo,00006,9.370110398024792,13.632
train,pretrain,eGoSdLNceEk,00001,0,pretrain,gj3ZnKlHqxI,00007,-0.41880165753310905,4.672
train,trainval,97MWOERYSdE,50003,0,pretrain,t4tNALubJTA,00003,-8.684546261803433,3.008
train,pretrain,IRxgDMSp9Gs,00014,0,pretrain,tWmJcRSxShc,00006,3.411623535043235,27.904
train,pretrain,ASQpKiUSNHo,00030,0,pretrain,9SQYDFiWnSs,00033,2.782537432021485,8.256
train,trainval,2tcEgqTWbxQ,50004,0,pretrain,ogeGJS0GEF4,00014,0.6486655254343638,5.632
train,pretrain,n3qA8DNc2Ss,00020,0,pretrain,Hh09xlzxRmE,00020,-7.953066927605848,11.008
train,pretrain,g1bOpgoOI3g,00009,0,pretrain,Z7CtKDNf2RI,00005,4.665147468611835,4.352
train,pretrain,8b2vNkEtfpc,00022,0,pretrain,xsU10fX0aC0,00006,0.9650640619783992,3.648
train,trainval,lwcvhh4pLjE,50015,0,trainval,4yyPSZSGLOI,50013,9.460924312815479,5.888
train,pretrain,acNSymOsL6M,00018,0,trainval,yDpnTrF9N6w,50002,-3.638588974274402,3.392
train,pretrain,iunmpgOnpqM,00005,0,trainval,TexXAuRSe0g,50005,-3.123253228274894,5.76
train,pretrain,50m48lpi4AU,00017,0,pretrain,Fb3yp4uJhq0,00011,5.1863363107456255,8.448
train,pretrain,7s0CpRfyYp8,00002,0,trainval,oHDq1PcYkT4,50001,5.367202931489146,2.176
train,trainval,Nhx1SyXMwCg,50003,0,pretrain,YDvbDiJZpy0,00006,7.743965095252239,2.944
train,pretrain,gMNlRovT5x4,00008,0,pretrain,zawpbVpu5nY,00004,1.406543661940372,4.736
train,pretrain,Y4QZzZgYUKg,00012,0,pretrain,ONXYcNS7k1Y,00008,5.633890810141116,10.176
train,pretrain,oD06XPtmLZY,00012,0,trainval,70VZ1SOzSnc,50016,-1.349759249163009,2.688
train,pretrain,KZIGekgoaz4,00029,0,pretrain,1X7fZoDs9KU,00001,-9.15882303592861,8.832
train,pretrain,2ZviHInGBJQ,00041,0,pretrain,DkocjGrWwvc,00002,1.669661425926849,17.408
train,trainval,3MYEtQ5Zdn8,50007,0,pretrain,PVXQUItNEDQ,00005,5.416314722086909,2.176
train,trainval,Q0lARjgVnIU,50002,0,pretrain,ym6OYelD5fA,00013,-1.7072079088092291,3.072
train,pretrain,1gTNgijhKzw,00026,0,trainval,ibcgMSS0mAs,50002,3.644207706090409,3.456
train,pretrain,4a6ZRstYlgw,00009,0,pretrain,ftWn4QOvTTo,00032,2.440032422927178,5.76
train,pretrain,jSOPQgPIdKg,00007,0,pretrain,hVsnkRoYfX0,00022,-8.693330381685502,6.208
train,pretrain,1bXAkbCyjpo,00033,0,pretrain,8u9Wvz1edxI,00011,7.636547157274986,4.352
train,pretrain,XzNLfw5lS4A,00002,0,pretrain,5XD2kNopsUs,00044,-3.6471987574711617,6.208
train,pretrain,sYUjyH8Y0No,00008,0,pretrain,6bCHq1OvGR4,00009,-3.295577073546136,15.296
train,pretrain,1z3Fgtj8fqk,00046,0,pretrain,Svo01ldlTQc,00011,-7.16036337421408,3.84
train,pretrain,dsfROmgVN5U,00026,0,pretrain,DG7kSeazMQ4,00026,0.1680687438081634,6.72
train,pretrain,UQkIbUvcs7w,00025,0,pretrain,RRRDYBwjjU0,00004,5.3158458818980225,6.208
train,pretrain,ASQpKiUSNHo,00028,0,pretrain,pcSlowAhvUk,00021,-9.407612724379845,5.44
train,pretrain,cxGWGohIXiw,00020,0,pretrain,DUd8XAS5HEk,00057,-6.118415398919906,4.672
train,pretrain,zXSrqdSohyA,00005,0,trainval,wUKAVcj9NVA,50001,-0.30467314960649183,4.928
train,pretrain,eDFrlV106iM,00002,0,pretrain,0bRocfcPhHU,00012,2.9981083195989395,3.648
train,pretrain,d4Dj0qdWLnk,00008,0,pretrain,o2BJsFkzSYU,00002,-0.4541168884254638,5.248
train,pretrain,SFW0TEFKCxk,00018,0,pretrain,D9S6G8J6VJg,00003,1.2574076332793194,7.68
train,pretrain,7nAU7KXXHEI,00004,0,pretrain,t9c7aheZxls,00003,5.478802245247145,6.848
train,pretrain,G8gJJuCdPSA,00014,0,pretrain,a2MR5XbJtXU,00051,-8.594379775744533,4.416
train,trainval,X4LOF6ftJVU,50002,0,pretrain,QBDShp6U7tU,00032,-0.4353191245356687,2.88
train,pretrain,S2uSeHHzRto,00019,0,pretrain,ReCvreRPdeY,00008,9.204560445858782,6.08
train,trainval,s3IPatkuByA,50002,0,pretrain,0snNB1yS3IE,00031,-3.2753721206719604,4.928
train,pretrain,vbHkhSfaQu8,00001,0,pretrain,Xe2nlti47kA,00001,4.859654909303188,13.376
train,pretrain,mYQx5n5SRVQ,00015,0,pretrain,a7whovUoYu4,00004,-5.919061032977472,12.928
train,trainval,q06YIWCR2Js,50020,0,pretrain,USmTQeKRaP4,00013,0.7766307760644153,3.264
train,pretrain,qp0HIF3SfI4,00004,0,pretrain,lwcvhh4pLjE,00037,9.17315422851226,10.688
train,pretrain,inxIM1aGvZY,00003,0,pretrain,E2qmkUsf6Y4,00013,-1.3512389891944778,6.016
train,pretrain,qQSPUXPVlos,00013,0,pretrain,GqGksNRYu8s,00039,-2.5410395634428458,4.864
train,pretrain,V1gxziZwmkc,00041,0,pretrain,7Mn4PnGRuPk,00017,3.091035228035455,4.608
train,pretrain,XgRlrBlS7Yg,00037,0,pretrain,FjibavNwOUI,00024,2.039856695098125,8.576
train,pretrain,3uFbJG6tBpI,00004,0,trainval,luiz913mWM8,50001,-6.243705779616087,4.48
train,pretrain,JBLc4Ekl3BA,00004,0,pretrain,80GqbW1MmQM,00007,-0.25778190408264834,3.264
train,pretrain,lxYFURQ7Ehw,00016,0,pretrain,emeEpzkf044,00028,1.1486809346212823,3.648
train,trainval,q43uXdOKPD8,50002,0,pretrain,f68AdM1m4hk,00002,-5.627327019526787,2.048
train,trainval,c2tOp7OxyQ8,50025,0,pretrain,OhYvDS7qSV8,00014,0.4393964785029105,3.456
train,pretrain,ddek3gQVt9Y,00033,0,pretrain,3qyVvDGDGQs,00012,-3.0132073443517093,4.608
train,trainval,nLB8ASSQdHc,50001,0,pretrain,enW2OUGzqtQ,00019,4.198042071063197,2.688
train,trainval,WtLMST8TyeY,50001,0,pretrain,Mjoxh4c2Dj0,00053,4.566650683395885,3.2
train,trainval,VSJpBJal3F8,50006,0,pretrain,B12syeJflbQ,00003,5.636649312278923,2.88
train,trainval,DwYQHj7Hmik,50003,0,pretrain,hBtXiTumdY0,00002,-1.8983727856333754,3.456
train,pretrain,HFFBkbsSFY0,00043,0,pretrain,yuewc0SEn8M,00013,5.784454397735374,4.096
train,pretrain,nHU9aLPyxf0,00011,0,pretrain,tV2RLLtOgL4,00017,-2.6255777798429065,3.136
train,pretrain,qykDS2AXKIU,00008,0,pretrain,a7t61U6BBcs,00009,-8.492861367972663,4.096
train,pretrain,ANFQPEkczYc,00025,0,pretrain,tlB1pFwGhA4,00007,-2.931064767116778,3.008
train,pretrain,chXsLtHqfdM,00020,0,pretrain,NiKtZgImdlY,00014,4.536649154051979,5.888
train,pretrain,aEa11FZwTRY,00017,0,trainval,qG6SnAIinj0,50011,2.4591150473752776,5.248
train,pretrain,mK2TDdEP58g,00024,0,pretrain,zR8ReJoc1u4,00017,-2.856356506147419,4.608
train,pretrain,KvQRF6PKojA,00006,0,pretrain,9XRPbFIN4lk,00015,-8.58943771756697,3.136
train,pretrain,qxmEpmCtM3o,00015,0,pretrain,VL5zqmpiJlQ,00005,-0.00796038067864302,11.84
train,pretrain,hFGLqkDnSVI,00003,0,pretrain,5AN5fPFtV0U,00011,-8.92469509232254,7.744
train,pretrain,UxXOi6Zwm7Q,00001,0,pretrain,R9g3QSqvtss,00003,-4.5449583501663415,5.824
train,pretrain,q2k2Xbfuy1I,00002,0,pretrain,t8RSGKSSM2Y,00007,4.249195862035739,12.48
train,pretrain,0d6iSvF1UmA,00007,0,pretrain,xp0O2vi8DX4,00009,0.7326733923130764,4.224
train,pretrain,H1fvr9rGgSg,00039,0,pretrain,LSdPxGLesE4,00062,-8.09193219947014,4.416
train,trainval,d5wfMNNr3ak,50010,0,pretrain,bk65ivyQZy8,00013,-2.524153362056161,3.968
train,pretrain,pMYYxSim5QI,00007,0,pretrain,PCWIGN3181U,00002,-6.009013512765604,3.648
train,pretrain,nZLO2PnGzMg,00019,0,pretrain,EijI8QaExDg,00010,-5.502682206235605,4.48
train,pretrain,rMeIzXvYaYI,00011,0,pretrain,CfqO1U6lfDs,00022,6.976619260641229,4.352
train,pretrain,hxJ8LELZCjo,00020,0,pretrain,pgmiPXAwiLg,00007,5.844687178915864,4.8
train,pretrain,pcSlowAhvUk,00019,0,pretrain,audakxABYUc,00005,-7.196614036331585,7.296
train,pretrain,zpT5kBrZFVw,00011,0,pretrain,odIvobLv7C4,00002,9.185145172623685,4.416
train,pretrain,v7xAZ2lrel8,00006,0,pretrain,py1RrSdVt5A,00023,1.2318736186530543,5.312
train,trainval,wfNX1cHkSfE,50011,0,pretrain,NAcuH7nSdLc,00051,7.184548980744768,3.264
train,trainval,00j9bKdiOjk,50003,0,trainval,9RMaD0Sk7hc,50007,-9.362499782073389,3.456
train,pretrain,GhpFTQfiqCs,00001,0,pretrain,R1vskiVDwl4,00009,-2.4218135698463916,11.52
train,pretrain,WOxSQHtJWlo,00001,0,pretrain,jodhovumkHQ,00028,-4.8076870433863395,7.04
train,pretrain,nSOSNWblMNE,00009,0,pretrain,H6n3iNh4XLI,00002,5.570471282867155,5.568
train,pretrain,sfIpMJwRFk8,00005,0,pretrain,y3jYVe1RGaU,00008,0.8471411047113371,3.84
train,pretrain,3NdSVi38RM8,00017,0,pretrain,Smhe7COLiR0,00013,5.335857419556598,8.128
train,pretrain,FD5ZKiSmoMU,00052,0,pretrain,vMiSf7LpFQE,00002,-7.287968621751764,12.864
train,pretrain,9KaMufF0rAY,00022,0,pretrain,odIXWv1m2a8,00012,8.176068412151281,7.104
train,trainval,rTMqGbTNkNg,50025,0,pretrain,SJ5bDhMP9lQ,00030,5.550910200410989,6.016
train,pretrain,N9HF8mMe2pU,00046,0,pretrain,4Lb5LSVEm34,00028,0.670733983696687,14.08
train,pretrain,gDS1Eh6rqf8,00007,0,pretrain,utmiqwS2XBQ,00001,-4.654720729370405,15.104
train,pretrain,5CSDIcUsIJk,00011,0,pretrain,ovV7v2XYJAI,00019,-9.463104063916145,9.984
train,pretrain,QPiaadMporw,00022,0,pretrain,rzbtSeVZeEE,00019,-5.562990951073507,15.296
train,trainval,HQIi3nUXh0g,50024,0,pretrain,9H38oQBw2HU,00015,-1.5347792787709498,3.328
train,pretrain,i6SbQqqRVtM,00005,0,pretrain,Nhwq12TKkQQ,00008,3.422134859752088,6.848
train,pretrain,W3SRjJtd6Eo,00007,0,pretrain,pgmiPXAwiLg,00019,9.59580088355612,5.248
train,pretrain,YS9vd4HWlVA,00012,0,trainval,dQJVSnd56n0,50001,4.0139711064557755,3.52
train,trainval,4SY6Te9Y1ME,50003,0,pretrain,IfjI0tVUpbc,00003,-4.56827702949437,6.016
train,pretrain,breDQqrkikM,00025,0,pretrain,J9SXc9wxByM,00034,-0.03865005539520183,3.584
train,pretrain,hqQSTqVNnOY,00017,0,pretrain,b81YwSOs8RM,00007,8.514990962213712,8.768
train,pretrain,f6CILJA110Y,00030,0,pretrain,eLz9TvxGoKs,00006,7.928199130336356,7.104
train,trainval,utV1sdjr4PY,50014,0,trainval,MqnbE5WRPEU,50013,1.4164395871063835,3.392
train,pretrain,OH0dK208MNk,00001,0,pretrain,EHTmxmuhZ10,00021,-3.9763404820756847,10.176
train,pretrain,rSqYQXRVP0k,00006,0,pretrain,XRP4xfN89Ss,00024,-7.3926126649232256,9.472
train,pretrain,7SfRgg9botI,00005,0,pretrain,py1RrSdVt5A,00024,0.4625475472867038,5.568
train,pretrain,4xnVNvd8lBg,00004,0,pretrain,A27QjpQSIeo,00012,9.918569611676553,3.776
train,pretrain,6ul2TSvUDog,00030,0,trainval,kTqgiF4HmgQ,50007,-5.654107237125312,5.824
train,pretrain,Qj4xf3U8dh8,00026,0,pretrain,bXmDaykZobc,00004,7.100902071625729,11.776
train,pretrain,ziGD7vQOwl8,00056,0,trainval,SF242mxtZN8,50001,4.411583580325669,2.496
train,pretrain,VSTGxJI4JwA,00013,0,trainval,R21MsHQA8vM,50021,-8.764064820834394,2.944
train,pretrain,jqWHy6B0ADA,00003,0,pretrain,cbSts8fUhB8,00013,-7.067181904750188,11.904
train,pretrain,FcecqQkyKoM,00014,0,pretrain,LSdPxGLesE4,00052,6.949997852698434,6.528
train,pretrain,zSqYtUeKUl4,00012,0,pretrain,qYvXkSbqlBk,00026,0.7902556840217514,3.2
train,pretrain,1yVdhRyTxaM,00016,0,pretrain,bXRCVHVstEY,00004,-1.6209814317906392,3.712
train,pretrain,MywGrRvNkWQ,00004,0,pretrain,xTBYcSL3MrI,00018,5.990858349198918,3.072
train,pretrain,C0byYFXjRJM,00018,0,pretrain,CVdPhUPO5YU,00014,-6.1022939461445525,5.824
train,pretrain,d6KSsePuFAo,00009,0,pretrain,nn5k4snG3rA,00003,-5.7577256139385895,5.696
train,pretrain,bmFhWr693is,00014,0,pretrain,u9hauSrihYQ,00026,-2.6050644622931163,5.376
train,pretrain,ZHOyfyGwpes,00005,0,pretrain,bkeBjPS9ZR4,00030,-5.503095977948891,5.376
train,trainval,WIebxoTx408,50007,0,trainval,VSJpBJal3F8,50006,5.374319674819464,2.88
train,pretrain,QHIocNOHd7A,00021,0,pretrain,ruvWiXowiZ8,00017,-6.669791476576979,3.264
train,pretrain,nwZkoAeOzuo,00030,0,pretrain,8rZzHkpyPkc,00043,-2.535541670868529,6.464
train,pretrain,zsLz0mRmEG0,00014,0,pretrain,kFMZrEABdw4,00017,-2.8214263705637244,3.648
train,trainval,osBbP6Om4Mg,50016,0,pretrain,jsZDlBU36n0,00038,-5.136898800464573,6.08
train,trainval,ufUkAQOQaXU,50021,0,pretrain,yvSQiSvuLLM,00008,3.6451978334703554,2.752
train,pretrain,GqGksNRYu8s,00054,0,trainval,IMTcuU0KLSw,50023,-6.720795163624452,4.16
train,pretrain,dY7iATJVCso,00014,0,pretrain,vRK7KKQH9Ck,00018,-2.7082536290318444,3.968
train,trainval,QekbuidfQKo,50058,0,trainval,Mgbf3cq7lms,50005,7.123642141772514,2.112
train,trainval,gh5VhaicC6g,50019,0,trainval,cfR6tiSWSAM,50011,1.1756083469050704,2.176
train,pretrain,Nx8RRIiP53Q,00008,0,pretrain,2BOTS9GAjc4,00040,9.84331258070047,6.4
train,pretrain,eJb3Z2RmRMo,00006,0,pretrain,wEM9c7RoVms,00001,7.331017978374451,4.352
train,trainval,H2rG4Dg6xyI,50001,0,pretrain,APPbSStpGHk,00012,-8.852622122403941,6.144
train,pretrain,Fc1yN6uxZfQ,00038,0,pretrain,EKy19WzkPxE,00008,-5.485106115193153,10.432
train,pretrain,ppZ2WIlRvR8,00003,0,pretrain,Pro06WQG77M,00004,0.7670200055785497,4.288
train,trainval,DwQMDyyS42Q,50011,0,pretrain,LGtNFHtM81A,00006,-3.4256302825902907,5.568
train,pretrain,oeL72c6scAs,00009,0,pretrain,H1fvr9rGgSg,00001,-5.021942954837604,5.056
train,pretrain,b81YwSOs8RM,00017,0,pretrain,HIZmSSvXH98,00009,6.457456125673982,7.488
train,trainval,Z9dt5qlgO24,50007,0,trainval,hsSYuHv0vUk,50001,0.9531920680202983,2.176
train,pretrain,C14bXC7zi84,00021,0,pretrain,ttRhMPgpoOQ,00008,0.5346429119889251,4.736
train,pretrain,wZ2TF8SPGQ4,00031,0,pretrain,u9Lu85L111Y,00020,-9.259980077617964,4.224
train,pretrain,N8Votwxx8a0,00030,0,pretrain,AAxJL17gZhk,00019,-1.851130880119543,6.272
train,pretrain,bRuU02haIK8,00030,0,pretrain,yuewc0SEn8M,00017,0.41724193543318755,6.848
train,pretrain,DLccHLwdS6Q,00003,0,pretrain,rThUrXYaneo,00015,8.028727414268182,4.16
train,pretrain,7A66iZQXNh4,00021,0,pretrain,XFOkSdlPafQ,00019,2.3402653577733616,8.384
train,pretrain,HA7GwKXfJB0,00005,0,pretrain,HNOnvp5t7Do,00027,1.6719862403325898,3.776
train,pretrain,om6SewSRwtU,00002,0,pretrain,mAvSoNUgMno,00022,6.708738031811009,2.752
train,pretrain,XAcARiiK5uY,00003,0,pretrain,6k8YBJ5sgko,00010,-6.0544126980589645,8.448
train,pretrain,vC1uxXvPG0Q,00006,0,pretrain,MSX0uwAG2Jc,00014,4.642471202570494,4.608
train,pretrain,FD5ZKiSmoMU,00054,0,pretrain,vqPAdUeU6mQ,00001,9.147748036501369,6.08
train,pretrain,jodhovumkHQ,00006,0,pretrain,PrZwUTdFmis,00003,4.8401844831859915,4.608
train,pretrain,MLU7qcMYKO8,00006,0,pretrain,SJWoKsfsSaA,00006,5.561658773807052,4.352
train,trainval,Mgbf3cq7lms,50021,0,pretrain,4u636RVZTIY,00007,-6.044469487441775,2.496
train,pretrain,4c1lqFXHvqI,00013,0,pretrain,PYjWLqEScfE,00008,9.83392342854335,7.04
train,pretrain,GDnYDLERnRE,00028,0,pretrain,8S66QUJk3w4,00002,-6.500484066603509,4.992
train,pretrain,WXOd4qh3JKk,00006,0,pretrain,E5BOBs3Nmbw,00018,7.128085510221439,3.2
train,pretrain,vRK7KKQH9Ck,00004,0,pretrain,mT4Qbp89nIQ,00002,4.679125982336201,10.816
train,pretrain,xjuY3lUfkK8,00018,0,trainval,Xv2gHiX9Bqw,50012,5.370182973075135,2.56
train,pretrain,5QGApheKRc0,00002,0,pretrain,VoCOzuWOgSY,00019,6.902386909089447,6.08
train,pretrain,BsVzjd5HS9Y,00023,0,pretrain,SB9A3J70IPQ,00005,-0.2218041613256716,4.032
train,pretrain,iAZwvTV3CyQ,00009,0,pretrain,QfODW06Qi8E,00007,0.6749728751417621,23.04
train,pretrain,SgYvy71CSSA,00021,0,pretrain,2URf46UY7SA,00007,6.44584747231843,5.44
train,trainval,jVBp2nDmg7E,50004,0,trainval,7Iv2nZnZOrM,50026,5.563424975339599,2.752
train,pretrain,QhLLMBN57AU,00001,0,trainval,ixsridS3qVs,50006,-8.291066085530625,2.816
train,pretrain,LJhklPJz9U8,00012,0,pretrain,LM3ISST2eg8,00008,-3.526154323636705,9.024
train,pretrain,mmhedbY8wjU,00003,0,trainval,vzKA1y3cdYI,50012,9.20465811417958,2.624
train,pretrain,5pIGDw18mIQ,00005,0,trainval,dsT5eVSm7BA,50014,1.33887030203738,2.112
train,trainval,p9HPUiEdEj0,50001,0,pretrain,bGBamfWasNQ,00030,7.29220418008358,5.824
train,pretrain,gyM6rx69iqg,00003,0,pretrain,EZwxKPv1CwA,00023,-6.331734832023055,3.264
train,pretrain,4BwSMSCFdu0,00024,0,pretrain,3rbVQNTzCh8,00022,-0.9118641190167214,6.208
train,trainval,150cqgYh8sQ,50009,0,pretrain,kFMZrEABdw4,00020,-5.469189010319704,4.736
train,pretrain,sPQViNNOAkw,00015,0,pretrain,yxC30tEjZk8,00019,-3.985328692641364,4.928
train,pretrain,fw01Sq0cxM8,00041,0,pretrain,S8bJ3YlgL1Q,00022,-2.737240929452824,12.288
train,pretrain,ddek3gQVt9Y,00047,0,pretrain,85bqT904VWA,00029,-5.126475139841611,4.544
train,pretrain,oSWYawFzOKE,00001,0,pretrain,j51HsRILGKI,00002,-6.553054025456982,3.84
train,pretrain,DUd8XAS5HEk,00008,0,pretrain,gwPoM7lGYHw,00012,-4.302067068081015,6.4
train,pretrain,DGulIdIS3XE,00001,0,pretrain,Qs9m8obl0AY,00023,-6.34393977652606,5.568
train,pretrain,NAcuH7nSdLc,00019,0,pretrain,VbF2KPn3TrU,00007,4.72694140851252,14.4
train,pretrain,0sYguTPLpHE,00050,0,pretrain,QxkxcsrveLw,00033,-2.051672197321677,4.032
train,pretrain,PGsQwAu3PzU,00010,0,trainval,f6CILJA110Y,50062,5.030723395639672,3.456
train,pretrain,bUaU9kdt9I8,00006,0,pretrain,SeJwaOCYWwM,00010,-9.159433822223326,4.8
train,pretrain,JaFSfq2Zn7I,00073,0,pretrain,NWUFjb8w9Ps,00001,1.4774664469252095,7.04
train,pretrain,f5q9ZJ62NOo,00002,0,pretrain,2bvoJAfjWMM,00005,-2.377746513740913,5.632
train,pretrain,iTdZn78u6pI,00021,0,pretrain,ydzNAuqUAnc,00017,-2.5537809451834264,4.032
train,pretrain,SRSJX0qRVSw,00001,0,pretrain,qbeLy3Dkay4,00014,5.815103689582269,9.728
train,pretrain,apiScBmE6rA,00006,0,trainval,YVzSVEJa5Gg,50008,-9.118624591048306,3.84
train,pretrain,lw3YTbubyjI,00018,0,pretrain,uo7w3g24DWo,00013,1.763439328223626,9.28
train,pretrain,FzApYQDIXlg,00008,0,pretrain,7DESF3jSPVo,00001,-5.771285920211737,7.616
train,pretrain,6aRz72yxHQo,00019,0,pretrain,Rz8m1yDE0ms,00016,-0.8401263397996779,9.024
train,pretrain,sa0RUmGTCYY,00051,0,pretrain,S2uSeHHzRto,00012,2.4541068135160433,6.272
train,pretrain,IshrD4mjnNU,00004,0,trainval,NgDGlcxYrhQ,50005,2.158835476149285,4.928
train,pretrain,vvhiNSqq6oo,00009,0,pretrain,X55qpYxwoO4,00022,-8.221472535804066,6.08
train,pretrain,zUS5GcqzHNM,00016,0,pretrain,30KJRb4MzSg,00002,8.353259873828396,10.56
train,pretrain,iq5lXSj6Prg,00034,0,pretrain,6wk4dkYSrV0,00008,9.479519926404592,4.16
train,pretrain,u4m65sbqbhY,00001,0,pretrain,askcLEVCTko,00032,6.184254774219205,8.0
train,pretrain,b5QCM1SgVGA,00001,0,pretrain,XBaRdmEVy8s,00002,-2.0284299317439576,6.848
train,pretrain,3f6xCzKx9CA,00001,0,pretrain,3nsoNSLS8RQ,00046,-6.971368411231358,17.728
train,pretrain,IfG7WVSbN6Y,00018,0,pretrain,JeHqgambbcI,00006,-4.722906521205232,15.936
train,pretrain,stBSQ6CagVo,00006,0,pretrain,8iQnrM3DkVI,00012,-0.23689731863733954,7.68
train,pretrain,vwhSTukb07U,00002,0,trainval,sgTjCpBOeCU,50017,-5.075147138827633,6.08
train,pretrain,RbNqU2K0qzo,00014,0,pretrain,NIjjaFCADSE,00006,-8.113339967215708,7.744
train,pretrain,O4Og5tFNiaU,00009,0,pretrain,Zq7QPnqLoUk,00017,-1.0754227218850438,4.48
train,pretrain,buHSvs7LFzw,00009,0,trainval,aSLSiIskEFU,50024,5.339547305009226,4.352
train,pretrain,AQ8cpjEdpmI,00024,0,pretrain,F1U26PLiXjM,00001,7.48843774706388,4.16
train,pretrain,fIqABIcKIvs,00026,0,pretrain,dLHWVTa5xZs,00014,-3.651507657090831,5.12
train,pretrain,YS9vd4HWlVA,00015,0,pretrain,J9SXc9wxByM,00025,-8.960164361872964,9.472
train,pretrain,pX8zZdLw7cs,00027,0,pretrain,KyamsZXXF2w,00003,-8.243855803951107,7.104
train,trainval,G8w4UQL6aI0,50009,0,pretrain,pvqgsvA2XiQ,00002,1.2148801599044887,2.24
train,pretrain,OwRAFCrsDS8,00040,0,pretrain,5tal0NkWW1E,00003,2.7542157326966876,10.368
train,trainval,fSOupkS4VVo,50014,0,pretrain,6qTfX4U6CS0,00036,2.4443804630792023,5.824
train,pretrain,akOe5SUsQ2o,00024,0,trainval,HyQp3gGYf3I,50003,-7.779852512203462,2.368
train,pretrain,oSv7E8WK2Iw,00019,0,pretrain,OlLFK8oSNEM,00031,5.9337072864672,4.288
train,pretrain,Erm4vP1vTn8,00005,0,trainval,ydKcaIE6O1k,50002,-4.404065163043061,2.688
train,pretrain,LUO3jqMlWkE,00011,0,pretrain,3LzX36sShcs,00005,-4.286092264716659,6.272
train,pretrain,dsMCVMVTdn0,00009,0,pretrain,FrgzvykPILc,00018,-3.700905374119852,7.04
train,pretrain,LXQqrR9mDMo,00001,0,pretrain,oJfFMoAgbv8,00003,-8.154994792658867,8.32
train,pretrain,STdSfeMDeI4,00006,0,pretrain,tUAepQYyMY4,00018,-9.35235526858727,3.392
train,pretrain,KnFZpoplGQo,00014,0,pretrain,S4XXhSwYASk,00006,1.236920960551302,11.904
train,trainval,SSV07QKguBI,50002,0,pretrain,Ufs8cKyzLvg,00008,-8.005195339203127,2.496
train,trainval,dXqPaHQp4Xw,50005,0,pretrain,IMjn62naclM,00021,-6.455679158351066,2.048
train,trainval,SMi3rHuK0c4,50001,0,pretrain,lUO0xDSJQVI,00022,-6.225361388028379,2.176
train,pretrain,20adDr7Felw,00015,0,pretrain,tRqVPRwKn2o,00027,4.48806590938119,6.08
train,pretrain,zqnZCSVsqPw,00022,0,pretrain,YraU52j3y8s,00072,9.767771671607754,5.696
train,pretrain,gMNlRovT5x4,00008,0,trainval,qtOIh93Hvuw,50011,-0.11145834970277946,6.08
train,pretrain,4v4Pf5Dt8Hg,00012,0,pretrain,7SfQLQ7eyA8,00024,-9.520058033357026,4.8
train,pretrain,sAINrzTddA0,00011,0,pretrain,raCIUeGUr3s,00005,-4.460263659375601,4.096
train,pretrain,ioMpOr7Yx98,00040,0,pretrain,2zvjW9arAZ0,00007,3.4372590566338257,5.12
train,pretrain,MBZyRlxVdSE,00020,0,pretrain,qmnVdzzAuQk,00005,-0.8794402844515652,4.928
train,pretrain,fqJAeReFr8I,00021,0,pretrain,SUkVcmKZyyQ,00004,-5.010362171171845,16.704
train,pretrain,ab0PKt50RGs,00010,0,pretrain,KQEWc3LVfyc,00014,8.547653281346534,7.808
train,trainval,HALd9FY5SVQ,50002,0,trainval,VSUWNySSpLI,50013,0.4030436394016519,3.008
train,pretrain,Qao76IPXWSE,00033,0,pretrain,NIjjaFCADSE,00028,4.351752288101922,4.288
train,trainval,1IxIDGyISzk,50009,0,pretrain,waRCSCQnoeY,00005,3.0787011601647833,3.84
train,trainval,xTMZJvfzxGY,50012,0,pretrain,tTvIEUGCigk,00007,1.1859644259855155,3.264
train,pretrain,HSpqhMO3ZSY,00026,0,pretrain,z8UevNKDFKU,00013,-2.9586853012136194,11.264
train,trainval,DzNNS4rcIjs,50010,0,pretrain,1InHN8JPazA,00029,6.040313663459319,5.76
train,pretrain,Yx2rjq1gSWA,00010,0,trainval,ZBDablzQ9ts,50003,-2.3962294590268556,4.48
train,pretrain,2FMBSblpcrc,00002,0,pretrain,TdBAHexVYzc,00005,-5.2276504954912895,5.76
train,pretrain,co2enjjt3J0,00012,0,pretrain,7JVTirBEfho,00001,-2.7897720028114747,8.64
train,pretrain,ogXTSCI7KRU,00009,0,pretrain,o2BJsFkzSYU,00013,-0.5310694652286418,4.224
train,pretrain,pi9SMFWTzXw,00006,0,pretrain,j7RsRnYlz7I,00008,-4.298421030497311,5.44
train,pretrain,TVfmUfr8VPA,00023,0,trainval,tAcQfn96yFk,50002,8.072695452529508,5.056
train,pretrain,dj4Qk5rUmRw,00004,0,pretrain,PXHczjOg06w,00007,2.606788065958746,3.968
train,pretrain,9h2dFSIsH0I,00048,0,pretrain,dOt4NkcmIUg,00026,-2.0819168861382797,5.76
train,pretrain,DnbC2Tii0S8,00001,0,pretrain,HfotnZVEq80,00018,-1.8083799087500925,2.688
train,pretrain,lxovD2LQVUQ,00017,0,pretrain,rPh3c8Sa37M,00005,-9.324946570594005,8.96
train,pretrain,bfAzi6D5FpM,00012,0,trainval,PDefVd8DRxM,50005,4.225958361660515,4.992
train,pretrain,iyfdWsa1zns,00013,0,pretrain,by3NnWvSCj8,00008,6.134366351533476,11.52
train,trainval,55n9pHSA0O8,50002,0,trainval,HNOnvp5t7Do,50003,-5.770488260030062,6.144
train,pretrain,FPhZGDS6kVQ,00015,0,pretrain,piCQ3StcRUQ,00017,1.5033520248806997,6.656
train,pretrain,Fc1yN6uxZfQ,00012,0,pretrain,F8pUtbSgrxc,00031,4.786947860161012,14.144
train,trainval,IfqdMoKVIR0,50004,0,pretrain,odIXWv1m2a8,00003,1.9382038666895376,5.248
train,pretrain,6tpsSu5O0Ws,00034,0,pretrain,NDQ1Mi5I4rg,00005,7.948809641763166,10.24
train,pretrain,0nI65jgHG9o,00014,0,pretrain,CFtsHf1lVI4,00057,7.373147068889441,4.608
train,pretrain,W8OiVZrAj4c,00021,0,pretrain,b64qvG2Jgro,00002,7.05889463143032,3.456
train,pretrain,xp0O2vi8DX4,00008,0,pretrain,HCJRXoYOoaI,00007,-9.9732889406202,5.12
train,pretrain,ogeGJS0GEF4,00019,0,pretrain,Rv9SwZWVkOs,00011,5.763051395693706,8.576
train,pretrain,xyIQFI865Sw,00019,0,pretrain,FTUpFYo0rMI,00019,9.551715582494417,6.656
train,trainval,vw5HJhIlJp4,50011,0,pretrain,bkeBjPS9ZR4,00026,-0.34847168525078587,6.016
train,pretrain,b6rAgHcuYtE,00017,0,pretrain,MqnbE5WRPEU,00008,-0.3880021935012312,3.456
train,pretrain,jk6Y3f2c4SI,00006,0,pretrain,56WGgJNBRxQ,00025,-7.7489536356230815,9.216
train,pretrain,rtsHUeKnkC8,00018,0,pretrain,FuahzV12mi0,00012,2.407589382691338,8.96
train,pretrain,UMSWdzT6rV8,00004,0,pretrain,twG4mr6Jov0,00025,-1.1648556317359198,4.48
train,pretrain,c00zfzk4gdg,00005,0,pretrain,sHdYaMyR5S8,00012,2.797078396316534,4.48
train,pretrain,t0pwKzTRG5E,00001,0,pretrain,mJxA8eIWQUc,00002,-3.66129566419726,4.096
train,pretrain,zawpbVpu5nY,00028,0,pretrain,4SkoG9FWP4w,00009,5.559758980630216,7.744
train,pretrain,oW91ATcgXVc,00021,0,pretrain,gOdAHe3SfVI,00006,-6.867396932785963,3.904
train,pretrain,dv3E6ESTp30,00005,0,pretrain,zzJSRrzklW0,00004,-2.266538575500478,5.696
train,pretrain,dJEwC4wCM70,00027,0,trainval,pWrgvI4nyyg,50002,-8.144348359615698,4.096
train,pretrain,DqbM1ZrpTQg,00026,0,pretrain,Mtjatz9rSVc,00003,-4.173810992474811,6.656
train,pretrain,04SEzifEsGg,00034,0,pretrain,vSONFixSe4k,00011,9.387540651554708,7.808
train,pretrain,zeSVMG4GkeQ,00021,0,pretrain,ZJodZcGfTVE,00026,-4.673176319633114,4.928
train,pretrain,jiDQDLnEXdA,00027,0,pretrain,Qd7PiXg5fKE,00026,-4.313235597573792,7.488
train,pretrain,yuewc0SEn8M,00002,0,pretrain,mrZ6q4uUVL4,00004,4.293441395966832,7.36
train,pretrain,Uq1idqpX9SA,00043,0,trainval,tiWwrdMqvvM,50024,-7.772663580559249,3.648
train,pretrain,GwRzjFQaSOg,00016,0,pretrain,2j00U6lUCSc,00023,4.113791320564786,9.472
train,pretrain,kEejVSZ5mLY,00016,0,pretrain,Mjl1i13JKNM,00019,-3.1804653027937,6.144
train,pretrain,WmJwn4WDeLE,00012,0,pretrain,IhoRGJlSs8M,00001,7.689405601560782,10.56
train,pretrain,n83zdD2Y8Zc,00009,0,trainval,uJZWcKOIZMo,50003,-1.2583536715108874,2.816
train,trainval,zIwLWfaAgS8,50020,0,pretrain,rN7VcY1fS1Q,00004,6.149485777205324,2.176
train,pretrain,lyRSK2CZIHQ,00007,0,pretrain,lwz8KvS9NRA,00024,4.274351969925121,7.168
train,trainval,DsSrzoyyfF0,50001,0,trainval,S0hxl03JoA0,50003,6.894638171046772,2.688
train,pretrain,t9c7aheZxls,00013,0,pretrain,lXQ4HSMp1OA,00009,-8.009251850125583,3.456
train,trainval,vR8msiSohZM,50005,0,pretrain,EijI8QaExDg,00018,-1.7230495013483598,4.608
train,pretrain,bmFhWr693is,00012,0,pretrain,pGSQG0IyNTo,00024,6.153837832636963,8.128
train,pretrain,ww4kNxYE0c4,00021,0,pretrain,8COaMKbNrX0,00013,-3.0645790675503104,8.96
train,pretrain,694XUHVuGQo,00010,0,pretrain,gXlIASSrI4E,00024,-8.432101696336513,5.888
train,pretrain,3qyVvDGDGQs,00005,0,pretrain,mbbMLOZjUYI,00025,8.862824636147515,5.184
train,trainval,bxkslfQc0EA,50005,0,trainval,VN357QrUdEc,50011,3.094697365862091,3.2
train,pretrain,vSjlCJaEwZE,00025,0,pretrain,6AvXhgXlGpE,00049,-9.908849970304862,9.408
train,trainval,d5wfMNNr3ak,50003,0,pretrain,A27QjpQSIeo,00010,-6.130591361268094,3.264
train,pretrain,QWN5xhV6v1U,00020,0,pretrain,8m5Ebx6nuGE,00034,0.18192917061650427,4.8
train,trainval,Mlt6kaNjoeI,50005,0,pretrain,k4vzhweOefs,00009,7.340364284896587,3.968
train,trainval,UwtYQFSJSQc,50004,0,pretrain,Fc1yN6uxZfQ,00031,5.7744967652248125,6.08
train,pretrain,Qd5rAVHT6Vw,00013,0,trainval,oeL72c6scAs,50003,6.9412544022260185,3.264
train,pretrain,WIebxoTx408,00020,0,pretrain,BwIGcvBGSRk,00009,5.738011431882519,4.928
train,pretrain,UVqoIgh7bcw,00019,0,pretrain,hVShA7g4Joc,00018,6.259120307285325,10.112
train,pretrain,j8T3bdqTdp4,00026,0,pretrain,U5kIdtMJGc8,00003,2.641685753250883,4.416
train,pretrain,dE1DuBesGYM,00025,0,pretrain,1yzoCFqKEhI,00013,-4.080103975337524,3.648
train,pretrain,nubSKdtzLcE,00023,0,trainval,0Q1owhv3qAA,50004,7.946188383932288,2.432
train,pretrain,ZChEFOGSn8Q,00048,0,trainval,z4kwU6z6ORg,50002,-1.997344046178533,6.016
train,pretrain,ux1GxExRUUY,00008,0,trainval,sjPRN2XGSts,50007,5.357021683852405,5.824
train,pretrain,H8Pr9Jnulxk,00017,0,pretrain,PlQ3VdvvTvE,00011,-4.028247471585448,10.24
train,pretrain,jFd96USLjbM,00019,0,pretrain,bbFF5n7S930,00016,-7.675344313945461,3.648
train,pretrain,g985z9Wq5gk,00005,0,pretrain,syjEN3peCJw,00008,9.161717401238992,5.952
train,pretrain,FVSc2FnPnDE,00027,0,pretrain,XkiXXPShycA,00012,0.8916332135632814,10.816
train,pretrain,Soe7yjlFEJ8,00014,0,pretrain,2VWSSFSUeQI,00028,8.599274977840334,6.016
train,pretrain,Bwj3SVZZOHo,00003,0,trainval,2i0dGoh3VUg,50002,7.836673357972707,6.208
train,trainval,d5wfMNNr3ak,50015,0,pretrain,m048uAa8L3k,00001,6.739105022032533,4.608
train,pretrain,BFK2knjj4lQ,00022,0,pretrain,nx3GuO41Jyg,00006,4.259421953230433,2.944
train,pretrain,d38LKbYfWrs,00011,0,trainval,ByuWS1bBwpc,50001,1.4115614298561532,3.52
train,pretrain,fkPISY2Vg5k,00015,0,trainval,2Oe6HUgrRlQ,50009,-0.4902746630577237,4.928
train,pretrain,xX1Job6O60E,00005,0,pretrain,UQYoWwHg3qA,00006,4.106766113501784,6.656
train,trainval,o9DNWK6WfQw,50006,0,trainval,ro1Ksq5DihU,50006,3.1717821244253734,2.176
train,pretrain,oDdcx5luv5s,00041,0,pretrain,RVX8ZSAR4OY,00010,4.450620290098213,4.352
train,pretrain,tHYtv5FLC6I,00016,0,pretrain,3VwxWDVKs8k,00026,-0.3901210430360642,5.248
train,pretrain,fwm3azuoLr4,00035,0,pretrain,ea3HnhOLC9g,00013,4.414653776535571,3.648
train,trainval,b64qvG2Jgro,50001,0,pretrain,BSiNIZ6zZqY,00019,-3.2562839993816777,4.864
train,pretrain,uSMqkSqSgN4,00026,0,pretrain,ko32Hr1SoPc,00018,-9.499898721696136,8.192
train,pretrain,AP8i435ztwE,00017,0,pretrain,a0x0r7aPI2M,00020,-9.31159402090972,6.528
train,pretrain,esugL07XANg,00044,0,pretrain,MOFdlEbu15g,00067,-3.1684814428930697,4.416
train,pretrain,EBebWBjpWIQ,00010,0,pretrain,OSGHRMKrVM8,00017,1.6443468959389396,3.968
train,pretrain,MnT1xgZgkpk,00027,0,pretrain,1G0MzlfMPuM,00008,5.536171381438567,5.76
train,pretrain,3M29BY86bP4,00019,0,pretrain,kiDfwUQySEs,00031,2.194281025495995,2.816
train,pretrain,BGcJXAXSSd0,00014,0,pretrain,gXvblfSgwg4,00003,0.5103921783682104,8.832
train,pretrain,vcfrsYWFR78,00004,0,pretrain,mYQx5n5SRVQ,00003,4.266083119247536,7.616
train,pretrain,qm0isl11BfY,00006,0,pretrain,b1sQZxrBMXk,00027,8.85899710606125,8.256
train,pretrain,Yx2rjq1gSWA,00003,0,pretrain,gZga0AmCGdE,00008,-9.857601990864291,15.04
train,pretrain,KxDwieKpawg,00025,0,pretrain,k4vzhweOefs,00040,-0.24143255012509712,7.36
train,pretrain,7sxpKhIbr0E,00038,0,pretrain,fJ36gCwKVec,00010,2.733842236851981,11.584
train,trainval,zIXX3HPgEnI,50001,0,pretrain,Kk7kzUt3SLc,00002,3.4084573131760276,2.496
train,pretrain,eDFrlV106iM,00010,0,pretrain,i1OAMgrsUUw,00011,-1.233489765869063,7.808
train,pretrain,7sqeoYOQ4qg,00024,0,pretrain,az5vU9CT4CY,00026,-0.3933119182872815,6.4
train,pretrain,9X68dm92HVI,00035,0,trainval,uo7w3g24DWo,50017,-3.496819833123701,2.688
train,pretrain,d25l1aPz2kc,00018,0,pretrain,H682jmofwZs,00013,-4.3335716147667895,6.336
train,trainval,ww4kNxYE0c4,50011,0,pretrain,rxeLnx5UEEk,00009,8.928198063477396,2.752
train,pretrain,vGzBcBZrOSw,00020,0,pretrain,5pIGDw18mIQ,00005,6.210113546355036,6.272
train,pretrain,sgTjCpBOeCU,00004,0,trainval,GzzHawjP648,50005,-6.508078413896858,4.544
train,trainval,GJWSZgjz7G0,50001,0,pretrain,XAvE61JqkQs,00013,-3.972971683154176,3.456
train,pretrain,E0M1beV91js,00005,0,pretrain,xjxyEwjG2Es,00014,3.948727887273593,4.608
train,pretrain,5qdZybHSLnI,00002,0,trainval,WSKPrVG3Evs,50011,6.297062684436291,2.048
train,trainval,jobYTQTgeUE,50018,0,pretrain,lfBpsV1Hwqs,00020,-2.604299645174848,5.632
train,pretrain,VfKWd7iXMSo,00012,0,pretrain,qu7ZpWecIS8,00028,-5.950275407799134,6.72
train,pretrain,694XUHVuGQo,00008,0,pretrain,65e2qScVSK8,00016,2.04085787057293,7.296
train,pretrain,bEdvQjTGYP8,00030,0,pretrain,k0T6rfpYoqA,00004,-0.9088522400630517,12.16
train,pretrain,hFgPtuzgw4o,00055,0,pretrain,lnHXhYSeOJ0,00011,6.211971478769392,3.968
train,pretrain,RvpXNXXP5Vc,00020,0,pretrain,bhgonb4EqXI,00022,1.2114568790019664,7.68
train,pretrain,MLKj1puoWCg,00005,0,pretrain,bZ3qQySIPgI,00003,-7.9623431097225,4.416
train,pretrain,nrVC977gOPc,00001,0,pretrain,aUBawr1hUwo,00022,-7.461288847540615,7.104
train,pretrain,n34IjfcF1Yg,00005,0,pretrain,CLSSiaFuLo4,00030,0.10721243520307411,9.28
train,pretrain,90mj79GqWhc,00016,0,pretrain,SoJnEQ6bJKE,00016,4.195546954584037,16.768
train,pretrain,78nsxRxbf4w,00006,0,pretrain,CLSSiaFuLo4,00045,3.1908581814263783,4.48
train,pretrain,H2rG4Dg6xyI,00003,0,pretrain,KIysMV9wbVY,00010,6.084171402796869,12.096
train,pretrain,dskNubEgzCk,00027,0,pretrain,U5kIdtMJGc8,00015,-1.6249442144053745,10.88
train,pretrain,30e60EOO5mo,00007,0,pretrain,DSSAz5nZBBM,00038,-9.608393294145756,5.248
train,pretrain,0P0mBj09vwk,00012,0,pretrain,r2YiRiLAUSY,00016,-7.8557147617967615,4.16
train,pretrain,bf7BXwVeyWw,00054,0,pretrain,3m6dV7Xo3Vc,00013,4.386088404333027,2.496
train,trainval,9VXOknUbzBM,50008,0,pretrain,YlmZkY1uqXM,00008,8.360028700378813,5.376
train,pretrain,gzthxdm7XNs,00004,0,pretrain,SqgSz1UmcBM,00003,-0.5167543884577253,5.12
train,pretrain,qYvXkSbqlBk,00015,0,pretrain,Qlg6izBqKxM,00023,-5.715942382427015,13.696
train,pretrain,p0wY7IHCwlI,00006,0,pretrain,1mUDw0sRZV0,00003,3.9764557114359036,11.52
train,pretrain,8oHvknJfklE,00025,0,pretrain,v9dEgXR1iWE,00019,5.639777276406949,7.616
train,trainval,UyUXxrSS3qs,50004,0,pretrain,ZBrbHy7l3tg,00033,-8.707348342024847,5.888
train,pretrain,twG4mr6Jov0,00015,0,pretrain,b2qM1ISJCEQ,00030,8.285367575465187,4.48
train,pretrain,iGHzqmnGH4A,00017,0,pretrain,F4RMDoGCCK0,00015,-1.6064735119322844,3.008
train,pretrain,xnovQVRHj5c,00022,0,pretrain,JSLQxBbQPTY,00010,-4.212703493924899,3.52
train,pretrain,jSS03JfgHEA,00011,0,pretrain,a5xR4QB1ADw,00018,-8.411224809119929,9.92
train,pretrain,HFFBkbsSFY0,00005,0,pretrain,3GVOSMfIl1Q,00006,-5.253909532097829,4.928
train,pretrain,4c1lqFXHvqI,00017,0,pretrain,HS8y0WLm78U,00073,3.8883525372367256,6.08
train,pretrain,kKSUjBmHqQw,00007,0,pretrain,P8GCjrDWWUM,00026,0.674144242907456,5.056
train,pretrain,asSNPOU5U3c,00032,0,pretrain,D089tSF9yUU,00019,-5.833985101422083,4.032
train,trainval,YsUAEFJsOdA,50014,0,trainval,IHyR7p6Shn0,50049,-9.631900552647814,3.264
train,pretrain,DOvbl3ZPPV4,00007,0,pretrain,s6rJLXq1Re0,00037,4.771673608531021,4.224
train,pretrain,nVEvzeIXbpk,00030,0,pretrain,t6eFzt6kFGE,00034,-2.184747468247097,17.088
train,trainval,xTMZJvfzxGY,50016,0,trainval,KxDwieKpawg,50002,-0.5149330957883684,2.816
train,trainval,OT9poHSD2Iw,50012,0,pretrain,dY9f9bFctUE,00049,5.779854224638017,2.56
train,trainval,IU4A4h1ACJs,50006,0,trainval,3qRtDnsnSwk,50007,6.589289974591821,2.432
train,pretrain,0sYguTPLpHE,00036,0,pretrain,tTcl5I0Wbzk,00024,7.829146274997893,7.296
train,trainval,2j00U6lUCSc,50011,0,pretrain,21jSOCNLuYg,00017,3.279127993860506,5.184
train,pretrain,JRHzQG0aI8w,00034,0,pretrain,JLLpWtHbMAo,00009,7.249075669456893,5.632
train,pretrain,rugSZIFY7mc,00010,0,pretrain,sBsuIAscshE,00010,-7.964817528048558,3.52
train,pretrain,X41iulkRqZU,00012,0,pretrain,BnC6IABJXOI,00026,7.734100453306606,8.896
train,pretrain,dwU8eavPInw,00077,0,trainval,pVQdpofMhwU,50005,3.8638724071777215,5.824
train,pretrain,zDcaoTVy4fA,00012,0,pretrain,V1gxziZwmkc,00024,2.6806052392500863,3.776
train,trainval,3XDdhbrg2kw,50002,0,pretrain,JtSjYnXD83Q,00017,-4.368525611710041,3.328
train,pretrain,C9mareySEAM,00014,0,trainval,JeHqgambbcI,50008,3.4364498408186996,5.888
train,pretrain,jzfV2xVsUKc,00004,0,pretrain,a4PUlSHZvf8,00009,-1.76294273416425,5.888
train,pretrain,bEdvQjTGYP8,00016,0,pretrain,qKlzdSH2X9w,00032,6.953241995603857,5.056
train,pretrain,s7YsNStlRwI,00003,0,trainval,LuG2rf9enHE,50005,-8.012849432090977,6.208
train,pretrain,KI3WJXNhCJ8,00007,0,pretrain,YglyHzvBqpA,00017,-5.38001469976237,9.408
train,trainval,MLKj1puoWCg,50006,0,trainval,tSK6bn9sc50,50001,-6.280444725466174,3.456
train,pretrain,8oHvknJfklE,00024,0,pretrain,5rCu44USO14,00001,-6.710604879652601,15.616
train,pretrain,v22SdEMzxO4,00020,0,pretrain,PVzcGhZ8Aeg,00026,-1.6755482155836283,6.848
train,pretrain,qFza3W87eDg,00032,0,pretrain,jv8m8rycnQs,00028,-9.218974387182602,7.808
train,pretrain,potB0voQzNg,00014,0,pretrain,KCr8s57hdzY,00002,8.946094997467519,8.64
train,pretrain,da1vvigy5tQ,00036,0,pretrain,JrRRvqgYgT0,00007,1.3828311320697768,6.528
train,pretrain,2XiDdnDCD34,00028,0,trainval,wN3ovSzal3g,50003,0.08878398596229786,3.2
train,pretrain,VYU25aJpg5o,00026,0,pretrain,V2gCKH91GJo,00003,8.694787241549431,3.776
train,pretrain,w1oKe8OaPbk,00001,0,pretrain,St7SxHszKws,00007,3.147284564166508,7.936
train,pretrain,iq5lXSj6Prg,00022,0,pretrain,KzeQSZ3bQ2g,00011,-6.99773575289252,3.2
train,pretrain,d25l1aPz2kc,00013,0,trainval,xp0O2vi8DX4,50011,-9.042964359841953,2.24
train,pretrain,Zctk6MZaxMk,00038,0,pretrain,NVPxmzSPvUw,00050,8.569701879683972,3.136
train,pretrain,h0dSQDgl3gI,00015,0,pretrain,wMWYLgj1ydw,00013,3.8943614459165516,12.288
train,trainval,VPxEde3Q1F0,50002,0,pretrain,kGZvNbfrNag,00005,7.655984313209768,6.208
train,pretrain,hFgPtuzgw4o,00045,0,pretrain,CsqSDpmgsQg,00002,0.06194292308761362,3.776
train,trainval,S4XXhSwYASk,50002,0,pretrain,S2uSeHHzRto,00024,0.7654614378527906,4.416
train,pretrain,N7wF2AdVy2Q,00028,0,pretrain,qvEU36woPB8,00023,-4.603171795091152,6.336
train,pretrain,KyamsZXXF2w,00020,0,pretrain,1o9NEtA2IEQ,00006,-2.0362423733043,5.76
train,pretrain,2t13Rq4oc7A,00025,0,pretrain,UyUXxrSS3qs,00003,4.764198571742897,4.352
train,pretrain,pVQdpofMhwU,00024,0,pretrain,eg66CMRpKCw,00011,-0.4032501288600763,4.8
train,pretrain,QuaIMgzIOn8,00012,0,pretrain,pF72px2R3Hg,00019,5.175889145110183,4.16
train,pretrain,JoGCaI1HzYo,00004,0,pretrain,LKAhTELkOV8,00034,0.17936552431880237,3.392
train,pretrain,4SIWhJvu0jU,00012,0,trainval,aqhzFd4NUPI,50002,-2.7695881170392482,3.968
train,pretrain,W3C23m71Yws,00024,0,pretrain,CWCWq155hyc,00007,-3.7617621694026315,3.392
train,pretrain,wSepGxx36To,00001,0,pretrain,bf7BXwVeyWw,00003,-3.87538002265366,5.568
train,pretrain,JQ0iMulicgg,00016,0,trainval,1sE96vd8W40,50011,1.2676075499141444,2.816
train,pretrain,NWUFjb8w9Ps,00013,0,pretrain,oCBYfGXSAlA,00002,-4.874732656609431,9.088
train,trainval,I4PU2JlhO80,50002,0,pretrain,DSbtkLA3GrY,00014,0.06438557218310237,2.56
train,pretrain,b81YwSOs8RM,00012,0,pretrain,h4MhbkWJzKk,00009,3.962525763778901,3.2
train,pretrain,3Z6x5t5A9so,00024,0,pretrain,CSeFjLZqXt8,00030,-8.985387618659036,5.568
train,pretrain,V2PP3p4S4R8,00011,0,trainval,AoAbPIbGLUo,50023,-9.967096141156201,3.008
train,pretrain,tMQ4OxOxgrc,00024,0,pretrain,0P0mBj09vwk,00003,-2.624676502377188,12.48
train,pretrain,b6uOb1fm5bg,00007,0,trainval,ZhDgwrKSBWQ,50037,-9.084619654687302,5.888
train,pretrain,USmTQeKRaP4,00001,0,pretrain,7POkIJfbMyU,00006,4.3907958518853025,8.512
train,trainval,B5MkpzMAOZM,50004,0,trainval,7Iv2nZnZOrM,50013,5.60769825374032,2.368
train,pretrain,Rs5CDLgjSsI,00004,0,pretrain,RSl1ramE35s,00006,-7.263938906570844,10.752
train,pretrain,fSRWTyY2YSM,00043,0,pretrain,YYIXwJD7zeY,00002,-7.570300369637186,8.32
train,pretrain,BDOSUiEh0eY,00034,0,pretrain,Phf66nAoMIk,00006,1.7336440168009801,3.84
train,pretrain,pbSSrJGgVIo,00023,0,pretrain,Fc1yN6uxZfQ,00034,3.9642503811013654,5.888
train,pretrain,mbbMLOZjUYI,00026,0,pretrain,2NWpMqD8Qyk,00005,9.89291277451613,5.056
train,trainval,xDe346z233Y,50010,0,pretrain,8oeiOeDqSNc,00013,-1.2285138637532622,5.632
train,pretrain,mgBsSW5CFnw,00010,0,pretrain,PnMsSqLwaes,00013,9.331427242674117,8.768
train,pretrain,ftWn4QOvTTo,00040,0,pretrain,vvlozhvQPJw,00015,5.930011493574771,5.056
train,pretrain,c73Q8oQmwzo,00005,0,pretrain,boSGZ3qSAys,00029,-5.378773393507985,4.096
train,trainval,mS8tQSTYLgk,50008,0,pretrain,dwbP9iBxkdA,00012,5.986277039761681,3.072
train,trainval,g2J6YOiLNr4,50016,0,pretrain,7s0CpRfyYp8,00009,3.7906952731234362,2.816
train,trainval,aSLSiIskEFU,50034,0,pretrain,2euqcSA4C9w,00007,9.241809550540083,3.2
train,pretrain,C9mareySEAM,00029,0,pretrain,druJDI6hiiY,00014,-7.193181442075747,3.84
train,pretrain,SGnmDWtyhAs,00041,0,pretrain,UQzvNIIMayo,00013,-5.853833438257481,8.128
train,pretrain,vPn94XAUBoo,00009,0,pretrain,vo2cse4CoGM,00001,1.0075776712558788,7.808
train,pretrain,PRsopS7yTG8,00014,0,pretrain,EZwxKPv1CwA,00040,4.433653632579173,14.208
train,pretrain,LoXAAEy6YQU,00033,0,pretrain,n9OhxKlrWwc,00006,-9.546865170422429,4.032
train,pretrain,dskNubEgzCk,00023,0,pretrain,PvT9tD3NZvo,00010,9.818599029187482,17.728
train,pretrain,BISrGwNSyH4,00001,0,trainval,F0ofeD8VKMA,50001,-5.869876755340073,6.144
train,pretrain,k4vzhweOefs,00033,0,pretrain,85bqT904VWA,00018,7.871519617777707,9.216
train,pretrain,8woKcr7uSYQ,00032,0,pretrain,kCOV51S7Xqg,00024,-3.4993291585260877,5.76
train,trainval,Mb8x6vLcggc,50008,0,pretrain,5ldhLuX4vSM,00033,-3.0030728207438084,6.144
train,pretrain,yFVXsjVdvmY,00012,0,pretrain,jdMv5x8SBuM,00010,5.953891858023175,4.608
train,pretrain,UyUXxrSS3qs,00041,0,pretrain,iq5lXSj6Prg,00025,3.6832811759269184,7.616
train,pretrain,mUJdzaLDRIo,00068,0,pretrain,lWnrS99DNeE,00001,3.707425114609652,5.12
train,pretrain,5p0ptQizXjg,00010,0,pretrain,SgjGcBTyScY,00007,4.064978983313525,5.76
train,pretrain,06M8qY7Q74Y,00020,0,pretrain,QbSD6PTcmfs,00001,-4.102747595676766,8.384
train,pretrain,XgRlrBlS7Yg,00058,0,pretrain,tZYkjaKNrSo,00027,4.608568012001204,7.36
train,pretrain,fbeFn1Xcqo4,00037,0,trainval,YsASJTeHJ6A,50020,-5.597210526082186,4.416
train,pretrain,8sQ2p89P0Us,00028,0,pretrain,VehHPwAVL9g,00008,-7.108504536711687,3.968
train,pretrain,zXCiv4sc5eY,00029,0,pretrain,q49LtMyXK7Q,00001,-1.340431316935181,9.92
train,pretrain,rfOMqehlSZA,00008,0,pretrain,16p9YRF0lSg,00009,5.513137969455258,11.712
train,pretrain,1InHN8JPazA,00018,0,pretrain,Wgt8QUHQjw8,00016,-6.057494417849139,10.368
train,pretrain,cpsRAk5HpK4,00010,0,trainval,A3yBxsDv8lM,50001,2.5764034635311965,5.12
train,pretrain,wc3VhvgUtB8,00015,0,pretrain,chXsLtHqfdM,00033,-4.159105188686012,8.896
train,pretrain,iueVZJVEmEs,00027,0,pretrain,nLtUl2CP8ak,00061,-3.11071020704561,6.592
train,pretrain,xjSQFZX2m9o,00016,0,pretrain,2t13Rq4oc7A,00033,5.502898103868038,7.744
train,pretrain,pYgvVDCHRZM,00013,0,pretrain,J6oMG7u9HGE,00028,7.125736896351505,21.312
train,pretrain,Ysxz5Ug70G0,00001,0,pretrain,sAMahX5hIgU,00018,-5.645017378329074,5.248
train,pretrain,QUUFbS1hBtw,00042,0,pretrain,16p9YRF0lSg,00023,2.0499397940191493,6.336
train,pretrain,AvtStbwMQqs,00016,0,pretrain,mw2z9lV3W1g,00007,-7.543378971824262,5.44
train,pretrain,19KkFCQz8WQ,00034,0,pretrain,kmflTZnRuZI,00035,3.053253123877113,7.616
train,pretrain,Ztgadh2C3So,00014,0,pretrain,LGtNFHtM81A,00029,-9.36151812328804,2.176
train,trainval,mKkF6mAlX4k,50008,0,pretrain,S98m4Vod6S8,00033,-4.414624085738874,3.968
train,pretrain,DJGreSgaOTc,00031,0,pretrain,H2rG4Dg6xyI,00036,-8.574475177549846,4.416
train,pretrain,zIwLWfaAgS8,00003,0,trainval,vEli4dfAXrM,50015,0.5192800889592526,3.328
train,trainval,o5ojwGhKr20,50003,0,pretrain,WtLMST8TyeY,00004,3.8466893841776155,6.08
train,pretrain,CV3XRRQB9PM,00004,0,pretrain,2ju61VPdTzw,00010,-7.5733440820831,15.936
train,pretrain,6iFCm5ZokBI,00011,0,pretrain,ZliT1BiEVvo,00004,3.4618216624673863,11.008
train,trainval,F0ofeD8VKMA,50012,0,trainval,0K5OO2ybueM,50011,-3.2902375684062912,5.44
train,pretrain,yVwAodrjZMY,00019,0,pretrain,KkYuhwr3esg,00028,-5.229012786519078,15.36
train,pretrain,dOt4NkcmIUg,00001,0,pretrain,0gMCZFHv9v8,00003,-2.240043633059166,5.888
train,pretrain,l5d8GW6GdR0,00028,0,pretrain,WyOSqjIABe0,00003,-5.78489162206788,5.888
train,pretrain,SJWoKsfsSaA,00005,0,pretrain,kyaiTGmwxnU,00028,-6.623112003366593,7.872
train,pretrain,az5vU9CT4CY,00005,0,pretrain,YL1XwfyaS00,00007,0.9639680136768973,3.84
train,pretrain,KSWL5iqvPlY,00013,0,pretrain,TBIL2sdfoVc,00001,-4.7349252186506385,3.008
train,pretrain,q49LtMyXK7Q,00026,0,pretrain,xfjZStWFxpA,00007,-9.33641562140286,5.568
train,pretrain,ZR4LdnFGzPk,00002,0,pretrain,nzj7Wg4DAbs,00036,8.871884185288266,5.056
train,trainval,wCf62ksaplI,50001,0,pretrain,9o5jAaZn2p0,00014,9.084794563123864,5.056
train,pretrain,uP3pg3alCRw,00015,0,pretrain,ASOvJjAw2Jo,00002,8.570379277033837,10.176
train,pretrain,lAzQWtkPzbI,00019,0,pretrain,zG21nyJNBSA,00013,1.4824136599067188,6.08
train,trainval,UxXOi6Zwm7Q,50005,0,pretrain,mS8tQSTYLgk,00024,-7.475805854701807,6.144
train,pretrain,aMrCYPCsLUk,00005,0,pretrain,WzDygsn0Djs,00019,4.912481513130832,11.712
train,trainval,zuAj2F54bdo,50023,0,pretrain,b2qM1ISJCEQ,00033,2.907256000662553,2.688
train,pretrain,X2et2KO8gcY,00009,0,pretrain,lDq9SQxvsNU,00008,-6.294020957772473,10.368
train,pretrain,CFrrgfEuMwc,00001,0,trainval,QdAG161FeT8,50002,5.5504688561878375,4.096
train,pretrain,HfuZJVpNWR4,00004,0,pretrain,8Ug1MnU6LKw,00015,7.461286790074684,2.944
train,pretrain,2dnSoGaEHxs,00001,0,pretrain,pn8p3rOaA5I,00005,7.51107582716617,4.8
train,pretrain,0sYguTPLpHE,00086,0,trainval,TRE4Sll42lE,50018,-2.367037859621006,2.048
train,pretrain,EpFCykE9Lk0,00022,0,pretrain,ae38tl7uR28,00012,-4.767351372078115,6.656
train,pretrain,5ErKrSyUpEo,00007,0,trainval,AoAbPIbGLUo,50005,-8.559373839636278,2.56
train,pretrain,D9ZNpt6FVTY,00001,0,pretrain,04SEzifEsGg,00033,7.787902907850167,6.016
train,pretrain,SYpHNImNsx8,00023,0,pretrain,SF242mxtZN8,00041,-4.411040228008809,6.016
train,pretrain,ofjRnIpXBF0,00027,0,pretrain,1isiSaTSXb8,00018,-9.448633905624032,8.704
train,trainval,vqPAdUeU6mQ,50003,0,trainval,SJyE40koQyA,50012,-7.23911156542675,2.048
train,pretrain,mt4oSR9wzrs,00005,0,pretrain,6Af5tJzSR2w,00001,2.986153628659892,3.904
train,pretrain,B1dkma6GRZo,00024,0,pretrain,h4GEMYsrJSY,00033,-5.3076175663447245,8.256
train,pretrain,QPiaadMporw,00018,0,pretrain,fbeFn1Xcqo4,00029,-0.5433960539966947,4.544
train,pretrain,pk35J2u8KqY,00011,0,pretrain,eMXQ6ebbC1c,00020,-4.475830942510452,8.96
train,pretrain,RlToQQfSlLA,00005,0,pretrain,u9hauSrihYQ,00020,7.587319101389248,4.8
train,pretrain,w3q89BTJj3o,00005,0,pretrain,SwaBFUgSoT8,00008,4.75146345202945,7.296
train,trainval,Bqx8abrSIYo,50002,0,pretrain,GlUS6KE67Vs,00013,0.0953207866168011,2.112
train,pretrain,4jUdCy6Vghw,00046,0,pretrain,IYpovgkaS9Q,00007,8.819425088970121,9.856
train,pretrain,MoSmgcxGYYE,00015,0,pretrain,BnC6IABJXOI,00053,-0.023706771830564577,4.928
train,pretrain,uEkgM9P2C5U,00027,0,pretrain,folTvNDL08A,00015,2.631037454742275,6.016
train,pretrain,ym6OYelD5fA,00023,0,pretrain,RBfdvib2irc,00009,-8.738512321634076,7.232
train,pretrain,fIXnJycnkaQ,00004,0,pretrain,OaGEMSRms48,00022,-6.351964802971124,4.48
train,pretrain,TH9CqtMzxG0,00014,0,pretrain,sQNtu4kpd64,00007,-1.9620474162739576,3.264
train,pretrain,eg66CMRpKCw,00010,0,trainval,jSSqQDPGW2k,50005,6.831356151566425,4.16
train,pretrain,UzuUljhS9uI,00017,0,pretrain,JcCQS4YiTb8,00010,-3.380584648005975,5.76
train,pretrain,CTEhgUmSrro,00013,0,trainval,8gSAkUOElsg,50019,5.871105255699598,6.016
train,pretrain,zBSaSy6aKTY,00009,0,pretrain,NEW8RKyMDV0,00015,4.19239717438993,12.224
train,pretrain,HEFSHP2XE7E,00036,0,pretrain,HSzqFSOft20,00019,4.912392037027287,3.52
train,pretrain,KvQRF6PKojA,00003,0,pretrain,b3H9V1jq0A8,00017,-5.836477139474754,4.416
train,trainval,VfKWd7iXMSo,50002,0,pretrain,7sqeoYOQ4qg,00005,9.506645462746931,4.736
train,pretrain,ZHOyfyGwpes,00029,0,pretrain,AA1BT0tfihw,00012,3.1244263175070266,11.904
train,trainval,Cj04JUBXe2E,50003,0,pretrain,Wj7hmzfX5eQ,00017,-2.1471637516026965,3.008
train,pretrain,2VWSSFSUeQI,00023,0,pretrain,ufp5iGh0agA,00023,-7.5421537209825695,3.968
train,pretrain,ofsncCF9OSU,00020,0,pretrain,dvuh1Np35Pk,00034,-0.9709043240865753,3.072
train,pretrain,7jx0dTYUO5E,00005,0,pretrain,tVIaoQrnAxY,00020,-6.189616071169084,3.456
train,pretrain,QS0p8ZpBq04,00015,0,pretrain,wX78iKhInsc,00058,-4.474784730029073,8.64
train,pretrain,8iQnrM3DkVI,00020,0,pretrain,V48M5jS6zdE,00003,-2.7087589018699054,4.16
train,pretrain,vNpmq6OkSQQ,00011,0,pretrain,2dRlssVF7fc,00033,-6.176736104200442,4.16
train,pretrain,UOn3zOp8JPE,00015,0,trainval,LgntY0dOfSc,50026,-6.693785535574451,3.136
train,pretrain,HCgvSHNoJrY,00023,0,pretrain,tZYkjaKNrSo,00003,-8.126160968477143,16.128
train,pretrain,y3EG6cO3ngc,00022,0,pretrain,QJ28IC63hlI,00003,0.2429924042295699,14.016
train,trainval,o08ykAqLOxk,50011,0,pretrain,yuD6ozE9rtc,00012,-0.08839688993369244,2.496
train,pretrain,5nys6iebjHw,00004,0,trainval,CXSKrxq5eUI,50006,9.568224189327694,3.648
train,pretrain,zMAU8SY8pMs,00007,0,pretrain,dY7iATJVCso,00013,2.087836284852253,9.728
train,pretrain,ldhppc7GmZg,00003,0,pretrain,ShFk6FDrZBc,00009,-9.571757550934674,5.888
train,pretrain,fSRWTyY2YSM,00015,0,pretrain,p0p45l9NMto,00002,-6.381798346758744,2.816
train,pretrain,gIbIewxHQrk,00002,0,pretrain,VC0taBVUF2o,00015,-0.493391514002683,4.608
train,pretrain,Z41BTeAU7DI,00024,0,pretrain,BQOz6OVz1zc,00035,-8.591290570605615,7.232
train,pretrain,MbdxeFcQtaU,00006,0,pretrain,n8eyF4UWG38,00004,-6.816368135905391,3.84
train,pretrain,8gSAkUOElsg,00054,0,pretrain,ErexJkoDhGI,00040,-1.0260605976071187,4.096
train,trainval,2dnSoGaEHxs,50003,0,pretrain,Zx8uYIfUvh4,00041,-4.569277636087756,2.368
train,trainval,c73Q8oQmwzo,50001,0,trainval,SC3DVeWT09w,50036,-4.6087090249693174,4.224
train,pretrain,vvhiNSqq6oo,00011,0,pretrain,mArrNRWQEso,00086,8.490543875620514,6.72
train,pretrain,NPSelwWdPa0,00031,0,pretrain,POTosC2q6Hs,00007,6.309988269555042,10.048
train,pretrain,JQ0iMulicgg,00023,0,pretrain,uXlSmKZ7aSc,00026,-2.202734033860974,4.288
train,pretrain,A47JaOMDH4c,00004,0,trainval,HjnclEhy960,50006,-9.54440746630516,6.208
train,pretrain,bkeBjPS9ZR4,00017,0,pretrain,23vKtqo2t4k,00025,-8.29316809958254,7.104
train,pretrain,SSZG5aPkZyM,00008,0,pretrain,BjclkhNAO0s,00014,-5.342241795710178,4.288
train,pretrain,gZlzCc57qX4,00009,0,pretrain,U5kIdtMJGc8,00012,-5.311213934353516,6.4
train,pretrain,SMBiP3G2Pzc,00011,0,pretrain,9YR8jNtV4BE,00018,1.2656434974043194,15.04
train,pretrain,VbF2KPn3TrU,00005,0,pretrain,TBnNbyi4AN4,00019,3.817937149778338,4.928
train,pretrain,F1Kml3zuTco,00005,0,pretrain,3EvQGpQtX8o,00003,5.32975837225586,7.04
train,pretrain,HqawqHB7nDM,00009,0,pretrain,SwMTKRixZIE,00015,-0.6959399252162175,11.52
train,pretrain,MUOSpWJ0riQ,00018,0,pretrain,Pr57T0RaSjc,00012,2.985281599068104,5.824
train,pretrain,iSRWMLMBkqk,00008,0,pretrain,Zx8uYIfUvh4,00011,3.5035121323855716,15.168
train,trainval,mozxTk3Brqw,50009,0,pretrain,xEtXItg9hEE,00020,4.027123795670281,6.208
train,pretrain,TRE4Sll42lE,00004,0,pretrain,HbQZ7jAvgoI,00009,5.568551620280523,8.896
train,pretrain,kSva30kSgHM,00003,0,pretrain,iSpwUpdQdyY,00048,3.721268088077487,7.808
train,pretrain,JSLQxBbQPTY,00013,0,pretrain,P82edb1SCNs,00009,-5.116330649125597,6.016
train,pretrain,IgKWPdJWuBQ,00052,0,pretrain,rgPrf3YyByI,00010,-1.5652177828178644,13.056
train,trainval,Sm5xFSUYgdg,50004,0,pretrain,Dh5sPiuaO9Y,00009,8.108281680887526,2.496
train,pretrain,ljqra3BcqWM,00023,0,pretrain,CDdpQSLr7YE,00025,2.236956979290712,7.296
train,pretrain,mPCDOij0bB0,00019,0,pretrain,y3EG6cO3ngc,00022,-9.7714812349471,4.16
train,pretrain,lfBpsV1Hwqs,00036,0,trainval,urntcMUJR9M,50007,-6.3855096794134125,3.392
train,trainval,1rTEOU67zCo,50008,0,pretrain,IGadg8xHVPI,00025,0.5769359567160741,2.24
train,trainval,3aJma6R8Ptw,50004,0,pretrain,xp0O2vi8DX4,00010,-3.848010228104492,6.208
train,pretrain,Qs9m8obl0AY,00005,0,pretrain,uSTmKo75gJI,00028,-2.5351193657065636,5.056
train,pretrain,N7wF2AdVy2Q,00028,0,trainval,9o2CRjTRKIA,50014,-6.640921868219469,2.368
train,pretrain,IfG7WVSbN6Y,00014,0,trainval,qKlzdSH2X9w,50020,8.796047009359857,6.08
train,pretrain,73rUjrow5pI,00021,0,pretrain,UQniNhS6LOY,00012,7.702866862888069,8.448
train,pretrain,zIwLWfaAgS8,00116,0,pretrain,nq0SzGzSc8g,00019,4.330934984962857,4.096
train,pretrain,9RMaD0Sk7hc,00003,0,pretrain,wAIP6fI0NAI,00003,8.158716112101175,3.648
train,pretrain,7ShFmRzffOg,00040,0,pretrain,Gv7Y0W0xmYQ,00012,-9.579841547946419,3.008
train,pretrain,AhKevstJyrc,00005,0,pretrain,NU82HhqhEHM,00005,-4.754752474773085,5.312
train,pretrain,pF72px2R3Hg,00004,0,pretrain,hyHUVPG33QI,00014,5.597744382617018,5.696
train,pretrain,H7Gn2a0GnAc,00004,0,trainval,QekbuidfQKo,50045,2.172392798782761,4.608
train,trainval,tqf607N19Is,50012,0,trainval,04SEzifEsGg,50033,8.723288442730055,2.048
train,pretrain,NMBNZspmn7I,00033,0,pretrain,zqnZCSVsqPw,00014,-0.5862931255868133,5.44
train,trainval,2m9kC1yRnLQ,50002,0,pretrain,eJZSzNuKX7c,00002,2.183442783764715,4.096
train,pretrain,dkLcwHmnPV4,00021,0,trainval,LLmhQmicusM,50011,-4.662518476810941,6.016
train,pretrain,PS6vDLq64gE,00027,0,pretrain,LJhklPJz9U8,00029,6.066169442044515,3.584
train,pretrain,JzLiCBCbAMY,00004,0,pretrain,FTUpFYo0rMI,00012,-2.8003463986815635,6.208
train,pretrain,XP8K4oS5TGE,00002,0,pretrain,ts9JpM0gHMU,00029,-4.365886092646836,6.848
train,pretrain,MQtWJARMoLw,00021,0,pretrain,UiosQf4GqnQ,00017,-3.661694872233321,4.096
train,pretrain,9FBxfd7DL3E,00014,0,pretrain,hBOVuIIQUFc,00005,-7.121536075650326,4.416
train,pretrain,whjLZogf9e0,00023,0,pretrain,CzgS9C7gw0o,00033,-1.6008130042709041,7.168
train,pretrain,LuG2rf9enHE,00041,0,pretrain,yuu6o4AQwNI,00001,3.148874738414925,9.408
train,pretrain,XKc9MJDeqj0,00021,0,pretrain,5aH2Ppjpcho,00004,-2.152021151149115,7.424
train,pretrain,gWmRkYsLzB4,00001,0,pretrain,LPwWYFOFTGU,00003,-0.23021081792260034,4.096
train,pretrain,UVqoIgh7bcw,00023,0,pretrain,Uwl012o8P7I,00003,2.038961295281821,12.032
train,pretrain,HEFSHP2XE7E,00018,0,pretrain,SUkVcmKZyyQ,00017,-0.6155495678689942,5.76
train,pretrain,vMiSf7LpFQE,00017,0,trainval,mkdSXHXhCcw,50033,0.09159986581960489,5.056
train,pretrain,pNTylSnUOVo,00008,0,pretrain,lhP52caGW6s,00010,-1.440463454934651,7.616
train,pretrain,6XNrzmh0EVs,00001,0,pretrain,xgKqX5Yj3b8,00014,-4.352872766919747,8.768
train,pretrain,mmhedbY8wjU,00006,0,pretrain,qu7ZpWecIS8,00039,-0.5088281474256284,14.208
train,pretrain,9h2dFSIsH0I,00002,0,pretrain,Se8kcnUSuZw,00014,4.370102898618356,3.776
train,pretrain,P4X9ZfEx9So,00004,0,pretrain,SGG97dDfZ7E,00009,-4.5198981353927525,5.888
train,pretrain,xMS9HlSSLSA,00016,0,pretrain,SMTRxRO5SRA,00011,-1.997663266217586,6.464
train,trainval,NbpSibMSEiE,50005,0,pretrain,5iqZzi9mj4M,00016,1.8269751105306913,2.048
train,pretrain,MwzqSswl4cI,00053,0,pretrain,xlggecnjOY0,00005,3.2355791815564654,4.16
train,trainval,BcTOSxcv2So,50019,0,pretrain,9usocDBGnvA,00028,7.6499494721592285,2.944
train,pretrain,RKmxL8VYy0M,00002,0,pretrain,PNqu5BWeHDw,00003,-8.831214259500875,4.736
train,pretrain,PzyAP4zLb6w,00003,0,pretrain,b2qM1ISJCEQ,00026,-4.10212137443283,4.864
train,pretrain,ro1Ksq5DihU,00009,0,pretrain,BJsrYqPtXFM,00040,-6.014106522352072,3.968
train,pretrain,pWX1oQEGl90,00027,0,pretrain,3KmaFiKvGSM,00009,-6.123311164397998,9.728
train,pretrain,Eewvsw027jg,00010,0,pretrain,jpeSLKnS4gM,00004,6.187179121283723,5.376
train,trainval,npFSbX7DZ6k,50002,0,trainval,Sid0oc0w3mQ,50003,3.5888803745794267,3.968
train,pretrain,nW5VhQyc4Fg,00016,0,trainval,iueVZJVEmEs,50010,-8.450312682409361,5.44
train,trainval,l141Mauo74A,50003,0,pretrain,D9ZNpt6FVTY,00003,-1.0711214357283083,6.208
train,pretrain,2mU8xezh7rQ,00013,0,trainval,LJhklPJz9U8,50001,0.21163555055649752,4.48
train,pretrain,43e6eAAeGCs,00005,0,pretrain,SB9A3J70IPQ,00004,-4.648009236895152,4.992
train,trainval,ESNiCniw0JE,50003,0,pretrain,EeHSCk940DU,00003,-3.9732273560312787,3.392
train,pretrain,2MifgJqOm3Q,00003,0,pretrain,HH3m1OSiOT0,00022,-9.71214884155663,7.616
train,trainval,IHyR7p6Shn0,50011,0,pretrain,VekRvcbL4yk,00031,-3.480250235478602,4.288
train,trainval,RVX8ZSAR4OY,50013,0,pretrain,vPn94XAUBoo,00022,-1.4293552706362647,3.712
train,trainval,6bVhrpkp0WU,50020,0,pretrain,kLIfeGflNp8,00006,9.801244075901902,2.176
train,pretrain,bfAzi6D5FpM,00046,0,pretrain,E7oq6J8HvKw,00015,-6.970901029702999,3.84
train,trainval,AgMOJC5R4F8,50001,0,pretrain,S9ry1M7JlyE,00018,7.198176432620414,3.264
train,trainval,JaFSfq2Zn7I,50010,0,pretrain,WNj1Y11tSx8,00019,4.6702617394450066,3.584
train,pretrain,ZVRbSuY3h9w,00011,0,pretrain,b98IwSAeGQg,00005,5.954472635771825,7.68
train,trainval,SFOCpMAww28,50001,0,pretrain,7n9IOH0NvyY,00028,4.944058763274445,5.632
train,pretrain,NgDGlcxYrhQ,00002,0,pretrain,WXOd4qh3JKk,00003,3.3573674467626056,5.44
train,trainval,GIt6Z0k3PQo,50023,0,pretrain,cpsRAk5HpK4,00001,4.760249139267485,2.688
train,pretrain,VYU25aJpg5o,00016,0,trainval,Zctk6MZaxMk,50005,6.985480901853617,3.136
train,pretrain,8wSOZFBcwZc,00004,0,pretrain,ttRhMPgpoOQ,00029,5.181984276132944,8.256
train,pretrain,2wseM6wWd74,00027,0,pretrain,k5tCYg9s0HU,00020,-0.7302505654573501,7.552
train,pretrain,VLe84OkwKOA,00031,0,pretrain,iQsnObyii4Q,00005,-4.579589270174846,3.456
train,pretrain,tWmJcRSxShc,00002,0,pretrain,DsSrzoyyfF0,00031,6.184341638305785,7.296
train,pretrain,NWUFjb8w9Ps,00021,0,trainval,Peu7eeGtmQ4,50002,1.1307571378414423,5.632
train,pretrain,SI3e6Mkfp7M,00001,0,pretrain,WNTk29zXl4A,00040,-2.8869873950934704,9.6
train,pretrain,iyfdWsa1zns,00015,0,pretrain,lXNE4MD2X2w,00038,0.22380938772655945,7.68
train,pretrain,H2vN2QXZGnc,00009,0,pretrain,mLSFzBUAHuQ,00018,9.944379815079675,5.248
train,trainval,7Mqse6SLOds,50005,0,pretrain,nPGVm6OesQk,00022,3.8758160267012016,4.736
train,pretrain,ulLFP8axZVQ,00023,0,trainval,HonUUtuCSwM,50001,2.8714068673272877,5.888
train,pretrain,Eewvsw027jg,00010,0,pretrain,q06YIWCR2Js,00039,-5.1988186259005165,5.376
train,pretrain,NiKtZgImdlY,00011,0,pretrain,tH5iEf9oxaI,00047,6.243339178097415,7.424
train,pretrain,F8bM8K7WSR8,00016,0,pretrain,z4vmzTZ7qLA,00020,1.7938758131103771,11.52
train,pretrain,H1fvr9rGgSg,00020,0,pretrain,7POkIJfbMyU,00016,0.8724766930355159,7.936
train,trainval,z5aAJGNSRHs,50006,0,pretrain,mMDuakmEEV4,00005,-9.114883144420972,5.504
train,pretrain,apbSsILLh28,00048,0,pretrain,FIrgjCNcDBI,00008,2.193114406466899,4.864
train,pretrain,bpi6us7wQfE,00010,0,pretrain,VC3H1lMEeS4,00015,-2.1848638197349812,9.536
train,pretrain,rpOwTspdwkI,00010,0,pretrain,1CN7PF10RKo,00002,-3.931157370391918,3.136
train,pretrain,iP9QFSlBOyA,00033,0,pretrain,MlLWTeApqIM,00009,1.3647575394675204,9.088
train,pretrain,jv8m8rycnQs,00018,0,pretrain,xMjSPS6H69g,00014,7.842992532229797,7.936
train,pretrain,YhG1Bgbsj2w,00036,0,pretrain,LWQfeSSfNbs,00033,7.966160350069089,14.016
train,pretrain,JzLiCBCbAMY,00035,0,pretrain,FuahzV12mi0,00002,3.144708762189497,10.24
train,trainval,9KaMufF0rAY,50015,0,pretrain,LGtNFHtM81A,00004,8.189301420582478,3.328
train,pretrain,LizFrxTK5Qo,00030,0,pretrain,d6KSsePuFAo,00006,6.185063213412988,7.616
train,trainval,CHxhjDPKfbY,50009,0,trainval,pGSQG0IyNTo,50005,9.630726319249277,5.824
train,pretrain,1Dd2yCf3PyA,00002,0,pretrain,jNSOh4xILSc,00005,5.970378492648534,3.776
train,pretrain,Sk0ywFgMpFk,00023,0,pretrain,Xw4K07eVuQE,00008,8.061890886812613,6.208
train,pretrain,lyRSK2CZIHQ,00003,0,pretrain,bzlYyhh3X0w,00015,-7.297251046917119,6.976
train,pretrain,4YooZCkyUsY,00004,0,pretrain,X98Fbe0Ccis,00013,5.380721148668204,16.0
train,trainval,LS6TWtYWaPA,50007,0,pretrain,a5xR4QB1ADw,00011,9.406622120230772,6.08
train,trainval,LZXUR4z2P9w,50001,0,pretrain,5sS3Yjh9Lw4,00024,-4.541486505384111,3.52
train,pretrain,SeBUcBfkVCo,00014,0,trainval,eqDgt12m26c,50011,-0.7990264832055249,4.16
train,pretrain,jSOPQgPIdKg,00005,0,pretrain,frrZbq2LpwI,00007,-4.208475343017395,4.608
train,pretrain,PJy8vTu66tE,00016,0,pretrain,vVsXO9brK7M,00020,-6.871773571669846,7.04
train,pretrain,hyHUVPG33QI,00033,0,trainval,56WGgJNBRxQ,50003,-9.632533945744052,2.112
train,pretrain,K9SQUZbAIoY,00001,0,pretrain,PcDftBVDSlc,00005,0.72512617103407,17.472
train,pretrain,SpQ1BCdSTTI,00001,0,trainval,ZcFRfJb2ONk,50001,3.5591165041526907,5.056
train,pretrain,aSLSiIskEFU,00020,0,pretrain,E2qmkUsf6Y4,00027,-5.3638124398887825,4.096
train,pretrain,DcKdClnpz4k,00053,0,pretrain,nhrZHRqUaT0,00007,3.836635072358483,4.48
train,pretrain,JaFSfq2Zn7I,00030,0,pretrain,lECfUfqNVoo,00007,-9.927513907031859,5.888
train,pretrain,3UFGqjWcVU8,00009,0,pretrain,LH8MPbFoRjw,00031,5.668166771763172,3.776
train,pretrain,eh3cdTlh7VM,00012,0,trainval,pWrgvI4nyyg,50006,9.873413039413535,4.288
train,pretrain,2OH1xSaKSmI,00018,0,pretrain,EU15c9hnftE,00016,9.161224259527955,5.056
train,pretrain,vqPAdUeU6mQ,00012,0,pretrain,z0HsPBKfhoI,00018,4.547907045998441,7.296
train,pretrain,yDubrSRjlCE,00023,0,pretrain,PMBWNbj2awk,00016,-1.033015793859967,9.728
train,pretrain,sLiM2SizFl4,00015,0,pretrain,uYaF8pSTNSU,00010,-8.739847655096693,7.424
train,pretrain,tbvUCrS5S5I,00014,0,pretrain,rOVkASt39Uc,00010,-5.9964754754985155,13.056
train,pretrain,8m5Ebx6nuGE,00007,0,pretrain,eSndlO2SMIQ,00001,-1.846463095459308,3.648
train,pretrain,IfG7WVSbN6Y,00022,0,pretrain,acJscdoP2a4,00030,-3.207666701857452,16.256
train,pretrain,qQJHZZwI8zE,00009,0,pretrain,ayhhuxAu6rw,00025,3.4066006550756995,8.512
train,pretrain,g9M3HIjHuq0,00008,0,pretrain,aT6vIq6S1OE,00010,5.041848246145646,3.776
train,pretrain,pn8p3rOaA5I,00040,0,pretrain,akOe5SUsQ2o,00043,9.558084944913304,4.8
train,pretrain,o3oDpCb7VqI,00042,0,pretrain,x3AwnkR92EA,00035,-2.3304126688370648,4.736
train,pretrain,yDubrSRjlCE,00045,0,pretrain,EKy19WzkPxE,00030,3.5354398766349338,3.84
train,pretrain,CVdPhUPO5YU,00004,0,pretrain,31iuh9pfFwg,00020,-6.453729176972535,7.424
train,pretrain,NIjjaFCADSE,00028,0,trainval,cpsRAk5HpK4,50013,8.950936469805875,2.304
train,pretrain,UOn3zOp8JPE,00007,0,pretrain,SI3e6Mkfp7M,00009,-7.761358465594106,11.776
train,trainval,1sgb2cUqFiY,50007,0,pretrain,3gSSNHO1dDs,00005,2.213339209892478,5.056
train,pretrain,sAMahX5hIgU,00007,0,pretrain,scITIoJvMJ0,00013,3.8493607765109985,2.816
train,trainval,1G8dQQrlbbA,50002,0,trainval,jiDQDLnEXdA,50001,-6.133795181022332,2.368
train,pretrain,7wJTgUCxnKA,00002,0,pretrain,X6Zo53M0lcY,00027,-3.6373137280006134,5.824
train,pretrain,oxpJGynSHJU,00026,0,pretrain,oJfFMoAgbv8,00002,1.777781134941776,6.528
train,pretrain,U4Lx5rcii38,00006,0,trainval,gmjSazFbpkA,50017,5.060684842101409,6.08
train,pretrain,WmJwn4WDeLE,00003,0,pretrain,W9YBCwgrwQA,00010,8.43400481706152,4.8
train,pretrain,k4vzhweOefs,00001,0,pretrain,X6Zo53M0lcY,00027,6.696010416757062,5.44
train,pretrain,syqScVtnKuU,00028,0,pretrain,qBHIT9yEPh4,00004,6.628878250331496,6.336
train,pretrain,acJscdoP2a4,00003,0,trainval,UvbFr0eSsg8,50005,-3.0579767014092667,2.048
train,pretrain,PB2OegI6wvI,00028,0,pretrain,60P7717SXOQ,00031,3.8802800364396877,5.44
train,trainval,v22SdEMzxO4,50015,0,pretrain,ASY5DjSZUDE,00007,-8.257958726649504,5.76
train,pretrain,LsESSyMnwmU,00035,0,pretrain,OVSNSeFTaso,00010,0.8066804381238448,18.816
train,pretrain,FQdQhV1yjfc,00001,0,trainval,9FCsyK4aRXQ,50003,7.276443198496267,2.368
train,pretrain,vHhn7z6BA0w,00049,0,pretrain,3UaOl8SYHes,00011,-1.3273633869509922,5.504
train,trainval,QPiaadMporw,50005,0,pretrain,GROCkg810R0,00019,-5.923154697447246,2.944
train,pretrain,Y350oOiunf4,00016,0,pretrain,2g9GedPylM8,00014,4.388273203175563,4.8
train,pretrain,73jPh0eRPSY,00013,0,trainval,FzAyOddR5u4,50013,6.498400462803257,6.08
train,pretrain,EaYS6muHSSI,00008,0,pretrain,N0vRIqeoefs,00008,5.2470699754987375,6.144
train,pretrain,CSUmoS40pqA,00016,0,trainval,CE3tL9MMk3U,50001,1.0349389906884952,5.888
train,pretrain,eqDgt12m26c,00005,0,trainval,G1RRbupCxi0,50001,-2.9384788675676248,5.824
train,pretrain,Nx8RRIiP53Q,00009,0,pretrain,2cYDyMnL4M8,00025,7.5707339092177826,8.384
train,pretrain,uarlIjkHlAs,00013,0,pretrain,ktD119xbBtY,00004,-1.6745469048905388,6.272
train,pretrain,UvbFr0eSsg8,00015,0,pretrain,S8bJ3YlgL1Q,00003,4.362773201999211,7.04
train,pretrain,MUOSpWJ0riQ,00008,0,pretrain,Rz8m1yDE0ms,00018,-1.79979819789434,6.528
train,pretrain,YGoI3B86iX4,00031,0,trainval,LUNBiST4KSs,50003,-0.19394239017803194,5.376
train,pretrain,WfTZ5iIUn4s,00010,0,pretrain,dNoSK3HgQJc,00013,-5.800925067856662,6.848
train,trainval,cWpRxyqDgpM,50002,0,pretrain,aL00a3sfnYM,00022,2.7156121667904856,2.688
train,pretrain,vhhgI4tSMwc,00003,0,pretrain,uBgRo9tnvSI,00005,-5.748117604969654,6.848
train,pretrain,EijI8QaExDg,00012,0,pretrain,1gdKrtwBGqY,00005,2.4267260880250205,7.808
train,pretrain,dcySuzHPCWM,00015,0,pretrain,EDLWWP8N6MU,00032,4.171253876814756,10.24
train,pretrain,iclWthSVvBs,00002,0,pretrain,3DsHHfu4Sco,00002,3.7199691824285637,6.4
train,pretrain,audakxABYUc,00005,0,pretrain,oHDq1PcYkT4,00015,-6.6649738173544755,5.568
train,pretrain,NtOoDN0ojxo,00012,0,pretrain,oPpE0AGqFuk,00007,-3.115071694563987,7.104
train,pretrain,cj5LZBmiQu4,00008,0,pretrain,gwMjgSqFm0M,00018,2.359430829155171,16.32
train,pretrain,ptIecdCZ3dg,00046,0,pretrain,Rs5CDLgjSsI,00005,-9.659547109150303,5.696
train,pretrain,NhSTVcNFtVI,00031,0,pretrain,rB6WmWvvyxg,00005,1.9980769040350328,10.176
train,pretrain,sIPvnWZ5O6Q,00014,0,trainval,7DLzXAjscXk,50015,1.9415174101031276,2.048
train,pretrain,4mJ1aHFPS1M,00007,0,trainval,Syi9bqfFIdY,50002,1.7838243339065567,3.456
train,pretrain,sPQViNNOAkw,00045,0,pretrain,3OMgvtWNHp4,00004,3.5797143742492246,6.976
train,trainval,t1ZSoufuQg4,50009,0,trainval,r92jUj7gNRw,50003,-7.1754973313720205,3.008
train,pretrain,CMeRySbMXDU,00001,0,pretrain,HY71088saG4,00022,-8.282997352648229,20.736
train,trainval,nCwwVjPNloY,50010,0,pretrain,YeXcNpVkezI,00017,-3.3923854491942196,5.312
train,pretrain,4yyPSZSGLOI,00028,0,pretrain,dwU8eavPInw,00020,3.346609375316298,3.776
train,pretrain,pNTylSnUOVo,00013,0,pretrain,ooIxHVXgLbc,00027,2.407657988472721,5.76
train,pretrain,wAIP6fI0NAI,00018,0,trainval,vSONFixSe4k,50006,-9.649624318059534,2.176
train,pretrain,t1ZSoufuQg4,00012,0,pretrain,v84pD2g3gSk,00028,-4.8310153095233925,6.72
train,pretrain,Gj2pWl1vjCY,00017,0,trainval,Er9bh94f1w0,50002,-4.580744909184238,5.888
train,pretrain,BT2XlI8oeh0,00003,0,pretrain,HNMQSw7hXTA,00002,-9.664772244767466,6.144
train,pretrain,NjpXs8Ymr14,00017,0,pretrain,STsOdmkH5fI,00019,3.3369149196471497,19.136
train,pretrain,hgui64Kr0Go,00009,0,pretrain,nOHbn8Q1fBM,00013,-4.929107874113492,4.736
train,pretrain,rmeGVhhbGrM,00010,0,pretrain,SZSc5UCSZS0,00008,6.555259062831169,4.16
train,pretrain,08ZWROqoTZo,00032,0,pretrain,nbYQ7kdt0U4,00001,-9.870839507330441,12.096
train,pretrain,jpRqbP9Nv9k,00025,0,pretrain,sYySLEdYr8A,00023,-2.9140425277596123,9.216
train,pretrain,YA87VEeoZLI,00011,0,pretrain,KVjkFqS7Y6A,00036,7.426449808398527,5.696
train,pretrain,J6ZzmqDMhi0,00011,0,pretrain,uwNSLS7bZdg,00002,-1.0118466555612784,22.72
train,pretrain,V2PP3p4S4R8,00025,0,trainval,ddek3gQVt9Y,50003,5.6621044804709815,3.584
train,pretrain,aOW7JZaqKGA,00020,0,pretrain,breDQqrkikM,00018,6.613561660457634,5.76
train,pretrain,p0aTfcXpOEs,00006,0,pretrain,OWq7ToR2U8Q,00012,-1.083833848173608,5.44
train,pretrain,sBsuIAscshE,00028,0,pretrain,I64CQp6z0Pk,00019,4.975195373245425,4.16
train,pretrain,5GZu8xECOdw,00002,0,pretrain,pqTkuaAykBw,00011,-5.515599839067722,5.248
train,pretrain,UROCz70tlMY,00045,0,pretrain,bkeBjPS9ZR4,00010,9.227237443302261,4.16
train,pretrain,3MYEtQ5Zdn8,00002,0,pretrain,yDpnTrF9N6w,00010,-3.4064713458191864,4.608
train,pretrain,Lrdn4lazVBc,00012,0,pretrain,55n9pHSA0O8,00010,5.379296666800862,3.2
train,pretrain,CBSU7vJn0us,00007,0,pretrain,aqhzFd4NUPI,00013,-7.509029429414946,5.248
train,pretrain,a7B39MLVeIc,00009,0,pretrain,jvBaRf9LHDs,00016,7.572657138779544,7.552
train,pretrain,6d6oq0zGGmw,00026,0,trainval,5qdZybHSLnI,50004,7.7151505798845434,2.048
train,trainval,F17SKiAZOxg,50004,0,pretrain,DZT6YpCsapg,00022,-8.428308770734025,4.096
train,pretrain,5tUnSuoYKoE,00060,0,pretrain,rHbjwH2Blfg,00015,2.5790104477087272,6.592
train,trainval,w1TBZhdSsN0,50007,0,pretrain,mk3KSVrveSE,00003,-9.65087397940032,5.056
train,trainval,OEydHbngSz0,50001,0,pretrain,pbSSrJGgVIo,00002,3.6868721033031786,4.288
train,pretrain,7ZoOyNTyjQE,00013,0,pretrain,Phf66nAoMIk,00010,5.9538730831357185,4.864
train,pretrain,SSJkV8IzsZA,00021,0,pretrain,5ErKrSyUpEo,00037,8.769901434326052,3.392
train,trainval,UyUXxrSS3qs,50002,0,trainval,bLGTrz1Zolk,50026,-3.2062732324564074,6.208
train,trainval,wQJC2MMB8nA,50014,0,pretrain,dnMeyvtJpsk,00010,-2.471087050354197,3.456
train,pretrain,EiTrl0W1QrM,00042,0,pretrain,R7vmHGAshi8,00007,-4.108549460853192,7.296
train,pretrain,IwWuLSwSMvI,00022,0,pretrain,osBbP6Om4Mg,00018,-1.6832010173536744,4.032
train,trainval,08ZWROqoTZo,50006,0,pretrain,4ef6KJ7vfIw,00006,3.007869828254508,2.56
train,pretrain,E3SSSS5SFHQ,00032,0,pretrain,Cqj0sgrNL10,00030,-3.8470913314320265,7.808
train,pretrain,b28brIs1OmM,00015,0,pretrain,zvvZEIGNLo0,00015,5.001635193125892,13.568
train,pretrain,CsECS5qsGLs,00017,0,pretrain,7n9IOH0NvyY,00017,-5.783601832460732,3.008
train,pretrain,SS3qnZrVy9o,00004,0,pretrain,ol1b5mMeP7s,00020,-9.19949019531262,4.672
train,pretrain,OSGHRMKrVM8,00040,0,trainval,QekbuidfQKo,50039,6.432778231881201,3.776
train,pretrain,b9jb9UjCpik,00017,0,pretrain,0d6iSvF1UmA,00017,-3.470617357355774,4.608
train,pretrain,UN8S8qSKmdE,00005,0,pretrain,oW91ATcgXVc,00018,-8.388188801959863,8.768
train,trainval,bGBamfWasNQ,50010,0,pretrain,k4N2SxUZwiU,00027,-1.9251349193190492,5.12
train,trainval,CiSk3gmyjQ8,50006,0,pretrain,H8Pr9Jnulxk,00030,-4.645060539586088,2.56
train,pretrain,W0WOfMeWvsQ,00021,0,trainval,dOt4NkcmIUg,50006,5.301527443890585,5.952
train,pretrain,XZiNVGA78kA,00009,0,pretrain,mqovAg11qSc,00003,0.3215758977783505,13.376
train,pretrain,VMXdSkW6hns,00019,0,pretrain,dY9f9bFctUE,00002,-0.2315576781682438,6.272
train,pretrain,1isiSaTSXb8,00013,0,pretrain,9P73k8m3Ytw,00023,-7.428696640430276,7.488
train,trainval,VNGFep6rncY,50002,0,pretrain,mkdSXHXhCcw,00068,8.246189016979816,5.888
train,pretrain,XgRlrBlS7Yg,00003,0,pretrain,h1Yg1rURKR0,00003,1.88881672137156,6.144
train,pretrain,h9SKyrHRhDo,00036,0,pretrain,VASXSkawBiY,00018,7.3385770745529335,5.376
train,trainval,7p4zw4SqgUw,50007,0,trainval,nn5k4snG3rA,50033,1.7665633369781233,4.608
train,pretrain,1EHZAQmw2JA,00004,0,pretrain,1gAQ82IHyZ8,00019,0.02363147367118401,6.976
train,trainval,65e2qScVSK8,50001,0,pretrain,bLGTrz1Zolk,00008,-1.6370529793909743,3.904
train,pretrain,lXQ4HSMp1OA,00011,0,pretrain,O4Og5tFNiaU,00009,-7.419722507305043,4.48
train,pretrain,Mlt6kaNjoeI,00008,0,pretrain,SJmnB54WRgk,00009,-5.861263926069967,13.952
train,pretrain,tJ54irRmdC0,00004,0,pretrain,rGgoCm1hofM,00007,-1.3613405921468402,12.928
train,pretrain,AhUhpfKeLus,00005,0,pretrain,e4PTvXtz4GM,00013,-4.982924280498773,4.928
train,pretrain,YYIXwJD7zeY,00005,0,pretrain,0bRocfcPhHU,00015,-3.260979171911325,4.928
train,trainval,cQvDUTOOkiI,50006,0,pretrain,m7C6aiZV9JE,00005,-4.813366623577922,6.208
train,pretrain,aSGIZBmGOsU,00005,0,pretrain,2SEv4rU27HY,00006,-3.6488373688391507,6.528
train,pretrain,cpsRAk5HpK4,00036,0,trainval,59SRn1SkWAA,50021,0.8232038362798644,2.368
train,trainval,nU5gOr1cSxU,50003,0,pretrain,SxwLfSlkJDI,00017,-6.215667850039099,2.24
train,pretrain,iNgBSj4S5HY,00012,0,pretrain,UUqr4P7P3gM,00008,9.57763761484134,10.816
train,pretrain,LVFVaWCV1TE,00026,0,pretrain,E7sqRrUoL3U,00007,-8.677343446651232,5.12
train,pretrain,uDIyxxayNig,00016,0,pretrain,PXHczjOg06w,00007,1.1289291725881228,3.968
train,pretrain,bIiXsBVTfHc,00005,0,pretrain,HSmKRshF1SA,00018,7.22839918207611,6.016
train,trainval,SjsGSNgmleA,50008,0,pretrain,Kc0Kthyo0hU,00013,-8.648353464713956,4.608
train,trainval,9SGSSQssNj4,50008,0,pretrain,Kp13yOhLEbU,00006,-3.9541587248523697,2.048
train,pretrain,ayVm441iZfo,00020,0,pretrain,CrsdoIOGCRw,00032,-0.5360354056139514,10.496
train,pretrain,2ZviHInGBJQ,00002,0,pretrain,vpTHi7O66pI,00012,-6.206693643905137,5.888
train,pretrain,Cqj0sgrNL10,00036,0,pretrain,nv0dObM5XGk,00017,9.962583497545616,4.928
train,pretrain,N2HgOWBXyc4,00011,0,pretrain,NP8xt8o4S5Q,00032,-9.741684991151295,8.832
train,pretrain,CdxVbUjaSpY,00006,0,pretrain,UyUXxrSS3qs,00041,4.7862653802087625,7.744
train,pretrain,v3SZTqj2Skw,00031,0,pretrain,nItwVO9stX8,00011,-8.566948279271127,15.168
train,trainval,zyet9fPS24k,50012,0,pretrain,rGaj2VImQec,00009,-8.345386656547202,4.736
train,pretrain,owl8keTUioo,00009,0,pretrain,t5KNNlxLScc,00019,3.3394777308102874,29.056
train,pretrain,DM1SDVSFhc4,00010,0,pretrain,6LpSNMaU0r8,00002,8.682929878416722,5.568
train,pretrain,AvtStbwMQqs,00003,0,pretrain,VbF2KPn3TrU,00010,-9.262437649258658,4.48
train,pretrain,Y2y7BzjbSNo,00024,0,trainval,HsSvPqfsO0Q,50001,0.35318451964057296,3.968
train,pretrain,ZBWsmoy5Re4,00034,0,pretrain,lnigGtrwAfs,00020,-2.0271226841013608,6.016
train,pretrain,5aLiFw8CSEA,00028,0,pretrain,Myp1sZBxTR8,00001,-4.611422820968563,3.776
train,trainval,fgfQLTIhi1U,50003,0,pretrain,dkLcwHmnPV4,00006,0.27676544482400445,2.944
train,pretrain,m7SuKQGPMSw,00029,0,pretrain,tSK6bn9sc50,00006,9.537440282555249,11.328
train,pretrain,B8Z2G7d2kzs,00003,0,pretrain,iU1bhHeCkoU,00046,-4.0894264858717815,7.296
train,pretrain,LNHBMFCzznE,00041,0,pretrain,IDSSieLCmS4,00045,-5.161273547358569,10.688
train,pretrain,zeSVMG4GkeQ,00011,0,pretrain,EmuzDrI7TM0,00023,-3.3848873398139663,3.136
train,trainval,N37x4GgDVBM,50004,0,pretrain,ASQpKiUSNHo,00016,1.1928059008611864,2.56
train,pretrain,edEs4sjlmJY,00010,0,pretrain,lVQ3KUTHDe0,00003,-9.22129285257963,9.152
train,pretrain,SjaWs87t5UM,00031,0,pretrain,M3mnUMmUAHQ,00009,4.031497517216307,4.608
train,pretrain,CH4TZteceas,00003,0,pretrain,erCApSBd0AQ,00017,1.5439457493579134,3.904
train,pretrain,tVIaoQrnAxY,00012,0,pretrain,ufp5iGh0agA,00036,6.784328839125241,10.176
train,pretrain,1O2l1dcSohA,00001,0,pretrain,kSva30kSgHM,00004,6.876078443217743,8.256
train,trainval,m1LeGwELv9o,50012,0,pretrain,6VnKV1sr5VQ,00021,9.560683108466275,4.16
train,pretrain,7O7BMa9XGXE,00007,0,pretrain,J9PgY1mbPgM,00002,8.63017019850691,11.456
train,pretrain,BXcFEhl7ynM,00029,0,pretrain,GeDSgi0A7A8,00005,1.393915978063811,12.48
train,pretrain,qykDS2AXKIU,00028,0,pretrain,zLNXIXingyU,00058,9.79091034856905,4.16
train,pretrain,goSQOzc79Uc,00005,0,pretrain,NtOoDN0ojxo,00017,-4.2819391226519565,3.968
train,pretrain,qesLGw23SzQ,00011,0,pretrain,8rZzHkpyPkc,00042,-8.46154668776888,8.64
train,trainval,SeBUcBfkVCo,50012,0,pretrain,xSUw0NiseBM,00004,9.44143518460886,5.056
train,trainval,SFOCpMAww28,50004,0,trainval,WzDygsn0Djs,50010,-8.770383285351127,5.952
train,pretrain,VoCOzuWOgSY,00019,0,pretrain,DdrcJLKyHtU,00008,0.8490528407169364,6.08
train,pretrain,Tmk7nAvpMXQ,00028,0,pretrain,1yVdhRyTxaM,00011,7.37010177794302,3.648
train,pretrain,bxkslfQc0EA,00011,0,pretrain,J6ZzmqDMhi0,00002,7.096306351058534,5.824
train,pretrain,NgbqXsA62Qs,00014,0,pretrain,SB1JmOerYmY,00004,-1.731925079377909,9.408
train,pretrain,hupHAPF1fHY,00029,0,pretrain,OWq7ToR2U8Q,00024,0.7048992345728227,3.968
train,pretrain,sYySLEdYr8A,00032,0,pretrain,qZYNWW4M7yM,00011,6.938754668931018,5.248
train,pretrain,4c1lqFXHvqI,00011,0,trainval,5Jqk1rkuUwU,50011,5.651824869919382,2.112
train,pretrain,EBKSa94IFHY,00028,0,trainval,ALTvG9MIR64,50010,-9.958318095857464,6.144
train,trainval,dkLcwHmnPV4,50004,0,trainval,YyuScSjkGSs,50003,2.9619923963687533,2.432
train,pretrain,QbSD6PTcmfs,00003,0,pretrain,potB0voQzNg,00044,8.861826852078703,6.016
train,pretrain,N8Votwxx8a0,00007,0,pretrain,eaelI0u4Sz0,00005,7.951464236194564,6.208
train,pretrain,CXvUdCdKTJY,00015,0,pretrain,rAZPIxYvBAE,00021,2.178426020551033,4.608
train,pretrain,nZLO2PnGzMg,00002,0,pretrain,bmmnEJ4rtCI,00006,-4.018603243502432,20.16
train,pretrain,OAK1UIbSFio,00050,0,pretrain,SMTRxRO5SRA,00006,4.2873286826345485,4.544
train,trainval,b8z6HfSq7l8,50002,0,pretrain,jdpIKXLLYYM,00002,-1.063553565138271,3.84
train,trainval,ZK3S2rCHmPA,50001,0,pretrain,MOFdlEbu15g,00024,2.407266626143823,5.76
train,trainval,Possj5cXEnM,50012,0,pretrain,LdjNw8SZc5U,00014,-1.2981785423513266,3.776
train,trainval,1Yz7Snu6pnI,50010,0,pretrain,dE1DuBesGYM,00026,2.7842405292262598,4.864
train,pretrain,NDQ1Mi5I4rg,00004,0,pretrain,IzPcu0SETTU,00026,-5.292955094390743,11.2
train,trainval,jT5rRh9AZf4,50011,0,pretrain,ROW9FSc0kIQ,00016,9.310264384352067,4.608
train,pretrain,zXCiv4sc5eY,00033,0,pretrain,dm4fvbrMLPw,00015,6.038044053501412,4.096
train,trainval,12OAr0lt4bk,50009,0,pretrain,8rzlrItooG4,00032,5.89295309224239,2.944
train,trainval,ktOeFgmdIAo,50010,0,pretrain,rOVkASt39Uc,00014,-2.8598943263297283,2.176
train,trainval,6MBaFL7sCb8,50043,0,pretrain,hbG89FYKzaY,00008,1.1073030011025349,5.76
train,pretrain,jVBp2nDmg7E,00021,0,trainval,oDdcx5luv5s,50002,3.2908226323259804,5.76
train,pretrain,P4X9ZfEx9So,00002,0,pretrain,7ShFmRzffOg,00039,2.575899184586401,3.456
train,pretrain,8S66QUJk3w4,00013,0,pretrain,1SS2wOnkcSk,00020,7.474829527649426,4.288
train,pretrain,mzy84VbSGxk,00009,0,pretrain,pWX1oQEGl90,00008,-4.844791677378852,4.096
train,pretrain,PJy8vTu66tE,00007,0,pretrain,MSX0uwAG2Jc,00007,-0.0086226013759223,4.928
train,pretrain,rxeLnx5UEEk,00009,0,pretrain,4ZgwzSm7sRs,00068,-5.059967675661685,12.48
train,trainval,5pIGDw18mIQ,50001,0,trainval,HuWMO3M1HVQ,50003,5.432973911351411,3.456
train,pretrain,v3SZTqj2Skw,00002,0,pretrain,EXo3qA9V3eI,00005,-2.653834700324264,13.248
train,pretrain,sWnAtLt8kSs,00002,0,pretrain,HgRJNsTb08Q,00003,1.7118968944043989,5.12
train,pretrain,YraU52j3y8s,00019,0,pretrain,IfjI0tVUpbc,00022,-2.7502597621343883,9.6
train,trainval,JM77aTk1XyI,50006,0,pretrain,BzDEFAGvShc,00003,-8.777048222216543,5.696
train,trainval,zORUUqJd81M,50002,0,pretrain,ZlKrvnB8YnU,00001,-6.1246775426714635,5.888
train,pretrain,dsOSb0SrS5Y,00013,0,pretrain,YwSGTipx3As,00017,7.409485853810004,5.696
train,pretrain,oIGBBPspTKM,00053,0,pretrain,COwSbfCgXBw,00026,-9.46322155774105,5.376
train,pretrain,BLmBuz40BD8,00006,0,pretrain,XvS83nXSf0k,00032,-5.94158175213944,7.936
train,trainval,PB7xs7UpIfY,50007,0,trainval,eQdFkSSgHYo,50008,-3.4556537574505626,3.968
train,trainval,fBLErez9ljw,50007,0,pretrain,HyZV8Ql1PI0,00010,8.021608685217611,3.648
train,pretrain,BSxI3YxAPW4,00004,0,pretrain,p49rv25dx0g,00004,-1.7494337187593558,7.488
train,trainval,fenV3W7hQtw,50002,0,pretrain,LsESSyMnwmU,00047,9.35742827913814,2.24
train,pretrain,1mUDw0sRZV0,00009,0,pretrain,DG7kSeazMQ4,00011,-1.6152449221526144,12.608
train,pretrain,o9NUy12lgs4,00007,0,trainval,Hh09xlzxRmE,50002,9.703405956278914,6.016
train,pretrain,jZxLsDkvkVQ,00002,0,trainval,mA1vshSuyQU,50013,-0.6185629155077148,6.08
train,pretrain,URSuWwvpn5c,00036,0,trainval,FLbEKpLS5Z0,50026,-4.715522741138947,4.288
train,pretrain,ea3HnhOLC9g,00021,0,pretrain,ayVm441iZfo,00027,1.2861360379647628,15.808
train,pretrain,B9kg1UdzDvw,00008,0,trainval,IshrD4mjnNU,50025,-8.42743575609992,4.672
train,trainval,lPmBmFBwdec,50001,0,pretrain,bX32UShfri4,00020,9.92639211964536,3.264
train,pretrain,fbeFn1Xcqo4,00023,0,pretrain,lwz8KvS9NRA,00030,-6.846939520399138,10.304
train,pretrain,sjPRN2XGSts,00011,0,pretrain,8xHrpO6p7dE,00032,7.125185766447672,17.152
train,pretrain,iRsCUJxIrVM,00017,0,pretrain,EHTmxmuhZ10,00003,-3.1752158018493937,7.232
train,pretrain,LGtNFHtM81A,00002,0,pretrain,SypPoKpQi6w,00007,0.742890893781091,5.696
train,pretrain,KPzccnstSXg,00018,0,pretrain,HQzXqjT0w3k,00029,5.474101236895503,6.976
train,pretrain,9vpqilhW9uI,00013,0,pretrain,UiCJhSuLdok,00012,-2.924408105274539,9.216
train,pretrain,3VwxWDVKs8k,00004,0,pretrain,YhG1Bgbsj2w,00025,-1.70423315942781,4.16
train,trainval,h0C2LPXaEW4,50017,0,pretrain,ZdDjexbxVzM,00003,-5.021575121119797,4.544
train,pretrain,65e2qScVSK8,00007,0,pretrain,y3ZrjRlIcgI,00003,6.998615139442055,4.16
train,pretrain,zvvZEIGNLo0,00012,0,pretrain,jKcm96l0uqE,00003,1.610417268785369,4.48
train,pretrain,0TOkvcqeVQY,00004,0,pretrain,Z6T37m4r3yo,00018,7.580396575303329,4.16
train,trainval,CWU13rx44j8,50011,0,pretrain,6d6oq0zGGmw,00004,4.3174150718481705,3.2
train,pretrain,ZuCX92wuw2g,00005,0,pretrain,hCop3IGZH2o,00017,-6.636291695577812,4.928
train,pretrain,Vi8k6BG9KVk,00021,0,trainval,cj5LZBmiQu4,50004,-1.6904495051148452,3.52
train,pretrain,EiTrl0W1QrM,00052,0,pretrain,ohGMgSLJCjs,00016,-4.756721621480726,3.968
train,pretrain,g2m97gPI70I,00031,0,pretrain,buhMdC7MO0U,00003,-0.2442690857547234,6.976
train,pretrain,SCEKKHyxgaw,00002,0,pretrain,6LmPq7DSds0,00015,-2.524248215242057,8.448
train,pretrain,ImmtTHYU5GQ,00001,0,pretrain,1gAQ82IHyZ8,00026,-7.5881937890456275,5.44
train,pretrain,ZzugJPASNB8,00028,0,pretrain,KaiwGb0csas,00010,7.328664732133262,9.6
train,pretrain,KIysMV9wbVY,00006,0,pretrain,V4Xw76SsHOM,00012,6.736297916479774,9.728
train,pretrain,yVwAodrjZMY,00008,0,pretrain,lYdk1NK9Sr0,00013,-4.13475582590711,8.704
train,pretrain,W8OiVZrAj4c,00029,0,pretrain,CtvIX4s1bTU,00019,-7.4342667205824835,10.176
train,trainval,deT1mILtFEY,50037,0,trainval,q06YIWCR2Js,50005,9.604157330543263,6.016
train,trainval,pX8zZdLw7cs,50010,0,pretrain,6XNrzmh0EVs,00019,9.818526596878215,6.08
train,pretrain,tvos4nORfSY,00011,0,pretrain,2L1R7OtJhWs,00016,1.2427421093617674,7.936
train,pretrain,1OQkdRdfyjI,00013,0,trainval,9OECsmMont4,50009,-6.011407253655092,5.056
train,trainval,7SfRgg9botI,50001,0,pretrain,0SFkPxScSM4,00007,7.038430835440334,4.928
train,pretrain,gxuQp1X4mx8,00015,0,trainval,DEmjzXi2lfI,50005,2.9469631757963057,5.632
train,pretrain,sa0RUmGTCYY,00039,0,trainval,kNhyOYv2ejw,50018,-5.0714431131771125,3.84
train,trainval,Mjoxh4c2Dj0,50002,0,pretrain,7n9IOH0NvyY,00024,2.4346415228469134,4.992
train,pretrain,mlrB6npbwVQ,00014,0,trainval,5pIGDw18mIQ,50002,5.3336114088860995,4.928
train,trainval,h0dSQDgl3gI,50006,0,pretrain,syjEN3peCJw,00018,6.085966041878596,3.072
train,pretrain,B12syeJflbQ,00004,0,pretrain,56WGgJNBRxQ,00043,-1.1336718627010445,6.72
train,pretrain,OmMv9tShW8k,00029,0,pretrain,WWloIAQpMcQ,00029,4.794271055695511,4.096
train,pretrain,KoXdjyJyxbE,00005,0,pretrain,SB1JmOerYmY,00005,7.466875168850731,8.64
train,pretrain,QUL0eSQtV8c,00009,0,trainval,k9QTVIISlkg,50002,7.945656596740186,3.136
train,pretrain,IJmr7MsS8fw,00065,0,pretrain,5QGApheKRc0,00004,6.268737510552651,4.224
train,pretrain,bq39x2HWjNk,00016,0,pretrain,UQkIbUvcs7w,00011,-1.0697061658753597,9.472
train,pretrain,nLB8ASSQdHc,00007,0,pretrain,Chr3rQ6Vpcw,00003,5.011723247293034,11.072
train,pretrain,H2vN2QXZGnc,00002,0,pretrain,S4XXhSwYASk,00010,-8.097405884403354,6.272
train,pretrain,EEjyPqyFeSs,00038,0,trainval,h0C2LPXaEW4,50031,0.31044286016809686,2.816
train,pretrain,kfAxGhOS3S8,00003,0,trainval,k4vzhweOefs,50001,-2.440092665686877,3.008
train,pretrain,0Bhk65bYSI0,00005,0,pretrain,CfqO1U6lfDs,00009,-8.60503940662332,7.36
train,pretrain,ElJxUVJ8blw,00064,0,pretrain,SrqmuYvk3iQ,00030,7.767838039652311,3.904
train,pretrain,rokPqHc9iD0,00029,0,pretrain,DEmjzXi2lfI,00018,8.303010950552924,7.04
train,pretrain,46wWjKTn4Ac,00008,0,pretrain,ogeGJS0GEF4,00018,5.862571013328864,7.936
train,pretrain,IkJSZGQaeak,00022,0,pretrain,xSLkNjQyHww,00014,7.3468057958939,3.712
train,pretrain,FauPVZxDXxk,00001,0,pretrain,kU7veyGGps4,00007,4.728377284450243,10.88
train,pretrain,R7beBKnH9u0,00016,0,trainval,QBDShp6U7tU,50007,8.712560748968752,2.688
train,pretrain,BwIGcvBGSRk,00002,0,pretrain,iU1bhHeCkoU,00010,8.608180863542401,7.104
train,pretrain,bkeBjPS9ZR4,00015,0,pretrain,apbSsILLh28,00068,-4.927203412831183,8.32
train,pretrain,a17Z5Sk2XJY,00005,0,trainval,fnS9f5x0f1Q,50015,-6.010375193858668,2.432
train,pretrain,K8Dj0oSf1SA,00019,0,pretrain,eZgSGgToBEE,00006,5.288855711876019,8.32
train,pretrain,1Yz7Snu6pnI,00013,0,pretrain,u7SWcQaoaRQ,00022,6.350768479202017,12.096
train,pretrain,P65XdTlk4vA,00019,0,pretrain,YVfR2sBWJ2E,00010,-9.780501579607659,8.576
train,pretrain,JhcCHjqSiBo,00015,0,trainval,t0pwKzTRG5E,50003,6.531290847930261,3.648
train,trainval,3q3WOrs8kAM,50013,0,pretrain,ay8OMOsf6AQ,00009,3.784504356725872,4.288
train,trainval,mkdSXHXhCcw,50024,0,pretrain,j06dz9eDgqY,00013,1.2426969178880825,2.432
train,trainval,8b2vNkEtfpc,50005,0,pretrain,8n5O9tz30So,00025,-6.985146729495768,2.112
train,pretrain,BMdMSmtTgD0,00033,0,pretrain,Z41BTeAU7DI,00012,-9.471575012724838,4.032
train,trainval,Aqc2SgiOVr8,50002,0,pretrain,sYUjyH8Y0No,00001,2.589253024384977,3.84
train,pretrain,DqCsQqy9MyU,00012,0,pretrain,HyZV8Ql1PI0,00015,9.49695112366036,6.4
train,pretrain,uPE0G00XFV0,00013,0,pretrain,NcPusGLnqAc,00008,6.787175381388092,3.84
train,pretrain,SPSq3cW672s,00001,0,pretrain,BStjKYvEziI,00005,-1.8548393154005272,4.8
train,pretrain,Z24sXLBnOu4,00009,0,pretrain,hFcQpNrSKA4,00005,7.876518620049463,5.696
train,pretrain,uU6o2SUFSEY,00005,0,pretrain,ZJodZcGfTVE,00006,3.030781398438183,3.328
train,pretrain,WNj1Y11tSx8,00011,0,pretrain,Urk3xn7l3AM,00022,7.927284511392841,4.416
train,pretrain,Ftnb2fpJ664,00010,0,trainval,F6NU0DMjv0Y,50007,4.860256944843503,4.16
train,pretrain,imhUmLtlZpw,00002,0,trainval,KxDwieKpawg,50018,8.747540474706149,4.096
train,pretrain,CDdpQSLr7YE,00008,0,pretrain,RcGyVTAoXEU,00001,2.0566876978764235,6.016
train,pretrain,S9PEogIrHSk,00018,0,pretrain,dE1DuBesGYM,00009,0.807442632452485,3.712
train,pretrain,0MD4Ymjyc2I,00018,0,trainval,DjcZrtcBZi4,50027,3.657706348681245,2.048
train,pretrain,0sYguTPLpHE,00039,0,pretrain,MV0Iob65Nq4,00011,9.236556936238934,6.016
train,pretrain,W0WOfMeWvsQ,00011,0,pretrain,cpsRAk5HpK4,00019,1.7395695688700474,6.4
train,trainval,JS8fYhwrYzI,50001,0,pretrain,w1oKe8OaPbk,00004,-4.527385058343347,2.368
train,pretrain,cplaWsiu7Yg,00001,0,pretrain,6tpsSu5O0Ws,00039,-1.46898622754148,3.84
train,pretrain,Vi8k6BG9KVk,00016,0,pretrain,no809a9j25w,00020,5.404519361203363,10.496
train,pretrain,HS8y0WLm78U,00008,0,pretrain,QOSPNVunyFQ,00037,-8.636420510341456,3.584
train,trainval,gwMjgSqFm0M,50001,0,pretrain,xuAAPsiD768,00014,3.470070155158812,2.752
train,pretrain,CLSSiaFuLo4,00055,0,trainval,jpuDyGgIeh0,50009,8.537078848304745,5.376
train,pretrain,2tcEgqTWbxQ,00016,0,pretrain,bGBamfWasNQ,00018,-3.0522075068835157,13.376
train,trainval,WKXmw7uZc5U,50003,0,pretrain,rAAY1jOZFSE,00001,0.9880818696050149,6.08
train,pretrain,U9BzgnX3z6Q,00007,0,pretrain,VStEmE85QDE,00014,4.4112736798206225,8.64
train,pretrain,z5lZ9wciZQM,00011,0,pretrain,b4kSKPELNcc,00009,-1.1447605563331784,3.328
train,pretrain,F17SKiAZOxg,00058,0,trainval,dcwuBo4PvE0,50008,-7.166944470089335,6.016
train,pretrain,9KACXVScWS4,00032,0,pretrain,3qyVvDGDGQs,00011,7.421598264292641,4.864
train,pretrain,jsZDlBU36n0,00030,0,trainval,SU1foLW8h54,50027,-0.6498042427112942,4.992
train,pretrain,8QuAokSXiyg,00037,0,pretrain,ZChEFOGSn8Q,00011,-9.72255298711697,8.128
train,pretrain,mMDuakmEEV4,00033,0,pretrain,ts9JpM0gHMU,00053,6.765013377872304,3.904
train,pretrain,wNokfBHccVI,00024,0,pretrain,oYpS4qQNmSs,00003,4.574548163967918,7.04
train,pretrain,CVdPhUPO5YU,00001,0,pretrain,UROCz70tlMY,00052,7.1268013118203015,4.608
train,pretrain,PTUcj45juXg,00014,0,pretrain,ioMpOr7Yx98,00006,-2.005549971025145,5.056
train,pretrain,SgjGcBTyScY,00001,0,pretrain,NRXCxJGQ4KY,00026,-8.88604968135164,17.024
train,trainval,SFW0TEFKCxk,50002,0,trainval,avuhY7D71sQ,50019,-6.1438225981497085,2.432
train,pretrain,u5GCetbP7Fg,00046,0,pretrain,7CmqNpCofc8,00021,-8.407244084115277,12.608
train,pretrain,5EORxJsoUJQ,00012,0,pretrain,bX32UShfri4,00019,-6.938648741943043,5.696
train,pretrain,FM5SDGprLpc,00003,0,pretrain,IgKWPdJWuBQ,00032,-8.232278718315136,8.128
train,pretrain,23vKtqo2t4k,00007,0,pretrain,aEjUlH7bNDo,00006,-3.244046892961534,9.152
train,pretrain,1bXAkbCyjpo,00037,0,trainval,hVsnkRoYfX0,50013,0.8690230007133515,5.888
train,pretrain,Rv9SwZWVkOs,00020,0,pretrain,q43uXdOKPD8,00006,-9.115804207053612,7.68
train,pretrain,PwBgcjDVxxE,00003,0,pretrain,IWjzT2l5C34,00033,-9.5474028968761,4.8
train,pretrain,6gSwRHScq6M,00018,0,trainval,9o2CRjTRKIA,50021,9.047867271800655,2.688
train,trainval,IMTcuU0KLSw,50034,0,pretrain,qEZmFR1WS7g,00018,-9.201344254762844,4.736
train,pretrain,XRP4xfN89Ss,00011,0,pretrain,iQsnObyii4Q,00022,0.1310723613446534,4.608
train,trainval,v3SZTqj2Skw,50008,0,trainval,8jkri0AeZWQ,50012,-0.1953590335134443,5.888
train,pretrain,kiDfwUQySEs,00014,0,trainval,BoRUrWcdkQ4,50025,-2.944165288417244,3.264
train,trainval,ea3HnhOLC9g,50012,0,pretrain,zwjLQgNd7XM,00003,-2.0622393027629276,4.928
train,trainval,KI3WJXNhCJ8,50032,0,pretrain,HtSRNn0kSSw,00002,-0.28013247602192415,2.24
train,trainval,SCCG81UbruY,50018,0,pretrain,6hFxDLkWNPY,00017,9.35993798139031,2.944
train,pretrain,b1sQZxrBMXk,00009,0,pretrain,naSNfaSbOjA,00007,6.555940768621923,6.016
train,pretrain,8XQ1onjXJK0,00044,0,trainval,W4I68CGUV3w,50017,-0.910367147854398,2.304
train,pretrain,sbbzZYJSoJ4,00003,0,pretrain,E6atIJ8RDzU,00019,-3.679942313031108,6.656
train,pretrain,BYeYVuqD8kU,00024,0,pretrain,iPxg6bRgPhE,00001,-8.618473493962295,3.968
train,pretrain,xfjZStWFxpA,00005,0,pretrain,KCL8NjN7FMQ,00018,3.124803523583605,9.92
train,trainval,ty5QtslaAHM,50001,0,pretrain,tsgvhP07BC8,00017,-8.299445931229862,2.24
train,pretrain,IDSSieLCmS4,00041,0,pretrain,ihoR9B7pS1Q,00018,4.54525249046238,4.288
train,trainval,xDe346z233Y,50011,0,pretrain,FdXUSZg9pcM,00004,1.352740023488785,2.56
train,trainval,jSOPQgPIdKg,50023,0,pretrain,h7u6NScSWtY,00006,-5.60377928620399,3.84
train,pretrain,8u9Wvz1edxI,00034,0,pretrain,ufUkAQOQaXU,00009,1.387435846857187,15.936
train,trainval,GOCUH7TxHRI,50005,0,pretrain,CbS6PPBJJB8,00016,-9.183933663709801,3.008
train,pretrain,vFPkEIGUofc,00011,0,pretrain,HpiZTvlWx2g,00006,8.764214373499385,15.872
train,trainval,eNDhBSR1DZ0,50009,0,pretrain,1X7fZoDs9KU,00029,7.210838653160003,2.88
train,trainval,gh5VhaicC6g,50023,0,pretrain,mAvSoNUgMno,00006,-5.841156813330461,5.888
train,pretrain,GzPpH9WexDc,00016,0,trainval,DqsvwHG9cSM,50015,-3.357792250278287,6.144
train,pretrain,bJ8Kq1wucsk,00012,0,trainval,pCHWOt3FOgY,50010,0.1299712415142693,4.224
train,pretrain,MOFdlEbu15g,00060,0,pretrain,4Z75ASJMBx4,00005,-2.248330665632352,6.08
train,trainval,XvS83nXSf0k,50016,0,pretrain,0snNB1yS3IE,00003,-4.574540883156921,2.688
train,pretrain,2zvjW9arAZ0,00045,0,pretrain,py1RrSdVt5A,00012,3.058964100212826,5.76
train,pretrain,ApGeDdIaxo8,00010,0,pretrain,zGEDHMF4rLI,00014,2.0852915323819516,4.096
train,pretrain,vcSn852sv3E,00012,0,pretrain,xEtXItg9hEE,00011,9.713245288747466,6.912
train,pretrain,4v4Pf5Dt8Hg,00006,0,pretrain,fa7SkR2fz3M,00004,-4.544960020079801,8.256
train,pretrain,EwuunRJgoBw,00008,0,pretrain,risdUQ3dvrk,00006,-9.546195735478449,7.424
train,pretrain,EBebWBjpWIQ,00007,0,pretrain,w32u2NwCve0,00008,-3.5958060048044027,17.024
train,trainval,P82edb1SCNs,50002,0,pretrain,yrcaHGqTqHk,00023,0.615152275521984,3.712
train,pretrain,wOiKRVH0nQ8,00018,0,pretrain,MOFdlEbu15g,00038,3.8038353824024203,4.608
train,pretrain,MSLHHgSXloM,00003,0,pretrain,X55qpYxwoO4,00021,-9.50889602312497,9.856
train,pretrain,4Z75ASJMBx4,00022,0,pretrain,fzKxYlHmhmY,00012,-5.334560736782894,6.016
train,pretrain,Td2hfdXQ5x8,00020,0,pretrain,IMjn62naclM,00011,8.011581398641415,4.288
train,pretrain,KLjgBLwH3Wc,00005,0,pretrain,2R3Njv0LjjM,00001,-1.1097967657217715,6.528
train,pretrain,3UaOl8SYHes,00025,0,trainval,D9Ihs241zeg,50001,-4.023044283865927,3.264
train,trainval,1IxIDGyISzk,50007,0,pretrain,501FEzbB1JI,00003,7.905429922053411,5.888
train,pretrain,fw01Sq0cxM8,00035,0,pretrain,shqLZyONA0M,00023,-9.632234600225086,12.928
train,pretrain,bmFhWr693is,00008,0,pretrain,rEgSZNB3qyI,00028,-5.159503870793733,4.544
train,pretrain,Sx1qkuvUxuI,00001,0,pretrain,VfKWd7iXMSo,00023,-7.069498492030211,11.2
train,pretrain,WWloIAQpMcQ,00005,0,pretrain,XPkV1bDZDl4,00006,8.16544884212999,5.888
train,pretrain,lSiQSNSwgMM,00001,0,pretrain,YraU52j3y8s,00011,0.8360778080857081,4.096
train,trainval,a7B39MLVeIc,50004,0,pretrain,sWN13pKVp9s,00010,-7.841860770838663,3.328
train,pretrain,lXQ4HSMp1OA,00013,0,pretrain,gyM6rx69iqg,00024,-5.910091181353058,5.376
train,pretrain,3E46oWB4V0s,00001,0,trainval,zESeeaFDVSw,50002,8.385800058910991,3.2
train,pretrain,Mtjatz9rSVc,00011,0,pretrain,CBJMFvcR8PQ,00012,-8.964732934753865,5.76
train,pretrain,QOjVk3cQFB8,00002,0,pretrain,VCRcGKpjWtU,00014,-4.095613948170764,22.208
train,pretrain,ImQrUjlyHUg,00071,0,pretrain,YMyofREc5Jk,00027,-7.569501144578781,5.568
train,pretrain,8u9Wvz1edxI,00003,0,pretrain,CV3XRRQB9PM,00004,8.222672785096222,11.2
train,pretrain,pF72px2R3Hg,00019,0,pretrain,SXYwKxdxfF8,00020,-2.1536725140153967,4.16
train,pretrain,EDLWWP8N6MU,00006,0,pretrain,8LQhhYgjlJ0,00007,-9.434095597918732,8.32
train,pretrain,2t13Rq4oc7A,00032,0,pretrain,CzgS9C7gw0o,00004,9.763177317062265,3.84
train,pretrain,4v4Pf5Dt8Hg,00026,0,trainval,2tcEgqTWbxQ,50005,-7.305966579166072,3.84
train,pretrain,QPC5SP2SFu8,00009,0,pretrain,mArrNRWQEso,00041,3.3299182810323984,10.816
train,pretrain,xlggecnjOY0,00019,0,pretrain,NyQ1wLFj0f8,00017,-1.3557004741255767,12.992
train,pretrain,gLDQr9i7LkM,00015,0,pretrain,ERSZb2wHFDw,00003,-4.521598605323199,12.608
train,pretrain,G1RRbupCxi0,00014,0,pretrain,eIho2S0ZahI,00033,-8.987771782740012,10.752
train,pretrain,zuAj2F54bdo,00022,0,trainval,XbgdpsXDU2o,50001,-2.044194556364598,6.016
train,pretrain,CilXrSYMA8U,00006,0,pretrain,ouXGIw7gBmk,00004,-3.7518485490678692,3.392
train,pretrain,cSsxBTNF2U8,00020,0,trainval,c2tOp7OxyQ8,50061,-0.5091311204455824,2.048
train,pretrain,yjtCDgjxRAw,00024,0,pretrain,Bqx8abrSIYo,00009,9.47209563925911,4.416
train,pretrain,CVaSIZVzUoc,00014,0,trainval,KOtFDsC8JC0,50012,2.7903184705453317,5.12
train,trainval,XMSQKG70a5s,50002,0,trainval,v22SdEMzxO4,50015,-8.082360231380232,5.76
train,pretrain,3qyVvDGDGQs,00003,0,pretrain,KiPcxhJtuPQ,00014,5.3327546931364544,5.76
train,pretrain,9ebJlcZMx3c,00021,0,pretrain,rpOwTspdwkI,00029,9.320328951527777,9.536
train,pretrain,dkmpRQdJslI,00001,0,pretrain,yJJtRWFLSgw,00035,-4.6459192810436285,4.544
train,pretrain,fSErHToV8IU,00010,0,pretrain,4T9N3ZcRBSI,00001,0.42530003294928953,7.296
train,pretrain,nVEvzeIXbpk,00011,0,pretrain,QJ28IC63hlI,00022,-9.016658110314747,8.32
train,pretrain,8m5Ebx6nuGE,00011,0,pretrain,P5Mpo4JQZhw,00029,7.66740395126476,3.456
train,trainval,r92jUj7gNRw,50021,0,trainval,CEN4XNth61o,50001,8.843432484303943,2.816
train,pretrain,mzu3ira61k8,00004,0,pretrain,1yVdhRyTxaM,00008,2.25541452859008,3.904
train,trainval,nz0cAjXVepg,50001,0,pretrain,kYXiegTXsEs,00014,-6.484230720234709,6.208
train,pretrain,hHOX3dlhhZ0,00020,0,pretrain,mArrNRWQEso,00024,7.379111279356209,5.568
train,trainval,mKkF6mAlX4k,50008,0,trainval,abMQhaMdQu0,50024,9.489857512525084,3.136
train,pretrain,Zq7QPnqLoUk,00049,0,pretrain,lqSBVyou38s,00003,-0.2539545582252263,6.528
train,pretrain,AoAbPIbGLUo,00006,0,pretrain,IfjI0tVUpbc,00012,9.654713679382304,6.08
train,pretrain,sPQViNNOAkw,00035,0,trainval,uHRG3Vr9qyI,50032,-1.4440114994392221,4.992
train,pretrain,BCvzpm4d2gs,00026,0,pretrain,2draXqXZmdM,00005,8.640238037539099,3.52
train,pretrain,B0ESVNX1SYk,00022,0,pretrain,LSn4OF7G9BM,00014,7.2365537888126354,4.352
train,pretrain,btF6nKHo2i0,00062,0,pretrain,qty0NjF3pdQ,00020,-7.040507108519707,9.728
train,pretrain,Dk37LhxjPEY,00003,0,pretrain,iST7tCMUDXU,00003,-8.842147890385036,5.568
train,pretrain,4a6ZRstYlgw,00029,0,pretrain,jEHZSIAuYUY,00004,-2.1547276265159194,6.528
train,pretrain,Q80MfH7xPPE,00018,0,pretrain,A9UmdY0E8hU,00010,2.218803665402774,2.752
train,pretrain,SvBggxCNNno,00007,0,pretrain,WpldYJ3sSIo,00015,6.0930105156666095,7.488
train,pretrain,M1yCvKASWdU,00017,0,pretrain,zyet9fPS24k,00007,3.6959507908977525,9.856
train,pretrain,YiXdS9DFCOQ,00031,0,pretrain,YXSOxBfsvbk,00007,-4.216734781903478,8.32
train,pretrain,p8KSCPXuYwI,00013,0,pretrain,FM5SDGprLpc,00039,0.9945063411528832,10.24
train,trainval,gyM6rx69iqg,50011,0,pretrain,uEkgM9P2C5U,00025,8.631961999191127,4.608
train,pretrain,0tqq66zwa7g,00010,0,trainval,1ZQmwVYNgPc,50003,-0.9772342460613075,2.752
train,pretrain,EZwxKPv1CwA,00014,0,trainval,n1jA0BKOLSY,50002,-8.867656279727827,2.688
train,pretrain,SU1foLW8h54,00035,0,pretrain,b2qM1ISJCEQ,00029,6.87175669968612,16.96
train,pretrain,sAMahX5hIgU,00022,0,pretrain,O6GimGZz6a8,00010,-7.235901794655484,8.704
train,pretrain,DoRSyk7lA5Q,00003,0,pretrain,cWcVPpxezE0,00006,-3.6449081835004327,28.8
train,pretrain,nLtUl2CP8ak,00004,0,pretrain,B4xOFsygwr4,00039,-7.6145215698988515,7.616
train,pretrain,uNQujCwCu88,00053,0,pretrain,3qyVvDGDGQs,00002,6.578330216955177,9.6
train,pretrain,E7sqRrUoL3U,00003,0,pretrain,odIXWv1m2a8,00017,-5.320845547463165,11.072
train,trainval,4AUSqB0RVNY,50005,0,pretrain,P9YbrVFoX0Q,00002,-1.1885004003826403,2.048
train,pretrain,CPVjktgYKo4,00040,0,pretrain,oIGBBPspTKM,00060,-3.9100254531450274,4.416
train,pretrain,Bc2wVyl8RLI,00020,0,pretrain,0akiEFwtkyA,00032,4.725092233873019,4.736
train,pretrain,UqyOedEHIrw,00012,0,pretrain,RvnS3cCrl9c,00009,-5.76088181765491,10.944
train,pretrain,XGq3MXQlRJs,00002,0,pretrain,3UaOl8SYHes,00002,-1.0402719793711022,11.008
train,pretrain,Lp5Ccer5NM8,00007,0,pretrain,56WGgJNBRxQ,00050,4.737110795390498,6.336
train,trainval,mkdSXHXhCcw,50018,0,pretrain,jFG7jqJXbno,00015,0.3187007280570171,5.888
train,pretrain,OkKhI6St40w,00034,0,pretrain,Ztl2li6GTWg,00014,3.1303537120008755,14.656
train,pretrain,VpvzrtPtqeE,00006,0,trainval,wZzHnZzmS58,50001,-1.8819801456368257,4.672
train,pretrain,f6CILJA110Y,00004,0,pretrain,sHdYaMyR5S8,00040,2.9756467045891295,4.16
train,pretrain,GbYc9BOU30o,00025,0,trainval,HpiZTvlWx2g,50007,-4.452721799147559,5.44
train,pretrain,5duz42kHqPs,00023,0,trainval,GeDSgi0A7A8,50014,0.10678180180218888,3.456
train,pretrain,tZYkjaKNrSo,00027,0,pretrain,GhpFTQfiqCs,00014,-5.077302049643581,5.888
train,pretrain,ty5QtslaAHM,00021,0,pretrain,vHhn7z6BA0w,00034,3.075047190180399,14.656
train,pretrain,arj7oStGLkU,00005,0,pretrain,SSHpklbuPtE,00003,-5.185807005919518,6.016
train,pretrain,APPbSStpGHk,00015,0,trainval,ramueKMLXZY,50003,-1.3786639819757873,4.736
train,pretrain,M0yhHKWUa0g,00006,0,pretrain,WiNI6INAytE,00015,-7.8263895952862335,4.288
train,trainval,dUdCToPPK5A,50004,0,trainval,lyu7v7nWzfo,50004,5.050827034270425,3.648
train,trainval,7hWUhEA6hxk,50006,0,pretrain,tVIaoQrnAxY,00013,-8.867459635817518,3.648
train,pretrain,lwcvhh4pLjE,00048,0,pretrain,7rMYfiRNT7g,00003,-6.6652628018231415,2.048
train,pretrain,nG1oCU0ijP0,00021,0,trainval,iSmdpCvfMg8,50003,5.483724420411907,2.496
train,pretrain,KqbRh4NIE54,00015,0,pretrain,fvoWoMIwrSg,00011,4.021792662268528,6.08
train,pretrain,N3SCXzYOWBg,00007,0,pretrain,b1sQZxrBMXk,00005,-8.694811046861528,3.968
train,pretrain,yyW9W3e9VD0,00003,0,pretrain,apbSsILLh28,00017,7.439429738634086,6.784
train,pretrain,DWoAShyDSsY,00021,0,pretrain,mulbSSAULSo,00001,7.030765580896013,9.92
train,pretrain,vIme03wdEFU,00008,0,pretrain,tTvIEUGCigk,00043,5.1299049460165556,4.416
train,pretrain,gXvblfSgwg4,00019,0,pretrain,2vESelqTGlQ,00007,-5.253368864045211,6.848
train,pretrain,0HEXx3SP8kk,00010,0,pretrain,uSTmKo75gJI,00017,0.7579460362015151,4.416
train,pretrain,nOHVwSqktoM,00002,0,pretrain,mLSFzBUAHuQ,00001,4.337465459110387,4.8
train,pretrain,88SlA2EZxtY,00009,0,pretrain,Y4QZzZgYUKg,00016,-6.6892610976885525,7.872
train,pretrain,dO6AuQR9R7E,00011,0,pretrain,7jRND5IU3Qg,00022,-2.7810901015592115,8.192
train,pretrain,19KkFCQz8WQ,00013,0,pretrain,wyhF7q3Sbpk,00030,-9.638489208449563,4.736
train,pretrain,wUKAVcj9NVA,00009,0,pretrain,gXvblfSgwg4,00025,-5.495918717192543,6.208
train,pretrain,uDIyxxayNig,00025,0,trainval,qykSnLkPM7E,50004,4.402912486328056,2.432
train,pretrain,Ep2MAx95m20,00016,0,pretrain,9vpqilhW9uI,00026,-5.509273142134708,5.568
train,pretrain,mPCDOij0bB0,00040,0,pretrain,jHLm5Lne3D0,00007,1.0623283831539592,8.256
train,pretrain,5vXRgT6egSU,00016,0,trainval,CiLnSGrcuEs,50017,1.5794685834887634,2.432
train,pretrain,yTR4sADS4qM,00001,0,pretrain,xlGG1OSpbKk,00001,7.547298745215286,7.552
train,pretrain,DJGreSgaOTc,00047,0,pretrain,iYwAMccbhYs,00013,-7.019083830417017,8.256
train,pretrain,bq39x2HWjNk,00019,0,pretrain,EHTmxmuhZ10,00025,1.1521760358129978,13.184
train,pretrain,9EVEmZ2cSes,00029,0,pretrain,HfotnZVEq80,00008,-3.7104018093634235,12.544
train,pretrain,4l3Kj3hVSVY,00001,0,pretrain,SeBUcBfkVCo,00008,7.613932290718282,7.68
train,pretrain,NRcPXtqdKjE,00012,0,pretrain,7Mqse6SLOds,00023,6.460368169514247,4.224
train,trainval,AoAbPIbGLUo,50008,0,trainval,ME0OeqjnVAw,50005,1.133452666074227,2.112
train,trainval,DSPWxjBgvF4,50029,0,pretrain,aUBawr1hUwo,00042,-6.111199620031225,3.456
train,pretrain,kSR8G8mfp84,00010,0,pretrain,vbHkhSfaQu8,00020,3.3400192465409972,3.84
train,pretrain,b2qM1ISJCEQ,00012,0,pretrain,IgKWPdJWuBQ,00011,-0.0724341125440997,6.08
train,pretrain,BRETz2FSheQ,00003,0,trainval,nO69NjadSec,50007,-8.938937001182754,2.688
train,pretrain,EgU3iSg8ZRY,00013,0,pretrain,l3uttHEZnTY,00010,0.927860138476861,2.624
train,trainval,vhfcedpoCLo,50006,0,pretrain,qKJv4S5peJQ,00002,-9.471474380425668,5.76
train,trainval,rAZPIxYvBAE,50002,0,trainval,bTE0MRRXNzs,50002,-5.631532377273523,2.24
train,pretrain,XLi6iYnnsGc,00022,0,pretrain,4mJ1aHFPS1M,00001,-1.322570839471604,11.456
train,pretrain,Mjoxh4c2Dj0,00017,0,pretrain,X41iulkRqZU,00037,9.637883966195798,8.448
train,pretrain,qVJBlW0j6tw,00008,0,pretrain,bkeBjPS9ZR4,00031,-5.538487997734773,6.4
train,pretrain,l5ZJ6bK1EIc,00003,0,pretrain,jZxLsDkvkVQ,00019,1.4261970606503382,5.76
train,trainval,LPwWYFOFTGU,50021,0,pretrain,RmXiItk49Gw,00026,5.523010396937904,3.328
train,pretrain,BISrGwNSyH4,00005,0,pretrain,zbHe4RpgV80,00027,9.69397319580558,7.296
train,pretrain,F2dFiK3wkRA,00026,0,pretrain,Sk0ywFgMpFk,00028,3.0177936047411187,9.024
train,pretrain,NFDmsNCGcvc,00004,0,pretrain,5nrn5fC001Q,00011,4.630815956098351,4.544
train,pretrain,m45SshJqOP4,00010,0,pretrain,SYpHNImNsx8,00006,2.6645210157154136,9.92
train,pretrain,bIiXsBVTfHc,00005,0,pretrain,cj5LZBmiQu4,00031,6.388931657796771,10.432
train,pretrain,uQGYr9bnktw,00022,0,pretrain,C4pHPSpgwlI,00016,0.5523355528464169,5.248
train,pretrain,OAK1UIbSFio,00025,0,pretrain,2FMBSblpcrc,00001,-5.152917527763259,4.096
train,trainval,0MMSpsvqiG8,50002,0,pretrain,HMYVHShBGWg,00015,9.37933669660131,2.304
train,pretrain,eHrcRquSEs4,00004,0,pretrain,ErexJkoDhGI,00036,6.464920642831554,4.8
train,pretrain,I9tB6Q5bmcQ,00009,0,pretrain,haTsrKptgIU,00013,-0.5179924555233839,3.776
train,pretrain,uYaF8pSTNSU,00024,0,trainval,zjvsA0v7r0g,50013,-7.378506069947093,3.456
train,pretrain,U9BzgnX3z6Q,00026,0,pretrain,H3TFShI7zKc,00015,-6.390914120516545,6.016
train,pretrain,SSogppqBahk,00008,0,pretrain,m048uAa8L3k,00014,3.74520934657337,32.896
train,pretrain,V2PP3p4S4R8,00008,0,pretrain,3aJma6R8Ptw,00014,-8.671228237213612,25.088
train,pretrain,lVQ3KUTHDe0,00002,0,pretrain,KqbRh4NIE54,00032,1.4524993809343822,4.416
train,pretrain,Sx1qkuvUxuI,00016,0,pretrain,q16f8km11Ms,00010,6.417931023094358,10.56
train,pretrain,pWX1oQEGl90,00025,0,pretrain,drXnDLHKKPM,00027,7.63869045810052,14.464
train,pretrain,ay8OMOsf6AQ,00038,0,pretrain,BSxI3YxAPW4,00025,4.372736551810439,6.4
train,pretrain,MAQihRikgZM,00003,0,pretrain,KDBcoRLkut8,00005,4.376013984675728,9.216
train,pretrain,5pW2b1vwwf4,00051,0,pretrain,5sS3Yjh9Lw4,00031,2.3947107207017595,4.416
train,trainval,BoRUrWcdkQ4,50001,0,pretrain,snHSSUcGSSE,00021,-2.413572083783011,6.208
train,pretrain,8lEUvISNgEE,00009,0,pretrain,mKkF6mAlX4k,00018,-2.870711820767273,14.656
train,pretrain,n1ARQsdNvmI,00015,0,pretrain,IkJTwfHPv6A,00020,6.27967344577705,9.536
train,pretrain,11Mq9ZuxZMc,00007,0,pretrain,Y0GHWogx0eg,00025,-9.826710527390235,3.392
train,pretrain,UuXeY3S2emA,00009,0,pretrain,IWjzT2l5C34,00043,-0.695666654879668,5.76
train,pretrain,mmhedbY8wjU,00013,0,pretrain,dj4Qk5rUmRw,00002,2.3543370206885115,10.688
train,pretrain,jAGgKE82034,00009,0,pretrain,aiDSQyFdd68,00033,4.765979479980464,15.168
train,pretrain,CiSk3gmyjQ8,00019,0,trainval,LLmhQmicusM,50025,5.992966710817074,3.2
train,pretrain,yVwAodrjZMY,00009,0,pretrain,Si644sBMaOY,00010,3.170483692146222,12.16
train,pretrain,MSLHHgSXloM,00011,0,trainval,H8Pr9Jnulxk,50006,-6.7395974595412085,6.144
train,pretrain,NPSelwWdPa0,00035,0,pretrain,gevXeQwS1jg,00039,7.315171866115676,4.48
train,pretrain,UwtYQFSJSQc,00026,0,pretrain,0SW0HFy9Et4,00020,8.573916816653838,4.544
train,trainval,JS8fYhwrYzI,50006,0,pretrain,WiGZGBowXQg,00008,4.715151373138617,5.184
train,pretrain,iunmpgOnpqM,00013,0,pretrain,fwm3azuoLr4,00030,3.370493286701908,8.448
train,pretrain,fSOupkS4VVo,00007,0,pretrain,yBdyFKqwKy0,00012,6.804679100106124,7.936
train,pretrain,KaiwGb0csas,00009,0,pretrain,T3I6LwDSfPE,00019,5.158367440624209,7.36
train,pretrain,5aLiFw8CSEA,00021,0,pretrain,BISCnsKyOuk,00033,-7.582643904937916,8.192
train,pretrain,Mu00S1dAMl4,00007,0,pretrain,R21MsHQA8vM,00040,-0.9133526951583733,9.152
train,pretrain,l5d8GW6GdR0,00002,0,pretrain,eIho2S0ZahI,00013,-5.845009968534667,3.968
train,pretrain,xossR6eHv3I,00006,0,pretrain,AAxJL17gZhk,00006,-5.047555991573736,5.696
train,pretrain,WyOSqjIABe0,00005,0,pretrain,MoSmgcxGYYE,00012,0.04214010890672526,6.336
train,pretrain,B4xOFsygwr4,00046,0,pretrain,PVfd6fg7QsM,00039,7.782646567156853,4.096
train,pretrain,uRdQS2sjF2s,00027,0,pretrain,MpISFKqk0Ew,00008,7.588596119491356,5.952
train,trainval,LPwWYFOFTGU,50020,0,pretrain,c8WMMSPUOj0,00021,0.7502545317113736,3.392
train,pretrain,fa7SkR2fz3M,00012,0,pretrain,FD5ZKiSmoMU,00060,6.40665168637544,3.84
train,pretrain,aSpHGbL5138,00001,0,pretrain,pGyOwnqpCKk,00013,0.39993997525955294,5.12
train,pretrain,HfotnZVEq80,00018,0,pretrain,ufJ7sOtuFd0,00007,9.176349574676152,2.688
train,pretrain,rThUrXYaneo,00005,0,pretrain,NuJg8auo7FE,00009,-4.454411865668573,6.208
train,trainval,2i0dGoh3VUg,50007,0,pretrain,cSsxBTNF2U8,00039,-0.7507414679814097,2.048
train,pretrain,SCEKKHyxgaw,00030,0,pretrain,F0ofeD8VKMA,00039,8.963875808236732,9.024
train,trainval,I2xDZlpInik,50003,0,pretrain,M9pPgIraoOM,00002,-9.473811544414454,6.016
train,trainval,G8w4UQL6aI0,50017,0,pretrain,8QuAokSXiyg,00034,1.7656606111208575,3.968
train,pretrain,F8pUtbSgrxc,00005,0,pretrain,YmRKlZEXVQM,00033,1.819640665259051,3.968
train,pretrain,2BOTS9GAjc4,00010,0,pretrain,EZ9tC3PigiU,00005,6.737249002920969,4.224
train,pretrain,0C5UQbWzwg8,00005,0,pretrain,AgMOJC5R4F8,00011,-9.017536133733872,8.384
train,trainval,IvtZBUSplr4,50004,0,pretrain,WF6SDe4USvE,00008,4.358164002012536,4.928
train,pretrain,o5ojwGhKr20,00013,0,pretrain,UVDgemuZdho,00002,8.97972019037984,4.736
train,pretrain,gSCSsL3it9Y,00010,0,pretrain,3UaOl8SYHes,00004,-9.838961034941548,6.4
train,pretrain,ARGkp6am3S8,00030,0,pretrain,mrZ6q4uUVL4,00013,-8.217525796089697,2.304
train,pretrain,4c1lqFXHvqI,00021,0,pretrain,0snNB1yS3IE,00003,0.7637639399577463,7.04
train,pretrain,sYySLEdYr8A,00013,0,pretrain,4rttG3xyHcw,00008,9.937018056745472,5.824
train,pretrain,7CmqNpCofc8,00026,0,pretrain,7pVPmmwSeJQ,00023,-2.7143650166866617,3.776
train,pretrain,S6cX2p5cBVg,00043,0,trainval,m1LeGwELv9o,50002,-6.510823662447169,4.288
train,pretrain,GW02Vo641dU,00030,0,pretrain,SGnmDWtyhAs,00025,-7.283480210571909,3.648
train,trainval,wfNX1cHkSfE,50015,0,pretrain,o5ojwGhKr20,00005,8.758022225437276,2.048
train,pretrain,IfzrN2yMBaQ,00001,0,pretrain,IJmr7MsS8fw,00025,-3.304052225827694,11.456
train,trainval,JLLpWtHbMAo,50022,0,pretrain,k5tCYg9s0HU,00007,-8.440889725443022,2.624
train,pretrain,CwpvSWtUP3o,00004,0,pretrain,W0WOfMeWvsQ,00011,9.411491537304137,6.976
train,pretrain,LlQXs0yofMs,00024,0,pretrain,0C5UQbWzwg8,00016,3.3359930733568515,5.696
train,pretrain,7ZW8SLQftnY,00012,0,pretrain,Wtp7R97jz5k,00017,-6.91706066482033,7.488
train,trainval,EgU3iSg8ZRY,50002,0,pretrain,CtvIX4s1bTU,00011,-4.181718769745764,2.048
train,trainval,ZIhFcjcc568,50014,0,trainval,ImmtTHYU5GQ,50018,9.7021841043181,2.304
train,pretrain,2wu28tI9VkM,00016,0,pretrain,rufeSSlZJg8,00012,0.46449763487818707,4.608
train,pretrain,X1DlJpPqDFo,00004,0,pretrain,E0k4IQ8fDCY,00009,8.840492428772187,3.008
train,trainval,deT1mILtFEY,50014,0,pretrain,Sttw2PxncIE,00022,9.650860780936203,4.416
train,pretrain,uRxwQsrI560,00016,0,pretrain,jDfeDOWiw3g,00008,-2.015097170680331,7.168
train,pretrain,KsqZqa9zYXA,00002,0,pretrain,KQEWc3LVfyc,00063,-4.025885058282714,10.496
train,pretrain,Qm172DbaSbc,00035,0,pretrain,MtSE4rglxbY,00042,5.6848176674591695,4.096
train,pretrain,py1RrSdVt5A,00028,0,pretrain,70uaS1e9YN0,00017,7.275001532130908,3.712
train,pretrain,2PR51JQkib4,00027,0,pretrain,w1TBZhdSsN0,00006,-7.482869473873133,4.48
train,pretrain,KExLCJAuTXA,00004,0,pretrain,emeEpzkf044,00013,4.67006454839456,11.52
train,trainval,5pXelS1clHs,50016,0,pretrain,6a6vVIdQBd0,00007,-8.71009321576365,3.072
train,trainval,BGRy5VUSLfI,50003,0,pretrain,MAQihRikgZM,00007,8.694202247891752,4.544
train,pretrain,QdAG161FeT8,00014,0,pretrain,vFPkEIGUofc,00019,7.155992791123374,14.016
train,pretrain,D1QoyTmeAYw,00001,0,trainval,jnS66SszwEs,50009,-1.3211814244063724,5.888
train,pretrain,kNQ99DQsNKw,00008,0,pretrain,gZCgWmose3c,00006,-9.643775868209906,9.024
train,pretrain,xLuMcYn8Yk0,00015,0,pretrain,c8WMMSPUOj0,00020,-8.875940272621321,8.384
train,pretrain,1BXYSGepx7Q,00029,0,pretrain,1X7fZoDs9KU,00029,-1.4343934700982075,3.52
train,pretrain,co2enjjt3J0,00022,0,pretrain,UwtYQFSJSQc,00033,-3.3542115390766565,8.32
train,pretrain,ISSupr6ayqw,00009,0,pretrain,fSf5wNwS2c0,00007,0.5634843086774239,4.16
train,pretrain,Wj4E90stS2c,00003,0,pretrain,FSNEIwDiCSw,00010,3.6322843059084953,11.968
train,pretrain,HA7GwKXfJB0,00022,0,pretrain,6H6wKMYSiEU,00002,0.9035511486055459,4.288
train,trainval,HSzqFSOft20,50008,0,pretrain,Hul8htHa9AY,00009,-8.958987627769732,2.048
train,pretrain,RlToQQfSlLA,00005,0,pretrain,ab0PKt50RGs,00018,5.401923639576454,10.688
train,pretrain,WiGZGBowXQg,00011,0,pretrain,2zvjW9arAZ0,00031,3.201401592890253,11.968
train,pretrain,LMrzdkSYnYY,00015,0,pretrain,OaGEMSRms48,00019,-1.7596894488613728,5.12
train,trainval,nxRRqLpWi6Q,50026,0,trainval,fSSNmDcLMKA,50003,-3.839963532046733,3.2
train,pretrain,mJxA8eIWQUc,00023,0,pretrain,Nhx1SyXMwCg,00032,-3.8094188290982007,7.104
train,pretrain,nqj6fH2i9go,00015,0,trainval,YAV96XSdMQo,50001,-2.9017165895639625,2.24
train,pretrain,6tpsSu5O0Ws,00004,0,pretrain,SryJK294Psw,00020,-9.51587920411453,4.864
train,pretrain,vdDFLzyk94k,00028,0,pretrain,CSUmoS40pqA,00023,7.6671564460420605,6.208
train,pretrain,IaWeJ8V3pg4,00014,0,pretrain,9RTkZaX1cH0,00005,-1.7349281308506406,6.208
train,pretrain,o5SrKh9BNHg,00004,0,pretrain,pWX1oQEGl90,00025,-0.7560995569734796,9.92
train,pretrain,HQzXqjT0w3k,00013,0,pretrain,eDFrlV106iM,00008,7.271257462395518,5.824
train,trainval,1z3Fgtj8fqk,50002,0,pretrain,7s0CpRfyYp8,00016,1.055269149151357,3.52
train,pretrain,O4Og5tFNiaU,00021,0,trainval,4GKTEDqbQIw,50026,-2.6064707574946056,2.176
train,pretrain,Sm5xFSUYgdg,00016,0,trainval,uJZWcKOIZMo,50002,-1.6424756503823357,2.624
train,pretrain,BEsJI6Nxo4Q,00001,0,pretrain,BgbD67U0BAQ,00007,5.588055694845163,13.376
train,pretrain,ye8sVvVJdg4,00011,0,pretrain,9y7YEmyzSDo,00011,2.8689879730854138,15.424
train,pretrain,zIwLWfaAgS8,00024,0,pretrain,OzvxbUnWJUc,00004,3.650056242538181,16.96
train,pretrain,qywLsqI5YeY,00016,0,pretrain,FM5SDGprLpc,00006,-7.57368632154046,10.944
train,trainval,2j00U6lUCSc,50005,0,trainval,pbSSrJGgVIo,50001,9.821492932129587,3.392
train,pretrain,VUT6GQveD0E,00005,0,pretrain,FktsFcooIG8,00024,0.988054995688552,10.432
train,pretrain,HA7GwKXfJB0,00023,0,pretrain,Bc2wVyl8RLI,00016,3.2813508355625682,6.592
train,pretrain,atKSMfx4E3I,00008,0,pretrain,LSGfqyhleUA,00009,-2.4814786787935255,4.288
train,pretrain,OyahH2o9AAk,00015,0,pretrain,x1177phymxY,00004,4.404585506564555,4.928
train,pretrain,dXMAS2tIknw,00006,0,pretrain,VbF2KPn3TrU,00011,-2.4140568902367,5.248
train,pretrain,KXAnS2epCPA,00002,0,pretrain,HDjM5lw8OYo,00025,-6.876233316569316,2.496
train,pretrain,SXJ20tt5nPQ,00013,0,pretrain,zAFcV7zuUDA,00001,-4.699953420332694,3.52
train,pretrain,8oeiOeDqSNc,00027,0,pretrain,HS8y0WLm78U,00093,-6.929581545492727,4.928
train,pretrain,tTvIEUGCigk,00034,0,pretrain,0jmST6bSUoc,00003,-4.044596143913564,14.72
train,pretrain,3icoSeGqQtY,00020,0,pretrain,DgofaSv4MA4,00015,4.276691799207084,14.336
train,pretrain,ZB50BfYlsDc,00016,0,pretrain,0ITHlySbhJE,00007,2.215800089186917,19.392
train,pretrain,EHTmxmuhZ10,00012,0,trainval,QG4Z185MBJE,50002,9.272541155440056,6.08
train,pretrain,evfgbVjb688,00045,0,trainval,rB6WmWvvyxg,50004,-9.316821418369363,4.16
train,trainval,7hWUhEA6hxk,50007,0,pretrain,cMhPOiuDzBc,00023,-5.368866828937959,4.352
train,pretrain,xp0O2vi8DX4,00028,0,pretrain,ftWn4QOvTTo,00009,5.663002030112418,7.36
train,pretrain,DSbtkLA3GrY,00058,0,pretrain,7NJhq163t78,00003,-5.357888427132158,8.768
train,pretrain,EhM56Fk2aFk,00032,0,pretrain,P2y3Uspr8Bg,00022,-9.381530452218911,9.216
train,trainval,bUaU9kdt9I8,50005,0,pretrain,UiosQf4GqnQ,00003,-6.272300378706368,3.776
train,pretrain,g2J6YOiLNr4,00057,0,pretrain,cOIJGGgaSIY,00001,3.175697402207753,4.928
train,pretrain,SSV07QKguBI,00025,0,pretrain,VvQSG24Zwek,00003,-2.997903677832527,5.44
train,pretrain,Zx8uYIfUvh4,00008,0,pretrain,r9LelXa3USI,00024,6.338968691651424,3.776
train,pretrain,0HEXx3SP8kk,00025,0,pretrain,5K57kcs15DY,00011,-8.468936488517356,3.904
train,pretrain,0af00UcTOSc,00001,0,pretrain,N0vRIqeoefs,00009,9.705438099760528,4.16
train,trainval,VJRBx0JjMSM,50017,0,pretrain,lqbLSUhhyPk,00006,1.8215022082000143,4.288
train,pretrain,Ftow7dSpaiY,00002,0,pretrain,OKIyDMaxh4w,00029,-9.61737021329482,18.752
train,pretrain,dwU8eavPInw,00060,0,pretrain,ASQpKiUSNHo,00033,7.952969448759141,5.44
train,pretrain,gyM6rx69iqg,00037,0,trainval,4lzs5wpLkeA,50001,2.447547241323951,4.48
train,pretrain,PktUzdnBqWI,00003,0,trainval,M9pPgIraoOM,50002,-3.4000465794270696,4.16
train,pretrain,U8XD0CcNhPU,00015,0,pretrain,1bXAkbCyjpo,00038,1.990588738242602,4.608
train,pretrain,s6rJLXq1Re0,00004,0,pretrain,cWCSzDdF74s,00014,9.212271900464078,5.248
train,pretrain,f68AdM1m4hk,00026,0,pretrain,8jkri0AeZWQ,00011,-7.504413361638507,4.736
train,pretrain,kNhyOYv2ejw,00022,0,pretrain,BQj2ZSGPsY8,00002,-4.441292615421988,4.352
train,pretrain,S3SnIMZ43EQ,00039,0,pretrain,NJ9Iq7ReMDs,00002,5.59101650136701,5.696
train,pretrain,UOn3zOp8JPE,00006,0,pretrain,hi4QzyuSi6o,00015,-7.9084077273303315,9.728
train,pretrain,XBaRdmEVy8s,00023,0,pretrain,43e6eAAeGCs,00009,-8.606015899377457,4.672
train,trainval,znO7UHpxgTI,50009,0,pretrain,3nsPcBJAdxI,00011,-9.428650494297994,4.48
train,pretrain,ElJxUVJ8blw,00055,0,pretrain,tFX68SJs2S0,00008,-9.077504021024719,3.712
train,pretrain,YdSSA7POsN0,00001,0,pretrain,SDjLpMj3BDU,00005,-4.936993247693822,8.832
train,trainval,BT2XlI8oeh0,50024,0,pretrain,NR33yerZgso,00008,1.6460695563338916,5.44
train,pretrain,1gTNgijhKzw,00034,0,pretrain,AhKevstJyrc,00036,-5.401140151155928,5.696
train,pretrain,JCI9FBP0Abg,00038,0,pretrain,2l0sZrrWlrU,00016,-1.634169423916628,5.76
train,pretrain,ltelQ3iKybU,00009,0,pretrain,ISSupr6ayqw,00007,9.224610372425154,5.376
train,pretrain,Ftow7dSpaiY,00015,0,pretrain,oPBC15XYl3Q,00007,2.6518147962478356,12.16
train,pretrain,AIfBSkVI6NQ,00007,0,pretrain,Nt88TSEAgDE,00010,1.2972880060681184,9.6
train,pretrain,lUaSg8ZNswU,00004,0,trainval,Mpge4XQqfac,50001,9.783434897192414,6.016
train,pretrain,GS1xL1qcBa4,00016,0,pretrain,imhUmLtlZpw,00019,-7.08072093120983,7.936
train,pretrain,HSZ1ZvjlKDE,00008,0,pretrain,dooLZNsHVDY,00006,0.36922282191823363,11.776
train,pretrain,0z03xkwFbw4,00014,0,pretrain,1BHOflzxPjI,00011,9.684612768815818,3.392
train,pretrain,tTvIEUGCigk,00026,0,pretrain,MUOSpWJ0riQ,00018,8.062829194988705,5.824
train,trainval,p49rv25dx0g,50027,0,pretrain,FsSKVSf1EJk,00001,8.193776557856324,5.376
train,pretrain,60P7717SXOQ,00044,0,trainval,J6oMG7u9HGE,50008,4.8392132269763835,2.56
train,pretrain,2EeqUSQMjbw,00013,0,trainval,4SkoG9FWP4w,50009,-2.613794549614658,6.016
train,pretrain,fSOupkS4VVo,00018,0,pretrain,maMU4XZYdtQ,00002,1.0191748540784609,10.368
train,pretrain,eRQdAOrqvGg,00033,0,pretrain,y9Trdafp83U,00022,7.3217012582999565,7.04
train,pretrain,Yn9fTcSWMbo,00007,0,trainval,YmRKlZEXVQM,50007,3.9571654377303425,5.568
train,pretrain,u7SWcQaoaRQ,00015,0,pretrain,FdHJw0veVNY,00018,8.61761937841242,4.288
train,pretrain,2Shh4UkPVCc,00022,0,pretrain,eR22lqzdIHU,00006,-6.106884554480779,3.968
train,pretrain,ftWn4QOvTTo,00018,0,pretrain,Aetg4kJie0o,00014,-1.2666074601044173,10.752
train,pretrain,U9BzgnX3z6Q,00002,0,pretrain,xy7SMVCRFbQ,00006,8.829149021745135,9.536
train,pretrain,aFBIPOSP7LM,00002,0,trainval,UQniNhS6LOY,50001,-5.976279236861151,5.824
train,pretrain,Y81rCiw1LPY,00018,0,pretrain,PXMJobWlXks,00002,-7.311862121772565,12.608
train,pretrain,nPGVm6OesQk,00030,0,pretrain,USmTQeKRaP4,00028,8.000428843819485,5.952
train,pretrain,URSuWwvpn5c,00033,0,trainval,sa0RUmGTCYY,50041,-0.21836125085375713,2.176
train,trainval,Pzd7ReqiQnE,50004,0,trainval,ImmtTHYU5GQ,50025,-2.2457996299057577,4.16
train,pretrain,gh5VhaicC6g,00008,0,pretrain,MgnnQ2CN6yY,00031,6.088841362440952,7.296
train,pretrain,ekUh9AW1hKg,00001,0,pretrain,3Z6x5t5A9so,00044,-4.613714364072883,4.736
train,pretrain,59SRn1SkWAA,00003,0,pretrain,J6tgYBMXR6s,00059,-4.161860573654934,16.0
train,pretrain,kNhyOYv2ejw,00036,0,pretrain,FLbEKpLS5Z0,00025,-2.8385346089144488,8.0
train,pretrain,bVV2Zk88beY,00021,0,pretrain,qItCBNzqdn8,00011,-2.2385762358131682,16.832
train,pretrain,qQIwTWJSd2I,00027,0,pretrain,iKHTawgyKWQ,00007,-8.688546892338035,3.52
train,pretrain,nZLO2PnGzMg,00010,0,pretrain,HB2SlA68YDU,00025,-2.659699859659148,50.432
train,pretrain,0ygtX2nyexo,00006,0,pretrain,oDdcx5luv5s,00048,3.869108780116555,8.256
train,pretrain,gF9PSRLjGGw,00018,0,pretrain,7ZoOyNTyjQE,00011,3.5265906777112566,3.776
train,pretrain,OHBaOyaltpU,00007,0,pretrain,Pro06WQG77M,00020,-4.597184067083562,8.128
train,pretrain,HjcKVB10Ucc,00010,0,pretrain,cQl6jUjFjp4,00019,0.4392316266242311,12.928
train,pretrain,XBaRdmEVy8s,00003,0,pretrain,f8nkcRMZKV4,00013,2.312558081977178,6.08
train,pretrain,FcoJt2KLC9k,00018,0,pretrain,9usocDBGnvA,00025,5.551069666580876,2.56
train,pretrain,KTvSfeCRxe8,00063,0,pretrain,7p4zw4SqgUw,00009,5.3270545227009,12.288
train,pretrain,EzZzZSqpZ4w,00002,0,pretrain,zESeeaFDVSw,00016,-8.913147062176916,5.056
train,trainval,6tpsSu5O0Ws,50009,0,pretrain,mWA2uL8zXPI,00027,-2.97888010409717,5.376
train,pretrain,xTMZJvfzxGY,00027,0,pretrain,mGBHC1R3e7s,00004,0.9267812950129404,13.376
train,pretrain,HH3m1OSiOT0,00016,0,pretrain,ZuCX92wuw2g,00035,9.762288158662557,6.912
train,trainval,DJGreSgaOTc,50013,0,pretrain,btF6nKHo2i0,00005,-6.3882771384541615,6.08
train,trainval,lVQ3KUTHDe0,50010,0,pretrain,5tUnSuoYKoE,00060,0.8965031897233562,5.888
train,trainval,7Xmr87nsl74,50010,0,pretrain,AyWtIwwEgS0,00027,3.5355898958835557,5.12
train,trainval,SJWoKsfsSaA,50010,0,pretrain,qy4uuAfRFnI,00008,7.514183244649708,3.648
train,pretrain,hgui64Kr0Go,00041,0,trainval,SVB39Jo8mAQ,50009,6.337616037602984,2.496
train,pretrain,xDe346z233Y,00010,0,pretrain,hSSmmlridUM,00008,-8.374801942516738,8.576
train,pretrain,VASXSkawBiY,00028,0,pretrain,7LcSdlVrg5M,00041,6.653969795731733,5.696
train,pretrain,s32OdFz9ttk,00018,0,pretrain,sBsuIAscshE,00005,5.4003724235938435,5.312
train,pretrain,LPrS7Skx9Y0,00038,0,pretrain,bGBamfWasNQ,00016,-0.10734771369203955,6.528
train,pretrain,sYySLEdYr8A,00013,0,pretrain,J10EaonNV2A,00006,-9.166433065910224,3.648
train,pretrain,DLccHLwdS6Q,00015,0,pretrain,DjcZrtcBZi4,00011,4.384365621277697,15.04
train,pretrain,150cqgYh8sQ,00026,0,pretrain,qGSYmIPFO68,00020,-2.2827645504784417,3.712
train,pretrain,v9dEgXR1iWE,00003,0,pretrain,1mUDw0sRZV0,00011,6.736905091946422,8.64
train,pretrain,XS3m37czBfk,00001,0,trainval,nx3GuO41Jyg,50022,-2.2410996133032635,2.112
train,pretrain,2OH1xSaKSmI,00011,0,pretrain,1OQkdRdfyjI,00015,-0.5269016647228764,3.968
train,pretrain,P9YbrVFoX0Q,00005,0,pretrain,nz0cAjXVepg,00009,4.004434004457789,13.952
train,pretrain,vqqWw3xkMzA,00002,0,pretrain,bRuU02haIK8,00023,-0.5759732516515133,4.288
train,pretrain,4wOxJOPnSUg,00036,0,pretrain,VC3H1lMEeS4,00023,-1.2920427930251748,5.248
train,trainval,DG7kSeazMQ4,50003,0,trainval,SZSvyLHi2us,50001,0.1987990722204458,6.016
train,pretrain,pGSQG0IyNTo,00020,0,trainval,dLHWVTa5xZs,50003,7.431751695592656,3.264
train,pretrain,zIwLWfaAgS8,00027,0,trainval,zcwySEjaQlc,50003,-1.9652400558896304,5.504
train,trainval,2BOTS9GAjc4,50013,0,trainval,dLHWVTa5xZs,50012,-7.487878483470585,2.688
train,pretrain,8OkzozrUEHY,00021,0,pretrain,KIMWfSe7ZJI,00028,7.237860427860387,5.568
train,pretrain,AHfiKav9fcQ,00040,0,trainval,DSPWxjBgvF4,50040,-5.1654333310187805,6.208
train,pretrain,OkKhI6St40w,00005,0,pretrain,6JM9JD2iYrk,00015,-2.6411462020012166,5.44
train,pretrain,c6mhFgAjqwA,00018,0,pretrain,aiIxdFBA0Sw,00019,5.745084923915284,5.888
train,trainval,p9UC0chfXcg,50009,0,pretrain,PS6vDLq64gE,00022,1.609856351682975,4.288
train,pretrain,dLmK4gZ0oz8,00011,0,pretrain,7ShFmRzffOg,00008,4.458676057051443,5.888
train,pretrain,NWUFjb8w9Ps,00024,0,trainval,V1xt7zgnuK0,50001,0.28094686966687377,5.824
train,trainval,7shXEFuxHAA,50001,0,trainval,qS7zAkwAOYg,50005,6.636454188123288,2.496
train,trainval,ZhDgwrKSBWQ,50018,0,pretrain,CBSU7vJn0us,00029,3.6065393401424934,3.328
train,pretrain,IvtZBUSplr4,00016,0,pretrain,IOzdXNXzDqE,00015,-0.7921934669768138,7.616
train,pretrain,RsiLLNziScM,00028,0,pretrain,CEN4XNth61o,00050,-2.621288308014112,5.12
train,pretrain,uJZWcKOIZMo,00016,0,pretrain,d0a0eXJ5TJM,00008,-1.0386215574913393,5.568
train,pretrain,nQcgD5DpVlQ,00025,0,pretrain,NiKtZgImdlY,00006,6.36678767964316,4.8
train,pretrain,vvhiNSqq6oo,00018,0,pretrain,UTwRlz13NYI,00004,-3.9876315441206494,7.936
train,pretrain,aySy3tSYGYw,00004,0,pretrain,5nrn5fC001Q,00013,9.616896878757814,4.096
train,pretrain,OMhLrHPI0Tw,00003,0,pretrain,LhszKevcH30,00009,4.728188937411655,12.48
train,pretrain,F5FYYV59Eew,00004,0,pretrain,f5udS4pbXPk,00004,-9.260514099934197,4.288
train,pretrain,k4vzhweOefs,00061,0,pretrain,DM1SDVSFhc4,00006,-4.3716889703232,7.424
train,trainval,ur03GAmIV8A,50002,0,pretrain,QLBtr2rOFkI,00001,-4.94462539178238,3.136
train,pretrain,KqbRh4NIE54,00037,0,pretrain,zBSaSy6aKTY,00011,-6.670985202448303,12.16
train,pretrain,w2itwFJCgFQ,00013,0,pretrain,cbSts8fUhB8,00004,3.61252595399273,3.904
train,pretrain,7LcSdlVrg5M,00029,0,pretrain,imaWSTabxOE,00005,-2.064088217460043,5.376
train,pretrain,1fZ4XOnnh1c,00003,0,pretrain,WmJwn4WDeLE,00004,-6.05367593984683,5.696
train,pretrain,QHIocNOHd7A,00003,0,pretrain,zIwLWfaAgS8,00017,-9.206200338380128,6.912
train,pretrain,34a7UEzZdsA,00009,0,pretrain,Vqm8fXFFHyY,00005,-3.7362199018523023,7.04
train,pretrain,RxyQNEVOElU,00023,0,pretrain,W4zepOS7dgk,00010,-4.785434780122384,5.888
train,pretrain,Sx4Gsh0r9HU,00016,0,pretrain,okQXrB7ySAw,00020,0.9480064437746254,3.456
train,pretrain,19KkFCQz8WQ,00015,0,pretrain,ASQpKiUSNHo,00035,4.527936613403153,6.016
train,pretrain,jFG7jqJXbno,00035,0,pretrain,46w99bZ3WSM,00030,-3.0047563962398787,6.464
train,pretrain,yG7v4ySxwzQ,00011,0,pretrain,MOptnpjKJOM,00019,-0.3337438911567254,4.672
train,pretrain,6H6wKMYSiEU,00011,0,pretrain,UQkIbUvcs7w,00024,1.9027314474867278,18.88
train,pretrain,FauPVZxDXxk,00007,0,pretrain,DGvPfD1Dd1U,00013,-8.633987866379943,5.568
train,pretrain,YhJPoyv8O3A,00001,0,pretrain,9YGZkgkj3fM,00006,-3.296701352477232,7.168
train,pretrain,qMppKiqMpAk,00008,0,pretrain,Wai4ub90stQ,00030,-7.3822242846117785,4.608
train,pretrain,jk6Y3f2c4SI,00018,0,trainval,8olL43PKJKw,50003,-1.8225471400704123,6.08
train,pretrain,1tcqfWkiShw,00009,0,pretrain,h4MhbkWJzKk,00025,-9.094904587021462,3.648
train,pretrain,J6oMG7u9HGE,00028,0,pretrain,UoBUXOOdLXY,00012,-8.562972758681317,6.272
train,pretrain,IJmr7MsS8fw,00040,0,pretrain,qykSnLkPM7E,00006,-9.214516698316695,4.416
train,pretrain,StqRJhHNUGA,00005,0,pretrain,gmSsyvrI2Xw,00009,6.1930271738660245,4.224
train,pretrain,nFSdHdNOgSA,00020,0,pretrain,AYzA2uyd9Ss,00006,4.547727288950476,4.16
train,pretrain,dE1DuBesGYM,00031,0,pretrain,OkKhI6St40w,00012,-2.7193727532656435,4.928
train,trainval,00j9bKdiOjk,50002,0,pretrain,svNcoU59IQ0,00004,6.093487014959152,5.888
train,pretrain,SS3qnZrVy9o,00018,0,pretrain,bUaU9kdt9I8,00027,-5.9132011920533545,9.216
train,pretrain,gmSsyvrI2Xw,00024,0,pretrain,a4ZBzM3L6ws,00007,8.725838197313156,13.44
train,pretrain,mK2TDdEP58g,00020,0,trainval,WbuIl6phdco,50010,-0.7102616139627713,2.752
train,trainval,a5xR4QB1ADw,50007,0,pretrain,9KACXVScWS4,00017,-7.811763016684939,5.824
train,pretrain,oDtZi2SUm8Q,00005,0,pretrain,HTf7Ziklcms,00040,-1.78455967411821,14.08
train,pretrain,YL1XwfyaS00,00016,0,pretrain,SKx2lfobPuU,00026,9.676080988989582,8.384
train,pretrain,855Now8h5Rs,00004,0,pretrain,KVjkFqS7Y6A,00030,-6.568234157864435,14.336
train,pretrain,8iQnrM3DkVI,00021,0,pretrain,BA8XOF6IpXA,00024,0.22549024240858095,9.536
train,trainval,5FjuSwOaV3Y,50004,0,pretrain,pxzUDc1Zs4E,00004,8.305004366052092,3.84
train,trainval,oeL72c6scAs,50006,0,pretrain,43e6eAAeGCs,00041,-3.7129050394443013,6.016
train,trainval,cPsP4F1qYCI,50001,0,trainval,fDV4fDWUo6U,50001,-0.45819560887578703,2.368
train,pretrain,XRP4xfN89Ss,00024,0,pretrain,SCEKKHyxgaw,00034,-7.65404400437675,9.472
train,pretrain,bjNSaXg4S6Y,00016,0,trainval,GROCkg810R0,50009,-7.092524626391841,5.824
train,pretrain,SS6ZojCzNGY,00011,0,pretrain,IMTcuU0KLSw,00015,-0.2915079082514005,7.616
train,pretrain,hiM48jSNZOU,00019,0,pretrain,d4Dj0qdWLnk,00006,0.5685075114690452,5.824
train,pretrain,FnL7I6tESAs,00016,0,pretrain,SpSGKCr8rq8,00001,3.5635927311556674,3.904
train,pretrain,ZdvUktSa1I4,00007,0,pretrain,E7sqRrUoL3U,00004,8.971506942670764,3.776
train,pretrain,BDOSUiEh0eY,00007,0,pretrain,K2mhMzVCfhI,00006,1.4413915835670394,3.84
train,pretrain,T2jwSUhu7ok,00019,0,pretrain,NDQ1Mi5I4rg,00024,-6.440514988564683,16.64
train,pretrain,VObLitSe3K0,00026,0,trainval,ufp5iGh0agA,50002,-0.43489500450709784,4.288
train,trainval,ZdvUktSa1I4,50002,0,pretrain,4Z75ASJMBx4,00043,-4.096606914254308,3.968
train,pretrain,85bqT904VWA,00003,0,pretrain,b6rAgHcuYtE,00016,0.05147623049787953,3.648
train,pretrain,JDDGhGiaAZU,00004,0,pretrain,FqSVvAxDBRY,00002,8.970332385910158,3.52
train,pretrain,QSfFattg8N0,00025,0,pretrain,I9telSZCswM,00002,9.50184929019693,7.68
train,pretrain,xf8zep5BADs,00008,0,pretrain,H8Pr9Jnulxk,00026,1.5613755387849473,6.848
train,pretrain,ZBg5QvcZQP8,00010,0,pretrain,eIho2S0ZahI,00020,-5.248397950534058,6.272
train,pretrain,BoRUrWcdkQ4,00013,0,pretrain,sSW6bWecDjg,00001,-7.439596780490712,8.32
train,pretrain,uCC3dS7FrkQ,00005,0,pretrain,XsvgWEdydDI,00005,-4.155093326083401,13.504
train,pretrain,b4sMMWJYUOs,00004,0,trainval,tAcQfn96yFk,50009,8.330772106596914,5.76
train,pretrain,WoSHlZ54b6Y,00007,0,pretrain,yq3TQoMjXTw,00002,7.161372517935806,3.264
train,pretrain,2g9GedPylM8,00012,0,trainval,ATISgVUKetI,50013,3.2402883586437987,3.264
train,pretrain,St7SxHszKws,00025,0,pretrain,vLEUSsEeiSU,00004,-5.937917513524134,7.488
train,pretrain,ISSupr6ayqw,00025,0,pretrain,AhUhpfKeLus,00009,-2.8751993755961225,7.104
train,pretrain,MwzqSswl4cI,00042,0,trainval,ce31WjiVcY0,50010,7.8044187743711895,6.08
train,pretrain,3dy4SGkSD8M,00005,0,pretrain,P2y3Uspr8Bg,00001,-5.3744656863717255,4.352
train,pretrain,qp0HIF3SfI4,00008,0,pretrain,uWfLwKHSEko,00063,-1.4777982586958078,7.424
train,pretrain,oJfFMoAgbv8,00019,0,trainval,CFADnhYKDHg,50015,4.146349106033236,6.016
train,trainval,nPdUMWGWE28,50008,0,pretrain,Wm0GKnd3JvA,00002,1.078300453397226,5.76
train,pretrain,ZCS0MZuVBwE,00010,0,pretrain,yA1O5gmP4eg,00012,1.3438955450939325,3.52
train,pretrain,mwrLVvORugw,00021,0,trainval,I9cmQFj13rc,50010,9.119623165309601,2.496
train,pretrain,NJ9Iq7ReMDs,00011,0,trainval,0TOkvcqeVQY,50004,-9.12078804200415,6.016
train,pretrain,BGcJXAXSSd0,00015,0,trainval,DajRM7VyeZ4,50001,-8.93781821751443,3.776
train,trainval,mS8tQSTYLgk,50011,0,trainval,jqWHy6B0ADA,50012,0.20283824906660897,2.944
train,pretrain,cSsxBTNF2U8,00058,0,pretrain,JDDGhGiaAZU,00032,-1.937538264234595,12.48
train,pretrain,DG7kSeazMQ4,00061,0,pretrain,mArrNRWQEso,00039,8.261304313977934,6.592
train,pretrain,nUdsTizSxSI,00020,0,pretrain,mArrNRWQEso,00071,5.922967706385796,5.76
train,pretrain,0af00UcTOSc,00025,0,pretrain,4ZgwzSm7sRs,00035,-3.9322740433354353,3.776
train,pretrain,bo4HiVetBd0,00003,0,pretrain,C2SVEM19NHA,00026,-5.453318616898368,7.488
train,pretrain,U7y4GlmwPLQ,00024,0,pretrain,DZT6YpCsapg,00026,-9.275040643007234,6.912
train,pretrain,vo2cse4CoGM,00006,0,pretrain,Wj7hmzfX5eQ,00024,8.936734946313628,12.928
train,pretrain,Smhe7COLiR0,00008,0,pretrain,6diqpGKOvic,00010,0.6088399118168102,9.984
train,pretrain,eJnlgDUcxOQ,00034,0,pretrain,0ueGFLVFi80,00013,2.9094274402272635,6.336
train,pretrain,fXf3CCyhLGU,00012,0,trainval,XLi6iYnnsGc,50004,-1.5771213455585347,6.144
train,trainval,lw3YTbubyjI,50007,0,pretrain,Ufs8cKyzLvg,00003,-5.797710152466551,4.48
train,pretrain,u1K6hnm09xs,00016,0,pretrain,czfduTtXLbI,00020,5.830227010260394,14.4
train,pretrain,zXSrqdSohyA,00022,0,pretrain,j97WsAz3CDY,00007,7.020062894885207,4.736
train,pretrain,BQj2ZSGPsY8,00005,0,pretrain,P6w7Eq7YhL8,00001,-4.932021560089992,10.816
train,pretrain,u5GCetbP7Fg,00039,0,trainval,vHhn7z6BA0w,50003,-5.158344983831471,3.52
train,pretrain,yJJtRWFLSgw,00007,0,trainval,z0HsPBKfhoI,50007,-9.653119791968601,4.096
train,pretrain,xPK2Ch90xWo,00005,0,pretrain,tlB1pFwGhA4,00009,-5.971276241210395,6.208
train,pretrain,NRXCxJGQ4KY,00034,0,pretrain,U23gPSGhW1w,00011,-7.725530512033556,6.848
train,trainval,vcSn852sv3E,50003,0,pretrain,jUIfiLplNqQ,00005,8.612786918771903,3.648
train,trainval,E0M1beV91js,50008,0,pretrain,IkJSZGQaeak,00008,7.100155110031881,3.776
train,pretrain,uKByBgqxOw4,00003,0,pretrain,nTFEUsudhfs,00007,-9.309861949327257,8.64
train,pretrain,voXOUWiJuLo,00019,0,pretrain,ao3NtIZ0iBU,00022,-2.0070193369173417,7.68
train,pretrain,V1xt7zgnuK0,00004,0,pretrain,HCG1petekXw,00011,-0.4904814729529612,5.184
train,pretrain,2wu28tI9VkM,00005,0,pretrain,waRCSCQnoeY,00004,-8.247257815683753,13.888
train,pretrain,Rv9SwZWVkOs,00026,0,pretrain,SgjGcBTyScY,00008,1.8781266174080358,4.608
train,pretrain,wN3ovSzal3g,00005,0,pretrain,u9FSvAVQvGM,00003,2.0029450367981525,25.92
train,pretrain,O4Og5tFNiaU,00026,0,trainval,RhgrbQmYOSY,50004,-7.627588968334802,2.112
train,pretrain,zwjLQgNd7XM,00011,0,pretrain,vrU6YJle6Q4,00041,-0.5886092492438202,3.136
train,pretrain,RtFFT4zjyTM,00028,0,pretrain,UiCJhSuLdok,00011,8.192869104552294,13.568
train,pretrain,XSuZ6ukuz5s,00002,0,trainval,vVY8L56oxSM,50001,-7.752205276638242,5.248
train,pretrain,nLeeTVmVrtA,00016,0,pretrain,CXvUdCdKTJY,00005,-3.881416964921547,7.488
train,pretrain,EhM56Fk2aFk,00013,0,pretrain,fTosle3h3G8,00007,1.1550433562516478,3.84
train,pretrain,UQzvNIIMayo,00037,0,pretrain,nVEvzeIXbpk,00039,2.043779484237673,3.84
train,pretrain,RSl1ramE35s,00043,0,pretrain,WWloIAQpMcQ,00003,9.586007492725578,8.96
train,pretrain,j06dz9eDgqY,00029,0,pretrain,PlQ3VdvvTvE,00025,1.3106676098753098,7.808
train,pretrain,SKx2lfobPuU,00001,0,trainval,Lh9lDWPMWrM,50013,-6.525033193395851,2.432
train,pretrain,kTsqFn33RiQ,00022,0,trainval,Br1AIvMrvAE,50005,-8.936800046181606,2.368
train,pretrain,7vsO7SHLJMI,00036,0,pretrain,ftWn4QOvTTo,00031,9.24498560238374,6.016
train,pretrain,0QbLI1U4cLE,00023,0,pretrain,BT2XlI8oeh0,00014,-7.861567154257072,3.648
train,pretrain,3NzgEwye6Uk,00013,0,pretrain,tV2RLLtOgL4,00020,-0.7658456301854439,6.144
train,pretrain,0g2WE1qXiKM,00026,0,pretrain,yg8SBuTuoKk,00016,5.797269170699263,3.84
train,pretrain,x8jdxSlf2Dw,00011,0,pretrain,gHxr8uJeqsg,00005,-0.00939907830071185,4.992
train,pretrain,iQsnObyii4Q,00017,0,pretrain,I64CQp6z0Pk,00003,-8.340608880332926,4.608
train,pretrain,mWp4Sp8GTgI,00007,0,pretrain,JmCtZzSRztQ,00006,-1.8359586576324674,21.248
train,trainval,th3nnEpITz0,50005,0,pretrain,cplaWsiu7Yg,00001,0.7138750964365812,3.84
train,trainval,hqQSTqVNnOY,50006,0,pretrain,jJXMvOqS5bM,00004,-1.0497546111835998,3.968
train,pretrain,PrIvtWhI1DM,00003,0,pretrain,kySSXxxiWHg,00014,6.704626479041686,27.648
train,pretrain,SV2FB4ZmsTQ,00003,0,pretrain,swI68y2oQ60,00016,5.269690452475704,14.976
train,pretrain,RVX8ZSAR4OY,00010,0,pretrain,31PyAjy6Nl0,00013,4.060911486797522,4.672
train,trainval,FpHPVrsEkYY,50001,0,pretrain,fw01Sq0cxM8,00007,8.136968627337595,2.688
train,pretrain,WoSHlZ54b6Y,00012,0,trainval,pCHWOt3FOgY,50007,8.968060417359169,3.136
train,pretrain,dXMAS2tIknw,00006,0,pretrain,jSOPQgPIdKg,00047,2.290045025287707,5.952
train,trainval,Wtp7R97jz5k,50003,0,pretrain,1QX7aoxSTAQ,00025,5.342845293363965,5.184
train,pretrain,87vO1XhHuHI,00004,0,pretrain,F6NU0DMjv0Y,00047,2.5514327757880384,31.488
train,pretrain,ISjk9ni4XWk,00009,0,pretrain,WMKBalpKvwE,00001,0.7467776358634914,5.76
train,pretrain,WIebxoTx408,00013,0,trainval,eIho2S0ZahI,50001,-0.35885593259350657,4.608
train,trainval,yP2niXStKVQ,50013,0,pretrain,796LfXwzIUk,00031,7.505351527610557,3.008
train,trainval,sa0RUmGTCYY,50044,0,pretrain,9qd36SQPxSY,00025,9.255345337539161,3.776
train,pretrain,B9DdIivSGts,00025,0,pretrain,xV7IvRT5Qyw,00029,7.388535987942721,7.232
train,pretrain,nx3GuO41Jyg,00004,0,pretrain,o5ojwGhKr20,00012,3.5692067980125604,4.864
train,pretrain,apiScBmE6rA,00018,0,pretrain,N7wF2AdVy2Q,00001,0.6092083934857762,7.232
train,pretrain,2FMBSblpcrc,00001,0,pretrain,f6CILJA110Y,00023,1.2777867766320998,6.528
train,pretrain,MrEuta9GPGM,00009,0,trainval,BJsrYqPtXFM,50002,-1.7283457562632414,3.136
train,pretrain,bfAzi6D5FpM,00009,0,pretrain,2wu28tI9VkM,00019,-1.4350948796336205,18.048
train,pretrain,F2SIP2nSEoc,00003,0,pretrain,JSLUS3qLv0I,00009,5.059751337481904,6.4
train,pretrain,3GBrJiSMFu0,00011,0,pretrain,uSD6RlqHwOk,00004,-6.605803653902623,6.208
train,trainval,3E7hkPZSHTk,50010,0,pretrain,c2tOp7OxyQ8,00001,-7.3843213103497956,3.008
train,pretrain,t1ZSoufuQg4,00007,0,trainval,NdKEy6vcCMw,50003,-4.601023426604338,3.648
train,pretrain,Ftow7dSpaiY,00017,0,pretrain,py1RrSdVt5A,00026,-2.6692875858838754,6.08
train,trainval,3sUWSDHOVn0,50018,0,pretrain,Tu01sNfs5SQ,00016,-7.601175183521216,5.76
train,pretrain,dsCNuBSKBUw,00008,0,pretrain,owl8keTUioo,00002,-8.252994488267957,6.208
train,pretrain,JeHqgambbcI,00015,0,pretrain,CDdpQSLr7YE,00003,8.822625650535322,15.616
train,trainval,H2rG4Dg6xyI,50009,0,pretrain,bJ8Kq1wucsk,00026,-9.584057458211646,2.88
train,pretrain,Svo01ldlTQc,00004,0,trainval,5tUnSuoYKoE,50007,-1.9883259784215888,4.416
train,pretrain,OXQwtTOnLvg,00017,0,pretrain,LTtTfCwkIW0,00002,-3.329729853894703,5.056
train,pretrain,NgDGlcxYrhQ,00024,0,trainval,uDIyxxayNig,50003,1.671220114985477,4.16
train,pretrain,NbpSibMSEiE,00005,0,pretrain,VASXSkawBiY,00007,-5.754070793158997,7.168
train,pretrain,yzm4gpAKrBk,00019,0,pretrain,APPbSStpGHk,00008,3.011771324066462,11.776
train,pretrain,CXvUdCdKTJY,00031,0,trainval,H3TFShI7zKc,50003,-5.587058045074739,3.264
train,pretrain,ro1Ksq5DihU,00014,0,pretrain,LoXAAEy6YQU,00024,-5.650204166204922,9.6
train,pretrain,1InHN8JPazA,00038,0,pretrain,aEjUlH7bNDo,00012,-2.3036866721722156,19.52
train,pretrain,YLGX78yqcsQ,00002,0,pretrain,WzuWMf3WPPc,00010,7.969948149365852,7.424
train,pretrain,grtGI7QpPdw,00004,0,pretrain,3QZp6smeSQA,00012,3.849698530241712,5.696
train,trainval,Aqc2SgiOVr8,50001,0,pretrain,gYKyaDOyUO4,00004,5.38587547056294,4.928
train,pretrain,7SRGn75JcZ8,00007,0,trainval,Tmk7nAvpMXQ,50002,-4.157634206219485,3.264
train,pretrain,BltRufe5kkI,00015,0,pretrain,YraU52j3y8s,00020,-7.040416085545758,11.968
train,trainval,jpeSLKnS4gM,50010,0,trainval,8s3bdVxuFBs,50011,-5.662231895746752,3.968
train,trainval,bX32UShfri4,50014,0,pretrain,MpISFKqk0Ew,00013,7.710412822706701,2.496
train,pretrain,b98IwSAeGQg,00010,0,pretrain,v3oSF94S4FI,00007,-0.6460514219735831,10.24
train,pretrain,UwtYQFSJSQc,00011,0,pretrain,F17SKiAZOxg,00003,-7.869799308860868,7.04
train,trainval,7Xmr87nsl74,50005,0,pretrain,ycB29FkoylE,00011,-5.907138620141161,2.688
train,trainval,fVLJU45SnLY,50009,0,pretrain,FsSKVSf1EJk,00019,9.401633924298988,6.208
train,pretrain,HH3m1OSiOT0,00005,0,pretrain,STdSfeMDeI4,00004,8.660607761111603,5.888
train,trainval,T7ibjISKSdY,50004,0,pretrain,bfAzi6D5FpM,00016,-1.7020746632313823,5.568
train,pretrain,btF6nKHo2i0,00011,0,pretrain,9EVEmZ2cSes,00027,6.351316842824989,9.088
train,pretrain,4KhnSz9FPmU,00001,0,pretrain,iISw251TIgw,00026,-3.195015902331912,23.552
train,trainval,zSbCNWyYams,50004,0,pretrain,yuD6ozE9rtc,00019,-3.195311359238177,4.864
train,pretrain,HByDu4uOFY4,00013,0,pretrain,KkYuhwr3esg,00021,-8.944371673684968,9.28
train,pretrain,1TYPldG99dk,00002,0,pretrain,PQBin3EL67M,00001,-1.438208244167578,17.216
train,trainval,eAnHjuTQF3M,50001,0,pretrain,mZqL7MC8Eys,00028,3.0457529560612677,5.632
train,pretrain,xT8UwfwkCaY,00005,0,pretrain,jxKUDXrtDFI,00006,6.878259373677661,7.168
train,trainval,8meWY0W40OA,50019,0,trainval,PFVP8L3SlfQ,50002,2.1931982610515472,5.952
train,pretrain,uSMqkSqSgN4,00017,0,trainval,aUBawr1hUwo,50005,-1.6984525281148848,5.888
train,pretrain,sucza6EOIf0,00029,0,pretrain,QnJIjEAE41w,00001,8.79514106409805,7.36
train,pretrain,KxDwieKpawg,00029,0,pretrain,hbG89FYKzaY,00007,-5.373853430183722,6.336
train,pretrain,vMwPTI54rqQ,00011,0,pretrain,ZJodZcGfTVE,00007,-1.479864217924229,8.896
train,pretrain,fJ36gCwKVec,00015,0,pretrain,xp0O2vi8DX4,00006,1.0725313812262414,23.424
train,trainval,bClWV3eeETA,50008,0,pretrain,08ZWROqoTZo,00024,3.8532132692369494,5.568
train,pretrain,fnhJUeCQfSo,00001,0,pretrain,8m5Ebx6nuGE,00046,3.2843607145189697,5.056
train,pretrain,eyq2Wo4eUDg,00018,0,pretrain,3GFG6Cvy9HQ,00027,-4.528578472924556,9.536
train,pretrain,GlpGBSBpxOE,00007,0,trainval,vXTFLMmOKV4,50004,5.6682776626044635,4.032
train,pretrain,AR6RiSHN7S0,00011,0,trainval,Mb8x6vLcggc,50017,5.07368343734052,4.864
train,pretrain,ramueKMLXZY,00009,0,pretrain,HJouIL6uaoc,00001,-9.938493040375915,4.672
train,pretrain,PB2OegI6wvI,00021,0,pretrain,axAxSDq3rn8,00007,-1.7431726514526513,7.68
train,trainval,n9yuAhusVts,50001,0,pretrain,HonUUtuCSwM,00003,-8.552475907485423,4.16
train,pretrain,T3fznrlWaSo,00003,0,pretrain,ekUh9AW1hKg,00001,3.411344440933375,5.76
train,trainval,O90nfczjNHA,50003,0,pretrain,Melo1Bgporw,00004,9.075820601746294,2.56
train,pretrain,YiXdS9DFCOQ,00006,0,pretrain,YO0lbdhF30g,00038,-9.260184809831868,4.8
train,pretrain,OGhbCC9mNM8,00002,0,pretrain,aiDSQyFdd68,00024,-1.507655205390268,12.288
train,pretrain,SSV07QKguBI,00027,0,pretrain,ESNiCniw0JE,00012,0.18599110077412284,18.88
train,pretrain,dXMAS2tIknw,00009,0,pretrain,r55a0FapF2M,00007,2.8192902164396365,4.096
train,pretrain,V48M5jS6zdE,00028,0,pretrain,u9GEmyZ8B3Q,00011,-5.569875051146949,4.928
train,pretrain,mK6IdD4GXPo,00005,0,pretrain,potB0voQzNg,00057,-7.0914555532370604,2.496
train,pretrain,7VRzn8hc5mc,00006,0,pretrain,ZQBSh9k74aY,00006,-8.34481829105931,6.528
train,pretrain,qykSnLkPM7E,00014,0,pretrain,8dSDMQNoikU,00022,-6.5049704138098825,4.352
train,pretrain,zSWppsceZ1c,00041,0,pretrain,7icexlbjQnE,00020,9.494750295311544,7.232
train,pretrain,gK2AkxzFeDM,00013,0,pretrain,mPCDOij0bB0,00015,5.472545908911538,6.528
train,pretrain,SztfBVVO9S8,00003,0,pretrain,4geb9DS0lhs,00016,4.362289469398579,4.288
train,trainval,uXlSmKZ7aSc,50012,0,pretrain,w8lH8tNlAXc,00032,7.0559123121017,5.888
train,pretrain,VbeekjZPSCI,00004,0,pretrain,J6tgYBMXR6s,00032,-8.171898444879183,10.88
train,pretrain,Ssl0043HgQU,00018,0,pretrain,1o9NEtA2IEQ,00008,-4.997487511344534,5.248
train,trainval,hVsnkRoYfX0,50012,0,pretrain,DzWjaWFLjgg,00006,5.948332307061818,4.16
train,pretrain,pWX1oQEGl90,00004,0,pretrain,Aa2JfigaNcs,00005,-2.961584471087832,3.52
train,pretrain,o2WyXD7IaN0,00014,0,pretrain,Mo2Ai7ESNL8,00018,7.433241034095243,4.16
train,pretrain,1TYPldG99dk,00015,0,pretrain,WNDWYW4yWEM,00028,3.907939157524181,7.488
train,pretrain,fBQnQTkhsq4,00013,0,trainval,r3afSFSG570,50010,1.7449360988324898,4.544
train,pretrain,i0QKBKWnkxg,00012,0,pretrain,CfqO1U6lfDs,00007,7.155221861907542,4.16
train,pretrain,EijI8QaExDg,00033,0,pretrain,14rYeATuCqQ,00014,5.919513624829095,3.136
train,trainval,eqDgt12m26c,50008,0,pretrain,WbuIl6phdco,00012,-8.50385961061403,3.392
train,pretrain,2zvjW9arAZ0,00030,0,trainval,RKmxL8VYy0M,50012,-5.540165207398431,4.48
train,pretrain,20adDr7Felw,00006,0,pretrain,8rzlrItooG4,00006,-7.885679464866923,10.368
train,pretrain,QUUFbS1hBtw,00015,0,pretrain,Kp13yOhLEbU,00027,4.347176785839375,3.328
train,pretrain,bClWV3eeETA,00011,0,trainval,ciStnd9Y2ak,50012,-0.48716504003004246,6.208
train,pretrain,RLh5CRUecfY,00010,0,pretrain,y7A4dZIyI0g,00018,-4.509574973742119,6.656
train,pretrain,NIjjaFCADSE,00017,0,pretrain,UoXSYihVSew,00001,-9.16147462542874,7.488
train,pretrain,B9DdIivSGts,00050,0,pretrain,VlC93dig40E,00022,2.2907880367614446,7.68
train,pretrain,aSLSiIskEFU,00011,0,pretrain,Y0GHWogx0eg,00045,-0.8832728707508366,3.776
train,pretrain,xMS9HlSSLSA,00003,0,pretrain,9EVEmZ2cSes,00027,-2.0311495210283415,5.056
train,pretrain,dOOtM7ZpAS8,00015,0,pretrain,1YO1FmVAPrA,00011,9.699598645258433,5.568
train,pretrain,56WGgJNBRxQ,00025,0,trainval,HJqtUUDhaxA,50019,-8.937644060167312,2.048
train,pretrain,4VDYo4k3xKk,00004,0,pretrain,uOrZF8FdtLc,00013,5.120316102847868,5.248
train,pretrain,3nsoNSLS8RQ,00011,0,pretrain,WCGuG0uT6ks,00013,-4.6205004380238845,6.208
train,trainval,bz3AtnMH7nU,50002,0,pretrain,ygKNRnz7q5o,00010,-5.978965381857558,4.032
train,pretrain,tWmJcRSxShc,00002,0,pretrain,XknIGenqHxQ,00009,0.7121165677030543,7.296
train,pretrain,9yPlMBPNf2M,00028,0,pretrain,4c1lqFXHvqI,00016,5.516757082846146,5.12
train,trainval,AHfiKav9fcQ,50010,0,pretrain,H4Fwn3RHa14,00001,-2.9134007488750058,5.632
train,pretrain,ZWfCi9WxK1E,00018,0,pretrain,HfMhU6qjVVM,00008,5.045192499667353,12.672
train,trainval,7rMYfiRNT7g,50001,0,pretrain,H2rG4Dg6xyI,00007,-0.2627114541660234,2.112
train,pretrain,MKKGS38vCO8,00032,0,pretrain,rB6WmWvvyxg,00021,6.307954431805793,3.648
train,pretrain,eNC1h5H5cJA,00002,0,trainval,gyM6rx69iqg,50025,0.07113616511528065,2.24
train,pretrain,STsOdmkH5fI,00033,0,trainval,bClWV3eeETA,50003,-7.585256349728482,6.208
train,trainval,XOU2ubWkoPw,50005,0,pretrain,dcySuzHPCWM,00027,8.986235734163621,2.368
train,pretrain,XvS83nXSf0k,00006,0,pretrain,j7c9b9A2AHc,00059,-0.7005045529841762,5.12
train,pretrain,BGcJXAXSSd0,00013,0,pretrain,mj0CWrSB7E8,00011,-9.17129962813643,7.168
train,pretrain,4fyvDMFriRI,00024,0,pretrain,tAcQfn96yFk,00014,2.87343166482961,17.472
train,pretrain,SoJnEQ6bJKE,00004,0,pretrain,CV3XRRQB9PM,00001,4.654638060850173,2.368
train,pretrain,eJnlgDUcxOQ,00003,0,pretrain,iP9QFSlBOyA,00035,5.071286814786655,8.0
train,pretrain,uuwgtX2zU9Q,00006,0,pretrain,SoJnEQ6bJKE,00015,-6.21585428098509,4.8
train,pretrain,SS6ZojCzNGY,00042,0,pretrain,cj5LZBmiQu4,00037,1.6972320205089666,4.736
train,trainval,lQflBowgVB4,50005,0,pretrain,b8z6HfSq7l8,00007,5.07122311838398,6.08
train,pretrain,eAnHjuTQF3M,00020,0,pretrain,wyhF7q3Sbpk,00007,6.291317987223383,3.84
train,pretrain,lhP52caGW6s,00016,0,pretrain,5aLiFw8CSEA,00026,-4.2498925941542804,9.856
train,pretrain,2AZwSkHTkCU,00017,0,pretrain,o4Nno6POrwE,00022,-4.825155856992753,3.904
train,pretrain,lYdk1NK9Sr0,00015,0,pretrain,WpEjt71l08I,00013,-0.2059631093913481,3.776
train,pretrain,oSWYawFzOKE,00005,0,trainval,jUHE4SE3Mcg,50002,1.0935195057073166,2.496
train,pretrain,v84pD2g3gSk,00028,0,pretrain,o3VwYIazybI,00003,-2.4369455040150285,6.144
train,pretrain,NVPxmzSPvUw,00056,0,pretrain,BQj2ZSGPsY8,00002,9.708921036218886,9.6
train,pretrain,v84pD2g3gSk,00022,0,pretrain,ema8O7xqjvk,00009,-3.6596829305352063,4.096
train,pretrain,AAxJL17gZhk,00012,0,pretrain,8QuAokSXiyg,00034,-8.840237300816597,5.888
train,pretrain,lyu7v7nWzfo,00029,0,pretrain,paiRIkWVy0o,00006,6.952973101349404,5.376
train,pretrain,luoKOkTxOtU,00007,0,pretrain,kNhyOYv2ejw,00017,5.497744213351751,6.976
train,pretrain,LMrzdkSYnYY,00046,0,pretrain,oiVSHkItqxo,00026,9.939149102432715,7.744
train,pretrain,25onkAGt3Gs,00012,0,pretrain,IfjI0tVUpbc,00007,-7.1870087917462016,20.288
train,trainval,DJGreSgaOTc,50014,0,pretrain,voLcX6SpF9g,00012,-1.6464313036033733,4.928
train,pretrain,ultonpeO0ZA,00017,0,pretrain,EHNP7KqLrW4,00001,-5.821169118859073,5.696
train,trainval,acJscdoP2a4,50004,0,pretrain,DwShSwvxPKs,00002,7.532255627864501,2.688
train,pretrain,nzj7Wg4DAbs,00049,0,pretrain,2MYsx6WArKY,00019,9.510975278381348,9.344
train,pretrain,esPRsTSlmw8,00011,0,pretrain,SgKCzdT60Uo,00009,1.3268494811189555,4.16
train,pretrain,lnvkNGc6YYM,00008,0,pretrain,WzDygsn0Djs,00028,4.9583313431168285,5.568
train,pretrain,fSmQIWnO3Ag,00001,0,trainval,EBKSa94IFHY,50006,1.0171021120247765,3.328
train,pretrain,5pW2b1vwwf4,00062,0,pretrain,Kk7kzUt3SLc,00003,6.0650731142796275,5.568
train,pretrain,xRL2vVAa47I,00015,0,pretrain,VMXdSkW6hns,00019,3.0880312994568815,11.136
train,pretrain,owl8keTUioo,00010,0,pretrain,oIGBBPspTKM,00040,5.80743635738656,9.856
train,pretrain,hRSw8DBbFr8,00016,0,pretrain,4SSn83lCbTg,00010,-8.118616948945574,3.584
train,pretrain,CRSLBcZgS84,00004,0,pretrain,BJsrYqPtXFM,00048,-9.769713859693216,5.44
train,pretrain,LWULB9Aoopc,00054,0,pretrain,v22SdEMzxO4,00015,-2.2863369899966717,3.776
train,pretrain,BxFvxKaSmWo,00004,0,pretrain,ro1Ksq5DihU,00009,0.12621915918939308,7.488
train,pretrain,Soe7yjlFEJ8,00006,0,trainval,xY7kVVS2HVY,50001,3.1112627128989594,3.648
train,pretrain,CLSSiaFuLo4,00028,0,pretrain,TdBAHexVYzc,00008,-3.804024681451475,8.96
train,pretrain,SZSc5UCSZS0,00003,0,pretrain,oW91ATcgXVc,00014,-7.438379455002737,10.176
train,pretrain,gS3iLapiTCw,00013,0,pretrain,mMasmrJOmEo,00010,-6.6515834775239036,8.96
train,pretrain,U9cGdRNMdQQ,00004,0,pretrain,BwOd20Mv0hM,00020,-9.846223666389841,3.648
train,pretrain,dcySuzHPCWM,00028,0,pretrain,1o9NEtA2IEQ,00014,0.03707558119146803,4.928
train,trainval,g2J6YOiLNr4,50018,0,pretrain,AK9OBSx77S8,00010,-2.0233923542823344,2.176
train,pretrain,iq5lXSj6Prg,00010,0,pretrain,25onkAGt3Gs,00035,5.862023949410542,6.528
train,pretrain,haTsrKptgIU,00015,0,pretrain,WKlIytaSlu4,00027,5.598586055566015,5.632
train,trainval,EhM56Fk2aFk,50003,0,pretrain,twG4mr6Jov0,00022,8.702014116988881,4.608
train,pretrain,dhDBxxOKGlg,00003,0,trainval,kTqgiF4HmgQ,50001,5.92421575958004,3.968
train,pretrain,5PhNVxr7Vtw,00014,0,pretrain,rSSSsisz2SM,00014,0.4885743544091561,10.816
train,pretrain,yLjxoscCi0A,00041,0,pretrain,hTAXEq6zLo8,00018,-1.1293318401836512,3.776
train,pretrain,pcSlowAhvUk,00055,0,pretrain,7Y9W1Gex660,00015,8.79186724531175,4.928
train,pretrain,jdpIKXLLYYM,00012,0,pretrain,S6BLFdBfgfU,00020,-5.161530708708904,8.448
train,trainval,sucza6EOIf0,50014,0,trainval,48NRknBcz6k,50002,3.1091839705218405,2.176
train,trainval,sLFqwXqe4Yk,50002,0,pretrain,S9PEogIrHSk,00023,-1.152284212240943,6.08
train,pretrain,oTHSfmQo3Ok,00011,0,pretrain,Qm172DbaSbc,00028,8.504150671624796,13.44
train,pretrain,cRrgDS4SD8s,00029,0,trainval,uEkgM9P2C5U,50006,-0.13435531110884114,3.328
train,trainval,OGhbCC9mNM8,50003,0,pretrain,wOiKRVH0nQ8,00029,-4.744118715292069,6.08
train,trainval,IDSSieLCmS4,50023,0,trainval,HdHW77blulg,50001,0.3731417012334539,2.496
train,pretrain,ZBDablzQ9ts,00011,0,pretrain,ptIecdCZ3dg,00022,-6.854524841113562,4.48
train,pretrain,tHSTfiMtSDE,00011,0,pretrain,OwRAFCrsDS8,00004,4.581192496458348,7.808
train,pretrain,UROCz70tlMY,00032,0,pretrain,ohGMgSLJCjs,00028,2.129495783631155,5.184
train,pretrain,YXrEVQFtJm0,00014,0,pretrain,mwzBJF5Q7Vw,00010,7.746192216836867,4.032
train,trainval,Qi8MoU6g8Sc,50005,0,pretrain,8ewxApY3uO4,00003,0.7903060857766633,3.904
train,pretrain,3E46oWB4V0s,00002,0,pretrain,5pIGDw18mIQ,00007,6.436439115161189,4.48
train,trainval,UiDJFGroD3U,50007,0,pretrain,aR6jLD1USW0,00005,-2.945792422907876,3.52
train,pretrain,jh7TYJHec2s,00023,0,pretrain,S6cX2p5cBVg,00007,3.203140674487109,4.8
train,pretrain,cQvDUTOOkiI,00025,0,trainval,BoRUrWcdkQ4,50007,-1.2579408070787252,5.888
train,trainval,t0pwKzTRG5E,50005,0,pretrain,G88JZ1DIdg8,00032,7.674989321652582,3.136
train,pretrain,B1dkma6GRZo,00007,0,trainval,VJRBx0JjMSM,50007,0.37817927255955297,3.776
train,trainval,mJxA8eIWQUc,50023,0,pretrain,rjECbQ1rSk0,00013,-8.35243447488911,2.24
train,pretrain,FETryXMpDl8,00020,0,pretrain,FLbXrNGVXfE,00013,2.835804814061021,5.376
train,pretrain,dk60sYrU2RU,00028,0,pretrain,HQzXqjT0w3k,00034,5.906184395561926,6.016
train,trainval,SJyE40koQyA,50002,0,pretrain,7DCofMA9eQA,00024,1.4082441338068072,3.136
train,pretrain,WSsjBMSWSYE,00003,0,pretrain,fa6ERdxyYdo,00007,9.270016947048834,5.056
train,pretrain,4jUdCy6Vghw,00046,0,pretrain,Diuv3XZQXyc,00022,4.7426115654749434,4.032
train,pretrain,Tsw4JAof8Sk,00009,0,trainval,ZoDYTYSeuN8,50008,1.575624169430231,4.096
train,pretrain,LSGfqyhleUA,00008,0,pretrain,QxkxcsrveLw,00008,6.86644119223218,18.816
train,pretrain,jzfV2xVsUKc,00041,0,pretrain,MHN1gqrXMUM,00015,-0.8712829667573203,5.888
train,pretrain,gCWeVYCcKXw,00014,0,pretrain,sHJZRPWXQ9s,00004,0.46347899631740574,3.008
train,pretrain,vSONFixSe4k,00018,0,pretrain,p0wY7IHCwlI,00003,-5.403074030558095,9.408
train,pretrain,1z3Fgtj8fqk,00029,0,pretrain,tS2aISc3Q8A,00002,2.627998427119964,3.008
train,pretrain,a19lSbFPRqY,00007,0,pretrain,Wj7hmzfX5eQ,00024,-6.982247909363308,4.48
train,trainval,2cYDyMnL4M8,50004,0,pretrain,8m5Ebx6nuGE,00034,9.664601442458768,4.8
train,pretrain,x4ESCiSBgdY,00005,0,pretrain,KxDwieKpawg,00017,-0.531639759638578,6.08
train,pretrain,4Lb5LSVEm34,00005,0,trainval,ZBDablzQ9ts,50007,-3.470505904373251,6.016
train,pretrain,dXqPaHQp4Xw,00011,0,pretrain,vWJwa7lntTs,00005,-7.481312776280545,15.872
train,pretrain,CLSSiaFuLo4,00010,0,pretrain,iWaZEXBbQL0,00002,-9.674400194462935,5.44
train,pretrain,VbeovM4RCh4,00027,0,pretrain,JolJi3uLMOM,00023,-2.718138396568981,9.088
train,pretrain,1KFUSfbcwfw,00011,0,pretrain,cKGFSkQh1h4,00001,9.831104528046861,3.648
train,pretrain,eSBZigXlphY,00006,0,pretrain,J9PgY1mbPgM,00029,-4.5473825349990165,5.12
train,pretrain,qdiF1fSGfyM,00005,0,pretrain,ZuCtZJGcEMU,00013,-7.593128280140862,7.616
train,pretrain,iNOE0dZpHcY,00005,0,pretrain,UJ7QaCFbizo,00005,2.4544482798259217,7.616
train,trainval,Ytw0I6ytRto,50006,0,pretrain,gAxSu7UgPGg,00016,0.5308312701631728,2.752
train,trainval,X55qpYxwoO4,50002,0,pretrain,4ZgwzSm7sRs,00004,6.696747254125974,2.176
train,trainval,OzvxbUnWJUc,50007,0,pretrain,mymMye4purU,00023,-6.197599306507913,2.816
train,pretrain,G8cjIBwP52o,00032,0,trainval,5ftklsHZ4cU,50001,-2.2536626004712312,2.816
train,pretrain,A9UmdY0E8hU,00002,0,pretrain,k5tCYg9s0HU,00002,-0.6766524574291832,8.32
train,pretrain,4AaSUyfNN4c,00005,0,pretrain,HFFBkbsSFY0,00027,0.8633001593176459,8.768
train,pretrain,JS8fYhwrYzI,00007,0,pretrain,aZWxtQ19JsE,00002,-0.177623844174569,12.864
train,pretrain,pj2YxCAnqx0,00031,0,pretrain,IQDrStvBt9s,00005,1.6712965236011517,4.224
train,pretrain,CyElHdaqkjo,00011,0,trainval,Mgbf3cq7lms,50051,9.323500987999257,4.928
train,pretrain,3m6dV7Xo3Vc,00016,0,pretrain,btF6nKHo2i0,00074,1.3672620584502226,7.68
train,pretrain,9YGZkgkj3fM,00019,0,pretrain,0GL5r3HVAZ0,00013,-0.4005312948582471,4.16
train,trainval,IRxgDMSp9Gs,50002,0,trainval,QhLLMBN57AU,50027,6.120767817173231,5.76
train,trainval,TQMbvJNRpLE,50008,0,trainval,2g9GedPylM8,50002,6.47126953766632,2.368
train,pretrain,VYU25aJpg5o,00005,0,pretrain,gkKymhU7yi0,00003,0.2540049846079597,9.152
train,pretrain,g2m97gPI70I,00023,0,pretrain,MF2Q6CcGN7E,00007,-0.8418885361290123,7.04
train,trainval,urOCGSMlB9g,50013,0,pretrain,8jPQjjsBbIc,00030,6.733327923113347,3.648
train,pretrain,iyfdWsa1zns,00009,0,pretrain,n34IjfcF1Yg,00009,9.259739598976637,16.32
train,pretrain,2VWSSFSUeQI,00024,0,pretrain,fbeFn1Xcqo4,00049,-6.807254871161996,8.0
train,pretrain,Qzmt2wQMhYo,00022,0,trainval,S4XXhSwYASk,50003,-3.9624506998013986,2.56
train,pretrain,MSLHHgSXloM,00004,0,trainval,cRrgDS4SD8s,50008,3.4611543060104726,6.08
train,pretrain,LhszKevcH30,00036,0,pretrain,xY7kVVS2HVY,00035,-3.587656951177487,4.48
train,trainval,SwiaaqKdtjw,50001,0,pretrain,MSE5Vryrd0I,00008,8.175350473250763,2.496
train,pretrain,fnS9f5x0f1Q,00023,0,pretrain,BdxSZwxtg8Q,00003,8.349868477873773,4.736
train,pretrain,u1SdYypojbE,00037,0,trainval,w96osGZaS74,50009,-9.839114089731913,2.112
train,pretrain,v50PTSaOOGI,00004,0,pretrain,ty5QtslaAHM,00007,1.0286766946511499,8.128
train,pretrain,9YR8jNtV4BE,00065,0,pretrain,B1dkma6GRZo,00039,1.8413216892508082,4.16
train,pretrain,sWnAtLt8kSs,00013,0,trainval,WpEjt71l08I,50014,-4.406238939939923,2.816
train,trainval,ufp5iGh0agA,50005,0,pretrain,5Walt8nPINM,00017,8.21834501868739,3.648
train,pretrain,49aWAHqi200,00036,0,pretrain,9y7YEmyzSDo,00032,-0.2527670546228915,8.768
train,pretrain,TPA0qoemShQ,00004,0,pretrain,M1o3FS0awtk,00033,2.8820443593313154,12.16
train,trainval,Kc0Kthyo0hU,50001,0,pretrain,vEli4dfAXrM,00007,-3.9096230797835485,6.208
train,pretrain,BUhksjVTbEk,00007,0,pretrain,IzPcu0SETTU,00013,-2.8551552816114523,8.896
train,pretrain,RcGyVTAoXEU,00019,0,pretrain,CE3tL9MMk3U,00006,-4.0070408435675375,4.608
train,pretrain,ws4GZvNeQhQ,00018,0,pretrain,m7SuKQGPMSw,00022,7.384116913601467,10.24
train,pretrain,r3L9n20myqk,00006,0,pretrain,CLSSiaFuLo4,00039,4.2993653839498265,7.04
train,pretrain,9KACXVScWS4,00013,0,pretrain,BN9a8Ldy7Xc,00010,-6.6983358738479755,9.728
train,trainval,6XS8TA4RBog,50017,0,trainval,59SRn1SkWAA,50003,2.993948719455382,2.176
train,pretrain,2NcetHNXaxU,00018,0,pretrain,gyM6rx69iqg,00014,5.693055005940298,15.68
train,pretrain,oPDaWYUCn8Y,00006,0,pretrain,BSxI3YxAPW4,00011,5.860251786928863,4.288
train,pretrain,NVPxmzSPvUw,00016,0,pretrain,dk60sYrU2RU,00019,1.3503820918501237,4.928
train,pretrain,EiTrl0W1QrM,00003,0,trainval,nx3GuO41Jyg,50028,2.6378385261559494,2.496
train,pretrain,ESlb3D7AySM,00010,0,pretrain,X41iulkRqZU,00030,3.110176542362993,15.616
train,pretrain,MgUTzbGakRw,00005,0,pretrain,td1PbsV6B80,00022,0.07760890285429056,2.56
train,pretrain,GZGY0wPAnus,00017,0,pretrain,esugL07XANg,00002,4.654165382378633,3.968
train,pretrain,gzcwS02ZB1o,00015,0,pretrain,ivvKSx4Q6L4,00021,8.450103378009018,4.288
train,pretrain,jryCoo0BrRk,00002,0,pretrain,Mu00S1dAMl4,00003,-3.0586684239690554,15.744
train,pretrain,53P0aypkpXY,00002,0,pretrain,QxkxcsrveLw,00035,5.932337115866158,20.288
train,pretrain,Mo2Ai7ESNL8,00014,0,pretrain,lyRSK2CZIHQ,00005,-6.764959372384556,5.248
train,pretrain,HSpqhMO3ZSY,00003,0,pretrain,V4Xw76SsHOM,00008,8.720986303588422,10.688
train,pretrain,kmflTZnRuZI,00009,0,pretrain,NPSelwWdPa0,00037,1.3910673207402606,19.008
train,pretrain,w8lH8tNlAXc,00025,0,pretrain,UCFg9bcW7Bk,00018,-1.2204062776205316,10.688
train,pretrain,CijsvAGU6Sc,00004,0,pretrain,USnf5kbsMlg,00012,0.9151916993345726,4.864
train,trainval,q2k2Xbfuy1I,50006,0,pretrain,dm4fvbrMLPw,00011,-8.814024897038708,6.016
train,pretrain,a0x0r7aPI2M,00016,0,trainval,H6n3iNh4XLI,50011,-2.6188870764176375,5.696
train,pretrain,sUf1ajkIAhY,00011,0,pretrain,DZT6YpCsapg,00036,-6.882568242251439,6.208
train,trainval,3W4pLOTXybI,50007,0,pretrain,wZ2TF8SPGQ4,00043,4.8727804082685715,5.76
train,pretrain,gqpErbFnbiY,00026,0,pretrain,pcSlowAhvUk,00061,-2.2509554645682943,7.488
train,pretrain,wQJC2MMB8nA,00002,0,pretrain,SVOBeHsQlVk,00004,-0.1842271855268649,7.104
train,pretrain,3DsHHfu4Sco,00013,0,pretrain,mY2LIQbiGbo,00002,0.2374720880830381,5.76
train,trainval,znO7UHpxgTI,50007,0,pretrain,wSF82AwSDiU,00001,-5.652117567640511,4.608
train,pretrain,y9ALB39wRKo,00003,0,pretrain,zb4bp2volBg,00009,-6.451702143368108,4.736
train,pretrain,RKK7wGAYP6k,00022,0,pretrain,emeEpzkf044,00020,-1.0772851125221514,10.304
train,pretrain,NhYnouvrGS8,00009,0,pretrain,2g9GedPylM8,00018,8.476338415528499,16.192
train,trainval,sAMahX5hIgU,50013,0,trainval,LETgWDSSzSI,50010,6.050673897750613,4.928
train,pretrain,GmSfwNFkNJ8,00002,0,pretrain,DWZsOe1j2w0,00006,-8.081372869578864,12.352
train,pretrain,HNMQSw7hXTA,00010,0,pretrain,SMBiP3G2Pzc,00023,1.4225515297790423,10.176
train,pretrain,t6eFzt6kFGE,00024,0,pretrain,SpQ1BCdSTTI,00004,5.353112788969208,4.16
train,pretrain,cMhPOiuDzBc,00018,0,trainval,nFEgRt2EH1g,50010,-3.5588056374138866,2.88
train,pretrain,lDq9SQxvsNU,00069,0,pretrain,ShFk6FDrZBc,00010,3.089039980362342,7.232
train,pretrain,mUJdzaLDRIo,00023,0,pretrain,qG6SnAIinj0,00008,8.761911781950467,15.296
train,trainval,W4I68CGUV3w,50010,0,pretrain,2zvjW9arAZ0,00041,-8.405562204477235,4.416
train,pretrain,LPrS7Skx9Y0,00002,0,pretrain,4ZgwzSm7sRs,00072,7.831338124528816,15.168
train,pretrain,fwm3azuoLr4,00017,0,pretrain,xnLoToJVQH4,00010,-4.6584286129753245,22.272
train,pretrain,SjaWs87t5UM,00018,0,pretrain,stBSQ6CagVo,00012,-9.762067017078905,9.216
train,pretrain,xWVWhSvNLtU,00011,0,pretrain,AdHSwXl2nuQ,00020,7.608053206773128,3.264
train,pretrain,GSmaUPREKlU,00007,0,pretrain,NbpSibMSEiE,00005,3.80219363815592,14.016
train,pretrain,i2a8pDbCabg,00012,0,trainval,J6tgYBMXR6s,50018,4.109096028720758,2.816
train,pretrain,56JMahuMlvE,00012,0,pretrain,z4kwU6z6ORg,00011,-5.929605968822229,6.144
train,pretrain,mQOOgDqUta0,00024,0,pretrain,W3C23m71Yws,00031,-5.741710832463928,5.888
train,pretrain,iISw251TIgw,00024,0,pretrain,HFqLoHyCTRc,00002,6.1622751898165475,4.416
train,pretrain,KCL8NjN7FMQ,00067,0,trainval,gZga0AmCGdE,50016,-6.736582425706645,2.304
train,pretrain,7POkIJfbMyU,00002,0,pretrain,sPQViNNOAkw,00003,-4.916442313689027,4.032
train,pretrain,HH3m1OSiOT0,00034,0,pretrain,nn5k4snG3rA,00016,3.3573524935504473,8.32
train,pretrain,vWJwa7lntTs,00001,0,pretrain,ISjk9ni4XWk,00023,4.251743585208189,14.976
train,pretrain,MLvwTlbj1Y8,00046,0,pretrain,nz0cAjXVepg,00004,-1.6901644695231344,5.696
train,pretrain,SXKNASvfHWs,00014,0,pretrain,cXbXNV9SZAg,00017,-9.489406092314747,4.48
train,pretrain,vygSSFKXms4,00010,0,pretrain,Soe7yjlFEJ8,00013,8.86475098416414,5.44
train,pretrain,ta9jdCcqWiA,00012,0,pretrain,E4ptaIDAIlY,00009,2.702143407613356,7.936
train,pretrain,1InHN8JPazA,00028,0,pretrain,S8fxEWsQy9s,00005,-1.0449649239957282,3.072
train,pretrain,4bHO8NZwmIg,00025,0,trainval,qtOIh93Hvuw,50008,8.329955449107803,2.56
train,pretrain,IDSSieLCmS4,00045,0,pretrain,oimk352QvAg,00009,-5.767032881657119,10.688
train,pretrain,b2MSSeKey4o,00021,0,pretrain,OJptdCCrcr4,00001,-8.952745762803485,9.344
train,pretrain,eOvG4ZXQxUU,00001,0,pretrain,1fTJSjszTac,00001,8.793303633939203,13.056
train,pretrain,cOIJGGgaSIY,00013,0,pretrain,90mj79GqWhc,00021,3.5079590699759873,5.44
train,pretrain,8rZzHkpyPkc,00048,0,pretrain,UxXOi6Zwm7Q,00008,5.2850995744790445,9.92
train,pretrain,qp0HIF3SfI4,00005,0,pretrain,YXWKuKSQsu4,00019,-8.430177506774992,3.392
train,pretrain,yFVXsjVdvmY,00003,0,pretrain,AR6RiSHN7S0,00049,-8.296413961304035,7.808
train,pretrain,aIcwIH1vZ9w,00010,0,pretrain,lkVYV2P8dQE,00020,1.0810856769034807,4.736
train,pretrain,Z41BTeAU7DI,00006,0,pretrain,mkdSXHXhCcw,00058,-3.6593920588678603,18.816
train,pretrain,lyRSK2CZIHQ,00002,0,pretrain,NiMgOklgeos,00014,7.008495093607301,6.016
train,pretrain,LPrS7Skx9Y0,00033,0,pretrain,uH0aihGWB8U,00004,-0.034167619104380265,7.936
train,pretrain,buHSvs7LFzw,00016,0,pretrain,Wgt8QUHQjw8,00016,-9.766095381164577,5.376
train,pretrain,hPsUXhXgWmI,00016,0,pretrain,0d6iSvF1UmA,00015,9.991411141653494,11.84
train,pretrain,SgsbNR2pIts,00020,0,trainval,aIFFFGf1ZRE,50024,-8.778266125982539,6.208
train,pretrain,LsESSyMnwmU,00048,0,pretrain,G8cjIBwP52o,00045,-4.842027786742409,4.288
train,pretrain,sbbzZYJSoJ4,00004,0,pretrain,aSpHGbL5138,00006,5.097467901213641,4.096
train,pretrain,nvSSeGObF4w,00003,0,trainval,WkNpElapS9s,50002,-1.7799334915491443,2.816
train,pretrain,uo7w3g24DWo,00026,0,pretrain,xeFl0RE31x0,00003,-2.1328694519060987,5.76
train,trainval,ea3HnhOLC9g,50001,0,pretrain,KxDwieKpawg,00024,-2.0203665317924946,5.888
train,pretrain,SqgSz1UmcBM,00007,0,pretrain,U5kIdtMJGc8,00017,2.1682713232292112,5.44
train,pretrain,XzDNfLnUOYY,00009,0,pretrain,ROW9FSc0kIQ,00009,-5.53704112765544,4.544
train,pretrain,G8gJJuCdPSA,00014,0,pretrain,jobYTQTgeUE,00001,-3.0190795811847586,7.616
train,pretrain,kcwBHSUevxo,00007,0,pretrain,ilMwoEdqMTs,00035,-8.567801140521286,4.736
train,pretrain,YsASJTeHJ6A,00020,0,pretrain,cK74vhqzeeQ,00006,2.9675275495901943,6.848
train,trainval,6E3zVSCSGYk,50004,0,pretrain,JRHzQG0aI8w,00019,6.705921435323916,3.968
train,pretrain,IkJTwfHPv6A,00012,0,pretrain,0zbHnOcGbrw,00004,1.1759401585985518,10.176
train,trainval,SF242mxtZN8,50001,0,pretrain,N4wFyRGilp4,00038,-8.604844423802993,2.496
train,pretrain,asSNPOU5U3c,00025,0,pretrain,IJmr7MsS8fw,00003,2.034293881059215,3.072
train,pretrain,FETryXMpDl8,00031,0,pretrain,Ssl0043HgQU,00028,6.129119754866274,5.12
train,pretrain,mA1vshSuyQU,00004,0,pretrain,NAkkckxE9i8,00004,9.02687192934411,6.016
train,pretrain,TDCYJ3Sgx2w,00010,0,pretrain,MvojSku8zk0,00020,4.511128321164479,5.824
train,pretrain,9KACXVScWS4,00031,0,pretrain,SSogppqBahk,00002,-6.393977597899118,5.952
train,pretrain,3NdSVi38RM8,00003,0,pretrain,bDbN8R6Gb6Q,00006,-5.1007789665067556,5.568
train,pretrain,yP2niXStKVQ,00004,0,trainval,BT2XlI8oeh0,50013,4.674969890238632,4.544
train,pretrain,jn0Ygp7pMbA,00032,0,trainval,KaiwGb0csas,50004,2.158836011043485,5.76
train,pretrain,LNHBMFCzznE,00040,0,pretrain,sAINrzTddA0,00002,0.515136901723352,4.8
train,pretrain,GCOc31fQi7A,00020,0,pretrain,UTwRlz13NYI,00009,-6.680575119186445,16.64
train,trainval,RxqyO5hafdk,50003,0,pretrain,cSsxBTNF2U8,00057,1.9563385876470427,6.016
train,pretrain,hPsUXhXgWmI,00023,0,trainval,f6CILJA110Y,50013,-5.7905004118336345,3.328
train,pretrain,f5udS4pbXPk,00008,0,pretrain,DSSAz5nZBBM,00047,-1.7402543427629205,3.968
train,pretrain,syjEN3peCJw,00037,0,pretrain,QYGO5tepBLY,00018,-4.352739765130192,8.576
train,pretrain,FETryXMpDl8,00027,0,pretrain,0HEXx3SP8kk,00020,-1.9855529585532565,5.824
train,pretrain,NP8xt8o4S5Q,00004,0,pretrain,ISjk9ni4XWk,00023,-1.6669819048109975,10.688
train,pretrain,nCwwVjPNloY,00027,0,pretrain,UeKZYCq3s0E,00006,-4.401326129167405,5.376
train,pretrain,e4PTvXtz4GM,00027,0,pretrain,11Mq9ZuxZMc,00022,3.7476416654719777,4.288
train,trainval,O8e8TtfzSpY,50004,0,trainval,zcMj4Az1MwE,50021,-5.163286307603201,3.2
train,trainval,JmZpFy1QUww,50014,0,pretrain,uXlSmKZ7aSc,00019,6.407563318711425,3.008
train,pretrain,6a6vVIdQBd0,00037,0,pretrain,KTvSfeCRxe8,00002,-5.931706286409344,5.44
train,pretrain,6aRz72yxHQo,00015,0,pretrain,0Q1owhv3qAA,00007,-8.362242420690384,6.528
train,trainval,vMwPTI54rqQ,50039,0,pretrain,CsECS5qsGLs,00001,-4.1511316826330695,3.648
train,pretrain,lyRSK2CZIHQ,00011,0,pretrain,gJv1WdMUz0w,00026,-4.917651273655408,4.608
train,pretrain,SKx2lfobPuU,00010,0,trainval,yA9xQB547Yo,50003,1.9632860609771434,6.08
train,pretrain,UG2zHhgfAW0,00007,0,pretrain,SMi3rHuK0c4,00022,-8.307378469387764,5.696
train,pretrain,1LSE7KCN9xg,00004,0,pretrain,CzgS9C7gw0o,00013,-2.4548849127060386,5.568
train,pretrain,v3oSF94S4FI,00006,0,pretrain,RmXiItk49Gw,00008,-4.568916126483047,3.456
train,pretrain,mgBsSW5CFnw,00004,0,pretrain,B1dkma6GRZo,00032,-7.527662500609457,7.68
train,pretrain,kLIfeGflNp8,00019,0,pretrain,Y350oOiunf4,00031,4.2245786810782775,5.44
train,pretrain,G0ZjSInJ4BQ,00024,0,trainval,sEOSCziWuP8,50010,-8.993492972703795,6.08
train,pretrain,mY2LIQbiGbo,00036,0,pretrain,SmsYxDvdcYc,00039,5.593815008896289,4.288
train,pretrain,2g9GedPylM8,00005,0,pretrain,CVdPhUPO5YU,00008,4.363720646338827,9.984
train,pretrain,saXfavo1OQo,00019,0,pretrain,ww4kNxYE0c4,00033,-7.807020523427221,9.6
train,pretrain,rgPrf3YyByI,00009,0,pretrain,ayVm441iZfo,00010,-4.210986644876293,6.208
train,pretrain,H03o2WCBoDU,00008,0,pretrain,KExLCJAuTXA,00016,-9.936804474246888,5.248
train,pretrain,C8zY0oAdQrs,00001,0,trainval,7ZWTG0SeCEg,50011,5.883881893979172,4.032
train,trainval,NgDGlcxYrhQ,50001,0,pretrain,CK5w3wh4GSM,00016,1.2823875332156085,2.432
train,pretrain,Va07q3HFEZQ,00010,0,pretrain,CstD6O95LSo,00020,-8.349645821744051,11.392
train,pretrain,0Q1owhv3qAA,00008,0,pretrain,dwU8eavPInw,00026,-8.595931980972221,5.312
train,pretrain,RjrS5EqZlUs,00011,0,trainval,9o2CRjTRKIA,50007,5.0175093275966525,6.208
train,pretrain,ftWn4QOvTTo,00001,0,pretrain,y2yka9lyvMA,00066,7.429675581252326,3.712
train,pretrain,LZXUR4z2P9w,00013,0,pretrain,xTBYcSL3MrI,00008,3.556147661925767,3.968
train,pretrain,80GqbW1MmQM,00024,0,pretrain,kTz52RWSbD0,00024,-4.648471820053537,18.816
train,pretrain,S4XXhSwYASk,00032,0,pretrain,y9Trdafp83U,00018,-1.0039672728467153,6.72
train,trainval,5TKRSIKtaCg,50007,0,trainval,fIqABIcKIvs,50005,6.056292613544628,3.072
train,pretrain,RsxlLsHtoBI,00006,0,pretrain,uM1Ygy0tSp0,00005,-4.071686518921802,5.888
train,pretrain,6JcKbNSGjCE,00006,0,pretrain,5HL1BEC024g,00004,0.1814977505556996,8.128
train,pretrain,5duz42kHqPs,00032,0,pretrain,1z3Fgtj8fqk,00038,1.8614927544413327,4.928
train,trainval,IMTcuU0KLSw,50030,0,pretrain,rzbtSeVZeEE,00017,-3.9467974849160337,4.288
train,pretrain,2R1lZSN4SSo,00002,0,pretrain,4c1lqFXHvqI,00050,8.421409586452175,5.568
train,pretrain,hbkBSjNGSzE,00012,0,pretrain,KxDwieKpawg,00039,6.827085881608532,9.472
train,pretrain,7LE4MoJS2po,00006,0,pretrain,2G8C36aKnpU,00001,6.427096051224609,3.52
train,pretrain,qFza3W87eDg,00035,0,trainval,sNV4yIyXXX0,50020,5.971193759543453,3.2
train,pretrain,zWU9D2duSgs,00010,0,pretrain,PkcBE74OYJw,00017,-1.298748798074529,7.168
train,pretrain,LHd0vXDglb8,00014,0,trainval,pDsAqCEo5CY,50006,2.1776752195940947,2.88
train,pretrain,hj7wkh6nONE,00014,0,pretrain,jsZDlBU36n0,00031,-8.482367946123286,8.0
train,pretrain,P5Mpo4JQZhw,00041,0,pretrain,lAzQWtkPzbI,00001,5.904554216037365,6.848
train,pretrain,AzcMEwAxSP8,00017,0,pretrain,MHN1gqrXMUM,00010,-3.333208638385079,11.328
train,pretrain,OH0dK208MNk,00001,0,pretrain,o08ykAqLOxk,00029,-9.071817853540713,5.056
train,pretrain,fIqABIcKIvs,00013,0,pretrain,Oe1cDSPfbh8,00010,-6.153486731357047,14.336
train,pretrain,YraU52j3y8s,00069,0,trainval,rFAdlU2ETjU,50010,6.659735432435532,5.376
train,pretrain,CcxEYXHWxqs,00010,0,trainval,kbAac9DxM1I,50007,3.0734136064036157,2.048
train,pretrain,k4vzhweOefs,00080,0,pretrain,vSONFixSe4k,00024,-0.6043537783128912,7.616
train,trainval,iEySxTbcr2A,50004,0,trainval,CfqO1U6lfDs,50004,-6.026924183529438,2.624
train,pretrain,4wOxJOPnSUg,00038,0,pretrain,Peu7eeGtmQ4,00027,-4.942028799318812,4.032
train,pretrain,Yz1sNBv7oAo,00010,0,pretrain,6wk4dkYSrV0,00005,0.07358867172877659,6.016
train,trainval,lQflBowgVB4,50001,0,pretrain,u5GCetbP7Fg,00006,7.47615673319784,6.016
train,pretrain,vcSn852sv3E,00015,0,pretrain,BISCnsKyOuk,00021,3.235112479202657,3.392
train,pretrain,jvBaRf9LHDs,00032,0,pretrain,z5LSvPkorBU,00003,-1.036913746818346,16.0
train,pretrain,gmjSazFbpkA,00053,0,pretrain,csnxJFQw98k,00029,-6.44777536510346,3.52
train,pretrain,p2MEGk5q1WI,00015,0,pretrain,1Totz8aa2Gg,00006,9.621044140397014,5.568
train,pretrain,IfjI0tVUpbc,00009,0,pretrain,9KACXVScWS4,00048,9.481989859261716,4.992
train,trainval,LNohxpJntZo,50001,0,pretrain,yVQ8fZB30JU,00012,-2.4985285759753717,2.496
train,pretrain,PFVP8L3SlfQ,00016,0,pretrain,2mU8xezh7rQ,00011,1.2373237387508134,12.16
train,pretrain,56JMahuMlvE,00004,0,pretrain,sYySLEdYr8A,00007,5.399787302866949,4.736
train,trainval,694XUHVuGQo,50001,0,pretrain,y66YKWzSsf0,00008,0.866195919409007,4.096
train,trainval,2NHV4AzSEzY,50003,0,pretrain,dTwXeZ4GkzI,00010,9.417197699612533,6.144
train,trainval,CpkXmtJOH84,50001,0,trainval,vdDFLzyk94k,50006,3.506192699576097,2.048
train,pretrain,ZSRaJIMYSMs,00001,0,pretrain,HoyNrlMNBvw,00015,4.887180710555743,9.536
train,pretrain,0z03xkwFbw4,00024,0,pretrain,YhG1Bgbsj2w,00044,-2.2388321561884332,6.976
train,trainval,sJKFyDbWVqA,50012,0,pretrain,Xe2nlti47kA,00003,4.6700110098255365,3.072
train,pretrain,Af5qUxl1ktI,00007,0,pretrain,O4Og5tFNiaU,00004,7.316034900953209,3.2
train,pretrain,ORBf73HiJns,00016,0,pretrain,vSONFixSe4k,00008,7.952969213132096,4.416
train,pretrain,fIqABIcKIvs,00019,0,pretrain,qesLGw23SzQ,00020,-1.3387239873714574,8.896
train,pretrain,fYUaWgVF2XA,00003,0,pretrain,EKy19WzkPxE,00029,-8.662196840280982,11.264
train,pretrain,sodSeJBf9Y0,00019,0,pretrain,j7c9b9A2AHc,00005,1.0831358640699644,4.672
train,pretrain,WNDWYW4yWEM,00004,0,trainval,iEySxTbcr2A,50016,7.790799114542896,6.08
train,pretrain,WSKPrVG3Evs,00010,0,pretrain,SGMVTJ9ZKVc,00022,-3.967222870832458,5.376
train,pretrain,hSSmmlridUM,00015,0,pretrain,npFSbX7DZ6k,00020,-6.938417476434502,4.928
train,pretrain,GmSfwNFkNJ8,00008,0,pretrain,UWKvpFZJwcE,00030,-4.866989535948014,3.84
train,pretrain,G1Ke6JIZyX4,00011,0,pretrain,iRSjlgWE9GQ,00056,-0.05277654325339043,7.616
train,pretrain,P9YbrVFoX0Q,00018,0,trainval,4jUdCy6Vghw,50010,2.685584744149075,4.608
train,pretrain,L6N06hTuESE,00004,0,pretrain,WNDWYW4yWEM,00002,-3.7190486760100523,4.544
train,pretrain,jvBaRf9LHDs,00018,0,pretrain,Urk3xn7l3AM,00014,6.02756785299735,8.64
train,pretrain,hgWie9dnssU,00013,0,trainval,z0HsPBKfhoI,50006,-2.456066254141353,5.248
train,pretrain,bB5zR2xYhm4,00018,0,pretrain,AhKevstJyrc,00005,8.057738766246555,3.712
train,pretrain,dhMoQrLEJe0,00008,0,pretrain,8ewxApY3uO4,00004,-0.9445617889284108,14.528
train,pretrain,LCxcnUrokJo,00009,0,pretrain,EKSF037iji0,00017,6.181519676700727,5.12
train,trainval,APPbSStpGHk,50008,0,pretrain,A60UTjiEp4c,00031,-9.230243436646951,2.688
train,trainval,3E46oWB4V0s,50027,0,pretrain,VoCOzuWOgSY,00025,-7.474724448302796,3.52
train,pretrain,M4soSZ9aSu0,00007,0,pretrain,4wOxJOPnSUg,00041,1.0856184904658832,6.4
train,pretrain,6AvXhgXlGpE,00037,0,trainval,SKx2lfobPuU,50017,-3.980271968548619,5.44
train,pretrain,7sqeoYOQ4qg,00045,0,pretrain,7p4zw4SqgUw,00018,-0.7599792010929107,7.808
train,pretrain,F0ofeD8VKMA,00016,0,trainval,yuewc0SEn8M,50001,-8.187464230115054,6.08
train,trainval,wD3S6JIUF7M,50011,0,trainval,jSOPQgPIdKg,50021,6.803961129285877,3.584
train,pretrain,jFG7jqJXbno,00001,0,pretrain,p9HPUiEdEj0,00018,1.0095794514157106,9.28
train,trainval,VS5CCbyap5Q,50005,0,pretrain,bXRCVHVstEY,00012,-8.263375732264304,2.176
train,pretrain,h4MhbkWJzKk,00034,0,trainval,ElJxUVJ8blw,50048,3.103870798120223,2.24
train,pretrain,R7vmHGAshi8,00030,0,pretrain,ivvKSx4Q6L4,00018,0.8772589002180489,8.32
train,pretrain,SCEKKHyxgaw,00036,0,pretrain,Bc2wVyl8RLI,00008,5.117387989330311,6.4
train,pretrain,up4hFjSjcTY,00018,0,trainval,QekbuidfQKo,50002,0.4869982066748868,2.112
train,pretrain,LMrzdkSYnYY,00030,0,pretrain,Cr1usGUSuL4,00008,4.016322306565343,6.656
train,pretrain,14rYeATuCqQ,00003,0,trainval,icI94blMKIc,50004,4.860938255463383,2.688
train,pretrain,dwU8eavPInw,00021,0,pretrain,VMwjscSCcf0,00030,-2.290639819954867,5.248
train,pretrain,Chfoo9NBEow,00005,0,pretrain,KCL8NjN7FMQ,00004,-4.007192480159352,3.776
train,pretrain,CkDYlQhx0wY,00005,0,pretrain,SGzenQjZSpU,00010,-6.810216953454571,5.376
train,pretrain,dO6AuQR9R7E,00008,0,pretrain,xcR1SWhjZys,00016,-2.2986760012673884,4.608
train,pretrain,B905LapVP7I,00025,0,pretrain,2L4BSVpvx1A,00028,-2.7744881447100367,5.888
train,pretrain,XGq3MXQlRJs,00009,0,trainval,wX78iKhInsc,50006,-3.010762407982652,3.2
train,pretrain,MQrhPhan5Gw,00016,0,trainval,eIho2S0ZahI,50013,5.760681332789288,6.016
train,pretrain,5tUnSuoYKoE,00049,0,pretrain,19KkFCQz8WQ,00010,-3.075665771999338,6.4
train,pretrain,34a7UEzZdsA,00010,0,pretrain,0MD4Ymjyc2I,00037,-3.1625159438095203,3.2
train,trainval,uBgRo9tnvSI,50009,0,pretrain,n9ZSpccScW0,00001,-2.284234334078434,5.632
train,pretrain,uarlIjkHlAs,00010,0,trainval,vHhn7z6BA0w,50016,-8.97854977466958,2.368
train,pretrain,kvpUiBqHoVM,00012,0,pretrain,HTf7Ziklcms,00017,-4.794049850260453,9.344
train,pretrain,mGS7sGyRjqE,00005,0,trainval,qtOIh93Hvuw,50009,-3.809497578184069,2.496
train,pretrain,YeXcNpVkezI,00012,0,trainval,5AcjM5BKfRQ,50003,-0.539995342835697,2.368
train,pretrain,WiGZGBowXQg,00016,0,pretrain,6AvXhgXlGpE,00027,9.485309700813147,4.288
train,pretrain,EijI8QaExDg,00027,0,pretrain,Oj8eFu72Sfc,00017,-1.9082606731633263,8.32
train,pretrain,MLyguFQR5N4,00012,0,pretrain,7udZ5ux0dYE,00008,5.570622459676716,4.032
train,pretrain,C9mareySEAM,00012,0,pretrain,KNXOVpN8Wgg,00011,9.060469049883949,4.416
train,pretrain,R21MsHQA8vM,00039,0,trainval,NtOoDN0ojxo,50004,-7.231265445912465,2.816
train,pretrain,HJY8gMsonU0,00005,0,pretrain,U5kIdtMJGc8,00020,4.266123808957381,3.776
train,pretrain,ERSZb2wHFDw,00010,0,trainval,2j00U6lUCSc,50007,-9.900877855386321,5.696
train,pretrain,ANFQPEkczYc,00033,0,pretrain,SABC5U4MvTI,00018,1.651759414195368,16.384
train,pretrain,T8VS0LUCgmk,00009,0,pretrain,npFSbX7DZ6k,00033,7.527397861089543,7.808
train,pretrain,SpSGKCr8rq8,00025,0,trainval,DoRSyk7lA5Q,50008,1.3544975073806889,3.52
train,pretrain,4B2qC7PIHxs,00008,0,pretrain,lyRSK2CZIHQ,00031,-0.932773746247511,9.28
train,pretrain,dwU8eavPInw,00078,0,pretrain,JbuSeMcEF3s,00001,1.8833864897342139,11.008
train,pretrain,9usocDBGnvA,00013,0,pretrain,GwRzjFQaSOg,00013,6.137417847214536,6.528
train,pretrain,PTUcj45juXg,00004,0,pretrain,KVjkFqS7Y6A,00009,-9.40494048716586,4.288
train,pretrain,y9ALB39wRKo,00001,0,trainval,VSUWNySSpLI,50014,6.7071164849449225,6.016
train,pretrain,ZBrbHy7l3tg,00005,0,pretrain,voXOUWiJuLo,00012,-4.158507704851592,5.76
train,pretrain,2OH1xSaKSmI,00011,0,pretrain,boSGZ3qSAys,00016,4.3116015436214745,3.008
train,pretrain,KzeQSZ3bQ2g,00034,0,pretrain,5mug2UKGwp4,00012,-5.9881010802976675,8.576
train,pretrain,2cYDyMnL4M8,00034,0,pretrain,xqPJKtFI42U,00005,-8.995303549416167,5.76
train,pretrain,rKtmsVa4Kvk,00030,0,trainval,Mr8nvXvlSy8,50025,8.793524189813752,6.144
train,pretrain,UQzvNIIMayo,00034,0,trainval,AR6RiSHN7S0,50018,5.263162274590936,3.136
train,pretrain,wMWYLgj1ydw,00021,0,pretrain,iARReKKgETs,00018,-3.6323324301563904,2.88
train,trainval,7DLzXAjscXk,50001,0,trainval,UvbFr0eSsg8,50008,-3.6551377998379504,2.368
train,pretrain,ZSRaJIMYSMs,00018,0,pretrain,wUKAVcj9NVA,00017,6.586256464153195,4.288
train,trainval,RhgrbQmYOSY,50003,0,pretrain,N37x4GgDVBM,00047,-5.958375375864939,2.88
train,pretrain,XBaRdmEVy8s,00024,0,pretrain,qbeLy3Dkay4,00015,-8.919063921464891,5.376
train,pretrain,potB0voQzNg,00035,0,trainval,KOtFDsC8JC0,50012,3.4847019645147768,6.08
train,pretrain,jSaLUnl3qpA,00010,0,pretrain,X9FFzWUInyA,00034,-3.524370411623609,5.248
train,pretrain,BWWPZlaq35U,00001,0,pretrain,lDq9SQxvsNU,00023,-6.333065027380247,6.464
train,pretrain,HQNfpElOiZY,00006,0,pretrain,MwzqSswl4cI,00031,-6.28174793709819,5.568
train,trainval,6E3zVSCSGYk,50007,0,trainval,qxmEpmCtM3o,50001,-9.076152127647553,2.688
train,pretrain,UfM7tSoqNDw,00022,0,pretrain,WtLMST8TyeY,00013,-2.530379937650422,4.48
train,pretrain,PzSw6OsEP9Q,00025,0,pretrain,8lw30T0v44A,00005,-9.277709027253247,6.528
train,pretrain,1bXAkbCyjpo,00028,0,trainval,UWKvpFZJwcE,50022,-9.283497768503523,5.696
train,pretrain,GjijgEch52Y,00003,0,pretrain,1O2l1dcSohA,00017,8.364167970421768,4.48
train,pretrain,uHnqvhWQMV0,00009,0,pretrain,folTvNDL08A,00015,-8.72827066926929,14.08
train,pretrain,uSD6RlqHwOk,00011,0,pretrain,3YAF5JdsMm8,00005,6.787282306541133,3.584
train,pretrain,8olL43PKJKw,00030,0,pretrain,B5MkpzMAOZM,00024,-3.131459729844954,6.656
train,pretrain,0N1oA9LUEc4,00012,0,pretrain,IRVdiHu1VCc,00064,1.26622189955717,6.08
train,pretrain,CR5krXHkr2I,00004,0,pretrain,8FKYe2v0teI,00005,-1.8163717653047087,7.04
train,pretrain,J6JrHteOsII,00008,0,pretrain,jzfV2xVsUKc,00038,-7.0364406374991395,5.312
train,pretrain,P5Mpo4JQZhw,00012,0,pretrain,OtUSnXV0i4E,00014,-3.5029581107712104,3.84
train,pretrain,bC0hlK7WGcM,00006,0,pretrain,Y9DsAmzNkWk,00015,-5.363902655555968,11.584
train,pretrain,jn0Ygp7pMbA,00035,0,pretrain,H4Fwn3RHa14,00009,3.100240495773356,4.16
train,pretrain,ZOYoTup1t3A,00007,0,pretrain,KshwSURVhZA,00003,8.986791853210082,22.784
train,pretrain,ZBWsmoy5Re4,00035,0,pretrain,WonC2e5aOGE,00019,9.794004114087194,14.784
train,pretrain,DJGreSgaOTc,00013,0,pretrain,DhSoIwxWkkI,00026,-1.890083418349107,4.672
train,pretrain,SC3DVeWT09w,00012,0,pretrain,6zVS8HIPUng,00006,-3.977256333099306,7.616
train,pretrain,ASQpKiUSNHo,00042,0,pretrain,r4KQfepEqWQ,00003,-3.907224385349924,6.528
train,pretrain,eyBEIx7fCfY,00023,0,pretrain,pTZM9X3JfTk,00002,-8.991639978548738,3.264
train,pretrain,p0p45l9NMto,00016,0,pretrain,h8cF5QPPmWU,00012,8.151777216695752,7.488
train,pretrain,0FOlwct8k9M,00021,0,trainval,bZ3qQySIPgI,50002,-0.4298009346776368,6.08
train,pretrain,80USSKwX0iU,00017,0,pretrain,DcKdClnpz4k,00051,-6.831925378440404,5.12
train,pretrain,LoXAAEy6YQU,00019,0,pretrain,eMVWSUeeg8A,00008,-7.0859399401965355,5.376
train,pretrain,UGtFXtnWME4,00030,0,pretrain,BRETz2FSheQ,00016,2.7178665300691343,5.12
train,pretrain,gmSsyvrI2Xw,00017,0,pretrain,BEcyzAcFFwU,00006,2.6623346435207544,5.824
train,pretrain,20DZsCdCuOg,00012,0,pretrain,WNj1Y11tSx8,00008,-5.78750542793612,6.08
train,pretrain,HjcKVB10Ucc,00010,0,pretrain,SK095wuESeE,00004,6.790551583729211,3.84
train,trainval,Zctk6MZaxMk,50014,0,pretrain,rXepkIWPhFQ,00006,0.04866689324764906,2.432
train,pretrain,0akiEFwtkyA,00013,0,trainval,3Z6x5t5A9so,50009,-7.7193639689356,6.08
train,pretrain,CMeRySbMXDU,00003,0,pretrain,pWaxi4H2xPU,00006,-1.2920419648956702,3.904
train,pretrain,JtSjYnXD83Q,00010,0,pretrain,uNQujCwCu88,00055,-8.420650498130515,15.68
train,pretrain,G5pvUaMgfC8,00017,0,pretrain,YmRKlZEXVQM,00016,8.106488241254425,5.248
train,pretrain,bCjfy8Z7dv8,00030,0,trainval,ac1mOswXxLs,50013,2.9046938403661677,2.752
train,trainval,0lS9NDZ8VZA,50001,0,pretrain,VObLitSe3K0,00002,-7.336603261741422,5.248
train,pretrain,6yR5OUVb2gY,00028,0,pretrain,2iWi11tkrAM,00002,2.171276191518823,8.896
train,trainval,GzzHawjP648,50007,0,pretrain,TexXAuRSe0g,00001,-0.9485491604150091,5.568
train,pretrain,LPrS7Skx9Y0,00005,0,trainval,cbSts8fUhB8,50004,-5.080848489059207,4.096
train,pretrain,aS1UEAGCo30,00004,0,trainval,7Iv2nZnZOrM,50029,6.752030889299476,2.048
train,pretrain,R9g3QSqvtss,00018,0,pretrain,twG4mr6Jov0,00027,-5.445146284569084,3.52
train,pretrain,f8nkcRMZKV4,00017,0,pretrain,3icoSeGqQtY,00021,3.0576391653535655,4.672
train,pretrain,OaGEMSRms48,00002,0,trainval,kZP8KqrSbcw,50007,5.437442849638035,2.688
train,pretrain,MBZyRlxVdSE,00013,0,pretrain,HonUUtuCSwM,00012,1.3272292247126245,6.528
train,pretrain,uhRhtFFhNzQ,00021,0,pretrain,o3oDpCb7VqI,00031,-2.2068908417471444,8.64
train,pretrain,1yzoCFqKEhI,00001,0,pretrain,O4Og5tFNiaU,00014,-9.738705718600219,5.76
train,pretrain,imhUmLtlZpw,00026,0,pretrain,ktOeFgmdIAo,00001,6.850298912291148,7.808
train,pretrain,mSQmfZOVNPw,00019,0,pretrain,vu7eInSBt4I,00005,-5.186215003054664,18.624
train,pretrain,mAvSoNUgMno,00009,0,pretrain,5QGApheKRc0,00020,-9.8785494034186,4.8
train,trainval,zCvSZBy6SyU,50011,0,pretrain,EEjyPqyFeSs,00034,-7.666084293271376,3.328
train,pretrain,mwzBJF5Q7Vw,00024,0,pretrain,zjvsA0v7r0g,00002,-7.661739226264579,5.056
train,pretrain,FD5ZKiSmoMU,00066,0,pretrain,iFTWM7HV2UI,00008,9.045859235123778,5.888
train,pretrain,N0vRIqeoefs,00040,0,pretrain,4SIWhJvu0jU,00013,3.990574094494894,9.344
train,pretrain,8COaMKbNrX0,00029,0,trainval,PyS1o4sX1hk,50008,8.26278396544457,5.76
train,pretrain,sFNmulAb4wM,00030,0,pretrain,rToBZSrxjgM,00009,1.332630804657434,7.872
train,trainval,GP4sBGbeF8w,50005,0,pretrain,2BOTS9GAjc4,00026,0.5503932347478351,6.016
train,trainval,qQSPUXPVlos,50002,0,pretrain,ulLFP8axZVQ,00026,4.411742907782372,2.88
train,pretrain,NVPxmzSPvUw,00033,0,pretrain,UCFg9bcW7Bk,00025,6.4704708027030335,19.008
train,pretrain,4uAAegPkCKo,00002,0,pretrain,MOFdlEbu15g,00079,9.047267676380585,6.976
train,pretrain,SwT0YLKbwoU,00006,0,pretrain,bdEF9WEiO5g,00007,-6.974740684911214,2.816
train,pretrain,I64CQp6z0Pk,00018,0,pretrain,hZS5swhJHUk,00007,-8.545337848915393,6.08
train,pretrain,hSSmmlridUM,00014,0,pretrain,xqPJKtFI42U,00025,-8.28068928984736,15.04
train,pretrain,jqWHy6B0ADA,00015,0,pretrain,uM1Ygy0tSp0,00016,7.607507954962141,19.84
train,pretrain,VeXCU8cjIlw,00003,0,trainval,bSiGZPtWXzE,50032,-9.19297275725437,3.2
train,trainval,CsqSDpmgsQg,50007,0,pretrain,G8gJJuCdPSA,00028,6.6332288760818585,6.08
train,pretrain,AvtStbwMQqs,00017,0,pretrain,uSD6RlqHwOk,00004,-3.8919432328461134,7.808
train,pretrain,nCwwVjPNloY,00026,0,pretrain,ea3HnhOLC9g,00019,3.9872653535659133,7.872
train,pretrain,AHcTWlxWzpE,00028,0,pretrain,SMi3rHuK0c4,00005,2.824385571922022,9.472
train,pretrain,HJouIL6uaoc,00003,0,pretrain,R7vmHGAshi8,00024,-2.9573238703712024,12.16
train,pretrain,jryCoo0BrRk,00018,0,pretrain,1mUDw0sRZV0,00007,-6.436940435158385,26.368
train,trainval,6Af6bSwyiwI,50006,0,pretrain,Br1AIvMrvAE,00022,0.5788158020605056,2.048
train,pretrain,8iQnrM3DkVI,00018,0,pretrain,kvpUiBqHoVM,00009,-9.189956279991954,5.44
train,pretrain,3dqXHHCc5lA,00010,0,pretrain,4mJ1aHFPS1M,00034,7.520847595405932,5.568
train,pretrain,M1o3FS0awtk,00026,0,pretrain,rGgoCm1hofM,00021,7.0793148633888805,5.504
train,pretrain,ufp5iGh0agA,00028,0,pretrain,Eewvsw027jg,00004,-1.0387394557883596,7.424
train,pretrain,OkKhI6St40w,00008,0,pretrain,cGrFSZYPAyk,00006,-2.783323409162106,10.752
train,pretrain,V3CLRL32Mcw,00007,0,pretrain,lUO0xDSJQVI,00011,-0.37244671367852256,4.928
train,pretrain,PS2h8hSFphs,00022,0,pretrain,qy4uuAfRFnI,00013,-8.234232415707156,5.12
train,pretrain,8meWY0W40OA,00020,0,pretrain,cmlRinjYKfM,00006,8.213678864537584,13.312
train,pretrain,2cU56SWXHFw,00009,0,pretrain,DnJHaveemUk,00007,5.997428879032331,5.76
train,pretrain,0qYTf9evWeY,00021,0,pretrain,qqNLSZ6SSSc,00027,2.419509753544226,8.32
train,pretrain,rni41c9iq54,00013,0,pretrain,6yR5OUVb2gY,00024,-4.861196324546362,19.584
train,pretrain,P8GCjrDWWUM,00011,0,pretrain,Aetg4kJie0o,00021,8.281988148054957,8.512
train,pretrain,jTfGAHroSSI,00001,0,pretrain,bXnTAnsVfN8,00011,-2.5348063017882545,7.232
train,pretrain,yyW9W3e9VD0,00021,0,pretrain,2t13Rq4oc7A,00023,-2.3102651369965184,7.616
train,pretrain,58eTdyeVwbA,00005,0,pretrain,Mr8nvXvlSy8,00027,0.35072375442765846,4.16
train,pretrain,R84vqXjXWJc,00029,0,trainval,5ErKrSyUpEo,50008,3.3012008330704994,6.08
train,pretrain,SS6ZojCzNGY,00034,0,pretrain,y2yka9lyvMA,00055,-4.721108787129649,2.88
train,trainval,G8gJJuCdPSA,50006,0,pretrain,pWrgvI4nyyg,00008,-1.0873533235974957,3.2
train,pretrain,eLz9TvxGoKs,00012,0,pretrain,IDqMB6C1uys,00004,-5.431851684811068,4.096
train,pretrain,SryJK294Psw,00008,0,pretrain,pcSlowAhvUk,00038,5.349713543848457,6.976
train,pretrain,n3qA8DNc2Ss,00002,0,pretrain,zYhgy5ouYLM,00012,-2.179997439723862,4.16
train,pretrain,gZga0AmCGdE,00017,0,trainval,nubSKdtzLcE,50009,-6.5519417804484785,4.416
train,pretrain,2Shh4UkPVCc,00043,0,pretrain,vbHkhSfaQu8,00013,7.492153003413307,8.512
train,pretrain,ogXTSCI7KRU,00032,0,pretrain,AS3Pyc4Qr2Q,00039,0.6762990641729694,11.136
train,pretrain,5pW2b1vwwf4,00028,0,pretrain,IdW9UYlxlVY,00016,5.734482426374454,4.032
train,pretrain,IfjI0tVUpbc,00012,0,pretrain,lfBpsV1Hwqs,00029,5.587197957645063,9.28
train,pretrain,fw01Sq0cxM8,00038,0,pretrain,VjQ3ufqnfSM,00007,-2.4692548277294097,4.16
train,pretrain,bNpx7gpSqbY,00011,0,pretrain,JiXzBl8p9v8,00002,7.621900604645788,4.416
train,pretrain,nLecuOcB3dA,00015,0,pretrain,Sid0oc0w3mQ,00002,3.9384313853696913,4.096
train,pretrain,9EglK8Mk18o,00021,0,pretrain,D03n5dAmBSE,00002,0.2013453095244504,5.376
train,pretrain,hxPiz2sE0h4,00017,0,pretrain,TKOKD69jUA0,00004,9.149821937629564,4.48
train,pretrain,ym6OYelD5fA,00025,0,pretrain,n8eyF4UWG38,00011,4.482580414377971,3.712
train,pretrain,j3qs0q4RBHY,00019,0,pretrain,7hFy02TSH4U,00011,-2.1569639644310934,10.752
train,trainval,uHRG3Vr9qyI,50009,0,pretrain,HYGvts8hre8,00023,-4.201359370744681,5.824
train,pretrain,5tUnSuoYKoE,00005,0,pretrain,ynSrWmoq7Is,00042,-7.846621641505571,5.44
train,pretrain,80USSKwX0iU,00010,0,pretrain,LJhklPJz9U8,00037,-0.6869512592821998,4.48
train,trainval,J6oMG7u9HGE,50064,0,pretrain,Oe1cDSPfbh8,00002,-1.6428325853854115,2.56
train,pretrain,asSNPOU5U3c,00037,0,pretrain,SUkVcmKZyyQ,00025,8.554158858027865,6.336
train,pretrain,1krVk4CMy98,00006,0,pretrain,xmlekZSSOWE,00012,7.96107258211579,3.84
train,pretrain,36m1oStM05g,00013,0,pretrain,lO1P6lCNnyo,00016,-5.743172183303676,7.488
train,trainval,aIFFFGf1ZRE,50027,0,pretrain,dhDBxxOKGlg,00004,-0.7850064544312811,5.76
train,pretrain,FrsiPG3Cs08,00003,0,trainval,7FecGsXFgcQ,50001,-8.952304209760486,2.432
train,pretrain,risdUQ3dvrk,00011,0,pretrain,AU66C6HePfg,00016,5.465308952964898,11.776
train,pretrain,9P73k8m3Ytw,00021,0,pretrain,S6BLFdBfgfU,00008,-9.929118495578757,4.096
train,pretrain,GtXyGFMBWBs,00033,0,pretrain,rHbjwH2Blfg,00012,-1.303024434481335,8.704
train,pretrain,maCww8AXIvg,00019,0,pretrain,NRXCxJGQ4KY,00005,-6.99084886779721,8.448
train,pretrain,LizFrxTK5Qo,00031,0,trainval,urOCGSMlB9g,50004,6.4814878758599015,6.016
train,pretrain,oDtZi2SUm8Q,00007,0,trainval,acJscdoP2a4,50009,-2.2328899686391175,2.816
train,pretrain,MoSmgcxGYYE,00067,0,trainval,G1RRbupCxi0,50028,-8.984072971277788,5.248
train,pretrain,j3qs0q4RBHY,00016,0,pretrain,W3C23m71Yws,00031,9.739931419606506,5.888
train,pretrain,kQa11RMCeSI,00004,0,trainval,AJYRJ92g4GI,50005,1.4387984459210639,5.888
train,pretrain,HS8y0WLm78U,00015,0,trainval,VGpZ06RlVfI,50001,5.992575487925251,2.816
train,trainval,gzcwS02ZB1o,50004,0,pretrain,kiUnJ1d8vvw,00004,3.9065926306255268,4.608
train,pretrain,AS3Pyc4Qr2Q,00031,0,pretrain,potB0voQzNg,00020,-8.637848854813777,4.16
train,trainval,7DCofMA9eQA,50003,0,pretrain,fwm3azuoLr4,00024,-5.833645133848073,5.888
train,trainval,H6n3iNh4XLI,50032,0,pretrain,aR5N2Jl8k14,00012,-2.531791121445906,2.944
train,pretrain,2NcetHNXaxU,00016,0,pretrain,bczm0RsIZUM,00024,-6.766389820598285,4.48
train,pretrain,u9Lu85L111Y,00033,0,pretrain,wAIP6fI0NAI,00001,-7.667543901887455,10.496
train,pretrain,20adDr7Felw,00035,0,pretrain,naSNfaSbOjA,00005,8.14466861629116,4.544
train,pretrain,2wu28tI9VkM,00014,0,pretrain,4jBB5iibKy0,00019,-0.41007798840351484,4.416
train,pretrain,WvvuLDX7iIk,00005,0,pretrain,sHdYaMyR5S8,00020,-8.277731138915083,6.656
train,trainval,e8JK3qVGuUg,50007,0,pretrain,DW5YctpK7pM,00029,-6.6925617082727795,3.328
train,trainval,k8OgHJ4WXR0,50001,0,pretrain,dOt4NkcmIUg,00031,-8.47618452734003,2.176
train,pretrain,jKAehegqTvg,00006,0,trainval,hRSw8DBbFr8,50001,6.317146784769548,6.08
train,pretrain,ukgnU2aXM2c,00028,0,pretrain,itLUXZnLRn8,00024,-4.9236505108303845,10.816
train,pretrain,IfG7WVSbN6Y,00031,0,pretrain,xcR1SWhjZys,00015,-3.7176784380880363,2.56
train,trainval,pz1TDXKSTHc,50006,0,pretrain,5FjuSwOaV3Y,00034,7.782201119784482,5.824
train,pretrain,eyBEIx7fCfY,00002,0,pretrain,JSuTsrxfYWQ,00050,-6.158603007817016,7.936
train,pretrain,Sk0ywFgMpFk,00003,0,pretrain,vbKKoniUxMk,00016,-3.1177150214126197,2.88
train,pretrain,P5Mpo4JQZhw,00013,0,pretrain,YwSGTipx3As,00005,7.582338653802587,5.44
train,pretrain,pn8p3rOaA5I,00016,0,pretrain,iYwAMccbhYs,00019,1.6482586239425387,9.024
train,pretrain,Z24sXLBnOu4,00002,0,pretrain,JvIbrDR1GSc,00021,-5.959017540413578,32.128
train,trainval,8woKcr7uSYQ,50004,0,pretrain,YeXcNpVkezI,00025,0.19673112697123862,4.416
train,pretrain,syjEN3peCJw,00028,0,pretrain,gMNlRovT5x4,00007,-6.400307840984725,4.8
train,trainval,o0VrZPBskpg,50011,0,pretrain,XvS83nXSf0k,00002,7.175979547167209,3.072
train,pretrain,6aRz72yxHQo,00018,0,pretrain,4a6ZRstYlgw,00042,-4.159154651318375,6.336
train,trainval,4GKTEDqbQIw,50028,0,pretrain,xRL2vVAa47I,00032,-9.657820991537182,6.208
train,pretrain,43e6eAAeGCs,00003,0,pretrain,apbSsILLh28,00016,3.690360590739532,8.704
train,pretrain,G0jxiJzIiz4,00015,0,pretrain,GCOc31fQi7A,00013,-4.644279934416728,3.584
train,pretrain,PYjWLqEScfE,00012,0,pretrain,cQgSjnOfHPQ,00007,-0.698109773373897,6.592
train,pretrain,7SfRgg9botI,00015,0,pretrain,gSUvy6pvLA4,00001,-5.159018201622779,10.56
train,pretrain,haTsrKptgIU,00015,0,pretrain,LUO3jqMlWkE,00036,-3.935894200274113,5.632
train,pretrain,LwSzyoYlIsA,00011,0,pretrain,pPgd7Hj3ABQ,00031,-7.90659892881467,3.84
train,pretrain,2NWpMqD8Qyk,00019,0,pretrain,5EORxJsoUJQ,00018,4.496588268514646,4.16
train,pretrain,D9xJl4S6NsM,00017,0,pretrain,FXYFLK0KZio,00021,8.41904929970125,10.368
train,pretrain,P2dlq8ZqjDM,00004,0,pretrain,vygSSFKXms4,00004,0.8183283185272394,9.408
train,pretrain,AOEQ9GteWbg,00017,0,pretrain,CFrrgfEuMwc,00018,1.9093788964240233,6.208
train,pretrain,eJb3Z2RmRMo,00008,0,trainval,VL5zqmpiJlQ,50001,-6.9668524902279465,3.84
train,trainval,bHLgTUV0XWI,50008,0,pretrain,Xl6wxnnSStI,00007,3.4896267419409064,2.816
train,trainval,5AN5fPFtV0U,50020,0,pretrain,SjaWs87t5UM,00005,-3.5530729384284543,6.208
train,pretrain,xTBYcSL3MrI,00005,0,pretrain,EHTmxmuhZ10,00030,6.287807550532925,5.056
train,pretrain,HCJRXoYOoaI,00011,0,trainval,S2OzLREwHtI,50007,5.584992846721423,3.52
train,trainval,cPsP4F1qYCI,50011,0,pretrain,arj7oStGLkU,00016,6.1077130467748155,6.016
train,pretrain,YDvbDiJZpy0,00006,0,pretrain,7Mqse6SLOds,00010,1.1337494741787584,3.52
train,pretrain,H8Pr9Jnulxk,00017,0,trainval,SypPoKpQi6w,50001,-5.853108723783453,3.968
train,pretrain,9ebJlcZMx3c,00001,0,pretrain,dFC2pSkETas,00003,8.631617407459615,4.48
train,pretrain,aTgPJQ9Dy7Q,00005,0,pretrain,CEN4XNth61o,00051,9.307509255200348,4.032
train,trainval,r9Zz4hYuGdw,50006,0,pretrain,CLSSiaFuLo4,00001,-1.6699699268661483,2.432
train,pretrain,4BwSMSCFdu0,00044,0,pretrain,bB5zR2xYhm4,00005,-8.04379171221701,4.928
train,pretrain,NAkkckxE9i8,00015,0,pretrain,3E46oWB4V0s,00011,6.776010915197666,5.248
train,pretrain,bB5zR2xYhm4,00014,0,pretrain,sgTjCpBOeCU,00004,-3.6253499022132125,5.504
train,pretrain,yVQ8fZB30JU,00018,0,pretrain,aR5N2Jl8k14,00018,7.9733988098825535,11.008
train,pretrain,60P7717SXOQ,00021,0,trainval,aFBIPOSP7LM,50003,-9.791634293855234,5.632
train,pretrain,voXOUWiJuLo,00001,0,pretrain,td5Ld3nURAI,00004,4.849614371019303,13.504
train,pretrain,LUO3jqMlWkE,00039,0,trainval,GDnYDLERnRE,50041,8.306739380669214,5.504
train,pretrain,pbotabqHUys,00020,0,pretrain,PXBjQ7bc6PY,00014,-2.044849698005695,3.136
train,pretrain,xgYtUKFzHf8,00015,0,pretrain,QnJIjEAE41w,00010,-8.261639903071924,3.456
train,pretrain,UMSWdzT6rV8,00015,0,pretrain,AoAbPIbGLUo,00039,5.746215745506012,10.048
train,trainval,UQzvNIIMayo,50015,0,pretrain,ZBuT2wdYtpM,00003,-8.34745129689325,2.432
train,pretrain,l5d8GW6GdR0,00019,0,pretrain,BGcJXAXSSd0,00013,7.475115187651053,7.168
train,pretrain,UMSWdzT6rV8,00012,0,pretrain,JaFSfq2Zn7I,00031,-2.2231988464917007,5.376
train,pretrain,eFwaRDqTUL8,00003,0,pretrain,EHTmxmuhZ10,00025,-6.11557162850646,11.328
train,pretrain,lzSkIDxbzGA,00027,0,pretrain,3aJma6R8Ptw,00003,5.816357100883568,6.848
train,trainval,IRxgDMSp9Gs,50012,0,pretrain,jodhovumkHQ,00047,-1.7658840291587516,5.824
train,pretrain,ImQrUjlyHUg,00068,0,pretrain,xY7kVVS2HVY,00031,-6.769736781010252,7.616
train,pretrain,k4vzhweOefs,00068,0,pretrain,dTwXeZ4GkzI,00016,-9.07243344558102,10.048
train,pretrain,nZLO2PnGzMg,00003,0,pretrain,w2itwFJCgFQ,00008,-7.409870646227756,4.416
train,pretrain,DzNNS4rcIjs,00004,0,pretrain,yqc9zX04DXs,00026,-8.776459025777363,3.264
train,pretrain,R1vskiVDwl4,00014,0,pretrain,izddjApSN4I,00007,8.338804375473053,2.56
train,pretrain,OEydHbngSz0,00015,0,trainval,Z1R1z9ipFnM,50007,9.952840650576377,5.056
train,pretrain,K7TEslQCwTY,00001,0,pretrain,28sa2zGgmwE,00005,3.8748997700723127,19.008
train,pretrain,RtFFT4zjyTM,00021,0,pretrain,Kqm9AEvJgxU,00023,3.2945310307254836,11.968
train,trainval,CjB6DQGalU0,50005,0,trainval,YraU52j3y8s,50014,-6.451263327910938,5.44
train,pretrain,9vpqilhW9uI,00021,0,pretrain,rxeLnx5UEEk,00016,2.1918390580233034,8.32
train,pretrain,buhMdC7MO0U,00030,0,pretrain,SgOTaXhbqPQ,00045,-4.233071319268731,19.648
train,pretrain,JBLc4Ekl3BA,00017,0,pretrain,SdBPkbi4SR8,00012,7.357396357278358,11.008
train,pretrain,rEgSZNB3qyI,00027,0,trainval,bczm0RsIZUM,50004,-3.009872634523189,3.584
train,pretrain,LMrzdkSYnYY,00012,0,pretrain,Fr26scqsIwk,00008,-0.4219257983600251,6.464
train,pretrain,46w99bZ3WSM,00003,0,pretrain,7sqeoYOQ4qg,00042,8.805544642957063,8.64
train,pretrain,LhjsRjC6B8U,00013,0,pretrain,xRL2vVAa47I,00022,5.806295447650882,5.184
train,pretrain,a19lSbFPRqY,00019,0,pretrain,Bp2FvktSTRM,00001,-2.9733607585291715,5.888
train,pretrain,2FMBSblpcrc,00011,0,trainval,gZga0AmCGdE,50016,8.691642232779316,2.304
train,pretrain,G8cjIBwP52o,00030,0,pretrain,5EH1dS2aQVg,00013,-9.98236537319552,9.28
train,pretrain,150cqgYh8sQ,00018,0,trainval,lJGtXuCmZBM,50001,-3.213325743986511,3.136
train,pretrain,MSZS1wnjfhY,00017,0,pretrain,PcDftBVDSlc,00007,-8.00356381947249,4.096
train,pretrain,mguvTfAw4wk,00009,0,trainval,SwaBFUgSoT8,50004,9.715965722336893,6.016
train,trainval,Uq1idqpX9SA,50011,0,pretrain,E27DY3AVA98,00005,1.7631992977068744,3.712
train,trainval,ATISgVUKetI,50006,0,pretrain,KsSSMh1QhMc,00021,-6.58754389455658,2.816
train,pretrain,9SQYDFiWnSs,00028,0,pretrain,9YGZkgkj3fM,00012,-4.693681379862107,20.544
train,pretrain,aZWxtQ19JsE,00008,0,pretrain,8wSOZFBcwZc,00019,7.6000719533828445,5.76
train,pretrain,RxyQNEVOElU,00057,0,pretrain,moS9iMlmsP0,00015,-9.624728785145377,11.072
train,trainval,s2F41IQSPGE,50023,0,pretrain,qzwCujeSSSc,00027,0.9425241765877601,6.208
train,pretrain,H1fvr9rGgSg,00061,0,pretrain,NAcuH7nSdLc,00042,-2.0755249769090467,4.928
train,pretrain,AGivotqSrd0,00039,0,pretrain,KDBcoRLkut8,00021,-5.855168634309187,5.184
train,pretrain,ncwpzEoVZCk,00014,0,trainval,Q80MfH7xPPE,50008,2.2652090706865344,5.12
train,trainval,vHhn7z6BA0w,50012,0,pretrain,cj5LZBmiQu4,00033,-9.742119065717375,6.144
train,pretrain,orumugzJpt0,00007,0,pretrain,iXHil1TPxvA,00005,4.760756306761262,6.4
train,pretrain,FyL9OkVgZA4,00002,0,pretrain,hgui64Kr0Go,00028,-2.1299357464676705,15.68
train,pretrain,iRSjlgWE9GQ,00039,0,pretrain,g1bOpgoOI3g,00003,5.7693839927075015,8.896
train,pretrain,9SqHrhrTktc,00015,0,pretrain,tj2jeYqfLuA,00016,4.123088453693738,5.76
train,pretrain,w32u2NwCve0,00013,0,pretrain,RsxlLsHtoBI,00003,-1.9009633700228505,10.304
train,pretrain,6W2dsnhC18Q,00003,0,pretrain,4Rtfi4MSafA,00017,-3.8447918001064867,6.464
train,pretrain,h4MhbkWJzKk,00025,0,pretrain,weCFbknwZa8,00010,-1.3955711677884892,3.648
train,trainval,TZkNJFrfdR8,50006,0,pretrain,5w5BhwLzoqg,00021,6.9852477818337455,4.928
train,pretrain,cXbXNV9SZAg,00034,0,pretrain,Iv3Ud7Shv9g,00015,-8.725919903166787,4.48
train,pretrain,Sx4Gsh0r9HU,00012,0,pretrain,Qs9m8obl0AY,00007,-9.113022056935542,4.032
train,trainval,YAV96XSdMQo,50017,0,trainval,TdtoAQFStBk,50008,-9.362637041510368,2.944
train,pretrain,BsFxokC02sg,00019,0,pretrain,jSdBXFkQ3S8,00022,0.9898471225858625,3.456
train,pretrain,F6NU0DMjv0Y,00029,0,pretrain,4a6ZRstYlgw,00062,9.226350862809102,4.416
train,pretrain,WjBwhwe5Scc,00009,0,pretrain,xX1Job6O60E,00011,-4.192740189312543,5.76
train,pretrain,7CIq4mtiamY,00038,0,pretrain,q1sk47FLAmg,00007,1.1112277185194923,7.808
train,pretrain,1bXAkbCyjpo,00038,0,pretrain,2SlbsnaSNNM,00006,2.355639905408104,4.608
train,pretrain,2PR51JQkib4,00009,0,pretrain,Ytw0I6ytRto,00007,-5.5347688759860025,4.096
train,pretrain,mk3KSVrveSE,00029,0,trainval,ESlb3D7AySM,50005,-0.10227570537009001,5.76
train,pretrain,gDS1Eh6rqf8,00009,0,pretrain,U5SyBjKKicA,00022,-4.893821551693225,41.984
train,pretrain,h1Yg1rURKR0,00007,0,pretrain,8dSDMQNoikU,00010,9.87587026571823,12.8
train,pretrain,OFbF16DVTXY,00002,0,pretrain,0bRocfcPhHU,00016,-7.76156892501648,4.8
train,pretrain,mzu3ira61k8,00005,0,pretrain,QS0p8ZpBq04,00013,-2.9925783730395246,6.336
train,pretrain,LKAhTELkOV8,00031,0,pretrain,cdpIwjTtLlg,00025,9.544388250000317,5.504
train,pretrain,7pVPmmwSeJQ,00022,0,pretrain,0MD4Ymjyc2I,00037,9.640925365753727,4.16
train,pretrain,jsZDlBU36n0,00033,0,pretrain,Nhwq12TKkQQ,00020,-9.250852189008276,9.92
train,pretrain,C0byYFXjRJM,00013,0,pretrain,zSWppsceZ1c,00026,1.53153155497791,6.592
train,pretrain,FEeTLopLkEo,00019,0,pretrain,fXf3CCyhLGU,00004,-3.376081263790658,13.376
train,pretrain,K74JqctvM2g,00027,0,pretrain,iNOE0dZpHcY,00060,-6.695450523634328,7.232
train,trainval,LTtTfCwkIW0,50003,0,pretrain,BFygtNQSJcU,00004,5.13865898124738,2.816
train,pretrain,WCj82W7XkjI,00033,0,pretrain,eQdFkSSgHYo,00012,-4.925675643071948,3.776
train,pretrain,erCApSBd0AQ,00023,0,pretrain,WSSaFAZS0Dw,00008,6.092701045370941,3.84
train,pretrain,JcCQS4YiTb8,00001,0,pretrain,N9HF8mMe2pU,00031,-3.7397576646113144,4.8
train,pretrain,lDq9SQxvsNU,00015,0,pretrain,hHEVMhHDP1E,00002,-8.622035496799068,7.04
train,pretrain,jSOPQgPIdKg,00028,0,trainval,lVQ3KUTHDe0,50013,4.619304897655976,2.304
train,pretrain,UyUXxrSS3qs,00025,0,pretrain,guXxy8LH2QM,00003,2.640690098831481,2.816
train,pretrain,folTvNDL08A,00031,0,pretrain,zIwLWfaAgS8,00017,6.101029993314498,6.912
train,pretrain,6E3zVSCSGYk,00013,0,pretrain,7SRGn75JcZ8,00005,4.774629543579319,6.656
train,trainval,ac1mOswXxLs,50014,0,pretrain,EgU3iSg8ZRY,00012,1.4432132069635255,6.144
train,trainval,In6iAXTnqEo,50010,0,pretrain,jxKUDXrtDFI,00004,4.721946791077647,4.096
train,pretrain,ysln0YyjUok,00003,0,pretrain,iXHil1TPxvA,00012,-1.7760523303199633,16.064
train,pretrain,5ErKrSyUpEo,00025,0,pretrain,KaiwGb0csas,00016,7.302536546435981,8.64
train,pretrain,N37x4GgDVBM,00043,0,pretrain,DZT6YpCsapg,00022,4.879746806597609,4.096
train,pretrain,GkRn9Lp16UI,00024,0,pretrain,fbeFn1Xcqo4,00047,-7.548351796236656,3.328
train,pretrain,xHwMV35yjoE,00004,0,pretrain,PuroSL7O4eY,00027,-8.894284248646942,10.752
train,pretrain,N9HF8mMe2pU,00006,0,pretrain,j8T3bdqTdp4,00027,-8.497789249829506,10.56
train,pretrain,9h2dFSIsH0I,00008,0,trainval,x8QxdldkPNM,50005,0.18130728953333275,2.304
train,pretrain,5HL1BEC024g,00008,0,pretrain,7Gp08e63q5c,00006,-9.808417976492843,4.288
train,pretrain,bpi6us7wQfE,00013,0,pretrain,UUkAGboDMwI,00015,1.118121025060912,14.656
train,pretrain,3ite2QwSU7g,00013,0,trainval,bZS7T5eF3hY,50001,1.3074121911571588,3.584
train,trainval,2lJvr5UL2pQ,50005,0,pretrain,hupHAPF1fHY,00032,6.64211629632597,6.08
train,pretrain,P3fIZuW9PSM,00021,0,pretrain,oeL72c6scAs,00029,1.9758109790237732,6.848
train,trainval,Q0Uo05JoZQo,50001,0,trainval,nTFEUsudhfs,50006,0.14633879019071827,2.56
train,pretrain,emeEpzkf044,00010,0,pretrain,lzSkIDxbzGA,00018,3.1081135450593926,7.04
train,pretrain,k9QTVIISlkg,00006,0,pretrain,R21MsHQA8vM,00047,-0.40216226058376847,12.096
train,pretrain,M8CTOjQhJFo,00023,0,trainval,MgUTzbGakRw,50003,1.679872357719125,4.16
train,pretrain,wD3S6JIUF7M,00029,0,pretrain,o9DNWK6WfQw,00029,-5.315252738374108,6.592
train,pretrain,RoS2q3pSrq4,00017,0,pretrain,qFza3W87eDg,00044,4.8430143640342145,5.568
train,pretrain,BJsrYqPtXFM,00041,0,pretrain,9yPlMBPNf2M,00012,0.16276320145732726,8.256
train,pretrain,ROW9FSc0kIQ,00012,0,trainval,uo7w3g24DWo,50005,3.083405663141413,4.736
train,pretrain,OAK1UIbSFio,00064,0,trainval,IMTcuU0KLSw,50017,6.736258481480306,6.016
train,trainval,vSjlCJaEwZE,50007,0,pretrain,d6KSsePuFAo,00001,-1.7498105591473472,3.712
train,pretrain,ImQrUjlyHUg,00040,0,pretrain,YyuScSjkGSs,00038,7.491195460482288,4.224
train,pretrain,XOU2ubWkoPw,00003,0,pretrain,MJKSdMlATmM,00010,4.865920234618379,8.128
train,pretrain,6aRz72yxHQo,00011,0,pretrain,488ZBeaGo6s,00020,7.569267454850085,4.16
train,pretrain,H8Pr9Jnulxk,00026,0,pretrain,k4vzhweOefs,00003,8.62527065683717,3.648
train,pretrain,umgWcQ5uNu0,00018,0,pretrain,U8XD0CcNhPU,00006,6.552490299910605,4.288
train,pretrain,PiVB5niLrWg,00008,0,trainval,Vqm8fXFFHyY,50010,-9.638866451516684,6.08
train,pretrain,Tmk7nAvpMXQ,00006,0,pretrain,iunmpgOnpqM,00014,-1.1581877226453425,14.528
train,trainval,PlQ3VdvvTvE,50009,0,pretrain,ruh6rN5UrME,00011,2.1437201446260357,6.08
train,pretrain,dskNubEgzCk,00031,0,pretrain,4VDYo4k3xKk,00014,9.319927942505352,4.992
train,trainval,p0aTfcXpOEs,50001,0,pretrain,gjfYohXoiz0,00001,4.5308418963532695,3.52
train,pretrain,HgRJNsTb08Q,00010,0,pretrain,xYemnKEKx0c,00040,-2.4904411626242906,4.928
train,pretrain,8u9Wvz1edxI,00037,0,trainval,vZWokpaQ3NE,50008,-6.457146370070261,5.248
train,pretrain,uFIc7XEVyM0,00008,0,pretrain,CFADnhYKDHg,00017,-9.943138387951048,6.016
train,pretrain,5duz42kHqPs,00005,0,pretrain,asgdGSGQBgY,00006,3.33485249035226,5.888
train,pretrain,i1OAMgrsUUw,00011,0,trainval,xY7kVVS2HVY,50048,5.74843759263177,4.16
train,trainval,H2vN2QXZGnc,50012,0,pretrain,XzDNfLnUOYY,00025,1.4568821989459728,5.248
train,pretrain,Ytw0I6ytRto,00032,0,trainval,kNhyOYv2ejw,50020,5.363341780319839,4.16
train,pretrain,nzj7Wg4DAbs,00023,0,pretrain,F17SKiAZOxg,00024,8.513131277237171,12.16
train,pretrain,eJnlgDUcxOQ,00021,0,trainval,tbicAmaXYtM,50020,1.7423004441051777,6.144
train,pretrain,Y28ARjfk4gg,00002,0,pretrain,2Pp9ONyxBr8,00005,-6.560928899651861,7.616
train,pretrain,vvhiNSqq6oo,00005,0,pretrain,S47ZRF02Cyo,00002,-8.662914336040192,5.952
train,trainval,W9YBCwgrwQA,50002,0,pretrain,DtT6S1vtjzQ,00003,0.28754318342826046,2.24
train,pretrain,kSGFq12w5WU,00021,0,pretrain,6bVhrpkp0WU,00019,-3.006059836959807,5.12
train,pretrain,xMS9HlSSLSA,00019,0,pretrain,3E7hkPZSHTk,00020,7.95697352823095,4.544
train,trainval,SC3DVeWT09w,50029,0,pretrain,Qd7PiXg5fKE,00026,4.499463512471918,4.032
train,pretrain,GSmaUPREKlU,00019,0,pretrain,JzLiCBCbAMY,00022,-8.724699043157067,6.4
train,pretrain,sAMahX5hIgU,00002,0,pretrain,jiDQDLnEXdA,00023,9.085043991919125,3.84
train,pretrain,pVQdpofMhwU,00023,0,pretrain,855Now8h5Rs,00018,3.666679536791616,9.344
train,pretrain,YO0lbdhF30g,00015,0,pretrain,yg8SBuTuoKk,00015,9.598610764477542,5.632
train,pretrain,LH8MPbFoRjw,00011,0,pretrain,BltRufe5kkI,00004,6.323762967577899,3.52
train,pretrain,WQG8EJTY48M,00005,0,trainval,ST4JS67J0Y4,50021,0.32506556175218293,3.584
train,pretrain,IdW9UYlxlVY,00009,0,pretrain,4YooZCkyUsY,00005,-0.7310036886198077,14.016
train,pretrain,1z3Fgtj8fqk,00020,0,pretrain,6vLrreR6YOE,00024,7.634995554531951,17.92
train,pretrain,xnovQVRHj5c,00006,0,pretrain,lwz8KvS9NRA,00028,8.460215209856209,3.968
train,pretrain,95MmftgCHMo,00002,0,pretrain,G8cjIBwP52o,00027,-2.359073229655923,17.984
train,pretrain,mUJdzaLDRIo,00059,0,pretrain,tX6YpAf6Sco,00010,-7.279757032805465,10.176
train,pretrain,ZvSJE9n0GfA,00003,0,pretrain,qykSnLkPM7E,00014,-9.104999441109769,16.512
train,pretrain,q319HSSLs9Q,00023,0,trainval,8Dv2Hdf5TRg,50001,-9.824107205721104,5.888
train,pretrain,folTvNDL08A,00017,0,pretrain,1rTEOU67zCo,00006,-7.524767748735728,14.208
train,pretrain,wZ2TF8SPGQ4,00004,0,pretrain,8C2t8P809x8,00009,3.1960636553655863,6.272
train,pretrain,PiVB5niLrWg,00014,0,pretrain,HSZ1ZvjlKDE,00011,1.6405363885535156,7.872
train,pretrain,RcGyVTAoXEU,00028,0,pretrain,zESeeaFDVSw,00012,1.0834139252624055,4.16
train,pretrain,GeDSgi0A7A8,00026,0,pretrain,TDCYJ3Sgx2w,00014,8.771576950289813,5.568
train,pretrain,qQDC7c2I8l8,00015,0,pretrain,PVXQUItNEDQ,00021,5.704050244010546,22.016
train,pretrain,DsSrzoyyfF0,00025,0,pretrain,5ODzO7LzSpw,00002,8.604091296166029,4.864
train,pretrain,zDcaoTVy4fA,00011,0,pretrain,u1K6hnm09xs,00010,-7.220870151297647,4.8
train,pretrain,YmVZ8zXJO48,00004,0,pretrain,tsgvhP07BC8,00032,-7.2722330776817135,4.16
train,pretrain,5d4ZEgZU9Aw,00021,0,pretrain,gS3iLapiTCw,00001,4.496811896515807,4.224
train,trainval,7npLVcymHGc,50012,0,pretrain,unSnvLgyf3o,00015,4.545577590632256,5.376
train,pretrain,9aC7bUTBKv0,00013,0,pretrain,jYperQKUkcs,00014,4.596240152213145,13.248
train,pretrain,CstD6O95LSo,00010,0,trainval,IXBalykzauE,50018,3.373015395636118,2.752
train,pretrain,7LPJrzZaoZg,00015,0,trainval,bXnTAnsVfN8,50014,7.151314367774081,4.224
train,pretrain,DZT6YpCsapg,00022,0,pretrain,7SjWguOXVwE,00004,3.1460732135306806,4.096
train,pretrain,HyZV8Ql1PI0,00012,0,pretrain,UVqoIgh7bcw,00025,-3.329247016868293,12.352
train,pretrain,S6cX2p5cBVg,00032,0,pretrain,64RLBgDSCck,00006,8.091382086300346,9.344
train,pretrain,aT6vIq6S1OE,00016,0,pretrain,GDnYDLERnRE,00011,6.013768600870186,8.32
train,pretrain,PcQwHHbjZ0A,00046,0,pretrain,5MgBikgcWnY,00023,-8.392255195802385,6.08
train,pretrain,KCr8s57hdzY,00056,0,pretrain,9YR8jNtV4BE,00033,-6.536564094297541,3.456
train,trainval,QJ28IC63hlI,50001,0,pretrain,6bCHq1OvGR4,00005,6.0510909173424245,4.928
train,pretrain,w1TBZhdSsN0,00027,0,pretrain,5AN5fPFtV0U,00043,-7.731068105832581,4.032
train,pretrain,iq5lXSj6Prg,00033,0,pretrain,uFIc7XEVyM0,00015,1.4078965417843072,7.36
train,pretrain,RPjqPHCMJHU,00006,0,pretrain,UWKvpFZJwcE,00049,1.877013191193921,8.896
train,trainval,b1sQZxrBMXk,50005,0,pretrain,hfznpykprP0,00028,-9.891811752840745,5.248
train,pretrain,TZy5Srsksls,00010,0,pretrain,d38LKbYfWrs,00023,-8.15593058538828,4.416
train,pretrain,K0PJbPlZoNI,00016,0,trainval,XOU2ubWkoPw,50008,1.5379921577159017,5.76
train,pretrain,IgKWPdJWuBQ,00031,0,pretrain,Yagdvqn2YMU,00003,1.7611830382012812,3.648
train,pretrain,uVAaZVz9pDs,00069,0,pretrain,dgYItsUBW1M,00007,7.087117573727053,15.872
train,pretrain,eQdFkSSgHYo,00003,0,trainval,WQ2PFoHptK8,50003,9.322882239838538,3.456
train,trainval,nqj6fH2i9go,50003,0,pretrain,r3afSFSG570,00040,1.3067996426501445,5.824
train,pretrain,TKOKD69jUA0,00001,0,pretrain,SPLooRl0PSU,00013,-6.996757585783651,9.856
train,pretrain,cknBAMirSiQ,00011,0,pretrain,0jmST6bSUoc,00002,8.638859553481602,11.904
train,pretrain,ufUkAQOQaXU,00019,0,pretrain,KiPcxhJtuPQ,00024,-7.735067640257154,5.696
train,pretrain,gWPFJgLAzu4,00044,0,pretrain,85bqT904VWA,00027,-4.199107214432612,4.288
train,pretrain,nU5gOr1cSxU,00001,0,pretrain,zOSaCQ6xHS8,00012,8.27292962206522,3.136
train,pretrain,ftWn4QOvTTo,00041,0,trainval,ng7sf2SpeFg,50006,3.0273586896698426,2.496
train,pretrain,3mTbO2kC6mA,00004,0,pretrain,pZni9Kx9Jfw,00002,-1.4551791596065282,4.736
train,pretrain,qQSPUXPVlos,00003,0,trainval,teVE3VGrBhM,50006,-3.7246781134039146,3.136
train,pretrain,TuD3IerTOms,00026,0,trainval,OfL5JmZnkI8,50001,7.578000283289608,2.56
train,pretrain,73rUjrow5pI,00009,0,pretrain,c0Z7KeNCi7g,00008,2.812816857479474,5.44
train,pretrain,0SFkPxScSM4,00003,0,pretrain,btlF4ZSAoFc,00005,0.1608349252096648,3.328
train,pretrain,OF5VVrsnpzo,00035,0,pretrain,lGbuCmuTJHg,00022,7.419516787110275,5.568
train,pretrain,mWA2uL8zXPI,00022,0,pretrain,oHBKqCI4Fgg,00013,-2.017203057251791,3.264
train,pretrain,enW2OUGzqtQ,00021,0,pretrain,zStF2WEZMSs,00017,-8.716996127664729,5.888
train,pretrain,vVY8L56oxSM,00022,0,pretrain,rTJpJlVkRTA,00024,-6.038904462915394,5.568
train,pretrain,dsT5eVSm7BA,00011,0,trainval,2Oe6HUgrRlQ,50018,-1.4710120955388497,2.368
train,pretrain,UqyOedEHIrw,00028,0,trainval,DUd8XAS5HEk,50021,8.684357101555282,4.992
train,pretrain,FSNEIwDiCSw,00013,0,trainval,y6FT80ZoVJY,50009,-3.8657853097241945,5.952
train,pretrain,gDS1Eh6rqf8,00025,0,pretrain,ZOlBqdkN2jY,00001,-1.0419061719075824,12.288
train,pretrain,BRETz2FSheQ,00002,0,pretrain,piCQ3StcRUQ,00021,-1.7918399785208035,4.288
train,pretrain,SfQVotsYV0Q,00013,0,pretrain,Wzy0cX1NXpM,00006,-8.253395872103482,6.848
train,pretrain,70VZ1SOzSnc,00004,0,pretrain,G0jxiJzIiz4,00008,6.182656383974901,8.128
train,pretrain,0NV1KdWRHck,00025,0,pretrain,WFImhWa5oUw,00009,0.7804651208870439,11.2
train,pretrain,SryJK294Psw,00011,0,trainval,kiUnJ1d8vvw,50005,-1.5318935732077303,6.08
train,pretrain,5pIGDw18mIQ,00014,0,trainval,5AN5fPFtV0U,50023,1.726037092519059,2.624
train,pretrain,7hWUhEA6hxk,00009,0,pretrain,DhSoIwxWkkI,00015,-3.256512561103748,4.096
train,pretrain,FjibavNwOUI,00010,0,pretrain,DeUDQo1sYAw,00023,9.110706884104196,4.736
train,pretrain,YhG1Bgbsj2w,00003,0,trainval,SIKqVKyyW6w,50001,-1.3779311099530815,6.208
train,trainval,FLbEKpLS5Z0,50013,0,pretrain,yq3TQoMjXTw,00002,7.696440597369996,2.56
train,trainval,USmTQeKRaP4,50001,0,pretrain,FRKg49ySnNw,00013,-7.0829497880564425,3.968
train,pretrain,4KhnSz9FPmU,00013,0,pretrain,I9telSZCswM,00006,5.7014501460635,6.976
train,trainval,rcdwNSDSTl4,50002,0,pretrain,2bvoJAfjWMM,00004,-2.283044455003271,3.072
train,pretrain,FEeTLopLkEo,00013,0,trainval,5uVtphj4b6c,50021,5.965338504078694,4.544
train,pretrain,PXBjQ7bc6PY,00001,0,pretrain,eNDhBSR1DZ0,00027,7.587970081639458,5.12
train,pretrain,yFVXsjVdvmY,00016,0,pretrain,SbgwDk7A4as,00022,-7.649594075285677,5.44
train,pretrain,Qlg6izBqKxM,00017,0,pretrain,Hui5YHSD6Go,00021,7.723432745017988,2.944
train,pretrain,2JSZ66uMRwc,00029,0,pretrain,BPMrcY9z0nM,00012,8.641896016687443,4.8
train,pretrain,Re53vgaVFvI,00012,0,pretrain,7tu9nJmr4Xs,00012,-1.083906495271492,4.736
train,pretrain,esugL07XANg,00078,0,pretrain,5J6jAC6XxAI,00022,-3.1979881720497687,7.488
train,pretrain,CkDYlQhx0wY,00004,0,pretrain,JGVU8n7jjHc,00001,-6.577270341697212,4.672
train,pretrain,zSbCNWyYams,00004,0,trainval,mSvyBpWueu4,50008,7.371940676017374,2.496
train,trainval,OKIyDMaxh4w,50004,0,pretrain,td1PbsV6B80,00003,-8.615259325319354,4.928
train,trainval,mS8tQSTYLgk,50005,0,pretrain,PUh5msG0rG8,00032,-5.841161827572591,3.456
train,pretrain,M5tre30cRwU,00009,0,pretrain,ZJPdJuhI03U,00028,-6.242908325614287,17.6
train,pretrain,nVEvzeIXbpk,00039,0,pretrain,LWULB9Aoopc,00033,7.963175854086394,5.376
train,pretrain,jSOPQgPIdKg,00030,0,pretrain,hJZ0pAoxksE,00015,-3.1214619895330387,5.376
train,pretrain,Z1R1z9ipFnM,00028,0,pretrain,5ldhLuX4vSM,00017,2.4332526946623503,8.192
train,pretrain,axAxSDq3rn8,00002,0,trainval,16p9YRF0lSg,50006,1.7617031137847547,3.456
train,pretrain,vdDFLzyk94k,00005,0,pretrain,RKEvMcte768,00008,-6.358856505225859,8.256
train,trainval,fVLJU45SnLY,50005,0,pretrain,0ITHlySbhJE,00015,-6.380419245971966,6.08
train,pretrain,cWcVPpxezE0,00014,0,pretrain,rrkrvAUbU9Y,00040,-0.6500790675394708,6.272
train,trainval,Ep2MAx95m20,50003,0,pretrain,m4GQk4ufRKs,00007,-5.64351797555455,2.048
train,trainval,OAK1UIbSFio,50001,0,trainval,CyElHdaqkjo,50001,-6.413072402767968,3.648
train,trainval,UQzvNIIMayo,50028,0,pretrain,uxnjyfSeRpI,00003,8.02450644865688,5.12
train,pretrain,U7y4GlmwPLQ,00013,0,pretrain,pcSlowAhvUk,00063,5.4307242667578155,9.536
train,pretrain,Sttw2PxncIE,00018,0,pretrain,P8GCjrDWWUM,00002,-5.449786933154734,4.16
train,pretrain,b64qvG2Jgro,00020,0,pretrain,40ieXxoJwZw,00030,8.787710972683314,9.216
train,pretrain,0LxPAY9yis8,00023,0,trainval,xuAAPsiD768,50001,1.492609882608491,6.208
train,pretrain,tV2RLLtOgL4,00032,0,pretrain,om6SewSRwtU,00004,-8.038374562615257,7.232
train,pretrain,wgeh4xhSA2Q,00015,0,pretrain,NuJg8auo7FE,00004,7.468724754280146,8.384
train,pretrain,SmsYxDvdcYc,00008,0,pretrain,nLtUl2CP8ak,00018,9.804234793593185,6.784
train,pretrain,vSONFixSe4k,00021,0,pretrain,7LcSdlVrg5M,00042,8.724023842400321,6.72
train,pretrain,ww4kNxYE0c4,00024,0,pretrain,YsYHqfk0X2A,00007,-8.46612619226255,8.64
train,trainval,jodhovumkHQ,50013,0,pretrain,LsESSyMnwmU,00030,-1.6915599414690856,2.24
train,pretrain,jFd96USLjbM,00009,0,pretrain,6aRz72yxHQo,00001,1.8063296875088302,5.312
train,pretrain,4Rtfi4MSafA,00012,0,pretrain,PB2OegI6wvI,00058,3.193830078385435,5.376
train,pretrain,kKeUISJko3o,00012,0,pretrain,mQOOgDqUta0,00019,7.484681365724548,5.12
train,pretrain,S0hxl03JoA0,00002,0,pretrain,iZRGUADAu2Q,00031,0.20395135037775347,6.016
train,pretrain,cf3zxHuSM2Y,00005,0,pretrain,ByuWS1bBwpc,00020,1.889538791778211,4.096
train,pretrain,lwVYaY39YbQ,00010,0,pretrain,KPzccnstSXg,00007,-2.4397226852987064,9.408
train,pretrain,G6dfUFgKmN4,00032,0,pretrain,R21MsHQA8vM,00039,7.212367205139554,3.328
train,pretrain,KExLCJAuTXA,00020,0,pretrain,tbicAmaXYtM,00020,7.524745174542133,7.424
train,pretrain,D9S6G8J6VJg,00011,0,pretrain,bk65ivyQZy8,00023,-1.9278273608488803,9.728
train,trainval,kpfsQbFV5SU,50005,0,pretrain,CE3tL9MMk3U,00009,-5.761323058882953,2.304
train,pretrain,QpmsftF2We4,00015,0,pretrain,LNHBMFCzznE,00025,4.116453828687806,4.608
train,pretrain,hfDkDzZ9GsU,00013,0,pretrain,Kk7kzUt3SLc,00030,7.70702083528727,5.248
train,pretrain,ioMpOr7Yx98,00032,0,pretrain,KabSmpUSYVM,00004,-0.45801667901794474,5.504
train,pretrain,Y0GHWogx0eg,00027,0,pretrain,5K57kcs15DY,00013,9.560317539859739,4.096
train,trainval,ygRNoieAnzI,50007,0,trainval,Sf8j5LFv3nI,50002,-7.297529051130283,2.112
train,trainval,y1GqNN2Xe7g,50003,0,pretrain,j7c9b9A2AHc,00008,2.5912028024912015,2.24
train,pretrain,2L1R7OtJhWs,00041,0,pretrain,8ewxApY3uO4,00002,8.636628665832273,8.0
train,pretrain,R84vqXjXWJc,00026,0,pretrain,ZBrbHy7l3tg,00004,8.93623343666853,4.8
train,pretrain,cC0KxNeLp1E,00020,0,pretrain,AvtStbwMQqs,00016,2.9804188479395926,4.288
train,trainval,nPdUMWGWE28,50013,0,pretrain,B8ofWFx525s,00007,0.2324854403176353,4.992
train,pretrain,jsZDlBU36n0,00034,0,pretrain,dsMCVMVTdn0,00004,9.500651194720955,7.68
train,trainval,aqhzFd4NUPI,50024,0,pretrain,y9ALB39wRKo,00047,0.12082181384294444,3.008
train,pretrain,gaY4m00wXpw,00028,0,pretrain,bJ8Kq1wucsk,00018,-1.1975794656592136,4.096
train,pretrain,7Oe11XnBvA8,00029,0,pretrain,xossR6eHv3I,00006,-1.31545442827435,5.696
train,pretrain,haA6QtH0PIc,00007,0,pretrain,w32u2NwCve0,00005,-6.430442112700843,6.208
train,pretrain,fWqKalpYgLo,00003,0,pretrain,gmn7tjSNyAA,00007,-4.47973399500113,4.416
train,trainval,8rZzHkpyPkc,50005,0,pretrain,QeAGu40vZzI,00013,-5.430992649770799,5.568
train,pretrain,2a2724wcfcc,00001,0,pretrain,pbotabqHUys,00012,9.01513468904544,21.12
train,pretrain,uaB6Bdgp3WU,00002,0,pretrain,JQ0iMulicgg,00006,-7.133312844920767,11.072
train,pretrain,Jc2F3SnawnI,00017,0,pretrain,k7djE1X16og,00025,9.928239913397864,8.576
train,pretrain,b6rAgHcuYtE,00007,0,pretrain,KTvSfeCRxe8,00014,0.03758475117037641,3.52
train,pretrain,8gSAkUOElsg,00057,0,pretrain,W4LYn4mIP18,00010,0.1326805524531416,5.184
train,pretrain,Iv3Ud7Shv9g,00013,0,pretrain,UoXSYihVSew,00004,-6.366177395497936,4.288
train,pretrain,6VWPHKABRQA,00031,0,pretrain,THJUvXkqmBk,00010,-1.649609551219509,4.288
train,pretrain,o4Nno6POrwE,00003,0,trainval,5Walt8nPINM,50009,5.113706176890906,4.992
train,pretrain,SvZXgApsPCQ,00011,0,pretrain,0ygtX2nyexo,00026,-2.6307378953497595,8.32
train,pretrain,bRuU02haIK8,00023,0,trainval,yP2niXStKVQ,50010,2.7872674702902813,2.048
train,pretrain,5c6AADI7Pb4,00019,0,pretrain,jobYTQTgeUE,00021,-7.233702477927546,16.192
train,pretrain,o0td5aw1KXA,00018,0,pretrain,ixsridS3qVs,00016,4.477902341395348,7.552
train,trainval,xSUw0NiseBM,50003,0,pretrain,b81YwSOs8RM,00014,6.639216640254453,4.16
train,pretrain,DSbtkLA3GrY,00052,0,pretrain,bGOQFSkA6SE,00001,-9.094460238299977,5.184
train,trainval,o0VrZPBskpg,50009,0,pretrain,SmqSHqRnngc,00013,2.5659675019442076,2.624
train,pretrain,2xs8qmk0OPc,00012,0,trainval,aEjUlH7bNDo,50029,-6.597096997491441,3.392
train,pretrain,IYDqtxvKDW4,00012,0,pretrain,Qd7PiXg5fKE,00017,-8.354978236863529,6.848
train,pretrain,g2J6YOiLNr4,00013,0,trainval,UxLRv0FEndM,50008,0.7856180827050032,3.136
train,pretrain,tlS3r8Gid90,00004,0,pretrain,qm0isl11BfY,00013,-9.850997729153018,11.776
train,pretrain,mDSuP2BsVy4,00022,0,trainval,vHhn7z6BA0w,50004,-3.7232865368994243,3.456
train,pretrain,dkmpRQdJslI,00010,0,pretrain,vwTDeT4v7RM,00006,-7.26343597568712,7.616
train,trainval,ALTvG9MIR64,50010,0,pretrain,z4kwU6z6ORg,00002,-3.000652939508983,6.144
train,pretrain,atKSMfx4E3I,00017,0,pretrain,PYSkd46RfVE,00048,-5.479488084215152,6.976
train,pretrain,oQql5kbCDEg,00013,0,pretrain,kiUnJ1d8vvw,00001,7.843788346705267,7.872
train,pretrain,EHTmxmuhZ10,00013,0,pretrain,Q80MfH7xPPE,00014,-5.75865237887159,4.8
train,pretrain,EDLWWP8N6MU,00019,0,trainval,Mr8nvXvlSy8,50008,-0.8968211378617514,3.776
train,pretrain,FRKg49ySnNw,00001,0,pretrain,R9g3QSqvtss,00021,-3.5671154088278056,3.904
train,pretrain,ibcgMSS0mAs,00013,0,pretrain,EBebWBjpWIQ,00005,8.062132573169137,9.152
train,pretrain,OwfyH5S6bpA,00013,0,pretrain,mLSFzBUAHuQ,00016,1.6926596196546395,10.176
train,trainval,GIt6Z0k3PQo,50011,0,pretrain,6EghiYSs2ts,00007,-6.775043682938488,4.736
train,trainval,PJUIXSpLoVk,50004,0,pretrain,YyuScSjkGSs,00041,3.0128223378062557,5.056
train,pretrain,wznroZvpVHU,00002,0,pretrain,RGCVyI7x1kA,00003,1.1240119482378308,5.184
train,trainval,49aWAHqi200,50012,0,pretrain,8xHrpO6p7dE,00018,2.459688481046957,5.568
train,pretrain,iFTWM7HV2UI,00024,0,trainval,eQdFkSSgHYo,50013,-1.2733158922505972,5.76
train,pretrain,EijI8QaExDg,00003,0,pretrain,IRxgDMSp9Gs,00034,7.958624089340891,9.28
train,pretrain,PyS1o4sX1hk,00020,0,pretrain,JS8fYhwrYzI,00029,-0.7377209974039651,7.488
train,pretrain,uYyvbgINZkQ,00038,0,pretrain,4SkoG9FWP4w,00010,0.19842083194169646,4.672
train,trainval,mJxA8eIWQUc,50008,0,pretrain,Zwwanld4T1w,00012,6.107804447769446,2.816
train,pretrain,FM5SDGprLpc,00038,0,pretrain,Z6T37m4r3yo,00001,0.7206503205676213,5.44
train,pretrain,9y7YEmyzSDo,00004,0,pretrain,qQIwTWJSd2I,00034,-0.48623763104087203,10.56
train,pretrain,0HYakD8XQ88,00002,0,pretrain,B8ofWFx525s,00004,-1.8454260696487665,5.312
train,pretrain,Er9bh94f1w0,00027,0,pretrain,7JQbyvNjM74,00002,6.506735724328863,5.632
train,pretrain,bxkslfQc0EA,00036,0,pretrain,KiPcxhJtuPQ,00018,4.128688238398883,4.288
train,pretrain,frrZbq2LpwI,00011,0,pretrain,voXOUWiJuLo,00027,-4.212382819956877,3.968
train,pretrain,bf7BXwVeyWw,00028,0,pretrain,YhCkjRXgnDw,00013,-4.620999167714171,5.12
train,pretrain,FLbEKpLS5Z0,00012,0,pretrain,RrFSO62p0jk,00034,-5.722081936127981,6.336
train,pretrain,lbIh6yngKHo,00002,0,pretrain,5ldhLuX4vSM,00027,-7.626686397301992,12.224
train,pretrain,gSCSsL3it9Y,00010,0,pretrain,W4LYn4mIP18,00024,8.546505016546291,5.44
train,pretrain,2dbNRGiqaaM,00001,0,pretrain,SZSul0GzzM4,00031,4.625662235967345,5.12
train,pretrain,YhpMSjbVopo,00008,0,pretrain,Tg35UfOJhe4,00014,6.735441264432769,7.168
train,trainval,zSWppsceZ1c,50006,0,pretrain,IvtZBUSplr4,00005,6.499374621473908,2.496
train,pretrain,xEtXItg9hEE,00028,0,trainval,Iv3Ud7Shv9g,50005,-6.2496859633838,4.288
train,pretrain,ibcgMSS0mAs,00002,0,pretrain,3B24RaqA33k,00026,8.345301308715179,4.032
train,trainval,jobYTQTgeUE,50003,0,pretrain,THJUvXkqmBk,00003,4.300020964995904,5.824
train,pretrain,v3SZTqj2Skw,00013,0,pretrain,1rTEOU67zCo,00025,-9.67370372250432,16.128
train,trainval,BoRUrWcdkQ4,50003,0,pretrain,69szjo8bt14,00011,8.19288136123254,3.904
train,pretrain,BsVzjd5HS9Y,00011,0,pretrain,SMBiP3G2Pzc,00015,-5.935262104342883,26.048
train,pretrain,F17SKiAZOxg,00026,0,trainval,SDSjySgNSTk,50002,5.500335370582485,5.696
train,pretrain,tSK6bn9sc50,00010,0,pretrain,dY7iATJVCso,00029,-0.6336684106415333,5.44
train,pretrain,sYUjyH8Y0No,00048,0,pretrain,4wOxJOPnSUg,00014,-3.180131950962859,3.968
train,pretrain,KfK3eKSkOQA,00011,0,pretrain,NNHAgXy5dxQ,00021,-7.689551208501033,9.152
train,pretrain,yldVmMfMyIg,00012,0,trainval,PcDftBVDSlc,50010,3.278161829546109,4.736
train,pretrain,xgsnrg8wfbQ,00006,0,pretrain,kTsqFn33RiQ,00008,4.380207116467634,6.528
train,pretrain,LhszKevcH30,00027,0,pretrain,BISCnsKyOuk,00035,-6.131593633284085,7.744
train,pretrain,01GWGmg5jn8,00007,0,pretrain,tvos4nORfSY,00011,4.367460011034874,7.232
train,pretrain,jfqwHT3u1S8,00011,0,pretrain,dOOtM7ZpAS8,00026,3.604751225271489,16.128
train,pretrain,5AN5fPFtV0U,00005,0,pretrain,3F2jACWwKdU,00004,6.361901156263716,8.0
train,trainval,HALd9FY5SVQ,50020,0,pretrain,ELET24AHnEg,00018,-5.315788400127648,3.136
train,pretrain,d0a0eXJ5TJM,00008,0,trainval,9XFeW9dgyIs,50001,2.824657222105195,2.176
train,trainval,cRrgDS4SD8s,50011,0,pretrain,UyUXxrSS3qs,00017,-2.738612749686462,3.136
train,pretrain,50m48lpi4AU,00008,0,pretrain,F73O3Sim0Wo,00001,-4.1308135558620656,8.192
train,trainval,FLbEKpLS5Z0,50036,0,pretrain,J6tgYBMXR6s,00032,-7.8979087655303415,6.208
train,trainval,IOzdXNXzDqE,50001,0,pretrain,H3YbZsStuSI,00007,0.7637250061026251,2.816
train,pretrain,nOHbn8Q1fBM,00037,0,pretrain,PVzcGhZ8Aeg,00031,1.6855062026378675,5.248
train,pretrain,7Mqse6SLOds,00025,0,pretrain,JrqgyAoS6oI,00015,4.142336991538489,19.456
train,trainval,hFgPtuzgw4o,50009,0,pretrain,jsZDlBU36n0,00025,-5.953311056787431,2.304
train,pretrain,ulLFP8axZVQ,00013,0,pretrain,UxXOi6Zwm7Q,00005,-6.253253145859321,5.824
train,pretrain,N3e8ZG5GzaY,00007,0,pretrain,S3SnIMZ43EQ,00014,-4.05078695498001,3.904
train,pretrain,HdHW77blulg,00014,0,pretrain,v84pD2g3gSk,00021,-0.7920029850490256,6.72
train,pretrain,8dSDMQNoikU,00015,0,trainval,HJYDwS09coE,50001,-7.068410894349482,4.352
train,pretrain,HXMrzZkHKGs,00006,0,pretrain,2BOTS9GAjc4,00042,-6.100855221812907,6.528
train,trainval,mp0SQQQgv7s,50007,0,pretrain,LNHBMFCzznE,00012,-8.690609395313542,3.136
train,pretrain,bq39x2HWjNk,00031,0,pretrain,B4a0NvLTebw,00019,-7.112567519551747,4.48
train,pretrain,HjSGqwAFRcc,00021,0,trainval,tbicAmaXYtM,50002,7.861270454310226,6.016
train,pretrain,8xHrpO6p7dE,00001,0,trainval,utV1sdjr4PY,50008,5.864897464114307,2.24
train,pretrain,DJGreSgaOTc,00040,0,trainval,N37x4GgDVBM,50021,-9.633879772790621,4.16
train,pretrain,dgYItsUBW1M,00007,0,pretrain,4ZgwzSm7sRs,00044,-8.226721657256684,4.608
train,pretrain,MLKj1puoWCg,00025,0,pretrain,STuCsRugKN0,00022,1.5117885634264,11.52
train,pretrain,nFSdHdNOgSA,00001,0,pretrain,eRQdAOrqvGg,00028,-0.10038981781410072,3.264
train,trainval,hh2Z2hSgFIY,50012,0,pretrain,5vXRgT6egSU,00023,-1.4507507400881021,5.568
train,pretrain,SmsYxDvdcYc,00023,0,pretrain,CfqO1U6lfDs,00007,6.17520916099873,4.16
train,pretrain,u7SWcQaoaRQ,00018,0,pretrain,acNGOQO7URc,00011,2.4851043658905603,8.576
train,pretrain,hcIpbUsIVKw,00006,0,pretrain,5SOHiN8Ne58,00018,2.9997349045035886,7.744
train,pretrain,30e60EOO5mo,00008,0,pretrain,796LfXwzIUk,00018,5.625039338330577,8.832
train,pretrain,xp0O2vi8DX4,00038,0,pretrain,dgYItsUBW1M,00021,-6.28638200478745,19.968
train,pretrain,SCEKKHyxgaw,00037,0,pretrain,mkdSXHXhCcw,00106,-6.343377826923096,12.8
train,pretrain,xbWcLYOniWU,00015,0,pretrain,LSGfqyhleUA,00010,-5.074819740251016,8.0
train,pretrain,tMSehhs1OSk,00007,0,pretrain,CsqSDpmgsQg,00009,-8.944369939781984,3.968
train,pretrain,VfKWd7iXMSo,00008,0,pretrain,EBebWBjpWIQ,00028,8.462174049311592,10.752
train,pretrain,C9mareySEAM,00004,0,pretrain,6bCHq1OvGR4,00019,0.06905328058231852,4.48
train,trainval,QbxinUJcLGg,50001,0,trainval,36m1oStM05g,50001,-1.4286110806038739,3.2
train,pretrain,YeXcNpVkezI,00010,0,pretrain,pF72px2R3Hg,00025,3.0338602066186855,5.76
train,pretrain,xcR1SWhjZys,00004,0,pretrain,k5tCYg9s0HU,00039,2.3931008256531,8.448
train,pretrain,wgPLGS1BvQo,00071,0,pretrain,7DCofMA9eQA,00011,3.751808301296675,3.84
train,pretrain,CyElHdaqkjo,00028,0,trainval,KPN8LHVeFYA,50004,-3.4814776580750495,2.368
train,pretrain,SC3DVeWT09w,00007,0,pretrain,SPSq3cW672s,00007,0.5050008806130499,7.04
train,pretrain,JC7WnzM2Lsc,00013,0,pretrain,YSQSLapD3c0,00003,-3.719281315127101,13.056
train,pretrain,Urk3xn7l3AM,00015,0,pretrain,MQrhPhan5Gw,00024,-0.4420449976159535,5.12
train,pretrain,1gAQ82IHyZ8,00017,0,pretrain,nq0SzGzSc8g,00017,8.153629320077556,4.096
train,trainval,eZWzNfOpbCQ,50001,0,pretrain,iAZwvTV3CyQ,00022,5.518302236964095,2.176
train,pretrain,S9PEogIrHSk,00015,0,pretrain,7Mqse6SLOds,00013,4.64846963299067,6.912
train,pretrain,K6YCcsDQX4w,00003,0,pretrain,BYeYVuqD8kU,00016,-0.2688151774005867,12.8
train,pretrain,NP8xt8o4S5Q,00009,0,pretrain,85bqT904VWA,00026,9.085846199507422,4.096
train,pretrain,0UmUgaJwEr0,00034,0,trainval,3icoSeGqQtY,50011,8.79827342135637,3.072
train,trainval,S74wSYuesOI,50014,0,pretrain,BQOz6OVz1zc,00009,-4.50244195780845,5.184
train,pretrain,SJyE40koQyA,00041,0,pretrain,uSMqkSqSgN4,00029,-3.366439801700314,12.8
train,pretrain,F1U26PLiXjM,00028,0,pretrain,LUNBiST4KSs,00003,1.9903360950086046,5.248
train,pretrain,KnFZpoplGQo,00013,0,pretrain,4ZgwzSm7sRs,00075,6.103422343787699,4.928
train,trainval,BwIGcvBGSRk,50007,0,trainval,HJqtUUDhaxA,50011,7.558867309523308,3.072
train,pretrain,CXvUdCdKTJY,00022,0,pretrain,1E6ysoASrY4,00006,-3.6679211576186788,5.76
train,pretrain,EiTrl0W1QrM,00022,0,trainval,JD4O7ama3o8,50011,7.272372366728835,6.208
train,pretrain,1S9RVl1dSl4,00006,0,pretrain,EZSf3Fc0ZRA,00039,-8.146437688617407,8.64
train,pretrain,F1Kml3zuTco,00022,0,pretrain,LCxcnUrokJo,00005,-5.98419921888871,5.504
train,pretrain,ZChEFOGSn8Q,00049,0,pretrain,eUznJ3LtvGc,00019,8.49372739288776,4.928
train,pretrain,wSHYZv6HzAs,00001,0,pretrain,nC06omDS0kA,00002,4.485400975610441,6.848
train,trainval,2l0sZrrWlrU,50003,0,pretrain,34a7UEzZdsA,00033,-1.6537186412802392,3.84
train,pretrain,K5wCfYujRdE,00030,0,pretrain,4c1lqFXHvqI,00012,0.9353672355458649,6.272
train,pretrain,F8pUtbSgrxc,00048,0,pretrain,tZYkjaKNrSo,00013,-6.178055402866627,19.456
train,pretrain,XWFvhGek3m0,00006,0,pretrain,gto6w0a13B0,00036,2.557193660472379,3.136
train,pretrain,rFAdlU2ETjU,00018,0,trainval,XGq3MXQlRJs,50008,6.195231246753021,3.52
train,trainval,7XFLTDQ4JMk,50001,0,pretrain,yG7v4ySxwzQ,00023,2.707655419295513,4.736
train,trainval,9YR8jNtV4BE,50008,0,pretrain,SFOCpMAww28,00003,-1.4561899411475956,5.888
train,pretrain,jSGzkjHtFiA,00022,0,pretrain,W1KIgMXPR28,00002,-0.7376672180862105,7.488
train,trainval,xh8el8m9mLM,50005,0,pretrain,zG21nyJNBSA,00024,5.667953743695879,2.24
train,pretrain,OOG65rSM5fA,00009,0,pretrain,0FQXicAGy5U,00018,-7.5574380701983905,6.208
train,pretrain,XiDAztWWAuM,00013,0,pretrain,uH0aihGWB8U,00023,-7.9782154347273,8.384
train,pretrain,lUHy84tSDrA,00010,0,pretrain,7LcSdlVrg5M,00027,6.3663559841947865,5.248
train,pretrain,JmCtZzSRztQ,00003,0,pretrain,bl8S81JF3b8,00005,3.0699107110753676,6.848
train,pretrain,oDtZi2SUm8Q,00008,0,pretrain,MV0Iob65Nq4,00002,-9.707407318043789,5.696
train,pretrain,EUYLa7MAlPc,00041,0,pretrain,6StqiaPoS2U,00006,1.0503537879084242,4.288
train,pretrain,QoRZNSVpt3Q,00010,0,pretrain,zXCiv4sc5eY,00001,1.0052527547316181,6.08
train,pretrain,bjNSaXg4S6Y,00029,0,pretrain,UOn3zOp8JPE,00011,2.8721526253351506,8.96
train,pretrain,fnS9f5x0f1Q,00037,0,pretrain,0snNB1yS3IE,00047,-6.986743408171545,4.16
train,pretrain,owl8keTUioo,00001,0,trainval,mgSx0q6AjdI,50001,0.3375403034138724,2.752
train,trainval,H6n3iNh4XLI,50041,0,pretrain,NtOoDN0ojxo,00028,-6.866356000503426,2.496
train,pretrain,wgPLGS1BvQo,00013,0,pretrain,LFxQEUDIAuk,00004,-2.038563299136036,3.328
train,pretrain,yFVXsjVdvmY,00016,0,pretrain,teVE3VGrBhM,00012,-7.948876955808737,8.448
train,trainval,dooLZNsHVDY,50003,0,trainval,dRqih1Zz21o,50001,4.207367319823147,4.8
train,pretrain,OAK1UIbSFio,00089,0,pretrain,SxwLfSlkJDI,00002,6.041141878318257,7.36
train,pretrain,eaelI0u4Sz0,00011,0,trainval,BPMrcY9z0nM,50007,6.928957585346964,3.072
train,pretrain,2EeqUSQMjbw,00013,0,pretrain,S6cX2p5cBVg,00017,-5.385311754473592,11.392
train,pretrain,rfOMqehlSZA,00005,0,pretrain,goYIHXKvwLk,00026,-2.969754367284816,4.224
train,pretrain,EHTmxmuhZ10,00041,0,pretrain,goYIHXKvwLk,00017,3.6076424514735947,4.736
train,pretrain,VC3H1lMEeS4,00024,0,pretrain,THJUvXkqmBk,00012,-2.3877652011934547,6.592
train,pretrain,12OAr0lt4bk,00037,0,trainval,OOG65rSM5fA,50003,-3.347055246185424,4.096
train,pretrain,umgWcQ5uNu0,00020,0,pretrain,emn28FrJ6CI,00011,1.8587948718571923,5.44
train,pretrain,F8pUtbSgrxc,00005,0,pretrain,XiEQmcZi8cM,00017,9.131450862019513,3.968
train,pretrain,hBtXiTumdY0,00004,0,pretrain,hJZ0pAoxksE,00001,7.595025523912437,7.232
train,trainval,cj5LZBmiQu4,50025,0,pretrain,vg8WAv0YT9c,00008,4.032317805579186,5.888
train,pretrain,sJCBM9ajA5s,00007,0,pretrain,rBt7LMrIkxg,00004,-8.554759476985494,19.52
train,pretrain,2m9kC1yRnLQ,00029,0,pretrain,B4a0NvLTebw,00007,4.320317263875285,2.944
train,pretrain,OSz2v42F0E0,00010,0,trainval,7DLzXAjscXk,50031,-0.3645961399312263,2.56
train,trainval,lO1P6lCNnyo,50020,0,pretrain,8rZzHkpyPkc,00057,-8.950749985851585,5.952
train,trainval,SgjGcBTyScY,50001,0,pretrain,1YO1FmVAPrA,00011,-1.997045496064331,6.016
train,pretrain,IMjn62naclM,00008,0,trainval,Chfoo9NBEow,50005,4.405019152609032,3.136
train,pretrain,6XNrzmh0EVs,00029,0,pretrain,rcdwNSDSTl4,00028,-0.9580681863119995,5.568
train,pretrain,FD5ZKiSmoMU,00014,0,pretrain,iARReKKgETs,00011,-7.891451544738077,9.728
train,pretrain,OIpgrZ8ySSQ,00015,0,trainval,nTFEUsudhfs,50005,-7.377484351447448,2.368
train,pretrain,da1vvigy5tQ,00021,0,pretrain,RsxlLsHtoBI,00030,-4.161923744284348,11.456
train,trainval,JLLpWtHbMAo,50011,0,pretrain,eUznJ3LtvGc,00007,0.9973745907103453,3.456
train,pretrain,UfM7tSoqNDw,00025,0,pretrain,AAkEYcmCCCk,00043,-4.710804659336345,3.904
train,pretrain,3dy4SGkSD8M,00005,0,pretrain,SMi3rHuK0c4,00013,-3.896179881299801,4.352
train,pretrain,EBebWBjpWIQ,00005,0,pretrain,mxmT10Hk8IM,00004,2.4197864363860955,6.72
train,pretrain,dLmK4gZ0oz8,00002,0,pretrain,k8OgHJ4WXR0,00002,-9.391655900779995,9.408
train,pretrain,N7wF2AdVy2Q,00044,0,pretrain,dOt4NkcmIUg,00009,6.19001122741501,5.248
train,pretrain,dE1DuBesGYM,00045,0,pretrain,jDfeDOWiw3g,00011,-9.191723707402968,5.376
train,trainval,4ZgwzSm7sRs,50013,0,pretrain,0lYq5jXBfzE,00003,1.3710892085574482,4.864
train,pretrain,zb4bp2volBg,00011,0,trainval,nPdUMWGWE28,50003,-0.20583240443574624,3.968
train,pretrain,sbbzZYJSoJ4,00013,0,pretrain,bnvnBwP9sTo,00007,-6.56040310805971,5.888
train,pretrain,ktOeFgmdIAo,00036,0,pretrain,aTfwA1TaH3Q,00019,-6.762923030061603,4.16
train,pretrain,HfuZJVpNWR4,00025,0,pretrain,Xv2gHiX9Bqw,00011,-2.4482377022116957,4.608
train,pretrain,3qXLZYXSJSI,00003,0,pretrain,vbHkhSfaQu8,00005,-4.440598858551255,5.056
train,pretrain,TWPahtyJDsI,00009,0,pretrain,hS3dLASh3Yc,00007,-8.550793216367229,4.928
train,pretrain,2KSP7HvSZwg,00012,0,pretrain,4ZgwzSm7sRs,00022,-3.0024315913870954,6.656
train,pretrain,fnS9f5x0f1Q,00042,0,trainval,7DLzXAjscXk,50049,6.005837596800248,3.84
train,pretrain,sUf1ajkIAhY,00009,0,pretrain,mUJdzaLDRIo,00007,0.14147630514259113,10.048
train,pretrain,IRhl1lr0nJg,00009,0,pretrain,MOFdlEbu15g,00007,5.358980328571901,4.352
train,pretrain,aiIxdFBA0Sw,00012,0,trainval,7Iv2nZnZOrM,50027,8.262744878000674,4.672
train,pretrain,k4vzhweOefs,00065,0,pretrain,n9OhxKlrWwc,00001,3.3501561398258133,6.656
train,pretrain,DtT6S1vtjzQ,00028,0,trainval,SU1foLW8h54,50022,-9.104645473631265,4.416
train,pretrain,6W2dsnhC18Q,00007,0,trainval,bSiGZPtWXzE,50040,6.255360750421069,3.008
train,pretrain,fWInyaMWBY8,00010,0,pretrain,DcKdClnpz4k,00007,-1.0135796723818125,5.504
train,pretrain,5Dn08yo9aiM,00016,0,pretrain,sG2K1S4M8U8,00018,-5.642689223483696,11.904
train,trainval,KsSSMh1QhMc,50002,0,pretrain,xnovQVRHj5c,00042,0.5399382632903826,2.496
train,pretrain,rgPrf3YyByI,00008,0,pretrain,E3SSSS5SFHQ,00007,5.22696094640442,8.768
train,pretrain,iSmdpCvfMg8,00006,0,pretrain,NVrpKRdtWwc,00006,0.033562848765960496,13.824
train,pretrain,AJYRJ92g4GI,00009,0,pretrain,fWqKalpYgLo,00003,-6.771031630313528,4.416
train,pretrain,XLi6iYnnsGc,00021,0,pretrain,DJGreSgaOTc,00034,6.9825358982736745,3.52
train,pretrain,1EHZAQmw2JA,00012,0,pretrain,hm0bZETWIkg,00002,5.277694698336745,6.72
train,pretrain,zbHe4RpgV80,00005,0,pretrain,b2LbuqoNGGI,00009,-5.845743844869866,3.648
train,pretrain,CiJ6ybBSm10,00014,0,pretrain,ilMwoEdqMTs,00020,-6.0438333773861,7.616
train,pretrain,zISxg4JhSRk,00009,0,pretrain,hFgPtuzgw4o,00040,-4.28817065888275,9.28
train,pretrain,uxnjyfSeRpI,00002,0,pretrain,rtsHUeKnkC8,00006,-3.821806705056165,11.136
train,pretrain,YodRXxzhb7s,00025,0,pretrain,jvBaRf9LHDs,00033,4.406743697993951,4.608
train,pretrain,ur03GAmIV8A,00001,0,pretrain,XiSPD5aZT7Q,00007,-7.723736212121805,5.504
train,pretrain,mmhedbY8wjU,00019,0,pretrain,KiPcxhJtuPQ,00005,-2.987694227957565,4.48
train,trainval,xLuMcYn8Yk0,50001,0,pretrain,23Uuehgmd14,00012,1.440328497366476,3.968
train,pretrain,fXf3CCyhLGU,00012,0,pretrain,E7oq6J8HvKw,00005,5.803506727047779,3.84
train,pretrain,Pl8OlkkwRpc,00010,0,pretrain,gZga0AmCGdE,00015,1.3761137460586035,7.04
train,pretrain,x7pqySWHOn8,00001,0,pretrain,uEkgM9P2C5U,00039,5.509250772446707,4.928
train,pretrain,vcSn852sv3E,00010,0,pretrain,Wai4ub90stQ,00039,-0.46785296934664977,4.16
train,pretrain,E5BOBs3Nmbw,00023,0,pretrain,OLHh9E5ilZ4,00038,9.365833502315184,8.0
train,trainval,lU1ISu1LOv4,50007,0,pretrain,ihR9SX7dgRo,00001,4.473351324095024,3.456
train,pretrain,w8lH8tNlAXc,00014,0,pretrain,cRrgDS4SD8s,00030,0.2202220781569757,4.16
train,pretrain,CBSU7vJn0us,00006,0,pretrain,AHfiKav9fcQ,00015,-8.465335153015324,7.68
train,pretrain,S6cX2p5cBVg,00033,0,pretrain,VekRvcbL4yk,00012,-9.550647380375823,4.224
train,pretrain,lXQ4HSMp1OA,00021,0,pretrain,pzN4WGPC4kc,00006,-1.5092027934511165,10.752
train,trainval,G1RRbupCxi0,50012,0,pretrain,23vKtqo2t4k,00032,2.9219769594554457,3.136
train,pretrain,o0td5aw1KXA,00039,0,pretrain,FVSc2FnPnDE,00030,1.7345458623294636,3.776
train,trainval,y9Trdafp83U,50007,0,pretrain,xfDUGqGPSfo,00011,1.4300520507652674,3.136
train,trainval,49aWAHqi200,50005,0,pretrain,gVSyVSIybBM,00002,4.607279450136296,3.008
train,pretrain,wjXClLxcFTQ,00001,0,pretrain,KIMWfSe7ZJI,00018,-3.682885400489111,8.896
train,pretrain,PyS1o4sX1hk,00024,0,pretrain,mT4Qbp89nIQ,00004,9.027767777450045,6.656
train,trainval,kiDfwUQySEs,50008,0,pretrain,Urk3xn7l3AM,00024,-2.878370377081496,2.24
train,pretrain,cQ3PWXoYIoE,00012,0,pretrain,pASKEZ1bSLg,00014,5.419750393066423,3.904
train,pretrain,EKy19WzkPxE,00027,0,trainval,AyWtIwwEgS0,50005,-0.3169412459078842,3.52
train,pretrain,DwQMDyyS42Q,00041,0,pretrain,4BZuWrdCS9Q,00004,4.953821044705029,7.232
train,pretrain,aR5N2Jl8k14,00006,0,pretrain,LHd0vXDglb8,00026,6.222013202050604,6.144
train,pretrain,eAnHjuTQF3M,00011,0,pretrain,9YGZkgkj3fM,00014,-7.198737685417866,8.768
train,pretrain,WKlIytaSlu4,00003,0,pretrain,wmE8dQcZgB4,00039,-5.483472006341044,9.088
train,pretrain,2vVAzRN5ez8,00016,0,pretrain,esPRsTSlmw8,00010,0.031145150841902947,3.904
train,pretrain,r3afSFSG570,00050,0,trainval,RhgrbQmYOSY,50013,8.077208409988316,3.264
train,pretrain,zLNXIXingyU,00053,0,trainval,sAMahX5hIgU,50012,2.947844745955175,4.48
train,pretrain,DhSoIwxWkkI,00012,0,pretrain,QUL0eSQtV8c,00006,-7.923553337885705,3.776
train,pretrain,syjEN3peCJw,00019,0,pretrain,8S66QUJk3w4,00017,2.5690525514160356,4.48
train,pretrain,GB4s5b9NL3I,00035,0,pretrain,WWloIAQpMcQ,00014,-2.95493128858684,9.408
train,pretrain,7Iv2nZnZOrM,00024,0,pretrain,3ite2QwSU7g,00017,5.212469268447871,6.72
train,pretrain,zjvsA0v7r0g,00005,0,pretrain,2VWSSFSUeQI,00023,9.07159903235484,3.968
train,pretrain,W3SRjJtd6Eo,00015,0,pretrain,fqJAeReFr8I,00004,6.731909499382919,12.032
train,pretrain,LJhklPJz9U8,00006,0,pretrain,SbgwDk7A4as,00031,-7.08759309713066,4.8
train,pretrain,3UaOl8SYHes,00006,0,trainval,S6BLFdBfgfU,50005,-1.998143868383437,3.52
train,pretrain,zeSVMG4GkeQ,00023,0,trainval,gqpErbFnbiY,50001,1.491115811176444,5.44
train,pretrain,mZqL7MC8Eys,00003,0,trainval,ErexJkoDhGI,50018,-6.712395842263817,3.136
train,pretrain,TUtxSwC5mqA,00002,0,pretrain,dY9f9bFctUE,00046,-9.769191297852808,7.296
train,pretrain,oAl82gFMZis,00011,0,trainval,uKByBgqxOw4,50004,-4.511974690806366,2.304
train,pretrain,1BXYSGepx7Q,00009,0,trainval,VMwjscSCcf0,50001,-8.246180137191297,3.072
train,pretrain,ZOYoTup1t3A,00005,0,trainval,HonUUtuCSwM,50002,4.919386547637901,6.144
train,pretrain,CqasLvlSWGU,00015,0,pretrain,Yo5cKRmJaf0,00017,5.775325374947041,4.48
train,pretrain,MywGrRvNkWQ,00010,0,pretrain,k5hspA18IU0,00039,-4.7989471116125255,6.208
train,pretrain,U5kIdtMJGc8,00008,0,trainval,fDV4fDWUo6U,50003,-5.863660085045803,5.76
train,pretrain,JSI2eScPkEw,00012,0,pretrain,NiMgOklgeos,00019,-2.814685658843212,7.68
train,pretrain,dOt4NkcmIUg,00019,0,pretrain,U8XD0CcNhPU,00012,0.9714628546789417,7.68
train,pretrain,HjSGqwAFRcc,00015,0,pretrain,3E7hkPZSHTk,00017,9.118960063762401,5.888
train,pretrain,ilMwoEdqMTs,00015,0,pretrain,YvyeISAxb70,00001,-7.854343833751878,6.464
train,pretrain,t1owaS144N4,00018,0,pretrain,6W2dsnhC18Q,00008,4.998370930314721,8.064
train,pretrain,apbSsILLh28,00025,0,pretrain,AlsFSLXjVdw,00008,-5.839703662657225,5.568
train,pretrain,m2SLpM5uL5g,00006,0,pretrain,tlS3r8Gid90,00006,5.385165237354935,10.24
train,pretrain,BSiNIZ6zZqY,00018,0,pretrain,R84vqXjXWJc,00029,1.13329664814502,2.432
train,pretrain,5Gtw7hgyLzI,00006,0,pretrain,6liIKYeUzaY,00017,5.399959666038576,3.136
train,pretrain,Eeas8QU5TzA,00005,0,pretrain,sucza6EOIf0,00051,1.202360349702749,2.88
train,pretrain,38OUCtzkT4Q,00028,0,pretrain,bX32UShfri4,00007,-6.526817161562568,14.336
train,pretrain,4BwSMSCFdu0,00058,0,pretrain,8pHzROP1DSw,00016,-5.594206078440824,4.416
train,pretrain,oghkCpRYVjU,00011,0,pretrain,F0ofeD8VKMA,00044,5.806260352059073,6.016
train,pretrain,WaGq9XwSVys,00010,0,pretrain,6AvXhgXlGpE,00002,8.035681257805223,10.048
train,pretrain,1IxIDGyISzk,00032,0,trainval,KOtFDsC8JC0,50014,0.5704468700820335,4.608
train,pretrain,cf3zxHuSM2Y,00047,0,pretrain,Q0lARjgVnIU,00012,-1.8835689515662253,12.48
train,pretrain,sWN13pKVp9s,00019,0,pretrain,ziGD7vQOwl8,00043,1.300396333811225,8.576
train,pretrain,dScYSVZtB7k,00007,0,pretrain,rH0AlC2TbR8,00006,9.642691230157315,6.336
train,pretrain,wSF82AwSDiU,00001,0,pretrain,bTE0MRRXNzs,00013,-9.216061116793064,6.016
train,pretrain,KCr8s57hdzY,00004,0,pretrain,8XQ1onjXJK0,00005,2.941313190630453,4.032
train,pretrain,jPyR3UDhOm4,00003,0,trainval,VJRBx0JjMSM,50017,7.5348401178599005,3.328
train,trainval,h0C2LPXaEW4,50029,0,pretrain,1gdKrtwBGqY,00004,1.1739164492925802,2.112
train,pretrain,5J6jAC6XxAI,00017,0,pretrain,raCIUeGUr3s,00039,7.173003858312757,7.68
train,pretrain,YyuScSjkGSs,00036,0,pretrain,ZVS5I2RMTGM,00009,2.3206850987648266,9.088
train,pretrain,NJ9Iq7ReMDs,00017,0,pretrain,40riCqvRoMs,00024,-9.072614757417195,9.984
train,pretrain,vvEH93EQiKg,00002,0,pretrain,jKM0jlPW8x0,00004,-0.6284668338103714,6.336
train,pretrain,itLUXZnLRn8,00027,0,trainval,zbHe4RpgV80,50014,5.868864734748682,2.24
train,pretrain,3UFGqjWcVU8,00036,0,pretrain,C6mNITMY7e0,00029,9.41159718697461,4.864
train,pretrain,nCwwVjPNloY,00013,0,pretrain,IjHlyKTSUug,00006,5.126510085996722,6.528
train,pretrain,avuhY7D71sQ,00013,0,pretrain,1QQ3gWmd20s,00027,-8.606596595875596,3.2
train,pretrain,8xHrpO6p7dE,00032,0,pretrain,XYEChpVS04s,00004,-9.30632645825681,7.488
train,pretrain,5l4cA8zSreQ,00016,0,pretrain,j81saupKVpo,00004,4.632061808989036,8.384
train,pretrain,u1SdYypojbE,00001,0,pretrain,2R3Njv0LjjM,00013,-9.73378105668235,27.52
train,pretrain,T8VS0LUCgmk,00016,0,trainval,mxmT10Hk8IM,50002,5.621492016100564,3.52
train,trainval,JM77aTk1XyI,50005,0,pretrain,7udZ5ux0dYE,00006,4.630884873976463,2.56
train,pretrain,YvyeISAxb70,00002,0,pretrain,OGhbCC9mNM8,00007,-5.623738053064031,5.76
train,pretrain,sPQViNNOAkw,00015,0,pretrain,Yagdvqn2YMU,00013,-4.434930633995526,4.928
train,pretrain,lDq9SQxvsNU,00006,0,pretrain,SmsYxDvdcYc,00035,7.279359716787376,9.024
train,trainval,8s3bdVxuFBs,50014,0,trainval,MOFdlEbu15g,50027,-7.131043834539666,2.048
train,pretrain,FjvjSlpJoqo,00008,0,pretrain,qykDS2AXKIU,00039,0.5569878185559531,7.36
train,pretrain,lw3YTbubyjI,00021,0,pretrain,4Rtfi4MSafA,00008,7.9882458124600255,7.04
train,pretrain,AJYRJ92g4GI,00020,0,pretrain,WSKPrVG3Evs,00001,-0.7000065002004181,3.776
train,pretrain,hgui64Kr0Go,00034,0,pretrain,wPFA8n7goio,00003,-5.085164058273486,4.096
train,pretrain,UVDgemuZdho,00034,0,pretrain,LETgWDSSzSI,00018,8.031985520093198,12.096
train,trainval,AAxJL17gZhk,50005,0,trainval,t1ZSoufuQg4,50004,-2.139268974785362,2.368
train,pretrain,i0QKBKWnkxg,00010,0,trainval,om6SewSRwtU,50017,-3.780672273123276,2.496
train,pretrain,Z24sXLBnOu4,00013,0,pretrain,0ZOqbO2jIKg,00020,-2.6387550834185465,9.728
train,pretrain,bpi6us7wQfE,00014,0,pretrain,J6tgYBMXR6s,00003,2.2732486079677585,14.208
train,pretrain,jKl0tb3VmfQ,00014,0,pretrain,goSQOzc79Uc,00023,-1.17556037804464,10.432
train,trainval,k4vzhweOefs,50012,0,pretrain,5nrn5fC001Q,00004,-1.9530020407261404,3.136
train,pretrain,voXOUWiJuLo,00003,0,pretrain,LBvHI1awWaI,00012,-3.622091704940904,3.648
train,pretrain,8olL43PKJKw,00009,0,pretrain,oJfFMoAgbv8,00023,-7.517926829185459,4.48
train,pretrain,nwZkoAeOzuo,00029,0,pretrain,pMNxSROBwrg,00009,6.588409358139909,6.976
train,pretrain,dJEwC4wCM70,00009,0,pretrain,Jc2F3SnawnI,00011,8.446183544290399,25.216
train,pretrain,F5FYYV59Eew,00010,0,pretrain,hTAXEq6zLo8,00005,-9.872841539058268,6.464
train,trainval,uqc56GMOYWY,50006,0,pretrain,CsqSDpmgsQg,00014,-1.6664568344240074,2.56
train,pretrain,aUBawr1hUwo,00016,0,pretrain,tSSNoFstCmQ,00039,-9.698506293416806,13.44
train,trainval,VB9S4kELT2k,50002,0,pretrain,dsT5eVSm7BA,00013,6.881194123139839,5.44
train,pretrain,PwBgcjDVxxE,00011,0,pretrain,zb4bp2volBg,00018,-2.8777627889519923,3.968
train,pretrain,S0hxl03JoA0,00023,0,trainval,dLHWVTa5xZs,50020,-4.732748354074254,4.864
train,pretrain,oml5JLFKgH8,00005,0,pretrain,Mu00S1dAMl4,00002,0.05016074260252523,10.368
train,trainval,ZIhFcjcc568,50008,0,pretrain,Uvli7NBUfY4,00002,8.930886076908205,2.688
train,trainval,fBQnQTkhsq4,50007,0,pretrain,3U6tEcIIAIc,00019,1.4907297367548509,2.176
train,trainval,qFza3W87eDg,50009,0,pretrain,Ydj28CDrHV4,00015,3.1049254556637162,2.752
train,pretrain,53P0aypkpXY,00005,0,trainval,9XRPbFIN4lk,50003,8.74401515240358,5.888
train,pretrain,UCFg9bcW7Bk,00002,0,pretrain,dOt4NkcmIUg,00022,7.356154456127889,6.848
train,pretrain,b2MSSeKey4o,00014,0,pretrain,uYaF8pSTNSU,00056,-7.556221308223117,6.4
train,pretrain,xnovQVRHj5c,00012,0,pretrain,Fom14XGMFHA,00011,4.048702123651616,3.904
train,pretrain,cPsP4F1qYCI,00001,0,pretrain,tp4Z4EVFA0g,00014,1.1668480516996027,7.36
train,pretrain,IOzdXNXzDqE,00005,0,pretrain,UiCJhSuLdok,00010,9.643670220126825,6.016
train,pretrain,4O2JKS94g3Y,00003,0,pretrain,NiMgOklgeos,00007,-1.128312694432669,13.12
train,pretrain,pqTkuaAykBw,00006,0,pretrain,GYzLcpN8dso,00006,8.887904943714858,5.312
train,trainval,avuhY7D71sQ,50035,0,trainval,YhJPoyv8O3A,50001,-3.6121024616605997,4.16
train,pretrain,pYgvVDCHRZM,00008,0,trainval,D03n5dAmBSE,50002,3.0608577076963996,4.8
train,pretrain,rKtmsVa4Kvk,00012,0,pretrain,u9Lu85L111Y,00020,8.246840139177195,4.16
train,pretrain,BN9a8Ldy7Xc,00005,0,trainval,P65XdTlk4vA,50003,9.338748223690203,2.176
train,pretrain,7Z9xCX4ifJo,00046,0,pretrain,bRuU02haIK8,00024,-5.943668641361064,4.736
train,pretrain,mA1vshSuyQU,00003,0,trainval,da1vvigy5tQ,50012,0.020188163678273696,2.816
train,pretrain,mArrNRWQEso,00039,0,pretrain,qzwCujeSSSc,00006,-6.234563754860618,8.128
train,trainval,SeJwaOCYWwM,50007,0,pretrain,cS3f3rQRlug,00017,1.491424584423875,6.08
train,pretrain,vGzBcBZrOSw,00009,0,pretrain,oHDeULyOqmM,00011,-1.9671775501102662,8.32
train,pretrain,2FMBSblpcrc,00005,0,pretrain,UxDhMEkV0DM,00004,9.941254274909369,3.712
train,pretrain,RxyQNEVOElU,00007,0,pretrain,kGZvNbfrNag,00008,-7.2468774722547025,3.072
train,pretrain,WWloIAQpMcQ,00029,0,pretrain,tiWwrdMqvvM,00011,9.93561716687212,8.64
train,pretrain,XS85KAYKOT4,00001,0,trainval,0oAJsPFH2wk,50002,-5.868899259156621,3.904
train,pretrain,iU1bhHeCkoU,00027,0,pretrain,WpldYJ3sSIo,00012,-0.6764826507130568,20.16
train,pretrain,yxC30tEjZk8,00010,0,pretrain,bGBamfWasNQ,00011,9.513587216625655,17.344
train,pretrain,mbbMLOZjUYI,00007,0,pretrain,VL5zqmpiJlQ,00018,8.312415070045162,5.568
train,pretrain,85bqT904VWA,00006,0,pretrain,4c1lqFXHvqI,00041,-4.70926225490958,5.056
train,pretrain,XDBWEKBq0Sw,00004,0,pretrain,bjNSaXg4S6Y,00005,0.5050210630137357,3.776
train,pretrain,2zvjW9arAZ0,00018,0,pretrain,7sxpKhIbr0E,00018,4.395687482473738,4.8
train,pretrain,5MgBikgcWnY,00017,0,pretrain,gLdBqrTOQxc,00009,-5.597241406606875,7.168
train,pretrain,uhRhtFFhNzQ,00036,0,pretrain,Lp5Ccer5NM8,00043,7.583532131440872,4.8
train,pretrain,SYpHNImNsx8,00028,0,trainval,SeJwaOCYWwM,50007,4.660222263997094,5.888
train,trainval,S6BLFdBfgfU,50011,0,pretrain,5PhNVxr7Vtw,00022,-7.882308932303919,6.08
train,pretrain,rkKDvGA2UU0,00020,0,pretrain,kCOV51S7Xqg,00007,-7.45003140386302,3.456
train,trainval,CTEhgUmSrro,50008,0,pretrain,v3FDwQVb0Nw,00014,1.7560800755102353,3.648
train,pretrain,M9pPgIraoOM,00013,0,trainval,BcTOSxcv2So,50006,3.9481107396308524,6.144
train,pretrain,SFW0TEFKCxk,00012,0,trainval,nxRRqLpWi6Q,50006,2.918633068627125,3.968
train,pretrain,HTf7Ziklcms,00011,0,pretrain,IDSSieLCmS4,00011,4.091844316488229,13.248
train,trainval,b6rAgHcuYtE,50005,0,pretrain,e4PTvXtz4GM,00007,3.7888751137416463,3.136
train,pretrain,RcGyVTAoXEU,00046,0,pretrain,4VDYo4k3xKk,00002,1.6520548333128744,6.336
train,pretrain,3F2jACWwKdU,00012,0,trainval,cj5LZBmiQu4,50016,2.9759509475362442,3.328
train,pretrain,YPLGuwXomYQ,00024,0,pretrain,Qj4xf3U8dh8,00015,5.37258651330173,8.064
train,pretrain,gK2AkxzFeDM,00016,0,trainval,JRWC1UlMjZQ,50008,5.255011739462779,2.048
train,pretrain,lDq9SQxvsNU,00005,0,pretrain,aS1UEAGCo30,00015,-0.23650793335752596,4.48
train,pretrain,stAstsOxLPc,00008,0,pretrain,KxDwieKpawg,00019,-2.5378717465664806,11.456
train,trainval,9SGSSQssNj4,50001,0,pretrain,A7ktYbVwr90,00028,4.8613096061989065,6.016
train,pretrain,8MpXRkmeDhk,00006,0,pretrain,vFPkEIGUofc,00004,-4.892210781222495,7.744
train,pretrain,YzQDnTPuNZM,00005,0,pretrain,kiDfwUQySEs,00022,-0.3822049426122103,11.2
train,pretrain,lcZyzcTS5GU,00006,0,pretrain,jUIfiLplNqQ,00014,-4.573850168571321,7.68
train,trainval,KPN8LHVeFYA,50009,0,pretrain,L2upTRjXeJM,00024,5.027704883470905,3.456
train,pretrain,fwm3azuoLr4,00018,0,pretrain,jVBp2nDmg7E,00001,-6.9527119691100285,4.544
train,pretrain,mCZCokSu37w,00026,0,trainval,16cMSRFid9U,50003,2.7197388963541087,2.752
train,pretrain,S2OzLREwHtI,00016,0,pretrain,NhYnouvrGS8,00005,3.6230439625045374,20.032
train,pretrain,DGvPfD1Dd1U,00007,0,pretrain,yLjxoscCi0A,00032,1.7875164753560746,6.656
train,pretrain,PS6vDLq64gE,00027,0,pretrain,5iqZzi9mj4M,00021,9.601077234802705,4.544
train,pretrain,F17SKiAZOxg,00019,0,pretrain,ShswlNMaUSA,00002,6.2833371518172,6.4
train,trainval,vo2cse4CoGM,50003,0,pretrain,2jTdZSPBRRE,00009,3.9816168182259464,6.144
train,pretrain,YrtANPtnhyg,00003,0,pretrain,d6eMdixkoRI,00015,-9.699039069350334,5.184
train,pretrain,wDxjss7kHRw,00013,0,trainval,9uuhxGhD9bo,50004,4.836719429538256,5.888
train,pretrain,ivfJJh9y1UI,00005,0,trainval,chXsLtHqfdM,50004,3.417891250172014,4.736
train,trainval,tqf607N19Is,50019,0,pretrain,uVAaZVz9pDs,00069,3.5495019822805993,2.368
train,pretrain,5ftklsHZ4cU,00019,0,pretrain,cnDEVgxD6QQ,00031,-2.725300790093139,12.352
train,pretrain,SMi3rHuK0c4,00029,0,pretrain,1gTNgijhKzw,00019,-8.251361856163793,5.888
train,pretrain,1CN7PF10RKo,00021,0,pretrain,ppZ2WIlRvR8,00023,-9.1260143095551,6.144
train,pretrain,7fx0QcHyrFk,00005,0,pretrain,EZwxKPv1CwA,00030,1.4217548709013972,3.968
train,trainval,dTwXeZ4GkzI,50010,0,trainval,audakxABYUc,50004,7.116419169489564,2.496
train,pretrain,r2SX7mTUirk,00013,0,pretrain,AAkEYcmCCCk,00017,0.9713604445081909,4.608
train,pretrain,emn28FrJ6CI,00014,0,pretrain,NtOoDN0ojxo,00022,3.2184659055329554,8.128
train,pretrain,Urk3xn7l3AM,00008,0,pretrain,pj2YxCAnqx0,00027,-5.982775259043434,6.848
train,pretrain,j81saupKVpo,00008,0,pretrain,rTJpJlVkRTA,00007,9.15510623317417,13.376
train,pretrain,nLtUl2CP8ak,00050,0,trainval,GB4s5b9NL3I,50014,-3.77122358521377,4.16
train,pretrain,eaelI0u4Sz0,00008,0,pretrain,TureGeSxSew,00013,-2.7857851283005957,4.608
train,pretrain,JSLQxBbQPTY,00019,0,trainval,4uAAegPkCKo,50001,5.410617927741912,4.928
train,pretrain,ZzugJPASNB8,00011,0,pretrain,FXYFLK0KZio,00009,9.996171857344262,17.472
train,pretrain,ERSZb2wHFDw,00008,0,pretrain,5Gtw7hgyLzI,00007,-2.8303012491546458,6.4
train,pretrain,3WMuzhQXJoY,00005,0,pretrain,k8OgHJ4WXR0,00005,-9.167825298271248,4.992
train,pretrain,iW4fCwfw1vg,00005,0,pretrain,EEjyPqyFeSs,00037,-3.7869290131148663,7.36
train,pretrain,Ytw0I6ytRto,00002,0,pretrain,s7YsNStlRwI,00006,-5.87816743464427,13.12
train,pretrain,unSnvLgyf3o,00014,0,pretrain,vSONFixSe4k,00041,-6.523386919708121,8.768
train,pretrain,HdHW77blulg,00032,0,pretrain,HAKea48B3oM,00009,4.23739592529496,6.976
train,pretrain,aqhzFd4NUPI,00010,0,trainval,nUdsTizSxSI,50011,-8.95124757583803,2.944
train,pretrain,GMc8aSoCE30,00038,0,pretrain,uSUOduS5MPc,00029,8.012353820550324,7.296
train,pretrain,0SUTgoPUTLQ,00004,0,pretrain,DjcZrtcBZi4,00022,1.4768575334527352,24.192
train,pretrain,ynSrWmoq7Is,00041,0,pretrain,K2mhMzVCfhI,00013,5.8275258644434675,4.096
train,pretrain,l1fodZNF1GI,00023,0,pretrain,rKtmsVa4Kvk,00046,7.8966780846306115,11.328
train,pretrain,JtSjYnXD83Q,00023,0,pretrain,28hGxw5DBK8,00008,9.376046479386787,5.376
train,pretrain,VM7HQSzbdIw,00001,0,pretrain,Vj3gCWmJSiE,00012,-6.013529840389859,3.008
train,pretrain,IW8mHxAkOtA,00013,0,pretrain,rB6WmWvvyxg,00010,-7.074374907955264,3.904
train,pretrain,MS4x6G0zzeg,00001,0,pretrain,PUh5msG0rG8,00021,6.361193087175234,7.808
train,trainval,tlB1pFwGhA4,50002,0,pretrain,6ORDQFh0Byw,00004,8.900598159723202,2.24
train,pretrain,XS85KAYKOT4,00021,0,pretrain,4sg9TlsMRVA,00004,-8.414820987331568,7.168
train,pretrain,vFPkEIGUofc,00012,0,pretrain,2l0sZrrWlrU,00001,-5.80078993515833,10.88
train,pretrain,4SkoG9FWP4w,00011,0,pretrain,UiDJFGroD3U,00010,-8.997265795957063,9.92
train,pretrain,IW8mHxAkOtA,00008,0,pretrain,4oFGmxZ2nqE,00010,-9.893584607479989,7.68
train,pretrain,kTz52RWSbD0,00030,0,pretrain,klUoJxGv9wg,00005,5.015277684681303,7.04
train,trainval,KiPcxhJtuPQ,50001,0,trainval,EL9TBKSdHXU,50010,2.650728112930132,3.52
train,pretrain,SF242mxtZN8,00042,0,pretrain,DSbtkLA3GrY,00046,5.512198759597952,8.768
train,pretrain,d38LKbYfWrs,00002,0,pretrain,Z24sXLBnOu4,00010,-0.7510896546067141,5.44
train,pretrain,zXCiv4sc5eY,00033,0,pretrain,UbVZ7rmDYrc,00007,3.6257924303851947,16.576
train,pretrain,FTUpFYo0rMI,00010,0,pretrain,8COaMKbNrX0,00006,-6.18093681786881,8.448
train,pretrain,aTfwA1TaH3Q,00005,0,pretrain,n9ZSpccScW0,00018,-2.053304931989583,9.664
train,trainval,ramueKMLXZY,50001,0,trainval,58eTdyeVwbA,50001,-9.67897062735545,5.952
train,pretrain,nyLYQYHGbvI,00001,0,pretrain,AIfBSkVI6NQ,00013,9.14226599060374,4.416
train,pretrain,0zbHnOcGbrw,00011,0,pretrain,RhgrbQmYOSY,00007,-0.31409062909833096,9.216
train,pretrain,ImmtTHYU5GQ,00011,0,pretrain,ARGkp6am3S8,00025,-8.474371541557135,10.496
train,pretrain,u1K6hnm09xs,00017,0,pretrain,dySwrhMQdX4,00012,5.583226445133214,5.12
train,pretrain,sEOSCziWuP8,00001,0,trainval,haTsrKptgIU,50008,-4.072282740233857,3.904
train,pretrain,4fyvDMFriRI,00015,0,pretrain,gto6w0a13B0,00004,-4.7384729068644855,5.056
train,pretrain,NdKEy6vcCMw,00030,0,pretrain,wvCMZBA7RiA,00024,8.69792819280687,3.648
train,pretrain,1pq5jnM1CSA,00008,0,pretrain,7hWUhEA6hxk,00013,0.7303163037920708,4.352
train,pretrain,VMwjscSCcf0,00008,0,trainval,uDIyxxayNig,50011,-8.832187936330754,6.08
train,pretrain,gzcwS02ZB1o,00006,0,pretrain,xp0O2vi8DX4,00022,5.372272947308176,6.656
train,trainval,BoRUrWcdkQ4,50041,0,pretrain,0bop3D7SdDM,00029,-0.987341059836238,5.632
train,pretrain,Lp5Ccer5NM8,00005,0,pretrain,jpeSLKnS4gM,00026,8.033493707617097,3.392
train,pretrain,q9Ou0cj3fF8,00011,0,pretrain,uXlSmKZ7aSc,00023,-3.242267332553615,4.288
train,pretrain,S1JErHOwZCE,00003,0,pretrain,6JM9JD2iYrk,00015,5.204437335798147,5.44
train,pretrain,KTvSfeCRxe8,00050,0,pretrain,S8bJ3YlgL1Q,00011,-8.498306139063684,8.32
train,pretrain,1TYPldG99dk,00046,0,pretrain,CkDYlQhx0wY,00006,-4.519541671725149,7.872
train,pretrain,eNDhBSR1DZ0,00040,0,pretrain,tSSNoFstCmQ,00022,2.1613706820888936,10.304
train,pretrain,z4vmzTZ7qLA,00027,0,pretrain,ayVm441iZfo,00007,-3.860453916452567,11.456
train,pretrain,yvSQiSvuLLM,00004,0,pretrain,MF2Q6CcGN7E,00019,-3.0256319403439003,3.84
train,pretrain,fhCYS8avhWM,00013,0,pretrain,ioMpOr7Yx98,00022,8.330463940351866,6.336
train,pretrain,zqnZCSVsqPw,00011,0,trainval,BcTOSxcv2So,50019,7.5944293152019355,2.944
train,pretrain,jeOumyTMCI8,00029,0,pretrain,N39xSWTPix0,00008,3.9142136100612923,5.76
train,pretrain,UwtYQFSJSQc,00004,0,trainval,EZwxKPv1CwA,50016,-9.984834755221328,3.008
train,trainval,ISSupr6ayqw,50003,0,pretrain,DGvPfD1Dd1U,00003,-9.536737956526405,4.928
train,pretrain,JKsHhXwqDqM,00004,0,pretrain,7sqeoYOQ4qg,00009,7.995269823445703,5.824
train,pretrain,JzLiCBCbAMY,00013,0,pretrain,PuroSL7O4eY,00013,-6.2379318230276155,6.208
train,pretrain,3U6tEcIIAIc,00016,0,pretrain,PCupHgKGCcY,00029,2.163633649230423,6.464
train,trainval,gh5VhaicC6g,50013,0,pretrain,rptMkkcM9Sk,00015,-2.0891256347376697,6.08
train,pretrain,I9weytKalQQ,00011,0,pretrain,8LQhhYgjlJ0,00019,4.922409156788925,13.888
train,pretrain,2URf46UY7SA,00010,0,pretrain,6tSlMoMNSlY,00009,-3.8957899625254555,6.912
train,trainval,DKISYPEF0Ls,50001,0,pretrain,OSz2v42F0E0,00020,8.069876681260759,5.12
train,pretrain,MtSE4rglxbY,00009,0,pretrain,tbvUCrS5S5I,00003,6.729509604253046,10.496
train,pretrain,DJMhz7JlPvA,00015,0,pretrain,XPkV1bDZDl4,00005,-1.7443442855407838,7.104
train,pretrain,sAMahX5hIgU,00016,0,pretrain,5M3Dow20KlM,00001,-6.2094410248538985,5.44
train,pretrain,uhn7pS8M89U,00005,0,pretrain,jSS03JfgHEA,00024,3.595442526171176,6.08
train,pretrain,2K6P014XXmQ,00004,0,pretrain,o0td5aw1KXA,00050,3.5607596322823394,9.6
train,pretrain,pcSlowAhvUk,00024,0,pretrain,mDSuP2BsVy4,00024,3.3685831862389684,3.84
train,pretrain,6AvXhgXlGpE,00036,0,pretrain,mY2LIQbiGbo,00034,8.355379136809407,4.288
train,pretrain,93hbqLBpSHI,00008,0,pretrain,LdjNw8SZc5U,00002,-5.359182723175504,5.44
train,pretrain,E6ynZcLdi2Q,00004,0,pretrain,vtjbyBUYYzY,00018,-7.9941333799052146,4.48
train,pretrain,Nx8RRIiP53Q,00028,0,trainval,t4kyRyKyOpo,50001,0.37574510489568524,5.184
train,pretrain,yPGwA7t6bpI,00018,0,trainval,bJkv9b9o9lo,50001,-6.437168025436906,2.688
train,pretrain,NFIOuy3JSIQ,00004,0,pretrain,OSz2v42F0E0,00011,5.541203578925414,13.248
train,pretrain,Syi9bqfFIdY,00048,0,trainval,rzwJXUieD0U,50004,-8.198475308807993,2.24
train,trainval,RSl1ramE35s,50004,0,pretrain,9KACXVScWS4,00020,-9.888642107107326,5.696
train,pretrain,ZoDYTYSeuN8,00014,0,pretrain,U7fFCaHZvVk,00021,-6.817915948105671,3.456
train,pretrain,pPgd7Hj3ABQ,00026,0,pretrain,BZsdiVTFt7Y,00002,2.304920333360876,2.368
train,trainval,cotBM0laSSo,50012,0,pretrain,QLBtr2rOFkI,00011,-5.264880082367132,4.608
train,pretrain,ycB29FkoylE,00019,0,trainval,80USSKwX0iU,50001,1.3385575247807076,6.08
train,pretrain,6O9BKRJDqNA,00003,0,trainval,zyet9fPS24k,50002,-0.5216981430551897,3.008
train,pretrain,oCBYfGXSAlA,00013,0,pretrain,sYOS4qOHxdg,00022,8.110443622793703,12.736
train,trainval,V1K3GvSKyJQ,50003,0,pretrain,97MWOERYSdE,00026,-2.6335587302602086,3.968
train,pretrain,JXXvIMKPHYg,00004,0,pretrain,jgnqlZUI4n8,00004,9.691777397421532,3.968
train,pretrain,WSSaFAZS0Dw,00012,0,pretrain,Rv9SwZWVkOs,00003,-6.987448453535404,10.176
train,pretrain,btF6nKHo2i0,00063,0,pretrain,T9vLHFza8Uc,00012,-1.2460789417208566,3.776
train,pretrain,mwzBJF5Q7Vw,00010,0,pretrain,rSfHY43qLWs,00004,-7.359351437015425,6.976
train,pretrain,fYUaWgVF2XA,00022,0,pretrain,C8OqQ2lmsEo,00012,-3.5804695723793545,6.4
train,pretrain,pMNxSROBwrg,00007,0,pretrain,YrSpoWSKK1Q,00012,7.9582983635500355,15.104
train,trainval,syjEN3peCJw,50004,0,pretrain,AE0gO5wSaok,00036,-3.4909165009745813,3.072
train,pretrain,2G8C36aKnpU,00001,0,pretrain,XS3m37czBfk,00024,-9.970658474167742,3.52
train,pretrain,6ul2TSvUDog,00034,0,pretrain,DSPWxjBgvF4,00010,-0.6421701188657245,7.808
train,pretrain,9Eobo04R7SY,00002,0,pretrain,yDubrSRjlCE,00052,-0.8397332174504495,8.0
train,pretrain,klUoJxGv9wg,00020,0,pretrain,IJmr7MsS8fw,00073,1.6336146200344395,25.024
train,pretrain,HCG1petekXw,00019,0,pretrain,k5hspA18IU0,00039,-3.787904515508311,7.04
train,pretrain,EU15c9hnftE,00006,0,trainval,SPSq3cW672s,50012,8.999623952950621,6.144
train,pretrain,ZzugJPASNB8,00007,0,pretrain,9IgOVOPLTYI,00016,-2.327270903691014,3.392
train,pretrain,B9DdIivSGts,00019,0,pretrain,raCIUeGUr3s,00034,-5.293283055613287,4.608
train,trainval,m1LeGwELv9o,50011,0,pretrain,PnMsSqLwaes,00001,-7.73976207160324,6.144
train,pretrain,xTMZJvfzxGY,00008,0,pretrain,MUOSpWJ0riQ,00007,4.382988266409454,5.76
train,trainval,zSWppsceZ1c,50005,0,pretrain,SMBiP3G2Pzc,00007,-6.63380501578329,5.056
train,pretrain,S9PEogIrHSk,00027,0,pretrain,o4Nno6POrwE,00051,-3.6507131190702147,4.928
train,pretrain,sUf1ajkIAhY,00019,0,pretrain,y8ZMviYx9aY,00004,9.42486711366254,4.544
train,trainval,jodhovumkHQ,50030,0,pretrain,8olL43PKJKw,00035,-0.06166173443899581,3.136
train,pretrain,bib1uDXMmWs,00009,0,pretrain,HonUUtuCSwM,00035,1.101208095711355,20.544
train,pretrain,qbeLy3Dkay4,00014,0,pretrain,TBIL2sdfoVc,00008,-4.933239247373389,6.976
train,pretrain,JC7WnzM2Lsc,00014,0,pretrain,x5LshSZn5RA,00018,4.0178693157050365,6.528
train,pretrain,yJJtRWFLSgw,00007,0,pretrain,pn8p3rOaA5I,00038,2.3110288442121636,6.4
train,pretrain,ng7sf2SpeFg,00010,0,pretrain,iNOE0dZpHcY,00020,-2.5728124961841363,4.416
train,pretrain,MpYrJs0rX84,00004,0,pretrain,UqyOedEHIrw,00029,-9.805761794162821,4.16
train,pretrain,RSW3xi2jMYI,00008,0,trainval,DzNNS4rcIjs,50006,5.091759848666316,4.608
train,pretrain,SeBUcBfkVCo,00028,0,pretrain,PtBKP4fVAvI,00006,-6.59590212955478,13.568
train,trainval,XAcARiiK5uY,50010,0,pretrain,2MifgJqOm3Q,00009,5.742024123519251,2.56
train,pretrain,vR8msiSohZM,00013,0,trainval,W4I68CGUV3w,50040,4.879883136767184,2.176
train,pretrain,O1j2A6ndEio,00013,0,pretrain,Qm172DbaSbc,00008,-3.4380327747636414,7.552
train,pretrain,1CN7PF10RKo,00019,0,pretrain,f6CILJA110Y,00058,8.762734585391371,5.248
train,pretrain,UrqRudIUPWs,00008,0,pretrain,tV2RLLtOgL4,00022,0.43920828147349944,2.56
train,pretrain,wX78iKhInsc,00008,0,pretrain,t0pwKzTRG5E,00009,-6.9925719017925765,7.68
train,pretrain,wfW3aZCFfLA,00010,0,pretrain,Ep2MAx95m20,00017,-9.93388477450852,4.096
train,pretrain,jn0Ygp7pMbA,00020,0,pretrain,IzPcu0SETTU,00020,-9.752385416366403,4.48
train,trainval,dOt4NkcmIUg,50017,0,pretrain,JaFSfq2Zn7I,00045,7.226704898250009,6.144
train,pretrain,7LPJrzZaoZg,00002,0,trainval,3icoSeGqQtY,50003,-3.3314165132289038,5.888
train,pretrain,bfAzi6D5FpM,00038,0,pretrain,HYzrdn7YLCM,00017,2.9421922844861985,30.272
train,trainval,DsSrzoyyfF0,50024,0,pretrain,KCr8s57hdzY,00049,5.760792008973731,2.112
train,pretrain,npFSbX7DZ6k,00030,0,pretrain,SpSGKCr8rq8,00036,-6.947584037055419,5.248
train,trainval,ge3SS1hOm1s,50001,0,trainval,gXlIASSrI4E,50003,5.823580461789605,3.456
train,pretrain,6d6oq0zGGmw,00023,0,pretrain,kU7veyGGps4,00001,-9.048072634183802,3.904
train,pretrain,Y2y7BzjbSNo,00006,0,pretrain,RbNqU2K0qzo,00006,-2.2601719168997203,5.376
train,pretrain,JLLpWtHbMAo,00005,0,pretrain,YdSSA7POsN0,00016,-8.292177174285904,8.96
train,pretrain,AS3Pyc4Qr2Q,00033,0,pretrain,A2aBKnr3Ep4,00014,-6.923848309762885,6.4
train,pretrain,pcNxS2i7SvQ,00005,0,pretrain,jzfV2xVsUKc,00032,1.39313024693198,5.44
train,pretrain,gypAjPp6eps,00010,0,trainval,mUJdzaLDRIo,50001,5.710923280424719,4.672
train,pretrain,AHfiKav9fcQ,00008,0,trainval,6bVhrpkp0WU,50023,-5.956556841897109,5.12
train,pretrain,hFGLqkDnSVI,00006,0,pretrain,zuLOT6GsAxw,00023,-9.92854113580333,6.208
train,pretrain,5HL1BEC024g,00031,0,pretrain,a3im2S5mQCM,00012,2.9754595188073747,4.48
train,trainval,JmZpFy1QUww,50002,0,trainval,wIkvIKeRNoY,50006,5.2449132351911505,5.888
train,pretrain,vPn94XAUBoo,00017,0,trainval,BPMrcY9z0nM,50008,8.869459834250147,5.056
train,pretrain,SKx2lfobPuU,00033,0,pretrain,j3YjeARuilI,00040,3.7692625422633235,4.928
train,pretrain,bXRCVHVstEY,00018,0,pretrain,pg63A6WaCSc,00002,8.718524743332686,3.968
train,pretrain,raCIUeGUr3s,00057,0,pretrain,qH4GAXXH29s,00032,6.317165212638653,4.288
train,pretrain,DtT6S1vtjzQ,00019,0,pretrain,yrcaHGqTqHk,00025,-9.453243216215384,7.936
train,pretrain,wZzHnZzmS58,00026,0,pretrain,t1sYh9itUvs,00014,7.344471348129414,6.336
train,pretrain,8JSMI8Xrwms,00009,0,pretrain,itLUXZnLRn8,00012,-5.196389934288375,4.48
train,trainval,cn9Q4c3dXGU,50008,0,pretrain,7udZ5ux0dYE,00002,-3.1187114942909933,5.76
train,pretrain,x8QxdldkPNM,00001,0,pretrain,nz0cAjXVepg,00003,7.029150081927046,8.256
train,trainval,C74amJRp730,50014,0,pretrain,XRP4xfN89Ss,00028,-7.926134363828005,5.824
train,pretrain,pPgd7Hj3ABQ,00026,0,pretrain,rGgoCm1hofM,00011,4.532978498633266,2.368
train,pretrain,hgWie9dnssU,00001,0,pretrain,xp0O2vi8DX4,00006,0.9997501659860895,29.056
train,pretrain,5p0ptQizXjg,00005,0,pretrain,CiLnSGrcuEs,00029,-5.94444518440802,5.952
train,pretrain,SJ0G1iCLzCA,00002,0,pretrain,jT5rRh9AZf4,00008,0.3638545555044548,5.376
train,pretrain,UxXOi6Zwm7Q,00006,0,pretrain,TXaXvrd3jS4,00011,-2.896419921563349,10.24
train,pretrain,lQflBowgVB4,00025,0,pretrain,eaelI0u4Sz0,00009,1.5308227196455242,2.496
train,pretrain,5duz42kHqPs,00004,0,pretrain,QxkxcsrveLw,00029,8.809332962376757,18.944
train,pretrain,hh2Z2hSgFIY,00004,0,pretrain,6rcvWcRMuzs,00028,-0.5733259080830244,5.76
train,pretrain,E2qmkUsf6Y4,00025,0,pretrain,LizFrxTK5Qo,00011,4.847098047353079,4.48
train,pretrain,y9ALB39wRKo,00044,0,pretrain,v84pD2g3gSk,00029,-1.2838421980342787,3.328
train,pretrain,lPtPG2lAmm4,00006,0,pretrain,BDOSUiEh0eY,00007,6.24015332749601,3.84
train,pretrain,SbphPa7Wp4c,00020,0,pretrain,UROCz70tlMY,00053,-6.963750358455682,5.184
train,pretrain,DwQMDyyS42Q,00042,0,pretrain,P2y3Uspr8Bg,00003,-0.09186680934105595,7.872
train,pretrain,4EUAMe2ixCI,00050,0,trainval,3DsHHfu4Sco,50002,-6.727120009659688,2.048
train,pretrain,pWX1oQEGl90,00012,0,pretrain,bhgonb4EqXI,00004,2.449623028034294,3.84
train,pretrain,OtUSnXV0i4E,00001,0,pretrain,1BXYSGepx7Q,00003,-9.965725497986718,6.592
train,pretrain,dm4fvbrMLPw,00009,0,pretrain,6tpsSu5O0Ws,00001,-3.315312705768367,4.288
train,trainval,LNHBMFCzznE,50002,0,pretrain,gZpcTVqpaPw,00021,-4.572524898791337,2.944
train,pretrain,OAK1UIbSFio,00016,0,trainval,7Z9xCX4ifJo,50008,6.418042826564005,4.096
train,pretrain,P5Mpo4JQZhw,00039,0,pretrain,GpKrM8GQwOg,00018,2.0564633807923034,6.912
train,pretrain,S98m4Vod6S8,00017,0,pretrain,OwRAFCrsDS8,00024,8.521571277992063,3.968
train,pretrain,BISCnsKyOuk,00011,0,pretrain,Br1AIvMrvAE,00005,7.118298211419152,9.28
train,trainval,gh5VhaicC6g,50040,0,pretrain,nhrZHRqUaT0,00010,7.3083169310306495,5.824
train,trainval,DqsvwHG9cSM,50022,0,pretrain,Sb2qXygFm8U,00019,3.398274930293855,5.824
train,pretrain,DUd8XAS5HEk,00040,0,pretrain,0g2WE1qXiKM,00002,-4.7370163524983155,6.912
train,pretrain,9SuptXUPZxQ,00003,0,pretrain,iueVZJVEmEs,00036,-9.133006019475836,6.336
train,pretrain,tkIgSSxPzTA,00012,0,pretrain,U6bYCiS1wF4,00009,-9.945988689897064,8.704
train,pretrain,pbGLBjDhnSY,00013,0,pretrain,d0a0eXJ5TJM,00003,-9.751849554687569,5.248
train,pretrain,2Oe6HUgrRlQ,00030,0,pretrain,cotBM0laSSo,00035,6.682064201214409,4.8
train,pretrain,bTE0MRRXNzs,00006,0,pretrain,gBkIyJ7kfSI,00039,8.623063684824867,4.864
train,pretrain,vNDhu2uqfdo,00013,0,trainval,xAXUqSQc8DI,50009,7.617812134622337,6.016
train,pretrain,01GWGmg5jn8,00009,0,pretrain,bfAzi6D5FpM,00045,-5.731594338428518,8.576
train,pretrain,KnCqR2yUXoU,00008,0,pretrain,5QGApheKRc0,00013,9.802950137639751,12.16
train,pretrain,5RLqVpo3j20,00008,0,pretrain,SSy6CJLMuiw,00013,-7.228363872856416,8.32
train,pretrain,n3qA8DNc2Ss,00037,0,pretrain,tVIaoQrnAxY,00024,5.221379195960855,5.696
train,pretrain,GB4s5b9NL3I,00059,0,pretrain,UfM7tSoqNDw,00023,5.492051589001875,9.92
train,pretrain,qdiF1fSGfyM,00002,0,pretrain,B9bDZ5SzPtY,00005,-2.1909118945978356,4.16
train,trainval,kiDfwUQySEs,50026,0,pretrain,JSLUS3qLv0I,00007,0.05029734139541375,4.288
train,pretrain,wstksuaSMD4,00016,0,pretrain,GDnYDLERnRE,00029,-5.3830681569953835,16.96
train,pretrain,aGSZeDqG8Zk,00012,0,trainval,iU1bhHeCkoU,50022,-8.932843261250195,3.008
train,pretrain,vUQLN4o63SY,00014,0,pretrain,yVwAodrjZMY,00037,3.894317603374091,9.408
train,pretrain,RtFFT4zjyTM,00010,0,pretrain,Z41BTeAU7DI,00028,1.3185216656448713,9.088
train,pretrain,L51h8BBu7b8,00006,0,pretrain,YrtANPtnhyg,00016,-8.421602180373426,3.584
train,pretrain,7O7BMa9XGXE,00002,0,trainval,co2enjjt3J0,50001,-1.011392607493022,4.096
train,pretrain,J0WQz9qlgZI,00008,0,pretrain,IwWuLSwSMvI,00007,-9.343850752035724,6.4
train,pretrain,weyd0UMdP7g,00010,0,pretrain,60OVlfAUPJg,00022,6.021365014162164,8.448
train,pretrain,NtOoDN0ojxo,00028,0,pretrain,raCIUeGUr3s,00009,-9.781093597507262,5.376
train,pretrain,OAK1UIbSFio,00008,0,pretrain,jPyR3UDhOm4,00024,6.989281972500258,7.104
train,pretrain,DGulIdIS3XE,00004,0,pretrain,te3u3MSpk1c,00002,1.1667273473076651,12.928
train,trainval,7ZWTG0SeCEg,50028,0,pretrain,6e99DuPQ6j8,00011,-0.9560181055187016,3.584
train,pretrain,8dSDMQNoikU,00020,0,trainval,EUYLa7MAlPc,50003,-8.211915030921602,4.544
train,pretrain,rgPrf3YyByI,00001,0,pretrain,1TYPldG99dk,00045,1.5655535617494376,7.36
train,pretrain,EiTrl0W1QrM,00072,0,pretrain,yDubrSRjlCE,00026,4.970999559977418,3.84
train,trainval,NWUFjb8w9Ps,50002,0,pretrain,w96osGZaS74,00002,2.9668483668946166,2.624
train,trainval,nx3GuO41Jyg,50013,0,pretrain,aeiSXpmMQys,00004,3.1364156827790612,2.688
train,pretrain,1BHOflzxPjI,00045,0,trainval,LTtTfCwkIW0,50003,-2.7482780489916596,2.816
train,pretrain,b81YwSOs8RM,00020,0,pretrain,btlF4ZSAoFc,00012,-0.02562536827623596,4.928
train,pretrain,xYemnKEKx0c,00035,0,pretrain,syjEN3peCJw,00013,8.35623269709765,6.08
train,pretrain,ZvSJE9n0GfA,00021,0,pretrain,ueOqYebVhtc,00012,-6.008662202035713,7.68
train,pretrain,Qd7PiXg5fKE,00023,0,pretrain,U2dHczVSCdo,00003,9.856053768795608,8.96
train,pretrain,1QQ3gWmd20s,00023,0,pretrain,Sk0ywFgMpFk,00005,-1.9536425605806862,3.712
train,trainval,DUd8XAS5HEk,50017,0,pretrain,gMNlRovT5x4,00012,8.788186672361697,2.432
train,trainval,8SAWKDRHZuw,50009,0,pretrain,y2X7c9TUQJ8,00037,-8.193406749360037,6.016
train,pretrain,3GBrJiSMFu0,00011,0,trainval,XPAG3I8P34k,50009,-5.155360655000052,6.144
train,pretrain,YL1XwfyaS00,00029,0,pretrain,UCFg9bcW7Bk,00017,-7.518840919986037,4.544
train,pretrain,0ZhL7P7w3as,00011,0,pretrain,Erm4vP1vTn8,00020,5.052867132392183,7.168
train,trainval,BMOjVYgYaG8,50005,0,pretrain,B12syeJflbQ,00006,-3.7220179765621175,2.56
train,pretrain,buHSvs7LFzw,00051,0,pretrain,AK9OBSx77S8,00011,-1.3060251753610341,4.16
train,pretrain,LSdPxGLesE4,00042,0,pretrain,GB4s5b9NL3I,00071,8.416445998453966,4.096
train,pretrain,b81YwSOs8RM,00004,0,pretrain,KaiwGb0csas,00009,4.794096123347112,10.048
train,pretrain,97MWOERYSdE,00060,0,pretrain,q4TJEASZRys,00025,4.272451157741113,4.736
train,pretrain,M1o3FS0awtk,00019,0,pretrain,rSxVSM0KPo0,00003,-4.828399401888941,5.696
train,pretrain,d25l1aPz2kc,00007,0,pretrain,qS7zAkwAOYg,00005,7.842262247027882,5.952
train,pretrain,VC3H1lMEeS4,00005,0,pretrain,ol1b5mMeP7s,00009,-3.7001580743900604,5.056
train,pretrain,eRQdAOrqvGg,00036,0,trainval,lQDxasFKQCA,50007,-7.470077213865363,6.208
train,pretrain,28hGxw5DBK8,00002,0,pretrain,lxYFURQ7Ehw,00021,-0.5442944045967124,8.384
train,trainval,iSpwUpdQdyY,50008,0,pretrain,gwMjgSqFm0M,00008,4.183387737464548,3.84
train,pretrain,3B24RaqA33k,00039,0,pretrain,kCOV51S7Xqg,00004,-6.377577983540523,4.8
train,pretrain,ZlKrvnB8YnU,00003,0,pretrain,tbvUCrS5S5I,00025,2.086074166192555,9.088
train,pretrain,FcoJt2KLC9k,00024,0,pretrain,uUDu8jQ6qHo,00015,2.8973140685739214,7.232
train,pretrain,tTcl5I0Wbzk,00005,0,pretrain,pWaxi4H2xPU,00020,-6.122621870394016,7.808
train,pretrain,ESlb3D7AySM,00005,0,pretrain,16p9YRF0lSg,00026,3.6082754273580555,10.176
train,pretrain,acJscdoP2a4,00007,0,pretrain,Sttw2PxncIE,00023,-0.23104992353131237,12.736
train,pretrain,ruvWiXowiZ8,00009,0,pretrain,93fJ33L9OKw,00020,-6.182337872656596,3.904
train,trainval,OKNpguWW3Sk,50002,0,pretrain,fLJsdqxnZb0,00014,-5.212840203297007,5.12
train,pretrain,CiLnSGrcuEs,00013,0,trainval,2JSZ66uMRwc,50015,-4.635653755377311,3.648
train,pretrain,oOE0kKteWkg,00021,0,trainval,M8CTOjQhJFo,50008,-3.106933730645469,5.888
train,pretrain,L2upTRjXeJM,00006,0,pretrain,s32OdFz9ttk,00013,0.9681868552976152,8.448
train,pretrain,fwYS1jyEzmU,00007,0,pretrain,ygRNoieAnzI,00016,9.408268615549737,5.952
train,pretrain,mJxA8eIWQUc,00025,0,pretrain,AbqsMDfX9Ig,00025,4.642221996305073,8.0
train,pretrain,ultonpeO0ZA,00021,0,pretrain,xRL2vVAa47I,00024,9.594685660359588,4.416
train,pretrain,zSWppsceZ1c,00035,0,pretrain,NiMgOklgeos,00026,7.211561688290264,13.568
train,pretrain,zGEDHMF4rLI,00023,0,pretrain,eGoSdLNceEk,00008,1.8190759200133257,3.2
train,pretrain,4mFzIumKKsc,00007,0,pretrain,bhHJ4DRZNZM,00022,-4.75734524781423,11.648
train,pretrain,Bqx8abrSIYo,00009,0,trainval,ts9JpM0gHMU,50012,2.3727153111117953,2.432
train,pretrain,j97WsAz3CDY,00005,0,pretrain,bB5zR2xYhm4,00014,-7.032376567364025,5.504
train,pretrain,LGtNFHtM81A,00037,0,pretrain,NhYnouvrGS8,00025,-4.699196874397997,8.96
train,pretrain,SasMjDCSyR4,00002,0,pretrain,mAvSoNUgMno,00004,-1.2273605852881033,3.776
train,pretrain,kQa11RMCeSI,00010,0,pretrain,J6tgYBMXR6s,00002,-4.920507601308821,7.296
train,pretrain,co2enjjt3J0,00011,0,pretrain,3g968CCd3XQ,00008,6.3382246705455785,8.64
train,pretrain,ZHOyfyGwpes,00041,0,pretrain,yOc9mFvusDg,00006,-2.451200344568356,7.808
train,pretrain,IvtZBUSplr4,00005,0,pretrain,AyWtIwwEgS0,00032,8.935859940837904,9.984
train,pretrain,K5wCfYujRdE,00003,0,pretrain,Mjoxh4c2Dj0,00015,-5.113167725433298,6.08
train,pretrain,I64CQp6z0Pk,00013,0,trainval,tIINqNUediU,50005,-5.877586791025462,5.632
train,pretrain,XbgdpsXDU2o,00002,0,pretrain,TPA0qoemShQ,00013,-2.964316714631277,4.672
train,pretrain,TjaM0tdxtYA,00028,0,pretrain,1X8b7mXImVM,00003,2.7006303271052126,4.672
train,pretrain,OPtxa35JU6Y,00013,0,pretrain,vkEeNkHilIg,00010,-8.62537596217617,6.464
train,pretrain,Lp5Ccer5NM8,00011,0,pretrain,Mo2Ai7ESNL8,00013,-7.503190243487601,6.4
train,trainval,VvpUZjRVoBI,50007,0,pretrain,UMn2q35HBeQ,00009,-1.9531209892926817,2.624
train,pretrain,rufeSSlZJg8,00007,0,pretrain,Va07q3HFEZQ,00003,6.365535021459692,3.712
train,pretrain,iNOE0dZpHcY,00043,0,pretrain,N8Votwxx8a0,00007,9.54068429848721,11.2
train,pretrain,Zctk6MZaxMk,00023,0,pretrain,7DLzXAjscXk,00004,-0.1405526114581832,6.656
train,pretrain,sQNtu4kpd64,00023,0,pretrain,FpHPVrsEkYY,00013,-8.116052405396365,6.784
train,pretrain,kDXJhxLzmBQ,00004,0,trainval,vhhgI4tSMwc,50002,-5.0326343299789,2.496
train,pretrain,wPFA8n7goio,00010,0,pretrain,JRHzQG0aI8w,00025,6.753874161480585,4.608
train,pretrain,YrZThoSoSis,00011,0,pretrain,bhHJ4DRZNZM,00015,4.726758888831309,11.52
train,pretrain,uRxwQsrI560,00027,0,trainval,IRVdiHu1VCc,50028,-2.575083135444629,2.688
train,trainval,B905LapVP7I,50002,0,pretrain,o9DNWK6WfQw,00031,-0.048401043247581654,5.952
train,pretrain,b9jb9UjCpik,00008,0,trainval,XvS83nXSf0k,50015,1.2290343501375833,2.56
train,pretrain,nvSSeGObF4w,00008,0,pretrain,MQrhPhan5Gw,00006,-3.7824707141240888,3.008
train,pretrain,dcySuzHPCWM,00043,0,pretrain,qu7ZpWecIS8,00018,-1.3393323001993203,5.248
train,pretrain,yVwAodrjZMY,00046,0,pretrain,pX8zZdLw7cs,00026,7.004798957952495,3.2
train,pretrain,osBbP6Om4Mg,00021,0,pretrain,xTMZJvfzxGY,00006,-4.017454098313394,8.32
train,pretrain,DWZsOe1j2w0,00038,0,pretrain,fw01Sq0cxM8,00022,-0.36383576994997924,7.68
train,pretrain,CE3tL9MMk3U,00007,0,pretrain,HS8y0WLm78U,00058,5.904128735898894,10.56
train,pretrain,yDYCf4ONh5M,00015,0,pretrain,IfzrN2yMBaQ,00007,4.34206648894034,4.608
train,pretrain,69U0QWeZy0g,00002,0,trainval,hFgPtuzgw4o,50002,3.7953848835331705,3.52
train,pretrain,2W1jvTEjc1s,00022,0,pretrain,KCr8s57hdzY,00041,-2.330723219737445,11.456
train,pretrain,4AUSqB0RVNY,00006,0,pretrain,JRHzQG0aI8w,00033,4.3881353833207,5.12
train,pretrain,ema8O7xqjvk,00030,0,pretrain,ASQpKiUSNHo,00013,-8.931060145287228,3.648
train,pretrain,DLccHLwdS6Q,00007,0,pretrain,XgRlrBlS7Yg,00064,3.9506491013610106,5.504
train,pretrain,nCwwVjPNloY,00017,0,pretrain,dm4fvbrMLPw,00024,-6.472485178538035,3.52
train,pretrain,gVLu99Ja2mA,00002,0,pretrain,1COwySxiwSg,00013,-0.5336344509286626,4.928
train,pretrain,o2BJsFkzSYU,00010,0,pretrain,LSGfqyhleUA,00037,2.164863251777561,6.848
train,pretrain,FktsFcooIG8,00020,0,pretrain,3YcZ3Zqk0a8,00003,-2.3929417607734553,4.864
train,pretrain,5aH2Ppjpcho,00007,0,trainval,e4PTvXtz4GM,50001,0.27305829442102336,5.504
train,trainval,yOc9mFvusDg,50006,0,pretrain,RsiLLNziScM,00002,3.3680779924188915,5.696
train,pretrain,kZt3DNCcEtA,00013,0,pretrain,2zvjW9arAZ0,00070,-6.296489929392046,7.04
train,pretrain,ko32Hr1SoPc,00002,0,pretrain,E3SSSS5SFHQ,00015,-8.199296901983919,8.768
train,pretrain,d8s8e8JdGCc,00028,0,trainval,YmlAl1SMtHk,50005,-5.182253026776751,2.752
train,pretrain,hrpwRdijvCM,00004,0,pretrain,b2MSSeKey4o,00025,2.1610027096070024,6.208
train,trainval,Cu3ILSqFJJQ,50004,0,pretrain,YuEm03Ko0J8,00028,-1.8578570134976307,4.544
train,pretrain,wc3VhvgUtB8,00010,0,pretrain,QSfFattg8N0,00017,-4.904591501404854,10.304
train,pretrain,rokPqHc9iD0,00014,0,pretrain,lJGtXuCmZBM,00014,-7.260544140667042,4.928
train,pretrain,Y0GHWogx0eg,00033,0,pretrain,folTvNDL08A,00014,-5.938600888276017,8.0
train,pretrain,oIGBBPspTKM,00005,0,trainval,HY71088saG4,50005,-1.026950857095592,3.328
train,pretrain,11Mq9ZuxZMc,00008,0,pretrain,JDDGhGiaAZU,00040,-6.7444944887564535,8.576
train,pretrain,hsSYuHv0vUk,00022,0,pretrain,CtvIX4s1bTU,00005,-5.1176789623535,11.136
train,pretrain,unNRCSj0igI,00001,0,pretrain,J8xfuCcXZu8,00018,9.281027004867518,7.168
train,pretrain,YmRKlZEXVQM,00033,0,trainval,6bVhrpkp0WU,50007,-6.681138113563366,2.752
train,pretrain,9UbnOKC1ioU,00009,0,trainval,SgYvy71CSSA,50001,-1.2506145333136658,3.136
train,trainval,f8U2GwInI9o,50002,0,pretrain,pWaxi4H2xPU,00014,-7.666358160866356,2.24
train,trainval,nxRRqLpWi6Q,50011,0,pretrain,NEW8RKyMDV0,00006,1.6671767611435122,4.48
train,pretrain,fm9SH6NucHk,00002,0,trainval,TPA0qoemShQ,50006,-4.661832628943383,5.568
train,pretrain,7wJTgUCxnKA,00015,0,trainval,C74amJRp730,50012,9.373282543196662,4.8
train,pretrain,XS3m37czBfk,00016,0,pretrain,mRgSUwk1hnE,00001,-3.8424101406158435,11.904
train,pretrain,tsFKSfItBoE,00010,0,pretrain,wSHYZv6HzAs,00015,3.3519622566234517,8.384
train,pretrain,lv2SjZ6tIGg,00005,0,pretrain,VHZKiSGNxWw,00007,-7.56249069360635,3.456
train,trainval,cQvDUTOOkiI,50001,0,pretrain,XkiXXPShycA,00020,7.414008446683425,3.456
train,pretrain,odyakQwtWwo,00007,0,pretrain,I9tB6Q5bmcQ,00029,6.736788740695651,6.656
train,pretrain,mJxA8eIWQUc,00027,0,pretrain,WvvuLDX7iIk,00053,5.688691746441016,8.896
train,pretrain,uebxlIrosiM,00008,0,pretrain,VbeovM4RCh4,00004,0.9912526467930753,6.656
train,pretrain,aFBIPOSP7LM,00020,0,trainval,YWBwsS3lkXU,50019,5.944523114710293,5.504
train,pretrain,n3qA8DNc2Ss,00033,0,trainval,03h0dNZoxr8,50002,-3.180763626162446,2.048
train,pretrain,1N6e0DnGq38,00005,0,pretrain,lO1P6lCNnyo,00012,-1.6913615542069103,18.752
train,pretrain,VfKWd7iXMSo,00006,0,trainval,Kw5vyJ30djM,50001,-2.2120263045440876,4.48
train,pretrain,BURbLmQL1BE,00035,0,pretrain,Wtp7R97jz5k,00010,2.3260799537851113,3.84
train,pretrain,63XsokRPVSY,00005,0,pretrain,1G8dQQrlbbA,00019,-3.423230671825415,5.568
train,pretrain,UIAm1gSVgn0,00010,0,trainval,IYpovgkaS9Q,50003,3.813177049708976,5.632
train,pretrain,VPxEde3Q1F0,00003,0,pretrain,9y7YEmyzSDo,00010,-3.82000568159238,3.84
train,pretrain,s32OdFz9ttk,00019,0,pretrain,BsVzjd5HS9Y,00003,-5.450746795343093,15.936
train,pretrain,UOn3zOp8JPE,00008,0,pretrain,KIysMV9wbVY,00011,9.736606442035438,18.24
train,pretrain,6ul2TSvUDog,00033,0,trainval,HALd9FY5SVQ,50001,3.9541836137092865,2.496
train,pretrain,kSGFq12w5WU,00036,0,pretrain,1O2l1dcSohA,00013,-3.0935836032787805,4.864
train,pretrain,eZgSGgToBEE,00004,0,trainval,wgPLGS1BvQo,50006,-5.998586550644851,6.208
train,pretrain,5nys6iebjHw,00053,0,pretrain,uH0aihGWB8U,00023,3.412475891086949,5.248
train,pretrain,cPsP4F1qYCI,00003,0,pretrain,kTsqFn33RiQ,00015,-0.2739546349074615,4.032
train,pretrain,Re53vgaVFvI,00010,0,pretrain,iCvmsMzlF7o,00044,2.1007759146552942,7.296
train,trainval,KDBcoRLkut8,50004,0,pretrain,CWCWq155hyc,00014,4.827874051227052,4.16
train,pretrain,eG2X0WRrb88,00011,0,pretrain,XII0TdSvloM,00005,5.158733166735132,19.072
train,pretrain,blfVA0aSCBc,00014,0,pretrain,E0M1beV91js,00023,5.710026269101721,3.968
train,pretrain,kiDfwUQySEs,00019,0,trainval,jLOfXsFlb18,50009,-6.639668618083993,6.08
train,pretrain,zWU9D2duSgs,00002,0,pretrain,ts9JpM0gHMU,00057,8.512504426418236,7.36
train,pretrain,t6eFzt6kFGE,00015,0,pretrain,zCvSZBy6SyU,00013,3.5412786381391204,8.768
train,pretrain,EvEj5zAJriw,00004,0,pretrain,phUUjkSbtiY,00003,0.5029108735771093,4.224
train,pretrain,2W1jvTEjc1s,00032,0,pretrain,O6cmKeRV3Z0,00008,-5.08858053334762,5.056
train,pretrain,nPdUMWGWE28,00004,0,pretrain,LS6TWtYWaPA,00023,-2.509603953900445,11.648
train,trainval,RKK7wGAYP6k,50002,0,pretrain,pNttjJUtkA4,00044,-8.27281087477032,4.864
train,pretrain,iHWIZsIBj3Q,00006,0,pretrain,5pXelS1clHs,00020,6.846056260696457,5.248
train,pretrain,pbSSrJGgVIo,00053,0,pretrain,Fb3yp4uJhq0,00020,2.7832487571788427,6.848
train,pretrain,eNDhBSR1DZ0,00004,0,pretrain,Wai4ub90stQ,00025,5.4009729148667205,5.376
train,trainval,MBZyRlxVdSE,50001,0,trainval,I9tB6Q5bmcQ,50001,4.556335062973666,2.816
train,pretrain,lVQ3KUTHDe0,00025,0,pretrain,d8s8e8JdGCc,00017,5.6021697413837135,6.72
train,pretrain,2zvjW9arAZ0,00085,0,trainval,pOWgXxoSTNM,50006,9.810894289436643,3.648
train,pretrain,tVoE8eSu4bw,00002,0,trainval,o9NUy12lgs4,50006,2.024179376580765,2.496
train,pretrain,zcMj4Az1MwE,00024,0,pretrain,P82edb1SCNs,00009,2.305021652398578,8.256
train,pretrain,3dqXHHCc5lA,00018,0,pretrain,jxKUDXrtDFI,00011,-4.192881143797553,9.728
train,pretrain,SpUtz75lNaw,00002,0,pretrain,0z03xkwFbw4,00003,-2.8366172558967584,4.096
train,pretrain,T22s4jCZ4Ho,00001,0,pretrain,yldVmMfMyIg,00004,3.2005893275860835,9.792
train,pretrain,hsSYuHv0vUk,00026,0,pretrain,xZUzRDfQVYk,00001,7.509837907049597,6.848
train,pretrain,N3e8ZG5GzaY,00006,0,pretrain,YiXdS9DFCOQ,00019,4.200477267801279,2.816
train,pretrain,hha0NsYXS5c,00017,0,pretrain,Xv2gHiX9Bqw,00020,1.223015151117341,7.808
train,pretrain,4oFGmxZ2nqE,00006,0,pretrain,KCL8NjN7FMQ,00023,-8.67821613749815,5.76
train,pretrain,fCt6PoTfPvg,00001,0,pretrain,HWsehvUkISc,00009,-8.965627447851485,4.672
train,trainval,QoTSdOkjEVs,50010,0,trainval,5TKRSIKtaCg,50003,8.513186844096424,3.2
train,trainval,Br1AIvMrvAE,50001,0,pretrain,iueVZJVEmEs,00008,2.934646645094972,6.208
train,pretrain,SgOTaXhbqPQ,00043,0,pretrain,b4kSKPELNcc,00013,3.0688706840773694,9.728
train,pretrain,J10EaonNV2A,00008,0,trainval,YAV96XSdMQo,50022,8.663257180117533,3.264
train,pretrain,ec9GyxEUGec,00001,0,pretrain,2W1jvTEjc1s,00012,-3.9686289457392565,4.864
train,pretrain,E6dNJJMWeiE,00001,0,trainval,2ZviHInGBJQ,50002,3.2079539297561013,2.048
train,pretrain,ao3NtIZ0iBU,00002,0,pretrain,5SOHiN8Ne58,00022,3.6843405856419036,8.256
train,pretrain,sLiM2SizFl4,00024,0,pretrain,gZlzCc57qX4,00030,-7.2971002274525665,17.088
train,pretrain,eJb3Z2RmRMo,00015,0,pretrain,f6CILJA110Y,00014,-5.499977392897515,3.968
train,pretrain,JiwZQNYlGQI,00040,0,pretrain,70VZ1SOzSnc,00009,7.270799672678969,6.272
train,pretrain,48oiapTn3K0,00006,0,pretrain,dOOtM7ZpAS8,00007,-3.794710172634785,4.416
train,pretrain,ZBrbHy7l3tg,00002,0,pretrain,CQ5dRyyHwfM,00003,-4.401325876533344,6.08
train,pretrain,zIwLWfaAgS8,00050,0,pretrain,eYLb7WUtYt8,00012,-6.753968842474338,10.112
train,pretrain,aeiSXpmMQys,00024,0,pretrain,4O2JKS94g3Y,00002,-0.7672398418760107,33.408
train,trainval,HirySSCYiwI,50006,0,pretrain,ayhhuxAu6rw,00006,-6.470798695382474,6.016
train,pretrain,40riCqvRoMs,00013,0,pretrain,ScFWnnQF7A8,00006,8.669498428264767,6.4
train,trainval,m45SshJqOP4,50008,0,pretrain,WWRXOqYwRkM,00028,-9.058368190492562,2.496
train,pretrain,rTJpJlVkRTA,00036,0,pretrain,NCPzjiSS2Oo,00003,-1.4852416242014232,4.352
train,pretrain,kZt3DNCcEtA,00012,0,pretrain,IjHlyKTSUug,00013,-3.6165074177312384,4.224
train,trainval,deT1mILtFEY,50012,0,pretrain,zkQL7UJYDIY,00001,-6.200377263933781,2.048
train,pretrain,ZmSF9gVz9pg,00005,0,pretrain,G8cjIBwP52o,00032,7.0029874163817425,7.872
train,pretrain,C14bXC7zi84,00014,0,pretrain,HS8y0WLm78U,00062,5.852617420908057,5.696
train,pretrain,4EUAMe2ixCI,00051,0,pretrain,Kqm9AEvJgxU,00023,3.345747433882371,5.312
train,pretrain,nzUds0TIQMY,00004,0,pretrain,VM6HZqQKhok,00011,-3.268522330323089,14.4
train,pretrain,7ZoOyNTyjQE,00002,0,pretrain,IhoRGJlSs8M,00011,8.387395222618032,3.456
train,pretrain,6vLrreR6YOE,00023,0,pretrain,eAnHjuTQF3M,00019,-1.2862263523648583,9.536
train,pretrain,6tpsSu5O0Ws,00041,0,trainval,5Walt8nPINM,50006,-7.297860788742392,4.672
train,pretrain,JmZpFy1QUww,00020,0,pretrain,7FecGsXFgcQ,00011,-3.040733744508513,9.728
train,trainval,9EglK8Mk18o,50013,0,pretrain,pxzUDc1Zs4E,00009,0.40456876748455173,3.648
train,pretrain,UvbFr0eSsg8,00009,0,pretrain,JCI9FBP0Abg,00037,2.671860713655768,11.84
train,pretrain,JbuSeMcEF3s,00002,0,pretrain,MvojSku8zk0,00015,0.46523840921385684,15.36
train,pretrain,S3SnIMZ43EQ,00009,0,pretrain,O4Og5tFNiaU,00048,-8.01771483701755,4.864
train,trainval,JvIbrDR1GSc,50006,0,pretrain,bfAzi6D5FpM,00006,-6.3526408222907875,6.208
train,pretrain,j51HsRILGKI,00039,0,trainval,KPzccnstSXg,50024,4.471559741301661,6.208
train,pretrain,B905LapVP7I,00009,0,pretrain,wznroZvpVHU,00010,3.7932392280077316,12.8
train,pretrain,a7cDt5r2pGY,00021,0,pretrain,bf7BXwVeyWw,00043,2.0403698429153074,5.248
train,pretrain,CfqO1U6lfDs,00015,0,pretrain,DjcZrtcBZi4,00014,-4.385760913032248,5.888
train,pretrain,VohNDqzWP9E,00013,0,trainval,CwpvSWtUP3o,50004,4.976595035586076,3.328
train,pretrain,f7EjekSWGFI,00010,0,pretrain,qu7ZpWecIS8,00017,7.086623213673832,7.424
train,pretrain,lv2SjZ6tIGg,00005,0,trainval,bGBamfWasNQ,50029,8.745830452741213,2.432
train,trainval,qKlzdSH2X9w,50012,0,pretrain,UvbFr0eSsg8,00012,-9.990492717876357,6.208
train,pretrain,dvuh1Np35Pk,00025,0,pretrain,GIt6Z0k3PQo,00007,-4.141768029417985,14.656
train,trainval,Nhwq12TKkQQ,50005,0,pretrain,O4bGOvkkHcM,00008,-0.5391238155781757,4.032
train,pretrain,vPn94XAUBoo,00001,0,trainval,zIXX3HPgEnI,50007,0.7982949268532575,4.16
train,pretrain,OlLFK8oSNEM,00008,0,pretrain,319sQ9sSlyQ,00006,-6.122114726684192,3.968
train,pretrain,D9xJl4S6NsM,00012,0,pretrain,ImQrUjlyHUg,00004,-7.067106662304187,3.968
train,pretrain,ZuCX92wuw2g,00027,0,pretrain,H6n3iNh4XLI,00003,5.34041407428732,6.848
train,pretrain,hPVLbEapUD0,00008,0,pretrain,Nhx1SyXMwCg,00034,-7.341098491650309,4.928
train,pretrain,gAxSu7UgPGg,00013,0,pretrain,syqScVtnKuU,00024,1.8494494192919149,3.904
train,pretrain,rugSZIFY7mc,00022,0,pretrain,7tu9nJmr4Xs,00019,-2.4829508065444976,22.528
train,pretrain,DGIuSNks3DA,00007,0,trainval,ZSRaJIMYSMs,50020,-5.769205957914774,5.888
train,trainval,H03o2WCBoDU,50011,0,pretrain,YsXg3J1x4OY,00007,6.849690438975717,4.48
train,pretrain,l5Bbg96VODk,00017,0,pretrain,X0VDy8s8FN4,00001,4.528989845706658,4.544
train,pretrain,B9DdIivSGts,00054,0,pretrain,gh5VhaicC6g,00014,3.354210617114715,8.32
train,pretrain,hvJ4KlVlqV8,00030,0,pretrain,ynSrWmoq7Is,00045,1.95317756530714,8.448
train,pretrain,3sUWSDHOVn0,00011,0,trainval,H2rG4Dg6xyI,50009,0.37098068042606513,2.88
train,trainval,u9hauSrihYQ,50002,0,trainval,LWULB9Aoopc,50005,-5.034662396725662,2.496
train,pretrain,KaiwGb0csas,00003,0,pretrain,YVzSVEJa5Gg,00009,-6.509296010072532,4.864
train,pretrain,vvEH93EQiKg,00017,0,pretrain,sLo97Bu8Fo0,00029,3.0639870011380506,6.528
train,pretrain,J6tgYBMXR6s,00010,0,pretrain,mWA2uL8zXPI,00011,7.579288392295684,8.192
train,pretrain,88SlA2EZxtY,00021,0,pretrain,STutVhN7xSs,00006,-1.8414555461112663,7.232
train,pretrain,8C2t8P809x8,00001,0,pretrain,8COaMKbNrX0,00014,-5.173526688500876,4.544
train,pretrain,rSqYQXRVP0k,00013,0,pretrain,khRkIVPa1Vc,00030,-8.654049357754491,11.392
train,pretrain,SMi3rHuK0c4,00029,0,pretrain,trxGZMm4nBQ,00012,-5.965060267211171,5.888
train,trainval,lxYFURQ7Ehw,50007,0,pretrain,pGyOwnqpCKk,00014,7.263618673098989,3.904
train,pretrain,goSQOzc79Uc,00033,0,pretrain,pDsAqCEo5CY,00010,5.392426919694236,4.16
train,trainval,RPicL1AWrs8,50007,0,pretrain,Zctk6MZaxMk,00019,-5.480544677598549,3.648
train,pretrain,CTEhgUmSrro,00017,0,pretrain,awtmTJW9ic8,00005,-1.3611657186764674,5.376
train,trainval,W1KIgMXPR28,50002,0,pretrain,oiVSHkItqxo,00010,-0.7640293582554651,3.648
train,trainval,zSbCNWyYams,50003,0,pretrain,1X7fZoDs9KU,00004,-1.837237593474434,6.144
train,pretrain,415VX3QX4cU,00039,0,pretrain,qaue72D9pSI,00023,-5.672431050563467,7.168
train,pretrain,eg66CMRpKCw,00015,0,pretrain,y9ALB39wRKo,00006,-8.330692394216936,5.696
train,pretrain,WpEjt71l08I,00009,0,pretrain,XBcPFhg0BC8,00010,7.338520272475478,9.088
train,pretrain,MKKGS38vCO8,00004,0,pretrain,PiVB5niLrWg,00031,9.103083060963598,5.888
train,pretrain,1G0MzlfMPuM,00004,0,pretrain,BCvzpm4d2gs,00027,4.237288792570963,4.608
train,pretrain,WQ2PFoHptK8,00008,0,pretrain,5cQoGNEcc5Q,00011,-4.225552998661753,7.552
train,pretrain,yLjxoscCi0A,00021,0,pretrain,ScFWnnQF7A8,00013,-9.501336200432986,3.84
train,pretrain,gmjSazFbpkA,00038,0,trainval,3LzX36sShcs,50008,9.853702483654121,3.776
train,pretrain,7n9IOH0NvyY,00032,0,pretrain,y8qc8Aa3weE,00006,1.0932245179337627,11.136
train,pretrain,eG2X0WRrb88,00002,0,pretrain,k5hspA18IU0,00024,5.11229802651849,6.848
train,pretrain,4cJ08wOqloc,00004,0,pretrain,cf3zxHuSM2Y,00008,0.40118069250732624,3.584
train,pretrain,7jx0dTYUO5E,00005,0,trainval,6Co3dn0nSTk,50002,4.883079729805777,4.16
train,pretrain,RWiI7AkDXSo,00010,0,pretrain,7n9IOH0NvyY,00034,1.8040337757758316,10.368
train,pretrain,AR6RiSHN7S0,00040,0,pretrain,FcoJt2KLC9k,00020,-4.3127862616820885,3.776
train,pretrain,vvhiNSqq6oo,00016,0,pretrain,ZCS0MZuVBwE,00018,-1.8664854349733329,5.76
train,pretrain,f6CILJA110Y,00058,0,trainval,NR33yerZgso,50002,-9.24827727014479,2.752
train,pretrain,USnf5kbsMlg,00021,0,pretrain,rB6WmWvvyxg,00012,-1.178526523663173,8.768
train,pretrain,h0C2LPXaEW4,00010,0,pretrain,TBIL2sdfoVc,00003,3.498722782623421,4.736
train,pretrain,vvEH93EQiKg,00009,0,pretrain,gK2AkxzFeDM,00027,9.951727557248592,6.656
train,pretrain,58eTdyeVwbA,00006,0,pretrain,2FASIuDTMjE,00018,1.4610511537394988,13.44
train,pretrain,sS9ys09BkGE,00006,0,pretrain,n1jA0BKOLSY,00007,-6.506122454636715,8.0
train,pretrain,kzhJb5jcH58,00012,0,pretrain,1IxIDGyISzk,00022,0.5162190716585098,13.12
train,pretrain,vSONFixSe4k,00004,0,pretrain,QHIocNOHd7A,00011,-1.7418940748512934,8.64
train,pretrain,UVDgemuZdho,00037,0,pretrain,5RAJvzV9jSo,00008,4.246125342383625,6.336
train,pretrain,tSSNoFstCmQ,00029,0,pretrain,h9x2SWgwhY4,00016,-8.251144448555587,4.48
train,pretrain,zw9NXY3xOOI,00002,0,pretrain,xgsnrg8wfbQ,00004,1.2202284660697202,9.664
train,pretrain,cn9Q4c3dXGU,00010,0,pretrain,CBJMFvcR8PQ,00008,-1.1456380479326604,7.936
train,trainval,H50eCfpquBI,50002,0,pretrain,tNKdc6Lxcvo,00023,4.342422558996171,3.328
train,pretrain,ftWn4QOvTTo,00034,0,trainval,jpeSLKnS4gM,50033,-6.676820453658094,3.968
train,pretrain,2L1R7OtJhWs,00039,0,pretrain,9FCsyK4aRXQ,00003,-3.3595748186887553,7.104
train,trainval,CTEhgUmSrro,50013,0,pretrain,uPZw3ebk8oI,00015,-1.2957661188880554,3.328
train,pretrain,uJZWcKOIZMo,00011,0,pretrain,jk0Y3Ss212w,00007,5.433933137088742,9.408
train,pretrain,mArrNRWQEso,00052,0,pretrain,DZT6YpCsapg,00056,-7.314383345267352,3.712
train,pretrain,jSdBXFkQ3S8,00015,0,pretrain,iSRWMLMBkqk,00026,6.076736490834673,8.192
train,pretrain,Rz8m1yDE0ms,00011,0,pretrain,gBGt5OeAQFk,00008,3.0974022334789986,6.656
train,trainval,8m5Ebx6nuGE,50004,0,pretrain,nLtUl2CP8ak,00064,6.464040630010153,2.24
train,pretrain,JLLpWtHbMAo,00031,0,pretrain,VJRBx0JjMSM,00013,7.795708885742268,6.016
train,pretrain,kvSuyUTx5Po,00001,0,pretrain,gS3iLapiTCw,00024,-3.637775977644786,4.544
train,pretrain,JLLpWtHbMAo,00026,0,pretrain,ZhDgwrKSBWQ,00007,-6.261654433406168,5.376
train,pretrain,5pW2b1vwwf4,00040,0,pretrain,dcwuBo4PvE0,00010,9.926503795762244,9.344
train,pretrain,qrNDkRHAA4E,00026,0,trainval,4N5N0pQUFbI,50004,9.131793212980838,2.432
train,pretrain,2wu28tI9VkM,00002,0,pretrain,fCKNScHMBGE,00039,-3.6906368922290262,10.752
train,pretrain,WIebxoTx408,00020,0,pretrain,1TYPldG99dk,00045,3.7508734336291596,5.952
train,pretrain,bSZh8qdKaBc,00001,0,pretrain,CsjV1gjBMbQ,00004,-1.1952865313021306,4.736
train,pretrain,P2dlq8ZqjDM,00009,0,pretrain,qu7ZpWecIS8,00019,0.16586257837616536,4.864
train,pretrain,JBLc4Ekl3BA,00015,0,pretrain,RSl1ramE35s,00043,5.481989332520454,9.856
train,pretrain,NMBNZspmn7I,00012,0,pretrain,dsT5eVSm7BA,00004,9.603632903224259,6.592
train,pretrain,Vi8k6BG9KVk,00019,0,pretrain,l5Bbg96VODk,00028,8.11801368284737,12.288
train,pretrain,8Dv2Hdf5TRg,00014,0,trainval,QekbuidfQKo,50050,0.6867091853655154,4.288
train,pretrain,fW6AndSUByo,00010,0,pretrain,9IgOVOPLTYI,00008,-5.853596681764854,3.328
train,pretrain,iunmpgOnpqM,00019,0,trainval,3UaOl8SYHes,50012,1.4698801121374885,5.76
train,pretrain,av3SCLBU7sI,00017,0,pretrain,uNDWvejza4c,00002,0.8803106638214295,10.496
train,pretrain,mK2TDdEP58g,00020,0,pretrain,Melo1Bgporw,00003,-4.976309476212897,6.336
train,pretrain,zuAj2F54bdo,00013,0,pretrain,pkGAMb5sYvg,00014,2.6813283977530986,14.528
train,pretrain,xAXUqSQc8DI,00008,0,pretrain,aR6jLD1USW0,00025,0.06381714424346896,10.24
train,trainval,6ORDQFh0Byw,50001,0,trainval,9VXOknUbzBM,50013,-9.73056878166005,2.816
train,pretrain,AQa3kUJPEko,00001,0,pretrain,l5Bbg96VODk,00017,-1.6194751811521506,4.544
train,pretrain,TuD3IerTOms,00023,0,pretrain,0i7Loopex8w,00008,-4.508835561056086,9.856
train,pretrain,Qa2HpQI1Ufg,00019,0,pretrain,xLuMcYn8Yk0,00003,6.399783100875581,3.2
train,pretrain,2Yt6rajSS1M,00007,0,pretrain,av3SCLBU7sI,00011,-6.453075154892272,15.872
train,pretrain,7CIq4mtiamY,00012,0,pretrain,jKl0tb3VmfQ,00003,-0.4485706925642319,7.68
train,pretrain,nx3GuO41Jyg,00031,0,pretrain,RgqtrlixYR4,00024,1.611925737979405,3.84
train,trainval,9EglK8Mk18o,50034,0,pretrain,ohGMgSLJCjs,00014,9.906869971788186,2.752
train,pretrain,pcNxS2i7SvQ,00004,0,pretrain,QAd54DkXCr4,00015,4.920615488476924,8.896
train,pretrain,jMVAgCPYYHY,00019,0,pretrain,mw2z9lV3W1g,00014,-0.9168575042773455,3.136
train,pretrain,pvqgsvA2XiQ,00003,0,pretrain,y8qc8Aa3weE,00038,0.8758673031430355,4.928
train,pretrain,n8eyF4UWG38,00007,0,pretrain,DW5YctpK7pM,00009,-9.1423231785714,8.0
train,pretrain,LyOgVtNtEb4,00004,0,pretrain,WQG8EJTY48M,00015,1.6835091914889233,6.4
train,pretrain,ELET24AHnEg,00014,0,pretrain,XAvE61JqkQs,00027,-0.5800084683290372,4.288
train,pretrain,whjLZogf9e0,00021,0,pretrain,1HIxnTruN78,00013,-4.872166606239425,4.032
train,pretrain,FjibavNwOUI,00022,0,pretrain,b2qM1ISJCEQ,00039,4.901754874266997,8.768
train,trainval,o9NUy12lgs4,50001,0,pretrain,iUbfRzxNy20,00003,-9.331068467443384,3.2
train,pretrain,oimk352QvAg,00009,0,pretrain,ErexJkoDhGI,00032,2.4917650338019506,9.28
train,pretrain,y8ZMviYx9aY,00002,0,trainval,v3oSF94S4FI,50010,-1.731396951162548,2.112
train,pretrain,gVLu99Ja2mA,00033,0,pretrain,43e6eAAeGCs,00024,-3.35951660598967,5.632
train,pretrain,OibJT7GSwyo,00017,0,pretrain,ZJPdJuhI03U,00020,6.143051568051597,4.928
train,pretrain,xx310zM3tLs,00014,0,pretrain,0z03xkwFbw4,00022,-9.036087721277049,2.688
train,pretrain,5pGWV4KBDUs,00004,0,pretrain,7udZ5ux0dYE,00024,5.6724325748100135,7.616
train,pretrain,CWU13rx44j8,00026,0,pretrain,3rbVQNTzCh8,00010,-7.487845268161328,12.16
train,pretrain,UfM7tSoqNDw,00020,0,pretrain,i1MRJrm9Gts,00014,9.662286021844594,6.08
train,pretrain,cfR6tiSWSAM,00022,0,trainval,4mFzIumKKsc,50001,-7.263237301448864,5.76
train,trainval,jpuDyGgIeh0,50004,0,pretrain,0x2SkWRB8SA,00024,7.784796265217288,3.776
train,pretrain,XoBSE2C1u0s,00005,0,pretrain,wOiKRVH0nQ8,00023,0.9057193339689107,3.392
train,pretrain,bSiGZPtWXzE,00007,0,trainval,cK74vhqzeeQ,50004,9.61797380122713,3.072
train,pretrain,gqpErbFnbiY,00004,0,pretrain,7n9IOH0NvyY,00005,-1.9187600530514715,4.928
train,pretrain,xjuY3lUfkK8,00008,0,pretrain,qmnVdzzAuQk,00012,0.2129994351727298,5.376
train,pretrain,U7fFCaHZvVk,00035,0,pretrain,AGivotqSrd0,00009,8.979673952030431,7.488
train,pretrain,gyPoqFcvt9w,00052,0,pretrain,j4yCdGB2NG4,00015,-7.7373843027405815,5.056
train,pretrain,anmktfGYw8k,00007,0,pretrain,eRQdAOrqvGg,00037,9.34649614192272,9.984
train,pretrain,mAw2JSJPJQ0,00003,0,trainval,mWA2uL8zXPI,50010,-6.835762475656139,6.08
train,pretrain,ogeGJS0GEF4,00023,0,pretrain,xRL2vVAa47I,00002,0.9174744354874704,4.416
train,pretrain,pMUv6UWkuWw,00024,0,trainval,x2sT9KoIISM,50003,-0.27601222138529735,3.392
train,pretrain,oPpE0AGqFuk,00034,0,pretrain,80GqbW1MmQM,00006,-8.047963142378832,5.696
train,pretrain,cQl6jUjFjp4,00010,0,pretrain,1G8dQQrlbbA,00004,5.859497524991879,12.992
train,pretrain,csnxJFQw98k,00005,0,pretrain,VHECIP6Tz0M,00012,-1.46663321761757,13.696
train,pretrain,23vKtqo2t4k,00002,0,trainval,28sa2zGgmwE,50011,-3.862765537523021,5.632
train,pretrain,zLNXIXingyU,00059,0,trainval,buHSvs7LFzw,50007,3.115549022469544,2.368
train,trainval,UCFg9bcW7Bk,50002,0,pretrain,xHwMV35yjoE,00002,-5.120353431111062,2.944
train,pretrain,JmCtZzSRztQ,00016,0,pretrain,hLltkCSG5dY,00002,6.216516661169315,42.688
train,pretrain,ptIecdCZ3dg,00035,0,pretrain,bRuU02haIK8,00004,6.7940657770585915,6.08
train,pretrain,IWjzT2l5C34,00029,0,trainval,oeL72c6scAs,50001,-9.384658414001002,6.016
train,pretrain,BFK2knjj4lQ,00010,0,pretrain,3XDdhbrg2kw,00010,8.01923851499593,4.032
train,pretrain,apbSsILLh28,00076,0,pretrain,BEcyzAcFFwU,00009,2.1241411908234937,15.296
train,pretrain,PY9DcIMGxMs,00049,0,pretrain,CV3XRRQB9PM,00005,-6.855467201009031,3.776
train,pretrain,SUkVcmKZyyQ,00031,0,pretrain,PL9wP3pAl7A,00013,3.1475665480580712,13.312
train,pretrain,uQGYr9bnktw,00007,0,pretrain,swI68y2oQ60,00006,1.811558665801094,3.328
train,pretrain,X9FFzWUInyA,00004,0,trainval,gZCgWmose3c,50004,-6.518687913537741,6.08
train,pretrain,Sf8j5LFv3nI,00023,0,pretrain,q1sk47FLAmg,00014,-3.5146548506385678,20.608
train,pretrain,jPyR3UDhOm4,00034,0,pretrain,nC06omDS0kA,00019,0.9355203430397285,4.864
train,trainval,dY7iATJVCso,50007,0,pretrain,23vKtqo2t4k,00017,7.3036883300508,4.288
train,pretrain,xMS9HlSSLSA,00021,0,pretrain,W4LYn4mIP18,00002,8.787534412597893,4.544
train,pretrain,MnT1xgZgkpk,00025,0,pretrain,6gSwRHScq6M,00076,-5.677895512268525,8.448
train,pretrain,PS6vDLq64gE,00028,0,pretrain,MEDgtjpycYg,00018,-6.649118910347274,5.376
train,pretrain,01GWGmg5jn8,00035,0,trainval,wsIrdxDJpSQ,50002,9.279613964315075,2.176
train,pretrain,t1ZSoufuQg4,00005,0,trainval,Zctk6MZaxMk,50014,-8.389791107347403,2.432
train,trainval,NiKtZgImdlY,50002,0,pretrain,AhKevstJyrc,00036,2.196918317279719,5.696
train,pretrain,ZOYoTup1t3A,00007,0,trainval,3qRtDnsnSwk,50007,-1.5935804435493228,2.432
train,pretrain,mPCDOij0bB0,00033,0,trainval,7LE4MoJS2po,50007,1.693418608306585,3.648
train,trainval,9EVEmZ2cSes,50006,0,pretrain,sa1iS1MqUy4,00005,-9.023605920009615,4.16
train,pretrain,JeHqgambbcI,00019,0,pretrain,Cqj0sgrNL10,00060,0.9451197726082015,8.896
train,pretrain,6VWPHKABRQA,00047,0,pretrain,E3SSSS5SFHQ,00002,5.562901159278917,6.016
train,pretrain,tNKdc6Lxcvo,00002,0,pretrain,ZqeASpsKn2E,00010,-9.032152776376904,5.504
train,trainval,9XFeW9dgyIs,50004,0,pretrain,M4soSZ9aSu0,00014,2.3712898553803043,3.52
train,pretrain,UQYoWwHg3qA,00002,0,pretrain,GkRn9Lp16UI,00036,-0.6287069111855565,8.32
train,pretrain,JSLUS3qLv0I,00002,0,pretrain,LMrzdkSYnYY,00010,-3.417766017832373,5.248
train,pretrain,ByuWS1bBwpc,00007,0,pretrain,55n9pHSA0O8,00051,7.464058317166543,12.416
train,pretrain,YhG1Bgbsj2w,00024,0,trainval,esugL07XANg,50012,-7.3782868308728595,6.208
train,pretrain,43e6eAAeGCs,00030,0,pretrain,Aetg4kJie0o,00017,-1.0716925730345022,14.016
train,pretrain,ScvI1jKxlTM,00016,0,pretrain,ultonpeO0ZA,00010,4.602642371490607,4.992
train,pretrain,ZChEFOGSn8Q,00059,0,pretrain,XebNxUE3ugA,00001,1.4187907811533194,3.968
train,pretrain,wMWYLgj1ydw,00011,0,pretrain,Qzmt2wQMhYo,00013,4.883609665970926,5.184
train,pretrain,7c5t6FkvUG0,00001,0,pretrain,OHBaOyaltpU,00011,3.7232905581644253,9.536
train,pretrain,K5wCfYujRdE,00041,0,pretrain,2L1R7OtJhWs,00033,-0.3088529534785316,5.44
train,pretrain,h0dSQDgl3gI,00015,0,pretrain,Qs9m8obl0AY,00004,-7.643696994455169,7.36
train,pretrain,RSl1ramE35s,00027,0,pretrain,lkzoQuzlW4M,00022,3.97985824608881,5.248
train,pretrain,JqokS3P1D9o,00012,0,pretrain,XAvE61JqkQs,00039,8.035718375998915,4.48
train,pretrain,wc3VhvgUtB8,00001,0,trainval,9y7YEmyzSDo,50008,9.296289807201386,5.376
train,pretrain,ZOYoTup1t3A,00011,0,pretrain,LlQXs0yofMs,00005,9.852497490287305,21.056
train,pretrain,U9cGdRNMdQQ,00009,0,trainval,XOU2ubWkoPw,50001,7.970459446452942,3.328
train,pretrain,anmktfGYw8k,00010,0,pretrain,hyHUVPG33QI,00035,-9.482146142269459,8.192
train,trainval,H74XsXCjKA8,50002,0,pretrain,5tUnSuoYKoE,00066,1.464937906399701,6.08
train,pretrain,YhG1Bgbsj2w,00007,0,pretrain,g2J6YOiLNr4,00036,0.6774289667800666,7.36
train,pretrain,gj3ZnKlHqxI,00023,0,pretrain,7p4zw4SqgUw,00015,4.343578837958788,6.72
train,pretrain,WIebxoTx408,00014,0,trainval,JVwLjC5etEQ,50007,2.882213973388092,3.2
train,pretrain,eCknUJJc3qU,00002,0,pretrain,v22SdEMzxO4,00018,-4.4435226622504365,7.616
train,pretrain,Y9DsAmzNkWk,00016,0,pretrain,0z03xkwFbw4,00020,-7.817231997275775,8.768
train,pretrain,BLnOPA7oMxY,00005,0,pretrain,vVsXO9brK7M,00004,-2.24711442956139,3.136
train,pretrain,MAQihRikgZM,00001,0,pretrain,NwmGTM5Py8Y,00095,-5.451892162763967,3.328
train,pretrain,NXfYNdapq3Q,00001,0,pretrain,trxGZMm4nBQ,00007,-1.6198161473868549,9.344
train,trainval,OKIyDMaxh4w,50002,0,pretrain,FSNEIwDiCSw,00042,-9.58197085827955,2.368
train,pretrain,JvIbrDR1GSc,00017,0,pretrain,Kqm9AEvJgxU,00004,2.9626264475271373,7.936
train,pretrain,7hFy02TSH4U,00007,0,pretrain,CilXrSYMA8U,00005,-8.514989982350475,18.112
train,pretrain,QbxinUJcLGg,00022,0,pretrain,Tsw4JAof8Sk,00001,-6.873018476508241,16.704
train,pretrain,aQ8T4sySLxw,00001,0,pretrain,iNOE0dZpHcY,00020,2.89703936287915,4.416
train,pretrain,hha0NsYXS5c,00018,0,pretrain,B905LapVP7I,00006,7.998807553944729,4.288
train,pretrain,1yzoCFqKEhI,00017,0,trainval,X41iulkRqZU,50002,-3.78900443296809,3.52
train,pretrain,eMdh57x1UBQ,00017,0,trainval,cpsRAk5HpK4,50017,-4.344372101419012,3.392
train,pretrain,XX30i6nC7ro,00012,0,pretrain,0lYq5jXBfzE,00011,1.956572384526691,5.248
train,pretrain,iONu2ndDmHM,00001,0,pretrain,9SGSSQssNj4,00007,6.604443587320198,5.696
train,pretrain,xzT6iH2CX4k,00014,0,pretrain,0g2WE1qXiKM,00005,2.679701685682419,6.336
train,pretrain,96HHmILhyrE,00004,0,pretrain,2S0aEezKvBE,00002,-1.639905804395772,5.056
train,pretrain,imhUmLtlZpw,00013,0,pretrain,aS1UEAGCo30,00007,6.45438218911961,6.208
train,pretrain,yq3TQoMjXTw,00023,0,pretrain,2JSZ66uMRwc,00017,2.802704023036105,5.76
train,pretrain,G2Y6Am46eVU,00038,0,pretrain,JGVU8n7jjHc,00018,-0.5103757950636094,4.864
train,pretrain,Rv9SwZWVkOs,00007,0,pretrain,0NV1KdWRHck,00023,-5.07836581817096,5.696
train,pretrain,IQDrStvBt9s,00034,0,trainval,sgTjCpBOeCU,50007,5.34416860071879,4.288
train,pretrain,aSLSiIskEFU,00006,0,pretrain,Cv8ttNerBEg,00009,-2.4259062805584612,6.848
train,pretrain,bpi6us7wQfE,00006,0,pretrain,FTUpFYo0rMI,00001,-6.156460278386529,8.128
train,pretrain,OibJT7GSwyo,00039,0,trainval,qtcWebAYmKY,50002,3.405982906546466,6.208
train,pretrain,w7T7KSNJ8m0,00011,0,pretrain,EBKSa94IFHY,00021,9.821137777942916,6.016
train,pretrain,lwz8KvS9NRA,00029,0,pretrain,150cqgYh8sQ,00017,0.37601637980712965,5.696
train,pretrain,hBtXiTumdY0,00002,0,pretrain,OEydHbngSz0,00018,1.2600782327213835,8.064
train,pretrain,F73O3Sim0Wo,00018,0,pretrain,c6mhFgAjqwA,00031,9.947771410161558,15.36
train,pretrain,hHEVMhHDP1E,00010,0,pretrain,mj0CWrSB7E8,00016,9.351781079276162,16.128
train,pretrain,SQe8cR4Jl10,00006,0,pretrain,MS4x6G0zzeg,00007,7.569186198839251,5.696
train,trainval,2dRlssVF7fc,50003,0,pretrain,RSl1ramE35s,00006,-7.5074247844031134,5.76
train,pretrain,A3yBxsDv8lM,00011,0,pretrain,b2LbuqoNGGI,00021,-7.492963459099311,4.416
train,pretrain,EmuzDrI7TM0,00014,0,pretrain,fDV4fDWUo6U,00016,7.119135364909134,4.608
train,pretrain,g985z9Wq5gk,00004,0,trainval,6bVhrpkp0WU,50025,-8.447102631810672,3.968
train,pretrain,bk65ivyQZy8,00008,0,pretrain,iYwAMccbhYs,00005,-9.062033531358162,7.168
train,pretrain,aT6vIq6S1OE,00001,0,pretrain,WWloIAQpMcQ,00022,-3.716653098298033,4.416
train,pretrain,tMQ4OxOxgrc,00014,0,pretrain,YJM6WUNDnhA,00017,-5.535152490201698,4.16
train,pretrain,8t987Lxt1t4,00002,0,pretrain,JcCQS4YiTb8,00006,9.182390311816533,8.0
train,pretrain,y8qc8Aa3weE,00015,0,trainval,YhG1Bgbsj2w,50006,3.28602855433137,3.52
train,pretrain,9H38oQBw2HU,00019,0,trainval,AzcMEwAxSP8,50008,5.318756749241382,4.288
train,pretrain,93fJ33L9OKw,00002,0,pretrain,ukS8T7p2WMQ,00009,-7.617183697543693,5.952
train,pretrain,niASMK9RoAI,00001,0,pretrain,QeAGu40vZzI,00004,-6.580374273609088,4.992
train,pretrain,dOOtM7ZpAS8,00034,0,pretrain,wtvhqeVoeqI,00021,0.11537057638225434,4.16
train,pretrain,5aH2Ppjpcho,00021,0,pretrain,WQG8EJTY48M,00006,-9.74091167447816,12.032
train,pretrain,0g2WE1qXiKM,00002,0,pretrain,f6nQJoEk7Ko,00003,6.081276026552427,9.92
train,trainval,Itmu78W9cOI,50003,0,trainval,j4LSwZ05laQ,50002,-9.45280811804362,4.352
train,pretrain,lYdk1NK9Sr0,00032,0,pretrain,rkKDvGA2UU0,00009,9.909447922126478,6.4
train,pretrain,EhM56Fk2aFk,00037,0,pretrain,XzDNfLnUOYY,00001,7.682938808624048,10.048
train,pretrain,23Uuehgmd14,00008,0,trainval,iGHzqmnGH4A,50001,-4.636766791449299,3.648
train,pretrain,CzgS9C7gw0o,00020,0,pretrain,I9tB6Q5bmcQ,00021,4.129451952943464,7.936
train,pretrain,88SlA2EZxtY,00022,0,pretrain,Fom14XGMFHA,00010,-2.3070104403157643,5.888
train,trainval,ygRNoieAnzI,50007,0,pretrain,jKl0tb3VmfQ,00003,-4.984004232639094,4.416
train,pretrain,u5GCetbP7Fg,00054,0,pretrain,F5FYYV59Eew,00014,-0.20364428278530156,4.352
train,pretrain,Y6U728AZnV0,00001,0,pretrain,8etnSTnX92g,00012,8.233335048341853,7.04
train,pretrain,eD9F5HdyKqU,00017,0,pretrain,k9fmJ5xQSmc,00010,-6.191804474902307,5.568
train,pretrain,FN0fjOsJIxk,00015,0,pretrain,Q80MfH7xPPE,00030,-2.3047030096712096,5.376
train,pretrain,vUQLN4o63SY,00015,0,pretrain,vRK7KKQH9Ck,00009,-1.9039944902287882,7.296
train,trainval,u7SWcQaoaRQ,50007,0,trainval,gZga0AmCGdE,50022,-6.605966828757753,2.56
train,pretrain,arj7oStGLkU,00018,0,pretrain,Qa2HpQI1Ufg,00011,2.137946683301365,3.712
train,pretrain,jSS03JfgHEA,00037,0,trainval,O6jrLgvCUNs,50004,-5.688179158147541,3.456
train,pretrain,kYZqyjzuaOw,00013,0,pretrain,9h2dFSIsH0I,00032,8.392142142785705,11.52
train,pretrain,Ydj28CDrHV4,00022,0,pretrain,esPRsTSlmw8,00033,7.226022370634016,16.576
train,pretrain,EDLWWP8N6MU,00019,0,pretrain,joyi6anTSFQ,00012,2.957915381238326,9.088
train,pretrain,FVSc2FnPnDE,00028,0,pretrain,ty5QtslaAHM,00005,-6.483571266437926,10.496
train,pretrain,38OUCtzkT4Q,00013,0,pretrain,KkyzYjPuxK8,00016,-9.556760856095623,11.2
train,pretrain,ZuCX92wuw2g,00013,0,pretrain,M3mnUMmUAHQ,00034,1.2896916210344411,4.608
train,pretrain,1IxIDGyISzk,00005,0,pretrain,JDDGhGiaAZU,00023,-7.178390229724842,11.328
train,pretrain,TureGeSxSew,00001,0,pretrain,OibJT7GSwyo,00038,8.303355439273933,4.928
train,trainval,jv8m8rycnQs,50006,0,trainval,3sUWSDHOVn0,50011,9.05760690763044,2.688
train,pretrain,DeUDQo1sYAw,00026,0,pretrain,kSxhDZaLyVQ,00018,-3.945146979316563,16.192
train,pretrain,wJxSRo564Dc,00006,0,pretrain,p0p45l9NMto,00007,7.415885856876205,8.128
train,pretrain,tbvUCrS5S5I,00012,0,pretrain,T9vLHFza8Uc,00018,-0.22592575650696745,8.128
train,pretrain,hupHAPF1fHY,00009,0,pretrain,9SGSSQssNj4,00029,8.430258029304717,5.248
train,pretrain,YraU52j3y8s,00080,0,pretrain,BwC4WRKi5QY,00015,-6.9919299946723275,4.48
train,pretrain,MOFdlEbu15g,00036,0,pretrain,rWhLSORCwW0,00007,5.962400390359306,4.288
train,pretrain,vHhn7z6BA0w,00028,0,pretrain,SS3qnZrVy9o,00021,-4.565965201822788,14.72
train,pretrain,qdiF1fSGfyM,00021,0,pretrain,SMTRxRO5SRA,00011,0.9252307593480058,4.992
train,pretrain,9ebJlcZMx3c,00036,0,pretrain,SCCG81UbruY,00015,-6.096451477129414,8.768
train,pretrain,J6ZzmqDMhi0,00011,0,pretrain,WXOd4qh3JKk,00022,3.342267385862563,22.72
train,pretrain,MwzqSswl4cI,00018,0,pretrain,Rz8m1yDE0ms,00010,-9.805505395136597,5.44
train,pretrain,KQEWc3LVfyc,00055,0,trainval,5OISkgjSjkA,50007,-4.716395947183976,5.952
train,trainval,3lxyiS3CGrk,50004,0,pretrain,5HL1BEC024g,00037,-6.046964432246124,3.008
train,pretrain,FEeTLopLkEo,00028,0,pretrain,VM6HZqQKhok,00036,9.94303609251557,7.296
train,pretrain,DWZsOe1j2w0,00014,0,pretrain,SB1JmOerYmY,00005,-5.761896545398553,8.64
train,pretrain,cMXFiYhm79g,00001,0,pretrain,V48M5jS6zdE,00007,8.518720126691626,4.416
train,pretrain,ts9JpM0gHMU,00050,0,pretrain,LGtNFHtM81A,00002,4.417572843131456,10.688
train,pretrain,S3SnIMZ43EQ,00040,0,pretrain,SFOCpMAww28,00013,0.10896922272098664,7.68
train,pretrain,jeOumyTMCI8,00024,0,pretrain,hz2ONnzRANs,00015,6.860084018773769,11.328
train,pretrain,breDQqrkikM,00002,0,pretrain,v8YoSPXN7UA,00018,3.586738542455814,4.992
train,pretrain,qFOooWq2inA,00010,0,pretrain,KU0zEEDRKXo,00003,-0.3474140079230459,3.52
train,pretrain,xP4w2DMscGw,00003,0,pretrain,LS3wMC2BpxU,00011,0.21024585968684306,4.48
train,pretrain,x3AwnkR92EA,00018,0,pretrain,E6atIJ8RDzU,00014,4.121747240743542,4.096
train,pretrain,HJqtUUDhaxA,00011,0,pretrain,04SEzifEsGg,00060,-6.52880977924545,7.936
train,pretrain,JD4O7ama3o8,00019,0,pretrain,deT1mILtFEY,00006,-0.38082817203107666,9.472
train,trainval,BMOjVYgYaG8,50001,0,pretrain,Yagdvqn2YMU,00019,4.851557634443752,3.328
train,pretrain,JLLpWtHbMAo,00012,0,pretrain,HfuZJVpNWR4,00005,2.7878863073118403,5.888
train,pretrain,SsnWLZvRNZc,00009,0,pretrain,yVwAodrjZMY,00023,9.586688992200653,3.968
train,pretrain,5sS3Yjh9Lw4,00031,0,pretrain,FdHJw0veVNY,00033,6.987762562874401,4.416
train,pretrain,1cQbMP3I5Sk,00015,0,pretrain,lWnrS99DNeE,00005,8.497100618795074,4.288
train,pretrain,ol1b5mMeP7s,00009,0,trainval,J6tgYBMXR6s,50022,-1.663678014378272,4.16
train,pretrain,PyXZvuxDkC4,00003,0,pretrain,mArrNRWQEso,00060,6.238786004842375,4.48
train,pretrain,cj5LZBmiQu4,00011,0,trainval,W4I68CGUV3w,50039,9.382597244268752,5.696
train,pretrain,SgYvy71CSSA,00020,0,pretrain,ScGSlv9dCeY,00002,3.363806962891543,6.464
train,pretrain,1QX7aoxSTAQ,00019,0,pretrain,SRKgDP1YPUo,00002,6.7411212765257105,18.048
train,pretrain,GkRn9Lp16UI,00007,0,pretrain,DG7kSeazMQ4,00042,-3.647590567117909,8.896
train,pretrain,omGbKQIzoWY,00014,0,pretrain,wVGjQSnLg4Y,00019,9.29183537266126,7.168
train,pretrain,ZxVJt6vQWV8,00004,0,pretrain,ZCRC5S0kfiw,00024,-3.4234280959319268,4.096
train,pretrain,I9tB6Q5bmcQ,00007,0,trainval,cxGWGohIXiw,50006,-5.116490406020857,5.76
train,pretrain,njESlZa2b10,00006,0,pretrain,wNokfBHccVI,00005,4.960804366183245,9.92
train,trainval,by3NnWvSCj8,50002,0,pretrain,c0Z7KeNCi7g,00004,-6.446043517302382,2.112
train,pretrain,vVsXO9brK7M,00005,0,pretrain,F2SIP2nSEoc,00004,-0.5897889962188749,3.776
train,pretrain,MDL85fzdc1g,00023,0,pretrain,OaGEMSRms48,00013,2.8287294329654067,10.816
train,pretrain,KkYuhwr3esg,00001,0,trainval,i0a61wFaF8A,50001,-8.041781691223129,2.048
train,pretrain,UkLWzSxAQJU,00003,0,pretrain,I4PU2JlhO80,00001,3.4791171380770862,7.808
train,trainval,dY9f9bFctUE,50006,0,pretrain,6qTfX4U6CS0,00020,-5.411133131887842,6.144
train,trainval,HSzqFSOft20,50006,0,pretrain,xjuY3lUfkK8,00009,7.26569540005293,2.816
train,pretrain,EDLWWP8N6MU,00022,0,pretrain,5EORxJsoUJQ,00013,0.8827931391927102,5.312
train,pretrain,Ka70SHb1wFE,00015,0,trainval,G1RRbupCxi0,50021,1.2851009389342138,5.888
train,pretrain,CTEhgUmSrro,00013,0,pretrain,5SOHiN8Ne58,00013,-8.165536383090828,11.648
train,pretrain,SFW0TEFKCxk,00018,0,trainval,NMQGa6grfeE,50004,1.4412720500005154,6.208
train,pretrain,9YR8jNtV4BE,00030,0,pretrain,rSQNi5sAwuc,00003,-5.705763949681096,6.72
train,trainval,Tu01sNfs5SQ,50001,0,pretrain,zSXchYY3bnU,00017,-5.419838860701935,2.944
train,pretrain,KNXOVpN8Wgg,00032,0,pretrain,6JxRxBqQLKA,00007,-3.5994666389917125,5.12
train,pretrain,S0hxl03JoA0,00015,0,pretrain,HQzXqjT0w3k,00028,5.284427946084859,9.152
train,trainval,lyu7v7nWzfo,50012,0,trainval,IMTcuU0KLSw,50010,-1.2013545592461572,6.08
train,trainval,InukG97C8wY,50003,0,pretrain,sBsuIAscshE,00033,5.27596330176366,5.44
train,pretrain,VLze6W7SvyY,00003,0,pretrain,aMrCYPCsLUk,00012,1.252588246576158,7.296
train,pretrain,Z41BTeAU7DI,00021,0,pretrain,k5hspA18IU0,00009,-1.2061546354750305,20.288
train,pretrain,PGsQwAu3PzU,00015,0,pretrain,bGBamfWasNQ,00013,0.15344855212633846,4.928
train,trainval,4O2JKS94g3Y,50001,0,pretrain,8Dv2Hdf5TRg,00012,5.428341288801883,2.368
train,trainval,1yVdhRyTxaM,50003,0,pretrain,1CdmpHLSZRU,00007,0.48665164867644606,6.208
train,pretrain,chXKZC4D42k,00005,0,pretrain,Hh09xlzxRmE,00021,-2.803808649817059,10.176
train,pretrain,GZyjTPEufLk,00008,0,pretrain,BDOSUiEh0eY,00014,-7.212931847356037,5.12
train,pretrain,8FKYe2v0teI,00015,0,pretrain,gzcwS02ZB1o,00019,-3.3129581764893974,8.064
train,pretrain,Y0GHWogx0eg,00023,0,pretrain,r9LelXa3USI,00024,1.0359474618583349,3.776
train,pretrain,7JVTirBEfho,00019,0,pretrain,MS4x6G0zzeg,00034,-2.481559165609317,3.328
train,pretrain,GcJxRqTs5nk,00011,0,trainval,VoCOzuWOgSY,50013,1.6620040160898384,5.824
train,trainval,b4kSKPELNcc,50002,0,pretrain,O6jrLgvCUNs,00013,-3.7739376812635435,3.712
train,pretrain,Qj4xf3U8dh8,00003,0,pretrain,JSuTsrxfYWQ,00049,-0.27634064781215883,4.8
train,pretrain,Cqj0sgrNL10,00017,0,pretrain,5pXelS1clHs,00004,0.43349933134330065,4.288
train,pretrain,xnovQVRHj5c,00057,0,pretrain,49aWAHqi200,00038,1.4577842866703694,14.08
train,pretrain,syqScVtnKuU,00074,0,pretrain,XAvE61JqkQs,00045,2.3373180427239646,5.248
train,pretrain,SDjLpMj3BDU,00022,0,pretrain,AHcTWlxWzpE,00001,-9.021447423133752,12.8
train,pretrain,Ka70SHb1wFE,00002,0,pretrain,o4Nno6POrwE,00017,-0.3898511128587181,4.416
train,trainval,EiTrl0W1QrM,50010,0,pretrain,fHfhorJnAEI,00013,-9.07974225577596,3.456
train,pretrain,Y350oOiunf4,00009,0,pretrain,uYaF8pSTNSU,00030,-8.481195607659453,6.592
train,trainval,2BogtvaCWvI,50002,0,pretrain,2Num0P3H7lU,00004,3.7208202160900505,2.24
train,trainval,OLHh9E5ilZ4,50005,0,trainval,SvZXgApsPCQ,50026,-5.780009813438049,2.048
train,trainval,h4MhbkWJzKk,50002,0,pretrain,MvMUMShuMaI,00031,1.198076338180357,2.496
train,pretrain,9KACXVScWS4,00055,0,pretrain,Xv2gHiX9Bqw,00023,-2.462962028515041,6.4
train,pretrain,lXQ4HSMp1OA,00008,0,trainval,a5xR4QB1ADw,50004,7.8379610461252405,5.44
train,pretrain,oIGBBPspTKM,00055,0,pretrain,IRVdiHu1VCc,00066,0.6013720809053744,5.824
train,pretrain,ufp5iGh0agA,00034,0,pretrain,bRCo1Wxksfg,00005,6.528473093021461,12.16
train,pretrain,NR33yerZgso,00008,0,pretrain,eLz9TvxGoKs,00031,3.290460894342848,9.92
train,pretrain,UGtFXtnWME4,00035,0,pretrain,JeHqgambbcI,00005,4.005955351060756,4.16
train,pretrain,VLze6W7SvyY,00003,0,pretrain,MacRhth2lMM,00004,-3.590905951875416,7.296
train,trainval,jSS03JfgHEA,50010,0,pretrain,HlnhCdujYco,00011,4.185525454514778,4.544
train,pretrain,7Z9xCX4ifJo,00042,0,pretrain,LCuAu67OCDk,00013,4.052348391637128,8.896
train,pretrain,PVXQUItNEDQ,00024,0,pretrain,dXqPaHQp4Xw,00004,6.131010893824108,16.192
train,trainval,mxmT10Hk8IM,50011,0,trainval,Mr8nvXvlSy8,50028,-0.4837335384860193,2.176
train,pretrain,LsESSyMnwmU,00013,0,pretrain,v3oSF94S4FI,00024,2.2995390981278074,4.608
train,pretrain,cI9vSC1eQ18,00033,0,pretrain,8iQnrM3DkVI,00023,-7.276580673158679,4.736
train,pretrain,JcCQS4YiTb8,00011,0,pretrain,nLtUl2CP8ak,00058,2.197946587279434,11.392
train,pretrain,CS9f7Qq4YZc,00017,0,pretrain,eGoSdLNceEk,00029,-2.8980019694279253,8.96
train,trainval,3OMgvtWNHp4,50006,0,pretrain,o08ykAqLOxk,00042,3.333063097054511,4.8
train,pretrain,zXSrqdSohyA,00006,0,pretrain,YhG1Bgbsj2w,00015,4.0487745593551665,6.016
train,pretrain,axRSF7ku0Zg,00011,0,pretrain,qtAZbSZESOU,00009,-2.474232706853254,7.808
train,trainval,e8JK3qVGuUg,50004,0,pretrain,7NJhq163t78,00010,-5.017621727391967,4.608
train,pretrain,PyXZvuxDkC4,00019,0,trainval,Mlt6kaNjoeI,50001,8.058705299736594,2.24
train,pretrain,Ztgadh2C3So,00015,0,pretrain,0Sdja9Ys4Sg,00003,-0.3005621690127409,5.056
train,pretrain,ShFk6FDrZBc,00022,0,pretrain,Y81rCiw1LPY,00001,-8.019810335646076,3.84
train,trainval,7SfRgg9botI,50010,0,pretrain,2mU8xezh7rQ,00001,-5.056988482370935,4.288
train,trainval,DqsvwHG9cSM,50004,0,pretrain,1X8b7mXImVM,00017,-3.2180379349491206,5.76
train,pretrain,gPEECGFJFb8,00002,0,pretrain,gBkIyJ7kfSI,00065,-8.99561174250392,10.688
train,trainval,VfKWd7iXMSo,50015,0,pretrain,oXbhTHaMwTw,00018,4.40572801852376,6.016
train,trainval,W4I68CGUV3w,50021,0,pretrain,RxyQNEVOElU,00019,-0.3082164816229671,5.888
train,trainval,QekbuidfQKo,50022,0,pretrain,cGrFSZYPAyk,00006,-7.580244514099343,4.224
train,pretrain,Cu3ILSqFJJQ,00002,0,pretrain,Tsw4JAof8Sk,00011,-4.100129933672772,31.488
train,pretrain,5pW2b1vwwf4,00041,0,pretrain,lO1P6lCNnyo,00002,7.448794802077348,7.36
train,pretrain,SS3qnZrVy9o,00011,0,pretrain,X03jYXszD3Q,00009,-3.0681164818641875,4.352
train,pretrain,FLbXrNGVXfE,00002,0,pretrain,YiXdS9DFCOQ,00009,-3.5720518957991683,7.296
train,pretrain,u9Lu85L111Y,00017,0,pretrain,JtSjYnXD83Q,00011,9.836900076058164,5.056
train,pretrain,SU1foLW8h54,00009,0,pretrain,ufUkAQOQaXU,00021,-1.2281077232641593,3.712
train,pretrain,2jTdZSPBRRE,00008,0,trainval,ImmtTHYU5GQ,50054,-1.830687528932307,3.84
train,pretrain,weyd0UMdP7g,00017,0,trainval,OF5VVrsnpzo,50010,8.797742479865658,2.368
train,pretrain,f8U2GwInI9o,00033,0,pretrain,pcSlowAhvUk,00008,-1.5661614349927007,6.272
train,pretrain,6xsvGYIxJok,00020,0,pretrain,HgRJNsTb08Q,00012,1.25128943870968,4.608
train,pretrain,rzbtSeVZeEE,00014,0,pretrain,AbqsMDfX9Ig,00011,5.068971954754993,3.84
train,pretrain,aSLSiIskEFU,00005,0,pretrain,ts5MKtXNpMQ,00024,7.942107109116169,6.4
train,pretrain,S6pLPVfKFoQ,00049,0,trainval,0FQXicAGy5U,50007,0.36042666306200033,5.888
train,pretrain,y7S4yQRCYHE,00003,0,pretrain,RsiLLNziScM,00024,-0.14445501745952072,4.736
train,pretrain,iCvmsMzlF7o,00016,0,pretrain,z9sa2ZAqHl0,00028,8.766047024005847,3.712
train,trainval,Cqj0sgrNL10,50006,0,pretrain,S7rSSd1fiUc,00009,8.186821700469157,5.12
train,pretrain,SmoW9jvvMr4,00029,0,pretrain,MgnnQ2CN6yY,00028,-4.77948764446144,8.256
train,pretrain,AkUcaludrcI,00004,0,pretrain,VHZKiSGNxWw,00003,-5.918544374578043,7.424
train,pretrain,MLvwTlbj1Y8,00025,0,pretrain,MywGrRvNkWQ,00020,8.18834766872141,5.632
train,pretrain,G8gJJuCdPSA,00016,0,pretrain,XKc9MJDeqj0,00019,-5.866608463049959,6.016
train,trainval,G8w4UQL6aI0,50001,0,pretrain,pbGLBjDhnSY,00017,8.511640823126896,2.368
train,pretrain,6VWPHKABRQA,00047,0,pretrain,4KhnSz9FPmU,00001,7.809082014610386,6.016
train,pretrain,5nwSjRA3kQA,00015,0,pretrain,2FASIuDTMjE,00023,-0.0657843516809109,2.816
train,pretrain,NP8xt8o4S5Q,00006,0,pretrain,wsIrdxDJpSQ,00019,2.9643518777636615,4.48
train,trainval,w3q89BTJj3o,50024,0,pretrain,GigYWy2UmOY,00017,1.420539374856137,4.16
train,trainval,lqbLSUhhyPk,50004,0,pretrain,PYSkd46RfVE,00048,-8.306596229595764,3.648
train,pretrain,SmQadYi4F14,00001,0,pretrain,oJfFMoAgbv8,00042,1.202592450770121,17.088
train,pretrain,SZSul0GzzM4,00023,0,pretrain,ec9GyxEUGec,00010,-9.400952908996343,7.232
train,pretrain,pn8p3rOaA5I,00030,0,pretrain,WNj1Y11tSx8,00032,9.750041831703768,6.016
train,pretrain,9h2dFSIsH0I,00023,0,pretrain,ESwp7HN9Zvs,00004,6.320052707236584,10.368
train,pretrain,UCFg9bcW7Bk,00036,0,pretrain,8sQ2p89P0Us,00005,9.203778870309804,5.888
train,pretrain,QgZfyTguSPM,00001,0,pretrain,fSErHToV8IU,00021,7.119367566932134,10.944
train,pretrain,KCr8s57hdzY,00027,0,trainval,6bVhrpkp0WU,50002,8.44112953401126,3.392
train,pretrain,ShY9QSdaReY,00028,0,pretrain,SJyE40koQyA,00010,-8.135862411280401,5.504
train,pretrain,LoXAAEy6YQU,00044,0,trainval,0OkOQhXhsIE,50007,-1.6670167871400814,4.48
train,pretrain,P65XdTlk4vA,00022,0,pretrain,XzDNfLnUOYY,00024,-2.1258977212397134,3.84
train,pretrain,izddjApSN4I,00010,0,pretrain,UwtYQFSJSQc,00035,-5.768260736545594,3.776
train,pretrain,d25l1aPz2kc,00008,0,pretrain,kWnsmzSSgdI,00016,5.958300807098109,3.712
train,pretrain,awtmTJW9ic8,00014,0,pretrain,N39xSWTPix0,00009,-9.408119879633478,10.88
train,pretrain,MqnbE5WRPEU,00005,0,pretrain,jdMv5x8SBuM,00030,-5.848697636168561,8.768
train,pretrain,hTAXEq6zLo8,00041,0,pretrain,jFG7jqJXbno,00010,-0.35353917987291794,3.52
train,pretrain,34a7UEzZdsA,00014,0,pretrain,mkdSXHXhCcw,00015,-1.6350284829650867,3.968
train,pretrain,drv3BP0Fdi8,00040,0,pretrain,iCvmsMzlF7o,00014,1.5829554136959008,4.16
train,pretrain,RBfdvib2irc,00006,0,pretrain,1LSE7KCN9xg,00009,5.0286462347508625,4.48
train,trainval,p7YRnLbmLGs,50013,0,pretrain,NtOoDN0ojxo,00019,-6.592119749515117,6.144
train,trainval,fSOupkS4VVo,50014,0,trainval,bGBamfWasNQ,50028,-3.4182418923806868,2.048
train,pretrain,2L1R7OtJhWs,00012,0,pretrain,b9fqIoZoQJE,00004,5.631711096665475,15.552
train,pretrain,C2SVEM19NHA,00015,0,trainval,ElJxUVJ8blw,50007,2.419729192310067,2.816
train,pretrain,K74JqctvM2g,00033,0,pretrain,sWnAtLt8kSs,00017,-5.734680837922044,6.08
train,pretrain,cMhPOiuDzBc,00012,0,pretrain,ZBrbHy7l3tg,00021,-1.4851115827467964,4.288
train,pretrain,SgYvy71CSSA,00021,0,pretrain,bf7BXwVeyWw,00056,-4.979412581564901,2.688
train,pretrain,CXSKrxq5eUI,00001,0,pretrain,erg8sDIYjmw,00012,-6.846508500290643,7.232
train,pretrain,hxJ8LELZCjo,00031,0,trainval,DEmjzXi2lfI,50003,-9.136491096638796,2.56
train,pretrain,uNQujCwCu88,00055,0,pretrain,uSUOduS5MPc,00026,-6.460723396217589,6.336
train,pretrain,2G0wQfUl9EU,00026,0,pretrain,Fr26scqsIwk,00027,6.124166939702366,4.48
train,pretrain,2MifgJqOm3Q,00008,0,trainval,BGRy5VUSLfI,50003,-6.056435029456657,4.544
train,pretrain,pGyOwnqpCKk,00005,0,pretrain,8wSOZFBcwZc,00025,5.034550771718813,6.976
train,pretrain,guXxy8LH2QM,00006,0,pretrain,9KACXVScWS4,00023,-4.883320076778932,6.4
train,pretrain,TDCYJ3Sgx2w,00004,0,pretrain,UGtFXtnWME4,00020,2.9643019764109226,4.48
train,trainval,sNV4yIyXXX0,50027,0,pretrain,iRSjlgWE9GQ,00034,7.79621976467077,2.624
train,pretrain,SQB9zNWw9MA,00025,0,pretrain,IXBalykzauE,00008,2.9335133692310205,5.76
train,pretrain,vcfrsYWFR78,00016,0,pretrain,kfAxGhOS3S8,00003,0.6824768323356505,4.416
train,pretrain,ttDM6ZtLUL4,00014,0,trainval,fwm3azuoLr4,50011,-7.523842191988164,5.248
train,pretrain,K0PJbPlZoNI,00010,0,pretrain,hSSmmlridUM,00010,2.8572415842857346,16.32
train,trainval,KsSSMh1QhMc,50007,0,pretrain,hvJ4KlVlqV8,00021,-3.3718397670785176,2.368
train,pretrain,bHLgTUV0XWI,00022,0,trainval,sHJZRPWXQ9s,50016,-4.3984286807086175,6.144
train,pretrain,EYgoqiX15Rw,00013,0,pretrain,qxmEpmCtM3o,00001,2.9559227719409797,8.128
train,trainval,lqbLSUhhyPk,50006,0,pretrain,aiDSQyFdd68,00016,-2.2125013378727427,2.88
train,trainval,2i0dGoh3VUg,50006,0,pretrain,nhrZHRqUaT0,00007,-7.6914512926130785,3.008
train,pretrain,xeFl0RE31x0,00014,0,pretrain,X6Zo53M0lcY,00003,8.166875749509352,3.52
train,trainval,wZ2TF8SPGQ4,50007,0,pretrain,wBObnvIZGwE,00002,4.818098776041243,3.2
train,pretrain,7Gp08e63q5c,00007,0,pretrain,weCFbknwZa8,00012,6.970218227995755,20.544
train,pretrain,o08ykAqLOxk,00010,0,pretrain,b2qM1ISJCEQ,00044,-3.19914906802925,4.992
train,pretrain,4a6ZRstYlgw,00040,0,pretrain,Rs5CDLgjSsI,00018,-1.5333553316494708,7.36
train,pretrain,S9O9vyJBQ6g,00008,0,pretrain,HonUUtuCSwM,00029,3.24455531975957,3.968
train,pretrain,oAl82gFMZis,00014,0,pretrain,rjECbQ1rSk0,00026,5.136694056603739,4.416
train,pretrain,mw2z9lV3W1g,00006,0,pretrain,cfNaMMItHAI,00002,-8.375331390031528,6.4
train,pretrain,potB0voQzNg,00053,0,pretrain,kLRanIhp2jg,00001,0.01454252444658266,8.256
train,pretrain,i73jKeE8h3A,00001,0,pretrain,CBphxhTY8mc,00001,3.9350158073657777,4.736
train,pretrain,3Z6x5t5A9so,00055,0,pretrain,LFJ9WAHowcg,00037,-2.9932191324394486,3.776
train,pretrain,qaue72D9pSI,00021,0,pretrain,0JGarsZE1rk,00018,-6.131371610365354,14.08
train,pretrain,boSGZ3qSAys,00035,0,pretrain,G17iMOw0ar8,00003,-9.251945367843737,5.824
train,pretrain,twG4mr6Jov0,00015,0,pretrain,X2et2KO8gcY,00025,4.164794772870241,4.48
train,pretrain,DJGreSgaOTc,00005,0,trainval,hVsnkRoYfX0,50008,-0.47239887804635217,4.032
train,pretrain,bSidnKdH5S4,00008,0,pretrain,5cQoGNEcc5Q,00008,8.355160814866405,14.464
train,pretrain,2JSZ66uMRwc,00003,0,pretrain,fwm3azuoLr4,00003,5.710141518083143,12.736
train,pretrain,cXbXNV9SZAg,00028,0,pretrain,9P73k8m3Ytw,00009,-1.6881546853150802,3.52
train,pretrain,s7R5Ty1XfqE,00001,0,trainval,SC3DVeWT09w,50037,-6.081435687934764,3.2
train,pretrain,wVGjQSnLg4Y,00018,0,pretrain,Hui5YHSD6Go,00012,-8.006416103902385,5.44
train,pretrain,ApGeDdIaxo8,00007,0,pretrain,0sYguTPLpHE,00075,-2.616285798281595,8.96
train,pretrain,HH3m1OSiOT0,00004,0,pretrain,MnT1xgZgkpk,00027,-3.834947919196434,5.76
train,pretrain,0ZhL7P7w3as,00036,0,pretrain,td1PbsV6B80,00008,-2.818531483329812,2.56
train,pretrain,vqPAdUeU6mQ,00019,0,pretrain,wmE8dQcZgB4,00034,-2.869327666092061,13.056
train,trainval,wDxjss7kHRw,50012,0,pretrain,EZSf3Fc0ZRA,00020,0.39189861845101426,6.208
train,pretrain,CpkXmtJOH84,00016,0,trainval,P2dlq8ZqjDM,50004,7.350909457500194,6.144
train,pretrain,ImQrUjlyHUg,00043,0,pretrain,zWxFhFZJDks,00019,-7.703262361690513,6.336
train,pretrain,dwU8eavPInw,00040,0,trainval,8XQ1onjXJK0,50004,-4.928141878806134,2.816
train,pretrain,HfMhU6qjVVM,00007,0,pretrain,J10EaonNV2A,00016,-2.750284056511645,9.92
train,pretrain,jodhovumkHQ,00021,0,pretrain,TdtoAQFStBk,00004,6.4214019834994716,4.096
train,pretrain,IRhl1lr0nJg,00012,0,trainval,7LcSdlVrg5M,50002,-3.0340788647212014,2.56
train,pretrain,lDq9SQxvsNU,00035,0,pretrain,j3qs0q4RBHY,00002,5.793682596404965,7.744
train,pretrain,IFF9iSgOO7w,00003,0,pretrain,jVcaTtJmRNs,00015,4.460119588098852,3.968
train,pretrain,akOe5SUsQ2o,00053,0,pretrain,BBSVLGf7zPI,00018,-8.826734393194348,5.44
train,pretrain,87vO1XhHuHI,00011,0,pretrain,9o5jAaZn2p0,00029,-9.263590177562895,4.288
train,pretrain,vcfrsYWFR78,00012,0,trainval,x8jdxSlf2Dw,50003,5.010642151820676,4.608
train,pretrain,jDy5j0c6TrU,00026,0,pretrain,fSmQIWnO3Ag,00018,-4.479977339364643,5.184
train,pretrain,AoAbPIbGLUo,00033,0,pretrain,6k8YBJ5sgko,00026,-9.217059590457275,17.088
train,pretrain,YraU52j3y8s,00038,0,pretrain,acJscdoP2a4,00030,-8.130726340508351,11.52
train,pretrain,n9ZSpccScW0,00010,0,pretrain,W3SRjJtd6Eo,00006,-3.6277107045608847,7.744
train,pretrain,arj7oStGLkU,00014,0,pretrain,8gSAkUOElsg,00020,-4.725510984006364,4.288
train,pretrain,AoAbPIbGLUo,00037,0,pretrain,u0VHC1SDOS8,00045,4.523636356680365,9.408
train,trainval,KTvSfeCRxe8,50042,0,trainval,1cJiAS6NSUI,50005,9.53388549108061,6.016
train,pretrain,RtRufOPFug0,00005,0,pretrain,3XDdhbrg2kw,00002,4.028898931228255,13.376
train,pretrain,JNSgdmKysxA,00016,0,pretrain,Ttshw4mELNk,00017,8.111924195437943,6.208
train,pretrain,BN9a8Ldy7Xc,00010,0,pretrain,DSSAz5nZBBM,00019,-9.854809689818634,4.288
train,pretrain,rokPqHc9iD0,00038,0,pretrain,z4vmzTZ7qLA,00032,-6.788486443643014,3.968
train,pretrain,x5mionzBMlA,00001,0,pretrain,9vKRj9yV8pI,00005,0.09112917179528424,5.12
train,pretrain,PY9DcIMGxMs,00011,0,pretrain,PGsQwAu3PzU,00014,0.08082646254510806,4.416
train,pretrain,a2MR5XbJtXU,00041,0,pretrain,9RTkZaX1cH0,00016,-4.202728290795341,9.216
train,pretrain,u0VHC1SDOS8,00030,0,pretrain,kWnsmzSSgdI,00016,-1.3550242728208044,3.712
train,pretrain,XAvE61JqkQs,00045,0,pretrain,MDL85fzdc1g,00006,-0.3113597853588157,5.248
train,pretrain,qu7ZpWecIS8,00035,0,pretrain,xpS7LMLkS5Y,00002,-1.825401257839296,5.376
train,trainval,jqWHy6B0ADA,50011,0,pretrain,BXlnrFpCu0c,00004,-6.075295479318637,5.248
train,pretrain,b6rAgHcuYtE,00033,0,pretrain,HH3m1OSiOT0,00006,-1.5058426161639726,4.16
train,pretrain,bzlYyhh3X0w,00009,0,pretrain,gj3ZnKlHqxI,00005,6.0372598720657,9.536
train,pretrain,xossR6eHv3I,00009,0,pretrain,mKkF6mAlX4k,00040,9.187928047422211,12.032
train,pretrain,5YL3LT1ZvOM,00027,0,pretrain,7FecGsXFgcQ,00017,-6.97153833851835,4.544
train,pretrain,w7rewjFNiys,00002,0,pretrain,syjEN3peCJw,00030,-8.152593832713514,8.576
train,pretrain,F1Kml3zuTco,00020,0,pretrain,lrZ2DJzbYYo,00003,2.705629064727317,11.776
train,pretrain,dciTrZxqbHE,00003,0,pretrain,PL9wP3pAl7A,00023,-3.9669875040784124,17.6
train,pretrain,j7c9b9A2AHc,00036,0,trainval,ye8sVvVJdg4,50001,2.469836851749603,2.816
train,pretrain,bGBamfWasNQ,00013,0,pretrain,uHnqvhWQMV0,00017,6.778435449901533,4.288
train,pretrain,WQ2PFoHptK8,00004,0,pretrain,3q3WOrs8kAM,00002,9.095453665128598,4.16
train,pretrain,iq5lXSj6Prg,00007,0,pretrain,V4Xw76SsHOM,00016,0.5094937366701693,3.2
train,pretrain,2G8C36aKnpU,00014,0,pretrain,dvuh1Np35Pk,00032,-2.333383399940743,3.84
train,pretrain,R84vqXjXWJc,00032,0,pretrain,gZpcTVqpaPw,00025,-7.836713577518559,4.288
train,pretrain,agNlsB530CI,00007,0,pretrain,Pr57T0RaSjc,00018,-9.48652389521245,5.12
train,pretrain,uU6o2SUFSEY,00012,0,pretrain,Gj2pWl1vjCY,00001,3.4194160773184024,3.328
train,pretrain,7sqeoYOQ4qg,00040,0,pretrain,KI3WJXNhCJ8,00020,-5.905639225827899,7.296
train,trainval,jzfV2xVsUKc,50007,0,pretrain,gWD6g9CVSsc,00013,0.7179754976892454,2.24
train,trainval,pmKNXZmfIMU,50003,0,pretrain,7npLVcymHGc,00009,4.945520372393631,5.76
train,pretrain,DShPct3oIow,00002,0,pretrain,cVSg6uQfllk,00002,4.417529157746316,3.712
train,pretrain,JoGCaI1HzYo,00001,0,pretrain,CSUmoS40pqA,00027,-2.3068033823775487,23.808
train,pretrain,YzhSmnGcSkE,00011,0,pretrain,y8qc8Aa3weE,00039,0.8546246331372451,5.568
train,pretrain,WbuIl6phdco,00048,0,pretrain,F0ofeD8VKMA,00016,-9.132161567484276,4.16
train,pretrain,asSNPOU5U3c,00002,0,trainval,ElJxUVJ8blw,50007,-4.487284325491478,2.816
train,trainval,ErexJkoDhGI,50003,0,pretrain,ux1GxExRUUY,00007,4.554070410803817,3.008
train,trainval,mGbMwP8MDjg,50007,0,pretrain,CzgS9C7gw0o,00005,4.19608553232651,5.44
train,pretrain,SjaWs87t5UM,00016,0,trainval,CFtsHf1lVI4,50008,-6.525521055933861,4.416
train,pretrain,DShPct3oIow,00001,0,trainval,8woKcr7uSYQ,50005,1.8127900838879025,2.944
train,pretrain,LwSzyoYlIsA,00014,0,pretrain,0N6cjPWqpSk,00009,-1.6420751913775682,7.936
train,pretrain,2g9GedPylM8,00023,0,pretrain,ANFQPEkczYc,00003,-1.9982906890604184,3.456
train,pretrain,bSZh8qdKaBc,00015,0,pretrain,xSUw0NiseBM,00023,-5.060030566846667,5.056
train,pretrain,oXSyMUeAEec,00005,0,pretrain,GMc8aSoCE30,00034,4.272186231510517,4.608
train,pretrain,3NdSVi38RM8,00001,0,trainval,Sm5xFSUYgdg,50004,-2.8630155030062543,2.496
train,pretrain,BCvzpm4d2gs,00024,0,trainval,oOE0kKteWkg,50005,9.874093985548747,5.888
train,pretrain,NcPusGLnqAc,00012,0,trainval,YL1XwfyaS00,50013,-1.2931567438092877,5.888
train,pretrain,gSUvy6pvLA4,00008,0,pretrain,lSYy6poJ2zs,00008,8.446088155372276,5.248
train,pretrain,j97WsAz3CDY,00009,0,pretrain,Sk0ywFgMpFk,00034,0.07332192044314212,5.056
train,pretrain,1EIQ6nSSXxk,00007,0,trainval,Xl6wxnnSStI,50011,2.261480147072163,3.776
train,pretrain,ydKcaIE6O1k,00002,0,trainval,DajRM7VyeZ4,50008,-8.110552265971535,3.456
train,pretrain,SGG97dDfZ7E,00019,0,pretrain,qH66lTtW4Hg,00012,2.5237886414473962,4.416
train,pretrain,LLmhQmicusM,00015,0,pretrain,p2MEGk5q1WI,00049,-4.648457723337589,4.544
train,trainval,ZLiUelSu7s8,50002,0,trainval,SJyE40koQyA,50010,-7.695598629076155,4.672
train,pretrain,0MD4Ymjyc2I,00038,0,pretrain,L2M15ZeTLxc,00004,8.14834286666299,7.296
train,pretrain,cQl6jUjFjp4,00018,0,trainval,nUdsTizSxSI,50020,1.0010910698260354,3.968
train,trainval,cj5LZBmiQu4,50041,0,pretrain,mT4Qbp89nIQ,00008,9.368780932239375,4.288
train,pretrain,uQGYr9bnktw,00004,0,trainval,56WGgJNBRxQ,50012,-1.643094564704823,6.08
train,pretrain,Xe2nlti47kA,00045,0,trainval,1YO1FmVAPrA,50015,8.969484259126588,2.944
train,pretrain,s7YsNStlRwI,00006,0,pretrain,ygKNRnz7q5o,00026,5.253598171666834,4.544
train,pretrain,YyuScSjkGSs,00005,0,pretrain,wZzHnZzmS58,00023,0.9888378238721973,4.736
train,trainval,ts9JpM0gHMU,50001,0,pretrain,mY2LIQbiGbo,00022,9.856069854067243,5.376
train,pretrain,acJscdoP2a4,00011,0,pretrain,6yR5OUVb2gY,00012,0.024829031352817665,5.248
train,pretrain,qCrVpRBBSvY,00009,0,pretrain,jSOPQgPIdKg,00047,3.163127168304465,4.608
train,pretrain,CbS6PPBJJB8,00019,0,pretrain,2t13Rq4oc7A,00045,6.093021509133607,6.144
train,pretrain,CVdPhUPO5YU,00004,0,pretrain,C8OqQ2lmsEo,00008,1.7844717512432524,3.648
train,pretrain,YhJPoyv8O3A,00024,0,pretrain,VC3H1lMEeS4,00006,-6.348831138450546,4.288
train,pretrain,2G0wQfUl9EU,00021,0,pretrain,TT6qWghHkFI,00019,-3.589351724603813,5.12
train,trainval,lwcvhh4pLjE,50017,0,pretrain,Mr8nvXvlSy8,00002,5.229571779130088,6.144
train,pretrain,2PR51JQkib4,00026,0,pretrain,Xw4K07eVuQE,00013,-4.615870411991465,8.064
train,trainval,HEFSHP2XE7E,50002,0,pretrain,LsESSyMnwmU,00049,-7.148177342371298,3.456
train,trainval,OGhbCC9mNM8,50003,0,pretrain,WOgSqHtTtHY,00002,0.4281906605286512,6.08
train,pretrain,yPGwA7t6bpI,00016,0,pretrain,gMNlRovT5x4,00020,2.1136304142684086,11.456
train,pretrain,LETgWDSSzSI,00014,0,trainval,bVV2Zk88beY,50007,5.658595582432573,6.016
train,pretrain,RKK7wGAYP6k,00025,0,pretrain,vNyZmSg92HI,00031,-4.554593755233545,9.088
train,pretrain,EBKSa94IFHY,00017,0,pretrain,TYFH0DSjyqc,00017,1.4936560746897598,4.736
train,pretrain,TFvkq4BAvnw,00014,0,pretrain,BBSVLGf7zPI,00011,-6.678634575116131,5.824
train,trainval,KTvSfeCRxe8,50013,0,pretrain,GROCkg810R0,00004,9.44450555430248,3.008
train,pretrain,lJGtXuCmZBM,00013,0,trainval,o8xWaNpSlbI,50002,3.9382661348136043,4.224
train,pretrain,8HplGZBS7FY,00011,0,trainval,vzi4AopBEBg,50016,2.697176670429606,6.08
train,pretrain,2mU8xezh7rQ,00018,0,trainval,BMOjVYgYaG8,50004,2.4676019071374284,6.08
train,pretrain,V1gxziZwmkc,00041,0,pretrain,lDq9SQxvsNU,00046,-6.063175446975775,5.696
train,pretrain,0GL5r3HVAZ0,00031,0,pretrain,qMppKiqMpAk,00006,-2.294767479485027,5.248
train,pretrain,n4EhJ898rSk,00026,0,pretrain,5OISkgjSjkA,00018,1.0103872744564626,5.952
train,trainval,1VRgmKiE0Js,50017,0,pretrain,FSNEIwDiCSw,00054,-9.022663107532763,6.016
train,pretrain,q06YIWCR2Js,00023,0,pretrain,H3TFShI7zKc,00018,3.8184850350658355,5.248
train,pretrain,Qj4xf3U8dh8,00006,0,pretrain,ISjk9ni4XWk,00020,-2.6344552758870794,7.488
train,trainval,0snNB1yS3IE,50004,0,pretrain,JeHqgambbcI,00020,-6.813651921859886,5.888
train,pretrain,Wj7hmzfX5eQ,00016,0,pretrain,txJGm6zhiBA,00020,0.338642360938195,3.136
train,pretrain,9KaMufF0rAY,00036,0,pretrain,cn9Q4c3dXGU,00019,8.591419410353545,7.424
train,pretrain,GB4s5b9NL3I,00045,0,pretrain,6SdtkXAQq3k,00001,1.6426466995113458,12.416
train,trainval,DajRM7VyeZ4,50005,0,pretrain,gB23pKmyIHM,00014,9.453929341072481,6.208
train,pretrain,c00zfzk4gdg,00018,0,pretrain,HXGwJevjOfs,00004,9.418107786724786,11.072
train,pretrain,j51HsRILGKI,00044,0,pretrain,jpeSLKnS4gM,00015,-4.218480110185623,5.888
train,pretrain,ZCS0MZuVBwE,00024,0,pretrain,EBebWBjpWIQ,00023,2.9287772592178367,11.52
train,pretrain,vPhM8lxibSU,00013,0,pretrain,CLSSiaFuLo4,00002,9.6532417805488,2.88
train,trainval,ue2ZEmTJSXo,50003,0,pretrain,FolCetXtYG0,00010,-1.122070620371309,2.368
train,pretrain,3qRtDnsnSwk,00015,0,pretrain,9H38oQBw2HU,00028,6.983175916373668,4.928
train,pretrain,xZUzRDfQVYk,00006,0,trainval,ZSRaJIMYSMs,50004,-5.261624534344893,4.608
train,pretrain,8XQ1onjXJK0,00017,0,pretrain,l1SdDWg7XBk,00006,4.27269018047703,9.984
train,pretrain,65e2qScVSK8,00019,0,pretrain,7CmqNpCofc8,00026,-8.200930558192187,3.776
train,pretrain,G5pvUaMgfC8,00006,0,pretrain,7SrGFfZMJ6Q,00011,6.501116481317432,8.896
train,pretrain,Erm4vP1vTn8,00001,0,pretrain,UqyOedEHIrw,00002,7.065444495212137,5.696
train,pretrain,5nys6iebjHw,00007,0,pretrain,VS5CCbyap5Q,00001,4.502045368523792,11.136
train,trainval,NVPxmzSPvUw,50014,0,pretrain,U9cGdRNMdQQ,00003,-0.45930341869553537,5.76
train,pretrain,4XESlSz0TLM,00015,0,pretrain,Pl8OlkkwRpc,00049,2.911773012674182,14.592
train,trainval,B4xOFsygwr4,50012,0,pretrain,KVjkFqS7Y6A,00018,2.1723949321177667,2.88
train,pretrain,0QbLI1U4cLE,00013,0,pretrain,qtcWebAYmKY,00004,-6.858152381518121,4.928
train,pretrain,ZVRbSuY3h9w,00009,0,pretrain,c4oW6PcOUtc,00005,0.41557709248530195,9.152
train,trainval,b6rAgHcuYtE,50007,0,pretrain,Pl8OlkkwRpc,00043,5.533910175440411,2.688
train,pretrain,8sQ2p89P0Us,00004,0,pretrain,NNHAgXy5dxQ,00001,-7.914303115354045,9.856
train,pretrain,hPsUXhXgWmI,00043,0,pretrain,WKlIytaSlu4,00011,-0.729163274279415,6.016
train,pretrain,bxkslfQc0EA,00046,0,pretrain,DqCsQqy9MyU,00012,4.425272078100539,6.4
train,pretrain,2j00U6lUCSc,00022,0,pretrain,WmJwn4WDeLE,00030,5.637135965745914,9.472
train,trainval,lO1P6lCNnyo,50020,0,trainval,osBbP6Om4Mg,50015,0.7545635348768727,5.888
train,pretrain,bCjfy8Z7dv8,00033,0,trainval,jpeSLKnS4gM,50007,-2.048546793307853,3.776
train,trainval,5s61n2MLGRQ,50003,0,pretrain,MOFdlEbu15g,00045,-8.502111732438024,2.688
train,trainval,abMQhaMdQu0,50024,0,pretrain,XzDNfLnUOYY,00047,-6.272985953981514,3.136
train,pretrain,w2itwFJCgFQ,00022,0,pretrain,w9xg5TAhuJc,00009,4.727968768014062,5.824
train,pretrain,2MYsx6WArKY,00021,0,trainval,WpEjt71l08I,50001,-2.108657241168874,2.752
train,pretrain,VbeovM4RCh4,00025,0,pretrain,okQXrB7ySAw,00035,-9.330496162238571,11.456
train,pretrain,56WGgJNBRxQ,00003,0,pretrain,VoCOzuWOgSY,00032,-1.3012887256532846,7.488
train,pretrain,0ZOqbO2jIKg,00021,0,pretrain,ww4kNxYE0c4,00027,-1.9547340708989243,8.512
train,pretrain,LuG2rf9enHE,00012,0,pretrain,JQ0iMulicgg,00001,-3.972622384260786,8.064
train,pretrain,YlmZkY1uqXM,00045,0,pretrain,gyM6rx69iqg,00001,-0.13368118950964103,4.992
train,pretrain,A27QjpQSIeo,00021,0,pretrain,IkJTwfHPv6A,00006,5.654974728368236,8.576
train,pretrain,jeOumyTMCI8,00003,0,pretrain,8Dv2Hdf5TRg,00028,-5.371408972917573,5.824
train,pretrain,LSGfqyhleUA,00021,0,pretrain,trxGZMm4nBQ,00020,-0.6801356567728867,6.016
train,pretrain,YVfR2sBWJ2E,00006,0,pretrain,8S6S5vZGSSk,00011,-1.4819311698033566,6.4
train,trainval,dvuh1Np35Pk,50001,0,pretrain,sDfhSIKFGz0,00016,2.7657126787029256,2.752
train,pretrain,8rzlrItooG4,00041,0,pretrain,r55a0FapF2M,00002,-4.757512907802055,17.856
train,pretrain,G9wIXAGzn1w,00002,0,trainval,mKkF6mAlX4k,50001,-7.664494106495832,4.416
train,pretrain,bp9KBrH8H04,00003,0,pretrain,PnMsSqLwaes,00013,6.041680804399018,3.456
train,pretrain,akOe5SUsQ2o,00015,0,pretrain,yyW9W3e9VD0,00013,1.1769076958645144,7.936
train,pretrain,es4w3WUcrN0,00015,0,trainval,lnigGtrwAfs,50002,6.071855342509373,2.112
train,pretrain,WvvuLDX7iIk,00010,0,pretrain,PENUoKd5Feo,00006,2.7946327029391043,10.944
train,pretrain,dE1DuBesGYM,00063,0,pretrain,3qXLZYXSJSI,00011,7.7501317941976104,7.488
train,pretrain,lWnrS99DNeE,00005,0,pretrain,3TXSNu5wTS8,00011,4.5598002269099585,4.288
train,pretrain,FzAyOddR5u4,00010,0,pretrain,P82edb1SCNs,00017,8.537208587565956,4.288
train,pretrain,4SY6Te9Y1ME,00006,0,pretrain,J9PgY1mbPgM,00018,1.247070527739849,4.928
train,trainval,9SQYDFiWnSs,50018,0,trainval,vGDZmSnSkfo,50010,5.135845502370222,3.776
train,trainval,oDtZi2SUm8Q,50002,0,pretrain,HlnhCdujYco,00017,1.7776053786553305,6.08
train,pretrain,uWfLwKHSEko,00060,0,pretrain,5tUnSuoYKoE,00016,5.378441179711926,4.032
train,pretrain,mgSx0q6AjdI,00001,0,trainval,jqWHy6B0ADA,50015,-2.386630212546108,6.08
train,pretrain,Ssl0043HgQU,00003,0,pretrain,hTAXEq6zLo8,00017,0.08512758016401634,4.416
train,pretrain,BSxI3YxAPW4,00022,0,pretrain,IeblJdB2SVo,00013,6.417669678031267,21.504
train,pretrain,LUO3jqMlWkE,00008,0,pretrain,IRxgDMSp9Gs,00031,-5.0103185054311306,3.648
train,pretrain,8jkri0AeZWQ,00005,0,pretrain,V1K3GvSKyJQ,00002,-0.5450561285926767,20.928
train,pretrain,nVEvzeIXbpk,00011,0,trainval,QhLLMBN57AU,50008,9.664035545781424,5.056
train,pretrain,GMc8aSoCE30,00003,0,trainval,mwrLVvORugw,50003,0.0511829464842517,2.176
train,pretrain,1gAQ82IHyZ8,00021,0,pretrain,2BOTS9GAjc4,00027,-8.07242182933239,4.416
train,pretrain,X1DlJpPqDFo,00022,0,pretrain,lxovD2LQVUQ,00025,-7.662661048121723,9.408
train,pretrain,bC0hlK7WGcM,00015,0,pretrain,jhOJ7DQo3ZU,00001,-0.6492588753048594,5.696
train,pretrain,NFIOuy3JSIQ,00002,0,pretrain,trxGZMm4nBQ,00033,9.671603430666838,6.208
train,pretrain,7hFy02TSH4U,00011,0,pretrain,1joQ8ZhX2o4,00015,6.237377529626389,9.536
train,pretrain,cOIJGGgaSIY,00017,0,trainval,VC3H1lMEeS4,50018,0.6500656375288667,4.16
train,pretrain,rSxVSM0KPo0,00024,0,trainval,sJKFyDbWVqA,50025,7.646456630308293,2.368
train,pretrain,lrZ2DJzbYYo,00005,0,pretrain,5sS3Yjh9Lw4,00040,-6.799954301627107,6.016
train,trainval,55n9pHSA0O8,50002,0,pretrain,buhMdC7MO0U,00018,9.544358798723348,6.144
train,pretrain,jpeSLKnS4gM,00057,0,pretrain,SMi3rHuK0c4,00012,-1.9675968852301633,4.288
train,pretrain,N9HF8mMe2pU,00001,0,trainval,mjUsobGWhs8,50001,1.9832353896569686,2.688
train,pretrain,7O7BMa9XGXE,00002,0,pretrain,2bvoJAfjWMM,00009,-2.7017369900751387,8.128
train,pretrain,YmRKlZEXVQM,00017,0,pretrain,5pXelS1clHs,00002,5.890648733519866,7.616
train,pretrain,kTz52RWSbD0,00034,0,pretrain,cotBM0laSSo,00006,-7.762948732924995,15.488
train,pretrain,klUoJxGv9wg,00013,0,pretrain,SKx2lfobPuU,00023,-4.526451244347946,6.656
train,pretrain,jguSkEMwrcc,00020,0,pretrain,TYFH0DSjyqc,00016,2.828783908004617,10.496
train,pretrain,svNcoU59IQ0,00002,0,pretrain,N9HF8mMe2pU,00042,3.8553847463666013,8.512
train,pretrain,jnS66SszwEs,00023,0,pretrain,Aa2JfigaNcs,00004,-5.2071337399457445,7.296
train,pretrain,3WCwBVprDuQ,00034,0,pretrain,K0PJbPlZoNI,00002,0.5618201317349563,12.544
train,trainval,1NG7FoC5XRo,50001,0,pretrain,nCwwVjPNloY,00006,-9.786576781548145,2.368
train,pretrain,q9Ou0cj3fF8,00031,0,pretrain,fSRWTyY2YSM,00022,-5.941027813971031,5.76
train,trainval,5K57kcs15DY,50026,0,pretrain,rmeGVhhbGrM,00041,7.610767956038142,3.136
train,pretrain,KyamsZXXF2w,00024,0,pretrain,OPASrQyKeLY,00002,-8.227120950757719,4.288
train,trainval,AGivotqSrd0,50011,0,pretrain,kTz52RWSbD0,00032,9.754675839826248,5.696
train,trainval,QBDShp6U7tU,50006,0,pretrain,iE7YRHxwoDs,00023,-2.5158896150501286,4.16
train,pretrain,OT9poHSD2Iw,00020,0,pretrain,0FkuRwU8HFc,00044,5.918771091914692,6.464
train,pretrain,P7n2rYt9wfU,00001,0,pretrain,59SRn1SkWAA,00010,-3.5428957428918224,3.008
train,pretrain,kfAxGhOS3S8,00009,0,pretrain,QfODW06Qi8E,00005,2.9727747781955767,15.808
train,pretrain,mLufqwmPl1A,00007,0,pretrain,ouXGIw7gBmk,00012,2.013547852915252,3.456
train,pretrain,87vO1XhHuHI,00007,0,pretrain,zvvZEIGNLo0,00018,7.264455084534692,6.656
train,pretrain,S7SXH1CBzGw,00025,0,pretrain,FzApYQDIXlg,00037,1.1735634074111942,5.056
train,pretrain,9EVEmZ2cSes,00030,0,pretrain,BXcFEhl7ynM,00017,-6.317261364135511,4.096
train,pretrain,4ShLkgv6LSk,00038,0,pretrain,6ePXxeGrfvQ,00007,-6.150500290896488,3.328
train,trainval,ulLFP8axZVQ,50015,0,pretrain,rN7VcY1fS1Q,00020,-0.07061482209988412,6.208
train,pretrain,Syi9bqfFIdY,00021,0,pretrain,lASzdhSbQBo,00021,1.5819931036830646,9.536
train,pretrain,Sf994ANuGIY,00033,0,pretrain,cswhOCKQZ7Q,00014,0.7730527075446485,6.208
train,pretrain,pVQdpofMhwU,00013,0,pretrain,MKKGS38vCO8,00030,-2.0936123457081113,6.272
train,pretrain,YPLGuwXomYQ,00024,0,pretrain,kdqUhTnAgJU,00016,9.42189678848326,8.064
train,pretrain,td5Ld3nURAI,00003,0,pretrain,dOt4NkcmIUg,00020,-7.006504443455328,8.576
train,pretrain,PfWGiu0jGv0,00013,0,pretrain,pcSlowAhvUk,00077,8.831923284776472,8.192
train,pretrain,O2OQxHNVLNY,00004,0,pretrain,DcKdClnpz4k,00052,8.058995346624247,3.456
train,trainval,eS44GSkE8lE,50004,0,pretrain,nOHbn8Q1fBM,00018,-9.171588525343262,4.608
train,trainval,mkdSXHXhCcw,50019,0,trainval,SKx2lfobPuU,50014,-0.39201377299849405,3.008
train,pretrain,wSHYZv6HzAs,00027,0,pretrain,dk60sYrU2RU,00010,-1.8929815835628752,6.208
train,pretrain,ogXTSCI7KRU,00001,0,pretrain,syqScVtnKuU,00005,5.519326210296125,10.368
train,trainval,7LE4MoJS2po,50002,0,pretrain,8qqLMFBGvWI,00012,1.7410186819376055,3.84
train,pretrain,46w99bZ3WSM,00002,0,pretrain,YXrEVQFtJm0,00016,3.536063308307435,5.568
train,pretrain,cWCSzDdF74s,00048,0,pretrain,tUAepQYyMY4,00026,-3.5334279460006934,4.16
train,pretrain,Oj8eFu72Sfc,00012,0,pretrain,jSdBXFkQ3S8,00023,-6.79987932099031,8.64
train,pretrain,YuEm03Ko0J8,00035,0,pretrain,PYjWLqEScfE,00006,3.176033087498201,7.296
train,pretrain,ZCS0MZuVBwE,00022,0,pretrain,ncwpzEoVZCk,00016,4.522070769317125,3.776
train,pretrain,TFvkq4BAvnw,00004,0,trainval,rTMqGbTNkNg,50033,8.993236634342608,3.328
train,pretrain,4a6ZRstYlgw,00009,0,pretrain,anmktfGYw8k,00022,-1.5855264995754137,5.952
train,pretrain,z9sa2ZAqHl0,00027,0,pretrain,gwPoM7lGYHw,00026,3.155480585874894,4.8
train,pretrain,AP8i435ztwE,00018,0,pretrain,QOSPNVunyFQ,00016,-7.555051416991572,4.16
train,pretrain,VStEmE85QDE,00006,0,pretrain,MtSE4rglxbY,00018,-9.099628646865249,4.928
train,pretrain,lVQ3KUTHDe0,00021,0,pretrain,Y5M7e0PWFtk,00001,-0.7199250337899095,5.568
train,trainval,eS44GSkE8lE,50004,0,pretrain,TZkNJFrfdR8,00019,-4.917729989595971,4.608
train,pretrain,6yR5OUVb2gY,00030,0,pretrain,SZSul0GzzM4,00031,6.783325074067854,5.12
train,pretrain,D1QoyTmeAYw,00015,0,pretrain,5QGApheKRc0,00026,2.312856617807448,16.256
train,pretrain,gCWeVYCcKXw,00033,0,pretrain,5nys6iebjHw,00014,-9.107152833157341,4.8
train,pretrain,NRcPXtqdKjE,00019,0,pretrain,RcGyVTAoXEU,00044,-6.544418463779871,4.928
train,pretrain,2wu28tI9VkM,00018,0,pretrain,DSbtkLA3GrY,00049,-6.701134017068782,7.168
train,trainval,j81saupKVpo,50009,0,pretrain,C8OqQ2lmsEo,00015,1.0064094151197516,2.368
train,pretrain,FRKg49ySnNw,00012,0,pretrain,JKsHhXwqDqM,00032,-1.3781920799084464,4.096
train,pretrain,dTwXeZ4GkzI,00029,0,pretrain,iRSjlgWE9GQ,00046,9.242577669610192,8.896
train,pretrain,EfXidZmAW1s,00019,0,pretrain,yq3TQoMjXTw,00027,-2.162815137138592,4.928
train,pretrain,gLgNjywpKsY,00007,0,pretrain,HH3m1OSiOT0,00012,6.530260511381702,5.44
train,pretrain,3sUWSDHOVn0,00019,0,pretrain,6qTfX4U6CS0,00047,-4.152591385852311,4.48
train,pretrain,4v4Pf5Dt8Hg,00006,0,pretrain,wcMnmCH6Gjg,00014,-2.161550718775775,8.256
train,pretrain,cnDEVgxD6QQ,00005,0,pretrain,SyIgLSfLCww,00001,-5.876395901791285,27.584
train,pretrain,BSxI3YxAPW4,00016,0,pretrain,nx3GuO41Jyg,00032,-9.764334756123795,7.68
train,pretrain,AhKevstJyrc,00008,0,pretrain,NXfYNdapq3Q,00037,8.086396677609514,6.72
train,trainval,5AcjM5BKfRQ,50003,0,pretrain,4BwSMSCFdu0,00042,7.144593069923339,2.368
train,pretrain,xP3SW546HYs,00004,0,pretrain,NIjjaFCADSE,00010,4.808286878765751,5.184
train,trainval,p49rv25dx0g,50052,0,pretrain,pCHWOt3FOgY,00020,-1.3874833263639559,4.544
train,trainval,zLNXIXingyU,50013,0,pretrain,OLHh9E5ilZ4,00040,-0.10614795736801064,4.928
train,pretrain,AFRmGkdXkxA,00015,0,trainval,aqhzFd4NUPI,50055,-9.611859448845184,2.112
train,trainval,H6n3iNh4XLI,50032,0,pretrain,q2k2Xbfuy1I,00003,-0.08972423163718446,2.944
train,pretrain,1oNlTrLIjU4,00002,0,pretrain,BoRUrWcdkQ4,00005,8.950062030593699,11.968
train,pretrain,3sUWSDHOVn0,00027,0,pretrain,voLcX6SpF9g,00024,5.854742860861222,33.792
train,pretrain,wxCtIdI3xL0,00009,0,trainval,AJYRJ92g4GI,50004,-7.412868139897033,6.144
train,trainval,gWmRkYsLzB4,50001,0,pretrain,AdHSwXl2nuQ,00017,-3.893004098692616,5.632
train,pretrain,V2DgJBx3cyA,00018,0,pretrain,sLiM2SizFl4,00022,-4.436970350861722,9.28
train,pretrain,cWpRxyqDgpM,00004,0,pretrain,UqyOedEHIrw,00017,-7.893464733132271,9.984
train,pretrain,n83zdD2Y8Zc,00007,0,pretrain,qQJHZZwI8zE,00016,-6.252616598292489,3.776
train,pretrain,YhJPoyv8O3A,00028,0,pretrain,SQB9zNWw9MA,00027,-4.133630673918813,14.592
train,trainval,2JSZ66uMRwc,50001,0,pretrain,BsFxokC02sg,00011,0.1274366615869198,4.096
train,pretrain,8C2t8P809x8,00007,0,pretrain,dvuh1Np35Pk,00019,5.3758013441635,7.488
train,pretrain,uNDWvejza4c,00002,0,pretrain,L2upTRjXeJM,00008,2.755816493554706,4.48
train,pretrain,IRxgDMSp9Gs,00019,0,pretrain,Bwj3SVZZOHo,00011,0.14980269842243388,4.992
train,pretrain,th3nnEpITz0,00031,0,pretrain,B8Z2G7d2kzs,00008,7.137176524231812,6.08
train,pretrain,WoSHlZ54b6Y,00010,0,pretrain,jn0Ygp7pMbA,00005,7.902059377224141,3.712
train,pretrain,X9NFPZGyDPg,00013,0,pretrain,4yyPSZSGLOI,00012,0.42139920197181446,4.608
train,pretrain,iARReKKgETs,00005,0,pretrain,M1o3FS0awtk,00025,5.09240978895409,6.016
train,pretrain,ofsncCF9OSU,00025,0,trainval,qQSPUXPVlos,50002,-4.142417226191024,2.88
train,trainval,qaue72D9pSI,50005,0,pretrain,WkNpElapS9s,00020,9.98528398516228,3.072
train,trainval,ZpT0cw9bmiw,50002,0,pretrain,Qa2HpQI1Ufg,00018,-4.845000758966318,5.76
train,pretrain,59SRn1SkWAA,00055,0,pretrain,XqsmITK1VO8,00017,0.7646445892742175,5.12
train,pretrain,eDFrlV106iM,00010,0,pretrain,jT5rRh9AZf4,00022,-3.678899403833289,11.52
train,pretrain,t1ZSoufuQg4,00010,0,trainval,HfotnZVEq80,50001,2.5633290584188178,3.776
train,pretrain,W7kZWmw3JxY,00011,0,pretrain,fJ36gCwKVec,00015,-8.006960018907206,6.528
train,pretrain,hFgPtuzgw4o,00008,0,pretrain,SYHG5y4tvLw,00028,-3.071733101805747,3.52
train,pretrain,nC06omDS0kA,00031,0,pretrain,NiMgOklgeos,00015,9.19739413587559,5.056
train,pretrain,aUYSDEYdmzw,00003,0,pretrain,GB4s5b9NL3I,00073,-0.6878585261662824,4.608
train,pretrain,LhszKevcH30,00016,0,pretrain,4c1lqFXHvqI,00009,3.05038373824784,7.552
train,pretrain,eMXQ6ebbC1c,00010,0,pretrain,bDbN8R6Gb6Q,00022,-2.9618443400429655,2.24
train,pretrain,xjSQFZX2m9o,00016,0,pretrain,5vXRgT6egSU,00019,6.990820924619683,10.24
train,pretrain,VN357QrUdEc,00015,0,pretrain,NhYnouvrGS8,00010,4.495583166214619,34.88
train,trainval,pX8zZdLw7cs,50008,0,pretrain,btItLAjT5zg,00011,-6.871717376069279,5.952
train,pretrain,N37x4GgDVBM,00045,0,trainval,Qhomjw2PSV0,50015,-8.400141387224469,4.16
train,pretrain,mDSuP2BsVy4,00049,0,pretrain,et3SeEX62aU,00015,-8.600625655789889,6.016
train,trainval,XX30i6nC7ro,50003,0,pretrain,QYGO5tepBLY,00012,-6.143264698290367,4.928
train,trainval,QhLLMBN57AU,50027,0,pretrain,L51h8BBu7b8,00011,-8.694320444028241,5.76
train,pretrain,zSWppsceZ1c,00010,0,pretrain,V2u6CzpRqts,00017,-1.5320098446396546,8.256
train,pretrain,N37x4GgDVBM,00007,0,pretrain,WCj82W7XkjI,00026,2.461128615455493,7.744
train,pretrain,NAcuH7nSdLc,00002,0,pretrain,vMiSf7LpFQE,00005,-7.860195787324537,8.96
train,trainval,TT6qWghHkFI,50027,0,trainval,mwrLVvORugw,50006,7.003114617148714,3.072
train,pretrain,L2upTRjXeJM,00003,0,pretrain,QAd54DkXCr4,00002,-1.0922238116224765,3.712
train,pretrain,Nhwq12TKkQQ,00011,0,trainval,dskNubEgzCk,50009,-4.800383946426177,3.712
train,pretrain,1COwySxiwSg,00014,0,pretrain,jMBdQW2LLxw,00018,2.4972441835350523,4.416
train,pretrain,85hbMtegrLc,00010,0,pretrain,tTvIEUGCigk,00036,8.843481446336302,7.04
train,pretrain,udNJCRSABvw,00004,0,pretrain,JaFSfq2Zn7I,00045,-8.094706761652073,9.088
train,pretrain,3bjSba3PScU,00006,0,pretrain,m7SuKQGPMSw,00029,-4.967505017840439,4.608
train,pretrain,QISHX5UKky0,00015,0,pretrain,aUBawr1hUwo,00031,4.229420642081047,11.392
train,pretrain,lrYx7HaUlMY,00003,0,pretrain,w32u2NwCve0,00004,-5.556907020067885,5.248
train,trainval,mQOOgDqUta0,50009,0,pretrain,F0ofeD8VKMA,00019,-1.70646105482321,2.24
train,trainval,0ygtX2nyexo,50033,0,pretrain,dQijrruP9c4,00046,3.6540475995384334,5.696
train,pretrain,HJqtUUDhaxA,00013,0,pretrain,7hWUhEA6hxk,00028,-3.46345675811631,4.48
train,pretrain,xbagFzcyNiM,00009,0,pretrain,bq39x2HWjNk,00009,1.6256555287442698,4.864
train,pretrain,NdKEy6vcCMw,00068,0,pretrain,lqSBVyou38s,00004,-9.783546795496651,5.12
train,trainval,z5aAJGNSRHs,50003,0,pretrain,3WMuzhQXJoY,00001,3.812106002627857,5.632
train,pretrain,dOt4NkcmIUg,00014,0,pretrain,rjECbQ1rSk0,00026,-4.141815961447239,5.056
train,pretrain,ZVRbSuY3h9w,00013,0,pretrain,u4iOeHXObok,00001,-5.804812216316297,5.824
train,pretrain,iF4s75ZPano,00015,0,pretrain,UVqoIgh7bcw,00029,-7.926517127939352,4.928
train,pretrain,PsihkFWDt3Y,00024,0,pretrain,lPtPG2lAmm4,00004,-2.206249897166064,14.912
train,trainval,UqyOedEHIrw,50006,0,pretrain,ErexJkoDhGI,00024,9.24566328815748,5.44
train,pretrain,KPN8LHVeFYA,00011,0,pretrain,LPrS7Skx9Y0,00008,6.857110577987893,10.24
train,pretrain,DokhOtMp75A,00012,0,pretrain,T9nFC6dkRxU,00030,1.7068162771513826,10.048
train,pretrain,qFOooWq2inA,00022,0,pretrain,Iv3Ud7Shv9g,00021,7.900832243183526,4.928
train,pretrain,oSWYawFzOKE,00005,0,pretrain,k5tCYg9s0HU,00038,-0.7434403916740013,4.928
train,pretrain,WtLMST8TyeY,00029,0,pretrain,SQe8cR4Jl10,00016,0.671997161688136,4.992
train,pretrain,kNhyOYv2ejw,00014,0,pretrain,S9ry1M7JlyE,00010,0.14249760828505487,5.376
train,pretrain,tp4Z4EVFA0g,00013,0,pretrain,lecXKKOFPuQ,00002,6.897605126453861,25.856
train,pretrain,ImmtTHYU5GQ,00017,0,pretrain,w5T0wS1OdMo,00010,3.3315135316595246,4.608
train,trainval,SFOCpMAww28,50001,0,pretrain,cQl6jUjFjp4,00005,2.1693277654084326,4.48
train,pretrain,tpKWHSsBpnE,00010,0,pretrain,4AaSUyfNN4c,00003,9.131986885141806,5.056
train,pretrain,uH0aihGWB8U,00004,0,pretrain,pWrgvI4nyyg,00003,5.113223609125324,7.936
train,pretrain,SGG97dDfZ7E,00008,0,trainval,lw3YTbubyjI,50019,-1.6294149853694009,2.752
train,trainval,qKlzdSH2X9w,50008,0,pretrain,rGaj2VImQec,00019,6.7271308551984745,4.288
train,trainval,A27QjpQSIeo,50007,0,pretrain,km4GiwSIFCo,00007,-8.99918498267628,3.328
train,pretrain,SFOCpMAww28,00012,0,pretrain,q43uXdOKPD8,00014,-1.2369758581812373,5.888
train,pretrain,P8GCjrDWWUM,00033,0,pretrain,pSCefSAYqaA,00046,-6.227127386190167,15.68
train,pretrain,sLo97Bu8Fo0,00005,0,trainval,npFSbX7DZ6k,50011,4.217141276424041,5.696
train,pretrain,6Co3dn0nSTk,00014,0,pretrain,potB0voQzNg,00019,-0.49116358592950604,8.256
train,pretrain,KPN8LHVeFYA,00007,0,trainval,gh5VhaicC6g,50038,4.468488902644928,5.824
train,trainval,esPRsTSlmw8,50003,0,pretrain,n3qA8DNc2Ss,00012,5.31385170228943,3.136
train,pretrain,LVFVaWCV1TE,00024,0,pretrain,LSGfqyhleUA,00024,2.4869553192147986,8.384
train,pretrain,y9wzaxSPtIo,00001,0,pretrain,HS8y0WLm78U,00063,-2.8878465837394636,4.032
train,pretrain,fw30yjccnD4,00014,0,pretrain,JVwLjC5etEQ,00019,-4.522634664568619,9.856
train,pretrain,WxUf326kZ1I,00007,0,pretrain,LzMJCFSAtf4,00002,-1.9380274607128012,4.416
train,pretrain,AQ8cpjEdpmI,00012,0,pretrain,57FMau29OSg,00029,3.661977983241183,5.376
train,pretrain,ISSupr6ayqw,00009,0,pretrain,TRE4Sll42lE,00021,7.566075606181531,4.16
train,pretrain,ShFk6FDrZBc,00004,0,pretrain,TuD3IerTOms,00020,1.8748951966934069,7.296
train,pretrain,esPRsTSlmw8,00037,0,pretrain,ywgdCrcx6oM,00016,-8.227626320020347,8.256
train,pretrain,jLOfXsFlb18,00013,0,trainval,3UaOl8SYHes,50005,-5.80438779553309,3.328
train,pretrain,KDBcoRLkut8,00021,0,trainval,U7y4GlmwPLQ,50001,4.281126691740081,5.184
train,pretrain,SZSc5UCSZS0,00013,0,pretrain,3sUWSDHOVn0,00026,7.147069130955185,8.0
train,trainval,lPtPG2lAmm4,50004,0,pretrain,Jc2F3SnawnI,00010,8.956177915933281,2.432
train,pretrain,NPSelwWdPa0,00004,0,pretrain,IsHXnOzhRPg,00012,-5.752639623708788,4.608
train,pretrain,iISw251TIgw,00018,0,pretrain,quJdL9ggETI,00025,5.18253619513664,4.608
train,pretrain,FSNEIwDiCSw,00025,0,trainval,bRuU02haIK8,50010,0.21682932247301423,2.048
train,pretrain,qesLGw23SzQ,00020,0,pretrain,u9hauSrihYQ,00033,8.424845294352291,8.896
train,pretrain,cpsRAk5HpK4,00028,0,pretrain,BRETz2FSheQ,00004,2.1787065087681903,7.232
train,pretrain,3Bk6G2X5Vjk,00011,0,trainval,cWcVPpxezE0,50035,-4.665678014463925,3.456
train,pretrain,oJfFMoAgbv8,00013,0,trainval,vzKA1y3cdYI,50041,-3.183640189279342,4.096
train,trainval,Nhwq12TKkQQ,50022,0,trainval,X41iulkRqZU,50002,3.7718443539049407,2.176
train,trainval,XOU2ubWkoPw,50002,0,pretrain,ws4GZvNeQhQ,00010,5.030959188262621,2.944
train,pretrain,BQOz6OVz1zc,00061,0,pretrain,8woKcr7uSYQ,00029,9.518132197839083,5.248
train,pretrain,tjkrKA1cVdU,00019,0,pretrain,goYIHXKvwLk,00019,-7.007869225815746,6.464
train,trainval,4ZgwzSm7sRs,50012,0,pretrain,8olL43PKJKw,00012,-1.6123625433306987,3.136
train,pretrain,yBdyFKqwKy0,00018,0,trainval,8cwWSS29faQ,50005,-6.51760590697754,3.328
train,pretrain,buhMdC7MO0U,00004,0,pretrain,JS8fYhwrYzI,00024,-6.913633492615292,4.16
train,pretrain,eh3cdTlh7VM,00013,0,pretrain,OwRAFCrsDS8,00036,7.719116799165775,9.664
train,pretrain,Skxa33RVVh4,00003,0,trainval,wAIP6fI0NAI,50002,-4.174092944231324,3.84
train,pretrain,HonUUtuCSwM,00009,0,pretrain,BJsrYqPtXFM,00036,-2.2584949824080702,6.144
train,pretrain,VRhjc3dJtOo,00004,0,pretrain,qesLGw23SzQ,00005,8.26645492392904,4.544
train,pretrain,EHNP7KqLrW4,00010,0,pretrain,nq0SzGzSc8g,00023,2.13781430236309,3.712
train,pretrain,3vJ4SUH38dQ,00026,0,pretrain,mlrB6npbwVQ,00008,3.5173133368476,7.808
train,pretrain,OaGEMSRms48,00019,0,pretrain,SypPoKpQi6w,00005,0.40293200143628205,3.584
train,pretrain,q1pKLVX3VSA,00007,0,pretrain,FrgzvykPILc,00030,8.469540704944688,8.512
train,pretrain,St7SxHszKws,00037,0,trainval,xV7IvRT5Qyw,50005,2.0484722640606243,2.496
train,pretrain,BMOjVYgYaG8,00019,0,trainval,PTUcj45juXg,50002,-6.7627890406677205,2.496
train,pretrain,mJxA8eIWQUc,00038,0,pretrain,fa6ERdxyYdo,00019,-3.936129969449209,12.032
train,pretrain,kNhyOYv2ejw,00036,0,pretrain,WOxSQHtJWlo,00008,-6.648915887927441,4.992
train,trainval,EijI8QaExDg,50013,0,pretrain,UvbFr0eSsg8,00031,3.696387007227653,2.048
train,pretrain,u9Lu85L111Y,00043,0,pretrain,zvvZEIGNLo0,00015,2.9826397563562104,8.896
train,pretrain,30e60EOO5mo,00011,0,pretrain,RrFSO62p0jk,00016,8.532800955989732,12.8
train,pretrain,iONu2ndDmHM,00009,0,pretrain,ao3NtIZ0iBU,00012,-6.210807165589658,6.4
train,pretrain,oW91ATcgXVc,00026,0,pretrain,PlQ3VdvvTvE,00006,-2.8505167220817267,4.288
train,pretrain,yBdyFKqwKy0,00019,0,pretrain,FpHPVrsEkYY,00033,6.671921461307285,5.824
train,pretrain,STuCsRugKN0,00001,0,pretrain,jodhovumkHQ,00035,3.35262727663617,6.08
train,pretrain,XgRlrBlS7Yg,00044,0,pretrain,vhfcedpoCLo,00001,0.5507217432909783,9.6
train,pretrain,fVhggGSjXVg,00014,0,trainval,iRSjlgWE9GQ,50003,-4.968343762535814,2.624
train,pretrain,ao3NtIZ0iBU,00005,0,pretrain,XkiXXPShycA,00018,-6.266096857005008,12.736
train,pretrain,xDe346z233Y,00025,0,pretrain,r1qdSnDm67s,00023,7.2087944689188745,3.968
train,pretrain,IaMnRrrQx48,00006,0,pretrain,tVIaoQrnAxY,00024,9.105157093879747,13.568
train,trainval,hHEVMhHDP1E,50007,0,trainval,wfNX1cHkSfE,50004,7.372412702668726,3.648
train,pretrain,QeAGu40vZzI,00018,0,pretrain,Vi8k6BG9KVk,00002,2.998277446651853,8.576
train,trainval,aSGIZBmGOsU,50001,0,pretrain,3vJ4SUH38dQ,00010,-5.459864432573507,4.224
train,pretrain,23vKtqo2t4k,00021,0,pretrain,dsCNuBSKBUw,00005,-2.005383490605171,6.336
train,pretrain,YmlAl1SMtHk,00013,0,trainval,HFqLoHyCTRc,50003,9.811331804366002,5.248
train,pretrain,VpvzrtPtqeE,00008,0,pretrain,oiVSHkItqxo,00012,-3.846277626036958,4.736
train,pretrain,G8gJJuCdPSA,00035,0,pretrain,dY7iATJVCso,00003,-5.798713305302703,5.056
train,pretrain,cWpRxyqDgpM,00005,0,pretrain,1oNlTrLIjU4,00007,1.4380170900913996,7.616
train,pretrain,paiRIkWVy0o,00009,0,trainval,jpuDyGgIeh0,50003,-7.620510156845834,6.08
train,pretrain,8iQnrM3DkVI,00028,0,trainval,YhG1Bgbsj2w,50013,3.2222793051251344,4.608
train,pretrain,9FCsyK4aRXQ,00022,0,pretrain,MSLHHgSXloM,00012,3.923605707110351,3.136
train,pretrain,kFMZrEABdw4,00015,0,pretrain,UkLWzSxAQJU,00009,-2.211107898179545,4.096
train,pretrain,HJouIL6uaoc,00014,0,pretrain,IRVdiHu1VCc,00028,-5.693133319111309,5.12
train,pretrain,QYGO5tepBLY,00017,0,pretrain,NNHAgXy5dxQ,00016,-6.088270823623894,29.632
train,pretrain,bxkslfQc0EA,00026,0,pretrain,YMyofREc5Jk,00003,8.334377877385009,12.416
train,pretrain,RjrS5EqZlUs,00005,0,pretrain,sAINrzTddA0,00003,4.6619092226702605,7.168
train,pretrain,akOe5SUsQ2o,00037,0,pretrain,CBSU7vJn0us,00004,4.754223553345465,5.184
train,pretrain,r8WPIZJOJuk,00009,0,trainval,aqhzFd4NUPI,50025,2.8253739317122033,6.208
train,pretrain,P5Mpo4JQZhw,00008,0,pretrain,k4N2SxUZwiU,00015,-0.46372523581413816,4.096
train,pretrain,qGSYmIPFO68,00005,0,trainval,sgTjCpBOeCU,50038,-6.864588360563781,5.184
train,pretrain,bjNSaXg4S6Y,00029,0,trainval,QekbuidfQKo,50030,-5.735581475849321,3.008
train,pretrain,MOptnpjKJOM,00010,0,trainval,GZGY0wPAnus,50009,-8.287749913023287,2.24
train,pretrain,XKc9MJDeqj0,00029,0,pretrain,vPn94XAUBoo,00009,3.1146664115743974,6.016
train,pretrain,WWloIAQpMcQ,00003,0,pretrain,hiM48jSNZOU,00010,1.3886335677033017,3.968
train,pretrain,0QbLI1U4cLE,00021,0,pretrain,LrBKcTTMlCQ,00008,6.556916984830785,4.416
train,pretrain,uFIc7XEVyM0,00022,0,pretrain,QcnuWDZuYy0,00004,-4.123498963449606,5.12
train,trainval,stBSQ6CagVo,50007,0,pretrain,4uAAegPkCKo,00031,5.202200711601993,5.568
train,pretrain,tF1oSdNwE8c,00035,0,pretrain,jsZDlBU36n0,00003,-1.3053295918177774,6.144
train,pretrain,BCvzpm4d2gs,00033,0,pretrain,J6tgYBMXR6s,00047,9.25204220367928,5.696
train,trainval,fKyljukBE70,50001,0,pretrain,gbDraZi7FS4,00003,8.834779425472036,4.928
train,pretrain,tMSU6k5SWXg,00010,0,pretrain,Iv3Ud7Shv9g,00022,-6.839168145796091,3.392
train,trainval,pX8zZdLw7cs,50013,0,pretrain,OwRAFCrsDS8,00028,-9.599273994893224,3.904
train,pretrain,lxovD2LQVUQ,00025,0,pretrain,BcTOSxcv2So,00021,-8.210958102932937,20.032
train,pretrain,TdBAHexVYzc,00006,0,pretrain,MbdxeFcQtaU,00021,-2.2010190624930566,5.056
train,pretrain,nW5VhQyc4Fg,00006,0,pretrain,9YeQi5Zqy1I,00013,6.8901633713348645,4.608
train,pretrain,N4wFyRGilp4,00030,0,pretrain,UwtYQFSJSQc,00008,-1.0313263362525298,6.08
train,pretrain,1COwySxiwSg,00015,0,trainval,LH8MPbFoRjw,50003,4.4741524933027055,5.952
train,trainval,NWUFjb8w9Ps,50003,0,pretrain,oJfFMoAgbv8,00027,-9.612212101254283,4.8
train,pretrain,GHcCs4TPvYA,00010,0,pretrain,8COaMKbNrX0,00003,8.567720699139372,7.616
train,pretrain,r1qdSnDm67s,00009,0,pretrain,E7sqRrUoL3U,00008,8.566217361072436,3.84
train,pretrain,IDqMB6C1uys,00018,0,trainval,9qd36SQPxSY,50004,5.999226856722915,4.096
train,pretrain,gXvblfSgwg4,00013,0,pretrain,YraU52j3y8s,00021,-0.31408581775124134,5.44
train,pretrain,0GL5r3HVAZ0,00007,0,pretrain,rCplocVemjo,00010,9.557868367475471,3.968
train,pretrain,9FCsyK4aRXQ,00022,0,pretrain,BMcduh1HEHA,00020,-1.5704279693902539,3.136
train,pretrain,yDYCf4ONh5M,00041,0,pretrain,YhJPoyv8O3A,00019,4.1029623910991315,4.8
train,pretrain,4a6ZRstYlgw,00040,0,pretrain,J8xfuCcXZu8,00018,0.07890008676602989,7.36
train,trainval,Eu22Wgu98VE,50004,0,pretrain,FXYFLK0KZio,00033,2.5514950245207473,2.24
train,pretrain,NiKtZgImdlY,00015,0,pretrain,AjF0rquH11U,00005,5.6808120311140335,6.208
train,pretrain,Z41BTeAU7DI,00019,0,pretrain,AWEpeW7Ojzs,00013,2.0379406974398506,4.928
train,pretrain,jobYTQTgeUE,00026,0,trainval,eQdFkSSgHYo,50001,6.284437132157482,3.392
train,pretrain,yP2niXStKVQ,00003,0,pretrain,J6tgYBMXR6s,00050,2.439388832679617,7.552
train,pretrain,6wk4dkYSrV0,00030,0,pretrain,dwU8eavPInw,00083,9.855340720547666,8.576
train,pretrain,d8s8e8JdGCc,00033,0,pretrain,ddek3gQVt9Y,00053,-0.5332410443327795,4.992
train,trainval,rGgoCm1hofM,50004,0,pretrain,cSiNSQubRs0,00034,1.9842561137353432,4.416
train,pretrain,eCknUJJc3qU,00022,0,pretrain,3WMuzhQXJoY,00019,-6.209027881829645,4.224
train,pretrain,SpSGKCr8rq8,00011,0,pretrain,btlF4ZSAoFc,00020,-1.8906835647024582,7.616
train,pretrain,uM1Ygy0tSp0,00005,0,pretrain,LWULB9Aoopc,00048,6.530255239520244,6.016
train,pretrain,u0VHC1SDOS8,00049,0,pretrain,w3q89BTJj3o,00021,-3.896406952228002,4.8
train,pretrain,HmHh8dn6MiA,00005,0,trainval,arj7oStGLkU,50005,0.2826044857294381,5.056
train,trainval,RPicL1AWrs8,50009,0,pretrain,tlS3r8Gid90,00038,1.5230008310377858,3.008
train,pretrain,uJZWcKOIZMo,00007,0,pretrain,63tVsJI31Tk,00005,-6.06446327661012,5.44
train,pretrain,3rbVQNTzCh8,00002,0,pretrain,bXnTAnsVfN8,00003,-2.314486341305029,6.08
train,pretrain,MLKj1puoWCg,00023,0,pretrain,eCknUJJc3qU,00011,-3.921727477075705,14.272
train,pretrain,9IRv3TOjE1I,00010,0,pretrain,oPDaWYUCn8Y,00001,-3.8893344635658273,2.88
train,trainval,CiLnSGrcuEs,50004,0,pretrain,IRVdiHu1VCc,00061,5.696263187858705,4.096
train,pretrain,rRepnhXq33s,00004,0,pretrain,VbeovM4RCh4,00014,-8.657687431302472,5.568
train,trainval,sAUIAChAmc4,50002,0,trainval,cK74vhqzeeQ,50003,-8.227616117848752,3.2
train,pretrain,breDQqrkikM,00036,0,pretrain,bXRCVHVstEY,00034,-3.9409599983816417,8.128
train,pretrain,8u9Wvz1edxI,00018,0,pretrain,CEN4XNth61o,00059,-4.325629827632169,4.096
train,pretrain,9o2CRjTRKIA,00008,0,pretrain,VbeekjZPSCI,00003,-1.6120221209069978,16.064
train,pretrain,59SRn1SkWAA,00027,0,pretrain,LMrzdkSYnYY,00012,-3.7702812668858083,6.464
train,pretrain,uCC3dS7FrkQ,00016,0,pretrain,Phf66nAoMIk,00013,5.426769747217421,7.04
train,pretrain,mY2LIQbiGbo,00026,0,pretrain,FEeTLopLkEo,00007,-1.363201742864014,4.672
train,pretrain,UyQIKwSPZGM,00011,0,pretrain,LWULB9Aoopc,00008,-2.552363527313277,5.12
train,pretrain,DwQMDyyS42Q,00012,0,pretrain,gBGt5OeAQFk,00011,4.52362891250073,4.736
train,pretrain,qtOIh93Hvuw,00017,0,trainval,FcoJt2KLC9k,50009,2.2452112084572757,2.368
train,pretrain,B12syeJflbQ,00017,0,pretrain,sUf1ajkIAhY,00003,9.053374295653285,10.176
train,pretrain,MLU7qcMYKO8,00005,0,pretrain,agNlsB530CI,00007,2.668143069506627,3.968
train,pretrain,y2yka9lyvMA,00050,0,pretrain,9ebJlcZMx3c,00001,3.3701096205992247,8.896
train,pretrain,jUIfiLplNqQ,00013,0,pretrain,7POkIJfbMyU,00022,-1.156405975398016,5.44
train,pretrain,X9NFPZGyDPg,00028,0,trainval,G8cjIBwP52o,50027,-4.181128272996874,3.84
train,trainval,oIGBBPspTKM,50002,0,pretrain,7tu9nJmr4Xs,00008,-0.9619347330501142,5.888
train,pretrain,55n9pHSA0O8,00015,0,pretrain,CFADnhYKDHg,00014,-5.440677142921462,7.488
train,pretrain,UUkAGboDMwI,00013,0,pretrain,73rUjrow5pI,00017,-9.97184431253298,20.224
train,pretrain,QISHX5UKky0,00001,0,pretrain,ts9JpM0gHMU,00059,-7.113147351191671,8.32
train,pretrain,694XUHVuGQo,00009,0,pretrain,ljqra3BcqWM,00014,2.450443207342783,3.328
train,pretrain,NgVwPj54TEo,00013,0,pretrain,APPbSStpGHk,00015,6.699240730302662,4.736
train,pretrain,gzthxdm7XNs,00011,0,pretrain,FM5SDGprLpc,00013,0.5124181842249733,5.056
train,pretrain,Mr8nvXvlSy8,00037,0,trainval,HALd9FY5SVQ,50015,-0.07627584747602789,4.288
train,trainval,xMS9HlSSLSA,50003,0,trainval,s32OdFz9ttk,50006,-4.469789118824952,2.88
train,pretrain,kOPMqiKhoSc,00024,0,pretrain,nLeeTVmVrtA,00015,-2.7111183561072956,7.488
train,pretrain,8cwWSS29faQ,00012,0,pretrain,I4fJPKSKbrA,00012,7.327723427050039,4.16
train,pretrain,IwWuLSwSMvI,00002,0,pretrain,hFGLqkDnSVI,00012,-9.657881304324462,3.968
train,pretrain,4oFGmxZ2nqE,00009,0,trainval,ElJxUVJ8blw,50041,7.362581154685813,2.176
train,pretrain,0JGarsZE1rk,00023,0,trainval,KoXdjyJyxbE,50012,8.544253361297667,5.952
train,pretrain,PUh5msG0rG8,00007,0,pretrain,WLj0uepcPFs,00014,-3.887989547669653,5.376
train,pretrain,IsHXnOzhRPg,00001,0,pretrain,kSR8G8mfp84,00021,-2.820684135983962,4.544
train,pretrain,k5hspA18IU0,00005,0,pretrain,WbuIl6phdco,00022,4.5735613642403266,4.032
train,trainval,s2F41IQSPGE,50034,0,trainval,r3afSFSG570,50002,-3.712577610946541,5.824
train,trainval,deT1mILtFEY,50014,0,pretrain,PB7xs7UpIfY,00019,-9.293254480396598,4.416
train,trainval,eRQdAOrqvGg,50002,0,pretrain,NRLjrZD6kqQ,00006,7.4833073799855825,2.176
train,pretrain,bB5zR2xYhm4,00028,0,pretrain,SK095wuESeE,00031,8.386887882762323,5.248
train,trainval,FauPVZxDXxk,50001,0,pretrain,lXNE4MD2X2w,00040,6.716410902752127,2.432
train,pretrain,pWX1oQEGl90,00016,0,trainval,Wtp7R97jz5k,50005,7.616871623438495,6.144
train,pretrain,S9PEogIrHSk,00042,0,pretrain,fbeFn1Xcqo4,00052,2.5645483155255437,5.056
train,pretrain,IeblJdB2SVo,00003,0,pretrain,UlDWRZ7IYqw,00006,8.464652439349656,3.392
train,pretrain,BRETz2FSheQ,00015,0,pretrain,RSl1ramE35s,00001,-0.7368589783403827,9.152
train,pretrain,Nhx1SyXMwCg,00025,0,trainval,sYUjyH8Y0No,50001,-9.348899143491563,2.24
train,pretrain,WonC2e5aOGE,00007,0,pretrain,b2MSSeKey4o,00034,7.473919385841633,8.448
train,pretrain,SI3v6KS2Zgs,00002,0,pretrain,eZgSGgToBEE,00003,6.813500379180894,14.784
train,pretrain,85bqT904VWA,00050,0,pretrain,Zx8uYIfUvh4,00005,5.3654219120088555,5.248
train,pretrain,vbHkhSfaQu8,00030,0,pretrain,gXlIASSrI4E,00014,-3.182541593269061,8.768
train,pretrain,YbtrDM1aJF0,00015,0,pretrain,ttRhMPgpoOQ,00019,-4.947258839493696,5.568
train,pretrain,sNV4yIyXXX0,00012,0,pretrain,JD4O7ama3o8,00004,-9.865473184577837,7.168
train,pretrain,ZBWsmoy5Re4,00017,0,trainval,iSmdpCvfMg8,50005,1.7433980635135793,4.16
train,pretrain,qKlzdSH2X9w,00012,0,trainval,HpiZTvlWx2g,50026,-0.6540659631336467,5.248
train,pretrain,rugSZIFY7mc,00023,0,trainval,vIme03wdEFU,50001,3.7963094457849635,3.84
train,pretrain,kNhyOYv2ejw,00005,0,pretrain,7oDtWA9fFBU,00007,9.41261832592684,3.008
train,pretrain,btF6nKHo2i0,00035,0,pretrain,maMU4XZYdtQ,00008,4.210014729704417,12.736
train,pretrain,vqPAdUeU6mQ,00018,0,trainval,CsqSDpmgsQg,50012,9.569734311790555,3.776
train,trainval,0MD4Ymjyc2I,50013,0,trainval,x8jdxSlf2Dw,50017,-7.224811282338899,2.944
train,pretrain,anmktfGYw8k,00020,0,pretrain,mZqL7MC8Eys,00002,2.0782025685537686,14.464
train,pretrain,2SEv4rU27HY,00002,0,pretrain,6Af5tJzSR2w,00002,-7.953984127595584,3.648
train,pretrain,LoXAAEy6YQU,00044,0,trainval,WpldYJ3sSIo,50011,4.417159078204641,4.288
train,pretrain,XO1MeSMYSQ0,00010,0,pretrain,2vVAzRN5ez8,00002,5.898445423879853,10.688
train,trainval,oJfFMoAgbv8,50001,0,pretrain,dbic3JCX1jo,00005,-3.2020102715234167,3.84
train,pretrain,16p9YRF0lSg,00014,0,pretrain,AhKevstJyrc,00020,0.7061051413567192,7.936
train,pretrain,hSSmmlridUM,00005,0,pretrain,wyhF7q3Sbpk,00010,9.349484710622939,6.528
train,pretrain,D5iFVKhLStU,00024,0,pretrain,HfuZJVpNWR4,00017,2.483167557027757,4.288
train,pretrain,0C5UQbWzwg8,00012,0,pretrain,6Eu964BbJO4,00009,-2.2271217197562194,4.544
train,pretrain,4jUdCy6Vghw,00015,0,pretrain,iq5lXSj6Prg,00004,7.940275727050945,5.632
train,pretrain,on3KttMgbZE,00023,0,pretrain,E6wlTtQBlhI,00003,-1.8244456623694525,4.736
train,pretrain,DzWjaWFLjgg,00012,0,pretrain,tYclUdcsdeo,00013,-7.960788611147391,5.248
train,pretrain,M4soSZ9aSu0,00019,0,pretrain,6XS8TA4RBog,00022,2.2372786566777663,3.84
train,pretrain,3qyVvDGDGQs,00014,0,pretrain,VM6HZqQKhok,00044,-9.636371127895353,7.808
train,pretrain,mGbMwP8MDjg,00030,0,pretrain,wVGjQSnLg4Y,00019,9.674324962527116,7.168
train,pretrain,ztGkmruGPqM,00012,0,pretrain,VLe84OkwKOA,00026,9.853929699361355,4.288
train,pretrain,ScFWnnQF7A8,00002,0,pretrain,0kPu6eKpja8,00013,-3.767613832634302,6.72
train,pretrain,bxkslfQc0EA,00038,0,pretrain,wX78iKhInsc,00059,-6.815539266428381,7.168
train,pretrain,jTfGAHroSSI,00002,0,trainval,tSSNoFstCmQ,50017,-7.723664453341681,3.328
train,pretrain,askcLEVCTko,00040,0,pretrain,pzN4WGPC4kc,00012,0.9366487447108174,4.096
train,pretrain,rTMqGbTNkNg,00001,0,pretrain,csnxJFQw98k,00028,4.312148536735494,3.904
train,pretrain,RbNqU2K0qzo,00009,0,pretrain,fa7SkR2fz3M,00019,9.324411274440322,4.096
train,pretrain,MqnbE5WRPEU,00016,0,pretrain,m45SshJqOP4,00009,-7.363933071784466,9.92
train,pretrain,4c1lqFXHvqI,00037,0,pretrain,0ueGFLVFi80,00021,0.9323078721967519,6.656
train,pretrain,ndAHAjgquwk,00012,0,pretrain,rkKDvGA2UU0,00008,0.21648928690970415,6.208
train,pretrain,I8tg0Myjimg,00008,0,pretrain,F0ofeD8VKMA,00075,8.575248779863593,8.896
train,pretrain,btlF4ZSAoFc,00008,0,trainval,0UmUgaJwEr0,50020,-1.2469300684869271,3.456
train,pretrain,vvlozhvQPJw,00017,0,pretrain,3WCwBVprDuQ,00010,0.852522672101216,5.248
train,pretrain,tRqVPRwKn2o,00036,0,pretrain,C8OqQ2lmsEo,00010,-5.8719760518293596,5.44
train,pretrain,YyuScSjkGSs,00018,0,pretrain,nubSKdtzLcE,00016,-3.927653898296395,2.816
train,pretrain,i5p3NC9OwB0,00010,0,pretrain,m048uAa8L3k,00007,0.5693285707191738,13.184
train,pretrain,zIwLWfaAgS8,00026,0,pretrain,scITIoJvMJ0,00008,8.28560773203315,10.368
train,pretrain,SsnWLZvRNZc,00016,0,pretrain,xjuY3lUfkK8,00009,1.3611000230754158,4.288
train,pretrain,SU1foLW8h54,00025,0,pretrain,im03Zni5BJw,00008,8.86249619446897,11.84
train,pretrain,ZBDablzQ9ts,00024,0,trainval,0GL5r3HVAZ0,50007,3.0582368018868067,6.016
train,trainval,RKmxL8VYy0M,50003,0,pretrain,pPgd7Hj3ABQ,00005,-6.813081585760942,3.328
train,pretrain,cf3zxHuSM2Y,00017,0,trainval,Mb8x6vLcggc,50007,-5.053453499030982,3.072
train,pretrain,Xv2gHiX9Bqw,00003,0,pretrain,zZJSgrzZNdY,00006,-6.8381122126152505,5.248
train,pretrain,3lxyiS3CGrk,00012,0,pretrain,3E46oWB4V0s,00002,1.6891286194500843,10.816
train,pretrain,HqawqHB7nDM,00021,0,trainval,gh5VhaicC6g,50012,7.254510217592973,6.08
train,trainval,cbSts8fUhB8,50018,0,pretrain,Rz8m1yDE0ms,00004,8.640411392423271,2.688
train,trainval,AHfiKav9fcQ,50010,0,pretrain,HQIi3nUXh0g,00003,0.7639720881999637,5.632
train,pretrain,a5xR4QB1ADw,00020,0,pretrain,h1Yg1rURKR0,00011,3.822181093573377,4.608
train,pretrain,SbphPa7Wp4c,00001,0,pretrain,U7y4GlmwPLQ,00030,7.839384738354703,4.096
train,pretrain,2a2724wcfcc,00011,0,pretrain,XBaRdmEVy8s,00022,6.490114536655909,3.968
train,pretrain,Uq1idqpX9SA,00013,0,pretrain,iCvmsMzlF7o,00034,-4.546790213231768,6.08
train,pretrain,nx3GuO41Jyg,00005,0,pretrain,Sttw2PxncIE,00025,-9.402806952083738,13.184
train,pretrain,v3FDwQVb0Nw,00007,0,trainval,J45cWdDEbm0,50002,4.583666576487321,4.416
train,pretrain,gBkIyJ7kfSI,00047,0,pretrain,6fJRmouSDL4,00014,-1.0134885521684307,6.976
train,pretrain,uOrZF8FdtLc,00001,0,pretrain,kj9HYBDSknQ,00004,9.286226641836372,4.096
train,pretrain,GB4s5b9NL3I,00074,0,pretrain,whjLZogf9e0,00007,-6.80996987043927,7.04
train,pretrain,kSR8G8mfp84,00025,0,pretrain,LizFrxTK5Qo,00018,-4.217707850042336,11.648
train,pretrain,BDOSUiEh0eY,00022,0,pretrain,SDjLpMj3BDU,00013,-3.666472334294621,3.648
train,pretrain,cotBM0laSSo,00013,0,pretrain,QHSrG9Tuz84,00008,-9.081058409201667,21.184
train,pretrain,9yPlMBPNf2M,00027,0,pretrain,l5Bbg96VODk,00016,0.6743598504615562,5.248
train,pretrain,kdqUhTnAgJU,00017,0,pretrain,abMQhaMdQu0,00001,4.286374634767009,8.704
train,pretrain,NhYnouvrGS8,00026,0,pretrain,SPSq3cW672s,00024,-7.411127907368227,5.504
train,pretrain,3KmaFiKvGSM,00010,0,pretrain,drXnDLHKKPM,00032,-1.188014983914238,3.776
train,pretrain,qykSnLkPM7E,00026,0,pretrain,QG4Z185MBJE,00024,-6.582683028050194,4.416
train,pretrain,8wSOZFBcwZc,00006,0,pretrain,cn9Q4c3dXGU,00004,-6.6915578769072415,6.08
train,pretrain,JRHzQG0aI8w,00017,0,pretrain,ZBDablzQ9ts,00019,-8.359302836324837,3.328
train,pretrain,uBsiYBrFtbY,00012,0,pretrain,dwU8eavPInw,00024,-5.724999675407196,4.416
train,pretrain,UwtYQFSJSQc,00014,0,pretrain,0sYguTPLpHE,00015,-0.533671376085163,7.552
train,pretrain,gWPFJgLAzu4,00005,0,pretrain,FnL7I6tESAs,00015,-1.9584790498227616,13.888
train,pretrain,PB2OegI6wvI,00011,0,pretrain,HpiZTvlWx2g,00006,8.620655785701718,5.76
train,pretrain,lv9QDjw8GJk,00003,0,pretrain,70uaS1e9YN0,00013,7.391876944386691,9.792
train,pretrain,ROW9FSc0kIQ,00004,0,trainval,btItLAjT5zg,50006,6.331430524457883,5.568
train,pretrain,lV3trdyDdHE,00045,0,pretrain,o3oDpCb7VqI,00027,6.712585174498631,3.648
train,pretrain,2dRlssVF7fc,00019,0,pretrain,OISOhvOumT0,00024,-2.332622719229727,6.336
train,pretrain,ImmtTHYU5GQ,00026,0,pretrain,9h2dFSIsH0I,00002,-8.25419537640693,3.776
train,pretrain,yFVXsjVdvmY,00017,0,pretrain,6yR5OUVb2gY,00018,5.6651610077625705,7.168
train,pretrain,3LmjSv8N8hE,00027,0,pretrain,0sYguTPLpHE,00014,8.804247426010804,4.096
train,pretrain,dskNubEgzCk,00014,0,pretrain,cS3f3rQRlug,00004,-0.44709402674542176,5.568
train,pretrain,30KJRb4MzSg,00009,0,pretrain,lbIh6yngKHo,00005,-1.3806153214027717,11.968
train,pretrain,CprpSEjVtwA,00007,0,trainval,2ZviHInGBJQ,50002,-9.527121125757317,2.048
train,pretrain,yBdyFKqwKy0,00005,0,pretrain,xYIGNOHhNe4,00003,-7.535186367084954,5.888
train,pretrain,folTvNDL08A,00018,0,pretrain,QoTSdOkjEVs,00008,-2.269490191770629,8.96
train,pretrain,l141Mauo74A,00005,0,trainval,B1dkma6GRZo,50004,2.160588343774643,5.888
train,pretrain,Ufs8cKyzLvg,00024,0,pretrain,BURbLmQL1BE,00001,1.7294268414831144,4.8
train,trainval,N39xSWTPix0,50004,0,pretrain,OibJT7GSwyo,00026,-4.323679303616805,2.944
train,pretrain,kSxhDZaLyVQ,00016,0,pretrain,pi9SMFWTzXw,00023,6.221675814807245,5.888
train,pretrain,0FkuRwU8HFc,00017,0,pretrain,pNttjJUtkA4,00004,6.5328284157498615,3.968
train,pretrain,VbeovM4RCh4,00027,0,pretrain,p0p45l9NMto,00010,6.989045048284744,7.872
train,pretrain,19KkFCQz8WQ,00028,0,trainval,z5ncIwCZDGU,50002,-5.447306564788644,4.416
train,pretrain,LtWINl3CS7s,00006,0,pretrain,vVsXO9brK7M,00015,0.9796397104095966,17.28
train,pretrain,BLnOPA7oMxY,00001,0,pretrain,evfgbVjb688,00017,-3.913088723340639,4.16
train,pretrain,A60UTjiEp4c,00048,0,trainval,Lrdn4lazVBc,50003,-7.983083975883458,3.328
train,pretrain,F6NU0DMjv0Y,00011,0,pretrain,Br1AIvMrvAE,00007,0.07130914308880953,16.832
train,pretrain,UyUXxrSS3qs,00040,0,pretrain,gSHbRSAcN6Q,00009,-5.090998513514364,4.608
train,pretrain,uNQujCwCu88,00003,0,pretrain,waRCSCQnoeY,00027,-4.310531927623298,4.416
train,pretrain,ooIxHVXgLbc,00012,0,trainval,Bp2FvktSTRM,50006,-2.0563547546285417,4.416
train,pretrain,cxGWGohIXiw,00035,0,pretrain,j3YjeARuilI,00020,9.498114666123794,7.232
train,pretrain,HEFSHP2XE7E,00037,0,pretrain,q2k2Xbfuy1I,00002,-1.7693372255972086,4.416
train,pretrain,7nAU7KXXHEI,00008,0,pretrain,4KhnSz9FPmU,00026,-2.0905642678424963,7.424
train,pretrain,RSW3xi2jMYI,00011,0,pretrain,b6uOb1fm5bg,00004,-8.90275223371268,5.76
train,pretrain,b2qM1ISJCEQ,00053,0,pretrain,59K6SwHLtcw,00014,2.2224268961368487,9.92
train,pretrain,PB2OegI6wvI,00023,0,trainval,56WGgJNBRxQ,50010,-2.406635582304837,3.456
train,pretrain,UzuUljhS9uI,00038,0,trainval,9EVEmZ2cSes,50009,-3.2808645912811096,5.504
train,pretrain,UROCz70tlMY,00004,0,pretrain,XiEQmcZi8cM,00034,1.9041434274869111,4.736
train,pretrain,oSv7E8WK2Iw,00023,0,pretrain,GFXHYtY9ag8,00002,3.6320187918358453,14.4
train,pretrain,v9dEgXR1iWE,00020,0,pretrain,aR6jLD1USW0,00039,7.492847408363378,5.376
train,pretrain,ddek3gQVt9Y,00046,0,pretrain,i63jTStjZSQ,00001,8.979223327344673,5.312
train,pretrain,FIrgjCNcDBI,00005,0,pretrain,aySy3tSYGYw,00012,7.332308978876235,6.848
train,trainval,5K57kcs15DY,50020,0,pretrain,RAooSSSeUIk,00007,-9.961558278513255,4.096
train,pretrain,Uwl012o8P7I,00004,0,pretrain,bnvnBwP9sTo,00007,-1.2720242410351617,14.08
train,pretrain,BxFvxKaSmWo,00007,0,pretrain,4l3Kj3hVSVY,00003,3.330051535548936,6.4
train,pretrain,a17Z5Sk2XJY,00024,0,pretrain,KTvSfeCRxe8,00061,-6.176711761759261,4.096
train,pretrain,KIKqRFZ3r1I,00021,0,trainval,B0ESVNX1SYk,50001,-9.534740443072653,3.008
train,pretrain,ddek3gQVt9Y,00050,0,pretrain,Hui5YHSD6Go,00004,0.23597124794445534,5.76
train,pretrain,z5aAJGNSRHs,00016,0,pretrain,B4a0NvLTebw,00019,1.4722944042160169,4.48
train,pretrain,N0vRIqeoefs,00050,0,pretrain,pz1TDXKSTHc,00047,4.802768424439861,4.608
train,trainval,SU1foLW8h54,50027,0,pretrain,NRXCxJGQ4KY,00030,5.913683175581173,4.992
train,pretrain,7Xmr87nsl74,00018,0,pretrain,RlQEoJaLQRA,00021,-0.0059588259583183145,3.008
train,pretrain,VPweEhht9y4,00025,0,pretrain,YKACzIrog24,00006,7.073851750590471,7.296
train,pretrain,MnT1xgZgkpk,00010,0,pretrain,xSLkNjQyHww,00010,1.5302828415685532,4.8
train,pretrain,C9XIVtUEgFE,00010,0,pretrain,YMyofREc5Jk,00041,-9.189181927711319,3.968
train,pretrain,1z3Fgtj8fqk,00001,0,pretrain,lSiQSNSwgMM,00004,-5.576644147866638,6.656
train,pretrain,2VWSSFSUeQI,00001,0,pretrain,qu7ZpWecIS8,00022,7.528108522106528,3.52
train,pretrain,2zvjW9arAZ0,00027,0,pretrain,H6n3iNh4XLI,00007,1.7463906074096052,15.424
train,pretrain,8pHzROP1DSw,00016,0,pretrain,KJ3lcCa0G4Y,00013,-0.021155643636024735,7.616
train,pretrain,DZfOvYiQtow,00026,0,pretrain,DwQMDyyS42Q,00038,2.1810632164563124,3.264
train,pretrain,DokhOtMp75A,00012,0,pretrain,OfL5JmZnkI8,00003,-2.5376803054362878,12.16
train,pretrain,gv1ApCmctVQ,00006,0,pretrain,z5ncIwCZDGU,00015,-3.1632656748032666,8.96
train,pretrain,DSbtkLA3GrY,00027,0,pretrain,0QbLI1U4cLE,00008,-8.786408790948617,4.288
train,pretrain,BwIGcvBGSRk,00008,0,pretrain,X77DUi9PD4Y,00020,-6.853356005442328,12.736
train,pretrain,Mjl1i13JKNM,00011,0,pretrain,QLBtr2rOFkI,00005,1.2318624806061518,11.328
train,pretrain,XvS83nXSf0k,00021,0,pretrain,PXMJobWlXks,00022,1.106535914777723,5.696
train,pretrain,BxFvxKaSmWo,00011,0,pretrain,3sUWSDHOVn0,00043,8.81908484250133,6.016
train,pretrain,cRrgDS4SD8s,00002,0,pretrain,7Z9xCX4ifJo,00035,-6.950303905001769,3.776
train,pretrain,qZYNWW4M7yM,00002,0,pretrain,qFOooWq2inA,00010,-6.741888910972533,3.52
train,pretrain,tF1oSdNwE8c,00012,0,pretrain,uo7w3g24DWo,00013,0.9439255025855697,13.376
train,pretrain,7jRND5IU3Qg,00005,0,pretrain,lfykytI3A6k,00034,6.887992486822888,3.136
train,trainval,mzy84VbSGxk,50004,0,trainval,fIqABIcKIvs,50007,3.2682977771844435,3.52
train,pretrain,jSOPQgPIdKg,00047,0,pretrain,XiEQmcZi8cM,00014,4.160511194515134,5.952
train,pretrain,TdBAHexVYzc,00017,0,trainval,90mj79GqWhc,50003,7.5019864164390455,5.824
train,pretrain,EHTmxmuhZ10,00037,0,pretrain,CtvIX4s1bTU,00021,3.3380907376361826,6.016
train,trainval,1o9NEtA2IEQ,50001,0,trainval,jpeSLKnS4gM,50028,5.812782203356406,2.752
train,pretrain,D089tSF9yUU,00020,0,pretrain,Fr26scqsIwk,00009,-3.389554149460194,7.616
train,trainval,dXqPaHQp4Xw,50002,0,pretrain,xLuMcYn8Yk0,00004,7.9098054356851435,2.496
train,pretrain,uXlSmKZ7aSc,00022,0,pretrain,HtSRNn0kSSw,00007,1.6141873252410033,14.592
train,pretrain,r3afSFSG570,00061,0,pretrain,N4wFyRGilp4,00010,7.000268485570121,14.848
train,pretrain,JD4O7ama3o8,00001,0,pretrain,7s0CpRfyYp8,00049,-4.585671654283258,3.904
train,pretrain,LgBjU8ovWh0,00004,0,pretrain,b2qM1ISJCEQ,00014,3.3668253250855464,5.888
train,pretrain,wVGjQSnLg4Y,00005,0,pretrain,trxGZMm4nBQ,00038,-1.3348689410073291,9.088
train,pretrain,RbNqU2K0qzo,00019,0,pretrain,BQOz6OVz1zc,00046,5.223487654691441,5.888
train,trainval,0d6iSvF1UmA,50005,0,pretrain,sYUjyH8Y0No,00023,-2.7109837938260135,6.208
train,pretrain,iAZwvTV3CyQ,00010,0,pretrain,qYvXkSbqlBk,00012,-9.064426342745923,5.12
train,pretrain,y3jYVe1RGaU,00049,0,pretrain,IjHlyKTSUug,00013,1.4623809420016336,11.456
train,pretrain,0Sdja9Ys4Sg,00001,0,pretrain,zG21nyJNBSA,00001,2.0202719053178537,10.624
train,pretrain,CZNrOzgNWf4,00010,0,pretrain,kZt3DNCcEtA,00006,-0.581012810429204,7.36
train,pretrain,Nhwq12TKkQQ,00042,0,pretrain,lxovD2LQVUQ,00014,1.229183357151447,3.712
train,pretrain,nx3GuO41Jyg,00036,0,pretrain,LiyaSr5aeho,00012,-1.52524992744919,10.816
train,pretrain,ioMpOr7Yx98,00022,0,pretrain,5pW2b1vwwf4,00010,-8.41904419004351,3.584
train,trainval,avuhY7D71sQ,50032,0,pretrain,STsOdmkH5fI,00040,-8.539209175257493,3.52
train,pretrain,OJptdCCrcr4,00005,0,pretrain,59K6SwHLtcw,00003,-8.578572975156462,14.976
train,pretrain,fW6AndSUByo,00002,0,pretrain,vwhSTukb07U,00017,-7.382606676740647,7.68
train,pretrain,4Rtfi4MSafA,00019,0,pretrain,bRuU02haIK8,00032,1.4381316460711968,11.328
train,pretrain,uH0aihGWB8U,00018,0,pretrain,X1DlJpPqDFo,00021,2.805561976048484,10.816
train,pretrain,TBIL2sdfoVc,00026,0,pretrain,EZwxKPv1CwA,00065,3.836084025001883,8.128
train,pretrain,KoXdjyJyxbE,00010,0,pretrain,fSRWTyY2YSM,00031,-9.885394902883437,8.256
train,pretrain,CR5krXHkr2I,00001,0,pretrain,NbpSibMSEiE,00003,-3.5088841011025558,10.432
train,pretrain,kTsqFn33RiQ,00011,0,pretrain,zcMj4Az1MwE,00003,2.227585160559949,3.904
train,pretrain,v7xAZ2lrel8,00013,0,pretrain,ASY5DjSZUDE,00004,-8.574387984315138,5.184
train,trainval,79tRTivyMSM,50005,0,trainval,Kn5JRgz3W0o,50008,6.15326613772352,3.136
train,pretrain,rufeSSlZJg8,00003,0,pretrain,AkUcaludrcI,00006,1.9435834433667925,3.648
train,pretrain,1SS2wOnkcSk,00024,0,pretrain,BN9a8Ldy7Xc,00013,7.6189524138298665,4.16
train,trainval,d0LQCXCiW8g,50005,0,pretrain,4jUdCy6Vghw,00041,8.10324983887607,2.24
train,pretrain,mt4oSR9wzrs,00008,0,pretrain,o5ojwGhKr20,00007,-2.919616847412576,10.048
train,pretrain,zBSaSy6aKTY,00011,0,pretrain,70VZ1SOzSnc,00006,-7.942645880943282,17.728
train,pretrain,mYQx5n5SRVQ,00015,0,pretrain,W0StyxgMk1o,00046,4.393058048414833,4.096
train,pretrain,rzbtSeVZeEE,00023,0,pretrain,DOvbl3ZPPV4,00008,-4.24418629312038,5.76
train,trainval,59K6SwHLtcw,50001,0,pretrain,MtSE4rglxbY,00014,-3.502207405138112,5.568
train,pretrain,U4Lx5rcii38,00031,0,pretrain,a7cDt5r2pGY,00020,2.096271184855791,18.752
train,pretrain,0MYq1WJMmts,00021,0,pretrain,5Jqk1rkuUwU,00010,-7.619681070634221,17.472
train,pretrain,97rrxS1yBU0,00007,0,pretrain,ux1GxExRUUY,00010,7.639944245931989,5.376
train,pretrain,kbAac9DxM1I,00008,0,pretrain,mAAxykQH0Wo,00024,-8.565960683830626,12.544
train,pretrain,ELET24AHnEg,00028,0,pretrain,tiWwrdMqvvM,00013,2.051642694667059,4.8
train,trainval,f5udS4pbXPk,50010,0,pretrain,xuAAPsiD768,00035,7.740996040328973,3.328
train,pretrain,fmZSIr2Z29s,00025,0,pretrain,STdSfeMDeI4,00010,5.309665321866248,4.288
train,trainval,CfqO1U6lfDs,50007,0,pretrain,1pq5jnM1CSA,00012,-2.397668711083125,2.816
train,pretrain,h2KQoHMCwlw,00005,0,pretrain,hfDkDzZ9GsU,00014,-0.9046149295098083,9.984
train,pretrain,sPQViNNOAkw,00004,0,pretrain,o3VwYIazybI,00009,2.1068667613110357,8.128
train,pretrain,GMc8aSoCE30,00013,0,pretrain,bvAEJ8G9l9U,00042,-2.1885551540358383,4.608
train,pretrain,4c1lqFXHvqI,00015,0,pretrain,gJv1WdMUz0w,00001,8.636964650431981,8.192
train,pretrain,ZpT0cw9bmiw,00018,0,pretrain,1VRgmKiE0Js,00011,-0.764740779073863,6.528
train,trainval,SSudEBkC4O0,50002,0,pretrain,nXOSQeZNjJo,00009,0.06557418626179867,3.328
train,pretrain,dhMoQrLEJe0,00005,0,pretrain,t6eFzt6kFGE,00031,9.546062721109138,11.648
train,pretrain,F6Qo8IDsVNg,00013,0,trainval,BPMrcY9z0nM,50036,0.15428626252576905,2.368
train,pretrain,zqLYcJ6Ib3c,00031,0,pretrain,YL1XwfyaS00,00004,0.854042568251252,6.912
train,pretrain,C74amJRp730,00042,0,pretrain,RKmxL8VYy0M,00029,-5.5230909750607005,9.408
train,pretrain,mK2TDdEP58g,00022,0,pretrain,Mo2Ai7ESNL8,00034,-4.310743035864704,4.48
train,pretrain,tVIaoQrnAxY,00009,0,pretrain,SvSSb7cJn2A,00007,2.3844263765588813,5.248
train,pretrain,jNSOh4xILSc,00003,0,pretrain,eR22lqzdIHU,00009,-3.815428743216616,4.8
train,trainval,0sYguTPLpHE,50002,0,pretrain,1X7fZoDs9KU,00028,5.362625262074321,2.56
train,trainval,nubSKdtzLcE,50003,0,pretrain,rSSSsisz2SM,00014,2.946290845531763,3.136
train,pretrain,2ZviHInGBJQ,00022,0,pretrain,aR6jLD1USW0,00034,0.1400484997935756,6.912
train,trainval,6vLrreR6YOE,50007,0,pretrain,A2aBKnr3Ep4,00016,5.8062677008535495,3.136
train,pretrain,evfgbVjb688,00031,0,trainval,P4pKrxVcvJc,50012,9.76913925529896,6.016
train,pretrain,VObLitSe3K0,00011,0,pretrain,WF6SDe4USvE,00006,7.6331634018552315,3.904
train,pretrain,59K6SwHLtcw,00006,0,pretrain,qQDC7c2I8l8,00002,1.5381500717402652,12.288
train,pretrain,v2jSfxnRPSE,00043,0,trainval,CsqSDpmgsQg,50007,0.3645331004306751,6.08
train,pretrain,WfjzkO6SDEI,00024,0,pretrain,SRKgDP1YPUo,00002,-7.919483461547559,9.728
train,pretrain,b28brIs1OmM,00030,0,pretrain,ilMwoEdqMTs,00010,-1.6798413529007998,7.552
train,pretrain,Ligs82S0qN8,00007,0,pretrain,jguSkEMwrcc,00020,-8.209422675238152,10.496
train,pretrain,sSXv06gUX3Y,00014,0,pretrain,T7ibjISKSdY,00004,1.84801310778289,14.528
train,pretrain,ErexJkoDhGI,00047,0,pretrain,MOFdlEbu15g,00070,7.979701886014496,4.032
train,trainval,tlB1pFwGhA4,50019,0,pretrain,av3SCLBU7sI,00007,4.563092899734777,2.24
train,pretrain,hsSYuHv0vUk,00025,0,pretrain,exjlR7izakg,00007,-4.66878756028782,7.04
train,pretrain,DwYQHj7Hmik,00022,0,pretrain,BsVzjd5HS9Y,00006,5.120448530978594,14.016
train,trainval,szU2S1infqc,50004,0,pretrain,YGoI3B86iX4,00009,-5.880253147224512,4.416
train,pretrain,xyIQFI865Sw,00027,0,pretrain,JD4O7ama3o8,00045,-0.5191460166197501,9.088
train,pretrain,mguvTfAw4wk,00026,0,pretrain,jAGgKE82034,00004,-1.6719988356366144,4.224
train,pretrain,pCHWOt3FOgY,00001,0,pretrain,B905LapVP7I,00001,-0.30853004889792146,4.928
train,pretrain,3B24RaqA33k,00051,0,pretrain,9ebJlcZMx3c,00031,6.091590562974172,5.376
train,trainval,y2X7c9TUQJ8,50006,0,pretrain,rB6WmWvvyxg,00033,6.711664160526311,2.112
train,pretrain,In6iAXTnqEo,00021,0,pretrain,NDQ1Mi5I4rg,00002,-4.624695396534628,15.488
train,pretrain,1X7fZoDs9KU,00029,0,pretrain,lwcvhh4pLjE,00058,4.623561369712945,5.056
train,pretrain,wfNX1cHkSfE,00027,0,pretrain,iARReKKgETs,00013,5.99141805279489,7.936
train,pretrain,3WCwBVprDuQ,00031,0,trainval,VStEmE85QDE,50004,5.149923842158531,5.696
train,pretrain,KQEWc3LVfyc,00032,0,pretrain,gCWeVYCcKXw,00034,1.9669668569326486,4.544
train,pretrain,eg66CMRpKCw,00006,0,pretrain,raCIUeGUr3s,00010,-4.181427639505284,5.568
train,pretrain,FjnGdiqk96Y,00009,0,pretrain,c4oW6PcOUtc,00009,-3.8904018709365262,8.64
train,trainval,8jkri0AeZWQ,50010,0,pretrain,nAMrtHC2Ev0,00006,-3.9958831349855295,5.248
train,pretrain,YraU52j3y8s,00084,0,pretrain,VM6HZqQKhok,00010,4.4504210638588795,8.32
train,pretrain,vC1uxXvPG0Q,00009,0,trainval,S9PEogIrHSk,50006,4.544613901233358,3.136
train,pretrain,6xsvGYIxJok,00007,0,pretrain,ciStnd9Y2ak,00026,5.7390294580056604,5.056
train,pretrain,k5tCYg9s0HU,00003,0,pretrain,7vsO7SHLJMI,00011,-2.471737083764789,11.456
train,pretrain,ZChEFOGSn8Q,00020,0,pretrain,xb4nTtpvDF4,00001,1.269850744652052,6.208
train,pretrain,g985z9Wq5gk,00014,0,pretrain,KOtFDsC8JC0,00008,8.862746599012024,18.688
train,pretrain,k4vzhweOefs,00021,0,pretrain,Rv9SwZWVkOs,00005,-5.13917668889885,11.328
train,pretrain,aEa11FZwTRY,00004,0,pretrain,4yyPSZSGLOI,00020,-8.191101788464257,14.144
train,trainval,RGRlkq4Xl1s,50002,0,pretrain,pY6ulSP70HY,00025,1.0121069225954074,2.88
train,pretrain,zqnZCSVsqPw,00005,0,pretrain,Mtjatz9rSVc,00019,6.422736641210786,4.48
train,pretrain,5cQoGNEcc5Q,00009,0,pretrain,iSpwUpdQdyY,00059,3.8247078767298177,7.04
train,pretrain,SjsGSNgmleA,00010,0,pretrain,SmsYxDvdcYc,00042,7.12318080978315,6.656
train,pretrain,dnMeyvtJpsk,00015,0,pretrain,9XRPbFIN4lk,00006,9.589026131396587,3.008
train,trainval,Fb2J5eDoFko,50018,0,pretrain,esugL07XANg,00075,-5.354372773313338,5.888
train,pretrain,oeL72c6scAs,00006,0,trainval,7Z9xCX4ifJo,50003,-3.1344372776970175,6.208
train,trainval,1hxwsYYz5fI,50003,0,pretrain,QPiaadMporw,00019,-8.85827218584313,6.08
train,pretrain,Oj8eFu72Sfc,00015,0,pretrain,RlQEoJaLQRA,00015,-6.1002359295988455,15.36
train,trainval,Y9DsAmzNkWk,50001,0,pretrain,6qqqVwM6bMM,00017,5.515420947485406,2.304
train,pretrain,fzKxYlHmhmY,00003,0,pretrain,y7l5QHRYSAI,00001,-1.827316094619869,10.048
train,pretrain,QnJIjEAE41w,00010,0,pretrain,mArrNRWQEso,00057,4.2545353176316,3.456
train,pretrain,IMTcuU0KLSw,00017,0,pretrain,tVIaoQrnAxY,00015,-4.2535613230015334,16.64
train,pretrain,oIGBBPspTKM,00027,0,trainval,40Aziot4aao,50001,-8.966137327639403,2.56
train,pretrain,ogXTSCI7KRU,00016,0,pretrain,zkQL7UJYDIY,00013,-4.078007246727864,4.608
train,trainval,4YooZCkyUsY,50003,0,trainval,by3NnWvSCj8,50008,-6.455920590033905,4.352
train,pretrain,dkLcwHmnPV4,00021,0,pretrain,9SQYDFiWnSs,00017,-2.414066964787338,4.48
train,pretrain,5Jqk1rkuUwU,00001,0,trainval,fKyljukBE70,50008,0.2107247382388273,5.568
train,pretrain,eJ89At9Xxws,00013,0,trainval,d6wGSsAdP0U,50015,-7.946126147547359,2.304
train,pretrain,8rZzHkpyPkc,00054,0,pretrain,w96osGZaS74,00039,-9.755664178196255,5.312
train,pretrain,tRqVPRwKn2o,00025,0,pretrain,0YNeyBANrTI,00003,-1.107363476062135,5.312
train,pretrain,GROCkg810R0,00013,0,pretrain,7DLzXAjscXk,00012,0.23610329885090486,13.056
train,pretrain,eXp5QSfXLQU,00005,0,pretrain,PYSkd46RfVE,00044,-6.037278948034093,8.512
train,pretrain,qGSYmIPFO68,00035,0,pretrain,dkLcwHmnPV4,00022,4.6262309852298245,5.376
train,pretrain,UlDWRZ7IYqw,00004,0,pretrain,TXaXvrd3jS4,00021,7.044842774840603,3.904
train,pretrain,2VWSSFSUeQI,00018,0,pretrain,BZoKfap4g4w,00002,-6.59965700265616,7.04
train,pretrain,iSpwUpdQdyY,00027,0,pretrain,kKeUISJko3o,00008,-9.069864387283017,6.72
train,trainval,z9sa2ZAqHl0,50002,0,trainval,H2rG4Dg6xyI,50025,0.23608889754015294,2.048
train,pretrain,yzm4gpAKrBk,00011,0,pretrain,4ShLkgv6LSk,00023,4.115756247744875,4.416
train,pretrain,fnS9f5x0f1Q,00020,0,pretrain,FpHPVrsEkYY,00015,-2.941941039073397,4.672
train,trainval,mzy84VbSGxk,50004,0,pretrain,1HIxnTruN78,00014,6.158701369659521,6.016
train,pretrain,C6mNITMY7e0,00022,0,pretrain,pLCeQyxVWB8,00018,-6.002533406102081,4.608
train,pretrain,uo7w3g24DWo,00025,0,pretrain,MOQcSzkKfbs,00007,-4.695544795725701,6.464
train,pretrain,SCEKKHyxgaw,00014,0,pretrain,dhMoQrLEJe0,00022,-9.987757371213688,9.728
train,pretrain,73rUjrow5pI,00014,0,pretrain,SgjGcBTyScY,00005,5.170847636842947,15.488
train,pretrain,wZzHnZzmS58,00004,0,pretrain,nC06omDS0kA,00004,4.57276455638312,3.84
train,pretrain,Rf8qS8gbfrw,00003,0,pretrain,8vSGrrQs8ow,00019,-4.99284894220585,12.864
train,trainval,ScvI1jKxlTM,50014,0,pretrain,C74amJRp730,00015,8.19438510060835,3.648
train,pretrain,9YGZkgkj3fM,00003,0,pretrain,WkNpElapS9s,00022,-0.5491662376684392,5.312
train,pretrain,6oLsJUH1cfU,00013,0,pretrain,xnovQVRHj5c,00023,0.9365580657151114,6.848
train,pretrain,py1RrSdVt5A,00030,0,pretrain,q06YIWCR2Js,00031,-0.9690152817176241,4.352
train,pretrain,wAIP6fI0NAI,00049,0,pretrain,TMoYQhyxViw,00002,7.516176996743891,6.336
train,pretrain,xkq8drS5ofs,00015,0,pretrain,xAgawjzimjc,00001,-6.242836883745413,5.44
train,trainval,85bqT904VWA,50004,0,trainval,9RMaD0Sk7hc,50010,-5.355313528262555,2.816
train,pretrain,FzmXULKUNJU,00006,0,pretrain,ZJXxySanins,00018,-7.65209382314435,9.856
train,pretrain,FRKg49ySnNw,00005,0,pretrain,kYXiegTXsEs,00006,7.092327218874736,3.648
train,pretrain,E6atIJ8RDzU,00004,0,pretrain,gzthxdm7XNs,00018,-4.562495512693905,14.848
train,trainval,nn5k4snG3rA,50009,0,pretrain,SpQ1BCdSTTI,00004,-8.069506922215915,4.16
train,pretrain,bTE0MRRXNzs,00016,0,pretrain,VYU25aJpg5o,00037,-8.775614816046122,10.048
train,trainval,IXBalykzauE,50004,0,pretrain,7W8OJgeYy1w,00008,-9.354678804278706,4.608
train,trainval,cotBM0laSSo,50026,0,trainval,7Mqse6SLOds,50005,9.858347530847286,2.048
train,trainval,Q0Uo05JoZQo,50032,0,pretrain,Dk37LhxjPEY,00017,-3.811908999179474,2.688
train,pretrain,5aH2Ppjpcho,00034,0,trainval,I9tB6Q5bmcQ,50001,4.49693108871536,3.328
train,pretrain,ibMjhQvAmcI,00017,0,pretrain,bjNSaXg4S6Y,00003,3.9021972521940373,4.608
train,pretrain,ZuCX92wuw2g,00036,0,pretrain,AR6RiSHN7S0,00026,-1.1237971344612987,4.864
train,trainval,AAkEYcmCCCk,50020,0,pretrain,R7beBKnH9u0,00015,-8.505036007171487,5.376
train,pretrain,FM5SDGprLpc,00019,0,pretrain,5XD2kNopsUs,00025,3.839893961078392,5.888
train,pretrain,IJwlyf7rCtU,00001,0,pretrain,Dh5sPiuaO9Y,00010,-7.940934385806928,4.992
train,pretrain,hgWie9dnssU,00003,0,pretrain,uhRhtFFhNzQ,00031,6.426140005928524,19.584
train,pretrain,Jp9b2Hf7QWg,00012,0,pretrain,Kp13yOhLEbU,00008,3.8570482499818866,5.76
train,trainval,SZSvyLHi2us,50003,0,pretrain,ZqeASpsKn2E,00009,-9.294301344261182,4.736
train,pretrain,8rZzHkpyPkc,00022,0,pretrain,nG1oCU0ijP0,00031,-4.010719842523553,3.328
train,pretrain,78nsxRxbf4w,00014,0,pretrain,VGUnvr6ImOo,00021,-9.899785463503367,9.28
train,trainval,abMQhaMdQu0,50024,0,trainval,z5lZ9wciZQM,50004,-4.384304700877966,3.136
train,pretrain,XDBWEKBq0Sw,00019,0,trainval,5tzEpqDtaPE,50003,4.076523021095667,2.944
train,pretrain,HaHeAdJNa70,00011,0,pretrain,gqpErbFnbiY,00023,-9.038715276382725,5.248
train,pretrain,8olL43PKJKw,00012,0,pretrain,SQe8cR4Jl10,00005,-2.3115568753366222,4.16
train,pretrain,LS6TWtYWaPA,00024,0,pretrain,Sf994ANuGIY,00049,2.2789983956184123,4.736
train,pretrain,ONXYcNS7k1Y,00021,0,trainval,tBbyP0P7BRg,50009,8.344238403114424,6.08
train,pretrain,RGCVyI7x1kA,00002,0,pretrain,IJmr7MsS8fw,00022,-3.64370685622053,5.12
train,pretrain,wZzHnZzmS58,00014,0,pretrain,iAZwvTV3CyQ,00002,-0.13454973849690788,15.04
train,pretrain,OAK1UIbSFio,00016,0,pretrain,lUO0xDSJQVI,00018,-8.093670327776517,11.136
train,pretrain,BQOz6OVz1zc,00006,0,pretrain,6c0VtOdibcI,00010,-0.12964151220500497,4.416
train,pretrain,d8s8e8JdGCc,00022,0,pretrain,vbHkhSfaQu8,00048,0.32507692240870867,8.448
train,pretrain,rjECbQ1rSk0,00006,0,pretrain,ht1zFl7HyO8,00003,-6.971119577408842,6.016
train,pretrain,pNttjJUtkA4,00046,0,pretrain,kyznWXHEX1o,00003,2.7966372567363997,11.328
train,pretrain,ERSZb2wHFDw,00001,0,pretrain,kyaiTGmwxnU,00026,5.527325473326449,9.408
train,pretrain,WfjzkO6SDEI,00030,0,pretrain,HpiZTvlWx2g,00001,-8.282390875900907,6.72
train,trainval,v3SZTqj2Skw,50024,0,pretrain,WQG8EJTY48M,00014,-6.950784615845851,6.208
train,pretrain,ziGD7vQOwl8,00028,0,pretrain,OIpgrZ8ySSQ,00002,-2.7693607544220944,6.848
train,trainval,YL1XwfyaS00,50015,0,pretrain,lrZ2DJzbYYo,00021,6.491183579823602,3.648
train,pretrain,ZvSJE9n0GfA,00004,0,pretrain,CpkXmtJOH84,00018,-6.921130047552295,8.704
train,pretrain,uxnjyfSeRpI,00003,0,pretrain,dsOSb0SrS5Y,00033,3.9101168257190153,5.056
train,pretrain,aFBIPOSP7LM,00002,0,pretrain,HH3m1OSiOT0,00034,1.4075723416431973,7.424
train,pretrain,eR22lqzdIHU,00005,0,pretrain,HzySGhX8SCc,00002,4.142232157465424,6.272
train,pretrain,hPsUXhXgWmI,00032,0,pretrain,EDLWWP8N6MU,00032,-9.370762598619699,5.568
train,pretrain,q49LtMyXK7Q,00003,0,pretrain,kKeUISJko3o,00017,-0.967930465088255,9.536
train,pretrain,iNgBSj4S5HY,00013,0,trainval,WpEjt71l08I,50014,-1.3546092566870893,3.904
train,pretrain,WSsjBMSWSYE,00006,0,pretrain,1bXAkbCyjpo,00022,4.819109748039423,6.08
train,trainval,DqbM1ZrpTQg,50005,0,pretrain,ZIhFcjcc568,00001,4.649133403428332,5.952
train,pretrain,6tSlMoMNSlY,00012,0,pretrain,kQa11RMCeSI,00006,3.8917705498555737,2.816
train,pretrain,utV1sdjr4PY,00026,0,pretrain,wSHYZv6HzAs,00009,3.999162898857577,5.376
train,pretrain,7nAU7KXXHEI,00005,0,pretrain,nSOSNWblMNE,00007,1.3276294458212767,4.288
train,pretrain,Qh1iU3Srx5g,00002,0,pretrain,DcKdClnpz4k,00052,-2.138614982192535,3.456
train,pretrain,uqc56GMOYWY,00008,0,pretrain,AoAbPIbGLUo,00003,3.652429225782278,8.576
train,pretrain,mkdSXHXhCcw,00081,0,pretrain,NMBNZspmn7I,00021,9.043949057102964,11.008
train,pretrain,cS3f3rQRlug,00018,0,trainval,1YO1FmVAPrA,50015,-2.691313752213313,2.944
train,pretrain,aSLSiIskEFU,00019,0,pretrain,2G8C36aKnpU,00013,0.6102364594649288,6.464
train,pretrain,btF6nKHo2i0,00055,0,pretrain,tH5iEf9oxaI,00054,8.736793122943759,8.512
train,pretrain,rueQgStScw0,00011,0,trainval,Nhwq12TKkQQ,50011,-4.5611850038702855,6.144
train,pretrain,ptIecdCZ3dg,00022,0,pretrain,JSuTsrxfYWQ,00025,1.7571641020904654,9.28
train,pretrain,z19gIaUmIBU,00001,0,pretrain,L2upTRjXeJM,00007,9.741087257068841,29.44
train,pretrain,zGEDHMF4rLI,00004,0,pretrain,4a6ZRstYlgw,00001,5.948098565838107,10.56
train,pretrain,OKIyDMaxh4w,00023,0,pretrain,wX78iKhInsc,00065,1.0558653280872665,6.72
train,pretrain,8s3bdVxuFBs,00016,0,pretrain,xyIQFI865Sw,00013,4.160225408037999,15.168
train,pretrain,ema8O7xqjvk,00034,0,pretrain,VHZKiSGNxWw,00005,-3.9284981149971347,4.608
train,pretrain,vCCdmGKtxPA,00001,0,pretrain,VM6HZqQKhok,00025,7.40566111245856,8.0
train,pretrain,KRrNST9OAcA,00007,0,pretrain,fa7SkR2fz3M,00024,0.25035904601492476,18.112
train,pretrain,M1yCvKASWdU,00003,0,pretrain,J9SXc9wxByM,00036,-1.3207530905681786,4.416
train,pretrain,694XUHVuGQo,00014,0,pretrain,SxMWqUe8FdU,00008,7.176587798093248,3.84
train,pretrain,YsYHqfk0X2A,00011,0,trainval,SJWoKsfsSaA,50009,0.5466030711754364,2.88
train,trainval,kNhyOYv2ejw,50017,0,pretrain,iAZwvTV3CyQ,00009,-4.839767088486202,2.816
train,pretrain,vrU6YJle6Q4,00037,0,pretrain,BLnOPA7oMxY,00003,-1.0997372857815222,3.52
train,pretrain,2G8C36aKnpU,00009,0,pretrain,nzj7Wg4DAbs,00031,7.914924150414858,3.712
train,pretrain,sAMahX5hIgU,00003,0,trainval,T3I6LwDSfPE,50001,8.015204982958444,6.08
train,pretrain,80USSKwX0iU,00014,0,trainval,1rTEOU67zCo,50021,-7.9470465217472785,2.56
train,pretrain,nko6uV5u9vg,00006,0,pretrain,jdMv5x8SBuM,00024,-4.862063913077255,4.8
train,pretrain,Kp13yOhLEbU,00003,0,pretrain,KkyzYjPuxK8,00011,7.7334850621261175,6.144
train,pretrain,y7LXwGfvxwo,00038,0,pretrain,KCL8NjN7FMQ,00057,-5.513929506523327,6.912
train,pretrain,FRKg49ySnNw,00001,0,pretrain,pMNxSROBwrg,00003,-3.2443548450818422,4.288
train,pretrain,9KACXVScWS4,00005,0,pretrain,Bqx8abrSIYo,00001,2.4808641559624682,8.384
train,trainval,9EVEmZ2cSes,50028,0,trainval,ciStnd9Y2ak,50001,-0.23636227083374806,4.608
train,pretrain,wOiKRVH0nQ8,00011,0,pretrain,zeSVMG4GkeQ,00028,3.1217755122603563,3.456
train,pretrain,StqRJhHNUGA,00008,0,pretrain,bHLgTUV0XWI,00021,2.993917459370522,11.52
train,pretrain,t9c7aheZxls,00002,0,pretrain,EL9TBKSdHXU,00024,9.40095586156438,8.704
train,pretrain,4xnVNvd8lBg,00003,0,pretrain,k4vzhweOefs,00019,-0.8014571160675583,5.824
train,pretrain,VwRlHLBweoI,00006,0,pretrain,2W1jvTEjc1s,00029,-9.01842378916066,2.56
train,pretrain,5ErKrSyUpEo,00007,0,pretrain,jpeSLKnS4gM,00032,4.714227512722724,11.264
train,pretrain,uSMqkSqSgN4,00016,0,pretrain,G0ZjSInJ4BQ,00001,2.7234959737846314,19.328
train,trainval,mUJdzaLDRIo,50003,0,pretrain,6Af6bSwyiwI,00009,2.3993707479453885,2.24
train,pretrain,vvlozhvQPJw,00016,0,pretrain,bczm0RsIZUM,00007,-4.516296171227858,7.68
train,trainval,sa0RUmGTCYY,50043,0,pretrain,gypAjPp6eps,00007,8.612918551026095,2.496
train,pretrain,B1dkma6GRZo,00010,0,trainval,wPFA8n7goio,50003,-3.0697767828563265,6.08
train,trainval,jzfV2xVsUKc,50001,0,pretrain,GtXyGFMBWBs,00013,-1.0198548179459905,5.952
train,pretrain,WzDygsn0Djs,00026,0,trainval,aIcwIH1vZ9w,50010,-8.250859050343367,2.432
train,pretrain,nLeeTVmVrtA,00010,0,trainval,5pXelS1clHs,50007,3.9801634600337366,2.048
train,trainval,Wj4E90stS2c,50002,0,pretrain,pMUv6UWkuWw,00016,4.309209753733597,2.304
train,pretrain,MgnnQ2CN6yY,00031,0,pretrain,01GWGmg5jn8,00020,5.119023308393443,7.296
train,pretrain,ImmtTHYU5GQ,00014,0,pretrain,8iZSsHd0IlU,00029,4.908268544363157,6.848
train,pretrain,9FBxfd7DL3E,00020,0,pretrain,ARGkp6am3S8,00032,5.940368838461625,3.84
train,trainval,Rz8m1yDE0ms,50010,0,pretrain,v84pD2g3gSk,00011,-1.422761491130153,5.76
train,pretrain,QJORi5VO1F8,00016,0,trainval,c8re1U9rCo4,50013,8.035938768923199,6.208
train,pretrain,2bvoJAfjWMM,00005,0,pretrain,V1xt7zgnuK0,00005,-0.5677442475466439,5.632
train,pretrain,y7A4dZIyI0g,00029,0,pretrain,NtOoDN0ojxo,00013,-0.9577954411716245,5.312
train,pretrain,6weGCM3sWKc,00013,0,pretrain,Jc2F3SnawnI,00016,1.9414694962491215,12.48
train,trainval,VJRBx0JjMSM,50017,0,trainval,ultonpeO0ZA,50002,8.343038849917491,4.288
train,pretrain,oZ2eT76Sb4I,00013,0,pretrain,H3TFShI7zKc,00006,-2.336518815433484,3.328
train,pretrain,7npLVcymHGc,00002,0,pretrain,ZCRC5S0kfiw,00005,-7.475848881840303,6.208
train,pretrain,pg63A6WaCSc,00006,0,pretrain,DL0SgcP15Ts,00002,7.299841299057679,5.952
train,pretrain,j51HsRILGKI,00024,0,pretrain,UQkIbUvcs7w,00011,-8.796850838808785,5.696
train,pretrain,1InHN8JPazA,00003,0,pretrain,BMOjVYgYaG8,00026,-4.1355411486398825,5.76
train,trainval,7DLzXAjscXk,50009,0,pretrain,nFEgRt2EH1g,00007,-4.854391131309235,2.496
train,trainval,C0byYFXjRJM,50005,0,pretrain,j4yCdGB2NG4,00017,0.08287129607167287,2.688
train,trainval,G8cjIBwP52o,50015,0,pretrain,1TYPldG99dk,00037,9.570448420031436,3.968
train,pretrain,RKmxL8VYy0M,00009,0,pretrain,7wJTgUCxnKA,00025,-2.51667838424964,11.712
train,pretrain,X1DlJpPqDFo,00008,0,pretrain,ws4GZvNeQhQ,00037,-8.264074129741259,4.416
train,pretrain,LoXAAEy6YQU,00012,0,trainval,p2MEGk5q1WI,50006,1.1816685908288136,3.328
train,pretrain,eSBZigXlphY,00025,0,pretrain,by3NnWvSCj8,00002,-5.606309055660503,4.16
train,pretrain,LJhklPJz9U8,00047,0,pretrain,JSuTsrxfYWQ,00015,2.0770355638347997,4.288
train,pretrain,BMDSPhk7JSY,00005,0,pretrain,bf7BXwVeyWw,00022,-9.004907908733342,4.16
train,pretrain,uJZWcKOIZMo,00016,0,pretrain,t1ZSoufuQg4,00008,-7.537036024203491,6.976
train,pretrain,MwzqSswl4cI,00041,0,pretrain,60P7717SXOQ,00034,-2.082145212633826,3.84
train,pretrain,AU66C6HePfg,00023,0,pretrain,ISjk9ni4XWk,00006,8.898086828018261,6.912
train,pretrain,QBDShp6U7tU,00025,0,pretrain,gWPFJgLAzu4,00014,-4.28304304603526,7.168
train,pretrain,QQ0K98XDvds,00005,0,pretrain,IBoJcDlqmo0,00011,-6.286122290846697,10.688
train,pretrain,1hxwsYYz5fI,00009,0,pretrain,JaFSfq2Zn7I,00068,-2.918495241638177,9.92
train,trainval,dooLZNsHVDY,50003,0,pretrain,S2OzLREwHtI,00034,-0.2981200904497694,4.8
train,pretrain,Qao76IPXWSE,00011,0,pretrain,2zvjW9arAZ0,00028,6.08829539651391,5.632
train,pretrain,hz2ONnzRANs,00002,0,pretrain,AbqsMDfX9Ig,00015,-3.174422123504675,6.464
train,pretrain,kKSUjBmHqQw,00006,0,pretrain,rzbtSeVZeEE,00009,-4.664222316048354,4.16
train,pretrain,1X8b7mXImVM,00013,0,pretrain,IaMnRrrQx48,00017,9.596296388459102,6.336
train,pretrain,C74amJRp730,00017,0,trainval,7sxpKhIbr0E,50009,-5.747847009973295,6.144
train,pretrain,STsOdmkH5fI,00008,0,pretrain,31iuh9pfFwg,00004,-3.09116188700645,9.984
train,trainval,LPwWYFOFTGU,50007,0,trainval,G0ZjSInJ4BQ,50002,-0.16026709170702347,3.712
train,pretrain,mj0CWrSB7E8,00018,0,pretrain,6WeS1bXRBOk,00006,-7.796618633778083,4.352
train,pretrain,PcDftBVDSlc,00005,0,pretrain,mAEqvn7B2Qg,00006,-6.676869161105219,4.608
train,pretrain,mZqL7MC8Eys,00012,0,pretrain,LETgWDSSzSI,00011,6.476357349199937,11.136
train,pretrain,ofjRnIpXBF0,00009,0,pretrain,GMc8aSoCE30,00021,-0.7185101030430161,6.72
train,pretrain,7sqeoYOQ4qg,00047,0,pretrain,BWWPZlaq35U,00025,9.996878538822845,7.168
train,trainval,ZUGOaSux6pU,50001,0,pretrain,1fZ4XOnnh1c,00006,3.9127334070489397,3.456
train,pretrain,RsiLLNziScM,00023,0,pretrain,0wpCZxiAQzw,00013,1.6698592829676144,3.904
train,pretrain,QpmsftF2We4,00010,0,pretrain,Si644sBMaOY,00004,6.934643512565465,12.032
train,pretrain,ezVk1ahRF78,00001,0,pretrain,twWkGt33XSk,00003,9.311959241435524,6.848
train,pretrain,Mtjatz9rSVc,00002,0,pretrain,6hFxDLkWNPY,00006,6.469921932134149,8.448
train,pretrain,3q3WOrs8kAM,00006,0,pretrain,wKIHuxe2fi0,00007,7.803769725835693,8.576
train,pretrain,pNttjJUtkA4,00044,0,trainval,QuaIMgzIOn8,50009,3.978109394721738,2.048
train,pretrain,uSUOduS5MPc,00022,0,pretrain,fddYApFEWfY,00015,-9.364433189038422,4.224
train,pretrain,UxtJtlgDkC8,00005,0,pretrain,PyS1o4sX1hk,00011,-1.0999033636872397,5.696
train,pretrain,t5dSmG8SI34,00009,0,trainval,rRxdxIbSQbY,50005,1.2028296097924098,3.648
train,pretrain,iW4fCwfw1vg,00029,0,pretrain,TQMbvJNRpLE,00026,0.05394010084960854,9.728
train,trainval,DhSoIwxWkkI,50001,0,pretrain,MvMUMShuMaI,00013,-9.524365102182934,2.88
train,pretrain,pVQdpofMhwU,00005,0,pretrain,fhCYS8avhWM,00005,0.3102833602188255,5.376
train,pretrain,Urk3xn7l3AM,00013,0,pretrain,DzNNS4rcIjs,00022,1.781212412940917,7.808
train,pretrain,CilXrSYMA8U,00001,0,trainval,IkJTwfHPv6A,50002,9.874519073508726,2.112
train,pretrain,nCwwVjPNloY,00022,0,pretrain,Ytw0I6ytRto,00008,4.680034422773446,6.656
train,pretrain,moS9iMlmsP0,00036,0,pretrain,PuroSL7O4eY,00035,1.397715493279021,4.288
train,pretrain,wDxjss7kHRw,00010,0,trainval,ac1mOswXxLs,50006,7.596375323300396,3.648
train,trainval,4ZgwzSm7sRs,50001,0,trainval,ulLFP8axZVQ,50011,3.930420412034202,2.496
train,pretrain,SgYvy71CSSA,00035,0,pretrain,hPsUXhXgWmI,00047,-5.31427023398442,4.352
train,pretrain,X2et2KO8gcY,00017,0,pretrain,qm0isl11BfY,00024,8.56240282241988,13.824
train,pretrain,wEM9c7RoVms,00021,0,pretrain,PMBWNbj2awk,00017,-3.4127696624294064,8.576
train,pretrain,PsihkFWDt3Y,00011,0,pretrain,eJnlgDUcxOQ,00023,-9.903143367101844,6.592
train,trainval,Bqx8abrSIYo,50002,0,pretrain,esPRsTSlmw8,00011,9.183551960344257,2.112
train,pretrain,ASQpKiUSNHo,00045,0,pretrain,Pzd7ReqiQnE,00001,6.479261016236478,9.088
train,pretrain,wsIrdxDJpSQ,00018,0,pretrain,FN0fjOsJIxk,00027,3.0825687694647836,5.376
train,pretrain,23Uuehgmd14,00012,0,pretrain,Jv2GGScsUc8,00016,-3.6199280340311946,9.216
train,trainval,2Oe6HUgrRlQ,50048,0,trainval,b4sMMWJYUOs,50004,-0.4462274517027005,2.112
train,pretrain,gmn7tjSNyAA,00008,0,pretrain,ZBWsmoy5Re4,00028,1.573081114322985,7.04
train,pretrain,apbSsILLh28,00010,0,trainval,kmNxhFFZWpM,50003,-1.5117028096347447,6.016
train,trainval,EUYLa7MAlPc,50007,0,pretrain,1U2qMRGihGg,00003,-6.491491035542025,2.176
train,pretrain,XX30i6nC7ro,00002,0,trainval,audakxABYUc,50012,-9.673634630283166,3.456
train,pretrain,KOIsqRgJ3XM,00003,0,pretrain,9qd36SQPxSY,00006,-1.370096529827844,6.208
train,pretrain,EBebWBjpWIQ,00005,0,pretrain,OSGHRMKrVM8,00026,-2.09344467665799,4.672
train,pretrain,8J622Kyt4r0,00005,0,trainval,9OECsmMont4,50004,0.9840554453019905,5.632
train,pretrain,bhHJ4DRZNZM,00011,0,pretrain,o5SrKh9BNHg,00001,-5.830962348759616,8.0
train,pretrain,kYXiegTXsEs,00012,0,pretrain,MOFdlEbu15g,00039,8.234883609578304,4.288
train,pretrain,UJv5B7s1DdE,00001,0,pretrain,9y7YEmyzSDo,00025,-4.858786192869431,4.416
train,pretrain,XqsmITK1VO8,00008,0,pretrain,KQbTvFHymLc,00024,-1.3754692721680861,6.976
train,pretrain,QeAGu40vZzI,00020,0,trainval,0OkOQhXhsIE,50033,7.491172005583145,4.864
train,pretrain,SjaWs87t5UM,00021,0,pretrain,cGrFSZYPAyk,00006,-9.22989035333668,13.952
train,pretrain,7s0CpRfyYp8,00027,0,pretrain,QHIocNOHd7A,00034,-5.212738505241852,4.416
train,pretrain,ysln0YyjUok,00006,0,pretrain,U2dHczVSCdo,00001,7.351226590973983,11.52
train,pretrain,ts9JpM0gHMU,00031,0,trainval,c2tOp7OxyQ8,50007,-2.4032377591241616,2.048
train,pretrain,iONu2ndDmHM,00004,0,trainval,IshrD4mjnNU,50015,8.722836703574114,2.048
train,pretrain,FdHJw0veVNY,00034,0,trainval,0ZhL7P7w3as,50002,-5.99829178823917,5.696
train,trainval,F6NU0DMjv0Y,50004,0,pretrain,MS4x6G0zzeg,00021,-8.480610349355322,5.696
train,pretrain,0hzSUUdTDUA,00025,0,pretrain,XDBWEKBq0Sw,00022,7.982999599306424,9.28
train,pretrain,ueOqYebVhtc,00005,0,pretrain,oSv7E8WK2Iw,00010,3.797833104348298,9.536
train,pretrain,gbDraZi7FS4,00008,0,pretrain,ayVm441iZfo,00009,9.02118179422311,7.616
train,trainval,svNcoU59IQ0,50006,0,pretrain,GIt6Z0k3PQo,00015,3.8819596311556097,3.648
train,pretrain,B0YSGU3JqiQ,00021,0,pretrain,e8JK3qVGuUg,00024,1.6541836853457639,3.968
train,pretrain,1EIQ6nSSXxk,00010,0,pretrain,eNDhBSR1DZ0,00028,-6.132209604132108,5.376
train,pretrain,Y28ARjfk4gg,00013,0,trainval,s2F41IQSPGE,50054,-9.54134290461355,6.08
train,pretrain,d5wfMNNr3ak,00007,0,pretrain,QijH4UAqGD8,00028,0.7528364939414551,5.376
train,pretrain,l5d8GW6GdR0,00006,0,trainval,2tcEgqTWbxQ,50006,-4.793950994975575,5.248
train,trainval,03h0dNZoxr8,50001,0,pretrain,DZT6YpCsapg,00047,-7.562834412912327,2.56
train,trainval,ByEoeBYUwOo,50006,0,pretrain,iSRWMLMBkqk,00013,2.3214352737620363,3.136
train,pretrain,bJ8Kq1wucsk,00014,0,pretrain,XAvE61JqkQs,00029,4.105669637644736,4.416
train,pretrain,7npLVcymHGc,00001,0,trainval,6zVS8HIPUng,50001,-5.90334606460196,6.08
train,trainval,XMSQKG70a5s,50020,0,pretrain,R6XSIhgJLzA,00002,-1.4204956969077198,6.016
train,pretrain,Z5TUpNZqjM8,00001,0,pretrain,oxpJGynSHJU,00025,-7.909786672662755,4.096
train,pretrain,ttRhMPgpoOQ,00001,0,pretrain,PYSkd46RfVE,00005,4.7123768832808715,9.344
train,pretrain,JC7WnzM2Lsc,00007,0,trainval,nvSSeGObF4w,50006,9.745686576862418,3.264
train,pretrain,rzbtSeVZeEE,00031,0,pretrain,potB0voQzNg,00037,5.356418562815509,4.736
train,pretrain,bEdvQjTGYP8,00026,0,trainval,BPMrcY9z0nM,50019,-9.596232342927886,2.496
train,pretrain,O90nfczjNHA,00011,0,pretrain,EZwxKPv1CwA,00055,1.6916897803705133,7.872
train,pretrain,A60UTjiEp4c,00015,0,pretrain,YL1XwfyaS00,00010,-3.5595782828855267,3.136
train,pretrain,fCKNScHMBGE,00048,0,pretrain,m45SshJqOP4,00005,-0.1260492285080268,6.848
train,pretrain,hscdmpKGqrQ,00010,0,pretrain,Lrdn4lazVBc,00010,5.71539983775474,4.032
train,trainval,LiyaSr5aeho,50008,0,trainval,I9cmQFj13rc,50014,1.4473744799648784,2.496
train,trainval,jfqwHT3u1S8,50013,0,pretrain,0akiEFwtkyA,00019,-4.087225824706886,2.816
train,trainval,Sk0ywFgMpFk,50003,0,pretrain,hfznpykprP0,00032,9.582248626720236,6.08
train,pretrain,BUhksjVTbEk,00031,0,pretrain,SSV07QKguBI,00005,-0.8014304331643984,9.408
train,pretrain,7SfRgg9botI,00016,0,pretrain,ro1Ksq5DihU,00019,4.921373574835199,22.08
train,pretrain,7SjWguOXVwE,00005,0,pretrain,VSJpBJal3F8,00001,1.5360294357950206,10.368
train,pretrain,y3jYVe1RGaU,00038,0,pretrain,d38LKbYfWrs,00008,2.770176807205795,13.056
train,pretrain,VfKWd7iXMSo,00012,0,pretrain,ftWn4QOvTTo,00012,-4.109324065631171,4.928
train,pretrain,IJwlyf7rCtU,00024,0,pretrain,Ligs82S0qN8,00006,-0.7558357459682608,3.776
train,pretrain,TH9CqtMzxG0,00015,0,pretrain,4c1lqFXHvqI,00035,-7.561415908931746,14.592
train,pretrain,ZBrbHy7l3tg,00003,0,pretrain,7n9IOH0NvyY,00005,3.6956490379973044,13.248
train,pretrain,6VnKV1sr5VQ,00015,0,pretrain,jn0Ygp7pMbA,00017,7.447015428077886,9.92
train,pretrain,k5tCYg9s0HU,00013,0,pretrain,r6nSmSTKHGc,00012,-4.125902015880314,4.16
train,trainval,6XS8TA4RBog,50017,0,pretrain,ISjk9ni4XWk,00017,-6.09324227651693,2.176
train,trainval,3U6tEcIIAIc,50002,0,pretrain,EaYS6muHSSI,00005,-1.0640803190743338,2.432
train,pretrain,BczB8oqYL0g,00014,0,pretrain,RoS2q3pSrq4,00011,-5.213843066020971,7.04
train,pretrain,4KhnSz9FPmU,00034,0,pretrain,RxyQNEVOElU,00041,9.307597668103817,7.296
train,trainval,E3SSSS5SFHQ,50003,0,pretrain,hyHUVPG33QI,00001,9.938525605575862,5.888
train,pretrain,5nys6iebjHw,00058,0,trainval,xY7kVVS2HVY,50013,1.3257974348490542,5.12
train,pretrain,HCJRXoYOoaI,00010,0,pretrain,vR8msiSohZM,00013,5.76331528974578,10.816
train,pretrain,gmjSazFbpkA,00052,0,pretrain,DBoShCrKfLQ,00019,1.849017712825896,4.8
train,pretrain,4ZgwzSm7sRs,00016,0,pretrain,BxFvxKaSmWo,00020,-7.48937771718184,11.904
train,pretrain,S9PEogIrHSk,00030,0,pretrain,2jTdZSPBRRE,00008,-0.36711494775562414,5.696
train,pretrain,xbWcLYOniWU,00025,0,pretrain,Qprd1VNNNec,00009,-2.1325795967171217,4.416
train,pretrain,BMDSPhk7JSY,00038,0,pretrain,8dSDMQNoikU,00004,-4.336495309849431,6.4
train,pretrain,5pW2b1vwwf4,00007,0,pretrain,cQvDUTOOkiI,00038,5.371824797977396,3.648
train,pretrain,H3ddtbeduoo,00010,0,trainval,UN8S8qSKmdE,50012,3.869529665637275,4.8
train,pretrain,j7c9b9A2AHc,00036,0,pretrain,gXlIASSrI4E,00005,7.819591373395095,9.664
train,trainval,ZCS0MZuVBwE,50007,0,pretrain,YraU52j3y8s,00025,3.0885498068794313,6.144
train,pretrain,tsgvhP07BC8,00045,0,pretrain,r9Zz4hYuGdw,00012,9.469889967335003,5.376
train,pretrain,IDSSieLCmS4,00051,0,trainval,JmZpFy1QUww,50003,-0.9518823008424171,2.56
train,pretrain,7H0USvVSfhU,00001,0,pretrain,LoXAAEy6YQU,00030,9.305249112102857,3.84
train,pretrain,ZuCtZJGcEMU,00015,0,pretrain,uTbASmxo858,00025,-2.639178123406878,9.344
train,pretrain,aUYSDEYdmzw,00014,0,pretrain,ASQpKiUSNHo,00004,-8.18607473180588,4.48
train,pretrain,FRKg49ySnNw,00012,0,pretrain,URSuWwvpn5c,00028,5.196773082208745,4.096
train,pretrain,eNC1h5H5cJA,00022,0,pretrain,k5hspA18IU0,00032,3.521736696942501,6.656
train,pretrain,ptIecdCZ3dg,00030,0,pretrain,mSQmfZOVNPw,00005,3.7103056627465634,6.848
train,pretrain,ZBWsmoy5Re4,00021,0,pretrain,nLB8ASSQdHc,00015,-3.046901436698506,9.28
train,pretrain,bjNSaXg4S6Y,00005,0,pretrain,QxkxcsrveLw,00021,-6.044885819726096,10.368
train,pretrain,2j00U6lUCSc,00039,0,trainval,4KhnSz9FPmU,50004,-1.838475896488232,5.696
train,pretrain,t0pwKzTRG5E,00010,0,pretrain,sNV4yIyXXX0,00004,-9.176926796372024,17.856
train,pretrain,7c5t6FkvUG0,00007,0,pretrain,iTdZn78u6pI,00013,-2.501003777958653,5.952
train,pretrain,v3oSF94S4FI,00019,0,trainval,B4xOFsygwr4,50003,4.694441994102171,3.968
train,pretrain,J6SSCMhcCfQ,00001,0,pretrain,Nhwq12TKkQQ,00027,7.184564727762822,6.4
train,pretrain,apZ2pCGi8RA,00008,0,pretrain,b6rAgHcuYtE,00023,-0.8089667821844344,9.408
train,pretrain,ALTvG9MIR64,00001,0,pretrain,esPRsTSlmw8,00026,-1.2382555729293365,7.232
train,pretrain,vvhiNSqq6oo,00013,0,pretrain,Fr26scqsIwk,00027,0.38775830104846243,4.48
train,trainval,0ygtX2nyexo,50005,0,pretrain,5XD2kNopsUs,00008,-9.197301594244948,2.496
train,pretrain,T8VS0LUCgmk,00016,0,pretrain,PL9wP3pAl7A,00031,-9.280379172334428,7.936
train,pretrain,QPC5SP2SFu8,00026,0,pretrain,2t13Rq4oc7A,00008,-9.463159557966899,6.016
train,trainval,VfKWd7iXMSo,50012,0,pretrain,H1fvr9rGgSg,00016,-5.838588066954427,3.52
train,pretrain,W8OiVZrAj4c,00017,0,pretrain,w1TBZhdSsN0,00016,7.14972286269774,6.336
train,trainval,150cqgYh8sQ,50014,0,trainval,dk60sYrU2RU,50006,4.901771053587433,3.072
train,pretrain,mKPmlliPL0U,00002,0,pretrain,E3SSSS5SFHQ,00033,9.368810764088384,6.656
train,trainval,Aetg4kJie0o,50006,0,pretrain,NR33yerZgso,00016,-0.825772685677622,2.432
train,trainval,8OkzozrUEHY,50004,0,pretrain,7SjWguOXVwE,00013,3.722567086980197,2.56
train,trainval,Eo9bb3U9wPs,50003,0,pretrain,6EghiYSs2ts,00006,7.882140252593683,2.368
train,pretrain,VObLitSe3K0,00014,0,pretrain,O4Og5tFNiaU,00021,1.374528537725805,2.816
train,pretrain,mguvTfAw4wk,00027,0,pretrain,gMNlRovT5x4,00017,-6.458180419790189,8.384
train,pretrain,FPhZGDS6kVQ,00023,0,pretrain,aI8KiPiVLyY,00004,8.162625392232059,9.728
train,pretrain,BMdMSmtTgD0,00027,0,pretrain,MSE5Vryrd0I,00004,-0.07941439153875152,2.304
train,pretrain,cf3zxHuSM2Y,00017,0,pretrain,XII0TdSvloM,00003,-6.106551146799875,6.848
train,pretrain,WKlIytaSlu4,00001,0,pretrain,MOptnpjKJOM,00008,-9.218637895329088,11.968
train,pretrain,Y8wol2nGSpY,00013,0,trainval,KE3SK9M3JjY,50010,1.4931376728356227,6.208
train,pretrain,d8s8e8JdGCc,00025,0,trainval,H2rG4Dg6xyI,50001,9.7025594345079,6.144
train,trainval,Rf8qS8gbfrw,50002,0,pretrain,US19wMaJIyc,00001,3.9934306351627455,2.176
train,pretrain,PS2h8hSFphs,00030,0,pretrain,TYFH0DSjyqc,00022,5.250707810633548,3.264
train,trainval,gLDQr9i7LkM,50003,0,trainval,dsT5eVSm7BA,50015,-5.702647924027085,4.096
train,pretrain,ZBrbHy7l3tg,00028,0,pretrain,QBDShp6U7tU,00027,9.16805574575233,4.736
train,pretrain,lbIh6yngKHo,00010,0,pretrain,N37x4GgDVBM,00023,3.4000523313560542,3.968
train,pretrain,MOFdlEbu15g,00014,0,pretrain,hHEVMhHDP1E,00002,-1.2201636362584374,6.72
train,trainval,haTsrKptgIU,50010,0,pretrain,AlCqyZEXM1I,00007,-0.8217681797607135,2.304
train,pretrain,GS1xL1qcBa4,00003,0,pretrain,chXsLtHqfdM,00009,-2.3531063668229173,8.0
train,pretrain,zGEDHMF4rLI,00014,0,pretrain,19KkFCQz8WQ,00033,9.098678527458151,3.904
train,pretrain,u0VHC1SDOS8,00044,0,trainval,ZBDablzQ9ts,50008,-3.1374897557378016,6.208
train,pretrain,XSuZ6ukuz5s,00005,0,pretrain,DsSrzoyyfF0,00012,7.164801921204681,11.968
train,pretrain,ogeGJS0GEF4,00010,0,pretrain,vUP0ytS6ba4,00019,-0.04221090395257221,8.128
train,pretrain,fCKNScHMBGE,00045,0,pretrain,Mh3SwYHdeVs,00014,-4.608189299748249,13.056
train,pretrain,1joQ8ZhX2o4,00009,0,pretrain,mmhedbY8wjU,00012,-7.1645663555242045,9.088
train,pretrain,CiSk3gmyjQ8,00005,0,pretrain,hCop3IGZH2o,00020,8.372713714877861,13.76
train,trainval,WQ2PFoHptK8,50002,0,pretrain,b0SVSkoZvaE,00002,0.9269843465496699,4.16
train,pretrain,3WMuzhQXJoY,00013,0,pretrain,oDdcx5luv5s,00047,0.9070963684530398,5.12
train,pretrain,VjQ3ufqnfSM,00018,0,pretrain,9KaMufF0rAY,00013,0.2137191703304726,5.12
train,pretrain,pcSlowAhvUk,00066,0,pretrain,bLGTrz1Zolk,00005,-0.4385248956509784,4.288
train,pretrain,uYyvbgINZkQ,00032,0,pretrain,b1sQZxrBMXk,00023,3.671569998843019,4.096
train,pretrain,d38LKbYfWrs,00025,0,pretrain,kjmsb9pDrF0,00028,2.5112408723932607,7.424
train,pretrain,X9FFzWUInyA,00021,0,pretrain,TM4HiNOhkM0,00014,1.0487785299573886,4.096
train,trainval,IDSSieLCmS4,50015,0,pretrain,O9Hfqc3trhw,00014,-8.279411211212098,4.8
train,pretrain,4GKTEDqbQIw,00010,0,pretrain,aPjvEaE6VXs,00009,0.7167192877762201,11.328
train,pretrain,Sm5xFSUYgdg,00012,0,pretrain,9AgCr2tTvng,00013,6.890435371503447,7.616
train,pretrain,UMSWdzT6rV8,00014,0,pretrain,uYyvbgINZkQ,00051,5.178452670917135,4.16
train,pretrain,syqScVtnKuU,00027,0,pretrain,R8Uz4snIkJ4,00012,-3.178112187132518,6.336
train,pretrain,ciStnd9Y2ak,00037,0,pretrain,NhmybGS7FLA,00003,-8.552986951347563,12.096
train,pretrain,8Dv2Hdf5TRg,00013,0,pretrain,npFSbX7DZ6k,00023,-8.1532984888889,5.376
train,trainval,FTUpFYo0rMI,50012,0,pretrain,9ijS6iMi9gA,00008,4.072982269986181,6.208
train,pretrain,UfM7tSoqNDw,00028,0,pretrain,hYbSavnaJSE,00001,-9.62200152493651,3.456
train,pretrain,2cU56SWXHFw,00005,0,pretrain,d0a0eXJ5TJM,00004,6.841301459410673,5.504
train,pretrain,V1ItvwxBENg,00005,0,pretrain,SypPoKpQi6w,00017,3.5029471139092276,5.76
train,trainval,IDSSieLCmS4,50021,0,pretrain,HQNfpElOiZY,00002,-2.6674302590321863,5.696
train,pretrain,jPyR3UDhOm4,00021,0,pretrain,SSy6CJLMuiw,00005,6.097538585387191,21.12
train,trainval,G1RRbupCxi0,50002,0,pretrain,yyW9W3e9VD0,00010,-5.009914447484358,3.328
train,pretrain,ScvI1jKxlTM,00026,0,pretrain,DKISYPEF0Ls,00020,3.431232048862899,15.296
train,pretrain,mDSuP2BsVy4,00048,0,pretrain,ImQrUjlyHUg,00076,7.147723234432814,8.128
train,pretrain,3B24RaqA33k,00037,0,pretrain,SypPoKpQi6w,00007,9.249787609361839,3.52
train,pretrain,mArrNRWQEso,00003,0,pretrain,vWJwa7lntTs,00007,2.992929459867293,7.744
train,pretrain,pY6ulSP70HY,00007,0,pretrain,BQOz6OVz1zc,00035,-1.0119880977366087,7.232
train,pretrain,J6oMG7u9HGE,00021,0,trainval,SKx2lfobPuU,50017,-4.768225240444197,5.44
train,pretrain,7DCofMA9eQA,00034,0,pretrain,S7SXH1CBzGw,00014,-4.482728267890373,7.168
train,pretrain,93fJ33L9OKw,00034,0,pretrain,sE3gxX5CiW0,00020,-5.682142607286014,12.032
train,pretrain,CPVjktgYKo4,00038,0,pretrain,cWCSzDdF74s,00011,-9.751609292366375,5.76
train,pretrain,0iTehgSOZ8A,00013,0,pretrain,FJFxLQCo83U,00048,3.133310735316881,7.36
train,pretrain,uYyvbgINZkQ,00027,0,pretrain,7rMYfiRNT7g,00019,2.4328080976660686,5.696
train,pretrain,38OUCtzkT4Q,00016,0,pretrain,56WGgJNBRxQ,00042,-3.9838211613371293,5.76
train,pretrain,zw9NXY3xOOI,00002,0,pretrain,XO1MeSMYSQ0,00019,-5.271400141984843,3.584
train,pretrain,DsSrzoyyfF0,00027,0,pretrain,4ef6KJ7vfIw,00007,6.066745198107675,9.216
train,pretrain,mJxA8eIWQUc,00041,0,pretrain,ygKNRnz7q5o,00027,-1.2988192842957282,19.136
train,pretrain,luFjmQJpPSU,00003,0,pretrain,fSRWTyY2YSM,00034,9.472274958978993,4.416
train,pretrain,wQ0NNmo42SA,00002,0,pretrain,IU1i2IlkLbU,00014,-2.650484966068678,37.376
train,pretrain,jSOPQgPIdKg,00028,0,pretrain,Pzd7ReqiQnE,00006,-3.2421325934410072,6.656
train,pretrain,OH0dK208MNk,00014,0,pretrain,3KmaFiKvGSM,00013,-7.767260524734145,3.072
train,pretrain,dciTrZxqbHE,00017,0,pretrain,V1qHNrQQHZI,00001,0.8504411692813427,6.08
train,pretrain,oSv7E8WK2Iw,00003,0,pretrain,6c0VtOdibcI,00010,3.5492642238630943,4.416
train,pretrain,nQcgD5DpVlQ,00002,0,pretrain,wZ2TF8SPGQ4,00014,0.596290717371275,12.48
train,pretrain,piCQ3StcRUQ,00003,0,pretrain,lv2SjZ6tIGg,00013,2.7737441838987014,2.816
train,pretrain,Kc0Kthyo0hU,00035,0,pretrain,XiEQmcZi8cM,00044,6.697613620326564,8.128
train,pretrain,cWCSzDdF74s,00032,0,pretrain,HjSGqwAFRcc,00002,-1.8694790714217717,8.064
train,trainval,YraU52j3y8s,50009,0,pretrain,bGBamfWasNQ,00011,-0.2705623245232047,2.24
train,pretrain,UiCJhSuLdok,00002,0,pretrain,eRQdAOrqvGg,00047,-2.9451759393357513,6.976
train,pretrain,8B271L3NtAw,00008,0,pretrain,W0WOfMeWvsQ,00004,-7.959731553922187,5.312
train,pretrain,CSeFjLZqXt8,00022,0,pretrain,t2FrJOGKWxY,00004,2.9748662846908154,21.248
train,pretrain,YkzwHuf6C2U,00012,0,pretrain,iU1bhHeCkoU,00030,2.960227549007527,15.68
train,pretrain,JQ0iMulicgg,00006,0,pretrain,bXRCVHVstEY,00005,-9.74339096766763,4.096
train,pretrain,yq3TQoMjXTw,00042,0,pretrain,ldhppc7GmZg,00011,3.8291952411464294,8.0
train,pretrain,BMdMSmtTgD0,00039,0,pretrain,8XQ1onjXJK0,00029,-0.26175191915407225,4.608
train,pretrain,nrVC977gOPc,00017,0,pretrain,Hh09xlzxRmE,00009,3.808778581939851,15.04
train,pretrain,u9Lu85L111Y,00024,0,trainval,xlngY8QCEt0,50001,-9.13492442696912,3.904
train,pretrain,Qlg6izBqKxM,00012,0,pretrain,VMXdSkW6hns,00001,5.613462999511562,7.168
train,pretrain,U4Lx5rcii38,00011,0,pretrain,vFPkEIGUofc,00031,0.5576883060981537,5.248
train,trainval,SKx2lfobPuU,50011,0,trainval,DqbM1ZrpTQg,50006,-8.273466640585374,3.2
train,pretrain,CiZMZ7d7O0k,00002,0,pretrain,mzy84VbSGxk,00002,7.549530665331488,6.272
train,pretrain,iARReKKgETs,00011,0,pretrain,S8DwxjDrNNM,00004,9.279440929587718,12.48
train,pretrain,BQOz6OVz1zc,00031,0,pretrain,py1RrSdVt5A,00016,-2.110773970972999,5.312
train,pretrain,uHnqvhWQMV0,00009,0,pretrain,aIcwIH1vZ9w,00010,-3.445219060886135,5.056
train,pretrain,apiScBmE6rA,00031,0,pretrain,JSI2eScPkEw,00005,-1.0445312668348592,5.376
train,pretrain,VohNDqzWP9E,00008,0,pretrain,7vsO7SHLJMI,00002,-9.89223873416922,16.256
train,trainval,Bk9wQD6eYts,50002,0,trainval,1cJiAS6NSUI,50010,-2.579346948874872,5.568
train,trainval,td5Ld3nURAI,50003,0,pretrain,kyaiTGmwxnU,00022,5.244440078605518,2.752
train,pretrain,hVShA7g4Joc,00002,0,trainval,xY7kVVS2HVY,50008,6.770401921212152,2.944
train,pretrain,6rcvWcRMuzs,00009,0,pretrain,sWN13pKVp9s,00014,0.9886445194352156,5.312
train,pretrain,xSUw0NiseBM,00003,0,pretrain,J9PgY1mbPgM,00030,9.537368872305194,9.536
train,pretrain,kFMZrEABdw4,00011,0,pretrain,DERu2aAqqWM,00005,-1.0810487170600673,11.904
train,trainval,Phf66nAoMIk,50009,0,pretrain,sWnAtLt8kSs,00013,-3.0104036694557346,2.816
train,trainval,w1TBZhdSsN0,50009,0,trainval,7SfQLQ7eyA8,50002,6.627126154968966,2.176
train,pretrain,G8gJJuCdPSA,00021,0,pretrain,MBZyRlxVdSE,00013,-2.426989591370125,6.528
train,pretrain,mxmT10Hk8IM,00009,0,pretrain,0gMCZFHv9v8,00014,-5.077624516144608,3.264
train,pretrain,ce31WjiVcY0,00011,0,pretrain,267BlUBordQ,00014,-1.1408952293712655,7.04
train,pretrain,QPiaadMporw,00021,0,pretrain,Mr8nvXvlSy8,00014,4.06879337029582,5.44
train,pretrain,VM6HZqQKhok,00039,0,pretrain,FgSJcKSHUtQ,00004,-3.53652588225021,6.976
train,trainval,I2xDZlpInik,50001,0,trainval,N8Votwxx8a0,50008,7.2030431123859415,5.76
train,pretrain,vzKA1y3cdYI,00002,0,pretrain,aUYSDEYdmzw,00014,-4.022333018798559,17.984
train,pretrain,aZWxtQ19JsE,00002,0,pretrain,r3afSFSG570,00063,-9.69424581440002,9.024
train,pretrain,a6Qvzp516gY,00011,0,trainval,5K57kcs15DY,50006,0.4495337234348966,2.752
train,pretrain,o2WyXD7IaN0,00014,0,pretrain,WCj82W7XkjI,00010,2.742480537491252,4.16
train,pretrain,B4a0NvLTebw,00013,0,pretrain,6tSlMoMNSlY,00012,7.394375970229067,2.816
train,trainval,2R1lZSN4SSo,50003,0,pretrain,Jk0AknXMXmc,00007,1.380277478166338,2.496
train,pretrain,87vO1XhHuHI,00003,0,pretrain,YGoI3B86iX4,00003,3.9477846947624826,12.608
train,pretrain,NVPxmzSPvUw,00019,0,pretrain,SrqmuYvk3iQ,00036,9.348366599222281,6.528
train,pretrain,DSbtkLA3GrY,00029,0,pretrain,iEySxTbcr2A,00020,4.124159950959696,3.904
train,pretrain,7udZ5ux0dYE,00028,0,pretrain,eJb3Z2RmRMo,00004,-6.915805268705595,3.648
train,pretrain,t4kyRyKyOpo,00005,0,trainval,zLNXIXingyU,50012,6.4584377841398535,2.88
train,pretrain,MKlx1DLa9EA,00001,0,pretrain,Sttw2PxncIE,00003,0.7890615127806182,6.464
train,trainval,cj5LZBmiQu4,50001,0,pretrain,CzgS9C7gw0o,00009,5.168614144705515,2.752
train,pretrain,DG7kSeazMQ4,00037,0,trainval,cswhOCKQZ7Q,50013,1.2776918958209365,2.368
train,trainval,uNQujCwCu88,50006,0,pretrain,y7A4dZIyI0g,00018,9.590686378813555,6.208
train,pretrain,MwzqSswl4cI,00059,0,pretrain,KnFZpoplGQo,00021,-2.0007169777512024,8.768
train,trainval,2AZwSkHTkCU,50002,0,pretrain,BYeYVuqD8kU,00030,1.4689408765921659,4.096
train,pretrain,5ldhLuX4vSM,00026,0,pretrain,b4kSKPELNcc,00011,-8.893846504528804,9.088
train,pretrain,zdSdqUuvLk4,00009,0,pretrain,lyu7v7nWzfo,00018,5.549449315981295,7.36
train,pretrain,LKAhTELkOV8,00039,0,pretrain,V1qHNrQQHZI,00017,4.840906552327855,4.48
train,pretrain,ftWn4QOvTTo,00005,0,trainval,HALd9FY5SVQ,50005,-2.4064863268133525,5.184
train,pretrain,kFMZrEABdw4,00038,0,pretrain,FVSc2FnPnDE,00010,-8.644853267225086,6.144
train,pretrain,0HYakD8XQ88,00008,0,pretrain,Wj4E90stS2c,00002,7.652427052597176,8.0
train,pretrain,cxGWGohIXiw,00029,0,pretrain,ac1mOswXxLs,00021,-1.4401171908260473,6.464
train,pretrain,vSjlCJaEwZE,00058,0,pretrain,G9wIXAGzn1w,00019,-5.210762356774543,7.488
train,pretrain,3z1cCT2NP4k,00002,0,pretrain,23vKtqo2t4k,00022,2.040912267091681,5.696
train,trainval,0Bhk65bYSI0,50001,0,trainval,KI3WJXNhCJ8,50033,-4.73678936205518,2.624
train,pretrain,5MgBikgcWnY,00001,0,pretrain,oSv7E8WK2Iw,00014,-0.7986794352502713,4.608
train,pretrain,PL9wP3pAl7A,00014,0,pretrain,ONXYcNS7k1Y,00016,-5.745705386155633,4.928
train,pretrain,BcTOSxcv2So,00009,0,pretrain,WvvuLDX7iIk,00026,7.1143598132733565,8.896
train,pretrain,AGivotqSrd0,00013,0,pretrain,CDdpQSLr7YE,00003,8.477960870079428,14.336
train,pretrain,7vsO7SHLJMI,00026,0,pretrain,IkJTwfHPv6A,00030,-8.965725246185404,5.76
train,pretrain,LhszKevcH30,00014,0,pretrain,jgnqlZUI4n8,00021,4.558742696328576,4.48
train,pretrain,8OkzozrUEHY,00016,0,pretrain,gh5VhaicC6g,00017,-5.967846548705477,10.048
train,pretrain,L2upTRjXeJM,00024,0,pretrain,risdUQ3dvrk,00009,-5.265237883921515,20.736
train,trainval,JLLpWtHbMAo,50009,0,pretrain,bjNSaXg4S6Y,00029,-9.822594226153573,2.176
train,pretrain,potB0voQzNg,00046,0,pretrain,3sUWSDHOVn0,00006,9.185986709507247,11.648
train,trainval,xY7kVVS2HVY,50042,0,trainval,AHfiKav9fcQ,50008,-5.219927039703711,3.328
train,pretrain,zmDENxTPn8Q,00013,0,pretrain,6zVS8HIPUng,00006,3.9250296496450794,4.288
train,pretrain,chXKZC4D42k,00004,0,pretrain,SasMjDCSyR4,00004,-1.1496181991546894,2.688
train,pretrain,PDefVd8DRxM,00002,0,trainval,HpiZTvlWx2g,50008,-3.562490274857004,2.688
train,pretrain,yDYCf4ONh5M,00040,0,pretrain,rrkrvAUbU9Y,00003,4.611215739409861,4.288
train,pretrain,mJxA8eIWQUc,00067,0,pretrain,b3H9V1jq0A8,00018,0.18190344040454498,4.032
train,pretrain,gqpErbFnbiY,00023,0,pretrain,X98Fbe0Ccis,00009,4.619111088345711,9.536
train,pretrain,CQ5dRyyHwfM,00010,0,pretrain,HtSRNn0kSSw,00001,-2.1987671521057024,5.888
train,trainval,QuaIMgzIOn8,50015,0,pretrain,eD9F5HdyKqU,00010,1.4205401851974937,3.136
train,pretrain,2L4BSVpvx1A,00029,0,pretrain,1Totz8aa2Gg,00005,1.6171668358423563,13.12
train,pretrain,FEeTLopLkEo,00020,0,trainval,dOt4NkcmIUg,50017,-7.6035969757209365,6.144
train,pretrain,uNDWvejza4c,00044,0,pretrain,X98Fbe0Ccis,00018,2.745121778284778,7.104
train,pretrain,AbqsMDfX9Ig,00007,0,pretrain,8dSDMQNoikU,00004,1.4571124335337942,2.304
train,trainval,8xHrpO6p7dE,50032,0,trainval,WpldYJ3sSIo,50005,3.8425902900589044,5.632
train,trainval,FzAyOddR5u4,50008,0,pretrain,iSRWMLMBkqk,00022,5.183691880846176,6.08
train,pretrain,j51HsRILGKI,00007,0,pretrain,vUQLN4o63SY,00020,-7.307141841609854,2.752
train,trainval,BwIGcvBGSRk,50013,0,trainval,ZhDgwrKSBWQ,50013,7.441594554844567,3.456
train,pretrain,PVzcGhZ8Aeg,00033,0,pretrain,qGSYmIPFO68,00035,-5.308829323501025,5.376
train,pretrain,j7c9b9A2AHc,00045,0,pretrain,qGSYmIPFO68,00031,0.8308160040109147,5.504
train,trainval,796LfXwzIUk,50032,0,pretrain,CwpvSWtUP3o,00003,-4.546129142623821,2.688
train,pretrain,TDCYJ3Sgx2w,00019,0,pretrain,1X7fZoDs9KU,00018,-9.301048969874072,7.68
train,pretrain,Cqj0sgrNL10,00060,0,pretrain,eMdh57x1UBQ,00007,6.950566563314734,8.128
train,pretrain,3m6dV7Xo3Vc,00013,0,pretrain,e450FJaS3no,00013,4.174495903523493,24.768
train,pretrain,BJsrYqPtXFM,00035,0,pretrain,EmuzDrI7TM0,00020,-7.913947923641615,4.096
train,pretrain,I4fJPKSKbrA,00014,0,pretrain,B5MkpzMAOZM,00046,0.4104916984722724,9.984
train,pretrain,vW99KFDSBk8,00002,0,pretrain,SJ0G1iCLzCA,00009,-8.549947816423717,7.616
train,pretrain,L6PW0Nw35X0,00009,0,pretrain,AdHSwXl2nuQ,00017,8.592495298123467,12.48
train,pretrain,9jRkACywckE,00005,0,pretrain,tsgvhP07BC8,00025,-0.49639124260030343,8.256
train,trainval,y2X7c9TUQJ8,50003,0,pretrain,5pW2b1vwwf4,00055,-5.460047197051933,2.24
train,pretrain,Fom14XGMFHA,00016,0,pretrain,paSYuxyRDuw,00024,6.115919016349213,7.488
train,pretrain,hYbSavnaJSE,00005,0,pretrain,4bsiMd1zQ3s,00019,-4.380114283504808,5.76
train,pretrain,OwfyH5S6bpA,00019,0,pretrain,gyM6rx69iqg,00027,7.586988658108961,6.528
train,pretrain,DShPct3oIow,00012,0,pretrain,fqJAeReFr8I,00013,-4.061013811899752,10.624
train,pretrain,S74wSYuesOI,00003,0,pretrain,xossR6eHv3I,00005,-4.5497341002730725,6.336
train,pretrain,E5BOBs3Nmbw,00023,0,pretrain,GW02Vo641dU,00012,-3.3099775486252874,8.0
train,pretrain,SmQadYi4F14,00002,0,pretrain,Td2hfdXQ5x8,00019,8.747670165790588,7.296
train,pretrain,eG2X0WRrb88,00011,0,pretrain,Xe2nlti47kA,00028,-0.1373597217671101,2.88
train,pretrain,KQEWc3LVfyc,00082,0,trainval,RVX8ZSAR4OY,50008,-5.751707223665649,2.24
train,pretrain,IGadg8xHVPI,00020,0,pretrain,WCj82W7XkjI,00005,2.305792438077873,8.0
train,pretrain,NS4bBu9Jyho,00001,0,pretrain,iNgBSj4S5HY,00016,5.385815158563595,4.736
train,pretrain,KTvSfeCRxe8,00047,0,pretrain,aUYSDEYdmzw,00002,-1.5516770301587783,6.656
train,trainval,Sb2qXygFm8U,50005,0,pretrain,NZspSEdO2Xk,00034,6.955932169020631,6.016
train,pretrain,Y0UB6g8Rsyw,00002,0,pretrain,AAsSqx2aLsA,00006,9.209751834318727,4.416
train,pretrain,FcoJt2KLC9k,00011,0,pretrain,v9dEgXR1iWE,00012,-4.124042659073865,5.568
train,pretrain,t6eFzt6kFGE,00034,0,pretrain,OVSNSeFTaso,00009,-0.4775286946875674,17.088
train,pretrain,9vKRj9yV8pI,00010,0,pretrain,AYzA2uyd9Ss,00013,-0.9927515384104169,4.16
train,pretrain,nPGVm6OesQk,00006,0,trainval,hBtXiTumdY0,50001,6.784576641560584,3.456
train,trainval,uDIyxxayNig,50003,0,pretrain,txJGm6zhiBA,00007,0.18412256943743088,4.16
train,pretrain,3TXSNu5wTS8,00013,0,pretrain,fCKNScHMBGE,00011,-5.428294970910919,11.328
train,pretrain,ZpT0cw9bmiw,00020,0,pretrain,SmsYxDvdcYc,00041,-6.196152570570876,5.696
train,trainval,k9QTVIISlkg,50003,0,pretrain,0P0mBj09vwk,00001,-2.961746174715751,4.288
train,trainval,0GL5r3HVAZ0,50003,0,trainval,9jRkACywckE,50003,6.269552386462763,2.624
train,trainval,tlB1pFwGhA4,50024,0,pretrain,USmTQeKRaP4,00023,3.298547138201357,3.968
train,pretrain,ooIxHVXgLbc,00005,0,pretrain,nCwwVjPNloY,00001,-1.6843874909342063,8.768
train,pretrain,AdHSwXl2nuQ,00018,0,trainval,TZy5Srsksls,50002,8.11379096677597,2.88
train,pretrain,yldVmMfMyIg,00002,0,pretrain,HV4loecFZh8,00007,-7.014817413575334,4.352
train,pretrain,trxGZMm4nBQ,00036,0,trainval,CjB6DQGalU0,50003,5.569189968881185,3.456
train,pretrain,5YL3LT1ZvOM,00008,0,pretrain,38OUCtzkT4Q,00017,-5.894087808992037,7.936
train,pretrain,y7A4dZIyI0g,00004,0,trainval,l2oywAEJ9hE,50001,-7.166044204260795,6.08
train,trainval,YMyofREc5Jk,50003,0,pretrain,SVB39Jo8mAQ,00031,-4.680662727169058,3.52
train,trainval,6fJRmouSDL4,50005,0,trainval,SC3DVeWT09w,50007,-6.4875125693896285,2.624
train,pretrain,9ijS6iMi9gA,00013,0,pretrain,lbIh6yngKHo,00006,-2.7589349221562776,4.48
train,pretrain,fLJsdqxnZb0,00031,0,trainval,x8jdxSlf2Dw,50003,6.438349218343223,6.016
train,pretrain,yDubrSRjlCE,00035,0,pretrain,XKiQl5WZQ5I,00010,-7.614833262516618,4.352
train,pretrain,ol1b5mMeP7s,00030,0,pretrain,48NRknBcz6k,00002,8.759748236045063,11.84
train,pretrain,wVGjQSnLg4Y,00029,0,trainval,W8OiVZrAj4c,50002,7.159809828587743,4.096
train,pretrain,iZRGUADAu2Q,00028,0,pretrain,RcGyVTAoXEU,00016,6.65814783963026,5.248
train,trainval,jEHZSIAuYUY,50001,0,trainval,V6yixyiJcos,50008,9.807774776559203,2.304
train,trainval,OAK1UIbSFio,50013,0,pretrain,drv3BP0Fdi8,00005,-0.35970710537742967,6.016
train,pretrain,a17Z5Sk2XJY,00004,0,pretrain,FrxDrpi1XNU,00019,-2.2268666470513,5.12
train,pretrain,hPI0TM75lXA,00004,0,pretrain,pbSSrJGgVIo,00016,-0.6118313846011851,7.36
train,pretrain,kZt3DNCcEtA,00015,0,pretrain,WiNI6INAytE,00016,-2.366740569791121,12.736
train,pretrain,iXHil1TPxvA,00009,0,pretrain,8meWY0W40OA,00023,-5.40303973032175,7.36
train,pretrain,IJmr7MsS8fw,00031,0,pretrain,yA1O5gmP4eg,00004,-7.674337791946357,8.192
train,trainval,4O2JKS94g3Y,50001,0,pretrain,vSjlCJaEwZE,00050,8.731431262378557,2.368
train,pretrain,6c0VtOdibcI,00010,0,pretrain,iRSjlgWE9GQ,00050,6.5577481233180315,4.416
train,trainval,tFX68SJs2S0,50001,0,pretrain,by3NnWvSCj8,00004,-3.048691139397306,5.376
train,pretrain,WNDWYW4yWEM,00015,0,pretrain,6VWPHKABRQA,00035,-1.4482945565417715,5.376
train,pretrain,jgnqlZUI4n8,00021,0,pretrain,xLuMcYn8Yk0,00017,-7.79801343464783,4.48
train,trainval,M3mnUMmUAHQ,50005,0,pretrain,itnoDEL5QjQ,00003,1.9944994238036724,5.76
train,trainval,4ZgwzSm7sRs,50037,0,trainval,XZiNVGA78kA,50007,4.600385933847928,5.248
train,pretrain,oGlsUYGMYks,00015,0,pretrain,1CdmpHLSZRU,00008,-3.36430141791884,9.088
train,pretrain,6yR5OUVb2gY,00011,0,pretrain,syjEN3peCJw,00004,9.048037227601263,5.248
train,pretrain,Rr5Py1r9xjw,00023,0,pretrain,GMc8aSoCE30,00011,7.620694410646223,3.84
train,pretrain,nC06omDS0kA,00034,0,pretrain,XiSPD5aZT7Q,00015,-5.358197495181393,3.904
train,pretrain,ZVS5I2RMTGM,00009,0,trainval,tRqJysISyiw,50003,-0.9911769681561626,4.224
train,pretrain,3F2jACWwKdU,00036,0,pretrain,mbbMLOZjUYI,00033,-9.585107381170182,6.656
train,pretrain,qesLGw23SzQ,00019,0,pretrain,lwcvhh4pLjE,00017,1.3215804777747202,4.672
train,pretrain,Cqj0sgrNL10,00018,0,trainval,dcwuBo4PvE0,50012,-6.290513975544361,6.016
train,pretrain,VL5zqmpiJlQ,00021,0,pretrain,LZXUR4z2P9w,00012,-4.672664570091987,11.456
train,pretrain,gJv1WdMUz0w,00030,0,pretrain,S6pLPVfKFoQ,00034,9.205042792316597,5.888
train,trainval,cyBeRNOxNBk,50001,0,pretrain,fIqABIcKIvs,00008,-4.261664199106667,4.16
train,pretrain,K74JqctvM2g,00026,0,pretrain,ISSupr6ayqw,00011,-4.936346520304873,3.52
train,pretrain,BzDEFAGvShc,00018,0,trainval,5Yikqlc7yl8,50001,-5.705979228772453,2.368
train,trainval,kbAac9DxM1I,50006,0,trainval,bSiGZPtWXzE,50007,6.921742371799024,3.84
train,pretrain,J6oMG7u9HGE,00011,0,pretrain,A7ktYbVwr90,00028,4.158669776228445,11.52
train,pretrain,0d6iSvF1UmA,00008,0,pretrain,qxDMaS1w8rQ,00004,9.06296997972644,3.776
train,pretrain,mclzytQQMGI,00031,0,pretrain,jDfeDOWiw3g,00008,-6.770085278246092,7.168
train,pretrain,UG2zHhgfAW0,00036,0,pretrain,DzNNS4rcIjs,00016,7.544725769355843,11.392
train,pretrain,NZspSEdO2Xk,00020,0,pretrain,eLz9TvxGoKs,00008,1.6743506576476452,5.888
train,pretrain,aIcwIH1vZ9w,00012,0,pretrain,tX6YpAf6Sco,00020,-6.979954711516248,4.864
train,pretrain,0x2SkWRB8SA,00031,0,trainval,tqf607N19Is,50002,-1.065168968436545,6.144
train,pretrain,x7I5BWWS0c8,00011,0,pretrain,6VnKV1sr5VQ,00014,-8.997200008314017,5.056
train,pretrain,RtRufOPFug0,00006,0,pretrain,Mtjatz9rSVc,00024,2.797348738771049,5.824
train,pretrain,IkJTwfHPv6A,00021,0,trainval,20DZsCdCuOg,50002,-3.2671764865715964,3.008
train,pretrain,ramueKMLXZY,00011,0,pretrain,sbbzZYJSoJ4,00003,3.730398843044876,11.008
train,pretrain,SKx2lfobPuU,00006,0,pretrain,WpEjt71l08I,00011,4.505971898755623,7.04
train,pretrain,mlrB6npbwVQ,00012,0,trainval,bxkslfQc0EA,50010,-1.6501034826223542,3.84
train,pretrain,t5KNNlxLScc,00009,0,pretrain,mUJdzaLDRIo,00068,-6.624908954583388,18.496
train,pretrain,gXlIASSrI4E,00041,0,pretrain,2wu28tI9VkM,00012,-4.023494386932955,9.28
train,pretrain,jzfV2xVsUKc,00039,0,pretrain,hJZ0pAoxksE,00007,3.3077555162016914,7.936
train,pretrain,SXJ20tt5nPQ,00017,0,pretrain,23vKtqo2t4k,00020,-6.533658001052187,6.72
train,pretrain,aUBawr1hUwo,00032,0,trainval,VN357QrUdEc,50006,9.748918688669516,6.08
train,pretrain,34a7UEzZdsA,00007,0,pretrain,LsESSyMnwmU,00050,-9.439882560547659,9.728
train,trainval,R1vskiVDwl4,50003,0,pretrain,7H0USvVSfhU,00014,8.715325522382496,4.544
train,pretrain,rQNisRKhSiU,00001,0,pretrain,hFGLqkDnSVI,00016,-8.789796069403469,11.008
train,pretrain,SryJK294Psw,00041,0,pretrain,PsihkFWDt3Y,00015,-3.9878911881643493,6.528
train,pretrain,7ZW8SLQftnY,00018,0,pretrain,O4Og5tFNiaU,00001,-8.761840295402415,3.968
train,pretrain,goSQOzc79Uc,00038,0,pretrain,RVX8ZSAR4OY,00010,-8.438102072741962,3.008
train,pretrain,mkdSXHXhCcw,00024,0,trainval,6VWPHKABRQA,50007,-1.3481535626513264,2.816
train,pretrain,8iZSsHd0IlU,00010,0,pretrain,YWBwsS3lkXU,00003,1.3771746692418674,7.36
train,pretrain,rKtmsVa4Kvk,00006,0,pretrain,BQj2ZSGPsY8,00002,-4.291041910299748,10.688
train,pretrain,kU0ei9ApmsY,00012,0,pretrain,1G8dQQrlbbA,00006,-6.504212242652747,3.968
train,trainval,F0ofeD8VKMA,50018,0,pretrain,QS0p8ZpBq04,00015,2.755212094031954,3.136
train,pretrain,a5xR4QB1ADw,00019,0,pretrain,IU4A4h1ACJs,00009,-5.4247273993470335,9.856
train,trainval,40riCqvRoMs,50001,0,pretrain,V1qHNrQQHZI,00011,-9.664758055364928,2.752
train,pretrain,ux1GxExRUUY,00021,0,pretrain,S9ry1M7JlyE,00016,-2.3062432114578897,3.712
train,pretrain,IW8mHxAkOtA,00014,0,pretrain,kpyc84kamhw,00028,-0.3420991288479982,5.568
train,pretrain,HXGwJevjOfs,00004,0,pretrain,KI3WJXNhCJ8,00005,-5.545721952645466,29.888
train,pretrain,sa1iS1MqUy4,00030,0,pretrain,RS5O4n0TqlU,00001,-4.355852720770295,2.56
train,trainval,FjnGdiqk96Y,50002,0,pretrain,pkGAMb5sYvg,00002,-6.957548518373711,2.112
train,pretrain,H2rG4Dg6xyI,00011,0,pretrain,2Shh4UkPVCc,00035,6.821598182247023,10.496
train,pretrain,DtT6S1vtjzQ,00023,0,pretrain,XKc9MJDeqj0,00030,4.146837392541858,5.248
train,pretrain,mCZCokSu37w,00028,0,trainval,NjpXs8Ymr14,50007,6.399101458366296,5.696
train,trainval,RS5O4n0TqlU,50004,0,pretrain,oW91ATcgXVc,00010,1.111152097575987,3.968
train,pretrain,lYdk1NK9Sr0,00011,0,pretrain,g985z9Wq5gk,00010,0.02321810695398696,9.088
train,trainval,8rZzHkpyPkc,50001,0,pretrain,2EeqUSQMjbw,00006,9.207289914059796,6.016
train,pretrain,KjKBOo5tFX8,00008,0,pretrain,OibJT7GSwyo,00013,7.27522144151181,7.232
train,pretrain,MOQcSzkKfbs,00010,0,pretrain,0FQXicAGy5U,00001,-1.6045091257264623,5.312
train,pretrain,HAKea48B3oM,00003,0,pretrain,YyBk55G7Keo,00030,2.651962944918795,5.184
train,pretrain,icI94blMKIc,00011,0,pretrain,HyZV8Ql1PI0,00010,-0.6595087402006943,14.208
train,pretrain,V2DgJBx3cyA,00013,0,pretrain,jpRqbP9Nv9k,00022,-4.08213015117223,12.608
train,pretrain,potB0voQzNg,00018,0,pretrain,PUh5msG0rG8,00021,4.002129379443415,11.84
train,pretrain,fSSNmDcLMKA,00034,0,pretrain,2j00U6lUCSc,00009,-0.6998435485086638,6.976
train,pretrain,9YR8jNtV4BE,00040,0,pretrain,E3SSSS5SFHQ,00042,0.2630573078553482,8.256
train,trainval,c2tOp7OxyQ8,50062,0,pretrain,6tpsSu5O0Ws,00024,-2.0405960823769442,5.888
train,pretrain,fi8CYv9Dcr0,00003,0,pretrain,FcoJt2KLC9k,00012,3.8474577633317963,12.352
train,pretrain,jodhovumkHQ,00042,0,trainval,w3q89BTJj3o,50019,2.1148716224759863,5.888
train,pretrain,KElS5nZD5yc,00003,0,pretrain,CrsdoIOGCRw,00024,5.094744090328723,6.528
train,pretrain,ZCS0MZuVBwE,00013,0,trainval,9uuhxGhD9bo,50011,-0.10612977699769921,6.08
train,pretrain,r9LelXa3USI,00010,0,pretrain,VbF2KPn3TrU,00015,-9.597490101429134,11.904
train,pretrain,SHt4qiDRZE8,00010,0,pretrain,3yfFwDq4R5M,00022,5.959649088606485,5.056
train,pretrain,7sqeoYOQ4qg,00029,0,pretrain,JDDGhGiaAZU,00027,6.8222845654675766,6.784
train,pretrain,25onkAGt3Gs,00008,0,pretrain,G0jxiJzIiz4,00008,-1.6253690601090032,5.184
train,pretrain,D089tSF9yUU,00021,0,pretrain,CSUmoS40pqA,00013,7.18842954158108,4.608
train,trainval,0ygtX2nyexo,50037,0,trainval,xDe346z233Y,50001,-4.912664350293674,3.008
train,pretrain,KI3WJXNhCJ8,00009,0,pretrain,jUHE4SE3Mcg,00014,0.7914780498986147,6.4
train,pretrain,O1j2A6ndEio,00008,0,pretrain,6d6oq0zGGmw,00002,3.2064406136558006,6.72
train,pretrain,J8xfuCcXZu8,00004,0,pretrain,Nx8RRIiP53Q,00012,-9.050270124276148,15.36
train,pretrain,SGG97dDfZ7E,00007,0,pretrain,SgjGcBTyScY,00007,3.1126576447880776,6.528
train,pretrain,mArrNRWQEso,00058,0,pretrain,11Mq9ZuxZMc,00007,9.256994228507974,3.392
train,pretrain,JzLiCBCbAMY,00018,0,pretrain,gPQItVxvfZs,00006,-2.235129724577276,3.008
train,trainval,2NENlXsW4pM,50015,0,pretrain,ihR9SX7dgRo,00007,-9.294737200814446,2.176
train,pretrain,BwC4WRKi5QY,00005,0,pretrain,HQzXqjT0w3k,00001,3.8117126804926027,4.288
train,pretrain,5sS3Yjh9Lw4,00029,0,pretrain,Nhx1SyXMwCg,00014,-5.293958917798021,4.928
train,pretrain,nFQU5a5SByg,00020,0,pretrain,zeSVMG4GkeQ,00001,9.044468956261834,8.704
train,pretrain,86xSuStz0MA,00048,0,trainval,l5Bbg96VODk,50001,3.1202952568768634,3.2
train,pretrain,ofsncCF9OSU,00046,0,pretrain,sa1iS1MqUy4,00005,8.915237691808663,6.144
train,pretrain,BGRy5VUSLfI,00012,0,pretrain,F8bM8K7WSR8,00034,6.433556059692847,6.4
train,pretrain,DSbrTiSwyLk,00002,0,pretrain,gwMjgSqFm0M,00017,2.651274090303515,7.488
train,pretrain,AGivotqSrd0,00014,0,trainval,5s61n2MLGRQ,50002,-8.331263885440954,6.08
train,pretrain,K5PEJPSwt0k,00002,0,pretrain,50m48lpi4AU,00029,-4.751304594112568,6.272
train,pretrain,58eTdyeVwbA,00009,0,pretrain,oHDeULyOqmM,00010,-9.89364380183627,5.76
train,trainval,289ZxBZdKvY,50003,0,trainval,YsYHqfk0X2A,50002,-0.3549632210810074,2.88
train,pretrain,IfG7WVSbN6Y,00028,0,pretrain,BGRy5VUSLfI,00048,-5.015335551890794,6.912
train,pretrain,jSOPQgPIdKg,00039,0,pretrain,qbeLy3Dkay4,00009,0.9002944907553676,4.096
train,pretrain,GeDSgi0A7A8,00030,0,pretrain,43e6eAAeGCs,00019,-0.20679306431279443,6.016
train,pretrain,SvBggxCNNno,00006,0,pretrain,aiIxdFBA0Sw,00031,-7.4861103474102215,5.888
train,pretrain,WtLMST8TyeY,00016,0,pretrain,NMBNZspmn7I,00036,3.3988692079246405,3.008
train,pretrain,YMyofREc5Jk,00010,0,pretrain,WSsjBMSWSYE,00014,4.143682402275616,7.168
train,trainval,ISjk9ni4XWk,50013,0,pretrain,zLNXIXingyU,00042,-7.05079475995587,5.44
train,pretrain,jT8G44XPYW8,00004,0,pretrain,esPRsTSlmw8,00030,-2.9635181549273444,3.712
train,pretrain,FKQavJZHRJU,00005,0,pretrain,57FMau29OSg,00027,-5.733710836245878,16.64
train,pretrain,mYQx5n5SRVQ,00028,0,pretrain,c0H1zU2ytxA,00009,1.4415285814574297,5.504
train,trainval,STutVhN7xSs,50001,0,pretrain,3U6tEcIIAIc,00027,6.279871062487324,2.432
train,pretrain,svNcoU59IQ0,00008,0,trainval,OKIyDMaxh4w,50008,7.783598699291975,5.44
train,pretrain,Fkd9TWUtFm0,00001,0,pretrain,NRcPXtqdKjE,00032,-6.608354004539166,8.704
train,pretrain,lQflBowgVB4,00005,0,pretrain,IKZCw4xdESQ,00041,0.20376837566812078,10.176
train,pretrain,u0VHC1SDOS8,00020,0,pretrain,kyznWXHEX1o,00004,3.6590011333562362,6.592
train,trainval,CfqO1U6lfDs,50002,0,pretrain,Z6T37m4r3yo,00002,3.4140656234362243,2.368
train,pretrain,FzAyOddR5u4,00011,0,pretrain,5pXelS1clHs,00014,3.713093065828552,13.504
train,pretrain,6aRz72yxHQo,00014,0,trainval,W4I68CGUV3w,50010,-7.06894282632383,4.416
train,pretrain,b2qM1ISJCEQ,00028,0,pretrain,rbnBeSvXGQM,00016,0.22512361680417037,9.664
train,pretrain,RgqtrlixYR4,00001,0,pretrain,8sQ2p89P0Us,00015,0.2469269376169141,4.544
train,pretrain,60OVlfAUPJg,00042,0,pretrain,p8qbV95vwO8,00002,-8.498530162271994,9.536
train,pretrain,nFSdHdNOgSA,00024,0,pretrain,UOn3zOp8JPE,00004,-1.0768262328238816,3.968
train,pretrain,ezVk1ahRF78,00009,0,pretrain,jpeSLKnS4gM,00060,5.149133922335336,9.984
train,pretrain,y3jYVe1RGaU,00010,0,pretrain,r9DDE7NV1Nw,00004,9.399695515755319,8.576
train,pretrain,mSjqjC5OcjM,00004,0,pretrain,jT8G44XPYW8,00005,9.474231482824585,3.008
train,pretrain,GlpGBSBpxOE,00017,0,pretrain,HS8y0WLm78U,00047,-4.525946452365142,5.632
train,trainval,63tVsJI31Tk,50001,0,pretrain,HA7GwKXfJB0,00020,-1.4829103983988077,2.112
train,pretrain,dOOtM7ZpAS8,00023,0,pretrain,JHSi3vixhOs,00001,7.306909683143402,19.84
train,pretrain,04VbxnzUwes,00009,0,pretrain,k7djE1X16og,00012,-9.107150761271583,6.72
train,pretrain,AS3Pyc4Qr2Q,00028,0,pretrain,SvBggxCNNno,00008,5.597765186252918,9.216
train,pretrain,1isiSaTSXb8,00017,0,pretrain,FIrgjCNcDBI,00010,-7.279705626504485,6.528
train,pretrain,wstksuaSMD4,00014,0,pretrain,SPSq3cW672s,00016,-9.040794777948282,12.096
train,trainval,DjcZrtcBZi4,50009,0,pretrain,Peu7eeGtmQ4,00036,-1.0566677282877528,3.456
train,pretrain,4fyvDMFriRI,00026,0,pretrain,0hzSUUdTDUA,00009,5.0833249255308015,3.2
train,pretrain,UVqoIgh7bcw,00007,0,pretrain,pcNxS2i7SvQ,00009,-9.58228315665433,2.688
train,pretrain,ROXUPr8Wqds,00013,0,pretrain,DJGreSgaOTc,00053,-4.822378242279175,3.52
train,pretrain,UQzvNIIMayo,00007,0,pretrain,vwhSTukb07U,00021,-6.60649300185333,10.368
train,trainval,tpH2fhwCzSM,50003,0,pretrain,Z2Z3P8E0tos,00007,2.9080696903952727,3.968
train,pretrain,CXSKrxq5eUI,00008,0,pretrain,WLj0uepcPFs,00008,3.7412339723111216,3.968
train,pretrain,Br1AIvMrvAE,00033,0,pretrain,zUS5GcqzHNM,00012,-7.665131386231783,8.32
train,pretrain,QlyorcJ28UA,00007,0,pretrain,XFOkSdlPafQ,00019,6.816411309322515,5.76
train,pretrain,Kw5vyJ30djM,00019,0,pretrain,GlUS6KE67Vs,00017,8.424274262111048,3.52
train,pretrain,S9ry1M7JlyE,00004,0,trainval,jobYTQTgeUE,50012,-0.8208955995304557,5.12
train,pretrain,9jRkACywckE,00006,0,pretrain,GlpGBSBpxOE,00013,1.829854339262507,2.752
train,pretrain,YsYHqfk0X2A,00009,0,pretrain,HS8y0WLm78U,00062,-0.8886094365143826,7.36
train,pretrain,khRkIVPa1Vc,00029,0,trainval,SeBUcBfkVCo,50008,-3.0927858975076212,5.76
train,pretrain,lrYx7HaUlMY,00023,0,pretrain,vdDFLzyk94k,00023,-7.639223062657148,7.36
train,pretrain,rTJpJlVkRTA,00027,0,trainval,b28brIs1OmM,50002,-1.7950549700983576,2.944
train,trainval,RVX8ZSAR4OY,50018,0,pretrain,mozxTk3Brqw,00032,2.516634640761641,2.944
train,pretrain,UUqr4P7P3gM,00007,0,pretrain,3U6tEcIIAIc,00011,-1.9023336209054875,11.584
train,trainval,KyamsZXXF2w,50005,0,trainval,zuLOT6GsAxw,50007,6.197670799921585,3.968
train,pretrain,by3NnWvSCj8,00017,0,pretrain,KTvSfeCRxe8,00022,-9.209619284071891,7.104
train,pretrain,57FMau29OSg,00031,0,pretrain,kpfsQbFV5SU,00008,-1.3438033437480783,11.2
train,pretrain,xqPJKtFI42U,00021,0,pretrain,QC3EbSexmDw,00013,5.946503327167607,8.128
train,pretrain,1JxxCB9GiGU,00009,0,pretrain,ScJVrV6bk1g,00013,-3.5183856633055965,5.696
train,pretrain,05jJodDVJRQ,00032,0,pretrain,Y350oOiunf4,00023,-3.190569806670018,9.216
train,trainval,avuhY7D71sQ,50035,0,pretrain,g2J6YOiLNr4,00059,9.018751580313825,4.992
train,pretrain,HS8y0WLm78U,00016,0,pretrain,1sE96vd8W40,00021,-8.098969255211516,6.016
train,pretrain,eyq2Wo4eUDg,00020,0,pretrain,63XsokRPVSY,00002,-7.408359693742916,4.736
train,pretrain,9KACXVScWS4,00039,0,pretrain,ts5MKtXNpMQ,00019,-8.732906626027264,7.36
train,pretrain,AJYRJ92g4GI,00019,0,pretrain,0snNB1yS3IE,00020,3.724777438650042,24.128
train,pretrain,5l4cA8zSreQ,00010,0,pretrain,SgsbNR2pIts,00005,-6.0718978313353205,4.736
train,trainval,ImmtTHYU5GQ,50008,0,trainval,Syi9bqfFIdY,50003,9.14579455115863,3.136
train,trainval,9EglK8Mk18o,50012,0,pretrain,k5tCYg9s0HU,00018,4.05954632834192,6.016
train,pretrain,DZfOvYiQtow,00021,0,pretrain,qvEU36woPB8,00025,-7.8627876834782935,5.888
train,pretrain,2VWSSFSUeQI,00015,0,pretrain,V2DgJBx3cyA,00020,4.471299066765091,6.208
train,pretrain,fbeFn1Xcqo4,00038,0,pretrain,kZt3DNCcEtA,00006,-0.6047850602812446,7.36
train,trainval,iEySxTbcr2A,50010,0,pretrain,gSHbRSAcN6Q,00004,-6.399796375646989,6.144
train,pretrain,40riCqvRoMs,00013,0,pretrain,QHSrG9Tuz84,00009,6.452074638211581,6.4
train,trainval,0ITHlySbhJE,50003,0,trainval,mJxA8eIWQUc,50006,-1.480027548124557,5.44
train,pretrain,Fr26scqsIwk,00021,0,pretrain,ouXGIw7gBmk,00010,4.7325414762136315,10.688
train,pretrain,RlQEoJaLQRA,00027,0,pretrain,0wpCZxiAQzw,00039,-2.5214718473365227,5.248
train,pretrain,XPa1RE59wpg,00001,0,pretrain,jodhovumkHQ,00017,8.635197704948233,5.76
train,pretrain,mmhedbY8wjU,00013,0,pretrain,C6mNITMY7e0,00001,-6.174352927262192,12.8
train,pretrain,ELgvDMTKyBE,00015,0,pretrain,weWl6PqAdHY,00006,-1.650277434660886,3.072
train,pretrain,UwtYQFSJSQc,00030,0,pretrain,ZBDablzQ9ts,00024,4.546177168257795,8.576
train,pretrain,TWPahtyJDsI,00027,0,pretrain,LMrzdkSYnYY,00001,1.0542724581028011,5.248
train,pretrain,VOXikTyZxPA,00017,0,pretrain,OmMv9tShW8k,00033,-2.735842106075628,7.04
train,pretrain,w3q89BTJj3o,00011,0,pretrain,5tUnSuoYKoE,00008,-4.668638120613336,6.144
train,trainval,M3mnUMmUAHQ,50020,0,pretrain,byHcqsGvcj8,00009,3.8677601680812046,2.88
train,pretrain,FETryXMpDl8,00012,0,trainval,RsiLLNziScM,50002,-3.7791015063180016,4.16
train,pretrain,UUqr4P7P3gM,00010,0,pretrain,mmhedbY8wjU,00011,-7.660824086599769,11.84
train,pretrain,KIMWfSe7ZJI,00028,0,trainval,ZQBSh9k74aY,50004,-0.890996781194211,2.176
train,trainval,a5xR4QB1ADw,50013,0,pretrain,iF4s75ZPano,00005,4.165307129043187,5.376
train,pretrain,X41iulkRqZU,00028,0,pretrain,zjvsA0v7r0g,00004,-2.9326521548718514,7.36
train,pretrain,o9DNWK6WfQw,00011,0,pretrain,G6dfUFgKmN4,00022,-0.9237589058784419,7.872
train,pretrain,pk35J2u8KqY,00002,0,pretrain,ELET24AHnEg,00038,8.66530234528707,5.056
train,pretrain,mozxTk3Brqw,00028,0,pretrain,EluxCgnQVzg,00007,-3.4854785552698875,5.568
train,trainval,M3mnUMmUAHQ,50019,0,pretrain,IW8mHxAkOtA,00012,-0.3401510855155703,2.112
train,pretrain,Br1AIvMrvAE,00037,0,pretrain,v9DHLMw2o70,00015,6.180982785791404,12.8
train,pretrain,w8lH8tNlAXc,00031,0,trainval,Y0UB6g8Rsyw,50006,-4.6842500260486535,4.48
train,pretrain,2JSZ66uMRwc,00043,0,pretrain,4ZgwzSm7sRs,00047,4.054992701872639,8.448
train,pretrain,xjuY3lUfkK8,00022,0,pretrain,J9PgY1mbPgM,00021,-5.976380411927,21.12
train,pretrain,0hzSUUdTDUA,00025,0,pretrain,Soe7yjlFEJ8,00005,-9.69899251860442,5.184
train,pretrain,lwVYaY39YbQ,00005,0,pretrain,X7uiSiAp8Pc,00006,-8.152584304961138,5.76
train,trainval,8Ug1MnU6LKw,50013,0,pretrain,J3pGKt7fESM,00007,-2.3624042371738474,4.992
train,pretrain,rAAY1jOZFSE,00001,0,pretrain,I8tg0Myjimg,00003,4.724144734802971,4.416
train,pretrain,r92jUj7gNRw,00002,0,pretrain,cknBAMirSiQ,00001,9.209535667590298,4.16
train,trainval,mZqL7MC8Eys,50008,0,pretrain,C2SVEM19NHA,00018,-7.724299192203768,6.016
train,pretrain,W0WOfMeWvsQ,00024,0,pretrain,YwSGTipx3As,00003,5.910822050969141,6.016
train,pretrain,BXcFEhl7ynM,00031,0,trainval,FLbEKpLS5Z0,50028,-9.32746625115165,3.776
train,pretrain,gdg4mUSwuhI,00004,0,pretrain,ASQpKiUSNHo,00029,0.38248027525056294,6.08
train,pretrain,iF4s75ZPano,00011,0,pretrain,4jBB5iibKy0,00003,1.6693381008980008,15.424
train,pretrain,oPpE0AGqFuk,00018,0,pretrain,imhUmLtlZpw,00020,-4.157615050812966,3.2
train,trainval,ouXGIw7gBmk,50007,0,pretrain,jYperQKUkcs,00015,4.080508068035275,3.712
train,pretrain,a5xR4QB1ADw,00004,0,trainval,Mgbf3cq7lms,50055,1.6010137984755843,2.944
train,pretrain,jSS03JfgHEA,00011,0,pretrain,BBSVLGf7zPI,00016,4.992499323472206,5.376
train,pretrain,on3KttMgbZE,00002,0,trainval,o0VrZPBskpg,50012,4.222073776981084,2.56
train,trainval,vhfcedpoCLo,50006,0,pretrain,fqJAeReFr8I,00020,-9.93058867906148,6.08
train,pretrain,NDQ1Mi5I4rg,00004,0,pretrain,hS3dLASh3Yc,00010,-8.357381598363139,6.656
train,trainval,da1vvigy5tQ,50005,0,pretrain,0ZhL7P7w3as,00030,9.897668336825177,5.696
train,pretrain,LSGfqyhleUA,00025,0,pretrain,Sx1qkuvUxuI,00004,5.014014976010795,5.376
train,pretrain,ulYR5bpu68E,00004,0,pretrain,jdpIKXLLYYM,00004,0.8412438198772136,8.896
train,pretrain,lwcvhh4pLjE,00007,0,pretrain,zORUUqJd81M,00040,-5.183204158559516,6.656
train,pretrain,z1KJAXM3xYA,00008,0,pretrain,BgbD67U0BAQ,00004,-3.128803924362444,7.872
train,pretrain,E7oq6J8HvKw,00002,0,pretrain,57FMau29OSg,00008,-5.302244717675673,9.088
train,pretrain,7CIq4mtiamY,00039,0,trainval,dskNubEgzCk,50012,-9.829754989700671,2.24
train,pretrain,zIwLWfaAgS8,00056,0,pretrain,F4RMDoGCCK0,00012,8.16401833527592,6.208
train,pretrain,mDSuP2BsVy4,00019,0,pretrain,LXQqrR9mDMo,00011,-4.601419298239094,4.032
train,trainval,6zVS8HIPUng,50003,0,trainval,0FkuRwU8HFc,50004,-9.66055617887488,3.584
train,pretrain,QgZfyTguSPM,00004,0,pretrain,b3H9V1jq0A8,00003,7.910709485391607,10.752
train,pretrain,th3nnEpITz0,00016,0,pretrain,OHBaOyaltpU,00006,0.4858256600637727,19.968
train,pretrain,vSONFixSe4k,00033,0,pretrain,Hc6yiSFtoNo,00039,-8.246109135942314,8.256
train,pretrain,wgKmdbTmbDk,00004,0,pretrain,s3IPatkuByA,00008,-2.0120801617725848,3.84
train,pretrain,ng7sf2SpeFg,00011,0,pretrain,73cTNHEQhkQ,00021,3.9687984859657526,3.712
train,pretrain,IJmr7MsS8fw,00016,0,pretrain,ST4JS67J0Y4,00005,4.269322552995096,5.312
train,pretrain,rmeGVhhbGrM,00027,0,trainval,ygKNRnz7q5o,50009,-6.9061400221797875,4.416
train,pretrain,dY7iATJVCso,00029,0,pretrain,j12BBcKSgEQ,00006,1.9645555195329258,5.44
train,pretrain,dE1DuBesGYM,00066,0,pretrain,P2SxoBj3daM,00007,-3.766588739397103,5.632
train,pretrain,aR6jLD1USW0,00028,0,pretrain,CqasLvlSWGU,00002,5.74267935444041,3.008
train,pretrain,XII0TdSvloM,00009,0,trainval,7Z9xCX4ifJo,50004,1.6834346770929791,5.952
train,pretrain,QOSPNVunyFQ,00030,0,trainval,qP2W2k3L1Ow,50005,9.338804856390944,6.08
train,pretrain,X0VDy8s8FN4,00001,0,pretrain,4wOxJOPnSUg,00011,-5.464996239024935,6.08
train,pretrain,641aB1Dv1DY,00007,0,pretrain,S0hxl03JoA0,00027,-6.312847120914158,2.816
train,pretrain,uS3UYncNwz4,00019,0,pretrain,x8jdxSlf2Dw,00014,9.345655192786289,4.608
train,pretrain,UY2tyuSOcyo,00007,0,pretrain,u8bsCiq6hvM,00004,-1.5119889509445823,5.568
train,trainval,RxyQNEVOElU,50002,0,pretrain,SgYvy71CSSA,00025,7.023810181973019,2.496
train,pretrain,EluxCgnQVzg,00032,0,pretrain,J45cWdDEbm0,00014,3.837944347854245,11.52
train,pretrain,RxmzCJug9HE,00017,0,pretrain,ZJXxySanins,00012,9.902408805412293,8.128
train,pretrain,jguSkEMwrcc,00006,0,pretrain,VB9S4kELT2k,00019,7.368345601729715,4.736
train,trainval,gWPFJgLAzu4,50009,0,trainval,lU1ISu1LOv4,50005,3.4728387881128757,5.76
train,pretrain,1BfMMoLYMlg,00019,0,pretrain,HFqLoHyCTRc,00013,-4.210776204098239,4.416
train,pretrain,qm0isl11BfY,00011,0,pretrain,BxFvxKaSmWo,00016,4.693490286784986,5.312
train,pretrain,6ORDQFh0Byw,00029,0,trainval,4ZgwzSm7sRs,50040,0.37261129079016975,5.888
train,trainval,GDnYDLERnRE,50041,0,pretrain,85hbMtegrLc,00020,-6.250316988518687,5.504
train,pretrain,hbkBSjNGSzE,00017,0,pretrain,IxjwJ0Y1bxE,00017,-6.216555401619683,4.736
train,pretrain,d6eMdixkoRI,00020,0,pretrain,AQ8cpjEdpmI,00015,0.9241420041289654,8.64
train,pretrain,O4Og5tFNiaU,00038,0,pretrain,A60UTjiEp4c,00028,1.4199016366619777,5.056
train,pretrain,DOYASAY7dO4,00035,0,pretrain,WbuIl6phdco,00027,9.648458641253686,3.84
train,pretrain,TFvkq4BAvnw,00014,0,pretrain,lV3trdyDdHE,00047,-9.742517892240937,3.328
train,pretrain,IMTcuU0KLSw,00003,0,pretrain,v7UKkzIaSsQ,00020,-5.429612651404621,16.0
train,pretrain,mY2LIQbiGbo,00001,0,pretrain,rYwTA5RA9eU,00003,-0.8201236059815624,12.928
train,pretrain,HYGvts8hre8,00021,0,pretrain,eAnHjuTQF3M,00008,-2.730906380817184,3.84
train,pretrain,OfL5JmZnkI8,00011,0,pretrain,7wJTgUCxnKA,00007,7.878676619695668,6.592
train,pretrain,GOZOhpxSAFI,00016,0,pretrain,Sd7lvPpDDUg,00011,2.1262430641455374,13.12
train,pretrain,MEDgtjpycYg,00024,0,pretrain,F6NU0DMjv0Y,00006,-4.469796587306593,6.08
train,trainval,5QGApheKRc0,50003,0,pretrain,YhG1Bgbsj2w,00006,-7.3740193886092475,3.84
train,pretrain,asSNPOU5U3c,00008,0,pretrain,AR6RiSHN7S0,00033,9.407984051887041,8.64
train,pretrain,JBLc4Ekl3BA,00005,0,trainval,SS6ZojCzNGY,50004,5.402874022651288,2.24
train,trainval,6tpsSu5O0Ws,50002,0,trainval,KChjQvXjk1g,50006,-4.167175530991926,5.952
train,trainval,urntcMUJR9M,50006,0,pretrain,Aoa20kFNYmY,00004,6.011805153938582,4.352
train,pretrain,tkIgSSxPzTA,00012,0,pretrain,sBaiRpIpPKQ,00013,-4.656896744413562,4.096
train,pretrain,9RTkZaX1cH0,00002,0,pretrain,uCC3dS7FrkQ,00015,-7.463612230303973,4.8
train,pretrain,1fZk6aWnqGg,00004,0,pretrain,aSJn0xD0TXs,00014,6.946046830892666,17.088
train,pretrain,pY6ulSP70HY,00021,0,pretrain,56WGgJNBRxQ,00041,9.949270093892679,8.832
train,pretrain,WzDygsn0Djs,00004,0,pretrain,70VZ1SOzSnc,00024,-3.640067175909765,3.84
train,pretrain,X9NFPZGyDPg,00008,0,pretrain,r92jUj7gNRw,00031,3.336493661268234,7.936
train,pretrain,4bsiMd1zQ3s,00014,0,pretrain,wDxjss7kHRw,00018,-6.336739808854352,4.224
train,pretrain,l92bqJNkIao,00007,0,pretrain,rcdwNSDSTl4,00032,1.9858081409020194,3.2
train,pretrain,S3SnIMZ43EQ,00010,0,trainval,k7djE1X16og,50008,-6.326739464656139,2.304
train,pretrain,NZspSEdO2Xk,00035,0,pretrain,hupHAPF1fHY,00028,-4.7614669200439685,3.776
train,pretrain,tFX1nQLZUVM,00004,0,pretrain,sY0PfSpfqCI,00026,8.922144582771637,10.368
train,pretrain,eJnlgDUcxOQ,00002,0,pretrain,Xl6wxnnSStI,00007,3.1542931128150222,15.808
train,pretrain,QbSD6PTcmfs,00029,0,pretrain,eyq2Wo4eUDg,00010,-9.999415656117772,14.208
train,pretrain,iUbfRzxNy20,00039,0,trainval,l5Bbg96VODk,50001,6.485054015563012,3.2
train,pretrain,Chr3rQ6Vpcw,00010,0,pretrain,aUBawr1hUwo,00031,1.421680089576327,7.488
train,pretrain,eosckjQ4mJ0,00005,0,pretrain,SQB9zNWw9MA,00028,4.686673480077307,4.224
train,pretrain,9KaMufF0rAY,00037,0,pretrain,EXo3qA9V3eI,00028,-4.848786645797645,6.592
train,pretrain,m7C6aiZV9JE,00011,0,pretrain,48oiapTn3K0,00018,-7.76788902528196,5.568
train,pretrain,FSS4Kv6MlG0,00001,0,pretrain,qNvDRuGK84I,00011,-1.8028280336519824,3.776
train,pretrain,F6Qo8IDsVNg,00008,0,pretrain,2Oe6HUgrRlQ,00009,6.67283261187551,9.6
train,pretrain,ISjk9ni4XWk,00023,0,pretrain,0S7tbjvnH3s,00004,3.3818787675653095,2.368
train,pretrain,RoS2q3pSrq4,00008,0,pretrain,UxDhMEkV0DM,00001,-5.937010827019426,22.208
train,trainval,1hxwsYYz5fI,50001,0,pretrain,GIt6Z0k3PQo,00043,-0.26873275998110024,2.176
train,pretrain,IfjI0tVUpbc,00035,0,trainval,G5pvUaMgfC8,50003,-4.750037010168697,3.008
train,pretrain,o9NUy12lgs4,00021,0,pretrain,VlC93dig40E,00008,0.9449536732238606,7.36
train,pretrain,3mTbO2kC6mA,00006,0,pretrain,8GOFoquSdkI,00011,1.5080964648081103,27.968
train,trainval,Mr8nvXvlSy8,50003,0,pretrain,u0VHC1SDOS8,00045,-6.466837572406108,6.208
train,pretrain,LNHBMFCzznE,00035,0,trainval,q06YIWCR2Js,50014,0.0520207988832837,2.048
train,pretrain,NaoSp4NpkGg,00014,0,pretrain,HEFSHP2XE7E,00009,8.803990368946316,5.056
train,pretrain,hyHUVPG33QI,00016,0,pretrain,w46rfUN52ps,00007,7.315503656602303,4.288
train,pretrain,Soe7yjlFEJ8,00013,0,pretrain,weCFbknwZa8,00011,-0.2427830110274165,5.44
train,pretrain,G9wIXAGzn1w,00006,0,pretrain,1Gtc0ounD5I,00009,-8.877581296975595,10.048
train,trainval,L6N06hTuESE,50004,0,pretrain,jvBaRf9LHDs,00014,2.545547337201455,2.88
train,pretrain,j06dz9eDgqY,00011,0,trainval,GS1xL1qcBa4,50007,6.790904336250101,5.696
train,pretrain,8n5O9tz30So,00010,0,pretrain,rzbtSeVZeEE,00017,-2.7794311084279277,4.288
train,pretrain,YlmZkY1uqXM,00014,0,pretrain,HaHeAdJNa70,00021,-0.5094504920857883,5.12
train,pretrain,ZBDablzQ9ts,00009,0,pretrain,JtSjYnXD83Q,00006,1.2812146217112605,32.832
train,pretrain,fmxNuVDJZEY,00011,0,pretrain,lhP52caGW6s,00008,-1.2907667941695031,4.416
train,pretrain,7udZ5ux0dYE,00012,0,pretrain,lPtPG2lAmm4,00013,-4.484414433011876,11.52
train,pretrain,7npLVcymHGc,00050,0,pretrain,6gSwRHScq6M,00034,-2.075973127202813,4.16
train,pretrain,fIqABIcKIvs,00003,0,pretrain,afev0ZjAhUA,00019,-8.812569924064329,6.144
train,pretrain,rGgoCm1hofM,00018,0,trainval,raCIUeGUr3s,50010,2.4770145739369287,3.776
train,pretrain,HzySGhX8SCc,00006,0,pretrain,LwSzyoYlIsA,00002,5.529516464595046,21.76
train,trainval,Q80MfH7xPPE,50021,0,pretrain,HS8y0WLm78U,00068,-5.370004016973375,2.368
train,pretrain,uRdQS2sjF2s,00013,0,pretrain,tSSNoFstCmQ,00011,7.080069092786594,6.528
train,pretrain,mCZCokSu37w,00022,0,pretrain,vzKA1y3cdYI,00005,9.91458044955585,5.568
train,pretrain,lyRSK2CZIHQ,00025,0,trainval,uM1Ygy0tSp0,50004,-1.6346386714973349,6.208
train,pretrain,VekRvcbL4yk,00023,0,pretrain,FwLeiY5f7sI,00004,3.064880448029365,10.048
train,pretrain,7sqeoYOQ4qg,00028,0,pretrain,pbSSrJGgVIo,00003,-0.7348291695350504,4.096
train,pretrain,ruh6rN5UrME,00011,0,pretrain,Lp5Ccer5NM8,00032,-5.204048257585652,11.456
train,pretrain,NwmGTM5Py8Y,00090,0,pretrain,VM6HZqQKhok,00017,4.8068152381500155,6.656
train,pretrain,GbYc9BOU30o,00025,0,pretrain,4c1lqFXHvqI,00046,8.977634936012112,5.12
train,pretrain,EEWTNYovKfE,00001,0,pretrain,TBIL2sdfoVc,00020,-9.281664627752686,8.448
train,pretrain,dcwuBo4PvE0,00024,0,pretrain,0UmUgaJwEr0,00017,8.187311175935157,13.44
train,pretrain,3HaBoNSlpHU,00014,0,pretrain,P8GCjrDWWUM,00026,6.315682892550107,7.616
train,pretrain,nxRRqLpWi6Q,00004,0,pretrain,3lxyiS3CGrk,00009,4.008345306819695,24.832
train,pretrain,rRxdxIbSQbY,00009,0,pretrain,j51HsRILGKI,00003,6.449178070897883,4.672
train,pretrain,H1fvr9rGgSg,00018,0,pretrain,U9cGdRNMdQQ,00001,9.85558405992305,5.056
train,pretrain,KJ3lcCa0G4Y,00012,0,pretrain,zbHe4RpgV80,00010,8.459657360492287,4.928
train,pretrain,v19OlWvdUSg,00003,0,pretrain,5HL1BEC024g,00017,-8.648547619966436,4.096
train,pretrain,Mgbf3cq7lms,00019,0,pretrain,DG7kSeazMQ4,00026,-8.120634446508799,14.848
train,pretrain,KQEWc3LVfyc,00004,0,trainval,lqbLSUhhyPk,50006,-4.846378356472332,2.88
train,pretrain,23vKtqo2t4k,00018,0,pretrain,dY9f9bFctUE,00041,6.845434055219357,4.16
train,pretrain,aiDSQyFdd68,00006,0,pretrain,raCIUeGUr3s,00031,-2.9337913825150164,3.52
train,pretrain,5vXRgT6egSU,00022,0,pretrain,6xsvGYIxJok,00026,-8.022646135076325,6.208
train,pretrain,rtcrqLWZrS0,00013,0,pretrain,Ctz4E2ARkCg,00010,0.43379393004092925,6.336
train,trainval,IHyR7p6Shn0,50035,0,trainval,tiwVMrTLUWg,50002,4.578012579697274,2.048
train,trainval,OAK1UIbSFio,50009,0,trainval,LsESSyMnwmU,50001,7.713529346306835,3.776
train,pretrain,J6tgYBMXR6s,00007,0,pretrain,fbeFn1Xcqo4,00025,2.9025551700501033,5.12
train,pretrain,PkcBE74OYJw,00012,0,pretrain,AzcMEwAxSP8,00001,-9.81012448348094,11.904
train,pretrain,28sa2zGgmwE,00013,0,pretrain,KE3SK9M3JjY,00009,-8.217357463353043,6.016
train,trainval,haTsrKptgIU,50009,0,pretrain,iP9QFSlBOyA,00015,-6.360965714142193,6.208
train,pretrain,uCC3dS7FrkQ,00032,0,trainval,VN357QrUdEc,50029,3.280969213698663,2.048
train,pretrain,sucza6EOIf0,00047,0,pretrain,W0WOfMeWvsQ,00001,8.3417158263631,8.192
train,pretrain,SABC5U4MvTI,00003,0,trainval,vg8WAv0YT9c,50004,0.24269803760265418,4.416
train,pretrain,ZChEFOGSn8Q,00024,0,pretrain,o0td5aw1KXA,00003,-6.46713257320823,4.928
train,pretrain,8rzlrItooG4,00038,0,trainval,FdXUSZg9pcM,50001,4.749290551006819,5.952
train,pretrain,AIfBSkVI6NQ,00024,0,pretrain,2PNumSv80R4,00004,1.180334913264156,3.776
train,pretrain,YAV96XSdMQo,00001,0,pretrain,GIt6Z0k3PQo,00039,-6.688503838237909,3.264
train,pretrain,NwmGTM5Py8Y,00084,0,pretrain,XgRlrBlS7Yg,00032,2.826622758533034,2.816
train,pretrain,pLCeQyxVWB8,00015,0,pretrain,q319HSSLs9Q,00015,-3.292932438202117,4.416
train,pretrain,AJg9SXIcPiM,00014,0,pretrain,wBObnvIZGwE,00023,-7.79559880118327,2.048
train,pretrain,qQIwTWJSd2I,00022,0,pretrain,CTEhgUmSrro,00001,0.09084941281043513,33.728
train,pretrain,bf7BXwVeyWw,00015,0,pretrain,G0ZjSInJ4BQ,00022,-3.7326386111754806,3.648
train,pretrain,oghkCpRYVjU,00016,0,trainval,FdXUSZg9pcM,50003,-2.1210358430067933,5.76
train,pretrain,WfDSFRPjQTo,00006,0,pretrain,Mo2Ai7ESNL8,00006,-1.847749409960926,5.888
train,pretrain,B0cphH1jkQI,00004,0,pretrain,2G8C36aKnpU,00003,2.658294175286855,7.808
train,trainval,vvhiNSqq6oo,50003,0,pretrain,cSiNSQubRs0,00032,9.418640504057251,3.776
train,pretrain,vJ66jv8ICjc,00018,0,pretrain,wyhF7q3Sbpk,00027,-2.594711842685806,15.04
train,trainval,s2F41IQSPGE,50047,0,pretrain,ASQpKiUSNHo,00033,-9.926559870891655,5.888
train,trainval,VmP574ikRFs,50020,0,pretrain,GKjScLeyNJk,00001,-6.453139524258447,3.136
train,pretrain,BSxI3YxAPW4,00022,0,pretrain,HpiZTvlWx2g,00020,-8.885516871878899,21.504
train,pretrain,SQdPW8JrYzQ,00001,0,pretrain,UrqRudIUPWs,00002,-5.911811742455832,4.8
train,pretrain,XS85KAYKOT4,00029,0,pretrain,XRWTyUVh0BQ,00013,6.122758103670467,16.96
train,pretrain,rRxdxIbSQbY,00023,0,pretrain,7Xmr87nsl74,00026,-4.366831485496469,6.336
train,pretrain,3qRtDnsnSwk,00009,0,pretrain,X48GTmOe5SA,00002,-5.077961790476005,7.68
train,pretrain,9usocDBGnvA,00014,0,pretrain,xEtXItg9hEE,00013,1.6758820362729203,8.32
train,pretrain,7JVTirBEfho,00002,0,pretrain,l5Bbg96VODk,00022,-8.059007360635452,7.04
train,trainval,HJqtUUDhaxA,50021,0,pretrain,pk35J2u8KqY,00006,-3.6201242190231397,4.032
train,pretrain,oiZ42KUsxGo,00012,0,pretrain,NRcPXtqdKjE,00040,0.25419147296832634,4.608
train,pretrain,z8UevNKDFKU,00007,0,pretrain,p8KSCPXuYwI,00005,-7.339404204322532,8.768
train,pretrain,dciTrZxqbHE,00018,0,pretrain,RKmxL8VYy0M,00033,3.5834573254300928,4.736
train,pretrain,c6mhFgAjqwA,00032,0,pretrain,NgDGlcxYrhQ,00021,-5.505393468401218,7.488
train,pretrain,PzSw6OsEP9Q,00005,0,pretrain,zpNBwNgWejs,00010,7.869680894960396,8.832
train,pretrain,AK9OBSx77S8,00024,0,trainval,88SlA2EZxtY,50004,-7.812768935412011,5.632
train,pretrain,Erm4vP1vTn8,00008,0,trainval,om6SewSRwtU,50047,6.291347253027354,2.304
train,trainval,WzDygsn0Djs,50012,0,trainval,VC3H1lMEeS4,50014,-8.162964919282363,2.56
train,pretrain,XoBSE2C1u0s,00006,0,trainval,KoXdjyJyxbE,50006,-8.939443376920938,3.968
train,pretrain,FwFqvOFefqg,00022,0,pretrain,z9sa2ZAqHl0,00013,0.6794207673548325,4.16
train,pretrain,X9NFPZGyDPg,00013,0,pretrain,tV2RLLtOgL4,00011,-0.3496489849538378,3.456
train,pretrain,czfduTtXLbI,00023,0,pretrain,bzj1BTdfoeI,00047,-8.059046622364912,13.696
train,pretrain,vkEeNkHilIg,00012,0,pretrain,eJnlgDUcxOQ,00014,-5.433399942441859,3.648
train,pretrain,mWp4Sp8GTgI,00006,0,pretrain,fnS9f5x0f1Q,00025,-4.064335968099058,5.376
train,pretrain,SfHRcaS6r3w,00001,0,pretrain,xmlekZSSOWE,00014,5.467392385458867,9.536
train,pretrain,VYU25aJpg5o,00025,0,trainval,TFvkq4BAvnw,50008,4.5345668387069615,2.496
train,pretrain,KTTtn0iSZyA,00008,0,pretrain,SGnmDWtyhAs,00009,6.367612916736402,3.2
train,trainval,ytJyT9oDEm4,50001,0,pretrain,PVXQUItNEDQ,00019,-5.324949569251062,5.44
train,trainval,y2X7c9TUQJ8,50006,0,pretrain,WOgSqHtTtHY,00005,2.8849092622914903,2.112
train,pretrain,aUBawr1hUwo,00024,0,pretrain,EwuunRJgoBw,00001,5.975653903793459,4.48
train,pretrain,VoCOzuWOgSY,00021,0,pretrain,8COaMKbNrX0,00008,4.530432854323186,12.16
train,pretrain,Wm0GKnd3JvA,00010,0,pretrain,qZYNWW4M7yM,00026,9.98369477031217,3.776
train,pretrain,U11XcUta1jk,00004,0,pretrain,IwidCkCmWg4,00006,-7.291431752817827,6.144
train,pretrain,QAnNM3WJCYA,00015,0,pretrain,cn9Q4c3dXGU,00005,-0.5187061893622236,24.896
train,pretrain,bhgonb4EqXI,00005,0,pretrain,uNDWvejza4c,00041,-5.031578553410037,5.12
train,pretrain,m0ZPM5I1tTg,00025,0,pretrain,zGEDHMF4rLI,00011,-0.7343440644987034,8.064
train,pretrain,kCOV51S7Xqg,00010,0,pretrain,vhhgI4tSMwc,00015,-9.483732679067066,4.736
train,pretrain,SKx2lfobPuU,00021,0,pretrain,ZChEFOGSn8Q,00049,-9.897143399186842,13.184
train,pretrain,Jk0AknXMXmc,00020,0,pretrain,haTsrKptgIU,00027,5.924773927709467,6.336
train,pretrain,4fyvDMFriRI,00009,0,pretrain,VSJpBJal3F8,00007,-9.932791732599211,11.328
train,pretrain,GpKrM8GQwOg,00001,0,pretrain,dOOtM7ZpAS8,00040,-3.0474035231228713,4.608
train,pretrain,uRdQS2sjF2s,00007,0,pretrain,YsUAEFJsOdA,00005,5.820658569631439,5.504
train,trainval,CrsdoIOGCRw,50011,0,trainval,Q80MfH7xPPE,50005,8.878893637491402,2.432
train,trainval,TT6qWghHkFI,50016,0,pretrain,UfM7tSoqNDw,00014,-1.8811511827583534,2.176
train,pretrain,HNOnvp5t7Do,00028,0,pretrain,MOhVyS9fWdE,00002,8.77784061491187,11.328
train,pretrain,BxFvxKaSmWo,00004,0,pretrain,vbHkhSfaQu8,00011,7.9276971423889115,4.032
train,trainval,11Mq9ZuxZMc,50001,0,pretrain,KiPcxhJtuPQ,00028,-8.720655940698201,4.672
train,pretrain,b2MSSeKey4o,00026,0,pretrain,COwSbfCgXBw,00018,0.9948374987513375,7.488
train,pretrain,x8jdxSlf2Dw,00022,0,pretrain,n706Sqp20Mk,00003,-7.932070342992434,5.376
train,pretrain,lhP52caGW6s,00018,0,trainval,gSUvy6pvLA4,50010,-3.1820241259427196,3.2
train,trainval,eCknUJJc3qU,50007,0,pretrain,W4LYn4mIP18,00018,-6.465266901416047,2.688
train,pretrain,DnbC2Tii0S8,00001,0,trainval,cswhOCKQZ7Q,50001,-9.772089638179217,2.432
train,trainval,HYzrdn7YLCM,50005,0,pretrain,mkdSXHXhCcw,00058,1.134554170727636,3.648
train,pretrain,b28brIs1OmM,00021,0,pretrain,r4KQfepEqWQ,00011,-7.51468102564143,16.64
train,pretrain,Erm4vP1vTn8,00012,0,pretrain,l5d8GW6GdR0,00006,4.521031978651518,5.056
train,pretrain,iSRWMLMBkqk,00027,0,trainval,4BZuWrdCS9Q,50009,7.960468879029495,3.264
train,pretrain,Er9bh94f1w0,00001,0,pretrain,LSdPxGLesE4,00028,7.0751820755152295,3.52
train,pretrain,R21MsHQA8vM,00003,0,pretrain,uPE0G00XFV0,00017,-2.3200160292775234,18.56
train,pretrain,GCOc31fQi7A,00023,0,pretrain,LWQfeSSfNbs,00002,3.3594500439820667,10.496
train,trainval,bSiGZPtWXzE,50014,0,pretrain,mDSuP2BsVy4,00004,6.015767115629327,6.016
train,pretrain,zmDENxTPn8Q,00023,0,pretrain,sY0PfSpfqCI,00001,8.16072948397856,4.8
train,pretrain,kpyc84kamhw,00005,0,pretrain,wDxjss7kHRw,00023,2.3170835865473123,11.136
train,pretrain,IgKWPdJWuBQ,00017,0,pretrain,xRL2vVAa47I,00008,-2.6269845863613135,3.2
train,pretrain,pWaxi4H2xPU,00011,0,pretrain,dOOtM7ZpAS8,00018,6.574699113973182,7.488
train,pretrain,CFADnhYKDHg,00016,0,pretrain,PB2OegI6wvI,00056,-0.8014317539774378,6.272
train,pretrain,mZqL7MC8Eys,00012,0,pretrain,Zq7QPnqLoUk,00062,3.3387381630740585,6.08
train,pretrain,pWaxi4H2xPU,00012,0,pretrain,S7SXH1CBzGw,00023,-0.14348349567713115,11.648
train,pretrain,U7fFCaHZvVk,00002,0,pretrain,0NV1KdWRHck,00053,3.391664037738648,5.376
train,pretrain,uHnqvhWQMV0,00003,0,pretrain,n3qA8DNc2Ss,00028,-7.802453887175512,8.576
train,pretrain,eyq2Wo4eUDg,00010,0,pretrain,p8qbV95vwO8,00004,3.9887637667865548,15.168
train,pretrain,49aWAHqi200,00003,0,pretrain,FD5ZKiSmoMU,00035,5.074732659311934,5.44
train,pretrain,MOFdlEbu15g,00067,0,pretrain,gwMjgSqFm0M,00015,0.5958854764884727,3.392
train,pretrain,ovV7v2XYJAI,00002,0,trainval,y2X7c9TUQJ8,50019,-0.9924405298228418,6.08
train,trainval,dsT5eVSm7BA,50001,0,pretrain,apbSsILLh28,00002,7.448898223662827,2.048
train,pretrain,y1yK36RMyRE,00011,0,pretrain,ZxVJt6vQWV8,00004,-3.372366397012854,11.52
train,pretrain,be03wdS5Klc,00022,0,pretrain,fqJAeReFr8I,00021,-0.49247526374565,17.728
train,trainval,RBfdvib2irc,50003,0,pretrain,NDQ1Mi5I4rg,00017,0.3249077153779716,5.888
train,pretrain,tbvUCrS5S5I,00001,0,trainval,vhhgI4tSMwc,50007,-2.488202805660789,5.952
train,pretrain,8vSGrrQs8ow,00010,0,pretrain,y6FT80ZoVJY,00008,-6.29759446488287,9.344
train,pretrain,5aLiFw8CSEA,00010,0,trainval,1N6e0DnGq38,50004,-9.23533974186904,4.16
train,trainval,nbYQ7kdt0U4,50006,0,pretrain,XzDNfLnUOYY,00024,4.453557618129501,3.84
train,pretrain,nC06omDS0kA,00024,0,pretrain,aT6vIq6S1OE,00015,5.811732117330564,3.84
train,pretrain,TH9CqtMzxG0,00013,0,trainval,1IxIDGyISzk,50014,3.9979142055643067,5.376
train,trainval,tVIaoQrnAxY,50002,0,pretrain,7SfQLQ7eyA8,00037,-9.497106347100619,2.752
train,pretrain,cSiNSQubRs0,00035,0,pretrain,36m1oStM05g,00024,-2.4019842497376676,6.4
train,pretrain,CzgS9C7gw0o,00009,0,pretrain,3GFG6Cvy9HQ,00040,-0.201651104328203,4.16
train,pretrain,HB2SlA68YDU,00001,0,pretrain,1CN7PF10RKo,00017,-2.4142550691995464,6.656
train,pretrain,U2dHczVSCdo,00037,0,pretrain,tYclUdcsdeo,00003,-9.802602105380744,5.888
train,trainval,CGksAjzI0go,50011,0,pretrain,U2dHczVSCdo,00007,-3.3371312942702858,3.136
train,pretrain,fYUaWgVF2XA,00015,0,pretrain,odIvobLv7C4,00007,-9.393914710387048,7.936
train,trainval,oDdcx5luv5s,50010,0,pretrain,MUOSpWJ0riQ,00004,6.1743599773947295,3.328
train,pretrain,bB5zR2xYhm4,00034,0,pretrain,HwxjoBQdn0s,00018,-0.5411909826838226,16.768
train,pretrain,g1bOpgoOI3g,00009,0,pretrain,lv9QDjw8GJk,00020,-4.8039960005609705,4.608
train,pretrain,cswhOCKQZ7Q,00011,0,pretrain,oiVSHkItqxo,00011,6.444137009985479,3.84
train,pretrain,Ligs82S0qN8,00001,0,pretrain,G8gJJuCdPSA,00011,1.5772271943410026,5.568
train,pretrain,H1fvr9rGgSg,00051,0,pretrain,KkyzYjPuxK8,00006,-6.994027216619923,6.656
train,pretrain,Ja5UAq09lps,00014,0,trainval,KQEWc3LVfyc,50007,-2.7824299645582418,4.032
train,pretrain,nW5VhQyc4Fg,00013,0,trainval,UWKvpFZJwcE,50006,7.251674366537426,3.968
train,pretrain,SDjLpMj3BDU,00018,0,pretrain,1bXAkbCyjpo,00024,9.27761415655823,5.12
train,pretrain,MS4x6G0zzeg,00003,0,pretrain,aUBawr1hUwo,00001,0.6058995195933488,7.808
train,pretrain,Er9bh94f1w0,00010,0,pretrain,Bc2wVyl8RLI,00005,-8.021775311061576,9.472
train,trainval,yDubrSRjlCE,50013,0,pretrain,rFAdlU2ETjU,00020,2.8047687957728424,3.392
train,pretrain,WQG8EJTY48M,00002,0,pretrain,Chr3rQ6Vpcw,00008,6.577678215160237,3.648
train,pretrain,cQl6jUjFjp4,00010,0,trainval,pzN4WGPC4kc,50002,-0.3167539021599488,5.824
train,pretrain,2FMBSblpcrc,00009,0,pretrain,D9Ihs241zeg,00001,5.562290779672095,7.104
train,pretrain,APPbSStpGHk,00013,0,pretrain,rOVkASt39Uc,00008,3.6420152330205884,11.392
train,pretrain,oZ2eT76Sb4I,00001,0,pretrain,6LpSNMaU0r8,00017,6.507358110053971,6.848
train,pretrain,EEjyPqyFeSs,00024,0,pretrain,AHfiKav9fcQ,00024,9.541228918170322,5.248
train,pretrain,dOOtM7ZpAS8,00020,0,trainval,LCuAu67OCDk,50001,-7.891753105353114,4.288
train,pretrain,I1cGiNnJZgU,00024,0,pretrain,7c5t6FkvUG0,00010,4.58298099462219,13.568
train,pretrain,jodhovumkHQ,00031,0,pretrain,Un2yBgIAxYs,00041,-3.448998414849946,10.432
train,pretrain,Ep2MAx95m20,00007,0,pretrain,93fJ33L9OKw,00017,2.6248681645565224,7.936
train,pretrain,7SfQLQ7eyA8,00030,0,trainval,6qTfX4U6CS0,50012,7.356660920609187,5.376
train,pretrain,7jx0dTYUO5E,00013,0,trainval,SmqSHqRnngc,50001,5.315496031775451,2.752
train,pretrain,qdiF1fSGfyM,00001,0,pretrain,zG21nyJNBSA,00009,1.5255333230978039,6.016
train,pretrain,hFgPtuzgw4o,00026,0,pretrain,hHOX3dlhhZ0,00008,1.4275678031929004,4.672
train,pretrain,9YeQi5Zqy1I,00014,0,pretrain,7ZWTG0SeCEg,00003,6.512251867429569,5.248
train,pretrain,IwWuLSwSMvI,00012,0,pretrain,P4pKrxVcvJc,00014,-6.61963368851632,7.616
train,trainval,1SPazvfN9EU,50003,0,trainval,7CmqNpCofc8,50001,-0.4341820200049824,2.752
train,pretrain,7wJTgUCxnKA,00015,0,pretrain,qaue72D9pSI,00005,7.032239223484943,13.376
train,pretrain,d8s8e8JdGCc,00029,0,pretrain,CVdPhUPO5YU,00018,8.329049865870665,3.52
train,pretrain,VCRcGKpjWtU,00003,0,pretrain,qErZ2AQDMB4,00004,6.435787738748818,4.352
train,pretrain,LGtNFHtM81A,00005,0,pretrain,ziGD7vQOwl8,00053,8.645407665410001,7.616
train,pretrain,itnoDEL5QjQ,00013,0,pretrain,3vJ4SUH38dQ,00015,9.98570796656664,7.232
train,pretrain,S2uSeHHzRto,00023,0,pretrain,rN7VcY1fS1Q,00028,-7.880011423533968,13.44
train,pretrain,CGksAjzI0go,00037,0,pretrain,zBSaSy6aKTY,00009,6.169820069410328,7.744
train,pretrain,gC1CVOn8JQk,00006,0,pretrain,SpSGKCr8rq8,00012,0.14625948271233824,7.04
train,pretrain,GOCUH7TxHRI,00018,0,trainval,KDBcoRLkut8,50002,-7.052654783632677,6.016
train,pretrain,V1K3GvSKyJQ,00014,0,pretrain,T7ibjISKSdY,00043,-7.6325914747151895,6.208
train,pretrain,wYCSHKl4RPU,00017,0,pretrain,gzcwS02ZB1o,00009,4.1986164120929566,7.872
train,pretrain,vPhM8lxibSU,00005,0,trainval,klUoJxGv9wg,50006,-8.435925809209095,3.2
train,pretrain,43e6eAAeGCs,00053,0,pretrain,QOSPNVunyFQ,00009,-7.169202245297641,4.48
train,pretrain,jFG7jqJXbno,00030,0,pretrain,b2qM1ISJCEQ,00016,5.1358825168751885,3.904
train,trainval,gniDHWq0RSQ,50001,0,pretrain,OfL5JmZnkI8,00001,-7.975727817761342,2.56
train,pretrain,FzApYQDIXlg,00009,0,pretrain,5OISkgjSjkA,00011,-0.2708950994731154,4.864
train,pretrain,9AgCr2tTvng,00003,0,pretrain,LWULB9Aoopc,00039,8.691416583153824,4.288
train,pretrain,cQvDUTOOkiI,00048,0,pretrain,oDdcx5luv5s,00044,-3.7793111066074214,4.416
train,pretrain,DUd8XAS5HEk,00050,0,pretrain,NR33yerZgso,00006,0.9232869170395155,7.488
train,pretrain,0GL5r3HVAZ0,00020,0,trainval,nPdUMWGWE28,50015,-6.338966095307212,4.608
train,trainval,N37x4GgDVBM,50018,0,pretrain,2tcEgqTWbxQ,00020,6.248715647259161,4.288
train,pretrain,lrZ2DJzbYYo,00024,0,pretrain,sPQViNNOAkw,00012,8.72817029824391,9.216
train,pretrain,V1gxziZwmkc,00037,0,pretrain,k4vzhweOefs,00008,-1.37057146276792,6.4
train,pretrain,lD69n6Ur2P8,00006,0,trainval,Wtp7R97jz5k,50003,-7.751141954623597,4.096
train,pretrain,pNttjJUtkA4,00028,0,pretrain,bClWV3eeETA,00028,8.949213948137537,9.984
train,pretrain,cj5LZBmiQu4,00029,0,trainval,deT1mILtFEY,50004,9.169031576692134,4.288
train,pretrain,PB2OegI6wvI,00044,0,trainval,QekbuidfQKo,50002,-3.770042160184561,2.112
train,pretrain,2j00U6lUCSc,00050,0,pretrain,dwU8eavPInw,00059,-5.007577956647989,5.44
train,pretrain,6Af5tJzSR2w,00022,0,pretrain,ptIecdCZ3dg,00046,-4.4143713043080135,5.696
train,pretrain,cSsxBTNF2U8,00049,0,pretrain,vNpmq6OkSQQ,00033,1.6114350816085672,10.496
train,pretrain,T8VS0LUCgmk,00006,0,trainval,J6oMG7u9HGE,50031,8.467312441771202,2.176
train,trainval,xqPJKtFI42U,50001,0,trainval,y3ZrjRlIcgI,50002,-2.6580693612698543,5.888
train,pretrain,WWRXOqYwRkM,00011,0,pretrain,Kn5JRgz3W0o,00013,2.9148182050790883,6.592
train,pretrain,3yfFwDq4R5M,00002,0,pretrain,2EeqUSQMjbw,00019,9.511626824815064,10.496
train,pretrain,FTUpFYo0rMI,00023,0,pretrain,CEN4XNth61o,00045,0.7503098148951164,6.656
train,pretrain,OyahH2o9AAk,00010,0,pretrain,pASKEZ1bSLg,00007,1.1435146745657505,4.608
train,trainval,0Bhk65bYSI0,50005,0,pretrain,CBJMFvcR8PQ,00018,-1.2575512610032646,6.08
train,pretrain,gwPoM7lGYHw,00027,0,pretrain,E5BOBs3Nmbw,00029,-8.660111525748393,5.248
train,pretrain,6LpSNMaU0r8,00011,0,pretrain,e450FJaS3no,00010,7.40502224774492,6.272
train,pretrain,yzm4gpAKrBk,00021,0,pretrain,7JVTirBEfho,00011,-4.00381684742457,7.104
train,pretrain,rxeLnx5UEEk,00015,0,pretrain,3phTundagzQ,00001,-7.139888038322013,5.44
train,pretrain,DzWjaWFLjgg,00007,0,pretrain,mPCDOij0bB0,00039,3.7632663330255127,12.096
train,pretrain,R7beBKnH9u0,00008,0,pretrain,G1Ke6JIZyX4,00003,-3.9342111948002305,3.456
train,pretrain,0D9QIG36J9Q,00021,0,pretrain,vzi4AopBEBg,00003,6.658540102356131,3.776
train,trainval,k7djE1X16og,50001,0,pretrain,5AcjM5BKfRQ,00017,-1.394648647530241,2.304
train,pretrain,ApGeDdIaxo8,00016,0,pretrain,SwiaaqKdtjw,00020,9.504961015655223,3.072
train,pretrain,9YGZkgkj3fM,00006,0,pretrain,PsihkFWDt3Y,00013,1.5643221201147455,7.168
train,pretrain,4ef6KJ7vfIw,00008,0,pretrain,SMi3rHuK0c4,00005,-9.00638575020758,9.088
train,pretrain,G8gJJuCdPSA,00011,0,pretrain,4Lb5LSVEm34,00012,6.106758346270325,5.568
train,pretrain,esPRsTSlmw8,00027,0,pretrain,3U6tEcIIAIc,00001,0.1751164353056307,5.76
train,pretrain,9ijS6iMi9gA,00012,0,trainval,yG7v4ySxwzQ,50009,-2.681293638953834,3.776
train,trainval,4mFzIumKKsc,50011,0,trainval,04SEzifEsGg,50002,-0.8080777190071622,3.52
train,pretrain,C3DyhrDsNUA,00010,0,pretrain,iXHil1TPxvA,00002,-8.448567829019298,14.4
train,pretrain,uhRhtFFhNzQ,00036,0,pretrain,LnQYJa9SaR0,00008,-9.784483637407638,4.8
train,pretrain,SwMTKRixZIE,00015,0,pretrain,8OkzozrUEHY,00002,-4.204091733037449,4.352
train,pretrain,u1SdYypojbE,00020,0,pretrain,AvtStbwMQqs,00015,-6.3007215449671445,6.08
train,pretrain,TQMbvJNRpLE,00030,0,pretrain,Pzd7ReqiQnE,00011,0.06843441356783586,3.84
train,pretrain,CqasLvlSWGU,00009,0,pretrain,nFQU5a5SByg,00004,5.656125100518034,22.336
train,pretrain,goSQOzc79Uc,00010,0,pretrain,A71OktxTPac,00019,-1.7031613175532136,7.232
train,pretrain,nx3GuO41Jyg,00027,0,pretrain,gzthxdm7XNs,00021,5.345872815072903,3.904
train,pretrain,Diuv3XZQXyc,00014,0,pretrain,rueQgStScw0,00018,-5.899204309872362,5.888
train,pretrain,B7c0W5FZw64,00002,0,pretrain,nubSKdtzLcE,00017,-6.275319071007591,6.976
train,pretrain,CVaSIZVzUoc,00020,0,pretrain,8iZSsHd0IlU,00029,3.76713291750643,6.848
train,trainval,2zvjW9arAZ0,50004,0,pretrain,LgntY0dOfSc,00028,-8.871129749977635,2.432
train,pretrain,nncPtxLCPrE,00030,0,pretrain,H1fvr9rGgSg,00042,-2.534010633264816,4.096
train,pretrain,Jz064FJMmKw,00013,0,pretrain,NAcuH7nSdLc,00029,-6.318192579365576,14.72
train,pretrain,mAw2JSJPJQ0,00004,0,trainval,pew48bbrob0,50002,-2.693106613842799,5.376
train,pretrain,eJZSzNuKX7c,00017,0,pretrain,OlLFK8oSNEM,00019,8.952936610768305,3.712
train,pretrain,JXXvIMKPHYg,00004,0,pretrain,W3C23m71Yws,00008,-4.765539966860048,9.216
train,pretrain,QJ28IC63hlI,00003,0,pretrain,aMrCYPCsLUk,00013,-8.018891112602853,14.016
train,pretrain,o9NUy12lgs4,00021,0,pretrain,WXOd4qh3JKk,00033,-9.645844708136046,7.36
train,pretrain,MoSmgcxGYYE,00009,0,pretrain,1X7fZoDs9KU,00011,1.050318754735212,14.848
train,pretrain,WWRXOqYwRkM,00007,0,pretrain,SJyE40koQyA,00015,-2.951754897015322,4.736
train,pretrain,5nys6iebjHw,00015,0,pretrain,IYpovgkaS9Q,00008,6.77440963799619,3.136
train,pretrain,HFFBkbsSFY0,00007,0,pretrain,Ep2MAx95m20,00003,9.51526567131534,7.616
train,pretrain,owl8keTUioo,00002,0,pretrain,lhqYBhLh1IM,00012,8.9872930711119,12.8
train,pretrain,7ZoOyNTyjQE,00002,0,pretrain,iFTWM7HV2UI,00043,-2.504283202579069,3.456
train,trainval,ivfJJh9y1UI,50002,0,pretrain,iNgBSj4S5HY,00013,-2.16177781372322,5.696
train,pretrain,QvSZ1MtaXME,00012,0,trainval,JrJJxnSgCdo,50004,-6.720601044986115,2.944
train,pretrain,D9S6G8J6VJg,00002,0,pretrain,N9HF8mMe2pU,00039,-5.0551882334019815,7.104
train,trainval,IMTcuU0KLSw,50016,0,trainval,mzy84VbSGxk,50008,7.087454087090727,2.304
train,pretrain,oeL72c6scAs,00022,0,trainval,urntcMUJR9M,50007,-5.917058101684667,3.392
train,pretrain,yVwAodrjZMY,00009,0,trainval,xcR1SWhjZys,50005,8.917650360551221,3.52
train,pretrain,ogeGJS0GEF4,00007,0,pretrain,EvEj5zAJriw,00011,3.6814794040055574,4.736
train,pretrain,AfljJGTVcKE,00021,0,pretrain,HCG1petekXw,00007,-2.645192466261017,9.792
train,pretrain,AFRmGkdXkxA,00026,0,pretrain,MvMUMShuMaI,00021,4.032963313819337,11.392
train,pretrain,8t4Vj6lmzVo,00001,0,pretrain,bhgonb4EqXI,00022,1.2823557022928451,2.944
train,trainval,EBKSa94IFHY,50010,0,pretrain,dY9f9bFctUE,00003,8.364907073155806,4.928
train,pretrain,qNvDRuGK84I,00018,0,trainval,o4Nno6POrwE,50012,5.091122872717154,3.648
train,pretrain,IDSSieLCmS4,00051,0,trainval,urOCGSMlB9g,50003,-5.1661584553937185,3.328
train,pretrain,7sxpKhIbr0E,00019,0,pretrain,GzB0BDstCI0,00025,-9.85708212351496,3.392
train,trainval,4mJ1aHFPS1M,50009,0,trainval,VN357QrUdEc,50006,-4.20970982264564,6.08
train,pretrain,MBZyRlxVdSE,00022,0,pretrain,8S6S5vZGSSk,00017,-6.345548804538708,9.728
train,pretrain,PNqu5BWeHDw,00003,0,pretrain,o1abyP4zfGg,00020,8.886166534078423,5.888
train,trainval,JLLpWtHbMAo,50017,0,pretrain,EXo3qA9V3eI,00012,-1.9768281115666966,3.776
train,pretrain,5Dn08yo9aiM,00015,0,pretrain,wD3S6JIUF7M,00025,-9.693233510803623,4.544
train,pretrain,AU66C6HePfg,00001,0,pretrain,PS2h8hSFphs,00024,-2.0055343518970563,4.16
train,pretrain,oeL72c6scAs,00012,0,pretrain,7SfQLQ7eyA8,00020,-7.7717657870375545,5.376
train,pretrain,5Dn08yo9aiM,00016,0,pretrain,5Yikqlc7yl8,00020,-7.035149892176387,3.2
train,pretrain,OOG65rSM5fA,00026,0,pretrain,MEDgtjpycYg,00007,-5.08532496451068,7.104
train,trainval,stAstsOxLPc,50014,0,pretrain,Syi9bqfFIdY,00013,-5.248063258572946,2.176
train,trainval,APgMXDjLcT4,50007,0,pretrain,5UH7uTpTa44,00024,6.018737924334669,4.032
train,pretrain,CVdPhUPO5YU,00035,0,trainval,pY6ulSP70HY,50007,8.851181737184369,2.368
train,pretrain,x5LshSZn5RA,00016,0,pretrain,jeOumyTMCI8,00031,5.198149834554343,8.896
train,pretrain,Oe1cDSPfbh8,00014,0,pretrain,NtOoDN0ojxo,00028,9.711576223477554,8.384
train,pretrain,z4vmzTZ7qLA,00013,0,pretrain,fv8KpQY0m6o,00002,5.474493128899059,3.456
train,pretrain,2VWSSFSUeQI,00016,0,trainval,xAgawjzimjc,50005,-9.51922758829568,6.208
train,trainval,5ErKrSyUpEo,50003,0,pretrain,0nI65jgHG9o,00007,-5.683349762858754,5.12
train,pretrain,YMyofREc5Jk,00012,0,trainval,PsihkFWDt3Y,50001,-3.2463709104419376,4.672
train,pretrain,ay8OMOsf6AQ,00039,0,trainval,NI0yARyFoIM,50014,3.1994865848782066,2.88
train,pretrain,jguSkEMwrcc,00018,0,pretrain,eQdFkSSgHYo,00009,-5.231857527403772,4.928
train,pretrain,LoXAAEy6YQU,00031,0,pretrain,CBSU7vJn0us,00016,8.372024972011552,6.08
train,pretrain,vw5HJhIlJp4,00012,0,pretrain,lw3YTbubyjI,00012,-1.012787793931377,11.136
train,pretrain,COwSbfCgXBw,00013,0,pretrain,85bqT904VWA,00010,-2.935524947601385,3.712
train,pretrain,C74amJRp730,00009,0,pretrain,4SSn83lCbTg,00016,8.875368168576593,4.48
train,pretrain,4bHO8NZwmIg,00011,0,pretrain,LiyaSr5aeho,00001,6.0669720272100385,2.048
train,pretrain,TqxxCYnAxo8,00008,0,trainval,w3q89BTJj3o,50027,-7.672032871241504,6.016
train,pretrain,Z2Z3P8E0tos,00002,0,pretrain,IRVdiHu1VCc,00043,5.629213744934692,9.152
train,pretrain,sS9ys09BkGE,00023,0,pretrain,nqj6fH2i9go,00012,6.613001367332366,6.656
train,pretrain,icI94blMKIc,00011,0,pretrain,PgCmT0qkfQM,00028,4.9670649772758,7.04
train,pretrain,PSggxpMY9q0,00019,0,pretrain,SZWS8SNCKMw,00009,-2.230788625182127,16.064
train,pretrain,oDdcx5luv5s,00013,0,pretrain,YGoI3B86iX4,00012,8.205074248672865,7.232
train,pretrain,9P73k8m3Ytw,00015,0,pretrain,Af5qUxl1ktI,00005,9.744179683051325,4.288
train,trainval,hHEVMhHDP1E,50006,0,pretrain,M7gB1OxksUM,00001,9.068741133701963,2.688
train,pretrain,YhJPoyv8O3A,00006,0,pretrain,BMDSPhk7JSY,00025,4.808940882116364,6.784
train,pretrain,zvwQXwJyaj0,00026,0,pretrain,dXqPaHQp4Xw,00007,0.46819151493252775,11.584
train,pretrain,SfQVotsYV0Q,00006,0,pretrain,QoTSdOkjEVs,00003,2.7475333895697283,3.456
train,pretrain,DGvPfD1Dd1U,00002,0,pretrain,NRO0SJXuFMY,00007,5.804064182641735,11.328
train,pretrain,zvwQXwJyaj0,00014,0,pretrain,btF6nKHo2i0,00061,3.657014488969029,5.952
train,pretrain,nTFEUsudhfs,00004,0,pretrain,mpqrO2agOTs,00019,2.337205861904879,25.92
train,pretrain,e4PTvXtz4GM,00003,0,pretrain,3sWTLAS0m9U,00001,-5.485246683845022,5.504
train,pretrain,wQJC2MMB8nA,00030,0,pretrain,vqPAdUeU6mQ,00013,3.4040104318313595,10.88
train,pretrain,jZxLsDkvkVQ,00024,0,trainval,lSYy6poJ2zs,50002,9.072490986385855,4.8
train,pretrain,FTUpFYo0rMI,00006,0,pretrain,vNyZmSg92HI,00022,-3.7542872128674176,6.976
train,pretrain,STuCsRugKN0,00008,0,pretrain,h4mmeN8gv9o,00016,8.206814428731779,5.568
train,pretrain,O6GimGZz6a8,00027,0,pretrain,MvojSku8zk0,00014,1.8849957109063311,3.84
train,pretrain,eNC1h5H5cJA,00009,0,pretrain,g2m97gPI70I,00022,-2.2336653643153204,4.16
train,pretrain,FSNEIwDiCSw,00058,0,pretrain,HdHW77blulg,00015,8.290871409993201,7.488
train,pretrain,URSuWwvpn5c,00036,0,trainval,1rTEOU67zCo,50011,0.38851959853188056,5.12
train,pretrain,HV4loecFZh8,00013,0,pretrain,gyPoqFcvt9w,00045,-3.147852874741888,4.736
train,pretrain,lwcvhh4pLjE,00032,0,pretrain,sHdYaMyR5S8,00016,8.62366716772517,14.08
train,pretrain,ZuCX92wuw2g,00029,0,pretrain,IgKWPdJWuBQ,00049,-4.211245873230287,4.224
train,pretrain,rKtmsVa4Kvk,00047,0,pretrain,3vJ4SUH38dQ,00007,1.365776611708604,7.616
train,trainval,aTgPJQ9Dy7Q,50005,0,pretrain,0iTehgSOZ8A,00031,4.904255054939927,6.08
train,pretrain,MNhCvM5pjfs,00009,0,pretrain,d6wGSsAdP0U,00001,-2.2147329895965857,9.216
train,pretrain,RxyQNEVOElU,00003,0,pretrain,JeHqgambbcI,00003,-1.9328043316248014,5.504
train,pretrain,gSHbRSAcN6Q,00008,0,trainval,OF5VVrsnpzo,50003,9.417726712577977,5.888
train,pretrain,mLSFzBUAHuQ,00010,0,pretrain,L2M15ZeTLxc,00012,4.286244816206036,11.84
train,pretrain,jodhovumkHQ,00014,0,pretrain,GZyjTPEufLk,00020,-6.273767330648323,7.296
train,trainval,9qd36SQPxSY,50009,0,pretrain,PS6vDLq64gE,00002,-5.21408903141624,3.2
train,pretrain,tjkrKA1cVdU,00002,0,pretrain,eh3cdTlh7VM,00005,-8.814956071608762,8.0
train,pretrain,6k8YBJ5sgko,00021,0,pretrain,jnS66SszwEs,00010,5.007558932552076,8.768
train,pretrain,VjQ3ufqnfSM,00018,0,pretrain,UdsUVjeJuPE,00014,-1.7470978281631915,2.752
train,pretrain,w8lH8tNlAXc,00030,0,pretrain,ydZfSuzSHu8,00007,0.0667802393481498,8.256
train,trainval,uHRG3Vr9qyI,50041,0,pretrain,gmSsyvrI2Xw,00003,3.7593373776510486,2.176
train,pretrain,ofsncCF9OSU,00002,0,pretrain,1yVdhRyTxaM,00004,-7.911053248736701,3.392
train,pretrain,vCCdmGKtxPA,00018,0,pretrain,pcSlowAhvUk,00027,5.123577616028566,8.64
train,pretrain,AdHSwXl2nuQ,00016,0,pretrain,2Oe6HUgrRlQ,00025,0.5564790608013475,4.992
train,pretrain,CGksAjzI0go,00060,0,trainval,WHjKnNbYiOs,50004,9.232966400379542,5.12
train,pretrain,fnS9f5x0f1Q,00003,0,pretrain,rSSSsisz2SM,00013,-2.0340099665287266,7.616
train,trainval,pY6ulSP70HY,50017,0,pretrain,SYpHNImNsx8,00012,-3.1040616172327944,3.52
train,trainval,DjcZrtcBZi4,50024,0,pretrain,85hbMtegrLc,00009,-4.41817425303433,4.8
train,pretrain,SbphPa7Wp4c,00016,0,pretrain,WAuDCOl9qrk,00022,0.809854246772332,13.376
train,pretrain,0FkuRwU8HFc,00002,0,pretrain,saXfavo1OQo,00032,5.2003579551382515,3.264
train,trainval,tSSNoFstCmQ,50007,0,pretrain,tlB1pFwGhA4,00021,-3.1699965288407768,3.392
train,pretrain,2JSZ66uMRwc,00038,0,pretrain,70uaS1e9YN0,00028,-5.685429931464028,12.544
train,pretrain,JolJi3uLMOM,00009,0,pretrain,4BwSMSCFdu0,00049,-0.6298097815941084,4.608
train,pretrain,apiScBmE6rA,00038,0,pretrain,zSbCNWyYams,00020,8.089611664597726,11.136
train,pretrain,b3H9V1jq0A8,00017,0,trainval,6Af5tJzSR2w,50014,-6.959927177845047,5.376
train,pretrain,CiZMZ7d7O0k,00004,0,pretrain,l5d8GW6GdR0,00011,-7.1995135109022135,5.504
train,pretrain,ZWfCi9WxK1E,00012,0,pretrain,ttDM6ZtLUL4,00007,-3.203214253397313,20.8
train,pretrain,dcySuzHPCWM,00007,0,trainval,2KSP7HvSZwg,50002,-8.69224316762024,2.752
train,pretrain,Aetg4kJie0o,00006,0,pretrain,wz0mlDELSo0,00008,-4.969203769037973,11.392
train,pretrain,A7ktYbVwr90,00003,0,pretrain,fHfhorJnAEI,00009,9.8914610151745,2.368
train,pretrain,WNDWYW4yWEM,00016,0,pretrain,aUBawr1hUwo,00042,1.9784857879418887,11.776
train,pretrain,Qzmt2wQMhYo,00020,0,pretrain,KCL8NjN7FMQ,00069,-7.014773371767038,5.696
train,trainval,CyKmpyYy14k,50004,0,trainval,1PV7HyS8fhA,50005,-9.465883488252398,2.816
train,trainval,QhLLMBN57AU,50005,0,pretrain,P2y3Uspr8Bg,00023,3.501644416369839,4.672
train,trainval,S47ZRF02Cyo,50007,0,pretrain,kfAxGhOS3S8,00012,-4.915777880311603,2.432
train,pretrain,85hbMtegrLc,00023,0,pretrain,tpODOkfrwyQ,00003,-0.2130008046488392,5.888
train,pretrain,lDq9SQxvsNU,00063,0,trainval,iwlSPe0FbSg,50009,-2.180421170913851,5.568
train,trainval,5uVtphj4b6c,50002,0,pretrain,luoKOkTxOtU,00023,1.8249663512392829,3.52
train,pretrain,Eewvsw027jg,00001,0,pretrain,gyM6rx69iqg,00013,-7.832802426112384,7.36
train,pretrain,PB2OegI6wvI,00043,0,pretrain,Sb2qXygFm8U,00006,1.2209272456703584,6.976
train,pretrain,DKISYPEF0Ls,00019,0,pretrain,raCIUeGUr3s,00007,9.993725229537432,7.872
train,pretrain,KfK3eKSkOQA,00002,0,pretrain,xNiBDGBw4Zs,00020,-9.382338421878467,11.84
train,pretrain,FETryXMpDl8,00012,0,pretrain,zIwLWfaAgS8,00050,0.6563629171819514,5.12
train,pretrain,dcwuBo4PvE0,00020,0,pretrain,SJWoKsfsSaA,00006,6.762614533277503,5.056
train,pretrain,5AN5fPFtV0U,00028,0,pretrain,JSI2eScPkEw,00009,-9.018288631885502,3.712
train,pretrain,oeL72c6scAs,00006,0,pretrain,TQMbvJNRpLE,00024,1.419845166408928,5.44
train,pretrain,o08ykAqLOxk,00013,0,trainval,0GL5r3HVAZ0,50005,7.24864332990704,3.904
train,pretrain,UIAm1gSVgn0,00007,0,pretrain,ws4GZvNeQhQ,00016,1.2592704382052808,9.088
train,pretrain,v3oSF94S4FI,00022,0,pretrain,ihR9SX7dgRo,00010,-9.926446404136858,8.448
train,pretrain,2Shh4UkPVCc,00041,0,pretrain,SPSq3cW672s,00025,1.753969642834301,6.848
train,pretrain,9y7YEmyzSDo,00023,0,trainval,J10EaonNV2A,50001,-0.9537745584558639,6.016
train,pretrain,cRrgDS4SD8s,00011,0,trainval,jpuDyGgIeh0,50005,-5.307016770741331,6.08
train,pretrain,jLOfXsFlb18,00018,0,pretrain,Wai4ub90stQ,00005,8.351653783106855,9.408
train,pretrain,8gSAkUOElsg,00025,0,pretrain,3Z6x5t5A9so,00044,-7.130800622464058,4.736
train,pretrain,vtjbyBUYYzY,00007,0,pretrain,lqbLSUhhyPk,00029,-1.1732577851830417,4.8
train,pretrain,GjijgEch52Y,00006,0,pretrain,PlQ3VdvvTvE,00005,1.6445208315398432,4.672
train,pretrain,lkVYV2P8dQE,00023,0,pretrain,NEC7TiHoxvI,00007,-2.2568897484255457,4.736
train,pretrain,gS3iLapiTCw,00018,0,pretrain,9SGSSQssNj4,00017,1.351806614931947,5.44
train,pretrain,B4xOFsygwr4,00046,0,pretrain,2cYDyMnL4M8,00002,-3.3497540812768527,6.656
train,pretrain,mPCDOij0bB0,00006,0,pretrain,DwQMDyyS42Q,00002,1.3422902388732645,6.848
train,pretrain,X77DUi9PD4Y,00028,0,pretrain,zsLz0mRmEG0,00010,9.170915922239153,4.096
train,pretrain,qKlzdSH2X9w,00003,0,trainval,nFEgRt2EH1g,50002,-3.232005090344261,2.944
train,pretrain,xDe346z233Y,00027,0,pretrain,9y7YEmyzSDo,00004,4.191450051194055,10.56
train,pretrain,HJYDwS09coE,00001,0,pretrain,9o2CRjTRKIA,00002,9.47356511100596,4.096
train,pretrain,MEDgtjpycYg,00001,0,pretrain,ayhhuxAu6rw,00014,-4.430883638554808,9.6
train,pretrain,zLNXIXingyU,00061,0,pretrain,tqf607N19Is,00005,-0.12888390710769748,4.672
train,pretrain,ESNiCniw0JE,00009,0,pretrain,DwQMDyyS42Q,00013,-8.67703294678483,19.52
train,pretrain,r9LelXa3USI,00013,0,pretrain,ygRNoieAnzI,00003,8.998841921214694,4.032
train,trainval,xcR1SWhjZys,50006,0,pretrain,YA87VEeoZLI,00005,-0.7945662394363566,5.44
train,pretrain,dXMAS2tIknw,00008,0,pretrain,arj7oStGLkU,00026,9.955971150368757,7.488
train,pretrain,qtcWebAYmKY,00009,0,pretrain,nx3GuO41Jyg,00003,8.034272854005994,6.08
train,pretrain,JqokS3P1D9o,00014,0,pretrain,7ZoOyNTyjQE,00017,-4.136144763769984,4.288
train,pretrain,mrZ6q4uUVL4,00009,0,pretrain,g2J6YOiLNr4,00041,8.375217115229802,5.376
train,pretrain,0C5UQbWzwg8,00041,0,pretrain,Y9DsAmzNkWk,00007,-6.457330685270248,2.048
train,trainval,dskNubEgzCk,50005,0,pretrain,5iqZzi9mj4M,00003,9.817795348479848,2.88
train,pretrain,YXWKuKSQsu4,00012,0,trainval,XO1MeSMYSQ0,50004,-0.7001951801790884,3.392
train,pretrain,BKOqq21S4Nw,00002,0,trainval,Lp5Ccer5NM8,50001,9.193325975123827,2.368
train,pretrain,m048uAa8L3k,00025,0,pretrain,xkq8drS5ofs,00011,-2.159067682416369,9.536
train,pretrain,Urk3xn7l3AM,00024,0,trainval,tqf607N19Is,50012,4.639376442182632,2.368
train,pretrain,VObLitSe3K0,00014,0,pretrain,dOt4NkcmIUg,00017,9.137981599331834,6.208
train,pretrain,GB4s5b9NL3I,00008,0,pretrain,ZCRC5S0kfiw,00026,-7.463242834020283,9.408
train,trainval,N37x4GgDVBM,50018,0,pretrain,QoRZNSVpt3Q,00008,6.547558381577996,4.288
train,pretrain,NEW8RKyMDV0,00023,0,pretrain,dnMeyvtJpsk,00004,-7.75020970372696,12.288
train,pretrain,LGtNFHtM81A,00005,0,pretrain,CEN4XNth61o,00061,-8.544174200593089,8.448
train,pretrain,PwBgcjDVxxE,00007,0,pretrain,l5Bbg96VODk,00006,-1.768963917404207,13.248
train,pretrain,Nvw0reB1gpI,00012,0,pretrain,qKlzdSH2X9w,00002,-8.800429494736948,15.36
train,trainval,6yR5OUVb2gY,50005,0,pretrain,5aLiFw8CSEA,00015,5.200461427004797,2.048
train,trainval,exjlR7izakg,50003,0,pretrain,eZgSGgToBEE,00020,2.2667778882921077,2.688
train,trainval,vzKA1y3cdYI,50032,0,pretrain,BXcFEhl7ynM,00010,2.3294533320115622,5.888
train,pretrain,SZSul0GzzM4,00011,0,pretrain,vC1uxXvPG0Q,00017,4.612582613002141,4.544
train,pretrain,DajRM7VyeZ4,00020,0,pretrain,Jc2F3SnawnI,00012,-9.891312152123213,4.736
train,pretrain,xEtXItg9hEE,00030,0,trainval,xTMZJvfzxGY,50021,6.153925362594283,2.432
train,pretrain,9RTkZaX1cH0,00016,0,pretrain,4BwSMSCFdu0,00048,-2.7038871984338364,8.64
train,pretrain,dySwrhMQdX4,00005,0,pretrain,fhCYS8avhWM,00010,1.5262622006938447,4.736
train,trainval,gjCwsdCssdk,50004,0,pretrain,fIqABIcKIvs,00019,-1.4885876679133148,5.696
train,pretrain,DShPct3oIow,00012,0,pretrain,A7ktYbVwr90,00018,-5.992318909727709,7.296
train,pretrain,mGInCowjJ48,00007,0,pretrain,9ebJlcZMx3c,00018,-2.073471216535543,4.544
train,pretrain,xZUzRDfQVYk,00006,0,pretrain,5ErKrSyUpEo,00031,-2.0711123961834987,6.656
train,pretrain,yy5SHMeBLDc,00004,0,pretrain,9ijS6iMi9gA,00025,-4.578471681658822,8.512
train,pretrain,O6GimGZz6a8,00026,0,pretrain,aPjvEaE6VXs,00021,-3.5636527456453226,5.696
train,pretrain,t8RSGKSSM2Y,00002,0,pretrain,JLLpWtHbMAo,00027,2.2628815977186534,9.984
train,pretrain,oJfFMoAgbv8,00029,0,pretrain,OAK1UIbSFio,00089,-6.464448828608946,4.16
train,pretrain,kZP8KqrSbcw,00018,0,pretrain,8lEUvISNgEE,00006,-0.1936288280326952,5.824
train,pretrain,1ZQmwVYNgPc,00002,0,pretrain,RRRDYBwjjU0,00013,3.6167447535502095,7.36
train,pretrain,CQ6by9cmt54,00009,0,trainval,ARWBdfWpDyc,50013,2.1672045718836586,3.072
train,pretrain,awtmTJW9ic8,00007,0,pretrain,E0M1beV91js,00008,-6.614953752354671,5.056
train,trainval,bHLgTUV0XWI,50015,0,pretrain,cQvDUTOOkiI,00017,-7.668767195637383,3.136
train,pretrain,9RTkZaX1cH0,00017,0,pretrain,b4UFlldZuKk,00001,8.723018857991121,5.888
train,pretrain,uSTmKo75gJI,00027,0,pretrain,55n9pHSA0O8,00035,-7.774448195667598,11.2
train,pretrain,gevXeQwS1jg,00016,0,pretrain,KIKqRFZ3r1I,00007,5.1591532840286,4.736
train,pretrain,mwrLVvORugw,00023,0,pretrain,NWUFjb8w9Ps,00021,-6.884581242308252,5.632
train,pretrain,40ieXxoJwZw,00001,0,pretrain,o2BJsFkzSYU,00010,8.896608787278485,4.8
train,pretrain,BwOd20Mv0hM,00013,0,pretrain,dO6AuQR9R7E,00026,-6.5100623640666955,4.8
train,pretrain,XAvE61JqkQs,00042,0,pretrain,y9Trdafp83U,00001,-3.330809966226087,3.968
train,pretrain,TpC8wNkjSvs,00008,0,trainval,qAYqK9lAxic,50007,-7.7360204272173805,4.928
train,pretrain,EszGIvRdgTE,00004,0,trainval,MEDgtjpycYg,50023,-5.189023949443687,5.568
train,pretrain,GjYt5uQPu8o,00010,0,pretrain,lYdk1NK9Sr0,00034,-0.9978478752921571,4.608
train,pretrain,YhpMSjbVopo,00024,0,pretrain,mK6IdD4GXPo,00004,8.751208524543173,5.888
train,pretrain,J6tgYBMXR6s,00037,0,pretrain,OISOhvOumT0,00016,1.6601416728959713,8.192
train,pretrain,tXlNvlzd9M8,00032,0,pretrain,D2IQkKE7h9I,00001,2.106357601112629,4.224
train,pretrain,1rTEOU67zCo,00012,0,trainval,sNV4yIyXXX0,50005,8.686940551150705,3.2
train,trainval,iq5lXSj6Prg,50006,0,pretrain,kpyc84kamhw,00019,8.850129475382008,2.56
train,pretrain,KyamsZXXF2w,00021,0,pretrain,eNC1h5H5cJA,00018,-4.2234530579947265,10.88
train,pretrain,KyamsZXXF2w,00005,0,pretrain,zPHOvuZmCG4,00002,0.21242962314566505,4.224
train,pretrain,89Dhye1lgik,00018,0,pretrain,nFSdHdNOgSA,00022,1.0917579536093243,8.128
train,pretrain,DsSrzoyyfF0,00017,0,trainval,itnoDEL5QjQ,50001,-4.571598746258574,6.208
train,pretrain,rAA8mMQi0is,00019,0,pretrain,zbHe4RpgV80,00006,-8.325106903311427,4.288
train,pretrain,ibMjhQvAmcI,00006,0,pretrain,GIt6Z0k3PQo,00021,1.9862665729247624,4.096
train,pretrain,LFJ9WAHowcg,00006,0,pretrain,UfM7tSoqNDw,00008,-0.4433378597755997,4.224
train,pretrain,aGSZeDqG8Zk,00005,0,pretrain,nOHbn8Q1fBM,00037,-1.36256231622475,6.144
train,pretrain,tFX68SJs2S0,00003,0,pretrain,HS8y0WLm78U,00073,-1.1734706497170393,9.664
train,pretrain,yy5SHMeBLDc,00002,0,pretrain,SasMjDCSyR4,00012,-0.46621910723442284,10.944
train,pretrain,TdBAHexVYzc,00033,0,pretrain,UoBUXOOdLXY,00012,3.8970880014774405,6.272
train,pretrain,iNOE0dZpHcY,00020,0,pretrain,jPyR3UDhOm4,00032,3.414326904766952,4.416
train,trainval,TT6qWghHkFI,50008,0,trainval,JzLiCBCbAMY,50008,-6.960282257513222,2.112
train,pretrain,0sYguTPLpHE,00014,0,pretrain,dLmK4gZ0oz8,00001,0.6131883031374095,6.016
train,pretrain,KPzccnstSXg,00012,0,pretrain,dwbP9iBxkdA,00008,-3.2297853614649146,11.456
train,pretrain,gwPoM7lGYHw,00017,0,pretrain,2m9kC1yRnLQ,00034,-0.8410627380971487,5.248
train,trainval,tBbyP0P7BRg,50006,0,pretrain,th3nnEpITz0,00033,9.147324680959578,6.08
train,trainval,bbT8jSPS2LA,50020,0,pretrain,RKK7wGAYP6k,00024,-4.479497113764824,2.24
train,pretrain,dIh8KBOOkYU,00003,0,pretrain,S4rBC2lRmY0,00002,-7.509806505502548,4.48
train,pretrain,iNOE0dZpHcY,00053,0,pretrain,7rVK0VYPWHk,00001,2.1223734326031156,5.76
train,pretrain,Fb3yp4uJhq0,00003,0,pretrain,FzApYQDIXlg,00005,-3.8729239862099867,2.24
train,pretrain,nHU9aLPyxf0,00008,0,pretrain,OwRAFCrsDS8,00015,-8.917249659671434,9.024
train,pretrain,vSjlCJaEwZE,00038,0,pretrain,mK6IdD4GXPo,00003,-2.3734132073403513,6.4
train,pretrain,IkJSZGQaeak,00017,0,trainval,WpldYJ3sSIo,50011,-1.1229138470689577,4.288
train,pretrain,7H0USvVSfhU,00010,0,pretrain,BYeYVuqD8kU,00021,-1.894543966763706,4.8
train,pretrain,a3im2S5mQCM,00011,0,pretrain,n9ZSpccScW0,00010,-5.633273088546174,17.024
train,pretrain,Zq7QPnqLoUk,00032,0,pretrain,AvtStbwMQqs,00012,5.530404209922979,6.784
train,pretrain,Urk3xn7l3AM,00013,0,pretrain,gmjSazFbpkA,00028,5.797726427913791,7.488
train,pretrain,Lrdn4lazVBc,00017,0,pretrain,PGsQwAu3PzU,00021,-3.0102730005767615,4.608
train,pretrain,dgYItsUBW1M,00021,0,pretrain,rKtmsVa4Kvk,00029,1.0656297211678005,6.528
train,pretrain,j3YjeARuilI,00021,0,pretrain,40riCqvRoMs,00022,-9.881449632708767,5.632
train,pretrain,Mjoxh4c2Dj0,00015,0,pretrain,BMdMSmtTgD0,00021,2.4111535269974365,3.136
train,pretrain,8S66QUJk3w4,00019,0,pretrain,XAvE61JqkQs,00020,7.557252869304463,8.64
train,pretrain,BN9a8Ldy7Xc,00010,0,pretrain,ema8O7xqjvk,00010,-7.163451913395502,3.264
train,pretrain,LNHBMFCzznE,00041,0,pretrain,wSepGxx36To,00005,6.172138376502737,13.632
train,pretrain,BA8XOF6IpXA,00011,0,pretrain,mi9B40hZYAo,00022,-9.263963778282427,12.096
train,pretrain,q06YIWCR2Js,00030,0,pretrain,sIPvnWZ5O6Q,00010,5.016711313675975,11.84
train,trainval,SU1foLW8h54,50027,0,pretrain,HuWMO3M1HVQ,00004,9.900711685194096,4.992
train,pretrain,SdBPkbi4SR8,00001,0,pretrain,IfqdMoKVIR0,00002,-9.383024468201622,20.608
train,pretrain,Tg35UfOJhe4,00023,0,pretrain,mpqrO2agOTs,00013,7.794096189965771,5.696
train,pretrain,qQSPUXPVlos,00016,0,pretrain,FRKg49ySnNw,00006,-6.89227364676608,8.768
train,pretrain,ktOeFgmdIAo,00021,0,pretrain,qp0HIF3SfI4,00010,6.3781539291520595,9.472
train,trainval,lECfUfqNVoo,50002,0,pretrain,1EIQ6nSSXxk,00013,1.1138277858850625,3.968
train,pretrain,c73Q8oQmwzo,00041,0,pretrain,4KhnSz9FPmU,00034,7.309508189262534,6.784
train,trainval,01GWGmg5jn8,50025,0,pretrain,rcdwNSDSTl4,00009,-0.5161941673358061,5.568
train,trainval,SS6ZojCzNGY,50010,0,pretrain,Qz6V5OA4ymA,00004,-5.8901311233650455,2.88
train,pretrain,5K57kcs15DY,00008,0,pretrain,0FkuRwU8HFc,00026,-6.632338074708867,7.232
train,trainval,iE7YRHxwoDs,50002,0,pretrain,dcySuzHPCWM,00013,-1.931731592233465,4.992
train,pretrain,KTvSfeCRxe8,00032,0,pretrain,SrqmuYvk3iQ,00010,5.484134476372011,5.76
train,pretrain,tH5iEf9oxaI,00053,0,pretrain,79zra755WgA,00025,8.02468150245199,6.976
train,pretrain,SeJwaOCYWwM,00004,0,pretrain,Qi8MoU6g8Sc,00004,6.049291162270556,44.288
train,pretrain,odyakQwtWwo,00008,0,pretrain,ol1b5mMeP7s,00025,7.425617319523642,12.096
train,trainval,1XL8I9SIqRY,50002,0,pretrain,dY9f9bFctUE,00036,-6.217210821299474,5.888
train,trainval,avuhY7D71sQ,50022,0,pretrain,5ldhLuX4vSM,00035,5.248631638282202,3.136
train,pretrain,yRUCU5FsvTY,00016,0,pretrain,NgbqXsA62Qs,00002,8.456529468368384,6.272
train,pretrain,LrBKcTTMlCQ,00018,0,pretrain,UVDgemuZdho,00014,1.5842611906337751,16.192
train,pretrain,6tSlMoMNSlY,00006,0,pretrain,mLufqwmPl1A,00029,0.5374673041408577,4.736
train,pretrain,2wu28tI9VkM,00017,0,pretrain,mSvyBpWueu4,00023,5.174906429362471,5.888
train,pretrain,U7y4GlmwPLQ,00027,0,trainval,FcoJt2KLC9k,50012,7.254296728134317,2.496
train,pretrain,jnS66SszwEs,00020,0,pretrain,lYdk1NK9Sr0,00046,3.5814514038602496,11.072
train,pretrain,hRSw8DBbFr8,00006,0,pretrain,6ePXxeGrfvQ,00011,2.9798517176607326,6.016
train,pretrain,jSSqQDPGW2k,00015,0,trainval,p49rv25dx0g,50057,-7.998877516044756,3.712
train,pretrain,WQ2PFoHptK8,00014,0,trainval,CHxhjDPKfbY,50018,4.109616883813679,3.072
train,pretrain,BczB8oqYL0g,00001,0,pretrain,pew48bbrob0,00013,7.527439242569095,10.368
train,pretrain,SSogppqBahk,00001,0,pretrain,CFrrgfEuMwc,00009,7.875817179888312,3.072
train,trainval,mgSx0q6AjdI,50007,0,pretrain,hCop3IGZH2o,00010,-7.145923068964704,6.016
train,pretrain,JtSjYnXD83Q,00023,0,pretrain,zG21nyJNBSA,00022,2.9155229116734827,5.376
train,pretrain,MOFdlEbu15g,00081,0,trainval,ut5STVLAFDc,50004,-5.586580776743015,2.24
train,trainval,LS6TWtYWaPA,50016,0,pretrain,FSNEIwDiCSw,00055,9.868316252332988,5.696
train,pretrain,Pl8OlkkwRpc,00006,0,pretrain,iWHq2mSHwhw,00003,-7.737041190874018,8.96
train,pretrain,UoMpbLSFsig,00008,0,pretrain,2a2724wcfcc,00001,-6.7898195367432335,7.936
train,pretrain,sBaiRpIpPKQ,00026,0,pretrain,eMdh57x1UBQ,00012,3.720911910752207,4.16
train,pretrain,8rzlrItooG4,00007,0,trainval,CsqSDpmgsQg,50010,-9.63370668324061,5.888
train,pretrain,tSSNoFstCmQ,00026,0,pretrain,zqLYcJ6Ib3c,00005,-5.5092252557872445,11.2
train,pretrain,mSvyBpWueu4,00027,0,pretrain,acJscdoP2a4,00008,1.7956988712036548,4.8
train,trainval,DBoShCrKfLQ,50014,0,trainval,n4YcornnWFI,50007,7.942921580296314,2.24
train,pretrain,SXJ20tt5nPQ,00026,0,pretrain,rYwTA5RA9eU,00015,7.1855785108953825,4.928
train,pretrain,0Y8SIzP01lw,00009,0,pretrain,SS6ZojCzNGY,00018,2.4070766966334407,4.608
train,pretrain,4KhnSz9FPmU,00026,0,pretrain,RgtoZ2ue05w,00002,-3.1003319660807716,7.424
train,pretrain,dSykikzbckE,00011,0,pretrain,P2y3Uspr8Bg,00003,-2.0693362299614186,7.872
train,pretrain,esPRsTSlmw8,00005,0,pretrain,IU1i2IlkLbU,00011,-9.774090253809701,35.648
train,pretrain,Svm5Czaf82k,00009,0,pretrain,4Lr1dvOjSUw,00002,-6.632669165361012,3.584
train,pretrain,MLvwTlbj1Y8,00001,0,pretrain,12ud0nSTvro,00020,2.3571892421099765,4.288
train,pretrain,uo7w3g24DWo,00017,0,pretrain,3DsHHfu4Sco,00015,1.9310958960583768,7.296
train,pretrain,KIysMV9wbVY,00011,0,pretrain,mpqrO2agOTs,00004,-3.1465020075333783,8.512
train,pretrain,C9XIVtUEgFE,00018,0,trainval,3q3WOrs8kAM,50013,2.0382896416158776,4.288
train,pretrain,t5dSmG8SI34,00013,0,pretrain,ofsncCF9OSU,00023,1.8665595334952805,10.816
train,pretrain,k5tCYg9s0HU,00016,0,pretrain,5ErKrSyUpEo,00041,8.91832464512187,10.432
train,pretrain,KshwSURVhZA,00009,0,pretrain,DZT6YpCsapg,00001,-1.473405297586341,4.928
train,pretrain,ktOeFgmdIAo,00023,0,pretrain,P4pKrxVcvJc,00002,9.852166059081277,11.52
train,pretrain,A47JaOMDH4c,00012,0,pretrain,y2yka9lyvMA,00013,-3.6857029948180653,8.96
train,trainval,OibJT7GSwyo,50003,0,pretrain,mWA2uL8zXPI,00033,-9.982574861653175,2.176
train,pretrain,sBsuIAscshE,00002,0,pretrain,xjxyEwjG2Es,00005,7.724167525304718,5.44
train,pretrain,5J6jAC6XxAI,00015,0,pretrain,6JxRxBqQLKA,00023,4.484340410494934,3.328
train,pretrain,FSNEIwDiCSw,00022,0,pretrain,MV0Iob65Nq4,00003,-1.3870651276222983,9.6
train,pretrain,GeDSgi0A7A8,00013,0,pretrain,X55qpYxwoO4,00004,-3.260488910550505,6.656
train,trainval,F17SKiAZOxg,50005,0,pretrain,uHnqvhWQMV0,00021,2.877116646422328,2.688
train,pretrain,zvvZEIGNLo0,00015,0,trainval,gyM6rx69iqg,50003,-4.113091425053894,3.136
train,pretrain,DZT6YpCsapg,00047,0,trainval,DajRM7VyeZ4,50005,-6.770317090331821,5.184
train,pretrain,6AvXhgXlGpE,00019,0,trainval,9EglK8Mk18o,50037,1.4388254773939657,6.016
train,trainval,FPhZGDS6kVQ,50003,0,pretrain,mUJdzaLDRIo,00051,5.673548652770624,5.184
train,pretrain,PY9DcIMGxMs,00025,0,pretrain,I9tB6Q5bmcQ,00006,8.232258231430674,4.096
train,pretrain,y9ALB39wRKo,00012,0,pretrain,fOk6HQaNpdE,00004,-1.607345436187435,8.448
train,pretrain,a2MR5XbJtXU,00033,0,pretrain,hfznpykprP0,00001,-8.07360796206559,5.76
train,pretrain,nC06omDS0kA,00014,0,pretrain,U4Lx5rcii38,00033,-2.3245372245350415,4.864
train,pretrain,MrEuta9GPGM,00004,0,pretrain,Y9DsAmzNkWk,00008,4.586084100322296,3.328
train,pretrain,no809a9j25w,00009,0,pretrain,jSOPQgPIdKg,00006,3.7371966313287768,4.736
train,pretrain,kU0ei9ApmsY,00015,0,pretrain,5tUnSuoYKoE,00047,-9.61162336614094,6.656
train,pretrain,6a6vVIdQBd0,00004,0,pretrain,XRWTyUVh0BQ,00033,0.8064434263315672,8.96
train,trainval,pSCefSAYqaA,50004,0,pretrain,x5LshSZn5RA,00038,8.649761139838152,2.176
train,pretrain,fbeFn1Xcqo4,00014,0,pretrain,kcwBHSUevxo,00009,-1.368483398858471,16.32
train,pretrain,8zj8HJntlP4,00020,0,pretrain,gaY4m00wXpw,00031,-9.556310982159705,4.672
train,pretrain,G8cjIBwP52o,00020,0,trainval,aEjUlH7bNDo,50017,-4.35253959922266,6.08
train,pretrain,DW5YctpK7pM,00004,0,pretrain,c00zfzk4gdg,00037,-0.2874535156078579,8.192
train,pretrain,HIZmSSvXH98,00006,0,pretrain,tsgvhP07BC8,00009,3.4193511185556797,4.416
train,pretrain,qQJHZZwI8zE,00003,0,pretrain,SHt4qiDRZE8,00026,-0.5702273925004882,5.056
train,pretrain,pNttjJUtkA4,00027,0,pretrain,fSRWTyY2YSM,00023,-4.709999114507646,3.392
train,pretrain,8qqLMFBGvWI,00007,0,pretrain,2NcetHNXaxU,00026,6.137228395201333,8.192
train,pretrain,ZOYoTup1t3A,00010,0,pretrain,PB2OegI6wvI,00009,8.983371192170189,7.296
train,pretrain,eqDgt12m26c,00028,0,pretrain,NFIOuy3JSIQ,00001,-7.247257906167805,10.816
train,pretrain,F2SIP2nSEoc,00004,0,pretrain,CLSSiaFuLo4,00033,6.472593568580539,3.776
train,pretrain,uVAaZVz9pDs,00028,0,pretrain,Peu7eeGtmQ4,00039,-9.3930655028996,4.096
train,pretrain,Ztgadh2C3So,00015,0,pretrain,30e60EOO5mo,00015,4.0895086905271665,4.672
train,trainval,XPa1RE59wpg,50004,0,trainval,U23gPSGhW1w,50003,-3.6507103581737006,2.368
train,trainval,Qhomjw2PSV0,50006,0,pretrain,n4YcornnWFI,00012,-5.717491773454317,3.648
train,trainval,LCuAu67OCDk,50002,0,pretrain,YodRXxzhb7s,00004,3.447616716511959,5.76
train,pretrain,6qTfX4U6CS0,00002,0,trainval,o08ykAqLOxk,50004,-4.602950485582589,3.776
train,pretrain,Fb3yp4uJhq0,00026,0,pretrain,ByuWS1bBwpc,00017,7.15942400619749,3.776
train,pretrain,9i7cGZadEV4,00006,0,pretrain,FD5ZKiSmoMU,00058,-2.4831100391911587,3.648
train,pretrain,wOsQKjNoHmw,00015,0,pretrain,MtSE4rglxbY,00013,9.045840632032302,7.744
train,pretrain,PuroSL7O4eY,00022,0,pretrain,wvCMZBA7RiA,00020,7.56429124679989,9.856
train,pretrain,vC1uxXvPG0Q,00036,0,pretrain,VMwjscSCcf0,00008,8.690280955025852,5.568
train,pretrain,4EUAMe2ixCI,00054,0,pretrain,7Wc8t26OSxw,00006,3.84415514825686,9.088
train,pretrain,XAvE61JqkQs,00002,0,trainval,l5d8GW6GdR0,50005,-2.2822256807903507,5.888
train,pretrain,LS3wMC2BpxU,00001,0,pretrain,eCknUJJc3qU,00018,3.6762325665653446,7.232
train,pretrain,wznroZvpVHU,00001,0,pretrain,NhYnouvrGS8,00016,6.430523504882466,11.008
train,pretrain,5aLiFw8CSEA,00014,0,pretrain,mf5otGNbkuc,00008,-3.045361802100035,5.696
train,pretrain,kOPMqiKhoSc,00032,0,pretrain,r2YiRiLAUSY,00016,1.2606727164395952,4.096
train,pretrain,LWULB9Aoopc,00001,0,pretrain,D9S6G8J6VJg,00014,4.344908487977028,4.736
train,pretrain,uHs2Auz5s6w,00002,0,pretrain,PL9wP3pAl7A,00018,-0.10217411136293997,12.672
train,pretrain,dY9f9bFctUE,00020,0,pretrain,pMYYxSim5QI,00016,8.666597124134682,4.352
train,pretrain,1joQ8ZhX2o4,00012,0,trainval,XvS83nXSf0k,50011,2.3398924859436434,2.88
train,pretrain,4mJ1aHFPS1M,00019,0,trainval,6k8YBJ5sgko,50007,-7.858577865339116,6.08
train,pretrain,aR5N2Jl8k14,00021,0,pretrain,wsIrdxDJpSQ,00006,-2.9152274120161277,3.456
train,trainval,h0C2LPXaEW4,50006,0,pretrain,fDzj9vRw5yM,00019,-4.447185956036524,5.696
train,pretrain,sgTjCpBOeCU,00016,0,pretrain,VJRBx0JjMSM,00019,8.571218294380493,9.216
train,pretrain,1X7fZoDs9KU,00005,0,pretrain,rzwJXUieD0U,00016,4.442118185597268,19.648
train,pretrain,SbphPa7Wp4c,00025,0,trainval,5ErKrSyUpEo,50005,9.21424238671559,3.648
train,pretrain,pF72px2R3Hg,00002,0,pretrain,qgv8VoyJ3wA,00016,0.44232098274009957,4.032
train,trainval,KTvSfeCRxe8,50030,0,pretrain,QbxinUJcLGg,00018,-8.446085704438822,3.008
train,pretrain,bZ3qQySIPgI,00005,0,pretrain,Sf8j5LFv3nI,00009,-2.269577895892718,18.176
train,pretrain,sAMahX5hIgU,00014,0,pretrain,8u9Wvz1edxI,00038,-6.555203696200735,3.008
train,pretrain,z9sa2ZAqHl0,00019,0,pretrain,4sg9TlsMRVA,00023,-0.9863292833048796,4.8
train,pretrain,nSOSNWblMNE,00002,0,trainval,mclzytQQMGI,50006,5.995473516274693,2.56
train,pretrain,zR8ReJoc1u4,00016,0,pretrain,tiwVMrTLUWg,00006,1.6016452009955344,4.864
train,trainval,G0jxiJzIiz4,50001,0,pretrain,dcySuzHPCWM,00028,6.509109119725704,4.928
train,pretrain,7FecGsXFgcQ,00019,0,pretrain,uS3UYncNwz4,00029,1.0475430094280913,7.936
train,pretrain,H2vN2QXZGnc,00006,0,pretrain,7SrGFfZMJ6Q,00011,-7.8507486904559665,2.688
train,pretrain,v3SZTqj2Skw,00011,0,pretrain,IgKWPdJWuBQ,00009,-2.3209267012178163,6.08
train,trainval,DSPWxjBgvF4,50042,0,pretrain,oy25A7vnigg,00010,-1.780324477343937,6.08
train,pretrain,kSGFq12w5WU,00018,0,pretrain,9SGSSQssNj4,00007,-5.704088480159908,15.36
train,pretrain,T7ibjISKSdY,00042,0,pretrain,Vqm8fXFFHyY,00011,4.242062649470938,6.528
train,pretrain,SGnmDWtyhAs,00004,0,pretrain,YAV96XSdMQo,00006,9.532461758612449,10.56
train,pretrain,CiSk3gmyjQ8,00016,0,pretrain,HjSGqwAFRcc,00021,-7.8495382954190696,20.352
train,pretrain,BMdMSmtTgD0,00037,0,pretrain,3m6dV7Xo3Vc,00027,4.93741437103453,13.632
train,pretrain,ptIecdCZ3dg,00019,0,pretrain,ooUqOwhS2LE,00004,3.844738573472757,5.76
train,pretrain,97rrxS1yBU0,00005,0,pretrain,r2YiRiLAUSY,00019,-1.2710023809456743,3.648
train,pretrain,vNyZmSg92HI,00031,0,pretrain,5UH7uTpTa44,00015,9.058114356347424,9.088
train,pretrain,YXWKuKSQsu4,00007,0,pretrain,SAm3gtFB8xU,00013,-5.310558977624171,4.544
train,pretrain,trxGZMm4nBQ,00023,0,pretrain,fqJAeReFr8I,00011,1.1177190268399038,6.016
train,pretrain,xbWcLYOniWU,00004,0,pretrain,Xw8U5LXaItM,00004,1.3550371296836161,3.968
train,pretrain,X41iulkRqZU,00045,0,pretrain,WNDWYW4yWEM,00012,3.5285848312555927,3.712
train,pretrain,f8nkcRMZKV4,00013,0,pretrain,ihoR9B7pS1Q,00002,3.97671358124105,5.568
train,pretrain,hHOX3dlhhZ0,00020,0,pretrain,0nI65jgHG9o,00022,6.28977101249005,5.056
train,pretrain,vQUCSHUlNSk,00005,0,pretrain,C14bXC7zi84,00014,8.949926267393625,5.376
train,pretrain,BYeYVuqD8kU,00002,0,trainval,odyakQwtWwo,50002,-3.7952674457502633,3.2
train,pretrain,PS6vDLq64gE,00039,0,pretrain,dE1DuBesGYM,00059,2.61279249080901,4.928
train,trainval,2cYDyMnL4M8,50004,0,pretrain,TQMbvJNRpLE,00014,0.26363905361973927,6.08
train,pretrain,SXYwKxdxfF8,00010,0,pretrain,tSK6bn9sc50,00010,-8.107616021461808,8.512
train,pretrain,JNSgdmKysxA,00009,0,pretrain,1CN7PF10RKo,00010,6.102074791496218,4.352
train,pretrain,y62pJTJkfbg,00008,0,pretrain,gBGt5OeAQFk,00001,2.8616224501497456,4.8
train,pretrain,mGbMwP8MDjg,00002,0,pretrain,fkPISY2Vg5k,00022,1.804161575596403,8.192
train,trainval,LLmhQmicusM,50006,0,pretrain,4KhnSz9FPmU,00032,1.6020126174169746,2.368
train,pretrain,tMQ4OxOxgrc,00014,0,pretrain,yDYCf4ONh5M,00033,-8.401008596434599,4.928
train,pretrain,n34IjfcF1Yg,00009,0,pretrain,r9LelXa3USI,00004,6.829441712114239,12.608
train,pretrain,YATYsgi3e5A,00015,0,pretrain,3LzX36sShcs,00003,0.5754207222985475,2.816
train,pretrain,kNhyOYv2ejw,00015,0,pretrain,XPkV1bDZDl4,00014,-8.587837765326807,12.672
train,pretrain,n34IjfcF1Yg,00001,0,trainval,tJ54irRmdC0,50003,-9.991922990415452,2.368
train,pretrain,zvvZEIGNLo0,00011,0,pretrain,D4cV8yfgNyI,00001,3.5095591380456987,14.08
train,pretrain,cf3zxHuSM2Y,00044,0,pretrain,0S3YDofSvGs,00006,5.806642571902351,11.52
train,trainval,Gj2pWl1vjCY,50004,0,pretrain,J10EaonNV2A,00006,-3.1994887121075095,3.648
train,trainval,I9cmQFj13rc,50020,0,pretrain,Y9DsAmzNkWk,00013,6.3620406684689215,2.176
train,pretrain,5ftklsHZ4cU,00001,0,pretrain,iF4s75ZPano,00014,-2.466169461291308,4.096
train,pretrain,S6BLFdBfgfU,00026,0,trainval,HB2SlA68YDU,50006,-0.9356026653244225,3.328
train,pretrain,PDefVd8DRxM,00004,0,trainval,TcBrchkBSBE,50002,-6.436246210643413,3.776
train,pretrain,YO0lbdhF30g,00017,0,trainval,NdKEy6vcCMw,50003,6.182210956266115,3.648
train,pretrain,FRKg49ySnNw,00011,0,pretrain,2ju61VPdTzw,00005,6.07449600808765,5.696
train,pretrain,swI68y2oQ60,00014,0,pretrain,2Shh4UkPVCc,00035,1.4029462855376487,22.976
train,pretrain,ImQrUjlyHUg,00041,0,pretrain,QpmsftF2We4,00006,6.247601277698372,7.68
train,pretrain,XSuZ6ukuz5s,00026,0,trainval,Nhx1SyXMwCg,50006,-0.48393128094511617,5.184
train,pretrain,avuhY7D71sQ,00045,0,trainval,10MvdLL2EpY,50001,-1.184201652144754,6.08
train,pretrain,3B24RaqA33k,00048,0,pretrain,2YPHJdq5QWM,00002,-0.9729357162363517,8.768
train,pretrain,khRkIVPa1Vc,00008,0,pretrain,rxeLnx5UEEk,00014,2.994524146395401,15.872
train,pretrain,8zj8HJntlP4,00011,0,trainval,NDQ1Mi5I4rg,50003,-8.6715000661938,5.696
train,pretrain,OSGHRMKrVM8,00030,0,pretrain,4XESlSz0TLM,00010,-0.9378478725466657,6.144
train,pretrain,qYvXkSbqlBk,00034,0,pretrain,be03wdS5Klc,00019,4.879529429018557,10.176
train,pretrain,OGhbCC9mNM8,00017,0,pretrain,RPjqPHCMJHU,00009,8.444603435606926,8.256
train,pretrain,HJqtUUDhaxA,00025,0,trainval,VekRvcbL4yk,50001,2.5562918532767647,2.368
train,pretrain,jn0Ygp7pMbA,00040,0,pretrain,qp0HIF3SfI4,00049,3.9264115808834976,2.816
train,pretrain,0TOkvcqeVQY,00006,0,pretrain,TuD3IerTOms,00019,-8.338289690013497,9.472
train,pretrain,qEZmFR1WS7g,00008,0,trainval,dskNubEgzCk,50009,8.474787744427637,3.712
train,pretrain,VGpZ06RlVfI,00022,0,pretrain,CK5w3wh4GSM,00003,-0.3719411631623881,5.248
train,trainval,mJxA8eIWQUc,50006,0,pretrain,H03o2WCBoDU,00031,1.0325298305726314,6.08
train,pretrain,iGHzqmnGH4A,00005,0,pretrain,Sttw2PxncIE,00013,5.230756035012263,5.056
train,pretrain,P65XdTlk4vA,00041,0,pretrain,KQEWc3LVfyc,00039,-0.7276103185500702,4.48
train,pretrain,12OAr0lt4bk,00036,0,pretrain,BXlnrFpCu0c,00035,4.212720480985084,7.168
train,pretrain,23FRUuLcQ6A,00019,0,pretrain,CK5w3wh4GSM,00004,2.164539168509185,6.336
train,pretrain,SgYvy71CSSA,00023,0,pretrain,AIfwFLDXFyQ,00018,-2.9058261480672627,5.184
train,pretrain,SzFHlwInGwI,00013,0,pretrain,2BOTS9GAjc4,00038,8.296132867516942,17.728
train,pretrain,oHBKqCI4Fgg,00007,0,pretrain,rKtmsVa4Kvk,00042,-8.470363309863803,3.776
train,pretrain,XzDNfLnUOYY,00027,0,trainval,zyet9fPS24k,50005,3.625695863661056,2.176
train,trainval,iPrDiPDTzYk,50002,0,pretrain,sS9ys09BkGE,00020,5.70773464900709,4.992
train,pretrain,eZgSGgToBEE,00008,0,trainval,Mb8x6vLcggc,50009,-8.634400608915593,6.08
train,pretrain,FdHJw0veVNY,00025,0,pretrain,9OECsmMont4,00024,-7.465988651781483,4.736
train,pretrain,fqJAeReFr8I,00010,0,pretrain,qqNLSZ6SSSc,00025,-3.171159211789032,6.08
train,pretrain,5UH7uTpTa44,00015,0,trainval,PcDftBVDSlc,50003,-1.9189557733051377,4.352
train,pretrain,kYXiegTXsEs,00019,0,pretrain,e450FJaS3no,00004,6.464587698758436,9.664
train,trainval,6bVhrpkp0WU,50022,0,pretrain,28sa2zGgmwE,00014,-1.2619044394626329,3.776
train,pretrain,LS6TWtYWaPA,00005,0,pretrain,E0k4IQ8fDCY,00004,-9.00280087951691,10.048
train,pretrain,3sUWSDHOVn0,00044,0,pretrain,ooIxHVXgLbc,00049,8.941508008441321,4.224
train,pretrain,CWU13rx44j8,00017,0,pretrain,FXYFLK0KZio,00024,0.5469153895902146,3.84
train,pretrain,sAMahX5hIgU,00015,0,pretrain,qKlzdSH2X9w,00036,-1.6395290175832162,4.48
train,trainval,i0a61wFaF8A,50006,0,pretrain,YrZThoSoSis,00011,8.107232089976854,6.144
train,pretrain,4BwSMSCFdu0,00047,0,pretrain,IJmr7MsS8fw,00058,-4.038008267517257,4.16
train,pretrain,hFgPtuzgw4o,00006,0,pretrain,qMppKiqMpAk,00015,6.008990192488405,3.84
train,pretrain,eFwaRDqTUL8,00005,0,pretrain,x4lASM3zbdU,00009,7.247848210344969,5.504
train,pretrain,XiEQmcZi8cM,00015,0,pretrain,eaelI0u4Sz0,00005,-5.967754898110704,6.208
train,pretrain,ZaSFy6RX3aE,00016,0,pretrain,CR5krXHkr2I,00009,-7.37182315437428,11.52
train,trainval,PJy8vTu66tE,50003,0,pretrain,3WCwBVprDuQ,00004,-6.673175514280583,3.072
train,trainval,J6tgYBMXR6s,50004,0,pretrain,05jJodDVJRQ,00021,-7.845305586947104,4.544
train,trainval,LNohxpJntZo,50011,0,pretrain,c0H1zU2ytxA,00011,9.508506882682898,6.08
train,pretrain,pYgvVDCHRZM,00013,0,trainval,tAcQfn96yFk,50002,8.72255333125425,5.632
train,pretrain,9h2dFSIsH0I,00002,0,pretrain,IzPcu0SETTU,00002,-5.185371170558531,3.776
train,pretrain,EszGIvRdgTE,00024,0,pretrain,KIysMV9wbVY,00001,-9.890329320421216,6.08
train,pretrain,z9sa2ZAqHl0,00014,0,pretrain,eQdFkSSgHYo,00006,8.48938483446409,6.4
train,pretrain,E5BOBs3Nmbw,00001,0,pretrain,04SEzifEsGg,00045,3.38208200246779,4.416
train,pretrain,V1K3GvSKyJQ,00010,0,pretrain,xbagFzcyNiM,00009,4.6324636227467035,4.864
train,pretrain,iF1T7rRLSuM,00006,0,pretrain,2Oe6HUgrRlQ,00020,2.2404808627025847,4.608
train,pretrain,UqyOedEHIrw,00027,0,pretrain,Ydj28CDrHV4,00018,6.933867818769009,10.368
train,pretrain,NgDGlcxYrhQ,00017,0,pretrain,ac0E6deG4AU,00004,-1.9602711660757919,7.936
train,pretrain,lQflBowgVB4,00003,0,pretrain,6StqiaPoS2U,00007,8.015559655505282,3.904
train,pretrain,0d6iSvF1UmA,00032,0,pretrain,v7UKkzIaSsQ,00008,3.873170516999867,5.696
train,pretrain,ndAHAjgquwk,00013,0,pretrain,31iuh9pfFwg,00006,7.083311872625327,10.24
train,pretrain,Qao76IPXWSE,00009,0,pretrain,34a7UEzZdsA,00033,-0.23652079806646498,13.376
train,pretrain,TFbv757kup4,00005,0,pretrain,J6tgYBMXR6s,00033,0.6476144316536612,9.984
train,pretrain,MlLWTeApqIM,00010,0,pretrain,1QX7aoxSTAQ,00009,2.240318481189469,3.968
train,pretrain,V1ItvwxBENg,00005,0,pretrain,pysNMB033co,00014,0.2650786194401604,9.664
train,pretrain,nItwVO9stX8,00004,0,trainval,oOE0kKteWkg,50004,-2.2080049488997684,4.48
train,pretrain,gbDraZi7FS4,00005,0,pretrain,MnT1xgZgkpk,00010,-0.6228351594471526,8.0
train,pretrain,8olL43PKJKw,00032,0,trainval,tNKdc6Lxcvo,50006,3.0330350366611025,4.672
train,trainval,q49LtMyXK7Q,50001,0,pretrain,sBsuIAscshE,00018,3.9367029401145466,4.096
train,pretrain,rpOwTspdwkI,00011,0,pretrain,SZbNyp1jeGo,00020,6.3094428677555285,4.096
train,pretrain,C2SVEM19NHA,00003,0,pretrain,cnDEVgxD6QQ,00008,7.783057014740944,5.312
train,pretrain,VNGFep6rncY,00008,0,pretrain,4fyvDMFriRI,00010,5.610066749684515,16.96
train,pretrain,Sm5xFSUYgdg,00034,0,pretrain,s6rJLXq1Re0,00004,3.164210703623091,8.576
train,pretrain,QG4Z185MBJE,00006,0,pretrain,lPtPG2lAmm4,00014,9.003256722620094,2.368
train,pretrain,hHOX3dlhhZ0,00033,0,pretrain,Df2JBnql8lc,00010,-1.789670068076072,4.096
train,trainval,XBcPFhg0BC8,50001,0,pretrain,9VXOknUbzBM,00006,7.4261242233738045,4.224
train,pretrain,I9tB6Q5bmcQ,00031,0,pretrain,pSCefSAYqaA,00007,7.3570560656150015,5.504
train,pretrain,nOHbn8Q1fBM,00038,0,trainval,u0VHC1SDOS8,50001,-2.9576566871763443,2.24
train,trainval,AR6RiSHN7S0,50004,0,trainval,BWWPZlaq35U,50004,-9.059141727315886,6.016
train,pretrain,3ELnyoso6vI,00029,0,pretrain,nmVDcD2olOA,00010,-5.1127076237407065,4.928
train,pretrain,19KkFCQz8WQ,00006,0,pretrain,o08ykAqLOxk,00040,-1.1364332319143315,6.08
train,trainval,nncPtxLCPrE,50011,0,pretrain,wc3VhvgUtB8,00014,-2.3624337268438005,5.12
train,trainval,bHLgTUV0XWI,50009,0,pretrain,G6dfUFgKmN4,00008,-8.306075622309546,2.88
train,pretrain,xp0O2vi8DX4,00025,0,pretrain,Kxg0SEpOcWs,00011,-6.06422583340674,5.504
train,pretrain,FXYFLK0KZio,00026,0,pretrain,yq3TQoMjXTw,00042,-2.5039379647099995,4.8
train,pretrain,oCBYfGXSAlA,00009,0,pretrain,Kp13yOhLEbU,00029,-6.003109029078628,4.8
train,pretrain,ynSrWmoq7Is,00014,0,pretrain,2tcEgqTWbxQ,00025,-7.118363794919052,5.696
train,pretrain,SYHG5y4tvLw,00030,0,pretrain,SJWoKsfsSaA,00052,7.855351739256978,9.088
train,pretrain,ezVk1ahRF78,00013,0,pretrain,KElS5nZD5yc,00002,-5.221834553222616,6.144
train,pretrain,svNcoU59IQ0,00002,0,pretrain,O2OQxHNVLNY,00008,5.328553690384792,4.096
train,pretrain,SUkVcmKZyyQ,00030,0,pretrain,EwuunRJgoBw,00008,1.3927038316339058,7.424
train,pretrain,uYaF8pSTNSU,00042,0,pretrain,qEZmFR1WS7g,00003,-9.046999652392563,8.576
train,pretrain,uRdQS2sjF2s,00033,0,trainval,q1sk47FLAmg,50011,-0.08368601170025158,2.24
train,pretrain,T9vLHFza8Uc,00029,0,trainval,MSE5Vryrd0I,50010,8.2495315479207,2.048
train,pretrain,ShFk6FDrZBc,00026,0,pretrain,lGbuCmuTJHg,00022,-5.5203898613323465,6.528
train,pretrain,BFK2knjj4lQ,00010,0,pretrain,ARGkp6am3S8,00023,3.4314026899012475,2.176
train,pretrain,cXbXNV9SZAg,00002,0,trainval,LiyaSr5aeho,50006,-1.2648544655472715,3.84
train,pretrain,KIMWfSe7ZJI,00022,0,pretrain,bvAEJ8G9l9U,00031,8.45463507327668,6.208
train,pretrain,gVLu99Ja2mA,00042,0,pretrain,5Dn08yo9aiM,00014,-9.63529178796021,6.656
train,pretrain,OXQwtTOnLvg,00004,0,pretrain,sNbGUSI9HWw,00035,-9.619520175970763,4.608
train,pretrain,M9pPgIraoOM,00013,0,pretrain,1sE96vd8W40,00030,-4.586745004553574,8.576
train,trainval,FyL9OkVgZA4,50004,0,pretrain,7nAU7KXXHEI,00014,-9.242230025822709,2.496
train,pretrain,H8Pr9Jnulxk,00030,0,pretrain,JmZpFy1QUww,00012,4.017949340307547,17.344
train,trainval,6E3zVSCSGYk,50006,0,pretrain,w2itwFJCgFQ,00019,1.1028254363252543,2.368
train,pretrain,fa6ERdxyYdo,00016,0,pretrain,zzJSRrzklW0,00004,-0.799558460769962,4.8
train,trainval,7ZWTG0SeCEg,50029,0,pretrain,c6mhFgAjqwA,00030,1.7383535602039082,6.08
train,pretrain,QC3EbSexmDw,00003,0,pretrain,GqGksNRYu8s,00056,-2.435667139645343,4.928
train,pretrain,UROCz70tlMY,00040,0,pretrain,anmktfGYw8k,00008,-8.784310124679028,4.544
train,pretrain,uSTmKo75gJI,00028,0,pretrain,OAK1UIbSFio,00094,2.7527013667217037,7.744
train,pretrain,PVXQUItNEDQ,00011,0,pretrain,bczm0RsIZUM,00017,3.1065945302646742,5.76
train,pretrain,Rr5Py1r9xjw,00020,0,trainval,j4LSwZ05laQ,50002,-2.368560767079419,4.352
train,pretrain,bf7BXwVeyWw,00032,0,trainval,yxC30tEjZk8,50004,-9.723132157557238,2.816
train,pretrain,UMSWdzT6rV8,00008,0,pretrain,xlggecnjOY0,00007,0.5814147114409263,8.448
train,pretrain,wYCSHKl4RPU,00020,0,pretrain,Kk7kzUt3SLc,00013,8.189364951842261,8.704
train,pretrain,oSv7E8WK2Iw,00007,0,pretrain,X41iulkRqZU,00038,-6.245545301776225,5.76
train,pretrain,uVAaZVz9pDs,00034,0,pretrain,g9M3HIjHuq0,00024,0.6473876693759841,5.184
train,pretrain,SfHRcaS6r3w,00014,0,pretrain,WHjKnNbYiOs,00011,-7.028564711723837,15.552
train,pretrain,S9gAgInOV8w,00004,0,pretrain,pcSlowAhvUk,00074,0.32920341602384795,7.744
train,pretrain,y1yK36RMyRE,00002,0,trainval,mkdSXHXhCcw,50040,-1.6534988282293401,4.032
train,pretrain,SKx2lfobPuU,00041,0,pretrain,bEdvQjTGYP8,00006,5.790187812037006,8.448
train,pretrain,oIGBBPspTKM,00048,0,pretrain,I9tB6Q5bmcQ,00014,-1.2365717420096942,6.016
train,trainval,m7C6aiZV9JE,50004,0,pretrain,mk3KSVrveSE,00014,-2.695288502175883,4.8
train,pretrain,Mu00S1dAMl4,00002,0,pretrain,89Dhye1lgik,00007,6.184168825364033,10.368
train,pretrain,UtA860ss1eU,00021,0,pretrain,Bc2wVyl8RLI,00008,8.591495621528395,11.776
train,pretrain,kWnsmzSSgdI,00012,0,pretrain,2j00U6lUCSc,00030,9.664484929792259,12.736
train,pretrain,NPSelwWdPa0,00020,0,pretrain,hWnZKAXSv3s,00005,8.186664351575608,21.504
train,pretrain,WfDSFRPjQTo,00001,0,trainval,aqhzFd4NUPI,50032,8.44962680971863,2.24
train,trainval,i0QKBKWnkxg,50014,0,pretrain,NgDGlcxYrhQ,00020,-5.08206445898395,2.112
train,trainval,BWWPZlaq35U,50003,0,pretrain,iNgBSj4S5HY,00009,-5.343011095188528,3.968
train,pretrain,fSRWTyY2YSM,00008,0,trainval,PVXQUItNEDQ,50005,7.953933955883009,4.352
train,trainval,46wWjKTn4Ac,50001,0,pretrain,kOPMqiKhoSc,00004,0.5656118125542982,6.016
train,pretrain,Df2JBnql8lc,00011,0,pretrain,LbIXYEW9CSQ,00016,7.67255436500551,6.208
train,pretrain,TexXAuRSe0g,00007,0,pretrain,nn5k4snG3rA,00025,6.979759883946862,5.952
train,pretrain,1bXAkbCyjpo,00014,0,pretrain,l2oywAEJ9hE,00009,-8.258475142043867,8.512
train,pretrain,8qqLMFBGvWI,00003,0,pretrain,cQvDUTOOkiI,00045,0.549185288664944,9.856
train,pretrain,R5PHGMRoZMA,00001,0,pretrain,wHH6C2BSC1E,00006,2.71193220704221,3.84
train,trainval,EBKSa94IFHY,50006,0,pretrain,aIcwIH1vZ9w,00008,-1.1626997527882583,3.328
train,pretrain,8meWY0W40OA,00006,0,pretrain,Jv2GGScsUc8,00015,3.8142076431816285,3.2
train,pretrain,SF242mxtZN8,00041,0,pretrain,IRVdiHu1VCc,00053,-8.787827717981585,10.496
train,pretrain,vbHkhSfaQu8,00014,0,pretrain,cSsxBTNF2U8,00059,0.9680357557673034,4.48
train,pretrain,p49rv25dx0g,00019,0,pretrain,bcSXtB5bQgs,00019,-5.124118500352191,3.648
train,pretrain,DgofaSv4MA4,00009,0,pretrain,ddek3gQVt9Y,00055,-6.416484201555823,5.376
train,pretrain,JD4O7ama3o8,00048,0,trainval,1O2l1dcSohA,50005,9.465867285798659,2.24
train,pretrain,9UiK4llJOXc,00016,0,pretrain,1fZ4XOnnh1c,00010,-6.8954991396821885,10.368
train,pretrain,jPyR3UDhOm4,00031,0,pretrain,IRVdiHu1VCc,00079,6.98411949871144,6.336
train,pretrain,UyQIKwSPZGM,00013,0,pretrain,ALTvG9MIR64,00015,-9.540396122436759,15.296
train,pretrain,BsVzjd5HS9Y,00023,0,pretrain,U7y4GlmwPLQ,00004,-3.5243884922849205,14.848
train,trainval,WKlIytaSlu4,50005,0,trainval,bq39x2HWjNk,50001,-5.034009506663821,2.368
train,pretrain,fnS9f5x0f1Q,00017,0,pretrain,tjkrKA1cVdU,00002,0.9062929977224599,5.888
train,pretrain,rzbtSeVZeEE,00013,0,pretrain,mZqL7MC8Eys,00018,-5.437229784104492,9.536
train,pretrain,vSjlCJaEwZE,00030,0,pretrain,m0ZPM5I1tTg,00045,-1.1773262804187805,10.496
train,pretrain,oEIYHTlbeLA,00012,0,trainval,9y7YEmyzSDo,50010,-9.715388147275092,4.032
train,trainval,sgTjCpBOeCU,50028,0,pretrain,t9c7aheZxls,00003,-2.3520484357984373,4.992
train,pretrain,PGsQwAu3PzU,00010,0,pretrain,b28brIs1OmM,00005,0.4710071979687882,3.456
train,pretrain,fw01Sq0cxM8,00033,0,pretrain,jeOumyTMCI8,00027,2.1382971007544516,5.632
train,pretrain,PL9wP3pAl7A,00033,0,pretrain,SUkVcmKZyyQ,00036,7.95409926428615,6.016
train,trainval,855Now8h5Rs,50001,0,pretrain,SXOZflB1BKo,00001,1.8934131289833225,6.016
train,trainval,v3oSF94S4FI,50003,0,trainval,AR6RiSHN7S0,50014,1.07745679085218,5.056
train,pretrain,B4a0NvLTebw,00021,0,pretrain,sYUjyH8Y0No,00019,9.248264762426835,3.84
train,pretrain,N3SCXzYOWBg,00006,0,pretrain,jdpIKXLLYYM,00005,3.1960643637737185,9.216
train,pretrain,Sid0oc0w3mQ,00022,0,pretrain,Se8kcnUSuZw,00024,-7.557589812821135,3.2
train,pretrain,kZP8KqrSbcw,00013,0,pretrain,31PyAjy6Nl0,00013,-8.343499736221236,4.672
train,pretrain,EiTrl0W1QrM,00065,0,pretrain,HdHW77blulg,00009,-1.7623939975382434,4.352
train,pretrain,5s61n2MLGRQ,00005,0,pretrain,1NG7FoC5XRo,00022,-5.643415039854675,10.88
train,trainval,SCEKKHyxgaw,50008,0,pretrain,0FkuRwU8HFc,00006,7.254570514790409,4.16
train,pretrain,3LzX36sShcs,00014,0,pretrain,DEmjzXi2lfI,00004,5.501593367804599,7.296
train,pretrain,IHBGLHgIWJM,00002,0,pretrain,1VRgmKiE0Js,00004,3.73589197901849,3.968
train,pretrain,gWPFJgLAzu4,00038,0,trainval,XvS83nXSf0k,50020,4.956220762221999,3.136
train,pretrain,wN3ovSzal3g,00013,0,pretrain,4EUAMe2ixCI,00038,-2.89527561095527,11.776
train,pretrain,1bXAkbCyjpo,00009,0,pretrain,y3EG6cO3ngc,00005,-2.0655418638928964,2.816
train,pretrain,rzwJXUieD0U,00001,0,pretrain,SvZXgApsPCQ,00007,-3.14791878967924,18.688
train,pretrain,7H0USvVSfhU,00002,0,pretrain,zISxg4JhSRk,00018,8.417350740163837,5.12
train,pretrain,SLk5nU8FrXo,00002,0,pretrain,HXGwJevjOfs,00011,1.9279234016749385,6.08
train,pretrain,BwHAYgOnZSU,00008,0,pretrain,KOIsqRgJ3XM,00016,-3.426907585244459,6.528
train,pretrain,bxkslfQc0EA,00032,0,pretrain,9XFeW9dgyIs,00014,-0.802387001089409,8.64
train,pretrain,W8OiVZrAj4c,00014,0,pretrain,5pW2b1vwwf4,00014,-7.316630040469379,9.664
train,pretrain,9KACXVScWS4,00036,0,trainval,ScFWnnQF7A8,50003,0.3933394745219836,3.072
train,pretrain,1X7fZoDs9KU,00030,0,pretrain,LI8ix9IghkY,00004,2.3692608833014646,8.768
train,pretrain,abMQhaMdQu0,00016,0,pretrain,vSjlCJaEwZE,00012,8.738195766928804,13.632
train,trainval,2wu28tI9VkM,50001,0,pretrain,u9hauSrihYQ,00013,4.341557187823222,6.08
train,pretrain,6Af5tJzSR2w,00017,0,pretrain,UkLWzSxAQJU,00005,-0.7823812880154968,11.776
train,pretrain,EDLWWP8N6MU,00010,0,pretrain,8zw7AXwnb8M,00008,-2.651152282488729,4.16
train,pretrain,6tSlMoMNSlY,00011,0,pretrain,wDxjss7kHRw,00012,-5.878447697075302,4.992
train,pretrain,mKkF6mAlX4k,00037,0,trainval,aFBIPOSP7LM,50005,9.13454510904674,2.432
train,pretrain,hbG89FYKzaY,00005,0,pretrain,jdMv5x8SBuM,00033,-4.320861850654323,4.416
train,pretrain,U2dHczVSCdo,00039,0,pretrain,6Eu964BbJO4,00027,-5.652088299137987,9.984
train,trainval,LkOmfSSQLgI,50005,0,pretrain,ac1mOswXxLs,00017,-9.516340861735614,3.328
train,pretrain,2ZviHInGBJQ,00036,0,pretrain,bB5zR2xYhm4,00009,-2.830126840936904,7.68
train,pretrain,SYpHNImNsx8,00026,0,trainval,EijI8QaExDg,50021,-7.513515230751741,4.416
train,pretrain,u9Lu85L111Y,00002,0,pretrain,pzN4WGPC4kc,00017,-7.297851890612195,10.368
train,pretrain,5nys6iebjHw,00013,0,pretrain,2L1R7OtJhWs,00007,3.505952517964152,8.128
train,pretrain,0ueGFLVFi80,00019,0,pretrain,gnuFrtTNUTc,00003,1.1520668902522289,9.92
train,pretrain,7jx0dTYUO5E,00037,0,pretrain,C44r6knuJtU,00002,-3.225866490358113,3.392
train,pretrain,osBbP6Om4Mg,00007,0,pretrain,NZspSEdO2Xk,00007,-1.1746548140482886,3.52
train,pretrain,KkYuhwr3esg,00014,0,pretrain,LWULB9Aoopc,00054,-4.83901810036607,6.528
train,pretrain,J6ZzmqDMhi0,00015,0,trainval,mMDuakmEEV4,50011,-7.89837357214163,5.376
train,pretrain,XOU2ubWkoPw,00003,0,pretrain,fnS9f5x0f1Q,00013,1.6523419607418042,8.256
train,pretrain,twG4mr6Jov0,00021,0,trainval,Mb8x6vLcggc,50015,6.280272880572923,6.08
train,pretrain,j97WsAz3CDY,00013,0,pretrain,th3nnEpITz0,00014,-8.161753955081414,24.128
train,pretrain,ndAHAjgquwk,00008,0,trainval,vg8WAv0YT9c,50005,2.6349450998114,3.84
train,pretrain,8iQnrM3DkVI,00022,0,pretrain,P2y3Uspr8Bg,00005,3.044891306484285,7.296
train,trainval,8Ug1MnU6LKw,50021,0,pretrain,khRkIVPa1Vc,00027,3.8592968696841687,2.496
train,pretrain,WfTZ5iIUn4s,00006,0,pretrain,jsZDlBU36n0,00002,-6.258015768603302,7.04
train,pretrain,mArrNRWQEso,00065,0,pretrain,T8VS0LUCgmk,00017,0.9841137050434039,11.136
train,pretrain,QJORi5VO1F8,00012,0,pretrain,IDSSieLCmS4,00043,-4.520854424031519,6.016
train,pretrain,5nrn5fC001Q,00004,0,trainval,a5xR4QB1ADw,50004,0.9079820253927195,5.44
train,pretrain,CcxEYXHWxqs,00008,0,pretrain,kQa11RMCeSI,00014,-7.059438255741107,14.464
train,pretrain,b8z6HfSq7l8,00002,0,pretrain,nzZA9XTdSLM,00006,4.818504048191487,6.4
train,pretrain,NMBNZspmn7I,00011,0,pretrain,ygKNRnz7q5o,00023,9.236920600848592,19.84
train,pretrain,sNbGUSI9HWw,00022,0,pretrain,7sqeoYOQ4qg,00013,4.42853345265069,6.144
train,pretrain,J45cWdDEbm0,00001,0,pretrain,BEcyzAcFFwU,00002,0.9267459177302619,11.52
train,pretrain,1EIQ6nSSXxk,00010,0,pretrain,3sUWSDHOVn0,00037,-2.271919623921468,5.376
train,pretrain,3sUWSDHOVn0,00039,0,trainval,UoBUXOOdLXY,50002,-8.049629626336872,2.176
train,pretrain,k1luKASSXcg,00003,0,pretrain,wIkvIKeRNoY,00008,3.286308051226623,6.08
train,pretrain,b3H9V1jq0A8,00004,0,pretrain,sLiM2SizFl4,00048,-0.5303258319333146,5.184
train,pretrain,Rz8m1yDE0ms,00005,0,pretrain,FwLeiY5f7sI,00021,-6.395184758725132,7.36
train,trainval,yDubrSRjlCE,50005,0,pretrain,BwC4WRKi5QY,00002,8.107489274479928,6.016
train,trainval,pGSQG0IyNTo,50005,0,pretrain,saXfavo1OQo,00016,-9.865195019811203,5.824
train,trainval,J45cWdDEbm0,50003,0,pretrain,cC0KxNeLp1E,00012,-7.766226191964673,5.888
train,trainval,3MYEtQ5Zdn8,50007,0,trainval,CSUmoS40pqA,50003,-8.40510081852625,2.176
train,pretrain,CVdPhUPO5YU,00041,0,trainval,Ep2MAx95m20,50003,-1.008853162424037,2.048
train,pretrain,PcQwHHbjZ0A,00001,0,trainval,3XDdhbrg2kw,50002,-1.3561772655514392,3.328
train,trainval,BQj2ZSGPsY8,50014,0,pretrain,vzKA1y3cdYI,00014,-7.448208779024206,3.776
train,trainval,SMTRxRO5SRA,50009,0,pretrain,VSbjOJzB7LY,00011,-0.9862028278379107,3.2
train,pretrain,4ef6KJ7vfIw,00003,0,pretrain,0af00UcTOSc,00027,0.3750453111958798,4.032
train,trainval,3QZp6smeSQA,50008,0,trainval,SeJwaOCYWwM,50011,-3.3949713372187347,5.12
train,pretrain,uP3pg3alCRw,00012,0,pretrain,Sf994ANuGIY,00039,2.730536906729027,4.288
train,pretrain,bjNSaXg4S6Y,00025,0,trainval,XS85KAYKOT4,50001,4.74472821314605,2.752
train,pretrain,sYUjyH8Y0No,00029,0,pretrain,NPX5RwjNzl0,00006,-8.538965623196598,4.48
train,pretrain,EXo3qA9V3eI,00022,0,pretrain,ruh6rN5UrME,00002,6.724040847292763,10.688
train,pretrain,Ufs8cKyzLvg,00019,0,pretrain,yJJtRWFLSgw,00039,3.773949903785903,6.336
train,pretrain,PB2OegI6wvI,00060,0,pretrain,JLLpWtHbMAo,00016,-8.04645186211719,9.536
train,trainval,IdW9UYlxlVY,50032,0,pretrain,3vJ4SUH38dQ,00023,-4.499242173060383,6.016
train,pretrain,zSWppsceZ1c,00016,0,pretrain,FMJgZ4s2E3w,00009,4.237071927251584,5.184
train,trainval,CFtsHf1lVI4,50005,0,trainval,fwm3azuoLr4,50014,0.2650337400370866,3.52
train,pretrain,AIfBSkVI6NQ,00019,0,trainval,AA1BT0tfihw,50003,-8.433960997670995,3.456
train,pretrain,YrtANPtnhyg,00012,0,pretrain,KQEWc3LVfyc,00057,8.51749957059879,5.12
train,trainval,R1vskiVDwl4,50021,0,pretrain,BzDEFAGvShc,00004,-9.00954613482818,2.944
train,pretrain,cWYcXhMhJF4,00006,0,pretrain,C2SVEM19NHA,00005,1.5784070091230227,3.52
train,pretrain,aqhzFd4NUPI,00023,0,pretrain,XPkV1bDZDl4,00006,4.649455656914752,6.848
train,pretrain,J3pGKt7fESM,00013,0,pretrain,NEW8RKyMDV0,00011,4.6932060328228395,7.36
train,trainval,OOhgwjEnfAA,50002,0,pretrain,zORUUqJd81M,00040,-1.756546080447471,5.76
train,pretrain,lwcvhh4pLjE,00048,0,pretrain,EZwxKPv1CwA,00068,1.5453748249899846,10.112
train,pretrain,yzm4gpAKrBk,00001,0,pretrain,asSNPOU5U3c,00007,7.2018475214024384,3.904
train,pretrain,sa1iS1MqUy4,00020,0,pretrain,BUhksjVTbEk,00024,-4.072118026092402,11.392
train,pretrain,U9BzgnX3z6Q,00013,0,trainval,Fb2J5eDoFko,50018,6.6905089481893505,5.888
train,pretrain,KQEWc3LVfyc,00014,0,trainval,yDubrSRjlCE,50012,6.460060805962055,3.52
train,pretrain,Yn9fTcSWMbo,00002,0,pretrain,eJZSzNuKX7c,00035,-8.468836067248937,3.2
train,pretrain,Kc0Kthyo0hU,00006,0,pretrain,L8YJtvHGeUU,00003,-7.010458804918809,4.16
train,pretrain,xAXUqSQc8DI,00013,0,pretrain,WNTk29zXl4A,00002,2.9412969135963785,12.672
train,pretrain,btF6nKHo2i0,00068,0,pretrain,r3L9n20myqk,00006,2.5936972575041963,10.496
train,pretrain,fYUaWgVF2XA,00013,0,pretrain,xS8jLsYoSic,00006,-2.37507251552155,6.976
train,trainval,StqRJhHNUGA,50002,0,trainval,XBcPFhg0BC8,50001,-5.775255126582925,4.224
train,pretrain,U9BzgnX3z6Q,00008,0,pretrain,Jp9b2Hf7QWg,00008,-2.449986477274706,3.776
train,pretrain,W3C23m71Yws,00017,0,pretrain,pF72px2R3Hg,00003,8.658692107923848,10.816
train,pretrain,qKlzdSH2X9w,00023,0,pretrain,ruh6rN5UrME,00009,0.9910498393441731,4.48
train,pretrain,Sf994ANuGIY,00041,0,pretrain,YyuScSjkGSs,00027,-0.13402976851760684,4.096
train,pretrain,8t987Lxt1t4,00001,0,pretrain,bxkslfQc0EA,00024,3.080719190996067,22.592
train,pretrain,OwRAFCrsDS8,00017,0,pretrain,ayOmOaXC0Z0,00022,0.9028078151176793,5.312
train,pretrain,fBQnQTkhsq4,00019,0,trainval,CyKmpyYy14k,50003,-7.677528365922964,2.176
train,pretrain,uhn7pS8M89U,00005,0,pretrain,bwMUQEMOP6w,00011,-0.19664267323882356,6.4
train,trainval,t0pwKzTRG5E,50003,0,pretrain,pMUv6UWkuWw,00010,-9.749217466956214,3.648
train,pretrain,MywGrRvNkWQ,00013,0,trainval,HjnclEhy960,50007,-0.3846576475451542,5.76
train,pretrain,vdDFLzyk94k,00030,0,pretrain,QBDShp6U7tU,00010,3.678900113216727,5.568
train,pretrain,7LE4MoJS2po,00013,0,trainval,vzi4AopBEBg,50016,-7.543998134398255,6.08
train,pretrain,UzuUljhS9uI,00001,0,pretrain,TWPahtyJDsI,00002,2.8188450589747873,12.928
train,pretrain,c73Q8oQmwzo,00020,0,pretrain,6qTfX4U6CS0,00002,4.599975702641551,6.528
train,pretrain,2wu28tI9VkM,00011,0,pretrain,CSUmoS40pqA,00024,6.982282094219695,11.008
train,trainval,nx3GuO41Jyg,50008,0,pretrain,S9PEogIrHSk,00042,-5.608055489477099,2.24
train,pretrain,zWU9D2duSgs,00010,0,pretrain,sYySLEdYr8A,00025,9.169507639577667,7.168
train,pretrain,gMNlRovT5x4,00018,0,pretrain,l5Bbg96VODk,00028,-5.382454950218101,16.704
train,trainval,aILSY9g7Tg0,50007,0,pretrain,BcTOSxcv2So,00026,-4.529073596435387,5.952
train,trainval,2OlhCITl1J4,50003,0,pretrain,g9M3HIjHuq0,00023,-1.0139171574127417,4.864
train,trainval,5Walt8nPINM,50003,0,pretrain,qItCBNzqdn8,00014,5.5501726949362435,3.264
train,pretrain,jZxLsDkvkVQ,00003,0,pretrain,3uFbJG6tBpI,00019,-5.471465678676115,7.232
train,pretrain,vvEH93EQiKg,00002,0,trainval,sNV4yIyXXX0,50033,-9.947394850851623,6.208
train,pretrain,buRLc2eWGPQ,00010,0,pretrain,JcCQS4YiTb8,00004,-6.969044863191232,4.16
train,trainval,6E3zVSCSGYk,50007,0,pretrain,11Mq9ZuxZMc,00021,1.058246118901522,2.688
train,pretrain,b9jb9UjCpik,00025,0,pretrain,U7y4GlmwPLQ,00020,-9.001622717772992,4.672
train,pretrain,E6atIJ8RDzU,00007,0,pretrain,IRxgDMSp9Gs,00018,-1.991132647892611,9.344
train,pretrain,emeEpzkf044,00011,0,trainval,2TDLN61HKKc,50009,1.6508769822231244,2.816
train,pretrain,N1R84S5DYEA,00018,0,pretrain,JhcCHjqSiBo,00015,8.533709001272296,5.12
train,pretrain,YiXdS9DFCOQ,00016,0,pretrain,ayhhuxAu6rw,00004,-8.412645044042932,6.208
train,pretrain,3E7hkPZSHTk,00009,0,pretrain,6VWPHKABRQA,00033,5.656181555173207,7.552
train,pretrain,bSidnKdH5S4,00010,0,pretrain,YodRXxzhb7s,00016,5.994726213786981,3.648
train,pretrain,zMWYQRKuc5M,00001,0,pretrain,yG7v4ySxwzQ,00013,8.130382178065364,12.032
train,pretrain,BoRUrWcdkQ4,00016,0,pretrain,KabSmpUSYVM,00013,-7.846772810193501,10.176
train,trainval,GlUS6KE67Vs,50012,0,pretrain,aFBIPOSP7LM,00013,-2.8624361852880114,3.712
train,pretrain,NwmGTM5Py8Y,00014,0,pretrain,erCApSBd0AQ,00039,-9.651165815786682,3.712
train,trainval,p49rv25dx0g,50029,0,pretrain,ZpT0cw9bmiw,00024,5.259801749033134,6.144
train,pretrain,X9FFzWUInyA,00019,0,pretrain,ImQrUjlyHUg,00011,-4.443935179519023,5.76
train,pretrain,W0StyxgMk1o,00044,0,pretrain,nhrZHRqUaT0,00003,7.798929658587333,10.688
train,pretrain,wVGjQSnLg4Y,00013,0,pretrain,akOe5SUsQ2o,00040,-9.630237915501976,6.528
train,pretrain,O6cmKeRV3Z0,00003,0,pretrain,SKWIlMZSMZo,00007,5.710565963473488,4.992
train,pretrain,wKIHuxe2fi0,00002,0,pretrain,ZuCX92wuw2g,00028,-8.001822044806925,3.52
train,trainval,nU5gOr1cSxU,50007,0,pretrain,PB7xs7UpIfY,00010,1.1226184569317539,3.072
train,pretrain,VvpUZjRVoBI,00020,0,pretrain,xbagFzcyNiM,00015,-0.8474934910460608,5.76
train,pretrain,nx3GuO41Jyg,00028,0,trainval,zuAj2F54bdo,50010,4.04109796645853,6.08
train,pretrain,JSuTsrxfYWQ,00037,0,pretrain,nCwwVjPNloY,00017,-4.190324874769596,4.288
train,pretrain,sJCBM9ajA5s,00013,0,pretrain,Sk0ywFgMpFk,00004,-5.522931329424057,10.496
train,trainval,XMSQKG70a5s,50002,0,pretrain,YsASJTeHJ6A,00007,-9.13838557725406,5.568
train,trainval,MLZubXfClL4,50010,0,pretrain,JNSgdmKysxA,00017,-4.119912872184594,5.504
train,pretrain,0SW0HFy9Et4,00010,0,trainval,drv3BP0Fdi8,50020,-2.2025307972517982,2.368
train,pretrain,cI9vSC1eQ18,00004,0,pretrain,SCCG81UbruY,00014,9.496126110562773,5.696
train,pretrain,SrqmuYvk3iQ,00031,0,pretrain,wyhF7q3Sbpk,00021,-7.173334752339226,9.28
train,pretrain,5nys6iebjHw,00018,0,pretrain,imaWSTabxOE,00002,8.239000755844597,8.576
train,pretrain,2ZviHInGBJQ,00031,0,pretrain,FD5ZKiSmoMU,00061,-6.561088614878505,4.992
train,trainval,eRQdAOrqvGg,50014,0,pretrain,NRcPXtqdKjE,00018,7.063917911815313,4.288
train,pretrain,ea3HnhOLC9g,00016,0,pretrain,r6nSmSTKHGc,00008,7.727155119653446,4.288
train,pretrain,BA8XOF6IpXA,00001,0,pretrain,xnovQVRHj5c,00031,3.477561584978625,6.4
train,pretrain,NMBNZspmn7I,00023,0,pretrain,UOn3zOp8JPE,00007,7.94201692112901,11.136
train,trainval,lqbLSUhhyPk,50003,0,pretrain,qJ7A74Vx7YE,00022,-7.814567112353206,3.008
train,pretrain,ASY5DjSZUDE,00002,0,trainval,wgPLGS1BvQo,50016,9.052354970688384,2.496
train,pretrain,hTAXEq6zLo8,00038,0,pretrain,ZUGOaSux6pU,00011,-7.004214104532577,7.296
train,pretrain,EiTrl0W1QrM,00036,0,pretrain,4l3Kj3hVSVY,00010,-8.909456548093564,12.736
train,pretrain,pvBlSFVmoaw,00001,0,pretrain,hHEVMhHDP1E,00006,8.437154546252032,5.056
train,pretrain,jk0Y3Ss212w,00001,0,pretrain,hRSw8DBbFr8,00016,-4.039789781737484,3.584
train,trainval,jeOumyTMCI8,50001,0,trainval,aqhzFd4NUPI,50019,-2.256774963369475,3.392
train,trainval,6bVhrpkp0WU,50002,0,pretrain,5UH7uTpTa44,00011,1.2366527380528485,3.392
train,trainval,iTdZn78u6pI,50004,0,pretrain,3ELnyoso6vI,00028,6.02956728706355,4.48
train,pretrain,SJyE40koQyA,00014,0,pretrain,7KtAbgvGEvY,00010,9.816968354870077,10.176
train,pretrain,Yn9fTcSWMbo,00023,0,pretrain,ByEoeBYUwOo,00006,1.7492233166833167,7.232
train,pretrain,MDL85fzdc1g,00014,0,pretrain,VGUnvr6ImOo,00017,-1.2026317704196359,7.616
train,pretrain,afev0ZjAhUA,00019,0,pretrain,qH66lTtW4Hg,00010,1.6070264947943098,6.144
train,pretrain,sSXv06gUX3Y,00008,0,pretrain,Kp13yOhLEbU,00021,7.535875507171678,7.936
train,pretrain,jFd96USLjbM,00010,0,pretrain,96HHmILhyrE,00006,9.732596460010694,7.36
train,pretrain,ElJxUVJ8blw,00048,0,pretrain,BDOSUiEh0eY,00040,-5.512098314139083,3.712
train,pretrain,8etnSTnX92g,00018,0,trainval,LUNBiST4KSs,50003,-4.30228968440491,5.376
train,pretrain,dvuh1Np35Pk,00027,0,pretrain,lUO0xDSJQVI,00023,7.97271960609012,4.544
train,pretrain,p0p45l9NMto,00009,0,pretrain,7rMYfiRNT7g,00030,4.011614181545513,11.328
train,pretrain,SpSGKCr8rq8,00033,0,pretrain,F8bM8K7WSR8,00024,-7.00992549744768,7.872
train,pretrain,UQniNhS6LOY,00026,0,pretrain,HY71088saG4,00010,8.013953335778524,6.784
train,pretrain,NWUFjb8w9Ps,00027,0,trainval,NhmybGS7FLA,50004,4.540510546935927,5.888
train,pretrain,uVAaZVz9pDs,00027,0,trainval,7DLzXAjscXk,50039,-0.8501699078824227,5.696
train,pretrain,l1fodZNF1GI,00020,0,pretrain,v3SZTqj2Skw,00024,-2.4638337516104176,6.336
train,trainval,nFEgRt2EH1g,50005,0,pretrain,F73O3Sim0Wo,00011,2.7344346564487836,3.072
train,pretrain,EZwxKPv1CwA,00052,0,trainval,J0WQz9qlgZI,50002,-3.205186335549066,4.096
train,pretrain,pmKNXZmfIMU,00013,0,pretrain,2URf46UY7SA,00013,5.1909651259294485,5.056
train,pretrain,MLU7qcMYKO8,00009,0,pretrain,UiCJhSuLdok,00012,-7.621711465084258,3.84
train,pretrain,v3SZTqj2Skw,00025,0,trainval,vzKA1y3cdYI,50015,8.787697368880416,4.48
train,pretrain,C6mNITMY7e0,00015,0,pretrain,dsfROmgVN5U,00001,0.37585822223667087,2.88
train,trainval,es4w3WUcrN0,50002,0,pretrain,y3EG6cO3ngc,00014,1.6740420749676055,4.8
train,trainval,VM6HZqQKhok,50001,0,pretrain,LZXUR4z2P9w,00005,6.753533842594322,5.952
train,pretrain,2t13Rq4oc7A,00028,0,pretrain,hPsUXhXgWmI,00023,9.613169637875401,5.696
train,pretrain,KU0zEEDRKXo,00002,0,pretrain,D5iFVKhLStU,00019,1.569576988879529,4.416
train,pretrain,b64qvG2Jgro,00011,0,pretrain,teVE3VGrBhM,00010,0.16305731773848464,4.288
train,pretrain,C74amJRp730,00025,0,pretrain,Y0GHWogx0eg,00042,-3.423492157184265,6.336
train,pretrain,c73Q8oQmwzo,00005,0,trainval,VGUnvr6ImOo,50001,-2.7824830159415654,4.096
train,pretrain,7s0CpRfyYp8,00020,0,pretrain,EBKSa94IFHY,00036,7.083011178400035,11.264
train,pretrain,xjxyEwjG2Es,00017,0,pretrain,aUYSDEYdmzw,00009,-3.9923809294358463,4.096
train,pretrain,XGq3MXQlRJs,00023,0,pretrain,xY7kVVS2HVY,00022,-3.1177264934295916,8.192
train,trainval,rToBZSrxjgM,50001,0,pretrain,kTsqFn33RiQ,00010,9.32433796756159,3.328
train,pretrain,G0ZjSInJ4BQ,00028,0,pretrain,N4wFyRGilp4,00034,-7.2397022756759295,5.12
train,pretrain,mf5otGNbkuc,00009,0,trainval,nncPtxLCPrE,50011,8.854921611739478,5.12
train,pretrain,jxMvDpIeu9U,00001,0,pretrain,LS3wMC2BpxU,00013,-2.430871658586673,3.392
train,pretrain,RjrS5EqZlUs,00023,0,pretrain,f6CILJA110Y,00045,-2.3132385877440225,5.184
train,pretrain,NDQ1Mi5I4rg,00022,0,pretrain,B5MkpzMAOZM,00017,2.6150410086745524,7.168
train,pretrain,wz0mlDELSo0,00005,0,trainval,y8qc8Aa3weE,50005,-8.266804056476417,2.24
train,trainval,Mgbf3cq7lms,50059,0,pretrain,HcTtoGhn0Dc,00005,-0.17965189248083746,3.072
train,trainval,u0VHC1SDOS8,50012,0,pretrain,oXbhTHaMwTw,00012,1.126618347784179,4.928
train,pretrain,4wCQV4Le3S0,00009,0,trainval,gyPoqFcvt9w,50009,-6.941425594774153,4.416
train,pretrain,V1gxziZwmkc,00003,0,pretrain,ZJPdJuhI03U,00004,0.43153167068689946,16.448
train,pretrain,RAooSSSeUIk,00005,0,pretrain,2g9GedPylM8,00008,3.074929556175931,5.824
train,pretrain,I8tg0Myjimg,00009,0,pretrain,CK5w3wh4GSM,00016,-1.5340287769862258,9.92
train,pretrain,q7rz3v588bQ,00002,0,pretrain,PzyAP4zLb6w,00005,1.2944091223123984,3.2
train,trainval,7Xmr87nsl74,50003,0,pretrain,1z3Fgtj8fqk,00037,9.92058458242575,2.176
train,pretrain,z4vmzTZ7qLA,00022,0,pretrain,j7c9b9A2AHc,00007,2.9143499217635807,4.992
train,pretrain,oVE5rRJa0D8,00011,0,pretrain,vdDFLzyk94k,00006,6.864678933943242,5.184
train,pretrain,rN7VcY1fS1Q,00023,0,pretrain,kfAxGhOS3S8,00007,-7.19971508445262,3.584
train,pretrain,2tBuvxXxlS4,00037,0,pretrain,9VF7kffCgJU,00008,4.507363155764244,4.288
train,pretrain,ZBDablzQ9ts,00042,0,pretrain,MKKGS38vCO8,00004,6.487489165855983,3.52
train,pretrain,ufJ7sOtuFd0,00006,0,pretrain,4GMtcj9bBek,00019,7.15315419608406,8.192
train,pretrain,GP4sBGbeF8w,00001,0,pretrain,Acsv55lctGY,00029,6.705546030637478,9.152
train,pretrain,mArrNRWQEso,00004,0,pretrain,ErexJkoDhGI,00049,-2.1116046137094795,7.168
train,trainval,CsjV1gjBMbQ,50001,0,trainval,vSjlCJaEwZE,50007,-1.3422806078045113,3.392
train,pretrain,kSR8G8mfp84,00013,0,pretrain,gBkIyJ7kfSI,00034,-7.902387809965563,6.72
train,pretrain,nG1oCU0ijP0,00001,0,pretrain,GtXyGFMBWBs,00026,-9.214219745647894,5.248
train,trainval,m45SshJqOP4,50005,0,pretrain,wEM9c7RoVms,00002,3.728838388597179,3.84
train,pretrain,ea3HnhOLC9g,00021,0,pretrain,qG6SnAIinj0,00014,1.0654978128440913,15.808
train,pretrain,MBZyRlxVdSE,00006,0,pretrain,SJ5bDhMP9lQ,00011,-7.242151186623021,13.312
train,pretrain,HS8y0WLm78U,00095,0,pretrain,8GOFoquSdkI,00007,-3.0276822943253556,12.928
train,trainval,GIt6Z0k3PQo,50020,0,trainval,8HplGZBS7FY,50006,0.7427121605188596,2.752
train,pretrain,0QbLI1U4cLE,00005,0,trainval,iSicXZ2tMRM,50006,9.079833491767296,2.24
train,trainval,kmflTZnRuZI,50006,0,pretrain,ZmSF9gVz9pg,00033,1.239372655778869,3.072
train,pretrain,4ShLkgv6LSk,00036,0,pretrain,r9LelXa3USI,00008,9.21300142309395,16.576
train,pretrain,1BXYSGepx7Q,00026,0,pretrain,eNC1h5H5cJA,00025,-2.594503764343143,6.208
train,trainval,rokPqHc9iD0,50002,0,pretrain,PlQ3VdvvTvE,00016,7.060713900149519,5.376
train,trainval,TcBrchkBSBE,50001,0,pretrain,5J6jAC6XxAI,00021,2.320660328678745,3.456
train,pretrain,ocqn3wYTCRM,00008,0,pretrain,MlLWTeApqIM,00007,3.9231787285454782,8.256
train,pretrain,qZYNWW4M7yM,00013,0,pretrain,9KaMufF0rAY,00017,-9.985718320090609,9.28
train,trainval,0N1oA9LUEc4,50001,0,trainval,7TXEZ4tP06c,50006,-9.234566858164914,2.112
train,pretrain,H2rG4Dg6xyI,00035,0,pretrain,lwcvhh4pLjE,00054,-2.84872467756043,5.696
train,pretrain,MgnnQ2CN6yY,00030,0,trainval,xlggecnjOY0,50003,6.187042000980824,3.072
train,pretrain,boSGZ3qSAys,00031,0,pretrain,lPtPG2lAmm4,00008,-7.845242903911398,3.456
train,pretrain,mMasmrJOmEo,00020,0,pretrain,X41iulkRqZU,00025,-0.10303037528692016,17.152
train,pretrain,pcSlowAhvUk,00019,0,trainval,sLFqwXqe4Yk,50003,5.301115023167252,6.208
train,trainval,iF4s75ZPano,50004,0,pretrain,emeEpzkf044,00023,-3.343991883507316,3.136
train,pretrain,xMS9HlSSLSA,00034,0,pretrain,qpfq3xCdAu4,00010,9.742668536834415,8.064
train,pretrain,mA1vshSuyQU,00024,0,trainval,J6oMG7u9HGE,50068,-6.426603000436131,3.2
train,pretrain,k5hspA18IU0,00015,0,pretrain,kpyc84kamhw,00011,-9.177967548777644,4.352
train,trainval,q06YIWCR2Js,50015,0,pretrain,HB2SlA68YDU,00028,5.968326277245188,4.928
train,pretrain,pWaxi4H2xPU,00017,0,pretrain,o3oDpCb7VqI,00046,-8.742476264271552,8.128
train,pretrain,d5wfMNNr3ak,00004,0,pretrain,W4LYn4mIP18,00019,0.397743175430449,4.608
train,trainval,Mr8nvXvlSy8,50014,0,pretrain,0HYakD8XQ88,00004,5.237162038532793,4.16
train,pretrain,8dSDMQNoikU,00010,0,pretrain,UxLRv0FEndM,00007,7.585519172717781,12.8
train,pretrain,uSMqkSqSgN4,00011,0,pretrain,T9nFC6dkRxU,00015,7.329488823499805,10.048
train,pretrain,Eo9bb3U9wPs,00001,0,pretrain,WNTk29zXl4A,00029,9.18556102756219,5.568
train,trainval,cPL2FE7ZPTg,50004,0,pretrain,akOe5SUsQ2o,00036,-2.4671149975369104,4.16
train,pretrain,nx3GuO41Jyg,00023,0,pretrain,nDIdnlJHJCQ,00009,-8.674134377878445,7.104
train,pretrain,cMhPOiuDzBc,00014,0,pretrain,S9ry1M7JlyE,00002,-1.6032914301442638,3.456
train,pretrain,eS44GSkE8lE,00002,0,pretrain,GRcvxDVDLCw,00013,2.047437488772612,6.016
train,pretrain,wYCSHKl4RPU,00026,0,pretrain,8aSUUhW7SHU,00003,4.869692089113505,9.984
train,pretrain,PGsQwAu3PzU,00049,0,pretrain,ZBWsmoy5Re4,00048,6.8002483919214605,8.576
train,pretrain,l5ZJ6bK1EIc,00005,0,pretrain,kpfsQbFV5SU,00009,1.2851181256254662,7.872
train,pretrain,4jUdCy6Vghw,00005,0,pretrain,raCIUeGUr3s,00047,-9.573665902017613,5.12
train,pretrain,iKEtQSzz4GA,00013,0,pretrain,CFADnhYKDHg,00032,6.77961871352495,5.568
train,pretrain,F2dFiK3wkRA,00002,0,pretrain,i7Ssa6UEpUQ,00019,5.959042418773098,6.592
train,pretrain,EBebWBjpWIQ,00017,0,trainval,hJZ0pAoxksE,50008,6.280801992630558,2.048
train,pretrain,TFvkq4BAvnw,00021,0,pretrain,7icexlbjQnE,00008,5.539933999860928,4.16
train,pretrain,ofsncCF9OSU,00064,0,pretrain,Zctk6MZaxMk,00032,-1.7870153725452997,3.84
train,pretrain,KIysMV9wbVY,00013,0,trainval,1G8dQQrlbbA,50001,7.917526627900948,2.496
train,pretrain,l1fodZNF1GI,00008,0,pretrain,syqScVtnKuU,00003,4.288807368232703,2.688
train,pretrain,CBJMFvcR8PQ,00019,0,pretrain,xNiBDGBw4Zs,00018,2.52528805103643,6.272
train,pretrain,exjlR7izakg,00011,0,pretrain,UpkAqPEcMyE,00002,2.0104189657986424,5.248
train,trainval,u2V0vOFexY4,50007,0,pretrain,2lJvr5UL2pQ,00018,-0.3577908001117649,4.224
train,pretrain,quJdL9ggETI,00032,0,pretrain,79zra755WgA,00012,4.230312064061863,9.28
train,pretrain,M3mnUMmUAHQ,00007,0,pretrain,V1qHNrQQHZI,00015,1.59716662881225,10.624
train,pretrain,dvuh1Np35Pk,00026,0,pretrain,mpqrO2agOTs,00011,-7.467800226665462,15.616
train,pretrain,ISSupr6ayqw,00026,0,pretrain,0qYTf9evWeY,00035,9.543802798321252,8.832
train,pretrain,QLBtr2rOFkI,00005,0,pretrain,ErexJkoDhGI,00052,6.29532819441161,5.056
train,pretrain,ws4GZvNeQhQ,00034,0,pretrain,jSOPQgPIdKg,00008,-5.894967633921051,8.0
train,pretrain,5iqZzi9mj4M,00021,0,pretrain,BnC6IABJXOI,00043,3.846864477514549,5.44
train,pretrain,3q3WOrs8kAM,00002,0,pretrain,tJ54irRmdC0,00015,1.0320658147285133,14.336
train,pretrain,HCJRXoYOoaI,00021,0,pretrain,pj2YxCAnqx0,00022,6.882562614244222,4.736
train,pretrain,rgPrf3YyByI,00004,0,pretrain,stBSQ6CagVo,00004,3.70559126328083,6.272
train,pretrain,G1Ke6JIZyX4,00012,0,pretrain,KQEWc3LVfyc,00005,8.073386483161926,3.968
train,trainval,2NENlXsW4pM,50003,0,pretrain,7W8OJgeYy1w,00008,-0.3081736724306623,2.112
train,pretrain,LMrzdkSYnYY,00040,0,pretrain,NXfYNdapq3Q,00017,-7.112499693988148,8.32
train,pretrain,2G0wQfUl9EU,00010,0,trainval,jSSqQDPGW2k,50001,-8.346777301393116,2.88
train,pretrain,PYSkd46RfVE,00022,0,pretrain,IvtZBUSplr4,00032,-7.490702145670058,8.32
train,pretrain,uVAaZVz9pDs,00059,0,pretrain,eaelI0u4Sz0,00006,-3.5428927164431094,4.288
train,pretrain,bEdvQjTGYP8,00009,0,pretrain,IL2lb9fmIV8,00012,-3.650298765634961,4.928
train,pretrain,NR33yerZgso,00001,0,pretrain,2wu28tI9VkM,00008,-7.861725776942954,9.792
train,pretrain,GkRn9Lp16UI,00026,0,trainval,OmMv9tShW8k,50001,8.96004957506641,5.888
train,pretrain,nC06omDS0kA,00018,0,pretrain,K74JqctvM2g,00008,9.657473420464651,9.6
train,pretrain,h0C2LPXaEW4,00011,0,pretrain,yyW9W3e9VD0,00019,-4.15059581145435,14.272
train,pretrain,OLHh9E5ilZ4,00002,0,pretrain,Kc0Kthyo0hU,00002,-1.3722662182532162,5.12
train,pretrain,C74amJRp730,00015,0,pretrain,Xe2nlti47kA,00028,-9.693461778576086,2.88
train,pretrain,5qdZybHSLnI,00025,0,pretrain,y8qc8Aa3weE,00017,-1.3534546535856613,4.224
train,trainval,7p4zw4SqgUw,50001,0,pretrain,y3jYVe1RGaU,00030,2.180687304046547,6.016
train,trainval,Q0Uo05JoZQo,50001,0,trainval,Xv2gHiX9Bqw,50011,7.996136210614747,5.952
train,pretrain,KExLCJAuTXA,00010,0,pretrain,8MpXRkmeDhk,00003,-1.465670441298375,9.664
train,pretrain,7W8OJgeYy1w,00021,0,trainval,QbxinUJcLGg,50002,-7.107280858734477,2.24
train,pretrain,sYUjyH8Y0No,00039,0,pretrain,dOOtM7ZpAS8,00023,0.6644881107532026,14.528
train,pretrain,bfAzi6D5FpM,00046,0,pretrain,pSCefSAYqaA,00036,1.552726861238325,8.768
train,trainval,v3SZTqj2Skw,50005,0,pretrain,phUUjkSbtiY,00019,6.166896508069815,6.08
train,pretrain,F2dFiK3wkRA,00005,0,trainval,855Now8h5Rs,50016,1.7122940624049203,2.816
train,trainval,JeHqgambbcI,50002,0,pretrain,f8U2GwInI9o,00026,-7.10215594042928,2.432
train,pretrain,v9dEgXR1iWE,00030,0,trainval,uNQujCwCu88,50006,0.1461262951715092,6.208
train,pretrain,LizFrxTK5Qo,00012,0,pretrain,kTz52RWSbD0,00031,3.376076286295916,14.464
train,pretrain,tRjqFPwcJgY,00002,0,pretrain,tj2jeYqfLuA,00019,-9.290472661825959,4.288
train,pretrain,CHxhjDPKfbY,00025,0,pretrain,pDsAqCEo5CY,00011,6.641451481781964,5.12
train,pretrain,sAQfzHBpRsc,00004,0,pretrain,LiyaSr5aeho,00013,7.146206207521502,6.656
train,trainval,1BfMMoLYMlg,50002,0,pretrain,0ygtX2nyexo,00003,-0.8465109944291527,2.048
train,pretrain,Sid0oc0w3mQ,00001,0,pretrain,6StqiaPoS2U,00008,-0.8461026084340322,5.568
train,pretrain,SYpHNImNsx8,00005,0,pretrain,ljqra3BcqWM,00016,-7.375992328378469,9.088
train,trainval,N37x4GgDVBM,50018,0,pretrain,SVB39Jo8mAQ,00018,-8.961946785951366,4.288
train,pretrain,mguvTfAw4wk,00011,0,pretrain,G6dfUFgKmN4,00037,-6.109442873487714,6.336
train,pretrain,lxovD2LQVUQ,00011,0,pretrain,ty5QtslaAHM,00017,2.212514598857883,11.072
train,pretrain,ScFWnnQF7A8,00018,0,pretrain,XzDNfLnUOYY,00001,-9.76429340719025,9.728
train,pretrain,khRkIVPa1Vc,00028,0,pretrain,Ctz4E2ARkCg,00023,-3.5828271883549023,5.12
train,trainval,5K57kcs15DY,50029,0,pretrain,05jJodDVJRQ,00013,-6.632395950229901,6.016
train,pretrain,nq0SzGzSc8g,00003,0,pretrain,GsqiJqMFcvM,00001,2.0213692957282774,7.296
train,trainval,9KaMufF0rAY,50002,0,trainval,56WGgJNBRxQ,50016,-1.3133418456930261,2.816
train,pretrain,vbHkhSfaQu8,00044,0,pretrain,V7zMFJbBsD0,00003,8.35720632293383,4.608
train,pretrain,EKSF037iji0,00006,0,pretrain,nCwwVjPNloY,00016,4.474509758501284,5.376
train,pretrain,7Gp08e63q5c,00001,0,trainval,zeSVMG4GkeQ,50001,-7.292006533498048,2.112
train,pretrain,yXTtHmj1sr0,00006,0,pretrain,KCL8NjN7FMQ,00044,2.3424929239860237,7.296
train,pretrain,6qTfX4U6CS0,00013,0,pretrain,RxmzCJug9HE,00011,1.574192308253945,3.52
train,pretrain,golS4kh8ETY,00011,0,pretrain,PS2h8hSFphs,00012,1.6371892213781472,6.08
train,pretrain,oAl82gFMZis,00025,0,pretrain,RsiLLNziScM,00024,6.716142651385162,4.736
train,pretrain,K74JqctvM2g,00007,0,pretrain,CMeRySbMXDU,00001,-0.1939569590080623,11.456
train,pretrain,VMwjscSCcf0,00031,0,pretrain,jn0Ygp7pMbA,00021,6.295904931556507,3.136
train,pretrain,KCL8NjN7FMQ,00011,0,pretrain,8S66QUJk3w4,00003,-2.883580351877246,6.208
train,pretrain,N9HF8mMe2pU,00035,0,pretrain,7JVTirBEfho,00034,-9.199163736614913,5.248
train,pretrain,AhKevstJyrc,00031,0,pretrain,3LmjSv8N8hE,00003,3.182918404549378,3.328
train,pretrain,BpxVIwCbBK0,00005,0,pretrain,3XDdhbrg2kw,00025,-9.550093775375224,5.888
train,pretrain,ErexJkoDhGI,00029,0,pretrain,SABC5U4MvTI,00015,4.954942023357059,4.608
train,pretrain,SeJwaOCYWwM,00010,0,pretrain,B1dkma6GRZo,00039,-1.0721787603350705,4.8
train,pretrain,fbeFn1Xcqo4,00044,0,pretrain,drv3BP0Fdi8,00011,7.2303434402745665,2.56
train,pretrain,86xSuStz0MA,00054,0,pretrain,t1ZSoufuQg4,00009,-8.7521630946712,12.864
train,pretrain,4Z75ASJMBx4,00029,0,pretrain,EYgoqiX15Rw,00003,3.7464304168351283,6.016
train,pretrain,fSOupkS4VVo,00004,0,pretrain,UUkAGboDMwI,00019,1.1264174117696015,9.728
train,pretrain,2zvjW9arAZ0,00029,0,pretrain,BepU74BYOtg,00005,-6.34273997482139,6.656
train,pretrain,STsOdmkH5fI,00023,0,pretrain,xEtXItg9hEE,00011,5.807036685929827,6.72
train,trainval,AoAbPIbGLUo,50008,0,pretrain,MLU7qcMYKO8,00018,5.285592207014469,2.112
train,pretrain,9VXOknUbzBM,00012,0,trainval,cf3zxHuSM2Y,50003,3.90181048536488,3.136
train,pretrain,mWfCqsFP05A,00005,0,pretrain,X1DlJpPqDFo,00007,5.911207915933987,4.224
train,pretrain,iTdZn78u6pI,00006,0,pretrain,QijH4UAqGD8,00028,-5.354259142415449,5.376
train,pretrain,rGaj2VImQec,00018,0,pretrain,pVQdpofMhwU,00020,3.061008516570425,5.952
train,pretrain,iueVZJVEmEs,00035,0,pretrain,dQijrruP9c4,00046,7.933674293580239,5.696
train,pretrain,ouXGIw7gBmk,00043,0,pretrain,BQnOTJH3w4s,00016,3.2577690520901808,4.864
train,pretrain,P8GCjrDWWUM,00035,0,trainval,Erm4vP1vTn8,50002,9.159944642157026,6.016
train,trainval,vzKA1y3cdYI,50054,0,pretrain,8gSAkUOElsg,00032,-4.489828479183253,4.992
train,pretrain,ts5MKtXNpMQ,00015,0,pretrain,WNDWYW4yWEM,00004,7.116341162816042,8.768
train,trainval,8t987Lxt1t4,50001,0,pretrain,vC1uxXvPG0Q,00029,-7.002556305681318,6.144
train,pretrain,HbQZ7jAvgoI,00001,0,pretrain,mlrB6npbwVQ,00016,-8.839712375044595,4.032
train,pretrain,NZspSEdO2Xk,00056,0,trainval,om6SewSRwtU,50049,-5.715411822783938,4.8
train,pretrain,rhvunJPNmPE,00002,0,pretrain,GjYt5uQPu8o,00015,-2.7358449982479405,5.76
train,pretrain,Wai4ub90stQ,00022,0,trainval,70uaS1e9YN0,50004,-4.0106684701608035,2.752
train,pretrain,eJnlgDUcxOQ,00023,0,pretrain,ukgnU2aXM2c,00004,-0.44522506176491916,4.032
train,pretrain,mkdSXHXhCcw,00051,0,pretrain,cnDEVgxD6QQ,00003,4.700896087483102,3.2
train,pretrain,oXbhTHaMwTw,00017,0,trainval,5OISkgjSjkA,50026,-7.792012527461603,2.496
train,pretrain,CtvIX4s1bTU,00001,0,pretrain,OOG65rSM5fA,00009,-6.0022627592596445,6.208
train,pretrain,YkzwHuf6C2U,00032,0,pretrain,Wtp7R97jz5k,00008,-3.014834189805806,4.928
train,pretrain,M1o3FS0awtk,00027,0,pretrain,lPtPG2lAmm4,00003,0.7226230994742906,11.712
train,pretrain,ZhDgwrKSBWQ,00014,0,pretrain,boSGZ3qSAys,00032,8.329429099095965,7.36
train,trainval,sNV4yIyXXX0,50030,0,pretrain,Ytw0I6ytRto,00002,-7.485681191009754,2.368
train,pretrain,fwYS1jyEzmU,00003,0,pretrain,YhpMSjbVopo,00007,9.828082907817492,6.208
train,pretrain,7JVTirBEfho,00013,0,pretrain,USmTQeKRaP4,00018,-7.605448699839428,10.56
train,pretrain,NcmxEPOQQzg,00017,0,pretrain,ac1mOswXxLs,00009,7.180008555358054,13.888
train,pretrain,SfQVotsYV0Q,00023,0,pretrain,dk60sYrU2RU,00042,8.524801821200832,5.248
train,pretrain,risdUQ3dvrk,00001,0,pretrain,n34IjfcF1Yg,00011,-5.998280716564817,9.856
train,pretrain,yzm4gpAKrBk,00014,0,pretrain,hxJ8LELZCjo,00013,-8.139284973749021,8.32
train,pretrain,XRWTyUVh0BQ,00004,0,pretrain,arj7oStGLkU,00029,0.6694367872289639,7.104
train,trainval,Mgbf3cq7lms,50051,0,pretrain,sEOSCziWuP8,00003,-4.488971470372984,5.248
train,pretrain,8LQhhYgjlJ0,00005,0,trainval,0ygtX2nyexo,50030,-9.291483558264078,5.696
train,pretrain,BURbLmQL1BE,00004,0,pretrain,eZgSGgToBEE,00001,7.739722377264602,8.128
train,pretrain,5nys6iebjHw,00057,0,pretrain,RBElFl1aLtI,00008,0.9591290627346609,5.248
train,pretrain,JaFSfq2Zn7I,00011,0,pretrain,FcecqQkyKoM,00012,-8.65190226291203,6.976
train,pretrain,BsVzjd5HS9Y,00001,0,pretrain,gjq2BoAF0JA,00005,0.364772953620804,9.152
train,pretrain,ScFWnnQF7A8,00006,0,pretrain,ywgdCrcx6oM,00005,3.5885776440663655,3.392
train,pretrain,bTE0MRRXNzs,00013,0,pretrain,wDxjss7kHRw,00024,6.542310905563248,16.576
train,pretrain,G2Y6Am46eVU,00002,0,pretrain,BSiNIZ6zZqY,00002,-4.735895108274728,8.512
train,pretrain,5LrThfSBeq0,00034,0,pretrain,UwtYQFSJSQc,00004,0.29754117280026904,6.208
train,pretrain,iNOE0dZpHcY,00034,0,pretrain,UxYtVyTowQs,00004,8.280414667696814,7.36
train,pretrain,gXvblfSgwg4,00021,0,pretrain,3yfFwDq4R5M,00020,8.461756074324953,12.8
train,pretrain,kmNxhFFZWpM,00009,0,pretrain,3DsHHfu4Sco,00011,4.642809160821448,11.328
train,pretrain,YKACzIrog24,00008,0,trainval,u1SdYypojbE,50005,2.620045325360339,6.144
train,pretrain,OISOhvOumT0,00022,0,pretrain,uWfLwKHSEko,00013,-6.876964861030233,6.656
train,pretrain,oIGBBPspTKM,00018,0,pretrain,tSN0n2yqIJI,00010,-5.150261064331769,9.28
train,pretrain,KQEWc3LVfyc,00062,0,pretrain,A9kQBAH1nK4,00011,-6.237605817491687,7.296
train,pretrain,8HplGZBS7FY,00001,0,pretrain,OLHh9E5ilZ4,00034,2.1568528794773982,4.096
train,pretrain,MDL85fzdc1g,00006,0,pretrain,0SUTgoPUTLQ,00006,1.1682623708519237,4.928
train,pretrain,JiwZQNYlGQI,00040,0,pretrain,MLvwTlbj1Y8,00026,5.419560679240519,12.544
train,pretrain,acikxzM6GaY,00018,0,pretrain,9SQYDFiWnSs,00033,-8.152324929480056,15.36
train,pretrain,SgsbNR2pIts,00014,0,pretrain,6tSlMoMNSlY,00012,7.53647170916598,2.816
train,pretrain,5qdZybHSLnI,00001,0,pretrain,SResvScvMkE,00001,-3.255834401673643,10.88
train,pretrain,C44r6knuJtU,00009,0,pretrain,cnQFvrWDYsU,00003,-9.679340904861078,3.776
train,pretrain,lfykytI3A6k,00032,0,pretrain,qQIwTWJSd2I,00006,0.5247225099732251,17.472
train,pretrain,6lFvXTxgokY,00002,0,pretrain,VLe84OkwKOA,00019,9.139059428523705,9.6
train,pretrain,ppZ2WIlRvR8,00022,0,pretrain,cQl6jUjFjp4,00023,-4.626743368012702,10.816
train,pretrain,EfXidZmAW1s,00017,0,pretrain,RGCVyI7x1kA,00005,-9.650883161139102,4.16
train,pretrain,eRQdAOrqvGg,00033,0,pretrain,FdHJw0veVNY,00032,5.303603281150309,9.856
train,pretrain,lDq9SQxvsNU,00009,0,pretrain,JaFSfq2Zn7I,00051,-5.318109484572839,8.064
train,trainval,mxmT10Hk8IM,50003,0,pretrain,KzeQSZ3bQ2g,00016,-9.905268668278746,4.288
train,pretrain,gMNlRovT5x4,00017,0,trainval,6ydYeyNSQVY,50003,-9.523607284947314,2.944
train,pretrain,RKK7wGAYP6k,00018,0,trainval,uYyvbgINZkQ,50002,5.354482998124116,2.112
train,pretrain,30KJRb4MzSg,00025,0,pretrain,abMQhaMdQu0,00016,-8.666882483083526,8.768
train,pretrain,lw3YTbubyjI,00004,0,pretrain,X1DlJpPqDFo,00017,-3.4223543531577283,8.0
train,pretrain,L7CqpVQDL0E,00007,0,pretrain,2AZwSkHTkCU,00016,-3.832615548171912,29.248
train,pretrain,zvwQXwJyaj0,00037,0,trainval,AyWtIwwEgS0,50005,6.540494454467922,3.52
train,pretrain,SS3qnZrVy9o,00032,0,pretrain,ImmtTHYU5GQ,00023,-8.651312230002993,10.688
train,pretrain,kTqgiF4HmgQ,00001,0,pretrain,wfW3aZCFfLA,00054,3.008941000286857,15.488
train,pretrain,cplaWsiu7Yg,00003,0,pretrain,3qRtDnsnSwk,00005,-7.244962386434228,4.352
train,pretrain,UWKvpFZJwcE,00024,0,trainval,ilMwoEdqMTs,50010,7.586989563777937,3.904
train,pretrain,bX32UShfri4,00024,0,pretrain,SRKgDP1YPUo,00006,6.311493903760365,4.608
train,pretrain,FEeTLopLkEo,00005,0,pretrain,VcMyX5R4dzs,00026,-8.21592980082761,4.416
train,pretrain,ppRtQCAbzPk,00014,0,pretrain,7sxpKhIbr0E,00028,-9.119341154345712,11.072
train,trainval,HirySSCYiwI,50005,0,pretrain,xY7kVVS2HVY,00004,6.0966333410266635,3.2
train,pretrain,36m1oStM05g,00021,0,pretrain,CfqO1U6lfDs,00020,-8.904992890125305,5.12
train,pretrain,nzUds0TIQMY,00003,0,pretrain,5QTjSH1KGlY,00009,2.683282272170331,12.48
train,trainval,PDefVd8DRxM,50002,0,pretrain,3E7hkPZSHTk,00032,1.3540527599238583,5.248
train,pretrain,FuahzV12mi0,00007,0,pretrain,nQcgD5DpVlQ,00010,-2.4007738946922004,4.672
train,trainval,sFIDCtRXSSo,50001,0,pretrain,bbFF5n7S930,00011,7.835699402256424,6.016
train,pretrain,qGSYmIPFO68,00014,0,pretrain,n8eyF4UWG38,00008,-2.369380138429209,4.224
train,pretrain,tqf607N19Is,00014,0,pretrain,4KhnSz9FPmU,00019,6.047662839737718,13.44
train,trainval,XMSQKG70a5s,50013,0,pretrain,j8T3bdqTdp4,00007,6.613516893811848,5.44
train,trainval,gh5VhaicC6g,50019,0,pretrain,4l3Kj3hVSVY,00011,8.559258358131402,2.176
train,pretrain,IRVdiHu1VCc,00091,0,pretrain,b6rAgHcuYtE,00023,-6.789948870771871,9.408
train,pretrain,S2OzLREwHtI,00018,0,pretrain,EiTrl0W1QrM,00053,-6.113001651933951,6.144
train,pretrain,3gSSNHO1dDs,00022,0,pretrain,fJ36gCwKVec,00007,7.84050227375846,7.168
train,pretrain,ELET24AHnEg,00025,0,pretrain,P6w7Eq7YhL8,00024,9.47029922378681,2.688
train,pretrain,iARReKKgETs,00015,0,pretrain,H2rG4Dg6xyI,00020,-7.802353804703166,7.744
train,pretrain,7W8OJgeYy1w,00002,0,pretrain,gZlzCc57qX4,00013,0.5471968747093179,7.872
train,pretrain,Oe1cDSPfbh8,00011,0,pretrain,2dRlssVF7fc,00012,3.0140994449464635,5.184
train,pretrain,QJORi5VO1F8,00004,0,pretrain,LMrzdkSYnYY,00026,-9.398578264390306,6.208
train,pretrain,B5MkpzMAOZM,00036,0,pretrain,tAReayFqUEY,00016,3.066543432393754,4.416
train,trainval,r9DDE7NV1Nw,50025,0,pretrain,KVjkFqS7Y6A,00014,-7.566982789308905,4.864
train,pretrain,AOEQ9GteWbg,00032,0,pretrain,lXNE4MD2X2w,00028,-2.9702729670396355,6.4
train,pretrain,4ef6KJ7vfIw,00034,0,trainval,stAstsOxLPc,50011,-3.5965197974567698,2.24
train,pretrain,b81YwSOs8RM,00004,0,pretrain,ueOqYebVhtc,00015,-4.275959813201196,4.416
train,trainval,NiMgOklgeos,50003,0,trainval,S4rBC2lRmY0,50002,-4.807302791855943,5.376
train,pretrain,cQgSjnOfHPQ,00012,0,pretrain,fgfQLTIhi1U,00023,5.002542924659366,7.68
train,pretrain,QBDShp6U7tU,00029,0,pretrain,mRgSUwk1hnE,00003,-9.120610428371009,2.816
train,trainval,S2OzLREwHtI,50012,0,pretrain,VfKWd7iXMSo,00010,1.4102597689272933,3.264
train,pretrain,SyjbDUP1o0g,00001,0,pretrain,UVqoIgh7bcw,00022,9.99382026376924,7.68
train,pretrain,HNMQSw7hXTA,00010,0,pretrain,LMrzdkSYnYY,00038,4.383610377037783,4.288
train,pretrain,iUbfRzxNy20,00013,0,pretrain,d0LQCXCiW8g,00019,-7.7312244826274235,6.016
train,trainval,YL1XwfyaS00,50020,0,pretrain,mGbMwP8MDjg,00026,0.15780741574867108,3.2
train,pretrain,d38LKbYfWrs,00008,0,pretrain,8COaMKbNrX0,00024,3.7218070841160245,7.424
train,pretrain,jodhovumkHQ,00016,0,pretrain,HS8y0WLm78U,00009,-3.3646218295125685,4.096
train,pretrain,HDjM5lw8OYo,00030,0,pretrain,HyZV8Ql1PI0,00002,-8.06135688778594,6.208
train,pretrain,SjaWs87t5UM,00037,0,pretrain,rtsHUeKnkC8,00007,-0.5512021151028073,15.296
train,pretrain,2dRlssVF7fc,00020,0,pretrain,j4yCdGB2NG4,00010,-4.954444765517034,6.08
train,pretrain,6k8YBJ5sgko,00020,0,pretrain,q06YIWCR2Js,00014,-9.076158934565203,7.232
train,pretrain,yq3TQoMjXTw,00033,0,pretrain,dwU8eavPInw,00066,7.496204855352278,11.52
train,pretrain,SY78HMlWo6k,00016,0,pretrain,gzcwS02ZB1o,00011,4.734871177690422,17.28
train,pretrain,deT1mILtFEY,00018,0,pretrain,V48M5jS6zdE,00005,4.897373260053957,4.032
train,pretrain,CPVjktgYKo4,00014,0,pretrain,H3TFShI7zKc,00026,0.90550299759472,6.976
train,pretrain,yVwAodrjZMY,00033,0,trainval,uM1Ygy0tSp0,50013,-1.8737854590740959,4.544
train,pretrain,enW2OUGzqtQ,00022,0,pretrain,EXo3qA9V3eI,00020,3.2724702035824684,16.448
train,pretrain,5UH7uTpTa44,00023,0,pretrain,kNhyOYv2ejw,00007,-7.922694183166696,8.0
train,pretrain,VGUnvr6ImOo,00023,0,pretrain,Sb2qXygFm8U,00008,6.393647449127183,3.968
train,pretrain,ws4GZvNeQhQ,00026,0,pretrain,U5kIdtMJGc8,00042,0.683825575104466,4.352
train,pretrain,9E3a0HSXcSg,00007,0,pretrain,CHxhjDPKfbY,00005,-9.838018932487994,5.248
train,pretrain,VCRcGKpjWtU,00010,0,pretrain,hfznpykprP0,00048,8.157745408436366,10.496
train,pretrain,FI8c14giiWQ,00012,0,pretrain,uSUOduS5MPc,00034,-6.788683721937588,10.816
train,pretrain,9H38oQBw2HU,00014,0,pretrain,S6BLFdBfgfU,00025,9.277324792447608,6.08
train,trainval,iOByGJskqks,50008,0,pretrain,yzm4gpAKrBk,00023,-7.522125727622704,4.416
train,pretrain,gMNlRovT5x4,00015,0,pretrain,DG7kSeazMQ4,00045,-8.470742118334257,4.416
train,trainval,rToBZSrxjgM,50001,0,pretrain,sHdYaMyR5S8,00011,-8.397996121875885,3.328
train,pretrain,b64qvG2Jgro,00006,0,trainval,LlQXs0yofMs,50006,9.223208301218609,2.048
train,trainval,80GqbW1MmQM,50006,0,pretrain,SgYvy71CSSA,00044,7.036409895440766,5.696
train,pretrain,W4LYn4mIP18,00019,0,trainval,GP4sBGbeF8w,50005,5.541677252591125,4.608
train,pretrain,xnovQVRHj5c,00042,0,pretrain,IjHlyKTSUug,00017,5.47284116535022,11.2
train,pretrain,WyOSqjIABe0,00012,0,pretrain,S6cX2p5cBVg,00034,-0.9285863136552468,5.12
train,pretrain,Sx1qkuvUxuI,00038,0,trainval,0bop3D7SdDM,50006,-8.18015009507924,2.688
train,pretrain,LMrzdkSYnYY,00043,0,pretrain,lYdk1NK9Sr0,00012,-5.147455658744507,4.48
train,pretrain,EvEj5zAJriw,00008,0,pretrain,Urk3xn7l3AM,00013,-3.515481997819747,7.808
train,pretrain,fCKNScHMBGE,00025,0,pretrain,150cqgYh8sQ,00030,-7.278731360200352,14.976
train,trainval,5aLiFw8CSEA,50004,0,pretrain,OSz2v42F0E0,00005,-9.60397637227427,2.24
train,pretrain,tpKWHSsBpnE,00010,0,trainval,HALd9FY5SVQ,50019,-6.7677962521863355,2.496
train,pretrain,gto6w0a13B0,00037,0,trainval,2j00U6lUCSc,50016,7.255090076291641,4.48
train,pretrain,d0yGdNEWdn0,00001,0,pretrain,lbIh6yngKHo,00019,-0.002708702031551269,8.896
train,pretrain,2tCcoSRZqVY,00006,0,trainval,Mgbf3cq7lms,50031,3.9514748713434003,5.568
train,pretrain,BnC6IABJXOI,00033,0,pretrain,zIwLWfaAgS8,00003,3.9291872969234927,4.8
train,trainval,7DLzXAjscXk,50058,0,pretrain,hyHUVPG33QI,00008,-2.221131589597065,4.928
train,pretrain,UMSWdzT6rV8,00017,0,pretrain,aSLSiIskEFU,00046,-9.725796726806259,7.936
train,pretrain,rrkrvAUbU9Y,00028,0,trainval,BPMrcY9z0nM,50005,-9.459948309877744,5.248
train,pretrain,hvStFIuhD8E,00020,0,pretrain,5aLiFw8CSEA,00026,-8.071039531753774,7.552
train,trainval,rGgoCm1hofM,50001,0,trainval,5tzEpqDtaPE,50006,-9.63125258224428,5.888
train,pretrain,IOzdXNXzDqE,00012,0,pretrain,j8T3bdqTdp4,00018,-8.601804436351145,10.112
train,pretrain,EXo3qA9V3eI,00027,0,pretrain,7jx0dTYUO5E,00013,5.108524208197034,7.296
train,pretrain,NXvITqGAiX8,00014,0,trainval,wAdwurHhvSI,50002,-9.683291441285482,2.24
train,trainval,UQniNhS6LOY,50010,0,trainval,NhYnouvrGS8,50016,5.524366566615626,4.16
train,pretrain,E6atIJ8RDzU,00008,0,pretrain,eNDhBSR1DZ0,00014,1.3897341613842258,3.328
train,trainval,nUdsTizSxSI,50021,0,trainval,gZpcTVqpaPw,50005,4.537329872662287,3.264
train,pretrain,2OlhCITl1J4,00017,0,pretrain,ZChEFOGSn8Q,00022,-3.325493059705938,4.8
train,pretrain,k5hspA18IU0,00002,0,pretrain,UROCz70tlMY,00032,-1.459690716784154,5.184
train,trainval,pMNxSROBwrg,50001,0,pretrain,W4LYn4mIP18,00017,7.612906785435911,2.368
train,trainval,h0C2LPXaEW4,50023,0,pretrain,2j00U6lUCSc,00028,3.144923348990641,5.696
train,pretrain,rRxdxIbSQbY,00021,0,pretrain,CWU13rx44j8,00024,4.66031613974935,14.912
train,pretrain,tMSU6k5SWXg,00016,0,pretrain,QPC5SP2SFu8,00007,1.330370501795466,4.288
train,pretrain,jguSkEMwrcc,00002,0,pretrain,imhUmLtlZpw,00025,1.2335630400189501,6.784
train,pretrain,2zvjW9arAZ0,00021,0,pretrain,VL5zqmpiJlQ,00012,-2.20670889381521,9.088
train,pretrain,XzDNfLnUOYY,00005,0,pretrain,HpiZTvlWx2g,00003,5.295762108045267,6.016
train,pretrain,uuwgtX2zU9Q,00004,0,pretrain,QOSPNVunyFQ,00032,5.6529940799916645,5.376
train,trainval,2JSZ66uMRwc,50014,0,pretrain,t5dSmG8SI34,00023,0.027783104553238402,3.456
train,trainval,Yr0eW6PbmOs,50002,0,pretrain,VGpZ06RlVfI,00020,-4.048477282907372,6.08
train,pretrain,H682jmofwZs,00015,0,pretrain,HBUoaf8vwJ4,00004,-8.299048980885829,3.776
train,pretrain,HTf7Ziklcms,00020,0,pretrain,JSswZaKN2Ic,00008,6.187743029348731,12.032
train,pretrain,ywgdCrcx6oM,00002,0,pretrain,0hzSUUdTDUA,00001,-8.726683160635904,10.176
train,pretrain,Lh9lDWPMWrM,00011,0,pretrain,SltDJynTduY,00002,9.899640048084606,7.04
train,trainval,kOPMqiKhoSc,50014,0,pretrain,JRHzQG0aI8w,00003,8.107179589681209,3.712
train,pretrain,6k8YBJ5sgko,00007,0,pretrain,wtvhqeVoeqI,00031,9.558850753749468,3.584
train,trainval,ysln0YyjUok,50004,0,pretrain,1yzoCFqKEhI,00018,9.088381254978252,3.648
train,pretrain,0kPu6eKpja8,00004,0,trainval,JSswZaKN2Ic,50001,7.424619704587997,2.688
train,pretrain,dY9f9bFctUE,00035,0,pretrain,syjEN3peCJw,00054,8.520389632569671,7.36
train,pretrain,y2yka9lyvMA,00009,0,pretrain,jxKUDXrtDFI,00002,-7.1800414986564025,6.528
train,pretrain,lzSkIDxbzGA,00022,0,pretrain,rufeSSlZJg8,00007,-4.126461335600733,3.712
train,pretrain,sADyyrVqDVY,00001,0,pretrain,YguBSkeZ4Tk,00002,7.3153891557707205,8.768
train,pretrain,Kk7kzUt3SLc,00025,0,trainval,n4EhJ898rSk,50006,5.957923834101123,2.624
train,pretrain,5tUnSuoYKoE,00065,0,pretrain,RxmzCJug9HE,00008,-9.560582450900267,5.888
train,pretrain,qbeLy3Dkay4,00013,0,pretrain,m048uAa8L3k,00026,3.1172236406606064,3.968
train,pretrain,eJ89At9Xxws,00002,0,pretrain,LgBjU8ovWh0,00003,-7.112008075777229,7.808
train,pretrain,itnoDEL5QjQ,00011,0,trainval,WkNpElapS9s,50002,9.704967903375557,2.816
train,pretrain,6rcvWcRMuzs,00034,0,pretrain,jgnqlZUI4n8,00021,8.871875418780732,4.096
train,trainval,YO0lbdhF30g,50013,0,pretrain,Qzmt2wQMhYo,00018,-8.183387625234088,3.776
train,pretrain,2Hen0zqMA7M,00002,0,pretrain,xzT6iH2CX4k,00020,-4.198913922288517,6.976
train,pretrain,CLSSiaFuLo4,00063,0,pretrain,j51HsRILGKI,00017,7.490316437967678,6.848
train,pretrain,ZVRbSuY3h9w,00007,0,pretrain,b28brIs1OmM,00014,-9.408934406085878,15.424
train,pretrain,IWjzT2l5C34,00021,0,trainval,vMwPTI54rqQ,50004,-1.3636901356165616,3.84
train,pretrain,MDL85fzdc1g,00022,0,pretrain,DSbtkLA3GrY,00042,-8.726801172930756,3.968
train,trainval,IDqMB6C1uys,50008,0,pretrain,pcNxS2i7SvQ,00004,-7.823357097343422,6.016
train,pretrain,KP5mzWDH4b8,00007,0,pretrain,VFaQtPw3Va4,00023,-7.79785777990303,14.336
train,pretrain,hBtXiTumdY0,00017,0,trainval,HyZV8Ql1PI0,50010,-9.569504567612768,3.648
train,pretrain,LSn4OF7G9BM,00002,0,pretrain,MvMUMShuMaI,00029,1.03020415619085,3.968
train,trainval,KOtFDsC8JC0,50014,0,pretrain,hscdmpKGqrQ,00011,6.855900652514478,4.608
train,trainval,1rTEOU67zCo,50002,0,pretrain,A47JaOMDH4c,00008,2.559257844786204,5.632
train,pretrain,0sYguTPLpHE,00076,0,pretrain,esPRsTSlmw8,00038,2.4542078420006455,13.248
train,pretrain,CtvIX4s1bTU,00016,0,pretrain,fnS9f5x0f1Q,00003,-2.3687132526955494,6.336
train,pretrain,sY0PfSpfqCI,00018,0,pretrain,XVXmYD0UPRQ,00024,-4.92854611016001,12.48
train,pretrain,U23gPSGhW1w,00012,0,trainval,HALd9FY5SVQ,50003,-1.4168580951067966,3.136
train,pretrain,VLe84OkwKOA,00006,0,pretrain,moS9iMlmsP0,00043,-2.959714046120137,5.888
train,pretrain,nG1oCU0ijP0,00033,0,pretrain,CFtsHf1lVI4,00011,-3.3198422461670285,3.968
train,pretrain,uH0aihGWB8U,00023,0,pretrain,dY7iATJVCso,00001,0.5141967008799337,7.104
train,pretrain,DShPct3oIow,00019,0,pretrain,f8nkcRMZKV4,00002,8.324526133616516,6.72
train,trainval,zbHe4RpgV80,50006,0,trainval,o5ojwGhKr20,50003,6.348110244584145,4.352
train,pretrain,xf8zep5BADs,00006,0,trainval,p49rv25dx0g,50054,-7.695285034987038,4.288
train,pretrain,RxyQNEVOElU,00058,0,pretrain,ZChEFOGSn8Q,00058,1.290239740359361,5.248
train,pretrain,P2SxoBj3daM,00011,0,trainval,Z9dt5qlgO24,50009,0.540499327579111,5.504
train,trainval,KI3WJXNhCJ8,50007,0,pretrain,u1SdYypojbE,00014,-0.9154269468784921,2.112
train,pretrain,DG7kSeazMQ4,00044,0,trainval,UlDWRZ7IYqw,50001,-7.403847979502258,2.816
train,pretrain,zISxg4JhSRk,00004,0,trainval,lcZyzcTS5GU,50003,8.260386740878982,5.44
train,pretrain,80GqbW1MmQM,00028,0,trainval,J6oMG7u9HGE,50053,8.11805422436947,4.16
train,pretrain,kKeUISJko3o,00004,0,pretrain,a2MR5XbJtXU,00060,5.841247504269834,4.48
train,pretrain,o8NPllzkFhE,00027,0,pretrain,NhSTVcNFtVI,00014,-7.3941654789623845,7.808
train,pretrain,ce31WjiVcY0,00025,0,pretrain,vFPkEIGUofc,00001,-4.243066480599378,4.48
train,pretrain,0sYguTPLpHE,00083,0,pretrain,cfR6tiSWSAM,00008,8.558503478141073,3.968
train,pretrain,FD5ZKiSmoMU,00038,0,pretrain,kSxhDZaLyVQ,00012,4.40231766460581,4.864
train,pretrain,2m9kC1yRnLQ,00012,0,pretrain,vSjlCJaEwZE,00040,7.213262958850461,9.536
train,pretrain,h27g5iT0tck,00029,0,pretrain,IKZCw4xdESQ,00020,7.626706398354941,6.528
train,pretrain,CstD6O95LSo,00006,0,pretrain,D1QoyTmeAYw,00009,-8.604035522929344,4.8
train,trainval,eG2X0WRrb88,50005,0,pretrain,RRRDYBwjjU0,00003,9.607377112363267,6.016
train,pretrain,jeOumyTMCI8,00012,0,trainval,aZWxtQ19JsE,50006,-1.1234716219249492,6.016
train,pretrain,8m1X26Auw6Q,00001,0,pretrain,19Hj93IgbeQ,00009,8.294499792257348,5.952
train,pretrain,BGcJXAXSSd0,00008,0,pretrain,Z2Z3P8E0tos,00007,5.823897281882184,15.104
train,pretrain,iCvmsMzlF7o,00032,0,pretrain,ziGD7vQOwl8,00057,-9.701576082841743,4.608
train,pretrain,OJptdCCrcr4,00001,0,trainval,7n9IOH0NvyY,50003,-8.807757139207762,3.008
train,trainval,pz1TDXKSTHc,50002,0,pretrain,CsqSDpmgsQg,00012,3.7969092718667756,3.456
train,pretrain,imaWSTabxOE,00016,0,pretrain,Y2y7BzjbSNo,00012,9.401203661505157,8.512
train,pretrain,UJ7QaCFbizo,00002,0,pretrain,q9Ou0cj3fF8,00042,2.4327646734981485,6.976
train,pretrain,bNpx7gpSqbY,00013,0,trainval,6ydYeyNSQVY,50002,-9.483831950289234,2.496
train,pretrain,ufp5iGh0agA,00011,0,pretrain,2t13Rq4oc7A,00001,9.874357528536905,8.32
train,pretrain,dvuh1Np35Pk,00020,0,pretrain,MEDgtjpycYg,00016,-5.142376338524926,8.448
train,pretrain,2l0sZrrWlrU,00005,0,pretrain,c73Q8oQmwzo,00020,9.565147171939945,6.08
train,pretrain,SGnmDWtyhAs,00008,0,trainval,audakxABYUc,50001,-5.059371199388323,2.496
train,pretrain,1gTNgijhKzw,00029,0,pretrain,wjWSv0IPTSM,00001,-3.000710778773861,6.08
train,pretrain,HQzXqjT0w3k,00037,0,pretrain,gaY4m00wXpw,00002,-4.252180259629819,6.528
train,pretrain,gmSsyvrI2Xw,00003,0,pretrain,Z9dt5qlgO24,00019,5.27910326811889,10.688
train,pretrain,K5PEJPSwt0k,00006,0,pretrain,FD5ZKiSmoMU,00033,2.460089196835762,7.296
train,pretrain,5OISkgjSjkA,00022,0,pretrain,uSTmKo75gJI,00007,8.186595771766633,8.448
train,pretrain,bcSXtB5bQgs,00003,0,pretrain,CHxhjDPKfbY,00025,-0.003031282990503925,2.688
train,pretrain,5RAJvzV9jSo,00025,0,pretrain,3UaOl8SYHes,00003,5.900579597815405,9.024
train,pretrain,7icexlbjQnE,00020,0,pretrain,kZkQBmKf1qg,00002,8.309751596161462,4.16
train,pretrain,XknIGenqHxQ,00003,0,pretrain,kOPMqiKhoSc,00001,1.9432090530509711,14.848
train,pretrain,oPpE0AGqFuk,00031,0,pretrain,IaWeJ8V3pg4,00018,5.582812809955097,6.4
train,pretrain,7hWUhEA6hxk,00028,0,pretrain,EvEj5zAJriw,00010,2.3810085861705854,4.352
train,pretrain,7JsNH7A4qM0,00003,0,pretrain,mwrLVvORugw,00003,0.004544829443570819,6.272
train,pretrain,xlggecnjOY0,00020,0,pretrain,SXKNASvfHWs,00008,7.745571934261232,7.04
train,pretrain,AR6RiSHN7S0,00048,0,pretrain,D5iFVKhLStU,00025,-1.769659734002465,2.176
train,pretrain,qAYqK9lAxic,00023,0,pretrain,4yyPSZSGLOI,00026,-2.9820899263559397,3.904
train,pretrain,sFGWSg7wSuk,00001,0,pretrain,uVAaZVz9pDs,00041,1.7838187157328846,4.608
train,pretrain,jSS03JfgHEA,00010,0,pretrain,v2jSfxnRPSE,00036,-2.997524819837305,4.16
train,trainval,9KaMufF0rAY,50004,0,pretrain,rToBZSrxjgM,00013,9.199206298556966,6.208
train,pretrain,Uq1idqpX9SA,00026,0,pretrain,BJsrYqPtXFM,00028,-3.98670175377198,3.712
train,pretrain,NJ9Iq7ReMDs,00017,0,pretrain,v9dEgXR1iWE,00035,6.531417387941005,12.096
train,pretrain,FzApYQDIXlg,00017,0,pretrain,fLJsdqxnZb0,00001,-1.3876983563127787,10.176
train,pretrain,H03o2WCBoDU,00032,0,pretrain,SMBiP3G2Pzc,00025,4.265194631944411,11.712
train,trainval,3ELnyoso6vI,50005,0,pretrain,w2itwFJCgFQ,00008,7.3928482306524685,4.416
train,pretrain,NwmGTM5Py8Y,00049,0,pretrain,IRxgDMSp9Gs,00033,7.186727786863145,9.792
train,pretrain,AoAbPIbGLUo,00009,0,pretrain,R1vskiVDwl4,00005,6.624954170266463,4.608
train,trainval,O6jrLgvCUNs,50008,0,trainval,VS5CCbyap5Q,50002,-8.03697678770627,2.368
train,pretrain,qL7UlSA6rRk,00017,0,pretrain,xy7SMVCRFbQ,00004,-3.9815048267824427,8.896
train,pretrain,Sj2XrT0QN5A,00024,0,pretrain,19KkFCQz8WQ,00021,-6.308143217319406,4.16
train,pretrain,gLgNjywpKsY,00012,0,trainval,odIvobLv7C4,50002,5.91463382808481,2.176
train,pretrain,nC06omDS0kA,00003,0,pretrain,ydzNAuqUAnc,00023,7.357604131660818,8.768
train,trainval,hgWie9dnssU,50002,0,pretrain,asgdGSGQBgY,00018,6.181228421020567,5.696
train,trainval,DZyaRAVcYuY,50004,0,pretrain,36m1oStM05g,00016,-1.0929086267996997,4.16
train,pretrain,qNvDRuGK84I,00028,0,pretrain,bk65ivyQZy8,00009,-9.602682407199541,10.112
train,trainval,VGpZ06RlVfI,50004,0,pretrain,Af5qUxl1ktI,00002,-1.2759464781567686,3.008
train,pretrain,eRQdAOrqvGg,00042,0,pretrain,qvEU36woPB8,00005,-5.877998013324211,4.736
train,pretrain,JtSjYnXD83Q,00012,0,pretrain,Ftnb2fpJ664,00023,-6.185362028768562,10.048
train,pretrain,y5nbWUOc9tY,00019,0,pretrain,3BgPFIKCaOQ,00003,9.659040192393388,4.352
train,trainval,B4xOFsygwr4,50011,0,pretrain,6JM9JD2iYrk,00004,6.733534540576546,2.624
train,pretrain,SmQadYi4F14,00016,0,pretrain,Sf8j5LFv3nI,00017,-7.452532149221693,15.744
train,pretrain,HSpqhMO3ZSY,00026,0,pretrain,SS6ZojCzNGY,00051,-1.7198992798903205,18.368
train,pretrain,iCvmsMzlF7o,00021,0,pretrain,xYemnKEKx0c,00018,3.904957641215976,12.16
train,pretrain,k5hspA18IU0,00012,0,pretrain,WFImhWa5oUw,00006,8.983725084059873,5.248
train,pretrain,Ligs82S0qN8,00001,0,pretrain,M9pPgIraoOM,00005,1.4787879198182452,3.776
train,pretrain,eMVWSUeeg8A,00010,0,pretrain,z5aAJGNSRHs,00020,-0.9711289198120241,4.928
train,pretrain,LiyaSr5aeho,00009,0,pretrain,PY9DcIMGxMs,00035,2.328775108153618,11.52
train,pretrain,S0hxl03JoA0,00031,0,pretrain,gLdBqrTOQxc,00007,9.85321164710156,6.592
train,pretrain,2Kk9R2rhwlQ,00010,0,pretrain,ts5MKtXNpMQ,00009,0.5933154818115085,7.04
train,pretrain,Y2y7BzjbSNo,00006,0,pretrain,EKSF037iji0,00026,2.354010698767299,5.888
train,pretrain,QJORi5VO1F8,00008,0,trainval,WzDygsn0Djs,50004,7.993959995565856,6.208
train,pretrain,7icexlbjQnE,00011,0,pretrain,sE3gxX5CiW0,00002,6.706722717285526,8.768
train,pretrain,ScFWnnQF7A8,00013,0,pretrain,VohNDqzWP9E,00008,-1.1265447962083819,5.44
train,trainval,G8w4UQL6aI0,50003,0,pretrain,7E9a24Nw6Cg,00021,-0.43529268146773425,3.328
train,trainval,dj4Qk5rUmRw,50001,0,trainval,9VXOknUbzBM,50016,-0.5074089772110604,2.048
train,pretrain,wVGjQSnLg4Y,00027,0,pretrain,XzDNfLnUOYY,00027,-8.487158321639171,5.824
train,trainval,06M8qY7Q74Y,50001,0,pretrain,UoMpbLSFsig,00033,0.47718313347147046,2.176
train,pretrain,ulLFP8axZVQ,00006,0,pretrain,GCOc31fQi7A,00009,-9.830853817201206,10.88
train,pretrain,J6tgYBMXR6s,00051,0,trainval,MpISFKqk0Ew,50006,8.960512566363917,2.88
train,trainval,sLiM2SizFl4,50006,0,trainval,3UaOl8SYHes,50009,-4.485685952503886,2.24
train,pretrain,2L4BSVpvx1A,00025,0,pretrain,pbSSrJGgVIo,00045,8.14223163005806,4.224
train,pretrain,kLIfeGflNp8,00028,0,pretrain,ROXUPr8Wqds,00004,9.17051710686956,3.392
train,pretrain,saXfavo1OQo,00012,0,pretrain,UG2zHhgfAW0,00004,4.211788112239386,5.312
train,pretrain,sPQViNNOAkw,00003,0,pretrain,LZXUR4z2P9w,00039,8.337386226593036,4.032
train,pretrain,yqWJuDBSWm4,00007,0,trainval,mulbSSAULSo,50003,-7.199522765739408,5.568
train,pretrain,lyu7v7nWzfo,00031,0,pretrain,oHBKqCI4Fgg,00001,-3.9943330342516763,4.096
train,pretrain,SJ0G1iCLzCA,00003,0,pretrain,ufUkAQOQaXU,00011,6.805077937210729,8.768
train,pretrain,DUd8XAS5HEk,00005,0,pretrain,Wgt8QUHQjw8,00010,-9.772443000185788,20.928
train,pretrain,89Dhye1lgik,00007,0,trainval,3sUWSDHOVn0,50017,-0.8862535842662194,2.56
train,pretrain,CHxhjDPKfbY,00023,0,pretrain,WNDWYW4yWEM,00027,-0.1438057770540464,7.36
train,pretrain,o8xWaNpSlbI,00014,0,pretrain,apbSsILLh28,00038,-2.138949955132123,6.272
train,trainval,nPdUMWGWE28,50007,0,pretrain,BQnOTJH3w4s,00010,3.941352127650724,2.176
train,pretrain,TUtxSwC5mqA,00002,0,trainval,8b2vNkEtfpc,50019,-0.9656549666609955,3.904
train,pretrain,DW5YctpK7pM,00017,0,pretrain,vQILP19qABk,00001,0.47712311138188035,7.936
train,trainval,s2F41IQSPGE,50026,0,pretrain,hTAXEq6zLo8,00015,1.4235336470050086,3.968
train,pretrain,3LmjSv8N8hE,00027,0,pretrain,5XD2kNopsUs,00015,4.470471227849837,4.096
train,pretrain,B5MkpzMAOZM,00048,0,pretrain,jsZDlBU36n0,00027,2.598394415137971,4.288
train,pretrain,uYaF8pSTNSU,00014,0,pretrain,95MmftgCHMo,00001,-9.478539712411887,9.984
train,pretrain,mlrB6npbwVQ,00017,0,pretrain,Ysxz5Ug70G0,00014,8.463291679890116,6.208
train,pretrain,O1j2A6ndEio,00022,0,pretrain,qu7ZpWecIS8,00020,-3.121944062095161,3.328
train,pretrain,7Z9xCX4ifJo,00003,0,pretrain,YJM6WUNDnhA,00017,-3.1038906141792815,4.16
train,pretrain,rpOwTspdwkI,00037,0,pretrain,CXSKrxq5eUI,00001,4.663131895728368,4.352
train,pretrain,SVB39Jo8mAQ,00005,0,pretrain,2dRlssVF7fc,00034,3.684927506132036,5.888
train,pretrain,wmE8dQcZgB4,00043,0,pretrain,PiVB5niLrWg,00018,3.383129595530491,5.568
train,trainval,I9tB6Q5bmcQ,50001,0,pretrain,lfrG2bidW5g,00006,2.9825317565637057,3.328
train,trainval,E27DY3AVA98,50004,0,trainval,jVBp2nDmg7E,50008,-6.030457087979045,2.176
train,pretrain,Qy5A8dVYU3k,00005,0,pretrain,2OlhCITl1J4,00018,4.077895724097612,8.768
train,pretrain,LsESSyMnwmU,00026,0,pretrain,HQzXqjT0w3k,00017,-0.3780438329988165,5.696
train,pretrain,jnS66SszwEs,00020,0,pretrain,AHfiKav9fcQ,00029,1.8225496373620658,10.688
train,pretrain,wQJC2MMB8nA,00013,0,pretrain,Oe1cDSPfbh8,00015,3.43241801091904,28.288
train,trainval,CyElHdaqkjo,50003,0,pretrain,VwRlHLBweoI,00009,-8.651935303645304,3.008
train,pretrain,SK095wuESeE,00031,0,trainval,aSLSiIskEFU,50024,-5.417901578834763,4.352
train,pretrain,z0HsPBKfhoI,00009,0,pretrain,CRSLBcZgS84,00004,7.629412539154007,6.4
train,pretrain,1pq5jnM1CSA,00017,0,pretrain,IkJTwfHPv6A,00020,-7.190469196220668,4.736
train,pretrain,EHTmxmuhZ10,00010,0,pretrain,gBkIyJ7kfSI,00042,-8.271174718587329,10.688
train,pretrain,c8WMMSPUOj0,00019,0,pretrain,z4vmzTZ7qLA,00017,5.8926439462588664,9.088
train,pretrain,WCj82W7XkjI,00002,0,pretrain,aT6vIq6S1OE,00013,-2.2714884088093124,4.928
train,pretrain,85hbMtegrLc,00026,0,pretrain,W8OiVZrAj4c,00005,3.4708607024722795,3.968
train,pretrain,gevXeQwS1jg,00054,0,pretrain,sBsuIAscshE,00023,-3.7148890716530003,4.8
train,pretrain,Sd7lvPpDDUg,00006,0,pretrain,SQwRsVyk7us,00006,3.7432429946121175,8.896
train,pretrain,VB9S4kELT2k,00006,0,trainval,3LzX36sShcs,50004,0.2418792609743221,4.352
train,pretrain,dScYSVZtB7k,00003,0,trainval,KiPcxhJtuPQ,50001,-4.415219574682705,3.52
train,trainval,ydKcaIE6O1k,50007,0,pretrain,BMcduh1HEHA,00020,-1.076024678252912,3.648
train,pretrain,WNTk29zXl4A,00020,0,trainval,jUIfiLplNqQ,50002,-4.419745461444378,5.952
train,pretrain,5K57kcs15DY,00024,0,pretrain,Si1ZoKSFtSs,00001,1.1112480794880835,8.192
train,pretrain,xgKqX5Yj3b8,00016,0,trainval,Mr8nvXvlSy8,50024,0.06093748942878108,3.52
train,pretrain,ww4kNxYE0c4,00039,0,pretrain,X5uGLbV5zVo,00009,2.639235399339375,7.36
train,pretrain,9YGZkgkj3fM,00025,0,pretrain,ATISgVUKetI,00022,-6.325152310581396,4.48
train,pretrain,IfqdMoKVIR0,00015,0,pretrain,4Lb5LSVEm34,00029,-3.1756658221197043,9.856
train,pretrain,KQEWc3LVfyc,00002,0,pretrain,ZChEFOGSn8Q,00020,-9.148280997526024,11.328
train,pretrain,3UFGqjWcVU8,00003,0,pretrain,P65XdTlk4vA,00015,4.602755096004824,4.48
train,pretrain,anmktfGYw8k,00025,0,pretrain,2g9GedPylM8,00021,2.9762611636821585,3.712
train,pretrain,XiSPD5aZT7Q,00015,0,pretrain,ONXYcNS7k1Y,00004,8.763929620980392,3.584
train,pretrain,6JxRxBqQLKA,00007,0,pretrain,ptIecdCZ3dg,00023,8.791559619801504,5.184
train,pretrain,ASQpKiUSNHo,00012,0,trainval,f4DV2BFUmSA,50001,0.3114803234602963,2.88
train,pretrain,qItCBNzqdn8,00003,0,pretrain,6aRz72yxHQo,00002,2.597804938173468,8.448
train,pretrain,qIVTKBeiabI,00011,0,pretrain,tsgvhP07BC8,00014,6.231693668774611,5.376
train,pretrain,pPgd7Hj3ABQ,00013,0,pretrain,jguSkEMwrcc,00005,4.747611358713604,5.056
train,pretrain,W4zepOS7dgk,00007,0,pretrain,o3oDpCb7VqI,00029,-7.659988941187765,4.352
train,trainval,iEySxTbcr2A,50004,0,pretrain,lU1ISu1LOv4,00015,7.820496340399924,2.624
train,pretrain,piCQ3StcRUQ,00023,0,pretrain,wmE8dQcZgB4,00023,7.726030416601617,16.704
train,pretrain,cC0KxNeLp1E,00011,0,pretrain,T9nFC6dkRxU,00015,-8.893544895795472,9.728
train,pretrain,uNQujCwCu88,00027,0,pretrain,DzNNS4rcIjs,00022,-6.377478221955979,16.064
train,pretrain,rpOwTspdwkI,00004,0,pretrain,HoyNrlMNBvw,00023,5.030375933464068,8.896
train,pretrain,fnS9f5x0f1Q,00051,0,pretrain,YraU52j3y8s,00034,-1.86502079378611,6.912
train,pretrain,QdAG161FeT8,00005,0,pretrain,MSLHHgSXloM,00030,-9.065246400072727,4.48
train,pretrain,b1sQZxrBMXk,00028,0,pretrain,AQ8cpjEdpmI,00022,-6.12527802705134,4.992
train,pretrain,HAKea48B3oM,00040,0,pretrain,Mlt6kaNjoeI,00013,-4.931494276315758,10.368
train,pretrain,j3YjeARuilI,00015,0,pretrain,Td2hfdXQ5x8,00039,9.770060215467677,9.408
train,pretrain,ddek3gQVt9Y,00016,0,pretrain,nLtUl2CP8ak,00005,2.0024174920850406,4.608
train,pretrain,VT3XyORCFDA,00001,0,trainval,fbeFn1Xcqo4,50030,-2.9007343711783573,6.144
train,pretrain,LSdPxGLesE4,00043,0,pretrain,WsmVX5C1HXY,00010,-4.5499096593308685,9.472
train,pretrain,46wWjKTn4Ac,00007,0,pretrain,eNC1h5H5cJA,00011,2.2503032311433397,2.88
train,pretrain,BMDSPhk7JSY,00018,0,pretrain,H8Pr9Jnulxk,00014,-7.482467771231745,17.92
train,pretrain,Jp9b2Hf7QWg,00003,0,pretrain,F0ofeD8VKMA,00042,-5.292818257176037,11.136
train,trainval,QhLLMBN57AU,50023,0,pretrain,acJscdoP2a4,00025,-5.691842693557916,2.24
train,pretrain,LbIXYEW9CSQ,00017,0,pretrain,wAIP6fI0NAI,00016,9.746919096600742,3.392
train,pretrain,LhszKevcH30,00026,0,pretrain,sWN13pKVp9s,00008,-2.0310365236233867,8.064
train,pretrain,GjINFuwLGvQ,00018,0,pretrain,oDtZi2SUm8Q,00002,-8.235064137563004,16.0
train,pretrain,raCIUeGUr3s,00034,0,pretrain,IfG7WVSbN6Y,00025,7.046601675962634,6.08
train,trainval,XO1MeSMYSQ0,50005,0,pretrain,5K57kcs15DY,00027,-2.4036542541114354,5.888
train,pretrain,HXGwJevjOfs,00012,0,pretrain,08ZWROqoTZo,00029,-2.752068025334797,10.624
train,pretrain,6aRz72yxHQo,00015,0,pretrain,2tcEgqTWbxQ,00006,-6.217377331695522,6.528
train,pretrain,Yx2rjq1gSWA,00022,0,pretrain,C14bXC7zi84,00022,-2.8142365092004695,4.544
train,pretrain,694XUHVuGQo,00017,0,pretrain,tMSU6k5SWXg,00022,-5.583152474028417,6.016
train,pretrain,86xSuStz0MA,00059,0,pretrain,QxkxcsrveLw,00027,-9.605291639673752,15.616
train,trainval,8m1X26Auw6Q,50002,0,pretrain,73jPh0eRPSY,00022,-9.158259357002121,6.08
train,pretrain,mYQx5n5SRVQ,00010,0,pretrain,14rYeATuCqQ,00014,-5.380556047601104,3.136
train,pretrain,g1bOpgoOI3g,00012,0,pretrain,gxuQp1X4mx8,00013,9.590085472559299,4.48
train,pretrain,ab0PKt50RGs,00015,0,pretrain,J9PgY1mbPgM,00027,-1.649400686789221,3.84
train,pretrain,y9ALB39wRKo,00013,0,pretrain,L51h8BBu7b8,00004,-5.3006933669772405,10.112
train,pretrain,gwPoM7lGYHw,00026,0,pretrain,iSpwUpdQdyY,00027,3.3173392669654582,6.72
train,trainval,DjcZrtcBZi4,50005,0,pretrain,xAgawjzimjc,00018,7.901315401701975,6.208
train,pretrain,4ZgwzSm7sRs,00001,0,pretrain,3GVOSMfIl1Q,00020,-4.952531110463319,4.16
train,pretrain,a7cDt5r2pGY,00030,0,pretrain,Y6U728AZnV0,00027,8.746836609961722,4.736
train,pretrain,H2rG4Dg6xyI,00015,0,pretrain,V1ItvwxBENg,00022,-1.111839224582102,8.576
train,pretrain,HS8y0WLm78U,00083,0,trainval,XMSQKG70a5s,50016,1.051241609726656,5.248
train,pretrain,sSXv06gUX3Y,00036,0,pretrain,50m48lpi4AU,00030,-5.032401934372038,3.968
train,trainval,k9QTVIISlkg,50003,0,pretrain,DsSrzoyyfF0,00009,-2.777877220766383,5.632
train,pretrain,g2J6YOiLNr4,00007,0,pretrain,hDLISEt8hBs,00008,8.117754801424326,11.648
train,pretrain,lUO0xDSJQVI,00023,0,pretrain,RsxlLsHtoBI,00035,8.24654136171737,4.544
train,pretrain,YhW9I8SUkFU,00008,0,pretrain,lqbLSUhhyPk,00009,3.0162938135034167,8.256
train,trainval,joyi6anTSFQ,50005,0,trainval,vHhn7z6BA0w,50019,3.898006706065553,2.24
train,pretrain,yFVXsjVdvmY,00015,0,pretrain,hBtXiTumdY0,00001,-2.8739664204050115,20.48
train,pretrain,PCupHgKGCcY,00030,0,pretrain,VJRBx0JjMSM,00008,-4.674825463314898,6.784
train,pretrain,jSOPQgPIdKg,00049,0,pretrain,z4kwU6z6ORg,00005,-1.359032348494548,3.968
train,pretrain,RbNqU2K0qzo,00002,0,pretrain,7s0CpRfyYp8,00027,4.160525821231433,4.416
train,pretrain,iU1bhHeCkoU,00038,0,pretrain,B905LapVP7I,00032,-5.94285335182674,9.856
train,pretrain,4a6ZRstYlgw,00063,0,pretrain,dsT5eVSm7BA,00009,7.183209104605272,4.864
train,pretrain,hFGLqkDnSVI,00008,0,pretrain,rKtmsVa4Kvk,00058,0.84347726412566,14.4
train,trainval,weCFbknwZa8,50007,0,trainval,mozxTk3Brqw,50014,5.529160279828156,5.568
train,pretrain,H2vN2QXZGnc,00023,0,trainval,XPkV1bDZDl4,50017,-1.6661889367301246,6.208
train,pretrain,IXBalykzauE,00037,0,pretrain,pCd8KLukRV8,00002,0.55338686590893,6.72
train,pretrain,1G0MzlfMPuM,00003,0,pretrain,jSSqQDPGW2k,00022,6.025394017630237,7.168
train,pretrain,jLOfXsFlb18,00017,0,pretrain,tTvIEUGCigk,00018,2.300297034184327,3.456
train,trainval,vcSn852sv3E,50004,0,trainval,3NzgEwye6Uk,50009,4.231299586818624,4.736
train,pretrain,jnS66SszwEs,00018,0,pretrain,C8zY0oAdQrs,00034,-4.281129802737944,7.104
train,pretrain,GSmaUPREKlU,00015,0,pretrain,PsihkFWDt3Y,00027,-0.674290143996501,13.056
train,pretrain,1Yz7Snu6pnI,00006,0,pretrain,ofsncCF9OSU,00065,-5.636830032541136,9.92
train,pretrain,5EH1dS2aQVg,00006,0,pretrain,NAcuH7nSdLc,00049,-6.2871636582783985,6.08
train,pretrain,3nsPcBJAdxI,00016,0,pretrain,PXMJobWlXks,00002,-7.767834704014531,10.88
train,pretrain,9ijS6iMi9gA,00026,0,pretrain,yRUCU5FsvTY,00012,-5.969946376171458,5.248
train,pretrain,0kPu6eKpja8,00003,0,pretrain,okQXrB7ySAw,00027,-2.851233785456686,6.144
train,trainval,RxyQNEVOElU,50001,0,trainval,mJxA8eIWQUc,50036,-8.215439290230524,2.88
train,pretrain,SQB9zNWw9MA,00026,0,pretrain,on3KttMgbZE,00014,0.8595696369752055,11.328
train,pretrain,NVPxmzSPvUw,00052,0,trainval,KTvSfeCRxe8,50040,-3.719465632929726,4.096
train,trainval,8meWY0W40OA,50019,0,pretrain,hupHAPF1fHY,00001,-3.4095852880599553,5.12
train,pretrain,bCjfy8Z7dv8,00010,0,pretrain,7A66iZQXNh4,00002,-4.026804063240778,9.536
train,pretrain,AIfwFLDXFyQ,00006,0,pretrain,gmn7tjSNyAA,00011,-2.8489006820102425,9.28
train,pretrain,XS85KAYKOT4,00003,0,trainval,l5d8GW6GdR0,50010,7.644711934411241,3.648
train,pretrain,R21MsHQA8vM,00003,0,pretrain,38OUCtzkT4Q,00017,-4.515063022285954,7.936
train,pretrain,LHd0vXDglb8,00007,0,pretrain,zawpbVpu5nY,00011,5.000829142614041,4.416
train,pretrain,xV7IvRT5Qyw,00003,0,pretrain,XzDNfLnUOYY,00030,6.084548704690562,5.056
train,pretrain,utmiqwS2XBQ,00009,0,pretrain,STsOdmkH5fI,00004,-5.144270864041706,5.056
train,pretrain,Hh09xlzxRmE,00029,0,pretrain,sK4rgGgqzmY,00008,5.216717148281729,4.416
train,trainval,BoRUrWcdkQ4,50036,0,pretrain,0NV1KdWRHck,00017,-4.425160089124174,6.016
train,trainval,zwjLQgNd7XM,50009,0,pretrain,csnxJFQw98k,00016,-7.37318171030962,4.8
train,pretrain,Rf8qS8gbfrw,00024,0,trainval,CRSLBcZgS84,50002,3.329509847882326,6.016
train,pretrain,IBoJcDlqmo0,00015,0,pretrain,B8ofWFx525s,00010,3.6558896410694874,3.968
train,pretrain,YzQDnTPuNZM,00006,0,pretrain,b8z6HfSq7l8,00011,3.8609777576210895,6.72
train,pretrain,5LrThfSBeq0,00020,0,pretrain,eUznJ3LtvGc,00045,3.716439721998178,5.76
train,pretrain,om6SewSRwtU,00006,0,trainval,xlggecnjOY0,50003,-5.985263393657492,3.072
train,pretrain,VFaQtPw3Va4,00003,0,pretrain,IKZCw4xdESQ,00026,-2.982126592357927,10.816
train,pretrain,lfBpsV1Hwqs,00025,0,trainval,lU1ISu1LOv4,50009,9.643002402239858,2.56
train,pretrain,nSOSNWblMNE,00007,0,trainval,mMDuakmEEV4,50011,-0.9820979087638726,4.288
train,pretrain,i7Ssa6UEpUQ,00016,0,pretrain,Hui5YHSD6Go,00007,8.293308355219612,6.144
train,trainval,wznroZvpVHU,50003,0,trainval,GDnYDLERnRE,50055,-8.378832430280422,2.432
train,pretrain,FsSKVSf1EJk,00001,0,pretrain,Tg35UfOJhe4,00032,-7.370310919714546,5.376
train,pretrain,vkEeNkHilIg,00020,0,pretrain,mArrNRWQEso,00018,-1.938852277156366,8.32
train,pretrain,HlnhCdujYco,00015,0,pretrain,hha0NsYXS5c,00004,-2.282132481813064,7.04
train,trainval,aEa11FZwTRY,50001,0,trainval,8FKYe2v0teI,50002,-7.009490662686981,3.136
train,pretrain,XS85KAYKOT4,00031,0,pretrain,jn0Ygp7pMbA,00015,-4.896077788478763,5.76
train,pretrain,u5GCetbP7Fg,00001,0,pretrain,6MBaFL7sCb8,00004,8.32041061083823,6.272
train,pretrain,gPQItVxvfZs,00008,0,pretrain,DShPct3oIow,00012,1.8514814894153364,4.48
train,trainval,wAIP6fI0NAI,50001,0,pretrain,jVBp2nDmg7E,00024,6.939184037378709,6.08
train,pretrain,fWqKalpYgLo,00003,0,pretrain,Kc0Kthyo0hU,00033,8.871023899468511,4.032
train,pretrain,wOiKRVH0nQ8,00012,0,pretrain,Maw4XgS6RAw,00001,-3.3116143356765733,3.648
train,pretrain,pzN4WGPC4kc,00022,0,pretrain,D5iFVKhLStU,00003,-2.4077102236319075,6.08
train,trainval,haTsrKptgIU,50012,0,pretrain,cWCSzDdF74s,00038,-7.7859176678668485,2.432
train,pretrain,uhRhtFFhNzQ,00006,0,pretrain,jAGgKE82034,00030,0.8476719669068782,23.104
train,pretrain,cnxEP6bzg7o,00004,0,pretrain,I2xDZlpInik,00008,6.32797985416623,3.776
train,pretrain,z3kdILSEbQU,00001,0,pretrain,2TDLN61HKKc,00038,-3.138187675777666,5.056
train,pretrain,sGXeX7PPrCI,00019,0,pretrain,FWTSBLVOASI,00001,5.441472249844196,7.04
train,pretrain,mguvTfAw4wk,00027,0,pretrain,ab9rJPjU4RM,00008,-9.313755732480812,8.384
train,pretrain,M8CTOjQhJFo,00006,0,pretrain,SXJ20tt5nPQ,00026,9.540727895300666,4.928
train,trainval,zSqYtUeKUl4,50002,0,pretrain,rugSZIFY7mc,00021,-5.218414435940277,6.08
train,pretrain,JolJi3uLMOM,00011,0,pretrain,h1Yg1rURKR0,00028,1.907062594695148,4.8
train,pretrain,GjINFuwLGvQ,00021,0,pretrain,rXepkIWPhFQ,00009,-4.005421974351464,5.376
train,pretrain,150cqgYh8sQ,00010,0,pretrain,tUAepQYyMY4,00001,9.764996391752167,3.712
train,pretrain,0T2RS3ydRiY,00008,0,pretrain,7PwvGfs6Pok,00006,1.4299381279284678,14.72
train,pretrain,btF6nKHo2i0,00001,0,pretrain,ydKcaIE6O1k,00016,-1.4068491847882747,7.296
train,trainval,LS6TWtYWaPA,50012,0,pretrain,sHdYaMyR5S8,00014,-5.379991214382576,2.56
train,pretrain,1InHN8JPazA,00002,0,pretrain,6JM9JD2iYrk,00001,2.0663910931539125,3.712
train,trainval,dTwXeZ4GkzI,50010,0,pretrain,eCknUJJc3qU,00011,7.01420307807965,5.76
train,pretrain,KqbRh4NIE54,00036,0,pretrain,IdW9UYlxlVY,00007,-1.5425069614429567,6.912
train,trainval,Rpsf1YJsbbI,50031,0,trainval,7hWUhEA6hxk,50010,-1.4712510549131448,2.624
train,pretrain,QfODW06Qi8E,00004,0,trainval,J6tgYBMXR6s,50011,6.513240120161782,3.712
train,pretrain,Tmk7nAvpMXQ,00024,0,trainval,SSudEBkC4O0,50001,0.6799644902657391,4.224
train,pretrain,AAkEYcmCCCk,00040,0,pretrain,joyi6anTSFQ,00005,-1.5923388926026494,7.168
train,pretrain,S3SnIMZ43EQ,00009,0,pretrain,j51HsRILGKI,00053,-8.152568433145754,4.864
train,pretrain,0bop3D7SdDM,00010,0,pretrain,ElJxUVJ8blw,00041,-9.893694557294893,3.84
train,pretrain,C8zY0oAdQrs,00002,0,pretrain,cI9vSC1eQ18,00019,5.422727472446823,8.512
train,pretrain,N0vRIqeoefs,00024,0,pretrain,lXNE4MD2X2w,00018,6.39742652835135,11.136
train,pretrain,kZP8KqrSbcw,00014,0,pretrain,ZBrbHy7l3tg,00017,-9.971424101071902,11.264
train,pretrain,F8pUtbSgrxc,00005,0,pretrain,xbagFzcyNiM,00027,4.358480059386709,3.968
train,pretrain,uPtP6SnAjJ0,00009,0,pretrain,y9KeyKVuLHU,00008,7.404977138590009,3.904
train,pretrain,dRic5yJC8UY,00004,0,pretrain,mUJdzaLDRIo,00033,-3.1768043731116506,4.16
train,pretrain,lASzdhSbQBo,00009,0,pretrain,OlLFK8oSNEM,00026,-2.921644665380157,3.712
train,pretrain,nLtUl2CP8ak,00058,0,pretrain,zvvZEIGNLo0,00004,-3.4706540494489673,11.392
train,pretrain,HaHeAdJNa70,00008,0,pretrain,vhfcedpoCLo,00001,-3.370072805158144,4.736
train,pretrain,m0ZPM5I1tTg,00037,0,pretrain,0snNB1yS3IE,00004,-6.992147991792148,10.176
train,pretrain,tMSU6k5SWXg,00005,0,pretrain,T8VS0LUCgmk,00004,7.26435159955345,4.8
train,pretrain,eyq2Wo4eUDg,00023,0,pretrain,wstksuaSMD4,00004,-6.445257279620784,11.136
train,pretrain,h9SKyrHRhDo,00023,0,pretrain,jSGzkjHtFiA,00015,-7.71848439188531,15.488
train,trainval,Kqm9AEvJgxU,50001,0,pretrain,bX32UShfri4,00007,-3.1869648201147545,2.496
train,pretrain,1gAQ82IHyZ8,00011,0,pretrain,lhP52caGW6s,00003,-4.661400496856187,4.224
train,trainval,BoRUrWcdkQ4,50019,0,pretrain,yA1O5gmP4eg,00014,-5.552986812100633,2.56
train,pretrain,zuLOT6GsAxw,00009,0,pretrain,dcwuBo4PvE0,00012,3.410573556552748,14.144
train,pretrain,ZChEFOGSn8Q,00007,0,pretrain,JbuSeMcEF3s,00028,-9.443821823940633,8.96
train,pretrain,5MgBikgcWnY,00021,0,pretrain,AgMOJC5R4F8,00004,-7.601065666026163,6.656
train,pretrain,qgv8VoyJ3wA,00025,0,trainval,HV4loecFZh8,50002,2.3148135567062873,2.496
train,pretrain,uOrZF8FdtLc,00007,0,trainval,FdHJw0veVNY,50018,2.8238409029961105,5.952
train,pretrain,hvStFIuhD8E,00018,0,pretrain,WfDSFRPjQTo,00001,-7.5408855646019575,4.48
train,trainval,OFbF16DVTXY,50002,0,trainval,UROCz70tlMY,50003,-6.673097122399902,2.432
train,pretrain,4yyPSZSGLOI,00011,0,pretrain,uJZWcKOIZMo,00002,2.966456888225867,13.696
train,pretrain,lqSBVyou38s,00003,0,pretrain,nz0cAjXVepg,00023,-4.254238299126749,6.528
train,pretrain,d0a0eXJ5TJM,00001,0,pretrain,9H38oQBw2HU,00001,-0.2273429699680598,4.608
train,trainval,01GWGmg5jn8,50017,0,pretrain,QAd54DkXCr4,00016,1.8973934443853047,2.496
train,trainval,qKmuMQT5E6Y,50002,0,pretrain,oA0ws8rwdSc,00012,8.448002250934483,2.432
train,pretrain,BcTOSxcv2So,00003,0,trainval,sNV4yIyXXX0,50017,7.339730394074046,4.288
train,trainval,PcDftBVDSlc,50014,0,pretrain,4Z75ASJMBx4,00021,4.82218275931219,3.008
train,pretrain,KPPxXeoIzRY,00015,0,pretrain,JSuTsrxfYWQ,00050,-9.561179668426744,4.416
train,pretrain,7shXEFuxHAA,00009,0,pretrain,NMBNZspmn7I,00014,8.743796199416163,8.32
train,trainval,iWaZEXBbQL0,50001,0,trainval,QSfFattg8N0,50009,-4.575294776920337,2.112
train,trainval,23FRUuLcQ6A,50002,0,pretrain,lJGtXuCmZBM,00008,-5.320667698029846,4.608
train,trainval,nxRRqLpWi6Q,50015,0,pretrain,0PAy1zBtTbw,00001,2.770897611366097,2.752
train,pretrain,ea3HnhOLC9g,00036,0,trainval,855Now8h5Rs,50019,-6.667816215692087,6.144
train,pretrain,1yVdhRyTxaM,00015,0,pretrain,hyHUVPG33QI,00036,-9.897872996465944,4.608
train,pretrain,Qj4xf3U8dh8,00014,0,pretrain,A7ktYbVwr90,00024,-8.357021321802481,6.464
train,pretrain,ISSupr6ayqw,00033,0,pretrain,EDLWWP8N6MU,00005,-4.293390913331818,2.496
train,pretrain,85hbMtegrLc,00030,0,pretrain,3GFG6Cvy9HQ,00017,-6.791674369856611,4.032
train,pretrain,4wCQV4Le3S0,00010,0,pretrain,NWUFjb8w9Ps,00023,0.1655571183775919,6.912
train,pretrain,SC3DVeWT09w,00019,0,pretrain,YZa4sdIwV04,00023,3.713358743551481,6.656
train,pretrain,SSJkV8IzsZA,00011,0,trainval,zISxg4JhSRk,50021,7.070416106153342,4.928
train,pretrain,mpqrO2agOTs,00006,0,pretrain,sAINrzTddA0,00004,8.034634576642311,15.104
train,pretrain,c2tOp7OxyQ8,00052,0,pretrain,6Co3dn0nSTk,00002,-8.886385245094033,17.28
train,pretrain,pn8p3rOaA5I,00056,0,pretrain,vcSn852sv3E,00007,-3.809752152404549,2.496
train,pretrain,86Hyq4bBpA0,00004,0,pretrain,tHSTfiMtSDE,00003,5.735683246222825,4.48
train,pretrain,mlrB6npbwVQ,00020,0,pretrain,syqScVtnKuU,00076,7.219563415528405,4.544
train,pretrain,CLSSiaFuLo4,00029,0,pretrain,a19lSbFPRqY,00007,4.496440097790151,4.48
train,pretrain,jAGgKE82034,00003,0,pretrain,t1ZSoufuQg4,00008,8.750168553912975,7.36
train,pretrain,G8gJJuCdPSA,00010,0,pretrain,6zVS8HIPUng,00007,0.23332403858063344,2.688
train,pretrain,9fyjlxizLFI,00023,0,pretrain,5HL1BEC024g,00008,6.462657674805577,4.288
train,pretrain,chXsLtHqfdM,00005,0,pretrain,3SAZ5R2SC88,00010,-3.8952875817606936,5.76
train,pretrain,AQcUeQsljSs,00003,0,trainval,zLNXIXingyU,50020,-9.86269959923397,2.88
train,pretrain,B4a0NvLTebw,00022,0,pretrain,5HeZaYtfDf8,00009,3.647619755585456,5.76
train,pretrain,2j00U6lUCSc,00001,0,pretrain,Wgt8QUHQjw8,00026,6.354702518059295,13.248
train,pretrain,LoXAAEy6YQU,00028,0,pretrain,XZiNVGA78kA,00016,4.4710725887321345,4.224
train,trainval,YhpMSjbVopo,50001,0,pretrain,tBbyP0P7BRg,00005,-1.9459600276262776,3.2
train,trainval,hBtXiTumdY0,50005,0,pretrain,zdSdqUuvLk4,00014,9.837589831425838,4.864
train,pretrain,2W1jvTEjc1s,00017,0,trainval,th3nnEpITz0,50005,-3.8387844536766913,4.288
train,pretrain,vzKA1y3cdYI,00011,0,pretrain,40riCqvRoMs,00022,0.8510746716356792,5.632
train,pretrain,qYfEYvo96Hg,00006,0,pretrain,sLiM2SizFl4,00050,9.83773705534523,7.296
train,pretrain,ro1Ksq5DihU,00005,0,pretrain,7vsO7SHLJMI,00034,-1.3068183698935307,4.736
train,pretrain,NRXCxJGQ4KY,00008,0,pretrain,qp0HIF3SfI4,00022,2.952388628206837,3.264
train,pretrain,wBObnvIZGwE,00025,0,pretrain,FzApYQDIXlg,00029,3.046789700074539,5.056
train,pretrain,mozxTk3Brqw,00028,0,pretrain,5RAJvzV9jSo,00019,9.594640785741145,8.832
train,pretrain,1XL8I9SIqRY,00002,0,trainval,P2dlq8ZqjDM,50005,-2.652183113049107,6.208
train,pretrain,t1sYh9itUvs,00017,0,pretrain,I4fJPKSKbrA,00009,8.621955294216399,7.488
train,pretrain,6gSwRHScq6M,00005,0,pretrain,G1RRbupCxi0,00005,5.518519048069109,4.416
train,pretrain,vrU6YJle6Q4,00049,0,pretrain,ol1b5mMeP7s,00028,1.2063087545892444,3.52
train,trainval,owl8keTUioo,50002,0,pretrain,KTvSfeCRxe8,00060,4.762783731556812,3.328
train,pretrain,c2tOp7OxyQ8,00056,0,pretrain,yDYCf4ONh5M,00025,4.657368683609837,7.808
train,pretrain,0snNB1yS3IE,00025,0,pretrain,zmDENxTPn8Q,00002,5.942615682657559,3.84
train,trainval,vVY8L56oxSM,50001,0,pretrain,v84pD2g3gSk,00007,1.6262643649244541,4.48
train,pretrain,FJFxLQCo83U,00054,0,pretrain,4a6ZRstYlgw,00022,6.978859803689673,4.672
train,pretrain,LbIXYEW9CSQ,00002,0,pretrain,f68AdM1m4hk,00024,-9.759216984552289,3.712
train,trainval,A3Vpjwye9Mw,50004,0,pretrain,IU1i2IlkLbU,00013,7.626524257514436,2.944
train,pretrain,OWq7ToR2U8Q,00006,0,pretrain,nQcgD5DpVlQ,00028,6.258914079766786,3.776
train,pretrain,tbvUCrS5S5I,00011,0,pretrain,80GqbW1MmQM,00009,2.4972464744377536,11.648
train,pretrain,qrNDkRHAA4E,00036,0,pretrain,yhMi0tkYyT8,00007,-1.3070592141928472,5.568
train,pretrain,ogXTSCI7KRU,00031,0,pretrain,OfL5JmZnkI8,00010,-5.1567061230795534,6.272
train,pretrain,A27QjpQSIeo,00017,0,pretrain,YuEm03Ko0J8,00017,-7.98432663855229,11.008
train,pretrain,FSS4Kv6MlG0,00007,0,pretrain,uNQujCwCu88,00054,-2.482789568897596,4.032
train,pretrain,AYzA2uyd9Ss,00003,0,pretrain,utV1sdjr4PY,00006,2.9398833124627544,13.184
train,pretrain,JSLQxBbQPTY,00017,0,pretrain,DsSrzoyyfF0,00032,6.2928901823132115,2.304
train,pretrain,h4MhbkWJzKk,00033,0,pretrain,9vKRj9yV8pI,00008,-9.252388791800453,7.808
train,pretrain,t2FrJOGKWxY,00001,0,trainval,H2vN2QXZGnc,50001,-8.200546199784611,4.032
train,pretrain,8t4Vj6lmzVo,00008,0,pretrain,nTFEUsudhfs,00004,8.557696348261107,4.288
train,pretrain,Urk3xn7l3AM,00031,0,pretrain,zwpiI18TBdE,00003,-7.636837952852067,5.504
train,pretrain,SXKNASvfHWs,00020,0,pretrain,SfHRcaS6r3w,00021,9.787256997785583,5.696
train,pretrain,NR33yerZgso,00014,0,pretrain,qL7UlSA6rRk,00026,-3.714652668360065,5.824
train,trainval,FdXUSZg9pcM,50003,0,pretrain,w2mJMS09Qjk,00017,6.6106192231750285,5.76
train,pretrain,xgsnrg8wfbQ,00004,0,trainval,yPGwA7t6bpI,50001,-5.325828729984803,6.08
train,trainval,osBbP6Om4Mg,50008,0,pretrain,oTHSfmQo3Ok,00004,9.226719878173395,2.368
train,pretrain,KZIGekgoaz4,00024,0,pretrain,fSErHToV8IU,00012,6.714937558936796,4.544
train,trainval,bCGlWQnzDVE,50045,0,pretrain,2XiDdnDCD34,00036,-8.245538180009131,3.456
train,pretrain,Eewvsw027jg,00024,0,pretrain,druJDI6hiiY,00014,3.7662898249355727,2.944
train,trainval,xqPJKtFI42U,50016,0,trainval,501FEzbB1JI,50008,-7.009284329749148,3.008
train,pretrain,NXfYNdapq3Q,00007,0,trainval,6c0VtOdibcI,50001,-1.7323484865436747,3.584
train,pretrain,WpEjt71l08I,00001,0,pretrain,HdHW77blulg,00032,9.49911234367232,6.976
train,pretrain,uo7w3g24DWo,00038,0,pretrain,OKIyDMaxh4w,00010,7.256344948918624,4.416
train,pretrain,rGaj2VImQec,00008,0,pretrain,whjLZogf9e0,00006,5.095611095447074,7.808
train,pretrain,AyWtIwwEgS0,00018,0,pretrain,lwcvhh4pLjE,00015,2.3198005092278464,7.808
train,pretrain,r3afSFSG570,00014,0,pretrain,S0hxl03JoA0,00007,6.698070997578029,4.864
train,pretrain,R5PHGMRoZMA,00008,0,trainval,VmP574ikRFs,50020,-6.852486012344132,3.136
train,pretrain,05jJodDVJRQ,00031,0,pretrain,VbF2KPn3TrU,00002,-1.8157186270412478,6.656
train,pretrain,IkJTwfHPv6A,00019,0,trainval,Mgbf3cq7lms,50069,-1.2652002992920952,3.52
train,pretrain,SS6ZojCzNGY,00004,0,trainval,rRepnhXq33s,50007,3.5165177548350783,4.48
train,pretrain,VlC93dig40E,00013,0,pretrain,m7SuKQGPMSw,00002,6.9515108305926425,8.768
train,pretrain,yqc9zX04DXs,00002,0,pretrain,SmsYxDvdcYc,00008,-7.449876831550471,4.928
train,pretrain,Uq1idqpX9SA,00035,0,pretrain,6diqpGKOvic,00001,1.9667499732219635,6.656
train,trainval,f6CILJA110Y,50044,0,pretrain,XgRlrBlS7Yg,00036,8.368881030433503,2.56
train,pretrain,dwU8eavPInw,00031,0,pretrain,lYdk1NK9Sr0,00046,-5.224200270197086,5.056
train,pretrain,2zvjW9arAZ0,00078,0,pretrain,maMU4XZYdtQ,00003,-8.419582586278146,3.456
train,pretrain,avuhY7D71sQ,00025,0,pretrain,XSuZ6ukuz5s,00014,-0.5029330254972049,3.328
train,trainval,aSGIZBmGOsU,50001,0,pretrain,rGgoCm1hofM,00026,-8.282718135598907,4.288
train,pretrain,Qd5rAVHT6Vw,00014,0,pretrain,UwtYQFSJSQc,00031,-1.1612279453811976,4.096
train,pretrain,fbeFn1Xcqo4,00037,0,pretrain,cnDEVgxD6QQ,00019,-2.622033772741257,4.416
train,pretrain,bxkslfQc0EA,00002,0,pretrain,nOHbn8Q1fBM,00016,-9.154903433678193,8.896
train,pretrain,nncPtxLCPrE,00008,0,pretrain,rPh3c8Sa37M,00002,5.728332936123072,11.264
train,pretrain,Lp5Ccer5NM8,00023,0,pretrain,aeVtSWlH1qY,00004,8.548310172848524,6.848
train,trainval,Q0Uo05JoZQo,50032,0,pretrain,oIGBBPspTKM,00038,-2.6458779479866728,2.688
train,pretrain,bf7BXwVeyWw,00045,0,trainval,SxPeQda00Co,50008,5.301210070281579,4.032
train,pretrain,0iTehgSOZ8A,00008,0,pretrain,M1o3FS0awtk,00004,-8.431335019167388,6.208
train,pretrain,kDXJhxLzmBQ,00009,0,pretrain,lYdk1NK9Sr0,00044,-5.862559064406372,14.016
train,trainval,3NQZOXtc9uo,50012,0,trainval,LbIXYEW9CSQ,50002,1.0196475124051751,2.176
train,trainval,7sxpKhIbr0E,50009,0,pretrain,j8T3bdqTdp4,00023,-9.07665984516241,6.144
train,trainval,vu7eInSBt4I,50001,0,pretrain,mUJdzaLDRIo,00019,-4.950448370780154,2.24
train,trainval,ImQrUjlyHUg,50001,0,pretrain,w7T7KSNJ8m0,00013,5.159480343450674,2.496
train,pretrain,FVSc2FnPnDE,00021,0,pretrain,1tcqfWkiShw,00009,-7.270787292024741,5.44
train,pretrain,ISSupr6ayqw,00019,0,pretrain,vcfrsYWFR78,00009,-1.5812223617743584,4.288
train,pretrain,L6PW0Nw35X0,00011,0,pretrain,UrqRudIUPWs,00007,-5.1414303974358315,7.232
train,pretrain,hFgPtuzgw4o,00007,0,pretrain,pGyOwnqpCKk,00004,1.0709206242983882,3.648
train,pretrain,ue2ZEmTJSXo,00009,0,trainval,o4Nno6POrwE,50021,0.6113566840846403,6.144
train,pretrain,J0WQz9qlgZI,00003,0,pretrain,WQ2PFoHptK8,00011,5.726556807366844,20.416
train,pretrain,7LE4MoJS2po,00001,0,pretrain,tjkrKA1cVdU,00001,-1.3799669672707022,5.248
train,pretrain,mSQmfZOVNPw,00006,0,trainval,uXlSmKZ7aSc,50031,5.316875458126029,2.112
train,pretrain,LuG2rf9enHE,00017,0,pretrain,Ydj28CDrHV4,00024,-4.349995750515518,5.76
train,pretrain,Un2yBgIAxYs,00029,0,trainval,I4fJPKSKbrA,50005,-0.12606468196459275,2.432
train,pretrain,0d6iSvF1UmA,00014,0,pretrain,A27QjpQSIeo,00021,1.308198827384068,11.84
train,pretrain,n9ZSpccScW0,00028,0,pretrain,eyBEIx7fCfY,00007,-1.4411567029005372,8.256
train,trainval,CFADnhYKDHg,50013,0,pretrain,RsxlLsHtoBI,00005,-1.0116298435741555,3.136
train,pretrain,znO7UHpxgTI,00015,0,pretrain,YeJhVtJKJU8,00001,6.89014330693222,4.032
train,trainval,sEOSCziWuP8,50037,0,pretrain,pj2YxCAnqx0,00034,8.06636673016374,2.176
train,pretrain,dwU8eavPInw,00039,0,pretrain,itLUXZnLRn8,00033,5.490502440877394,4.224
train,pretrain,xnovQVRHj5c,00011,0,pretrain,Nhx1SyXMwCg,00004,4.073308962425578,8.32
train,pretrain,KTvSfeCRxe8,00017,0,pretrain,STuCsRugKN0,00008,-8.049280533769089,5.376
train,pretrain,kSxhDZaLyVQ,00011,0,pretrain,QHIocNOHd7A,00031,-4.079561539408367,5.952
train,pretrain,znO7UHpxgTI,00016,0,pretrain,o08ykAqLOxk,00030,4.2014654929115185,8.32
train,trainval,3LzX36sShcs,50007,0,pretrain,8vSGrrQs8ow,00010,-7.777781199393605,6.208
train,trainval,1IxIDGyISzk,50003,0,pretrain,WfjzkO6SDEI,00013,1.3617406525781472,3.776
train,pretrain,HWsehvUkISc,00011,0,pretrain,RLh5CRUecfY,00018,1.6033263825024395,7.872
train,trainval,HALd9FY5SVQ,50004,0,pretrain,S0hxl03JoA0,00043,-7.028422992374878,2.624
train,pretrain,d38LKbYfWrs,00008,0,pretrain,CS9f7Qq4YZc,00023,1.8677782180747435,11.072
train,pretrain,WHjKnNbYiOs,00005,0,pretrain,2Oe6HUgrRlQ,00008,1.5652922039578225,37.056
train,pretrain,MEDgtjpycYg,00001,0,pretrain,SgjGcBTyScY,00002,-3.442922796017638,9.6
train,pretrain,BMdMSmtTgD0,00002,0,pretrain,ufp5iGh0agA,00028,0.4416820088803881,7.424
train,pretrain,93fJ33L9OKw,00038,0,pretrain,trxGZMm4nBQ,00020,1.2968238512076518,6.656
train,pretrain,87vO1XhHuHI,00004,0,pretrain,QoRZNSVpt3Q,00007,9.988787322675662,11.52
train,pretrain,6ORDQFh0Byw,00047,0,trainval,V2PP3p4S4R8,50002,-7.9559195707446495,2.624
train,pretrain,F1U26PLiXjM,00018,0,pretrain,ALTvG9MIR64,00013,6.6593531869154745,5.696
train,pretrain,g9M3HIjHuq0,00024,0,pretrain,njESlZa2b10,00006,7.974551901667205,5.952
train,pretrain,ux1GxExRUUY,00005,0,pretrain,ng7sf2SpeFg,00005,-3.9913032002765387,4.096
train,pretrain,0iTehgSOZ8A,00028,0,pretrain,16cMSRFid9U,00009,0.09496454454383851,3.776
train,pretrain,PVfd6fg7QsM,00014,0,pretrain,2L4BSVpvx1A,00030,1.2412383301795789,3.392
train,pretrain,mjUsobGWhs8,00012,0,pretrain,XS3m37czBfk,00022,-7.768217508666493,12.16
train,pretrain,luFjmQJpPSU,00002,0,trainval,BSxI3YxAPW4,50011,3.1020718569726995,4.224
train,pretrain,t5dSmG8SI34,00007,0,pretrain,jTfGAHroSSI,00011,0.018251938042377347,5.056
train,pretrain,NR33yerZgso,00015,0,pretrain,o5SrKh9BNHg,00010,3.4641056569956596,4.224
train,pretrain,SMi3rHuK0c4,00036,0,pretrain,ZQElzjCsl9o,00018,5.226000816422239,6.976
train,trainval,5OISkgjSjkA,50026,0,pretrain,EZwxKPv1CwA,00048,-6.231561303227961,2.496
train,pretrain,6tSlMoMNSlY,00009,0,pretrain,5aLiFw8CSEA,00013,5.268733559535976,6.912
train,pretrain,2PNumSv80R4,00007,0,pretrain,mpqrO2agOTs,00024,-8.993830620869526,4.288
train,pretrain,mS8tQSTYLgk,00001,0,pretrain,D4cV8yfgNyI,00001,-3.8589585549040777,4.928
train,trainval,ZSRaJIMYSMs,50014,0,pretrain,UWKvpFZJwcE,00046,6.323996717013895,5.888
train,pretrain,Tu01sNfs5SQ,00019,0,pretrain,1tcqfWkiShw,00009,-3.3822121554017954,5.44
train,trainval,LSGfqyhleUA,50001,0,pretrain,pNttjJUtkA4,00043,2.8232096946019443,2.496
train,trainval,f6CILJA110Y,50035,0,pretrain,ElJxUVJ8blw,00017,0.8259831426071855,2.944
train,pretrain,uRdQS2sjF2s,00031,0,pretrain,JaFSfq2Zn7I,00031,-5.2380786931610785,7.168
train,pretrain,U1a72bvusS0,00005,0,pretrain,EXo3qA9V3eI,00010,-3.6747013822454244,5.888
train,pretrain,2S0aEezKvBE,00009,0,pretrain,QHIocNOHd7A,00018,1.7945705914906434,3.392
train,trainval,pkGAMb5sYvg,50002,0,trainval,8Ug1MnU6LKw,50047,2.6656789278107738,4.288
train,pretrain,2ju61VPdTzw,00024,0,pretrain,VnzBGZA2z3w,00009,7.884030782718998,10.24
train,pretrain,v3oSF94S4FI,00018,0,pretrain,3f5lk3PZh74,00005,-0.16260495061624525,7.936
train,pretrain,AAkEYcmCCCk,00044,0,pretrain,nLtUl2CP8ak,00003,-4.211991592303899,6.976
train,pretrain,gyPoqFcvt9w,00056,0,pretrain,mK6IdD4GXPo,00004,8.345438279836014,5.888
train,pretrain,a7B39MLVeIc,00013,0,pretrain,IXBalykzauE,00024,6.591048497748854,7.36
train,pretrain,0bop3D7SdDM,00010,0,pretrain,6gSwRHScq6M,00042,-0.322428928867728,6.848
train,pretrain,VoCOzuWOgSY,00033,0,pretrain,XgRlrBlS7Yg,00009,6.759865472259797,5.888
train,pretrain,bk65ivyQZy8,00012,0,pretrain,snkrS1C2e7U,00003,4.291708643739582,12.352
train,pretrain,wVGjQSnLg4Y,00029,0,pretrain,Z7CtKDNf2RI,00001,3.924562072824598,8.96
train,pretrain,wsIrdxDJpSQ,00031,0,pretrain,yJJtRWFLSgw,00008,-8.27684572750222,3.52
train,pretrain,k0GQSJrpVhM,00006,0,pretrain,oAUU7cQmYiE,00001,-0.5004445060435163,5.312
train,trainval,fa7SkR2fz3M,50004,0,trainval,ShFk6FDrZBc,50003,1.9283832275884016,5.76
train,pretrain,7udZ5ux0dYE,00033,0,pretrain,SltDJynTduY,00017,9.256883344186488,3.648
train,pretrain,AS3Pyc4Qr2Q,00047,0,pretrain,Z41BTeAU7DI,00032,9.12193779154357,5.568
train,pretrain,VMwjscSCcf0,00021,0,pretrain,mwzBJF5Q7Vw,00011,-4.963358508222813,4.672
train,trainval,V1K3GvSKyJQ,50004,0,pretrain,31iuh9pfFwg,00020,-7.636304778494161,4.992
train,pretrain,MDL85fzdc1g,00040,0,pretrain,gevXeQwS1jg,00005,-2.8846731285258187,5.12
train,trainval,DKISYPEF0Ls,50008,0,pretrain,tH5iEf9oxaI,00012,-9.040225037856702,3.84
train,pretrain,nzj7Wg4DAbs,00033,0,trainval,ElJxUVJ8blw,50002,0.3374059806501535,2.88
train,pretrain,j3YjeARuilI,00007,0,pretrain,ROW9FSc0kIQ,00003,2.4509960080923108,6.912
train,pretrain,Zq7QPnqLoUk,00063,0,pretrain,ktD119xbBtY,00002,6.114437921869367,11.776
train,trainval,S2OzLREwHtI,50007,0,pretrain,boSGZ3qSAys,00023,3.725707950194465,3.52
train,pretrain,zIwLWfaAgS8,00073,0,trainval,gjCwsdCssdk,50013,4.200686634854851,2.048
train,pretrain,28sa2zGgmwE,00010,0,pretrain,doVRMBPUOhA,00013,-8.745667669122518,10.816
train,pretrain,x3AwnkR92EA,00016,0,pretrain,tkIgSSxPzTA,00021,-9.94498328402835,4.992
train,pretrain,jsZDlBU36n0,00004,0,trainval,8pHzROP1DSw,50008,9.465653658193325,3.2
train,pretrain,uHnqvhWQMV0,00019,0,pretrain,5UH7uTpTa44,00015,-2.126046293965862,8.192
train,pretrain,Un2yBgIAxYs,00036,0,pretrain,4KhnSz9FPmU,00033,-6.527793099605558,23.296
train,pretrain,ZQBSh9k74aY,00008,0,trainval,zcMj4Az1MwE,50003,-7.591672187380105,5.76
train,pretrain,2ZviHInGBJQ,00032,0,pretrain,UUqr4P7P3gM,00010,-8.833684596346846,4.032
train,trainval,XGq3MXQlRJs,50016,0,pretrain,5pW2b1vwwf4,00057,-3.592765664295041,4.16
train,pretrain,Svo01ldlTQc,00020,0,pretrain,HsSvPqfsO0Q,00017,8.586970600966058,4.864
train,trainval,MqnbE5WRPEU,50010,0,trainval,hbG89FYKzaY,50015,8.562037952731359,4.544
train,pretrain,kNhyOYv2ejw,00058,0,pretrain,LLmhQmicusM,00019,0.17177965212220592,6.528
train,trainval,rHbjwH2Blfg,50005,0,pretrain,rWhLSORCwW0,00005,6.632731293459631,2.816
train,pretrain,3E46oWB4V0s,00012,0,trainval,UJ7QaCFbizo,50009,3.572065234188667,6.208
train,pretrain,YL1XwfyaS00,00016,0,pretrain,9Eobo04R7SY,00001,1.3676516839249082,6.144
train,pretrain,rEgSZNB3qyI,00028,0,pretrain,Fb3yp4uJhq0,00029,-6.4865291334083945,4.544
train,pretrain,v3oSF94S4FI,00011,0,pretrain,NwmGTM5Py8Y,00095,-9.061855142407072,3.328
train,trainval,KfK3eKSkOQA,50001,0,pretrain,V2u6CzpRqts,00004,-4.240564271278515,4.032
train,trainval,zCvSZBy6SyU,50013,0,pretrain,IBoJcDlqmo0,00012,0.09356187646430136,3.008
train,pretrain,OibJT7GSwyo,00002,0,pretrain,ppRtQCAbzPk,00014,-4.581381130971738,13.312
train,pretrain,ME0OeqjnVAw,00004,0,pretrain,XLi6iYnnsGc,00004,3.392489667702135,7.424
train,pretrain,GlUS6KE67Vs,00011,0,pretrain,uQGYr9bnktw,00006,7.556136208360211,3.456
train,pretrain,KOIsqRgJ3XM,00001,0,pretrain,ZChEFOGSn8Q,00062,8.911724403786618,7.808
train,trainval,2tcEgqTWbxQ,50026,0,trainval,HyQp3gGYf3I,50003,-8.619517985034658,2.24
train,pretrain,qKJv4S5peJQ,00004,0,pretrain,6k8YBJ5sgko,00038,-4.954662984716198,6.528
train,pretrain,rTJpJlVkRTA,00020,0,pretrain,aQ8T4sySLxw,00005,2.240959279709564,12.16
train,pretrain,LFxQEUDIAuk,00012,0,pretrain,MiOVX7qKQ24,00006,-0.8400822596138475,3.328
train,trainval,zcMj4Az1MwE,50026,0,pretrain,EBKSa94IFHY,00027,1.3851086220935667,5.632
train,pretrain,GFXHYtY9ag8,00002,0,pretrain,mi9B40hZYAo,00017,9.008102835036706,4.928
train,pretrain,xjSQFZX2m9o,00027,0,pretrain,vPhM8lxibSU,00014,7.7794292338783,6.464
train,pretrain,O1j2A6ndEio,00007,0,pretrain,aEjUlH7bNDo,00001,-3.90576614537673,26.56
train,pretrain,BxFvxKaSmWo,00014,0,pretrain,hvStFIuhD8E,00017,-4.108547919617822,8.896
train,pretrain,tlS3r8Gid90,00041,0,pretrain,HqawqHB7nDM,00021,-0.9011641620310868,7.296
train,pretrain,Lp5Ccer5NM8,00025,0,pretrain,FnL7I6tESAs,00015,-3.5238840186149156,15.808
train,trainval,VPweEhht9y4,50001,0,pretrain,fSErHToV8IU,00003,4.276647818014457,2.56
train,pretrain,OkTERUQUvpA,00001,0,trainval,jpuDyGgIeh0,50015,-3.809224409038407,6.208
train,pretrain,d0yGdNEWdn0,00027,0,pretrain,svIPBU31d0c,00017,2.8762416912467454,10.048
train,pretrain,X98Fbe0Ccis,00001,0,pretrain,1COwySxiwSg,00004,-7.041889933179419,8.32
train,trainval,mQOOgDqUta0,50005,0,pretrain,lzSkIDxbzGA,00020,-0.4109568687286824,2.88
train,pretrain,796LfXwzIUk,00010,0,trainval,mMDuakmEEV4,50032,1.9224855771591027,3.84
train,pretrain,mmhedbY8wjU,00008,0,pretrain,ZdDjexbxVzM,00012,-6.8845726008449954,6.784
train,pretrain,EhM56Fk2aFk,00021,0,pretrain,AHfiKav9fcQ,00015,8.641684068343785,8.128
train,pretrain,LuG2rf9enHE,00041,0,pretrain,KqbRh4NIE54,00001,-7.25971200659576,3.328
train,pretrain,uXlSmKZ7aSc,00016,0,pretrain,WNTk29zXl4A,00061,-2.444480776422857,6.592
train,pretrain,Oa82WNk0mis,00009,0,pretrain,KNXOVpN8Wgg,00029,-2.031181657295331,6.784
train,pretrain,PsihkFWDt3Y,00024,0,pretrain,LHd0vXDglb8,00006,1.8903605992872627,4.928
train,pretrain,FWTSBLVOASI,00007,0,pretrain,jEHZSIAuYUY,00011,0.697122034466231,7.68
train,pretrain,yrcaHGqTqHk,00032,0,pretrain,M1o3FS0awtk,00004,4.875811899460816,22.016
train,pretrain,2cYDyMnL4M8,00043,0,pretrain,S6cX2p5cBVg,00007,-7.084902830820918,4.416
train,pretrain,8QuAokSXiyg,00036,0,pretrain,mwzBJF5Q7Vw,00014,5.309255213571989,6.4
train,trainval,bq39x2HWjNk,50001,0,pretrain,snHSSUcGSSE,00018,1.1026467403822124,2.368
train,pretrain,85hbMtegrLc,00024,0,pretrain,Uq1idqpX9SA,00006,9.4985839470185,4.16
train,pretrain,SpQ1BCdSTTI,00010,0,pretrain,dwU8eavPInw,00072,2.518875008064043,3.584
train,pretrain,AhKevstJyrc,00013,0,trainval,CZNrOzgNWf4,50003,-2.571722984582392,2.048
train,pretrain,KZIGekgoaz4,00015,0,pretrain,HzySGhX8SCc,00012,2.979086993866879,5.568
train,pretrain,ScFWnnQF7A8,00002,0,pretrain,31PyAjy6Nl0,00004,-3.0771951137960407,6.72
train,pretrain,CdxVbUjaSpY,00022,0,pretrain,acikxzM6GaY,00021,-0.4783296306846445,10.24
train,pretrain,pk35J2u8KqY,00025,0,pretrain,7n9IOH0NvyY,00014,7.234683946481084,5.056
train,pretrain,zaufonUBjoQ,00015,0,pretrain,v84pD2g3gSk,00039,4.386488727081341,4.608
train,pretrain,eNDhBSR1DZ0,00024,0,pretrain,yzm4gpAKrBk,00020,7.370781139931822,6.528
train,pretrain,BGRy5VUSLfI,00024,0,pretrain,yyW9W3e9VD0,00015,-8.131008759439913,3.84
train,pretrain,VUT6GQveD0E,00031,0,trainval,BjclkhNAO0s,50002,4.769372218776029,3.456
train,pretrain,TdtoAQFStBk,00004,0,pretrain,zG21nyJNBSA,00014,1.6703162370955162,4.096
train,pretrain,UY2tyuSOcyo,00004,0,trainval,OLHh9E5ilZ4,50005,-4.5391940596482865,2.048
train,trainval,SMTRxRO5SRA,50003,0,pretrain,48oiapTn3K0,00014,8.753985815760906,2.432
train,pretrain,TvW4yugCPZo,00027,0,trainval,VJRBx0JjMSM,50001,7.934122686992374,3.392
train,pretrain,l7FUP2iYNYw,00001,0,trainval,nFEgRt2EH1g,50010,9.73598308280242,2.88
train,pretrain,csnxJFQw98k,00001,0,trainval,NgDGlcxYrhQ,50015,2.6318903065966417,6.144
train,pretrain,erCApSBd0AQ,00026,0,pretrain,LPwWYFOFTGU,00012,-5.585183697412523,3.328
train,pretrain,JtSjYnXD83Q,00025,0,pretrain,Kn5JRgz3W0o,00009,-3.2181112975025243,14.272
train,trainval,gUWWt30oZ3w,50012,0,pretrain,8sheoGMsy3Q,00010,5.499037511609986,4.16
train,pretrain,QC3EbSexmDw,00005,0,pretrain,uNQujCwCu88,00016,1.2296838376427353,8.128
train,pretrain,QogTFXqFhMw,00012,0,pretrain,SZWS8SNCKMw,00003,-5.860414661009832,4.544
train,pretrain,BA8XOF6IpXA,00032,0,pretrain,BDOSUiEh0eY,00034,6.48436092453969,3.84
train,pretrain,r3L9n20myqk,00020,0,pretrain,vIme03wdEFU,00010,2.6965913336615692,3.584
train,pretrain,6JxRxBqQLKA,00005,0,pretrain,PVfd6fg7QsM,00002,-8.990452507669238,15.04
train,pretrain,Wj7hmzfX5eQ,00035,0,pretrain,fIw07IX6rG8,00003,7.025812427423098,5.76
train,pretrain,3mTbO2kC6mA,00002,0,pretrain,wYCSHKl4RPU,00008,-6.102152384450312,6.72
train,pretrain,QBDShp6U7tU,00025,0,pretrain,W4LYn4mIP18,00031,-9.561376774621959,19.008
train,trainval,kTz52RWSbD0,50002,0,pretrain,MCeaijwHxS0,00014,5.3896177537430745,6.208
train,pretrain,2Pp9ONyxBr8,00002,0,pretrain,jT5rRh9AZf4,00014,3.8853342855383755,7.488
train,pretrain,mw2z9lV3W1g,00006,0,pretrain,D5iFVKhLStU,00002,9.263667231653013,6.4
train,pretrain,VehHPwAVL9g,00013,0,pretrain,lUO0xDSJQVI,00004,7.4030055573003075,11.008
train,pretrain,n8eyF4UWG38,00032,0,trainval,7p4zw4SqgUw,50001,-7.337145244869205,6.016
train,pretrain,XS3m37czBfk,00008,0,pretrain,HCgvSHNoJrY,00014,9.486895907390739,11.84
train,pretrain,Phf66nAoMIk,00004,0,pretrain,3rbVQNTzCh8,00014,-9.598944264770918,3.136
train,pretrain,EHTmxmuhZ10,00037,0,pretrain,u0VHC1SDOS8,00001,4.6518583783152945,11.456
train,pretrain,S6cX2p5cBVg,00020,0,pretrain,rhvunJPNmPE,00006,0.5649977669931232,6.976
train,pretrain,FD5ZKiSmoMU,00022,0,trainval,sQNtu4kpd64,50003,-7.478624339199314,4.224
train,pretrain,dySwrhMQdX4,00003,0,pretrain,SjsGSNgmleA,00015,8.499205194424746,3.008
train,pretrain,iF4s75ZPano,00025,0,pretrain,F5FYYV59Eew,00006,-1.615702895106832,7.616
train,pretrain,lhqYBhLh1IM,00002,0,pretrain,vcfrsYWFR78,00013,2.9340941114901256,5.696
train,pretrain,gLgNjywpKsY,00011,0,pretrain,WfjzkO6SDEI,00026,8.518866050763208,3.648
train,pretrain,8iQnrM3DkVI,00019,0,pretrain,3bjSba3PScU,00002,2.2177786667296857,8.768
train,pretrain,9MegHiL93B0,00020,0,pretrain,EZSf3Fc0ZRA,00027,5.58760683999623,5.696
train,pretrain,3aJma6R8Ptw,00005,0,pretrain,esPRsTSlmw8,00009,-0.4797424660744909,5.056
train,pretrain,Ssl0043HgQU,00011,0,pretrain,JqokS3P1D9o,00005,-3.435460570603821,5.568
train,trainval,nLB8ASSQdHc,50003,0,pretrain,DBoShCrKfLQ,00002,-8.466669397331106,2.88
train,pretrain,Kqm9AEvJgxU,00022,0,pretrain,dx70vvOSlNY,00011,-6.148921602863176,4.096
train,pretrain,U23gPSGhW1w,00011,0,trainval,DEmjzXi2lfI,50029,-6.039619953167472,2.24
train,pretrain,m0ZPM5I1tTg,00028,0,pretrain,fa7SkR2fz3M,00021,-1.5747458358806181,8.64
train,pretrain,eDFrlV106iM,00004,0,pretrain,tXlNvlzd9M8,00024,7.216190428055697,6.848
train,pretrain,S9O9vyJBQ6g,00024,0,trainval,cXQrbxD9SNg,50002,3.2827341556741274,3.072
train,pretrain,mMDuakmEEV4,00032,0,pretrain,abMQhaMdQu0,00017,8.307275136678474,10.816
train,trainval,N37x4GgDVBM,50018,0,pretrain,7Mqse6SLOds,00011,3.3513398258818086,4.288
train,pretrain,bczm0RsIZUM,00003,0,trainval,iRsCUJxIrVM,50002,5.971138937632702,5.632
train,pretrain,x8jdxSlf2Dw,00008,0,pretrain,9KaMufF0rAY,00008,-7.078415026669607,8.512
train,pretrain,UqyOedEHIrw,00021,0,trainval,MPMr5jPwA7I,50017,8.113832298283299,2.56
train,trainval,yRUCU5FsvTY,50004,0,pretrain,lQflBowgVB4,00008,-4.131101406760376,3.072
train,pretrain,rvkMauaHxBw,00006,0,pretrain,t1owaS144N4,00017,-2.1338359488748715,12.288
train,pretrain,SUkVcmKZyyQ,00019,0,pretrain,dooLZNsHVDY,00007,-8.912701231553296,4.096
train,pretrain,RjyxIsE3V2g,00010,0,pretrain,EZwxKPv1CwA,00010,2.181466361488283,4.672
train,pretrain,fa6ERdxyYdo,00005,0,pretrain,UyUXxrSS3qs,00042,-4.599652331624928,14.784
train,pretrain,raCIUeGUr3s,00032,0,pretrain,Ssl0043HgQU,00022,1.1762868365831114,7.936
train,pretrain,BCvzpm4d2gs,00035,0,pretrain,CFADnhYKDHg,00029,4.432310308745018,3.584
train,pretrain,3ELnyoso6vI,00001,0,pretrain,YiXdS9DFCOQ,00016,-7.259929444163539,6.208
train,pretrain,PENkzh0tWJs,00018,0,pretrain,UyUXxrSS3qs,00041,-4.208536641786244,3.328
train,pretrain,MJKSdMlATmM,00013,0,pretrain,Ssl0043HgQU,00014,4.5301312154451985,5.248
train,pretrain,AvtStbwMQqs,00025,0,pretrain,jk6Y3f2c4SI,00002,6.85570472874517,6.528
train,pretrain,6e99DuPQ6j8,00004,0,trainval,bxkslfQc0EA,50017,5.95558722947869,6.08
train,pretrain,uS3UYncNwz4,00032,0,trainval,85bqT904VWA,50002,-3.579529876851879,3.136
train,trainval,8n5O9tz30So,50001,0,pretrain,dXqPaHQp4Xw,00019,-9.004562340959462,5.952
train,pretrain,CWCWq155hyc,00013,0,pretrain,S6pLPVfKFoQ,00004,9.950958344616655,10.624
train,trainval,MtSE4rglxbY,50007,0,pretrain,Pr57T0RaSjc,00018,-0.0926785936670349,4.032
train,pretrain,0ZOqbO2jIKg,00014,0,pretrain,qQSPUXPVlos,00040,-2.656103036361042,16.064
train,pretrain,n3qA8DNc2Ss,00016,0,pretrain,cdpIwjTtLlg,00022,4.3358425160752105,4.288
train,pretrain,Chfoo9NBEow,00017,0,pretrain,97rrxS1yBU0,00012,8.119954472344197,13.696
train,pretrain,9YR8jNtV4BE,00007,0,pretrain,apbSsILLh28,00069,-8.562917730227976,4.48
train,pretrain,yDYCf4ONh5M,00006,0,pretrain,qQDC7c2I8l8,00013,-8.410201895729163,2.944
train,pretrain,t9c7aheZxls,00018,0,pretrain,ljqra3BcqWM,00015,3.1770662913866037,4.288
train,pretrain,UIAm1gSVgn0,00008,0,pretrain,qGSYmIPFO68,00060,6.205824256880565,4.8
train,pretrain,y9Trdafp83U,00009,0,pretrain,QPC5SP2SFu8,00002,-7.230691694036988,6.336
train,pretrain,2MYsx6WArKY,00022,0,pretrain,5XD2kNopsUs,00043,6.9453868116228215,4.8
train,pretrain,OJptdCCrcr4,00012,0,pretrain,cQgSjnOfHPQ,00003,7.806952737712475,15.936
train,pretrain,eOU3Tv0vN24,00005,0,pretrain,8COaMKbNrX0,00001,0.9196638321854991,10.56
train,pretrain,HSpqhMO3ZSY,00026,0,pretrain,yVwAodrjZMY,00009,3.0390903780966294,18.368
train,pretrain,oYpS4qQNmSs,00003,0,pretrain,Zq7QPnqLoUk,00004,-6.266769628642135,7.04
train,pretrain,c0H1zU2ytxA,00007,0,pretrain,2G8C36aKnpU,00028,6.700412500276734,8.576
train,trainval,QekbuidfQKo,50042,0,pretrain,rGaj2VImQec,00011,-3.1890021762345144,5.888
train,pretrain,N39xSWTPix0,00003,0,pretrain,nnYhZCUYOxs,00013,3.7066216741050884,9.152
train,pretrain,eaelI0u4Sz0,00006,0,pretrain,iZRGUADAu2Q,00012,-1.772237153872089,4.288
train,pretrain,9H38oQBw2HU,00025,0,pretrain,WbuIl6phdco,00004,-6.917570280467187,6.08
train,pretrain,9FBxfd7DL3E,00003,0,pretrain,SCCG81UbruY,00011,-6.050880235171605,8.576
train,pretrain,fCt6PoTfPvg,00012,0,pretrain,vdDFLzyk94k,00033,7.518836129411895,10.048
train,pretrain,70VZ1SOzSnc,00031,0,pretrain,FsGu5YTM1NI,00022,-9.056360433618016,5.76
train,pretrain,8JSMI8Xrwms,00021,0,trainval,mi9B40hZYAo,50011,-3.481029941683495,3.008
train,pretrain,5HeZaYtfDf8,00001,0,pretrain,WQG8EJTY48M,00013,3.8507554485098012,6.656
train,trainval,1O2l1dcSohA,50003,0,trainval,vhhgI4tSMwc,50011,7.094073916570551,5.824
train,pretrain,bClWV3eeETA,00010,0,pretrain,0N1oA9LUEc4,00018,-8.328263192187148,6.528
train,trainval,SsU5CJRaKP8,50003,0,pretrain,Qz6V5OA4ymA,00003,4.368543618027719,5.504
train,pretrain,9VXOknUbzBM,00008,0,pretrain,iRSjlgWE9GQ,00042,-0.46287054741842404,11.328
train,pretrain,S6cX2p5cBVg,00018,0,pretrain,O9Hfqc3trhw,00024,-4.4988616509100465,8.96
train,pretrain,SF242mxtZN8,00043,0,pretrain,mWfCqsFP05A,00018,6.237819650313121,7.296
train,trainval,ISjk9ni4XWk,50004,0,pretrain,IKZCw4xdESQ,00039,1.4448579564270947,5.056
train,pretrain,IjHlyKTSUug,00009,0,pretrain,X03jYXszD3Q,00016,-8.237770588142851,8.448
train,trainval,Mgbf3cq7lms,50021,0,pretrain,AhSSmLEMgis,00019,-7.8384725818781416,2.496
train,pretrain,AdHSwXl2nuQ,00015,0,pretrain,78nsxRxbf4w,00021,-7.214554766631471,6.848
train,pretrain,tAcQfn96yFk,00014,0,pretrain,TWPahtyJDsI,00010,-0.3072887186854807,3.2
train,pretrain,H1fvr9rGgSg,00047,0,pretrain,PVfd6fg7QsM,00003,9.679850128025787,11.968
train,trainval,xfDUGqGPSfo,50003,0,pretrain,YhG1Bgbsj2w,00022,-0.5290746695967279,4.672
train,pretrain,6gSwRHScq6M,00063,0,pretrain,z5LSvPkorBU,00007,-7.710778192869803,6.656
train,pretrain,EZ9tC3PigiU,00004,0,pretrain,HlnhCdujYco,00027,-9.915000643295084,22.912
train,pretrain,3dqXHHCc5lA,00004,0,pretrain,RgtoZ2ue05w,00001,-2.07114298609802,4.544
train,pretrain,6ibCtsHgz3Y,00003,0,pretrain,EjSuaeVfE9I,00011,7.072845637938904,6.528
train,pretrain,oKtALHe3Y9Q,00016,0,pretrain,QHIocNOHd7A,00030,-3.4184003341707463,4.416
train,pretrain,QbSD6PTcmfs,00013,0,trainval,FEeTLopLkEo,50028,-1.8416336530440311,2.88
train,pretrain,LSGfqyhleUA,00052,0,trainval,8t987Lxt1t4,50002,9.273755414531777,2.176
train,pretrain,6JxRxBqQLKA,00004,0,pretrain,lQDxasFKQCA,00008,-1.5398443307839553,4.8
train,pretrain,HjSGqwAFRcc,00001,0,pretrain,0GL5r3HVAZ0,00024,-3.708692956867006,4.288
train,trainval,8woKcr7uSYQ,50007,0,pretrain,u2V0vOFexY4,00005,-7.9526236725603905,4.224
train,pretrain,W3C23m71Yws,00012,0,pretrain,NNHAgXy5dxQ,00021,5.905863067318727,3.968
train,pretrain,3B24RaqA33k,00022,0,pretrain,9h2dFSIsH0I,00050,5.040802977650252,6.208
train,trainval,nn5k4snG3rA,50007,0,pretrain,trxGZMm4nBQ,00020,0.020183468842315477,2.688
train,pretrain,1N6e0DnGq38,00008,0,pretrain,AdHSwXl2nuQ,00003,-6.564014566120299,2.048
train,pretrain,SqCWAsd2GP8,00022,0,pretrain,bNpx7gpSqbY,00008,-2.577776106705489,7.488
train,pretrain,tFGCB51xb6U,00020,0,pretrain,iQsnObyii4Q,00021,8.004207882411304,6.4
train,pretrain,Oj8eFu72Sfc,00017,0,pretrain,Uq1idqpX9SA,00040,-4.3351570631947345,8.32
train,pretrain,sE3gxX5CiW0,00010,0,pretrain,V1K3GvSKyJQ,00012,0.851640192233198,28.16
train,pretrain,WNj1Y11tSx8,00028,0,pretrain,8QuAokSXiyg,00002,-4.737262413062755,6.464
train,pretrain,WNj1Y11tSx8,00002,0,pretrain,0N6cjPWqpSk,00011,-7.686206240835666,5.504
train,pretrain,fnS9f5x0f1Q,00005,0,pretrain,vo2cse4CoGM,00017,-2.5939759691676283,7.808
train,pretrain,w2itwFJCgFQ,00016,0,pretrain,QbxinUJcLGg,00014,-2.714863635775357,3.456
train,pretrain,S1VpOweDio8,00012,0,trainval,SDSjySgNSTk,50007,3.0339139601227174,2.176
train,pretrain,vHhn7z6BA0w,00012,0,pretrain,uSUOduS5MPc,00034,5.431373476435567,7.808
train,pretrain,Sx1qkuvUxuI,00001,0,pretrain,gC1CVOn8JQk,00006,3.1649718209467554,10.048
train,pretrain,qqNLSZ6SSSc,00011,0,pretrain,eLz9TvxGoKs,00033,-1.3068465886810756,6.912
train,pretrain,gypAjPp6eps,00016,0,pretrain,GcJxRqTs5nk,00012,7.314848212369814,3.904
train,pretrain,R84vqXjXWJc,00019,0,pretrain,Z1R1z9ipFnM,00017,8.66796665862661,4.288
train,pretrain,OwfyH5S6bpA,00014,0,pretrain,eyBEIx7fCfY,00013,-6.502258483082848,10.816
train,pretrain,ac1mOswXxLs,00031,0,pretrain,mK2TDdEP58g,00016,0.9570211111560383,8.256
train,pretrain,OSGHRMKrVM8,00034,0,pretrain,vMeEKBaiPbg,00016,0.7228267734239537,8.128
train,pretrain,DWZsOe1j2w0,00044,0,pretrain,9X68dm92HVI,00014,-0.6215523845986475,5.12
train,pretrain,XgRlrBlS7Yg,00018,0,pretrain,fnS9f5x0f1Q,00010,-2.832271899408223,8.128
train,pretrain,Svm5Czaf82k,00012,0,pretrain,Qs9m8obl0AY,00009,-5.486106448419401,4.096
train,trainval,XGq3MXQlRJs,50009,0,trainval,q1sk47FLAmg,50003,2.0697705827624304,2.048
train,pretrain,3OMgvtWNHp4,00031,0,pretrain,NRcPXtqdKjE,00033,-5.645945515714335,5.568
train,trainval,PcDftBVDSlc,50004,0,pretrain,V2u6CzpRqts,00003,-1.9879974923744808,2.624
train,pretrain,pMYYxSim5QI,00001,0,pretrain,6gSwRHScq6M,00055,8.614520822064456,6.208
train,pretrain,1CdmpHLSZRU,00001,0,pretrain,zIwLWfaAgS8,00056,2.1363288555218745,6.016
train,pretrain,vYV4tAq3wVg,00029,0,trainval,sJCBM9ajA5s,50001,6.966551509435575,6.08
train,pretrain,pPgd7Hj3ABQ,00027,0,pretrain,vMeEKBaiPbg,00013,-0.155956247044994,5.632
train,pretrain,XX30i6nC7ro,00003,0,pretrain,odIvobLv7C4,00015,-4.129431149906367,2.88
train,trainval,PcDftBVDSlc,50007,0,pretrain,KU0zEEDRKXo,00001,8.751649030166675,4.864
train,pretrain,Hc6yiSFtoNo,00035,0,pretrain,dLmK4gZ0oz8,00025,-9.217764070177575,14.08
train,pretrain,fmS0sTNcDIo,00013,0,pretrain,oml5JLFKgH8,00006,7.781576259472178,5.76
train,pretrain,twG4mr6Jov0,00041,0,trainval,tpH2fhwCzSM,50006,3.4301593496917917,3.968
train,trainval,o0TbaHimigw,50002,0,pretrain,SEDvD1IICfE,00028,-3.3728881966221387,2.24
train,pretrain,SKx2lfobPuU,00005,0,pretrain,btF6nKHo2i0,00056,6.726013165029155,5.376
train,trainval,GXySSkBVq1M,50012,0,pretrain,eYLb7WUtYt8,00012,6.596429584705714,6.016
train,pretrain,2ZviHInGBJQ,00005,0,pretrain,7JVTirBEfho,00041,6.501352815436196,7.296
train,pretrain,d8s8e8JdGCc,00002,0,pretrain,2R3Njv0LjjM,00025,-9.354095039239002,3.968
train,pretrain,69U0QWeZy0g,00002,0,pretrain,KTvSfeCRxe8,00039,4.0891088026163995,6.976
train,pretrain,1BHOflzxPjI,00001,0,trainval,jqWHy6B0ADA,50004,4.877626490860685,2.176
train,pretrain,lrZZoCmSnME,00013,0,pretrain,ivfJJh9y1UI,00015,0.23703564653659726,12.608
train,pretrain,Qz6V5OA4ymA,00005,0,pretrain,8OkzozrUEHY,00002,-6.4389070596484155,4.352
train,pretrain,C3DyhrDsNUA,00022,0,pretrain,DajRM7VyeZ4,00012,-1.1475269765317222,4.288
train,pretrain,IaWeJ8V3pg4,00002,0,pretrain,9AgCr2tTvng,00007,7.397383246319805,8.832
train,pretrain,HFFBkbsSFY0,00019,0,pretrain,L9Sc1j9VRwE,00005,1.2221541351391796,3.776
train,pretrain,stBSQ6CagVo,00012,0,trainval,kYZqyjzuaOw,50006,8.698119369304528,2.56
train,pretrain,q9Ou0cj3fF8,00022,0,pretrain,Zp0pEmSkXiM,00005,8.021517753723163,7.424
train,trainval,a4ZBzM3L6ws,50003,0,pretrain,5duz42kHqPs,00019,8.832259110206259,3.456
train,trainval,mDSuP2BsVy4,50018,0,pretrain,2pb37k555AY,00002,8.927687734454459,2.816
train,pretrain,Mu00S1dAMl4,00012,0,pretrain,Fr26scqsIwk,00007,-3.5542450883912817,10.56
train,pretrain,lrZ2DJzbYYo,00017,0,trainval,urOCGSMlB9g,50005,-9.840989200667249,3.712
train,pretrain,HdHW77blulg,00023,0,pretrain,HfuZJVpNWR4,00007,0.48067540565797096,9.344
train,pretrain,GigYWy2UmOY,00017,0,pretrain,CstD6O95LSo,00008,-7.2653251631499405,6.016
train,pretrain,nx3GuO41Jyg,00005,0,pretrain,3dqXHHCc5lA,00029,-8.349905643999955,8.448
train,pretrain,2Num0P3H7lU,00005,0,pretrain,rMeIzXvYaYI,00021,0.095650862139248,5.248
train,pretrain,2R3Njv0LjjM,00005,0,pretrain,E3SSSS5SFHQ,00032,5.051849432140465,8.576
train,trainval,om6SewSRwtU,50014,0,pretrain,7npLVcymHGc,00035,7.700437191670169,2.816
train,pretrain,ScvI1jKxlTM,00017,0,pretrain,PB2OegI6wvI,00035,-8.044395580300364,5.76
train,pretrain,sucza6EOIf0,00031,0,pretrain,0iTehgSOZ8A,00006,-4.73498645337926,8.256
train,pretrain,12ud0nSTvro,00010,0,pretrain,cRrgDS4SD8s,00004,-2.70088733232914,5.76
train,pretrain,OAK1UIbSFio,00074,0,pretrain,7ShFmRzffOg,00040,5.074654579364811,5.056
train,pretrain,UQniNhS6LOY,00013,0,pretrain,BWWPZlaq35U,00013,9.701077378520946,17.088
train,trainval,SvBggxCNNno,50017,0,pretrain,ZzSVEj5RLWM,00005,-5.1573963808765715,5.248
train,pretrain,ultonpeO0ZA,00013,0,pretrain,fSRWTyY2YSM,00033,-6.363923614421059,4.16
train,pretrain,NXvITqGAiX8,00017,0,pretrain,mWp4Sp8GTgI,00007,-8.162179555394944,4.16
train,pretrain,vbKKoniUxMk,00020,0,pretrain,EeHSCk940DU,00003,-3.376261579650876,6.016
train,trainval,vGDZmSnSkfo,50002,0,trainval,NtOoDN0ojxo,50010,-5.425582248622403,3.456
train,trainval,ivfJJh9y1UI,50004,0,pretrain,J6tgYBMXR6s,00059,-9.765733182564416,4.032
train,pretrain,MSZS1wnjfhY,00002,0,trainval,drv3BP0Fdi8,50017,-1.6539765243980415,2.752
train,pretrain,S6cX2p5cBVg,00025,0,pretrain,Melo1Bgporw,00003,6.98047633284353,8.768
train,trainval,unSnvLgyf3o,50004,0,pretrain,zeSVMG4GkeQ,00023,-3.7959696929237374,5.504
train,pretrain,UQzvNIIMayo,00007,0,pretrain,h4GEMYsrJSY,00002,-5.761530463469377,13.056
train,trainval,jk0Y3Ss212w,50004,0,pretrain,mWfCqsFP05A,00016,-2.099259927702331,6.016
train,pretrain,urntcMUJR9M,00030,0,pretrain,o2WyXD7IaN0,00024,-6.000352734273102,3.136
train,pretrain,qQIwTWJSd2I,00004,0,pretrain,xSUw0NiseBM,00005,-1.4503336899795585,9.472
train,pretrain,sa0RUmGTCYY,00029,0,trainval,hFgPtuzgw4o,50002,-4.068733470933723,3.52
train,pretrain,rAA8mMQi0is,00004,0,trainval,M9pPgIraoOM,50007,-9.772971965719098,3.072
train,pretrain,78nsxRxbf4w,00006,0,trainval,G8w4UQL6aI0,50004,1.9976327048999742,6.144
train,pretrain,YA87VEeoZLI,00001,0,trainval,FTUpFYo0rMI,50023,6.360866701747174,4.288
train,trainval,488ZBeaGo6s,50001,0,pretrain,bKQA6I4BA7o,00014,-0.7811092540190891,4.928
train,pretrain,xRL2vVAa47I,00025,0,pretrain,sgTjCpBOeCU,00012,1.1366338765045079,11.584
train,pretrain,rAA8mMQi0is,00006,0,pretrain,8b2vNkEtfpc,00005,-0.1408202900926483,5.376
train,trainval,Cj04JUBXe2E,50003,0,pretrain,icI94blMKIc,00003,5.111339072059366,3.008
train,pretrain,seARHjX8Ssg,00013,0,pretrain,lwz8KvS9NRA,00009,-8.032842371540195,17.088
train,pretrain,JGVU8n7jjHc,00004,0,pretrain,0GL5r3HVAZ0,00032,-8.514450850024984,5.376
train,pretrain,RJ0ldeMS9SM,00014,0,trainval,IshrD4mjnNU,50005,-7.380937466145894,4.864
train,pretrain,ScvI1jKxlTM,00002,0,pretrain,4BwSMSCFdu0,00017,-6.121254262961524,6.528
train,pretrain,jpeSLKnS4gM,00035,0,pretrain,LpNkuaVnlPY,00004,1.0842568413436204,8.32
train,pretrain,CbS6PPBJJB8,00005,0,pretrain,kFMZrEABdw4,00023,7.030340201208279,8.192
train,pretrain,S9ry1M7JlyE,00030,0,pretrain,wQ0NNmo42SA,00008,-6.3244091303306345,15.04
train,pretrain,lVQ3KUTHDe0,00010,0,pretrain,tX6YpAf6Sco,00020,-7.495641074258259,9.28
train,pretrain,0Bhk65bYSI0,00004,0,pretrain,oJfFMoAgbv8,00017,8.241245388364945,7.232
train,pretrain,y3EG6cO3ngc,00004,0,pretrain,fTsFVO6OhO8,00002,-6.322363837064011,6.016
train,pretrain,druJDI6hiiY,00018,0,pretrain,mwzBJF5Q7Vw,00012,5.901910438056461,5.76
train,pretrain,7DCofMA9eQA,00006,0,pretrain,VLze6W7SvyY,00012,6.343194442573029,8.512
train,trainval,3f6xCzKx9CA,50018,0,pretrain,Sj2XrT0QN5A,00013,-0.8294701372299507,2.816
train,trainval,v22SdEMzxO4,50002,0,pretrain,LpNkuaVnlPY,00004,-3.6675953898746076,5.568
train,pretrain,KI3WJXNhCJ8,00016,0,pretrain,chXsLtHqfdM,00020,-9.82002137494635,7.744
train,pretrain,Yn9fTcSWMbo,00020,0,pretrain,avuhY7D71sQ,00027,-5.7730177036052766,5.888
train,pretrain,CrsdoIOGCRw,00013,0,pretrain,uCC3dS7FrkQ,00005,-3.1190101690296483,9.856
train,pretrain,UwtYQFSJSQc,00015,0,pretrain,xAgawjzimjc,00012,-9.10460465633758,7.744
train,pretrain,kySSXxxiWHg,00008,0,pretrain,OwfyH5S6bpA,00022,2.6877825252485383,11.648
train,pretrain,SpQ1BCdSTTI,00005,0,pretrain,KChjQvXjk1g,00017,5.675874083754074,4.608
train,pretrain,ndAHAjgquwk,00007,0,pretrain,mDSuP2BsVy4,00028,9.451423082785091,9.408
train,pretrain,JM77aTk1XyI,00009,0,trainval,bzlYyhh3X0w,50001,-7.485935904021654,5.312
train,pretrain,bxkslfQc0EA,00012,0,pretrain,HQzXqjT0w3k,00037,0.9251908921802041,6.528
train,pretrain,BN9a8Ldy7Xc,00014,0,pretrain,R7beBKnH9u0,00017,-8.619553283486157,8.448
train,pretrain,8XQ1onjXJK0,00003,0,trainval,ZLgGoHXp8s4,50001,8.757465443299232,4.736
train,pretrain,mi9B40hZYAo,00006,0,pretrain,0S7tbjvnH3s,00004,5.966169597870451,2.368
train,pretrain,S2OzLREwHtI,00015,0,pretrain,VN357QrUdEc,00003,6.1859411066306755,10.688
train,pretrain,04SEzifEsGg,00052,0,pretrain,bhHJ4DRZNZM,00017,-9.60267057319113,5.376
train,pretrain,NAkkckxE9i8,00007,0,pretrain,Cr1usGUSuL4,00021,9.075592247538022,5.952
train,pretrain,0SW0HFy9Et4,00022,0,pretrain,nFEgRt2EH1g,00014,-0.9374419138495682,8.832
train,pretrain,X41iulkRqZU,00024,0,pretrain,UDXtFbSmBAg,00020,-1.6350906906277913,13.056
train,pretrain,j7RsRnYlz7I,00017,0,pretrain,gzcwS02ZB1o,00025,8.6828750587249,6.528
train,pretrain,lDq9SQxvsNU,00069,0,trainval,ce31WjiVcY0,50010,-6.561095892191371,6.08
train,pretrain,C8QCStOtqus,00025,0,pretrain,uVAaZVz9pDs,00060,1.7868555095286354,5.76
train,trainval,KoXdjyJyxbE,50008,0,pretrain,BISCnsKyOuk,00018,5.973985147731593,6.144
train,pretrain,VM7HQSzbdIw,00006,0,trainval,CHxhjDPKfbY,50003,5.723600466107639,4.288
train,pretrain,FSNEIwDiCSw,00057,0,trainval,s2F41IQSPGE,50034,6.574884671622495,6.144
train,pretrain,6EghiYSs2ts,00032,0,pretrain,oXbhTHaMwTw,00022,6.642372802206932,8.576
train,trainval,qzR62JJCMBQ,50021,0,pretrain,ZHOyfyGwpes,00007,-4.9293455870825476,5.888
train,pretrain,PB7xs7UpIfY,00014,0,pretrain,xjSQFZX2m9o,00037,5.7144285459418125,8.576
train,pretrain,wZ2TF8SPGQ4,00005,0,pretrain,fqJAeReFr8I,00029,-2.3674272378609658,6.208
train,pretrain,rni41c9iq54,00006,0,pretrain,ZHOyfyGwpes,00050,3.8829022228847734,13.696
train,trainval,cWYcXhMhJF4,50005,0,trainval,zuLOT6GsAxw,50001,4.7738497529027395,3.584
train,pretrain,p8KSCPXuYwI,00012,0,trainval,5Dn08yo9aiM,50002,7.01263819683631,6.144
train,pretrain,QJ28IC63hlI,00008,0,pretrain,6H6wKMYSiEU,00011,0.865072237586924,16.0
train,pretrain,cJgStPB0Nu0,00002,0,pretrain,gDS1Eh6rqf8,00010,9.316115565394458,3.456
train,pretrain,hPI0TM75lXA,00010,0,pretrain,rGgoCm1hofM,00029,5.903956405896153,25.984
train,pretrain,u9hauSrihYQ,00028,0,pretrain,UVDgemuZdho,00020,7.175253473415836,7.168
train,pretrain,0Y8SIzP01lw,00008,0,pretrain,DSbrTiSwyLk,00004,5.731795185444245,17.024
train,pretrain,2JSZ66uMRwc,00035,0,trainval,w4RLfVxTGH4,50004,9.48277359846934,2.944
train,pretrain,HMYVHShBGWg,00010,0,pretrain,5Yikqlc7yl8,00004,0.2984741667628512,6.656
train,pretrain,re7fSqe6SBI,00004,0,pretrain,5OqqAKHfHv8,00003,9.04812596956549,17.408
train,trainval,Ogce5D2XMZ0,50002,0,trainval,ovV7v2XYJAI,50006,7.351328699676529,2.56
train,pretrain,KaiwGb0csas,00001,0,pretrain,TjaM0tdxtYA,00012,3.629587431279205,6.976
train,pretrain,KCL8NjN7FMQ,00002,0,pretrain,zUS5GcqzHNM,00009,-2.3688490659505312,3.968
train,pretrain,DlGUSNXOdpQ,00009,0,pretrain,VM6HZqQKhok,00057,0.2950404492833023,15.296
train,pretrain,PlQ3VdvvTvE,00007,0,pretrain,iU1bhHeCkoU,00019,-7.186603240243001,7.04
train,pretrain,x5mionzBMlA,00004,0,pretrain,y1yK36RMyRE,00012,8.461799241087643,10.048
train,pretrain,9ijS6iMi9gA,00015,0,pretrain,kGZvNbfrNag,00003,8.476492647149215,8.384
train,pretrain,rbnBeSvXGQM,00022,0,trainval,MLZubXfClL4,50009,-6.6107874137347515,2.944
train,pretrain,oX1C3Jn05OE,00017,0,pretrain,WCj82W7XkjI,00029,-7.108563120320149,3.776
train,pretrain,Vqm8fXFFHyY,00021,0,pretrain,zXCiv4sc5eY,00045,9.096209681404368,4.48
train,pretrain,HFqLoHyCTRc,00003,0,pretrain,Ydj28CDrHV4,00022,-1.931103497618846,19.52
train,pretrain,WSKPrVG3Evs,00002,0,pretrain,QJ28IC63hlI,00020,-7.029987109428388,8.128
train,pretrain,2j00U6lUCSc,00021,0,pretrain,UWKvpFZJwcE,00039,-5.838711702421864,4.416
train,trainval,UUqr4P7P3gM,50005,0,pretrain,SsnWLZvRNZc,00010,2.8048640184331965,2.688
train,pretrain,FktsFcooIG8,00017,0,pretrain,3m6dV7Xo3Vc,00004,8.75264664504482,11.456
train,trainval,om6SewSRwtU,50009,0,pretrain,J6tgYBMXR6s,00043,9.973484957827125,6.144
train,pretrain,0bop3D7SdDM,00002,0,pretrain,oDdcx5luv5s,00017,5.028817300566075,6.528
train,trainval,ATISgVUKetI,50015,0,pretrain,2BOTS9GAjc4,00042,8.874381417076659,3.648
train,pretrain,c73Q8oQmwzo,00024,0,pretrain,3rbVQNTzCh8,00012,9.928920025303778,3.264
train,pretrain,6ePXxeGrfvQ,00002,0,pretrain,BStjKYvEziI,00007,2.6519132011632944,9.472
train,pretrain,jAemhSJxgOk,00001,0,pretrain,7JQbyvNjM74,00012,1.8882623906190883,8.704
train,trainval,3E46oWB4V0s,50019,0,pretrain,C8zY0oAdQrs,00001,-4.264100538605775,2.88
train,trainval,BgbD67U0BAQ,50001,0,pretrain,tiwVMrTLUWg,00024,0.10393131031126046,2.048
train,pretrain,4oFGmxZ2nqE,00021,0,pretrain,mArrNRWQEso,00050,3.658063859090408,16.256
train,pretrain,wZzHnZzmS58,00002,0,pretrain,nzj7Wg4DAbs,00019,-1.597417395686044,7.104
train,pretrain,2TDLN61HKKc,00018,0,pretrain,m2SLpM5uL5g,00012,-1.813938438065657,11.392
train,pretrain,GROCkg810R0,00010,0,pretrain,8XQ1onjXJK0,00047,-3.9103731410493614,5.952
train,pretrain,eRQdAOrqvGg,00015,0,pretrain,4Rtfi4MSafA,00024,9.709809013376884,4.928
train,trainval,JmCtZzSRztQ,50002,0,pretrain,M1yCvKASWdU,00022,9.359868231657849,6.08
train,pretrain,KVhWqwnZ1eM,00012,0,trainval,uYyvbgINZkQ,50002,-1.2235083554647552,2.112
train,pretrain,86xSuStz0MA,00035,0,pretrain,70VZ1SOzSnc,00011,7.48023220275563,5.44
train,pretrain,KkYuhwr3esg,00009,0,pretrain,o0q3veMwv6A,00013,8.209478685342543,10.688
train,pretrain,SF242mxtZN8,00039,0,trainval,wSepGxx36To,50016,6.496532315605577,6.08
train,pretrain,2tCcoSRZqVY,00002,0,pretrain,rFAdlU2ETjU,00001,-4.30685815420639,4.288
train,pretrain,ATISgVUKetI,00001,0,pretrain,4KhnSz9FPmU,00033,3.4128732503666086,3.776
train,trainval,G1RRbupCxi0,50018,0,pretrain,LizFrxTK5Qo,00005,0.2672097167595986,6.016
train,pretrain,pDsAqCEo5CY,00015,0,pretrain,hBtXiTumdY0,00014,-6.261323628083691,6.08
train,trainval,73rUjrow5pI,50003,0,pretrain,CiZMZ7d7O0k,00006,4.7491998812597185,4.096
train,pretrain,nPGVm6OesQk,00003,0,pretrain,796LfXwzIUk,00029,5.980105684396282,12.416
train,pretrain,zXSrqdSohyA,00025,0,pretrain,4Z75ASJMBx4,00045,2.1201661769140117,4.544
train,pretrain,sLiM2SizFl4,00023,0,trainval,g9M3HIjHuq0,50001,-5.718756244583281,4.48
train,trainval,mzy84VbSGxk,50006,0,pretrain,acNGOQO7URc,00005,5.728118380364444,2.56
train,trainval,tIINqNUediU,50004,0,pretrain,iNOE0dZpHcY,00043,-4.44986239715512,2.304
train,pretrain,lxovD2LQVUQ,00007,0,pretrain,q1sk47FLAmg,00017,1.047030175375859,25.6
train,pretrain,gCWeVYCcKXw,00035,0,trainval,gVLu99Ja2mA,50002,-6.498701170376904,2.368
train,pretrain,2JSZ66uMRwc,00019,0,pretrain,0HEXx3SP8kk,00025,-9.345701112900501,4.224
train,pretrain,4Lb5LSVEm34,00022,0,pretrain,q4TJEASZRys,00018,8.633089282732428,7.104
train,pretrain,WLj0uepcPFs,00003,0,pretrain,XkiXXPShycA,00033,6.0821860658211655,12.736
train,trainval,iCvmsMzlF7o,50019,0,pretrain,FETryXMpDl8,00006,8.38213218328859,2.496
train,pretrain,U2dHczVSCdo,00010,0,pretrain,qmnVdzzAuQk,00004,8.937968176141808,3.84
train,pretrain,OT9poHSD2Iw,00025,0,trainval,8meWY0W40OA,50012,-4.281867694530826,3.328
train,pretrain,kSR8G8mfp84,00022,0,pretrain,th3nnEpITz0,00004,1.024794790060099,11.968
train,trainval,qJ7A74Vx7YE,50001,0,trainval,HFqLoHyCTRc,50003,4.878130795482241,3.904
train,pretrain,SY78HMlWo6k,00010,0,trainval,k8OgHJ4WXR0,50004,-6.409903570324751,2.368
train,pretrain,MvojSku8zk0,00027,0,pretrain,uPZw3ebk8oI,00017,6.092720875386593,5.888
train,pretrain,DZyaRAVcYuY,00003,0,pretrain,2W1jvTEjc1s,00005,-3.5928931836117073,8.576
train,pretrain,1EHZAQmw2JA,00002,0,pretrain,cSiNSQubRs0,00039,5.842587231824689,5.184
train,pretrain,aOW7JZaqKGA,00032,0,pretrain,eYLb7WUtYt8,00014,6.427571374753679,5.824
train,pretrain,6ul2TSvUDog,00025,0,pretrain,dcySuzHPCWM,00011,9.738681707330311,7.488
train,pretrain,StqRJhHNUGA,00007,0,pretrain,MLvwTlbj1Y8,00018,6.365913600062125,4.928
train,pretrain,H03o2WCBoDU,00032,0,pretrain,YO0lbdhF30g,00019,6.7875385505860635,11.712
train,pretrain,gBkIyJ7kfSI,00060,0,pretrain,ut5STVLAFDc,00023,8.388800899730292,8.32
train,pretrain,mFnS7wG1qXw,00017,0,pretrain,Wh9O3SciOYs,00001,-0.07448693997214484,5.248
train,pretrain,LPwWYFOFTGU,00002,0,pretrain,0HEXx3SP8kk,00001,-6.137985351686856,7.616
train,pretrain,IfjI0tVUpbc,00009,0,trainval,GigYWy2UmOY,50002,8.339764005423135,4.416
train,pretrain,breDQqrkikM,00024,0,trainval,P8GCjrDWWUM,50002,-1.0068291062754469,4.288
train,pretrain,1JxxCB9GiGU,00011,0,pretrain,JeHqgambbcI,00018,-4.211414454630225,7.296
train,pretrain,pSCefSAYqaA,00005,0,pretrain,vSjlCJaEwZE,00058,-9.938417112153878,7.04
train,pretrain,vhhgI4tSMwc,00002,0,pretrain,axAxSDq3rn8,00004,3.7486135451715548,7.68
train,pretrain,Mr8nvXvlSy8,00007,0,pretrain,bcSXtB5bQgs,00005,-7.116986620602789,5.76
train,pretrain,gWD6g9CVSsc,00017,0,pretrain,acikxzM6GaY,00014,-4.289735276185008,11.136
train,pretrain,ErexJkoDhGI,00008,0,trainval,3lxyiS3CGrk,50010,0.9773407037479149,5.056
train,pretrain,CBphxhTY8mc,00001,0,pretrain,IL2lb9fmIV8,00013,-1.390398361442589,8.256
train,pretrain,8iQnrM3DkVI,00005,0,pretrain,5CSDIcUsIJk,00016,8.337263366077494,3.648
train,trainval,Va07q3HFEZQ,50009,0,pretrain,uWfLwKHSEko,00012,-9.713051597415568,2.816
train,trainval,9ijS6iMi9gA,50004,0,pretrain,K8Dj0oSf1SA,00013,-1.8006658748228315,6.016
train,pretrain,R9g3QSqvtss,00009,0,pretrain,AAkEYcmCCCk,00005,-7.029711460507566,4.288
train,trainval,AU66C6HePfg,50007,0,pretrain,KCL8NjN7FMQ,00026,-8.328022244008936,6.016
train,pretrain,AP8i435ztwE,00022,0,pretrain,k6DPjCmc3BM,00003,2.5151196428923086,6.656
train,pretrain,xYIGNOHhNe4,00003,0,pretrain,Suna6LDOvS8,00011,-4.588635333981483,11.584
train,pretrain,7pVPmmwSeJQ,00013,0,pretrain,0C5UQbWzwg8,00016,-5.42880632530089,5.696
train,pretrain,mrZ6q4uUVL4,00017,0,pretrain,D5iFVKhLStU,00006,6.712893696314314,5.248
train,pretrain,1BfMMoLYMlg,00024,0,pretrain,SZSvyLHi2us,00006,5.227915357398366,3.648
train,pretrain,z0HsPBKfhoI,00015,0,pretrain,Ysxz5Ug70G0,00020,8.972629249171135,5.312
train,pretrain,gSCSsL3it9Y,00001,0,pretrain,lVQ3KUTHDe0,00021,-2.237720611580567,7.04
train,pretrain,S9ry1M7JlyE,00012,0,pretrain,FEeTLopLkEo,00008,-9.80142649212058,6.08
train,pretrain,50m48lpi4AU,00033,0,pretrain,8rZzHkpyPkc,00012,-9.510292894345545,10.24
train,pretrain,JzLiCBCbAMY,00036,0,pretrain,FETryXMpDl8,00018,2.992731247782052,14.208
train,pretrain,VSbjOJzB7LY,00004,0,trainval,h0C2LPXaEW4,50029,0.5598809889566176,2.112
train,pretrain,1Dd2yCf3PyA,00005,0,pretrain,CHxhjDPKfbY,00016,-3.8736744664819645,7.296
train,pretrain,dY9f9bFctUE,00049,0,pretrain,B1dkma6GRZo,00026,0.24924695714879697,9.92
train,trainval,ATISgVUKetI,50021,0,pretrain,DSbtkLA3GrY,00039,7.807268302426429,3.072
train,pretrain,EDLWWP8N6MU,00020,0,pretrain,kNhyOYv2ejw,00038,7.340162819182172,17.024
train,trainval,H74XsXCjKA8,50002,0,pretrain,YhG1Bgbsj2w,00026,-7.902975833543753,6.08
train,pretrain,eyq2Wo4eUDg,00025,0,pretrain,MSZS1wnjfhY,00009,-5.1568288422120245,5.312
train,pretrain,Qd7PiXg5fKE,00021,0,pretrain,GgBpyNsSSjU,00014,8.996395111473849,3.328
train,pretrain,OAK1UIbSFio,00008,0,pretrain,4AaSUyfNN4c,00009,4.897123614741412,5.12
train,pretrain,2NENlXsW4pM,00012,0,pretrain,kYZqyjzuaOw,00006,4.021521967441915,35.456
train,pretrain,ZzugJPASNB8,00043,0,trainval,G8cjIBwP52o,50003,3.589571457354321,2.56
train,pretrain,H1fvr9rGgSg,00026,0,pretrain,x3AwnkR92EA,00005,-1.1675488381900951,5.44
train,pretrain,H0SyKBitO8M,00003,0,pretrain,3YAF5JdsMm8,00016,-6.465137645375445,5.312
train,pretrain,wMsOYqJ4ShA,00007,0,trainval,xqPJKtFI42U,50006,2.3815007309150378,4.48
train,trainval,nAMrtHC2Ev0,50004,0,pretrain,3Z6x5t5A9so,00046,-5.644658111118166,5.504
train,pretrain,Bc2wVyl8RLI,00023,0,pretrain,IDSSieLCmS4,00017,4.429087271212973,11.328
train,pretrain,hCop3IGZH2o,00023,0,pretrain,G8gJJuCdPSA,00020,5.0426894140278495,8.512
train,pretrain,Eewvsw027jg,00006,0,pretrain,hgui64Kr0Go,00024,-5.210681029970861,3.136
train,trainval,Y7QaqazOvSA,50006,0,pretrain,Zctk6MZaxMk,00006,-9.496660950819154,4.096
train,pretrain,65e2qScVSK8,00023,0,pretrain,urntcMUJR9M,00018,2.5081323197574044,4.288
train,pretrain,HfMhU6qjVVM,00005,0,pretrain,Let7s6SPgEU,00011,5.434767172100772,7.424
train,pretrain,0sYguTPLpHE,00077,0,pretrain,naSNfaSbOjA,00003,-2.9972386022721142,9.408
train,pretrain,2tBuvxXxlS4,00031,0,pretrain,fDV4fDWUo6U,00013,-2.274470427667885,3.648
train,pretrain,PS6vDLq64gE,00013,0,trainval,BltRufe5kkI,50002,5.15272931991097,2.112
train,pretrain,WXOd4qh3JKk,00013,0,pretrain,NuJg8auo7FE,00001,4.331274737921111,8.064
train,pretrain,IWjzT2l5C34,00003,0,pretrain,MtSE4rglxbY,00035,9.438873117876774,9.28
train,pretrain,30KJRb4MzSg,00013,0,pretrain,0FkuRwU8HFc,00012,-5.731508699889645,5.824
train,pretrain,eSBZigXlphY,00009,0,pretrain,BQOz6OVz1zc,00001,-5.984707014405948,6.336
train,pretrain,Qprd1VNNNec,00008,0,trainval,iTdZn78u6pI,50004,1.9792823354409155,4.48
train,pretrain,XYEChpVS04s,00009,0,pretrain,SbphPa7Wp4c,00021,0.674113930307275,7.296
train,pretrain,sBsuIAscshE,00042,0,trainval,H2rG4Dg6xyI,50036,0.21519422114579,5.376
train,trainval,CWU13rx44j8,50012,0,trainval,qL7UlSA6rRk,50002,-7.066926035625385,2.048
train,trainval,joyi6anTSFQ,50002,0,pretrain,NNHAgXy5dxQ,00009,5.47912549210478,3.968
train,pretrain,85hbMtegrLc,00029,0,pretrain,q1pKLVX3VSA,00002,-9.792873122412795,4.864
train,pretrain,9ebJlcZMx3c,00034,0,pretrain,lbBDoFp2HIQ,00006,-1.7067125949529647,10.688
train,pretrain,deT1mILtFEY,00001,0,pretrain,BZsdiVTFt7Y,00007,-4.043590018954153,7.616
train,trainval,GjINFuwLGvQ,50001,0,pretrain,EgU3iSg8ZRY,00008,-8.746663856892953,6.016
train,pretrain,DJGreSgaOTc,00041,0,pretrain,mPCDOij0bB0,00009,7.900005498858601,9.792
train,pretrain,PXMJobWlXks,00017,0,pretrain,lXQ4HSMp1OA,00020,-4.94448222769784,6.912
train,pretrain,7ZW8SLQftnY,00023,0,pretrain,O8e8TtfzSpY,00002,-8.71492531948473,14.208
train,pretrain,xuAAPsiD768,00039,0,pretrain,JrRRvqgYgT0,00001,8.14846237146525,4.288
train,pretrain,rmeGVhhbGrM,00010,0,pretrain,nLtUl2CP8ak,00016,-1.3655625969122216,13.184
train,pretrain,0D9QIG36J9Q,00020,0,pretrain,eyBEIx7fCfY,00033,3.0495651218817486,7.808
train,pretrain,VGUnvr6ImOo,00027,0,pretrain,ok54sSWquT4,00026,-2.292570662542543,7.168
train,pretrain,nVEvzeIXbpk,00027,0,pretrain,a5xR4QB1ADw,00024,-4.600006514238695,4.224
train,pretrain,AE0gO5wSaok,00053,0,pretrain,PUh5msG0rG8,00019,-0.7425141855837296,4.992
train,pretrain,7CIq4mtiamY,00015,0,pretrain,855Now8h5Rs,00024,6.198660811867317,19.008
train,pretrain,AIfBSkVI6NQ,00017,0,pretrain,9H38oQBw2HU,00009,8.486788059396822,4.8
train,pretrain,trxGZMm4nBQ,00025,0,pretrain,YhpMSjbVopo,00026,-8.15142141566264,4.416
train,trainval,M8CTOjQhJFo,50005,0,pretrain,3GVOSMfIl1Q,00001,-2.3501804506620916,2.624
train,pretrain,xMS9HlSSLSA,00027,0,pretrain,W0StyxgMk1o,00018,-3.308888563200232,8.128
train,pretrain,7Iv2nZnZOrM,00010,0,pretrain,SJmnB54WRgk,00012,4.664012510190954,3.456
train,pretrain,DhSoIwxWkkI,00034,0,pretrain,nncPtxLCPrE,00020,-9.322237784065972,9.664
train,pretrain,3E7hkPZSHTk,00005,0,pretrain,7npLVcymHGc,00026,-5.881587519927987,10.88
train,pretrain,1LSE7KCN9xg,00007,0,pretrain,mA1vshSuyQU,00005,-7.3615292062688775,7.552
train,pretrain,9vKRj9yV8pI,00046,0,pretrain,4sg9TlsMRVA,00025,5.438622355468841,5.76
train,pretrain,C74amJRp730,00049,0,trainval,Wtp7R97jz5k,50005,-9.24235378706304,6.144
train,pretrain,jPyR3UDhOm4,00046,0,pretrain,BnC6IABJXOI,00022,0.7301144740552612,9.152
train,pretrain,2PNumSv80R4,00003,0,trainval,iW4fCwfw1vg,50015,3.0945867866557446,2.944
train,trainval,7sqeoYOQ4qg,50002,0,trainval,6bCHq1OvGR4,50002,-2.77904659756794,2.24
train,pretrain,P5Mpo4JQZhw,00036,0,pretrain,gYKyaDOyUO4,00011,-7.577671167824061,3.584
train,pretrain,N8Votwxx8a0,00005,0,pretrain,mS8tQSTYLgk,00019,-6.947126767779947,5.568
train,pretrain,UqyOedEHIrw,00022,0,trainval,2wseM6wWd74,50005,4.76191971885898,5.76
train,pretrain,d6KSsePuFAo,00016,0,pretrain,scITIoJvMJ0,00007,-8.866454336606314,6.528
train,pretrain,7Mqse6SLOds,00003,0,trainval,vRK7KKQH9Ck,50004,0.14081237416816705,3.136
train,pretrain,MnT1xgZgkpk,00028,0,pretrain,XkiXXPShycA,00023,-7.431918133180027,8.256
train,pretrain,sPQViNNOAkw,00028,0,pretrain,BnC6IABJXOI,00004,-4.823405924993976,11.84
train,pretrain,vhhgI4tSMwc,00043,0,pretrain,mCZCokSu37w,00027,7.62512529374899,6.144
train,trainval,ysln0YyjUok,50002,0,pretrain,dkLcwHmnPV4,00021,-9.504433905315295,3.52
train,pretrain,6gSwRHScq6M,00010,0,pretrain,E2qmkUsf6Y4,00004,8.879816871668911,3.648
train,trainval,PcDftBVDSlc,50016,0,pretrain,vzKA1y3cdYI,00026,-4.7649672302176915,4.288
train,pretrain,uYyvbgINZkQ,00030,0,trainval,R21MsHQA8vM,50021,-4.928796262400043,2.88
train,pretrain,SMBiP3G2Pzc,00022,0,trainval,GSIpG4t4Z5k,50003,-3.915307575208857,5.76
train,pretrain,ZqeASpsKn2E,00007,0,pretrain,NaoSp4NpkGg,00009,2.594638002888953,5.44
train,pretrain,GSmaUPREKlU,00007,0,pretrain,f6nQJoEk7Ko,00012,4.674398820942018,8.64
train,pretrain,PCWIGN3181U,00003,0,pretrain,r3afSFSG570,00047,-0.1164820954995669,8.128
train,pretrain,RgqtrlixYR4,00014,0,pretrain,UhC2U8VFgB4,00007,1.4895991738782666,5.44
train,pretrain,fRu9DbUULHM,00004,0,pretrain,WNTk29zXl4A,00026,-7.165779470270904,8.064
train,trainval,5Dn08yo9aiM,50004,0,pretrain,XLi6iYnnsGc,00023,-9.665868459680132,2.048
train,pretrain,1CN7PF10RKo,00004,0,trainval,JC7WnzM2Lsc,50003,9.708583984561091,3.008
train,pretrain,zvvZEIGNLo0,00014,0,trainval,PMBWNbj2awk,50005,9.730599453677307,3.2
train,trainval,mjUsobGWhs8,50001,0,pretrain,415VX3QX4cU,00012,9.98164378748158,2.688
train,pretrain,CFADnhYKDHg,00023,0,pretrain,dwU8eavPInw,00024,-9.271121278482763,3.456
train,pretrain,Erm4vP1vTn8,00010,0,pretrain,MiPXuEFAdIc,00008,-9.106290438117092,6.208
train,pretrain,xqPJKtFI42U,00012,0,pretrain,8Szk2DpgLCs,00003,4.671683088329825,8.32
train,pretrain,xTBYcSL3MrI,00027,0,pretrain,Sx1qkuvUxuI,00008,-6.231249302521187,18.176
train,pretrain,eZgSGgToBEE,00020,0,trainval,zuLOT6GsAxw,50028,6.988827927990503,3.264
train,pretrain,u0VHC1SDOS8,00010,0,pretrain,0GL5r3HVAZ0,00001,2.954296366299264,4.032
train,trainval,1oNlTrLIjU4,50006,0,pretrain,tV2RLLtOgL4,00032,-9.241161431013094,5.76
train,pretrain,BSxI3YxAPW4,00043,0,pretrain,bRuU02haIK8,00030,5.04248011935433,6.848
train,trainval,ME0OeqjnVAw,50011,0,pretrain,0Amg53UuRqE,00005,1.778889847875167,2.688
train,trainval,rQSSSLRpsVs,50006,0,pretrain,YglyHzvBqpA,00006,3.063836403473413,2.816
train,trainval,xuAAPsiD768,50007,0,pretrain,R7vmHGAshi8,00036,5.903937518591746,2.24
train,pretrain,GbYc9BOU30o,00017,0,pretrain,e450FJaS3no,00012,-5.882406069021851,12.032
train,pretrain,ec9GyxEUGec,00021,0,pretrain,qykDS2AXKIU,00007,0.984858202717227,9.856
train,pretrain,MkSSu32xfGc,00005,0,pretrain,BISCnsKyOuk,00025,1.4359555728588376,4.16
train,pretrain,xy7SMVCRFbQ,00017,0,pretrain,x5LshSZn5RA,00003,3.1351391186829396,3.52
train,pretrain,BFK2knjj4lQ,00024,0,trainval,oiVSHkItqxo,50001,-3.348445165256175,5.376
train,pretrain,sBsuIAscshE,00041,0,pretrain,ASOvJjAw2Jo,00009,-7.907754875054689,4.608
train,pretrain,ZHOyfyGwpes,00035,0,pretrain,488ZBeaGo6s,00033,-1.0549769650825969,8.576
train,pretrain,aSGIZBmGOsU,00002,0,pretrain,u7SWcQaoaRQ,00016,-6.121919334935821,8.896
train,trainval,osBbP6Om4Mg,50016,0,pretrain,cdpIwjTtLlg,00026,-5.072083617345395,6.08
train,trainval,1BfMMoLYMlg,50001,0,trainval,HS8y0WLm78U,50005,-5.0559512587506035,2.432
train,pretrain,u2V0vOFexY4,00001,0,trainval,kpfsQbFV5SU,50005,0.5780867545443442,2.304
train,trainval,H6n3iNh4XLI,50014,0,pretrain,DBoShCrKfLQ,00002,9.381318376691624,2.496
train,pretrain,oKtALHe3Y9Q,00009,0,pretrain,5tUnSuoYKoE,00045,-4.825123223106065,4.032
train,pretrain,fv8KpQY0m6o,00007,0,pretrain,UVZyVz8gBeQ,00012,-5.721094384083374,2.304
train,pretrain,yqc9zX04DXs,00009,0,pretrain,kGZvNbfrNag,00002,3.749717133781406,3.008
train,pretrain,gevXeQwS1jg,00049,0,trainval,KoXdjyJyxbE,50013,8.606094083835849,5.696
train,pretrain,EZwxKPv1CwA,00025,0,pretrain,RxqyO5hafdk,00017,-1.1652461253574664,25.728
train,pretrain,uSMqkSqSgN4,00021,0,pretrain,fSRWTyY2YSM,00008,-3.1195383561423684,4.352
train,trainval,eMSonXncSjA,50018,0,pretrain,iNgBSj4S5HY,00015,4.45686421050131,6.016
train,pretrain,7p4zw4SqgUw,00018,0,pretrain,MtSE4rglxbY,00028,-6.378616200486366,13.376
train,pretrain,VL5zqmpiJlQ,00014,0,pretrain,7Wc8t26OSxw,00005,8.980121593702158,4.288
train,pretrain,59SRn1SkWAA,00028,0,pretrain,V1gxziZwmkc,00009,7.088807122617823,3.456
train,pretrain,9yEl0SbCA9M,00012,0,pretrain,jqWHy6B0ADA,00015,-1.0824543349717093,5.696
train,trainval,MqnbE5WRPEU,50007,0,pretrain,r9Zz4hYuGdw,00030,-9.052022526519444,5.76
train,pretrain,jSGzkjHtFiA,00011,0,pretrain,wNokfBHccVI,00020,-5.401952720478985,9.28
train,pretrain,mt4oSR9wzrs,00002,0,pretrain,8rZzHkpyPkc,00062,1.2708891896741612,4.928
train,pretrain,XAvE61JqkQs,00035,0,pretrain,HJqtUUDhaxA,00041,-7.398559360929946,6.08
train,pretrain,JSLUS3qLv0I,00024,0,pretrain,VekRvcbL4yk,00027,6.173146731178846,4.928
train,pretrain,bzj1BTdfoeI,00053,0,pretrain,NwmGTM5Py8Y,00078,-7.4024155267265375,8.256
train,pretrain,HJY8gMsonU0,00016,0,trainval,f6CILJA110Y,50069,-0.38942045484410315,5.056
train,pretrain,dJEwC4wCM70,00026,0,pretrain,iNPsDky1z94,00002,-3.8486290824691194,6.08
train,trainval,AJYRJ92g4GI,50009,0,pretrain,JSuTsrxfYWQ,00027,2.428735270926598,3.136
train,pretrain,ZpT0cw9bmiw,00018,0,pretrain,ac1mOswXxLs,00027,1.0443014631713758,12.928
train,pretrain,vtjbyBUYYzY,00015,0,pretrain,rrkrvAUbU9Y,00027,-8.86717870769111,3.648
train,pretrain,xzT6iH2CX4k,00009,0,pretrain,SMBiP3G2Pzc,00004,3.4145037309580353,3.456
train,trainval,UiosQf4GqnQ,50004,0,pretrain,qG6SnAIinj0,00013,1.8674334908242844,5.056
train,pretrain,Ufs8cKyzLvg,00021,0,pretrain,tX6YpAf6Sco,00025,9.243751122441786,5.248
train,pretrain,6ORDQFh0Byw,00032,0,pretrain,WiGZGBowXQg,00009,-2.6147895466414113,10.688
train,trainval,0UmUgaJwEr0,50007,0,pretrain,AjF0rquH11U,00001,-6.624974605739213,3.904
train,pretrain,xX1Job6O60E,00007,0,pretrain,oiVSHkItqxo,00017,-6.258099958331709,8.448
train,pretrain,IfzrN2yMBaQ,00006,0,pretrain,2wu28tI9VkM,00014,8.927631879586919,16.256
train,trainval,eRQdAOrqvGg,50021,0,pretrain,PDKKOSJX6yQ,00007,0.9635407241249396,4.544
train,trainval,Nhwq12TKkQQ,50024,0,pretrain,0S3YDofSvGs,00005,3.481896674748402,6.144
train,pretrain,hvJ4KlVlqV8,00029,0,pretrain,kTsqFn33RiQ,00002,-9.336942212010102,5.568
train,pretrain,SvZXgApsPCQ,00001,0,pretrain,289ZxBZdKvY,00004,-3.33947629976028,3.456
train,pretrain,VM6HZqQKhok,00031,0,pretrain,WXOd4qh3JKk,00011,-9.542133805465147,4.416
train,pretrain,v9DHLMw2o70,00001,0,trainval,1Yz7Snu6pnI,50010,1.758282291939338,6.08
train,pretrain,DwYQHj7Hmik,00019,0,pretrain,8lEUvISNgEE,00007,0.22761017399050587,6.144
train,pretrain,1sgb2cUqFiY,00017,0,pretrain,HmHh8dn6MiA,00014,-0.7579780613727003,16.448
train,trainval,EZwxKPv1CwA,50016,0,pretrain,imaWSTabxOE,00015,-3.6499499558993858,3.008
train,pretrain,AzW2iKdSITM,00006,0,trainval,Zx8uYIfUvh4,50015,2.3133693189613282,2.112
train,pretrain,9H38oQBw2HU,00034,0,pretrain,BsFxokC02sg,00009,-9.673709056933262,5.824
train,pretrain,gmSsyvrI2Xw,00027,0,pretrain,oy25A7vnigg,00014,-1.788006256290167,8.96
train,pretrain,q4TJEASZRys,00007,0,trainval,Urk3xn7l3AM,50010,-9.428493406020923,3.968
train,pretrain,cPsP4F1qYCI,00010,0,pretrain,X03jYXszD3Q,00001,9.42267896201053,8.128
train,pretrain,ZVS5I2RMTGM,00002,0,pretrain,vQILP19qABk,00013,-5.533534726248579,11.2
train,pretrain,Cv8ttNerBEg,00002,0,pretrain,8tEuaj4h8dw,00022,-5.860163328343031,3.136
train,pretrain,JiwZQNYlGQI,00012,0,pretrain,s32OdFz9ttk,00015,-4.777094503718398,4.928
train,pretrain,31iuh9pfFwg,00020,0,pretrain,lrYx7HaUlMY,00024,9.053398544304198,7.424
train,pretrain,pg63A6WaCSc,00002,0,pretrain,DM1SDVSFhc4,00001,-0.7562720980239686,14.016
train,pretrain,bwMUQEMOP6w,00004,0,pretrain,qp0HIF3SfI4,00049,7.90728004764653,2.816
train,pretrain,dySwrhMQdX4,00007,0,pretrain,uSTmKo75gJI,00014,3.4497187302239034,5.376
train,pretrain,U1a72bvusS0,00009,0,pretrain,y9Trdafp83U,00040,6.669978560179992,8.64
train,trainval,10MvdLL2EpY,50002,0,pretrain,CprpSEjVtwA,00005,4.735319720139444,5.888
train,pretrain,VLze6W7SvyY,00007,0,trainval,VehHPwAVL9g,50012,7.24933497180492,2.624
train,pretrain,SmQadYi4F14,00007,0,pretrain,DtT6S1vtjzQ,00035,3.4896387640402082,8.064
train,pretrain,zLNXIXingyU,00029,0,pretrain,zyet9fPS24k,00005,-2.3845517614629745,5.568
train,pretrain,97MWOERYSdE,00041,0,trainval,DzNNS4rcIjs,50009,8.618033979105967,3.776
train,pretrain,28sa2zGgmwE,00002,0,pretrain,65e2qScVSK8,00008,2.468034500589118,11.072
train,pretrain,SSogppqBahk,00001,0,pretrain,QG4Z185MBJE,00001,-1.1555143772022483,16.832
train,pretrain,HDjM5lw8OYo,00012,0,pretrain,ixsridS3qVs,00015,8.730219673131788,4.608
train,pretrain,wfNX1cHkSfE,00008,0,pretrain,dO6AuQR9R7E,00019,9.150837481403428,5.376
train,trainval,EijI8QaExDg,50003,0,pretrain,0MD4Ymjyc2I,00050,-2.2657551050278446,4.16
train,pretrain,LizFrxTK5Qo,00012,0,pretrain,59SRn1SkWAA,00001,8.573595606850276,9.472
train,pretrain,IfqdMoKVIR0,00006,0,pretrain,7LE4MoJS2po,00015,6.855982452340193,32.832
train,pretrain,UiDJFGroD3U,00006,0,pretrain,mZqL7MC8Eys,00011,9.922395371283393,8.32
train,pretrain,pY6ulSP70HY,00007,0,pretrain,O6jrLgvCUNs,00016,-0.4873367543813405,24.576
train,pretrain,yioZhHe1i5M,00022,0,pretrain,kiDfwUQySEs,00010,3.9065075949831485,6.656
train,pretrain,8b2vNkEtfpc,00024,0,pretrain,jn0Ygp7pMbA,00016,-2.8588200325091773,3.008
train,pretrain,BgbD67U0BAQ,00012,0,pretrain,SCEKKHyxgaw,00022,-2.1769319687169624,12.736
train,pretrain,snHSSUcGSSE,00017,0,pretrain,5HL1BEC024g,00005,-3.8126970443135644,3.84
train,pretrain,jiDQDLnEXdA,00017,0,pretrain,FPhHHtn8On8,00009,-7.6749454879059575,4.864
train,pretrain,aeVtSWlH1qY,00008,0,pretrain,WLj0uepcPFs,00013,1.7949967484860725,6.528
train,pretrain,l5d8GW6GdR0,00027,0,pretrain,Wai4ub90stQ,00011,2.036801076331292,8.896
train,pretrain,N37x4GgDVBM,00017,0,pretrain,pF72px2R3Hg,00039,-7.086335801431725,11.584
train,pretrain,2tBuvxXxlS4,00039,0,trainval,PJUIXSpLoVk,50003,-8.419308499703108,6.016
train,pretrain,ZVRbSuY3h9w,00016,0,pretrain,pF72px2R3Hg,00029,-9.47346916016252,10.176
train,pretrain,cxGWGohIXiw,00008,0,pretrain,6EghiYSs2ts,00013,8.849606667424123,11.264
train,pretrain,Smhe7COLiR0,00005,0,pretrain,QLBtr2rOFkI,00021,-0.6550356087642903,13.312
train,pretrain,ShY9QSdaReY,00009,0,pretrain,F8pUtbSgrxc,00033,9.35773000157397,14.976
train,pretrain,CtvIX4s1bTU,00009,0,trainval,LgntY0dOfSc,50007,0.9128027541216959,3.648
train,pretrain,5PhNVxr7Vtw,00013,0,pretrain,E27DY3AVA98,00002,0.2019322168758837,9.088
train,pretrain,gCWeVYCcKXw,00035,0,pretrain,RKK7wGAYP6k,00024,-1.5339295741944703,10.88
train,pretrain,6AvXhgXlGpE,00021,0,pretrain,YO0lbdhF30g,00023,-5.444556481020751,5.12
train,pretrain,08ZWROqoTZo,00028,0,pretrain,FuahzV12mi0,00001,0.5857862580957018,4.8
train,pretrain,48NRknBcz6k,00008,0,pretrain,lSYy6poJ2zs,00013,6.480908055954824,20.992
train,pretrain,tMQ4OxOxgrc,00023,0,pretrain,vdDFLzyk94k,00001,9.004298171220867,7.168
train,pretrain,sBsuIAscshE,00031,0,pretrain,vzi4AopBEBg,00024,-8.263897808390695,4.608
train,pretrain,wgPLGS1BvQo,00043,0,trainval,UDXtFbSmBAg,50003,-9.418828074107239,3.392
train,pretrain,eIho2S0ZahI,00019,0,pretrain,NhSTVcNFtVI,00001,-4.202090689479494,3.904
train,pretrain,DUd8XAS5HEk,00025,0,pretrain,U4Lx5rcii38,00003,-2.129357823576834,3.968
train,trainval,WIebxoTx408,50007,0,pretrain,Dceyy0cX6J4,00005,9.679525436137347,3.264
train,pretrain,X98Fbe0Ccis,00014,0,pretrain,gypAjPp6eps,00004,4.934967771208605,5.824
train,pretrain,YuEm03Ko0J8,00019,0,pretrain,9VXOknUbzBM,00003,-4.410615018392319,4.608
train,pretrain,iOByGJskqks,00014,0,pretrain,nDIdnlJHJCQ,00004,-6.352308611759325,6.208
train,pretrain,fbU9l46Lz7c,00001,0,pretrain,wgKmdbTmbDk,00008,-4.759054186254879,6.144
train,pretrain,Maw4XgS6RAw,00007,0,pretrain,9y7YEmyzSDo,00026,-6.842424359359502,4.608
train,pretrain,aiDSQyFdd68,00007,0,pretrain,CstD6O95LSo,00003,0.5674760153229421,9.408
train,pretrain,UdsUVjeJuPE,00003,0,pretrain,SSJkV8IzsZA,00010,-8.55777340631594,4.736
train,pretrain,ImQrUjlyHUg,00011,0,pretrain,lV3trdyDdHE,00044,-5.697347758803055,5.76
train,pretrain,sGXeX7PPrCI,00014,0,pretrain,acNSymOsL6M,00033,-2.484663787523771,5.056
train,pretrain,rXepkIWPhFQ,00010,0,pretrain,QC3EbSexmDw,00014,-0.2974555855588168,3.968
train,pretrain,WoSHlZ54b6Y,00005,0,pretrain,ezVk1ahRF78,00003,1.7989436952810305,8.96
train,pretrain,L6N06hTuESE,00025,0,pretrain,dcySuzHPCWM,00001,-7.650991498752906,11.136
train,trainval,VoCOzuWOgSY,50017,0,pretrain,sgTjCpBOeCU,00010,-2.291582033577228,4.416
train,pretrain,IMTcuU0KLSw,00016,0,pretrain,dOOtM7ZpAS8,00040,-8.82700366465535,3.968
train,pretrain,6tSlMoMNSlY,00017,0,pretrain,mGBHC1R3e7s,00005,5.558576836907482,5.952
train,pretrain,4GKTEDqbQIw,00023,0,trainval,XOU2ubWkoPw,50009,-7.316700059333902,2.432
train,pretrain,YodRXxzhb7s,00001,0,pretrain,c6mhFgAjqwA,00030,7.295355866311596,14.144
train,pretrain,SEiSloE1rSA,00001,0,pretrain,5nys6iebjHw,00043,-9.159666832849444,7.04
train,pretrain,hfDkDzZ9GsU,00010,0,pretrain,oDdcx5luv5s,00012,8.839629772748776,6.208
train,pretrain,LMrzdkSYnYY,00020,0,pretrain,Hc6yiSFtoNo,00019,2.606285944508919,3.648
train,trainval,ZhDgwrKSBWQ,50021,0,pretrain,C6mNITMY7e0,00025,-9.159774177224993,6.016
train,pretrain,gIzNS7YM6fw,00002,0,pretrain,lrZ2DJzbYYo,00019,0.18729076914632614,9.984
train,pretrain,Z1R1z9ipFnM,00021,0,pretrain,m7SuKQGPMSw,00013,-7.579229398656424,7.552
train,pretrain,VvpUZjRVoBI,00022,0,pretrain,dqMj51Ea1K8,00004,7.872790189848576,8.448
train,pretrain,Zq7QPnqLoUk,00046,0,trainval,s7YsNStlRwI,50004,8.203314621475947,5.76
train,pretrain,aR6jLD1USW0,00017,0,pretrain,ZK3S2rCHmPA,00013,2.7076287781032278,4.288
train,pretrain,UvbFr0eSsg8,00006,0,pretrain,iSpwUpdQdyY,00034,-9.216371207691509,8.32
train,pretrain,OSGHRMKrVM8,00041,0,pretrain,FXYFLK0KZio,00003,8.98925363103075,4.992
train,trainval,jiDQDLnEXdA,50004,0,trainval,F8bM8K7WSR8,50003,8.305174290845606,3.52
train,pretrain,dE1DuBesGYM,00023,0,pretrain,NAkkckxE9i8,00011,4.038844112691958,6.016
train,pretrain,czfduTtXLbI,00003,0,trainval,vzKA1y3cdYI,50011,-5.349024045085984,6.016
train,pretrain,5YL3LT1ZvOM,00001,0,pretrain,6ORDQFh0Byw,00004,-7.726913373316591,3.328
train,pretrain,fa6ERdxyYdo,00014,0,pretrain,sSXv06gUX3Y,00037,4.8210967540975,9.6
train,pretrain,j8T3bdqTdp4,00012,0,pretrain,DoRSyk7lA5Q,00002,8.062381907290362,6.4
train,trainval,QcnuWDZuYy0,50003,0,pretrain,3M29BY86bP4,00028,0.21409491433114525,3.52
train,trainval,acJscdoP2a4,50016,0,pretrain,sS9ys09BkGE,00016,-3.7770276325737973,3.712
train,pretrain,AzcMEwAxSP8,00023,0,trainval,7sqeoYOQ4qg,50005,-4.678722728847207,3.968
train,pretrain,sGXeX7PPrCI,00019,0,trainval,rni41c9iq54,50007,-0.4726136519322459,3.456
train,pretrain,xY7kVVS2HVY,00028,0,trainval,wfNX1cHkSfE,50010,-4.975430346738559,5.76
train,pretrain,QJ28IC63hlI,00021,0,pretrain,ab0PKt50RGs,00013,-2.570500618200966,14.4
train,pretrain,Vi8k6BG9KVk,00021,0,pretrain,hFGLqkDnSVI,00015,1.1401684180612257,7.488
train,pretrain,Se8kcnUSuZw,00021,0,pretrain,jT5rRh9AZf4,00012,2.8364751773852817,8.0
train,pretrain,EZSf3Fc0ZRA,00007,0,pretrain,Rpsf1YJsbbI,00021,-9.636960097688654,3.2
train,pretrain,Sx1qkuvUxuI,00015,0,pretrain,hBOVuIIQUFc,00014,-7.221680992551023,7.744
train,pretrain,MiYSCShJwKg,00001,0,pretrain,d5zjjJYqixo,00008,-5.197369599534387,4.224
train,pretrain,QAnNM3WJCYA,00018,0,trainval,qaue72D9pSI,50005,-1.3873855604281964,3.072
train,pretrain,Y7QaqazOvSA,00021,0,pretrain,dOOtM7ZpAS8,00023,9.843658469702046,3.136
train,trainval,gyM6rx69iqg,50009,0,pretrain,unNRCSj0igI,00026,-7.684186552216435,2.432
train,pretrain,5SOHiN8Ne58,00019,0,pretrain,Sb2qXygFm8U,00024,-1.9348501622951702,11.008
train,trainval,cn9Q4c3dXGU,50005,0,trainval,CHh6hWo1AFE,50016,-0.34658946517738265,5.056
train,trainval,8jkri0AeZWQ,50008,0,pretrain,DOYASAY7dO4,00018,5.282179760601572,3.584
train,pretrain,i6SbQqqRVtM,00008,0,pretrain,aiIxdFBA0Sw,00010,7.077933161814954,4.032
train,pretrain,3icoSeGqQtY,00013,0,pretrain,mT4Qbp89nIQ,00025,0.91680878231044,5.248
train,pretrain,hS3dLASh3Yc,00019,0,pretrain,ouXGIw7gBmk,00031,-2.174376379230507,3.456
train,pretrain,BwIGcvBGSRk,00005,0,pretrain,stBSQ6CagVo,00003,-8.937353922206208,21.632
train,pretrain,Mh3SwYHdeVs,00014,0,trainval,HMYVHShBGWg,50004,3.026463737016458,5.312
train,pretrain,ziGD7vQOwl8,00056,0,pretrain,gypAjPp6eps,00035,-2.6073541656900767,10.688
train,pretrain,DG7kSeazMQ4,00048,0,trainval,JSLUS3qLv0I,50006,-7.682919613228679,4.864
train,pretrain,dY7iATJVCso,00018,0,pretrain,2VWSSFSUeQI,00005,-3.1697212762459,5.44
train,trainval,b28brIs1OmM,50001,0,pretrain,mkdSXHXhCcw,00071,0.7332555452293139,4.48
train,trainval,HB2SlA68YDU,50006,0,pretrain,cMhPOiuDzBc,00012,8.885075103472197,3.328
train,pretrain,VL5zqmpiJlQ,00003,0,pretrain,501FEzbB1JI,00010,9.967908381400477,5.952
train,pretrain,dE1DuBesGYM,00009,0,pretrain,V2u6CzpRqts,00014,-8.673501645774556,3.712
train,pretrain,IaWeJ8V3pg4,00021,0,pretrain,zaufonUBjoQ,00008,9.381910236754589,20.032
train,pretrain,dqMj51Ea1K8,00013,0,pretrain,NAcuH7nSdLc,00023,1.5004070416060689,4.48
train,pretrain,HH3m1OSiOT0,00007,0,pretrain,LKAhTELkOV8,00033,4.97867307586964,15.616
train,trainval,QcnuWDZuYy0,50002,0,pretrain,k3zZVQPaKKQ,00017,-1.1072197819014846,2.688
train,pretrain,nCwwVjPNloY,00017,0,pretrain,AQ8cpjEdpmI,00031,-2.2397055792939184,9.152
train,trainval,4GKTEDqbQIw,50028,0,pretrain,EZwxKPv1CwA,00024,3.1599776836150504,6.208
train,pretrain,o08ykAqLOxk,00014,0,pretrain,yVwAodrjZMY,00053,2.2976649830296747,11.2
train,pretrain,H8Pr9Jnulxk,00027,0,pretrain,GIRDD1n6Pqs,00003,-6.106580598833329,8.064
train,pretrain,fzKxYlHmhmY,00009,0,pretrain,a4PUlSHZvf8,00013,-3.5415858839532177,13.76
train,pretrain,4BwSMSCFdu0,00009,0,pretrain,KQEWc3LVfyc,00062,9.95153575768105,5.12
train,pretrain,B5MkpzMAOZM,00030,0,pretrain,Y350oOiunf4,00023,8.687784100587649,9.216
train,pretrain,HHwXlcHcTHc,00012,0,pretrain,KyamsZXXF2w,00033,9.881756585148171,8.448
train,pretrain,2m9kC1yRnLQ,00018,0,pretrain,PL9wP3pAl7A,00003,-1.0483401220561195,8.0
train,pretrain,eZWzNfOpbCQ,00001,0,pretrain,w3q89BTJj3o,00041,4.927977050836018,4.672
train,pretrain,0NV1KdWRHck,00055,0,pretrain,eG2X0WRrb88,00003,7.471255454485789,8.896
train,trainval,LJhklPJz9U8,50007,0,pretrain,KoXdjyJyxbE,00001,-6.287636385663591,5.312
train,trainval,GeDSgi0A7A8,50023,0,pretrain,ec9GyxEUGec,00008,6.973942396298092,6.08
train,pretrain,qykDS2AXKIU,00028,0,pretrain,UbVZ7rmDYrc,00001,-5.1498948017125645,4.16
train,trainval,H6n3iNh4XLI,50018,0,pretrain,vGzBcBZrOSw,00001,1.01211535228812,5.824
train,pretrain,CiSk3gmyjQ8,00006,0,pretrain,4yyPSZSGLOI,00026,-7.352418382062405,3.904
train,pretrain,vPhM8lxibSU,00004,0,trainval,SJWoKsfsSaA,50009,6.903708821603082,2.88
train,pretrain,CFtsHf1lVI4,00027,0,pretrain,cotBM0laSSo,00030,-2.627428376561185,4.416
train,pretrain,rEgSZNB3qyI,00011,0,pretrain,akOe5SUsQ2o,00030,-6.927187159236681,4.48
train,pretrain,dcwuBo4PvE0,00005,0,pretrain,syqScVtnKuU,00024,1.320509736368079,3.904
train,pretrain,lqSBVyou38s,00014,0,trainval,BSxI3YxAPW4,50007,-3.511036794411573,6.08
train,pretrain,4EUAMe2ixCI,00050,0,pretrain,YlmZkY1uqXM,00041,-9.798994051046384,2.048
train,trainval,FjibavNwOUI,50001,0,pretrain,QUUFbS1hBtw,00017,5.517312606516942,2.368
train,pretrain,UqyOedEHIrw,00003,0,pretrain,OKIyDMaxh4w,00007,2.2015449229294592,5.632
train,pretrain,okQXrB7ySAw,00023,0,pretrain,SSJu0Jy9oSQ,00011,2.282937518499198,5.44
train,pretrain,jFG7jqJXbno,00018,0,pretrain,l92bqJNkIao,00010,-4.9701695035769795,7.68
train,pretrain,rcdwNSDSTl4,00012,0,pretrain,CTEhgUmSrro,00020,-7.110899148995511,13.76
train,pretrain,u8bsCiq6hvM,00013,0,pretrain,ayOmOaXC0Z0,00015,-0.053566820536762094,4.224
train,pretrain,ce31WjiVcY0,00028,0,pretrain,sHdYaMyR5S8,00025,8.99260964175157,10.24
train,pretrain,KabSmpUSYVM,00005,0,pretrain,tJ54irRmdC0,00013,-3.70794133219362,4.16
train,trainval,IaWeJ8V3pg4,50015,0,trainval,12OAr0lt4bk,50009,-0.41726934791103787,2.944
train,pretrain,nLB8ASSQdHc,00008,0,pretrain,BsFxokC02sg,00037,9.758650524477186,3.52
train,pretrain,N1R84S5DYEA,00019,0,pretrain,ASQpKiUSNHo,00038,2.13367859948268,8.128
train,pretrain,CiLnSGrcuEs,00032,0,pretrain,jSSqQDPGW2k,00036,7.544279819506087,14.592
train,pretrain,NPSelwWdPa0,00035,0,pretrain,qqNLSZ6SSSc,00017,-3.172830501791073,11.328
train,trainval,HFqLoHyCTRc,50025,0,pretrain,0ygtX2nyexo,00006,0.858032767406474,6.208
train,pretrain,ukS8T7p2WMQ,00004,0,trainval,vRK7KKQH9Ck,50006,-9.165736316619846,2.496
train,pretrain,2Ikka0W3Wk8,00013,0,pretrain,v50PTSaOOGI,00013,-8.626871513317898,17.856
train,pretrain,ZzugJPASNB8,00040,0,trainval,rzbtSeVZeEE,50004,-1.501159487530316,5.376
train,pretrain,xyfS0SMAsFA,00003,0,pretrain,XqsmITK1VO8,00016,-6.157333121886664,5.44
train,pretrain,asSNPOU5U3c,00025,0,trainval,UiDJFGroD3U,50009,-3.9005266765528717,3.072
train,pretrain,MDL85fzdc1g,00023,0,pretrain,zUS5GcqzHNM,00007,-2.1215047087506385,15.808
train,pretrain,ol1b5mMeP7s,00001,0,pretrain,Peu7eeGtmQ4,00021,7.658380965890373,6.272
train,trainval,0iTehgSOZ8A,50026,0,trainval,RmXiItk49Gw,50009,7.257281682475188,3.776
train,pretrain,vSONFixSe4k,00035,0,pretrain,3Bk6G2X5Vjk,00002,3.0369835501434235,4.736
train,pretrain,HbQZ7jAvgoI,00006,0,trainval,2JSZ66uMRwc,50001,-5.11685678159699,6.144
train,pretrain,xLuMcYn8Yk0,00016,0,trainval,97MWOERYSdE,50005,-2.933545230280126,5.888
train,pretrain,kpyc84kamhw,00007,0,pretrain,bzlYyhh3X0w,00001,-9.59607240134974,11.904
train,pretrain,x3AwnkR92EA,00029,0,pretrain,zISxg4JhSRk,00008,-7.6458862267007355,8.32
train,pretrain,AbqsMDfX9Ig,00025,0,pretrain,AyWtIwwEgS0,00015,-6.240812414545973,5.824
train,trainval,HFqLoHyCTRc,50018,0,pretrain,c2tOp7OxyQ8,00055,-9.67664547441075,3.584
train,pretrain,wyhF7q3Sbpk,00012,0,pretrain,qBHIT9yEPh4,00006,-1.6929098941064442,8.448
train,pretrain,8s3bdVxuFBs,00010,0,pretrain,4Lb5LSVEm34,00006,6.564223141164586,13.504
train,pretrain,fSmQIWnO3Ag,00015,0,pretrain,SbgwDk7A4as,00018,3.1520680166713415,5.12
train,pretrain,DW5YctpK7pM,00024,0,pretrain,48NRknBcz6k,00017,-1.3954499413877883,4.672
train,pretrain,k6DPjCmc3BM,00017,0,pretrain,btF6nKHo2i0,00022,4.969098891128517,9.792
train,pretrain,UqyOedEHIrw,00027,0,trainval,xAXUqSQc8DI,50011,9.205508971985914,2.688
train,pretrain,86xSuStz0MA,00014,0,trainval,iNtNP6LGek8,50003,7.365217290393538,6.144
train,pretrain,AyWtIwwEgS0,00032,0,pretrain,co2enjjt3J0,00016,-0.16531298488691348,6.72
train,pretrain,te3u3MSpk1c,00005,0,pretrain,XzNLfw5lS4A,00017,-0.7562231773586543,8.576
train,pretrain,2TDLN61HKKc,00025,0,pretrain,lfykytI3A6k,00018,-9.200849239656623,7.04
train,pretrain,iEySxTbcr2A,00022,0,trainval,GkRn9Lp16UI,50001,9.556395715502227,4.672
train,pretrain,goiyLgCzgSI,00017,0,pretrain,ZvSJE9n0GfA,00025,7.891472235248575,4.288
train,pretrain,MBZyRlxVdSE,00008,0,pretrain,hFgPtuzgw4o,00060,8.067021267652294,4.928
train,pretrain,sBsuIAscshE,00023,0,pretrain,KTvSfeCRxe8,00049,-3.125398872029752,4.8
train,trainval,kTz52RWSbD0,50002,0,pretrain,vg8WAv0YT9c,00002,-2.8149528081632225,6.208
train,pretrain,tTvIEUGCigk,00042,0,pretrain,c2tOp7OxyQ8,00028,5.982419370701306,19.584
train,pretrain,SJyE40koQyA,00002,0,pretrain,JqokS3P1D9o,00005,8.886576485379074,3.904
train,trainval,dY7iATJVCso,50007,0,pretrain,IwWuLSwSMvI,00013,3.7964749264621815,6.016
train,pretrain,pSCefSAYqaA,00035,0,pretrain,5tUnSuoYKoE,00044,4.248866959013975,3.904
train,pretrain,hvJ4KlVlqV8,00043,0,pretrain,2EeqUSQMjbw,00011,-3.11936705142611,3.904
train,pretrain,wBObnvIZGwE,00015,0,pretrain,b2qM1ISJCEQ,00032,4.191835680795869,6.976
train,pretrain,0af00UcTOSc,00055,0,pretrain,KVjkFqS7Y6A,00036,3.675152915312548,5.696
train,pretrain,uuwgtX2zU9Q,00009,0,pretrain,VfKWd7iXMSo,00027,2.4024691546421533,8.448
train,pretrain,rRxdxIbSQbY,00022,0,pretrain,paSYuxyRDuw,00006,8.259488315106879,6.016
train,pretrain,mpqrO2agOTs,00024,0,pretrain,nCwwVjPNloY,00011,0.8562920282142485,4.8
train,pretrain,OSz2v42F0E0,00011,0,pretrain,4c1lqFXHvqI,00003,-6.656167387005711,13.376
train,trainval,FAubx3BBgLk,50004,0,trainval,dskNubEgzCk,50009,2.5742706988642645,3.712
train,pretrain,3aYWvujaT6M,00030,0,pretrain,syjEN3peCJw,00012,-9.136589218183776,7.68
train,pretrain,Rpsf1YJsbbI,00033,0,pretrain,nqj6fH2i9go,00015,0.6454735858253287,7.68
train,trainval,GZGY0wPAnus,50005,0,pretrain,7icexlbjQnE,00010,3.7651291007586387,2.048
train,pretrain,7Iv2nZnZOrM,00018,0,pretrain,LrBKcTTMlCQ,00018,7.8823883990323225,4.672
train,pretrain,X98Fbe0Ccis,00017,0,pretrain,CBSU7vJn0us,00005,-8.182246829987186,5.888
train,pretrain,QeAGu40vZzI,00005,0,pretrain,JrJJxnSgCdo,00012,-0.6773557375027845,7.744
train,pretrain,SJyE40koQyA,00036,0,pretrain,bDbN8R6Gb6Q,00018,-0.2766171237602997,2.176
train,trainval,yJJtRWFLSgw,50005,0,pretrain,esugL07XANg,00029,6.990511582615049,2.24
train,trainval,zORUUqJd81M,50022,0,pretrain,qP2W2k3L1Ow,00012,-9.349064494215897,3.776
train,pretrain,o8xWaNpSlbI,00002,0,pretrain,1Totz8aa2Gg,00007,1.3313995956990183,4.544
train,pretrain,eS44GSkE8lE,00005,0,pretrain,1gdKrtwBGqY,00014,-1.8207615980055039,6.656
train,pretrain,nnYhZCUYOxs,00007,0,pretrain,CEN4XNth61o,00015,7.027374281317048,5.184
train,pretrain,mAEqvn7B2Qg,00001,0,pretrain,rSxVSM0KPo0,00020,-5.66137416115726,6.208
train,pretrain,a19lSbFPRqY,00005,0,pretrain,C0byYFXjRJM,00016,9.999760076154093,5.248
train,pretrain,H1fvr9rGgSg,00041,0,pretrain,Hc6yiSFtoNo,00003,-0.5840170881830176,6.4
train,pretrain,wxCtIdI3xL0,00002,0,pretrain,EZwxKPv1CwA,00013,-5.7085945466455845,7.36
train,trainval,HB2SlA68YDU,50007,0,pretrain,K926HAKRFvw,00009,5.693994401652995,6.208
train,pretrain,YhpMSjbVopo,00025,0,pretrain,X1DlJpPqDFo,00005,-7.826321170077922,4.416
train,pretrain,6fJRmouSDL4,00011,0,pretrain,o0VrZPBskpg,00021,8.143418653865918,7.68
train,pretrain,VPweEhht9y4,00016,0,pretrain,F2SIP2nSEoc,00010,4.001606328071837,5.248
train,pretrain,LSn4OF7G9BM,00001,0,pretrain,v22SdEMzxO4,00016,-9.82851050481257,5.76
train,pretrain,OLHh9E5ilZ4,00021,0,trainval,28sa2zGgmwE,50002,9.64287238814147,2.304
train,pretrain,F0ofeD8VKMA,00016,0,pretrain,Kxg0SEpOcWs,00009,5.6635485086706865,7.744
train,pretrain,SJyE40koQyA,00026,0,pretrain,E5BOBs3Nmbw,00028,-7.9131427894150335,7.04
train,pretrain,tWBiTYUlhxQ,00007,0,pretrain,ELgvDMTKyBE,00016,-7.419138419356335,7.808
train,pretrain,ayOmOaXC0Z0,00012,0,pretrain,h4MhbkWJzKk,00035,0.46942397106048617,5.888
train,pretrain,odIvobLv7C4,00005,0,pretrain,gBGt5OeAQFk,00016,-8.292133677462136,5.376
train,pretrain,zZo3S5j1Pf8,00004,0,pretrain,SResvScvMkE,00001,-0.5593431604301884,6.656
train,pretrain,zyet9fPS24k,00006,0,pretrain,nwZkoAeOzuo,00006,5.738351337432135,10.368
train,pretrain,Acsv55lctGY,00029,0,pretrain,kLRanIhp2jg,00009,0.21355353875337535,9.152
train,pretrain,IzPcu0SETTU,00025,0,pretrain,OXQwtTOnLvg,00013,1.8620136550793536,5.248
train,pretrain,MSZS1wnjfhY,00005,0,pretrain,JaQNy0Ef4YY,00014,-6.742677131145829,10.112
train,pretrain,DSSAz5nZBBM,00047,0,pretrain,1InHN8JPazA,00029,-4.423337583712492,3.968
train,trainval,rFAdlU2ETjU,50012,0,trainval,PB7xs7UpIfY,50001,-8.629075885682676,2.24
train,pretrain,HSpqhMO3ZSY,00027,0,pretrain,2SIk5ofBKco,00005,-5.823659318733205,7.168
train,pretrain,oX1C3Jn05OE,00019,0,pretrain,VSbjOJzB7LY,00005,8.584296138193793,3.776
train,pretrain,SKWIlMZSMZo,00002,0,pretrain,MDL85fzdc1g,00035,-0.13155291607069408,5.504
train,pretrain,tYclUdcsdeo,00018,0,pretrain,dWZP8cUEB7Y,00005,-6.709137570509762,6.784
train,trainval,ac1mOswXxLs,50009,0,pretrain,qKlzdSH2X9w,00043,2.6752598605867597,3.136
train,pretrain,SGnmDWtyhAs,00009,0,trainval,IdW9UYlxlVY,50013,7.812250702573824,5.696
train,pretrain,c4oW6PcOUtc,00004,0,pretrain,v22SdEMzxO4,00001,9.430942992408962,11.712
train,trainval,USmTQeKRaP4,50003,0,pretrain,3GFG6Cvy9HQ,00010,8.791439254459785,2.496
train,pretrain,i1MRJrm9Gts,00014,0,pretrain,lwz8KvS9NRA,00009,-8.589541054172418,7.68
train,pretrain,tH5iEf9oxaI,00057,0,pretrain,RtFFT4zjyTM,00025,-4.331864161648764,5.312
train,pretrain,qItCBNzqdn8,00023,0,pretrain,3GFG6Cvy9HQ,00009,9.961139295307479,6.528
train,trainval,ImQrUjlyHUg,50003,0,pretrain,SAm3gtFB8xU,00008,8.020324899622754,5.952
train,pretrain,Xl6wxnnSStI,00004,0,pretrain,w4RLfVxTGH4,00024,6.707111207224184,3.2
train,trainval,ktOeFgmdIAo,50005,0,pretrain,8Dv2Hdf5TRg,00011,9.599825311775636,4.224
train,pretrain,qQSPUXPVlos,00021,0,pretrain,Wh9O3SciOYs,00004,-9.374360329136685,14.976
train,pretrain,sLo97Bu8Fo0,00020,0,pretrain,5zuBDgBdyug,00007,-9.424098696499513,19.264
train,pretrain,DERu2aAqqWM,00001,0,pretrain,QJ28IC63hlI,00016,-8.959621307922195,18.688
train,pretrain,K5wCfYujRdE,00010,0,pretrain,cf3zxHuSM2Y,00022,-5.703608523945071,4.992
train,pretrain,i1OAMgrsUUw,00011,0,pretrain,wfNX1cHkSfE,00001,3.7384946445726044,7.808
train,pretrain,EBebWBjpWIQ,00007,0,pretrain,ORBf73HiJns,00038,7.841593022906487,14.784
train,pretrain,p49rv25dx0g,00011,0,pretrain,5HL1BEC024g,00008,-8.095431627732449,4.288
train,pretrain,y3jYVe1RGaU,00003,0,pretrain,rN7VcY1fS1Q,00031,2.9821024988634868,9.216
train,pretrain,rgPrf3YyByI,00011,0,pretrain,Eq1Aes1SWMU,00002,-9.24098016506208,4.352
train,pretrain,0MD4Ymjyc2I,00055,0,pretrain,deT1mILtFEY,00028,9.671151510665748,3.2
train,trainval,8jPQjjsBbIc,50010,0,pretrain,8qIbZL80jSw,00003,0.8702152104633605,5.568
train,pretrain,rOVkASt39Uc,00009,0,pretrain,AfnruW7yERA,00024,5.5470223949464685,4.672
train,pretrain,EiTrl0W1QrM,00070,0,pretrain,aPjvEaE6VXs,00007,-7.932106347043675,5.824
train,pretrain,sYUjyH8Y0No,00025,0,trainval,ZhDgwrKSBWQ,50035,-7.645636748340941,6.144
train,pretrain,YhvfOlPYifY,00002,0,pretrain,DZT6YpCsapg,00061,0.35435611896611263,2.944
train,pretrain,O9Hfqc3trhw,00015,0,trainval,4bsiMd1zQ3s,50006,-0.8808997606831461,4.16
train,pretrain,mQOOgDqUta0,00004,0,pretrain,pbSSrJGgVIo,00024,-8.334659007446938,3.968
train,pretrain,iq5lXSj6Prg,00003,0,pretrain,JHSi3vixhOs,00003,6.40873929687562,3.84
train,pretrain,MEDgtjpycYg,00035,0,trainval,nUdsTizSxSI,50009,3.2701488871191273,2.88
train,pretrain,VC0taBVUF2o,00007,0,pretrain,LJhklPJz9U8,00020,3.828475171747243,4.16
train,pretrain,cF2dhWWUyQ4,00008,0,trainval,bLGTrz1Zolk,50005,-9.939953544830791,2.24
train,pretrain,SWjSKTraw7c,00003,0,pretrain,Se8kcnUSuZw,00008,-0.6109090518267362,4.288
train,pretrain,EZwxKPv1CwA,00058,0,pretrain,KsSSMh1QhMc,00010,5.127787189960596,3.904
train,pretrain,FETryXMpDl8,00023,0,pretrain,C74amJRp730,00015,-7.619252751365499,8.128
train,pretrain,JDDGhGiaAZU,00002,0,pretrain,HJY8gMsonU0,00018,4.633828543350713,3.2
train,pretrain,Soe7yjlFEJ8,00023,0,pretrain,RSl1ramE35s,00030,-7.44523184453625,4.352
train,pretrain,59SRn1SkWAA,00077,0,pretrain,ukgnU2aXM2c,00009,-6.1240382588042275,15.232
train,pretrain,ORvwzoSf1Sc,00003,0,pretrain,V2u6CzpRqts,00007,7.681784232443732,4.16
train,pretrain,bEdvQjTGYP8,00008,0,pretrain,uNDWvejza4c,00009,8.814619765021405,3.776
train,pretrain,HfMhU6qjVVM,00009,0,pretrain,NwmGTM5Py8Y,00038,-2.6241382571980836,5.184
train,pretrain,GIRDD1n6Pqs,00005,0,pretrain,SeBUcBfkVCo,00010,-8.671856503659768,48.0
train,pretrain,awtmTJW9ic8,00019,0,pretrain,CLWRclarri0,00006,-8.63446792990028,6.144
train,trainval,FuahzV12mi0,50002,0,pretrain,m45SshJqOP4,00017,-0.15129432996502956,4.736
train,pretrain,pTZM9X3JfTk,00002,0,pretrain,xnovQVRHj5c,00041,5.827191872438098,3.264
train,pretrain,ufUkAQOQaXU,00008,0,trainval,fv8KpQY0m6o,50016,-0.5639327555533242,4.096
train,pretrain,GIt6Z0k3PQo,00010,0,pretrain,YXWKuKSQsu4,00019,2.133757327968123,3.392
train,pretrain,G2Y6Am46eVU,00025,0,pretrain,Y0GHWogx0eg,00043,-4.0999305449984424,7.936
train,trainval,TRE4Sll42lE,50001,0,pretrain,t4kyRyKyOpo,00006,-4.7947349386684905,4.48
train,trainval,MDL85fzdc1g,50007,0,pretrain,JmZpFy1QUww,00003,-1.3756686744939,2.88
train,pretrain,owl8keTUioo,00003,0,trainval,OLHh9E5ilZ4,50002,-1.7193227010713095,3.52
train,pretrain,pew48bbrob0,00007,0,trainval,yg8SBuTuoKk,50004,-3.494347385948762,4.928
train,pretrain,SLk5nU8FrXo,00005,0,pretrain,tlB1pFwGhA4,00014,0.04780916485058739,6.848
train,pretrain,Ytw0I6ytRto,00009,0,pretrain,bf7BXwVeyWw,00034,-5.505196707403684,3.84
train,pretrain,KI3WJXNhCJ8,00018,0,pretrain,wPFA8n7goio,00009,1.5733343142367033,5.76
train,pretrain,MywGrRvNkWQ,00023,0,pretrain,4GKTEDqbQIw,00004,1.7550642109508274,6.4
train,pretrain,J6SSCMhcCfQ,00008,0,trainval,QhLLMBN57AU,50001,5.989077243277027,2.88
train,trainval,gZga0AmCGdE,50032,0,pretrain,vLEUSsEeiSU,00011,-9.116983103636326,4.16
train,pretrain,HCgvSHNoJrY,00010,0,pretrain,UVZyVz8gBeQ,00012,-9.08024045239409,2.304
train,pretrain,16cMSRFid9U,00005,0,trainval,zuAj2F54bdo,50008,8.237165129504355,4.48
train,trainval,mPCDOij0bB0,50004,0,pretrain,UtA860ss1eU,00009,-2.2300622126654552,6.208
train,pretrain,5M3Dow20KlM,00005,0,pretrain,LSGfqyhleUA,00035,-9.731668267068478,6.144
train,pretrain,lVQ3KUTHDe0,00005,0,pretrain,F8R7S4AoGhs,00004,-1.2150322710629862,7.232
train,pretrain,m0ZPM5I1tTg,00035,0,pretrain,mUJdzaLDRIo,00019,1.2869301387678984,4.096
train,pretrain,bEdvQjTGYP8,00024,0,trainval,LCuAu67OCDk,50001,-8.7416226172999,4.288
train,trainval,XRWTyUVh0BQ,50006,0,pretrain,5pW2b1vwwf4,00071,-8.652526722437628,2.176
train,pretrain,2dRlssVF7fc,00009,0,trainval,5AN5fPFtV0U,50019,6.459258358747867,2.048
train,pretrain,WXqjacxw8zg,00002,0,pretrain,PGsQwAu3PzU,00033,-3.1946279491045715,2.048
train,pretrain,pF72px2R3Hg,00004,0,trainval,DERu2aAqqWM,50001,-6.35329154736487,5.824
train,pretrain,ts5MKtXNpMQ,00015,0,pretrain,5FjuSwOaV3Y,00025,8.37109245402289,5.824
train,pretrain,ytJyT9oDEm4,00001,0,pretrain,XgRlrBlS7Yg,00034,-5.115574650150057,9.728
train,pretrain,kDXJhxLzmBQ,00025,0,pretrain,RuVdkNdeVAc,00004,3.9651495145623024,3.008
train,trainval,h0C2LPXaEW4,50003,0,pretrain,SJ0G1iCLzCA,00019,-7.725244157580384,3.712
train,pretrain,OaGk5BSO0Pg,00008,0,pretrain,Jk0AknXMXmc,00010,-7.298998479577142,7.296
train,pretrain,JrqgyAoS6oI,00006,0,pretrain,4Lb5LSVEm34,00005,-7.941110573292445,10.88
train,pretrain,fBLErez9ljw,00031,0,pretrain,oHDq1PcYkT4,00013,-8.139668229363181,9.92
train,pretrain,d38LKbYfWrs,00005,0,pretrain,l1SdDWg7XBk,00004,-5.1612225891692765,14.336
train,pretrain,2FASIuDTMjE,00026,0,pretrain,WWRXOqYwRkM,00021,8.789105488920686,6.72
train,pretrain,MvMUMShuMaI,00009,0,pretrain,7E9a24Nw6Cg,00012,-3.4047296153577333,2.88
train,pretrain,twG4mr6Jov0,00008,0,pretrain,ktOeFgmdIAo,00004,-6.361158016305271,5.44
train,pretrain,a7cDt5r2pGY,00004,0,trainval,vg8WAv0YT9c,50003,3.3972993965316594,3.776
train,pretrain,ynSrWmoq7Is,00002,0,pretrain,ORBf73HiJns,00031,5.873293382019543,8.256
train,trainval,VPweEhht9y4,50001,0,pretrain,UyUXxrSS3qs,00005,0.0021909782939211198,2.56
train,pretrain,oeL72c6scAs,00025,0,pretrain,RRRDYBwjjU0,00016,2.83482260215081,10.496
train,pretrain,FzAyOddR5u4,00017,0,pretrain,osBbP6Om4Mg,00015,-2.451253658607775,4.992
train,pretrain,ZBg5QvcZQP8,00025,0,pretrain,xTMZJvfzxGY,00028,-9.758185266812786,10.56
train,pretrain,MgnnQ2CN6yY,00015,0,pretrain,lXQ4HSMp1OA,00003,-7.1154366138208,4.16
train,pretrain,lrZ2DJzbYYo,00002,0,pretrain,BDOSUiEh0eY,00043,-5.176268662522592,6.656
train,pretrain,Cqj0sgrNL10,00051,0,pretrain,6qqqVwM6bMM,00003,-8.71851329157032,7.936
train,pretrain,rKtmsVa4Kvk,00013,0,pretrain,W1KIgMXPR28,00018,2.0293552117712785,6.08
train,pretrain,teVE3VGrBhM,00024,0,pretrain,ktbbm7ktuAM,00003,7.847663453744541,7.232
train,pretrain,l141Mauo74A,00005,0,pretrain,sj3PnSpogXw,00017,3.2003734268674293,10.176
train,trainval,1YO1FmVAPrA,50010,0,pretrain,MAQihRikgZM,00018,8.231237993079716,6.08
train,pretrain,7SjWguOXVwE,00002,0,pretrain,SrqmuYvk3iQ,00022,1.6024092290209087,7.168
train,pretrain,rYwTA5RA9eU,00004,0,pretrain,IDSSieLCmS4,00012,7.699582095068095,5.952
train,pretrain,qtOIh93Hvuw,00014,0,pretrain,PJy8vTu66tE,00019,-4.237445449194426,5.568
train,pretrain,P5Mpo4JQZhw,00006,0,trainval,lV3trdyDdHE,50002,8.009069199423372,3.52
train,trainval,1Yz7Snu6pnI,50009,0,pretrain,mLufqwmPl1A,00015,8.838557076347122,3.328
train,pretrain,hj7wkh6nONE,00011,0,pretrain,xbWcLYOniWU,00026,5.8828402824286385,9.984
train,pretrain,U5SyBjKKicA,00006,0,pretrain,oxpJGynSHJU,00015,-0.9569680580469146,5.888
train,pretrain,kKeUISJko3o,00006,0,pretrain,cS3f3rQRlug,00021,-7.116807581976503,3.328
train,pretrain,mp0SQQQgv7s,00005,0,pretrain,zGEDHMF4rLI,00001,8.594418582762447,10.624
train,pretrain,46w99bZ3WSM,00015,0,pretrain,lkVYV2P8dQE,00026,-2.2041891952208914,7.296
train,pretrain,SMBiP3G2Pzc,00011,0,pretrain,FnL7I6tESAs,00001,-1.7589993702249185,16.128
train,pretrain,88SlA2EZxtY,00001,0,pretrain,UUkAGboDMwI,00005,6.848592523822923,22.784
train,pretrain,r3L9n20myqk,00020,0,pretrain,OXQwtTOnLvg,00009,7.978544072763256,7.808
train,pretrain,ovV7v2XYJAI,00023,0,pretrain,omGbKQIzoWY,00002,5.549216526094465,8.0
train,pretrain,LnQYJa9SaR0,00002,0,pretrain,Uwl012o8P7I,00014,7.675304489395391,12.48
train,pretrain,wtvhqeVoeqI,00008,0,pretrain,2VLje8QRrwg,00009,-9.79306424563883,4.8
train,pretrain,gPQItVxvfZs,00007,0,pretrain,n1ARQsdNvmI,00001,-5.698214696593064,6.72
train,trainval,hgWie9dnssU,50013,0,pretrain,b8z6HfSq7l8,00018,-9.832097355113858,5.952
train,pretrain,1z3Fgtj8fqk,00025,0,pretrain,7W8OJgeYy1w,00015,-7.642868518768515,6.464
train,pretrain,PFVP8L3SlfQ,00022,0,pretrain,63XsokRPVSY,00003,-5.348909808735602,7.36
train,pretrain,j8T3bdqTdp4,00026,0,pretrain,FrgzvykPILc,00010,8.348430473062123,3.136
train,pretrain,iARReKKgETs,00004,0,pretrain,vPhM8lxibSU,00027,8.1902016492539,3.904
train,pretrain,j12BBcKSgEQ,00006,0,pretrain,be03wdS5Klc,00018,7.165931641198593,9.856
train,trainval,SeBUcBfkVCo,50039,0,pretrain,SQe8cR4Jl10,00035,3.4935200752225235,3.2
train,pretrain,sgTjCpBOeCU,00002,0,pretrain,7ShFmRzffOg,00003,-7.2539295825463785,3.84
train,pretrain,y9Trdafp83U,00026,0,trainval,iTdZn78u6pI,50007,7.42842796504749,3.904
train,pretrain,T8VS0LUCgmk,00005,0,pretrain,ddw1S3ZVjTE,00005,1.005635536183469,6.656
train,pretrain,i0a61wFaF8A,00001,0,pretrain,7shXEFuxHAA,00008,-3.0520036713684444,4.096
train,trainval,VC3H1lMEeS4,50029,0,pretrain,dnMeyvtJpsk,00018,-5.404993883977623,3.52
train,pretrain,S8bJ3YlgL1Q,00013,0,pretrain,8iQnrM3DkVI,00012,-2.216721599761211,7.68
train,pretrain,rSSSsisz2SM,00016,0,pretrain,cplaWsiu7Yg,00018,-4.184171020668139,8.0
train,trainval,EDLWWP8N6MU,50003,0,trainval,YsASJTeHJ6A,50005,6.9295100855117155,2.56
train,trainval,9ebJlcZMx3c,50016,0,pretrain,SEDvD1IICfE,00023,-5.191504661578468,3.392
train,pretrain,h9SKyrHRhDo,00002,0,pretrain,jJMBwqhD9DE,00002,-9.290241147397753,5.568
train,trainval,TT6qWghHkFI,50008,0,pretrain,OIpgrZ8ySSQ,00014,-5.155032299746711,2.112
train,pretrain,dkLcwHmnPV4,00019,0,pretrain,jMVAgCPYYHY,00024,-7.9994634717578155,4.864
train,pretrain,Rz8m1yDE0ms,00014,0,pretrain,Nhx1SyXMwCg,00035,-1.5752452419626728,10.816
train,pretrain,hyHUVPG33QI,00015,0,pretrain,oOE0kKteWkg,00013,6.24855098363226,4.096
train,pretrain,FESv2CgyJag,00017,0,pretrain,DW5YctpK7pM,00031,0.6940699988418508,8.896
train,pretrain,GbYc9BOU30o,00010,0,trainval,4KhnSz9FPmU,50004,5.563461461306968,5.696
train,pretrain,vpTHi7O66pI,00021,0,pretrain,G88JZ1DIdg8,00003,0.265378105341064,4.928
train,pretrain,694XUHVuGQo,00010,0,pretrain,73cTNHEQhkQ,00002,2.4254526869431015,5.888
train,pretrain,wX78iKhInsc,00059,0,pretrain,dcySuzHPCWM,00011,-1.2788573272070742,7.168
train,pretrain,uS3UYncNwz4,00004,0,trainval,VbF2KPn3TrU,50004,-1.677699112105671,3.712
train,pretrain,rpOwTspdwkI,00005,0,pretrain,nLtUl2CP8ak,00007,0.39892137911437864,3.52
train,pretrain,j97WsAz3CDY,00021,0,pretrain,5pW2b1vwwf4,00057,7.268678857492073,4.16
train,trainval,IKZCw4xdESQ,50002,0,pretrain,EHNP7KqLrW4,00002,9.81664599739149,2.688
train,trainval,pDsAqCEo5CY,50006,0,pretrain,BnC6IABJXOI,00027,-2.2471377608711833,2.88
train,pretrain,lSYy6poJ2zs,00022,0,pretrain,jDy5j0c6TrU,00011,-7.948175628767609,6.848
train,trainval,nvSSeGObF4w,50006,0,trainval,j51HsRILGKI,50002,3.4526962262035195,2.176
train,trainval,6Eu964BbJO4,50001,0,pretrain,cf3zxHuSM2Y,00041,0.9709150747534618,3.328
train,pretrain,wVGjQSnLg4Y,00009,0,trainval,1G8dQQrlbbA,50001,-7.475666753957347,2.496
train,pretrain,LgntY0dOfSc,00007,0,pretrain,dvYYYlgVAao,00024,1.277565759488155,9.216
train,pretrain,SQdPW8JrYzQ,00005,0,pretrain,vY2l2xfDBcE,00021,4.8918210612269775,5.76
train,pretrain,YuEm03Ko0J8,00032,0,pretrain,9SGSSQssNj4,00041,4.261726586378419,8.32
train,pretrain,SvZXgApsPCQ,00024,0,pretrain,gB23pKmyIHM,00013,5.852264644614751,7.552
train,pretrain,PENkzh0tWJs,00010,0,pretrain,m7SuKQGPMSw,00001,-5.059733971662428,3.456
train,pretrain,rB6WmWvvyxg,00029,0,pretrain,yFVXsjVdvmY,00024,8.597151047062876,3.264
train,pretrain,C14bXC7zi84,00020,0,pretrain,rptMkkcM9Sk,00004,3.2649033361939246,6.4
train,pretrain,RhgrbQmYOSY,00032,0,pretrain,3XDdhbrg2kw,00024,7.560833451715357,27.776
train,pretrain,nVEvzeIXbpk,00035,0,pretrain,ZSRaJIMYSMs,00023,8.958295577960634,8.256
train,pretrain,88SlA2EZxtY,00009,0,pretrain,v3oSF94S4FI,00037,3.40052952146441,8.128
train,pretrain,gqpErbFnbiY,00013,0,pretrain,KnCqR2yUXoU,00003,4.447737339262501,5.44
train,pretrain,8t4Vj6lmzVo,00012,0,pretrain,paSYuxyRDuw,00018,-7.184627416555973,7.04
train,pretrain,7FecGsXFgcQ,00014,0,trainval,4mFzIumKKsc,50012,0.10499268446909582,3.136
train,pretrain,9E3a0HSXcSg,00005,0,pretrain,1InHN8JPazA,00015,-5.967984218314228,5.12
train,trainval,t1sYh9itUvs,50003,0,pretrain,0MD4Ymjyc2I,00030,0.4559322862400492,3.648
train,pretrain,MOFdlEbu15g,00060,0,trainval,VN357QrUdEc,50013,-1.5263806144939664,2.752
train,pretrain,zSXchYY3bnU,00008,0,pretrain,ddw1S3ZVjTE,00009,3.4079149674196056,5.76
train,trainval,WKlIytaSlu4,50006,0,pretrain,lACQknq4sFI,00006,-6.9623154552370465,5.696
train,pretrain,9VF7kffCgJU,00002,0,pretrain,9EglK8Mk18o,00005,9.3182400426447,7.616
train,pretrain,ouXGIw7gBmk,00002,0,pretrain,pASKEZ1bSLg,00010,6.141048402811094,4.8
train,trainval,H2vN2QXZGnc,50001,0,trainval,sgTjCpBOeCU,50039,-3.7560721319662527,2.24
train,trainval,73rUjrow5pI,50005,0,trainval,h0C2LPXaEW4,50031,-8.435443001249695,2.816
train,pretrain,DKISYPEF0Ls,00021,0,pretrain,LUO3jqMlWkE,00029,3.7942801843258245,3.648
train,pretrain,34a7UEzZdsA,00015,0,pretrain,O1j2A6ndEio,00003,-7.799409691882293,3.392
train,pretrain,aySy3tSYGYw,00003,0,pretrain,hxPiz2sE0h4,00021,8.194441586635975,3.904
train,pretrain,NRcPXtqdKjE,00041,0,pretrain,Sk0ywFgMpFk,00023,5.428735336294155,6.208
train,pretrain,blfVA0aSCBc,00009,0,pretrain,3QZp6smeSQA,00018,7.643304575659226,3.968
train,pretrain,KQEWc3LVfyc,00011,0,pretrain,Lp5Ccer5NM8,00031,4.8348649916851745,3.776
train,pretrain,zMWYQRKuc5M,00004,0,pretrain,60P7717SXOQ,00046,-0.2151972997619378,5.824
train,pretrain,imhUmLtlZpw,00038,0,pretrain,YwSGTipx3As,00018,0.1507158331959353,10.048
train,pretrain,Peu7eeGtmQ4,00034,0,pretrain,Cd0JH1AreDw,00021,-0.8530334011982443,9.6
train,pretrain,E0M1beV91js,00028,0,pretrain,2bvoJAfjWMM,00001,-6.162645620491594,3.968
train,pretrain,boSGZ3qSAys,00013,0,pretrain,MAQihRikgZM,00006,3.1681409972690737,6.784
train,trainval,vYV4tAq3wVg,50002,0,pretrain,Ai7SOP5Zlc8,00009,-3.2275669457486593,3.648
train,pretrain,U7y4GlmwPLQ,00013,0,pretrain,5K57kcs15DY,00014,7.60340295242932,9.536
train,pretrain,IMjn62naclM,00021,0,pretrain,t5KNNlxLScc,00003,2.324321266321327,6.72
train,trainval,vMeEKBaiPbg,50002,0,pretrain,PVzcGhZ8Aeg,00033,-3.779377217948965,3.968
train,pretrain,2L1R7OtJhWs,00045,0,pretrain,th3nnEpITz0,00035,-6.46865114578878,7.424
train,pretrain,FfwFUjVEIl4,00005,0,trainval,iQsnObyii4Q,50002,-6.009832257624117,6.016
train,pretrain,P7n2rYt9wfU,00001,0,pretrain,0qYTf9evWeY,00026,-9.781074032880586,3.008
train,trainval,mA1vshSuyQU,50001,0,pretrain,ZcFRfJb2ONk,00004,2.4416586088315597,5.76
train,pretrain,ue2ZEmTJSXo,00009,0,pretrain,wfW3aZCFfLA,00010,-4.663646267420467,4.096
train,trainval,Qhomjw2PSV0,50017,0,pretrain,apiScBmE6rA,00003,-5.711128876511982,3.392
train,pretrain,wSF82AwSDiU,00006,0,trainval,6JcKbNSGjCE,50003,3.176484649652771,3.776
train,pretrain,zqLYcJ6Ib3c,00018,0,pretrain,GOCUH7TxHRI,00008,7.560002608168478,10.048
train,pretrain,hfznpykprP0,00023,0,pretrain,4N5N0pQUFbI,00010,3.6870636115771838,5.248
train,pretrain,BSxI3YxAPW4,00030,0,pretrain,SJWoKsfsSaA,00021,-8.492188580484715,5.44
train,pretrain,FuSkBWSKSms,00003,0,pretrain,KQEWc3LVfyc,00080,6.4578526195739165,7.04
train,pretrain,xEtXItg9hEE,00005,0,pretrain,SltDJynTduY,00024,9.55927256002208,10.24
train,pretrain,Kaq7FhvOtE0,00013,0,pretrain,MoSmgcxGYYE,00080,8.223818192502769,6.208
train,pretrain,JLLpWtHbMAo,00020,0,pretrain,GlpGBSBpxOE,00020,5.214120373033609,4.544
train,pretrain,f6CILJA110Y,00008,0,pretrain,BMdMSmtTgD0,00031,-4.100006981280247,6.656
train,trainval,b4sMMWJYUOs,50001,0,pretrain,chXsLtHqfdM,00025,-7.883462979180546,6.08
train,pretrain,HQIi3nUXh0g,00017,0,pretrain,kOPMqiKhoSc,00006,4.125843424543586,6.208
train,trainval,80USSKwX0iU,50002,0,pretrain,akOe5SUsQ2o,00006,6.030383262410048,3.2
train,pretrain,bkeBjPS9ZR4,00030,0,pretrain,LKAhTELkOV8,00037,0.8867167160943428,5.056
train,pretrain,UiosQf4GqnQ,00015,0,pretrain,BltRufe5kkI,00023,7.3149782006873245,6.976
train,trainval,6MBaFL7sCb8,50008,0,pretrain,EEWTNYovKfE,00005,-9.180985187971007,3.2
train,trainval,nzj7Wg4DAbs,50003,0,pretrain,ooIxHVXgLbc,00042,-8.189995491837047,2.048
train,pretrain,E3SSSS5SFHQ,00011,0,pretrain,acikxzM6GaY,00014,2.6952932716028712,3.776
train,pretrain,GlpGBSBpxOE,00020,0,pretrain,u70RZtCJSrI,00005,-6.0041394471528235,9.792
train,pretrain,aOW7JZaqKGA,00020,0,pretrain,5PhNVxr7Vtw,00024,2.3508900631675935,7.04
train,pretrain,KnFZpoplGQo,00002,0,pretrain,Y5M7e0PWFtk,00001,-0.5932665771738428,5.568
train,pretrain,5mug2UKGwp4,00010,0,pretrain,y5nbWUOc9tY,00011,-5.510100246612284,5.952
train,pretrain,sS9ys09BkGE,00014,0,pretrain,kLIfeGflNp8,00038,-2.352897053858296,6.016
train,pretrain,EZ9tC3PigiU,00016,0,pretrain,b5QCM1SgVGA,00002,-3.869855177285504,14.912
train,pretrain,RxyQNEVOElU,00037,0,pretrain,zqLYcJ6Ib3c,00015,-4.516068758465037,2.368
train,trainval,wsIrdxDJpSQ,50006,0,pretrain,V84bSWIlNA0,00006,-1.8594470865660035,4.544
train,pretrain,SSZG5aPkZyM,00004,0,pretrain,B1dkma6GRZo,00022,-0.23753341852197707,4.992
train,pretrain,j51HsRILGKI,00054,0,pretrain,AlsFSLXjVdw,00007,-6.475099812192296,4.288
train,trainval,9uuhxGhD9bo,50008,0,pretrain,46wWjKTn4Ac,00007,6.585321093830515,2.88
train,pretrain,o9NUy12lgs4,00002,0,pretrain,93fJ33L9OKw,00010,8.28876146790585,3.648
train,trainval,nO69NjadSec,50005,0,pretrain,KCL8NjN7FMQ,00016,2.5397647462880446,6.208
train,pretrain,vUQLN4o63SY,00009,0,pretrain,jT5rRh9AZf4,00014,-4.096182590737227,9.6
train,pretrain,mUJdzaLDRIo,00053,0,pretrain,5K57kcs15DY,00029,9.845421377887789,9.536
train,pretrain,5K57kcs15DY,00012,0,pretrain,SJ0G1iCLzCA,00019,-2.9252280746125825,4.16
train,pretrain,r3afSFSG570,00004,0,pretrain,cmlRinjYKfM,00004,5.636533437927849,6.656
train,pretrain,MJKSdMlATmM,00012,0,pretrain,8iQnrM3DkVI,00017,6.215204490519504,7.488
train,pretrain,iU1bhHeCkoU,00007,0,trainval,mSASZGgHy0g,50001,4.867649701415624,2.496
train,pretrain,bX32UShfri4,00004,0,pretrain,S0hxl03JoA0,00036,5.403394818087026,18.816
train,pretrain,QHIocNOHd7A,00026,0,pretrain,imhUmLtlZpw,00036,-6.221673358849323,11.264
train,pretrain,BSiNIZ6zZqY,00013,0,pretrain,1KS10q6N2A8,00004,2.2105406443004227,13.12
train,trainval,5uVtphj4b6c,50007,0,pretrain,dY9f9bFctUE,00034,-5.3278812998001985,2.816
train,pretrain,V6yixyiJcos,00009,0,pretrain,SSJu0Jy9oSQ,00007,-3.767265610770105,9.92
train,pretrain,drv3BP0Fdi8,00064,0,pretrain,1rTEOU67zCo,00018,-5.347017044513633,18.624
train,pretrain,rcdwNSDSTl4,00021,0,trainval,a17Z5Sk2XJY,50012,2.066036621355231,5.44
train,pretrain,r9LelXa3USI,00003,0,pretrain,audakxABYUc,00011,8.886316885509245,4.224
train,pretrain,6tpsSu5O0Ws,00012,0,pretrain,3QZp6smeSQA,00006,5.677895038257413,7.68
train,pretrain,cAsEeYSQE1U,00002,0,pretrain,Nhx1SyXMwCg,00007,7.808612776857025,6.72
train,pretrain,v84pD2g3gSk,00039,0,pretrain,JSLUS3qLv0I,00008,2.3406189987758115,11.52
train,pretrain,SGnmDWtyhAs,00036,0,pretrain,ImQrUjlyHUg,00065,-6.922945564543861,5.248
train,trainval,mZqL7MC8Eys,50007,0,pretrain,nn5k4snG3rA,00021,-4.173164684217017,2.048
train,pretrain,tjkrKA1cVdU,00004,0,pretrain,be03wdS5Klc,00020,3.069542461471924,8.512
train,pretrain,1SS2wOnkcSk,00028,0,pretrain,Vj3gCWmJSiE,00003,8.22671939954105,6.08
train,pretrain,SeBUcBfkVCo,00025,0,pretrain,VUT6GQveD0E,00022,-3.9125582376114876,12.416
train,pretrain,n706Sqp20Mk,00005,0,pretrain,OibJT7GSwyo,00037,-3.1618186716393932,7.168
train,pretrain,khRkIVPa1Vc,00030,0,trainval,4jUdCy6Vghw,50006,6.474138299229278,4.032
train,pretrain,ISSupr6ayqw,00010,0,pretrain,wKIHuxe2fi0,00025,-5.705549097127269,5.12
train,pretrain,sAUIAChAmc4,00004,0,pretrain,9E3a0HSXcSg,00007,-3.1769869845689396,2.432
train,trainval,RPicL1AWrs8,50001,0,pretrain,snkrS1C2e7U,00007,-7.956318433703746,4.288
train,pretrain,IwWuLSwSMvI,00008,0,pretrain,kU0ei9ApmsY,00012,-4.906543263727404,3.968
train,pretrain,4Rtfi4MSafA,00024,0,pretrain,2xKXLPuju8U,00006,6.263510621443668,4.928
train,pretrain,BJsrYqPtXFM,00014,0,trainval,iTdZn78u6pI,50002,5.998799472447409,4.48
train,pretrain,16cMSRFid9U,00031,0,pretrain,QSfFattg8N0,00018,8.688290861817663,3.776
train,pretrain,z4vmzTZ7qLA,00019,0,pretrain,0D9QIG36J9Q,00016,1.4831103767112808,5.376
train,pretrain,EHTmxmuhZ10,00003,0,pretrain,PB2OegI6wvI,00058,2.7244521584966996,5.376
train,pretrain,xTMZJvfzxGY,00017,0,pretrain,JSuTsrxfYWQ,00018,6.724642906003766,6.848
train,pretrain,RPicL1AWrs8,00015,0,pretrain,oIGBBPspTKM,00076,-3.8836103158032076,5.376
train,pretrain,hh2Z2hSgFIY,00026,0,pretrain,FzAyOddR5u4,00027,6.572459528213056,18.496
train,pretrain,kYZqyjzuaOw,00018,0,pretrain,TYFH0DSjyqc,00003,-9.461432469660673,6.4
train,pretrain,IHBGLHgIWJM,00027,0,pretrain,cSsxBTNF2U8,00020,8.756248069024743,4.416
train,pretrain,pn8p3rOaA5I,00040,0,pretrain,nubSKdtzLcE,00025,-8.942236821328384,4.8
train,pretrain,qH4GAXXH29s,00042,0,pretrain,bcSXtB5bQgs,00012,1.3796617480883615,5.568
train,pretrain,9OECsmMont4,00023,0,pretrain,lVQ3KUTHDe0,00008,-8.01212632898395,5.952
train,pretrain,H0SyKBitO8M,00003,0,pretrain,59SRn1SkWAA,00012,9.696093709144385,5.312
train,pretrain,56WGgJNBRxQ,00039,0,pretrain,G88JZ1DIdg8,00013,-4.800614388063098,4.416
train,trainval,S6BLFdBfgfU,50011,0,pretrain,PB2OegI6wvI,00016,6.997594226696563,6.08
train,pretrain,ST4JS67J0Y4,00002,0,pretrain,eNDhBSR1DZ0,00046,8.122634254189474,11.328
train,pretrain,1G0MzlfMPuM,00014,0,pretrain,Xe2nlti47kA,00007,4.833020778284078,11.2
train,pretrain,iU1bhHeCkoU,00018,0,pretrain,P8GCjrDWWUM,00020,-9.207020741353835,6.016
train,pretrain,7SfQLQ7eyA8,00009,0,trainval,cRrgDS4SD8s,50003,-2.117410255528524,3.52
train,trainval,SSZG5aPkZyM,50001,0,pretrain,B5MkpzMAOZM,00054,6.787296138578082,3.136
train,pretrain,5sS3Yjh9Lw4,00034,0,pretrain,1SS2wOnkcSk,00016,-4.308527492341055,6.784
train,pretrain,EluxCgnQVzg,00024,0,pretrain,1U2qMRGihGg,00009,-1.9926642689732237,5.376
train,pretrain,Y350oOiunf4,00011,0,pretrain,nccPghNJjBQ,00012,-0.2756581303027801,2.24
train,pretrain,7udZ5ux0dYE,00015,0,pretrain,7vsO7SHLJMI,00028,-4.501785011162076,7.808
train,pretrain,rYwTA5RA9eU,00007,0,pretrain,2vESelqTGlQ,00008,0.3025532983839341,5.888
train,pretrain,nncPtxLCPrE,00020,0,pretrain,Ytw0I6ytRto,00026,-1.9929942277721118,9.664
train,pretrain,KCr8s57hdzY,00030,0,pretrain,BMdMSmtTgD0,00013,7.249790110052146,5.184
train,trainval,lU1ISu1LOv4,50005,0,pretrain,z1KJAXM3xYA,00010,1.675050659470081,3.904
train,pretrain,1TYPldG99dk,00017,0,pretrain,HQzXqjT0w3k,00023,-3.983238273431164,9.792
train,pretrain,L2upTRjXeJM,00023,0,pretrain,8FKYe2v0teI,00010,-0.3942172915286193,9.92
train,trainval,5p0ptQizXjg,50002,0,trainval,tJ54irRmdC0,50003,-0.10691834883300899,2.368
train,pretrain,E6wlTtQBlhI,00003,0,trainval,cWpRxyqDgpM,50001,-2.1972744840066882,2.24
train,trainval,HQIi3nUXh0g,50027,0,trainval,79tRTivyMSM,50003,1.5961983678846998,4.992
train,pretrain,TWPahtyJDsI,00043,0,trainval,URSuWwvpn5c,50009,-0.23899530452358064,3.008
train,pretrain,e4PTvXtz4GM,00003,0,pretrain,PB7xs7UpIfY,00013,6.338224930455311,5.504
train,pretrain,pew48bbrob0,00013,0,pretrain,iRSjlgWE9GQ,00027,3.8878378258911965,9.024
train,pretrain,cf3zxHuSM2Y,00042,0,pretrain,Syi9bqfFIdY,00030,-7.596259225445849,4.16
train,pretrain,2OlhCITl1J4,00020,0,pretrain,dOt4NkcmIUg,00032,7.28892120576192,10.752
train,pretrain,bVV2Zk88beY,00022,0,pretrain,bRuU02haIK8,00006,-5.524165063589024,13.44
train,pretrain,lYdk1NK9Sr0,00039,0,pretrain,FETryXMpDl8,00016,-9.436489170813916,10.176
train,pretrain,UY2tyuSOcyo,00008,0,pretrain,potB0voQzNg,00066,-9.142718426059886,7.936
train,pretrain,xcR1SWhjZys,00007,0,pretrain,I1cGiNnJZgU,00016,-9.29203820515465,7.04
train,pretrain,mlrB6npbwVQ,00012,0,pretrain,BcTOSxcv2So,00023,4.35632081026913,3.968
train,pretrain,Rr5Py1r9xjw,00015,0,pretrain,HSzqFSOft20,00015,-4.396851478940471,4.672
train,pretrain,8OkzozrUEHY,00016,0,pretrain,w32u2NwCve0,00004,6.065958134368984,5.248
train,trainval,NAcuH7nSdLc,50025,0,pretrain,S8bJ3YlgL1Q,00011,3.144116695089492,5.44
train,pretrain,w8lH8tNlAXc,00018,0,pretrain,CrsdoIOGCRw,00041,-6.991420890652633,12.8
train,pretrain,sUf1ajkIAhY,00006,0,pretrain,iE7YRHxwoDs,00001,-5.658623274347409,9.92
train,pretrain,sNbGUSI9HWw,00010,0,pretrain,vPn94XAUBoo,00012,6.404808944944897,5.76
train,trainval,v3SZTqj2Skw,50008,0,pretrain,cSsxBTNF2U8,00046,-0.5628844571406724,4.736
train,pretrain,UiCJhSuLdok,00006,0,pretrain,yxC30tEjZk8,00006,-9.202204502555976,11.008
train,pretrain,gXlIASSrI4E,00026,0,pretrain,K74JqctvM2g,00026,2.413925172029522,5.76
train,pretrain,JaFSfq2Zn7I,00001,0,trainval,10MvdLL2EpY,50002,-3.158432740326285,5.888
train,trainval,xAXUqSQc8DI,50011,0,pretrain,h9SKyrHRhDo,00034,6.06276442744057,2.688
train,pretrain,lqbLSUhhyPk,00022,0,pretrain,KRrNST9OAcA,00001,-8.413694316206428,5.248
train,pretrain,56WGgJNBRxQ,00044,0,pretrain,LSdPxGLesE4,00033,4.860044459112753,3.776
train,pretrain,HYGvts8hre8,00023,0,pretrain,mDSuP2BsVy4,00035,-2.1691958464317658,6.528
train,pretrain,DShPct3oIow,00010,0,pretrain,SXJ20tt5nPQ,00003,6.111517803904395,6.208
train,pretrain,ExcDNly1DbI,00001,0,trainval,apZ2pCGi8RA,50006,-3.688613689014808,5.696
train,pretrain,4BwSMSCFdu0,00046,0,pretrain,l5Bbg96VODk,00031,7.418829173599395,16.64
train,pretrain,aSLSiIskEFU,00037,0,trainval,K9SQUZbAIoY,50004,9.979872108602638,2.56
train,pretrain,pvBlSFVmoaw,00001,0,pretrain,lVQ3KUTHDe0,00034,1.4458655330301777,5.696
train,pretrain,M1o3FS0awtk,00025,0,pretrain,y7LXwGfvxwo,00035,-6.7847126516486895,9.216
train,pretrain,A0V9Rk9tNL0,00010,0,pretrain,FqSVvAxDBRY,00021,-9.563030372773332,3.776
train,pretrain,gSCSsL3it9Y,00003,0,pretrain,rjECbQ1rSk0,00030,-2.728141801538298,5.504
train,trainval,1Yz7Snu6pnI,50004,0,pretrain,jT5rRh9AZf4,00025,2.689379635625082,3.968
train,pretrain,xSUw0NiseBM,00001,0,trainval,XPkV1bDZDl4,50016,-1.7758160505497536,6.016
train,pretrain,7W8OJgeYy1w,00010,0,pretrain,sodSeJBf9Y0,00007,-2.634016972072848,4.864
train,pretrain,aQ8T4sySLxw,00004,0,pretrain,W4zepOS7dgk,00018,4.791390945845187,10.176
train,pretrain,Yo5cKRmJaf0,00035,0,pretrain,anmktfGYw8k,00014,-2.041508955456697,7.04
train,pretrain,esPRsTSlmw8,00025,0,pretrain,RsxlLsHtoBI,00006,7.234567496818265,5.888
train,pretrain,qSTStSwyBWc,00002,0,pretrain,da1vvigy5tQ,00039,5.150125797884627,16.384
train,pretrain,EZwxKPv1CwA,00015,0,trainval,5aH2Ppjpcho,50002,0.7717682472500247,2.816
train,pretrain,nzj7Wg4DAbs,00001,0,pretrain,pk35J2u8KqY,00003,-0.9232939325988543,4.544
train,pretrain,yRUCU5FsvTY,00019,0,pretrain,ELET24AHnEg,00016,-4.1117384311290355,10.432
train,pretrain,C8OqQ2lmsEo,00010,0,pretrain,eUznJ3LtvGc,00040,3.5448610007454295,5.44
train,pretrain,DcKdClnpz4k,00041,0,pretrain,pxr2GRJ6tjc,00007,-4.311468107459902,4.16
train,pretrain,xuAAPsiD768,00031,0,pretrain,p2MEGk5q1WI,00050,-4.057189963032672,4.864
train,trainval,IRxgDMSp9Gs,50010,0,pretrain,GIt6Z0k3PQo,00035,4.147322057465461,2.88
train,pretrain,S6pLPVfKFoQ,00018,0,pretrain,yDubrSRjlCE,00014,-2.009075397829056,3.072
train,pretrain,wAIP6fI0NAI,00052,0,trainval,QSfFattg8N0,50011,-9.10304058103737,3.264
train,pretrain,9h2dFSIsH0I,00019,0,pretrain,bczm0RsIZUM,00012,1.1460239797057437,3.776
train,pretrain,rXepkIWPhFQ,00007,0,pretrain,q9Ou0cj3fF8,00012,0.11544833802402721,3.328
train,trainval,p49rv25dx0g,50055,0,pretrain,MiPXuEFAdIc,00004,4.919933240741525,5.312
train,pretrain,XTf9Sdrq1zg,00003,0,pretrain,yPGwA7t6bpI,00033,4.025329492036358,6.528
train,pretrain,mvC3Qafe5Ms,00006,0,trainval,OF5VVrsnpzo,50003,-7.050523766229335,5.888
train,pretrain,IWjzT2l5C34,00039,0,trainval,GP4sBGbeF8w,50008,9.836040263273095,4.8
train,pretrain,zqLYcJ6Ib3c,00024,0,pretrain,JDDGhGiaAZU,00008,5.338988354603803,20.544
train,pretrain,EZSf3Fc0ZRA,00004,0,pretrain,XbgdpsXDU2o,00009,-0.4954482011675925,3.52
train,pretrain,SgKCzdT60Uo,00026,0,pretrain,2FASIuDTMjE,00001,4.350378674224299,7.552
train,pretrain,rRxdxIbSQbY,00015,0,pretrain,urKhVssiygA,00005,6.003528371981986,3.072
train,pretrain,YAV96XSdMQo,00034,0,pretrain,mLSFzBUAHuQ,00001,6.704967420488877,8.704
train,pretrain,YJ5VS3GAucc,00007,0,pretrain,Zx8uYIfUvh4,00029,-0.5610513570914666,8.96
train,pretrain,ZSRaJIMYSMs,00024,0,pretrain,85hbMtegrLc,00004,5.087488057027523,8.0
train,pretrain,vNDhu2uqfdo,00001,0,trainval,te3u3MSpk1c,50001,3.024165085453994,2.944
train,pretrain,BwOd20Mv0hM,00014,0,trainval,k0GQSJrpVhM,50001,3.3838465249001395,4.8
train,trainval,AvtStbwMQqs,50004,0,pretrain,UVqoIgh7bcw,00027,9.635161624433533,5.376
train,pretrain,IRxgDMSp9Gs,00022,0,pretrain,3nsoNSLS8RQ,00032,-9.995779615709415,6.208
train,trainval,eCknUJJc3qU,50006,0,pretrain,j3YjeARuilI,00019,3.3758486477158005,5.504
train,trainval,o0td5aw1KXA,50001,0,pretrain,SjSHVDfXHQ4,00009,4.347898120025562,3.648
train,pretrain,UiCJhSuLdok,00015,0,pretrain,IeblJdB2SVo,00014,0.7838512656343894,4.992
train,pretrain,8xHrpO6p7dE,00018,0,pretrain,VehHPwAVL9g,00005,-2.2360489692691354,16.768
train,pretrain,gpSnhBdsKE4,00011,0,pretrain,0UmUgaJwEr0,00030,8.501400737848936,7.04
train,pretrain,uVAaZVz9pDs,00056,0,pretrain,UTwRlz13NYI,00009,2.700596276853087,4.416
train,pretrain,g1bOpgoOI3g,00008,0,pretrain,23Uuehgmd14,00012,-8.13977282955874,9.216
train,pretrain,Xw4K07eVuQE,00007,0,pretrain,8khcH5Lqxgk,00012,-7.256040586998629,7.744
train,pretrain,zyet9fPS24k,00002,0,pretrain,CHxhjDPKfbY,00016,1.850866680480907,7.296
train,pretrain,lwVYaY39YbQ,00009,0,pretrain,bB5zR2xYhm4,00019,2.7440753296541924,15.616
train,pretrain,bCjfy8Z7dv8,00027,0,pretrain,fOk6HQaNpdE,00007,-5.710530478134766,9.92
train,pretrain,fW6AndSUByo,00026,0,pretrain,4sg9TlsMRVA,00004,9.959939243402857,6.656
train,pretrain,I7wxkBnnnrQ,00005,0,pretrain,xcR1SWhjZys,00019,1.6768827870499763,5.76
train,pretrain,8XQ1onjXJK0,00051,0,pretrain,fmZSIr2Z29s,00015,-1.059309699074939,5.952
train,pretrain,YeXcNpVkezI,00019,0,pretrain,GjYt5uQPu8o,00015,-3.0681226793691145,6.848
train,pretrain,LNohxpJntZo,00026,0,pretrain,Un2yBgIAxYs,00015,-8.306030462667248,5.312
train,pretrain,ppZ2WIlRvR8,00022,0,pretrain,uU6o2SUFSEY,00002,0.2060301979638961,10.816
train,pretrain,4xnVNvd8lBg,00007,0,pretrain,6XNrzmh0EVs,00018,9.235754054217939,3.84
train,pretrain,0wpCZxiAQzw,00004,0,pretrain,z9CabT4Kcz8,00005,9.451809368424662,5.632
train,pretrain,dOOtM7ZpAS8,00039,0,pretrain,nW5VhQyc4Fg,00011,-9.962087970136064,6.272
train,pretrain,Lp5Ccer5NM8,00008,0,pretrain,cI9vSC1eQ18,00017,6.266224974736495,4.608
train,pretrain,ZChEFOGSn8Q,00001,0,trainval,86xSuStz0MA,50007,-5.706413393567549,2.176
train,pretrain,8n5O9tz30So,00004,0,pretrain,emeEpzkf044,00011,3.483798657298859,10.816
train,pretrain,6Eu964BbJO4,00014,0,pretrain,7wJTgUCxnKA,00033,-5.685379635506482,5.44
train,pretrain,WsmVX5C1HXY,00010,0,pretrain,zZo3S5j1Pf8,00017,-0.2996339290314527,5.632
train,pretrain,SF242mxtZN8,00037,0,trainval,QWN5xhV6v1U,50002,4.526958496686518,3.776
train,trainval,co2enjjt3J0,50004,0,pretrain,6V6p1tgHfm0,00009,-2.7636217173502615,3.328
train,pretrain,HTf7Ziklcms,00008,0,pretrain,JS8fYhwrYzI,00006,7.796064425998221,6.976
train,pretrain,7TXEZ4tP06c,00012,0,pretrain,1fZk6aWnqGg,00001,6.685684578650694,5.696
train,pretrain,CLSSiaFuLo4,00026,0,trainval,UVqoIgh7bcw,50004,-2.8767875274496806,5.312
train,pretrain,3bFabjnryE0,00005,0,pretrain,G8cjIBwP52o,00040,3.3656150144713575,3.776
train,pretrain,cKGFSkQh1h4,00006,0,trainval,SltDJynTduY,50004,8.998858492177412,4.032
train,pretrain,Qs9m8obl0AY,00023,0,trainval,7DLzXAjscXk,50043,9.687158706587766,2.368
train,pretrain,E6atIJ8RDzU,00024,0,pretrain,VcMyX5R4dzs,00024,9.555424697525567,4.224
train,pretrain,NRcPXtqdKjE,00042,0,pretrain,0qYTf9evWeY,00045,4.284381481346122,3.968
train,pretrain,OOG65rSM5fA,00018,0,pretrain,BzDEFAGvShc,00016,5.56458779844661,4.608
train,pretrain,6a6vVIdQBd0,00021,0,pretrain,SgYvy71CSSA,00023,4.0482115207414004,4.736
train,pretrain,7LE4MoJS2po,00010,0,pretrain,H74XsXCjKA8,00007,-4.213286520980619,12.608
train,pretrain,oIGBBPspTKM,00055,0,trainval,mYQx5n5SRVQ,50009,1.566032801793952,2.752
train,pretrain,UiosQf4GqnQ,00017,0,pretrain,93fJ33L9OKw,00037,-8.159503878705754,2.752
train,trainval,ZHOyfyGwpes,50003,0,pretrain,5pW2b1vwwf4,00022,-5.574630825599187,4.032
train,pretrain,SryJK294Psw,00028,0,trainval,0N1oA9LUEc4,50004,-2.9044623548830817,5.952
train,pretrain,gBkIyJ7kfSI,00052,0,pretrain,nmVDcD2olOA,00004,5.525808266221331,3.584
train,trainval,5XD2kNopsUs,50007,0,pretrain,wsIrdxDJpSQ,00013,-8.036063436833533,6.016
train,pretrain,3NdSVi38RM8,00026,0,pretrain,nLB8ASSQdHc,00004,-8.734992967115504,13.696
train,pretrain,SgjGcBTyScY,00003,0,pretrain,w3q89BTJj3o,00002,-6.303683272397677,4.032
train,pretrain,FESv2CgyJag,00020,0,pretrain,osBbP6Om4Mg,00006,-1.634246338905541,4.224
train,pretrain,5duz42kHqPs,00004,0,pretrain,WmJwn4WDeLE,00027,-1.5994068154739445,13.568
train,trainval,ByuWS1bBwpc,50009,0,pretrain,niASMK9RoAI,00016,-5.489959009479453,4.096
train,pretrain,abMQhaMdQu0,00018,0,pretrain,JXXvIMKPHYg,00001,9.307573566562056,6.208
train,trainval,SYwvyjIDk80,50005,0,trainval,Mjl1i13JKNM,50001,8.498280452602241,2.496
train,pretrain,9h2dFSIsH0I,00023,0,pretrain,S9ry1M7JlyE,00009,-3.8445518434145542,6.976
train,pretrain,SXYwKxdxfF8,00015,0,trainval,fBQnQTkhsq4,50004,2.4218769202941726,6.208
train,pretrain,gCWeVYCcKXw,00004,0,pretrain,BCvzpm4d2gs,00003,-5.595327039175187,3.84
train,pretrain,u1K6hnm09xs,00006,0,pretrain,SSV07QKguBI,00011,3.8873455345649166,5.056
train,trainval,E27DY3AVA98,50001,0,pretrain,rRxdxIbSQbY,00022,-9.806113982259985,2.368
train,pretrain,u70RZtCJSrI,00026,0,pretrain,b28brIs1OmM,00010,-7.112730371549865,10.176
train,pretrain,fa7SkR2fz3M,00015,0,pretrain,EszGIvRdgTE,00006,-7.286848889982432,7.744
train,pretrain,KXAnS2epCPA,00018,0,pretrain,o3VwYIazybI,00014,-7.96789079197559,5.696
train,pretrain,Br1AIvMrvAE,00007,0,pretrain,g2m97gPI70I,00010,-5.829616826984569,10.24
train,pretrain,CHxhjDPKfbY,00022,0,trainval,SKx2lfobPuU,50011,0.21155535031578765,3.2
train,pretrain,MAQihRikgZM,00018,0,trainval,lwcvhh4pLjE,50002,-4.881710176471492,3.136
train,trainval,zbHe4RpgV80,50015,0,trainval,sz77x05rySc,50002,9.504258433013312,2.112
train,pretrain,rueQgStScw0,00004,0,pretrain,b2MSSeKey4o,00024,-7.368383039062931,3.776
train,trainval,TdtoAQFStBk,50002,0,trainval,9X68dm92HVI,50007,1.988372785481129,2.624
train,pretrain,ZFpbkCSHimY,00007,0,pretrain,l5ZJ6bK1EIc,00014,3.1518382132105067,7.168
train,pretrain,rugSZIFY7mc,00011,0,trainval,NRXCxJGQ4KY,50012,-3.5168887882960442,3.904
train,pretrain,6yR5OUVb2gY,00010,0,pretrain,vC1uxXvPG0Q,00002,8.553175047399463,5.248
train,pretrain,y2yka9lyvMA,00066,0,pretrain,8QuAokSXiyg,00013,5.620219102362814,3.712
train,pretrain,lSiQSNSwgMM,00004,0,pretrain,ae38tl7uR28,00013,-0.8434066921781973,13.504
train,pretrain,dY9f9bFctUE,00039,0,pretrain,EszGIvRdgTE,00016,3.787164991895782,3.776
train,trainval,5p0ptQizXjg,50002,0,pretrain,CfqO1U6lfDs,00031,-5.168607462102733,3.52
train,pretrain,4ef6KJ7vfIw,00035,0,pretrain,td1PbsV6B80,00015,7.770767947149604,9.088
train,pretrain,rSSSsisz2SM,00013,0,pretrain,o9DNWK6WfQw,00014,1.025190160231853,7.616
train,trainval,AGivotqSrd0,50027,0,pretrain,LnQYJa9SaR0,00004,7.193657742404685,6.016
train,pretrain,wDkH7Qpu6V4,00005,0,pretrain,rYwTA5RA9eU,00017,-6.773014083464412,2.496
train,pretrain,3UFGqjWcVU8,00030,0,pretrain,rjECbQ1rSk0,00006,8.120040679665713,7.616
train,pretrain,J6oMG7u9HGE,00025,0,trainval,OPtxa35JU6Y,50007,-9.717893380809821,5.696
train,pretrain,lXNE4MD2X2w,00002,0,trainval,wn8S33NBB04,50006,-0.09378198241668656,5.44
train,pretrain,A3yBxsDv8lM,00011,0,trainval,MnT1xgZgkpk,50001,-7.37964240126209,2.688
train,trainval,1YO1FmVAPrA,50009,0,pretrain,mAAxykQH0Wo,00002,2.180112981293771,3.648
train,pretrain,CXvUdCdKTJY,00020,0,pretrain,fSOupkS4VVo,00017,-5.569599213944485,5.376
train,pretrain,vSONFixSe4k,00013,0,pretrain,89Dhye1lgik,00005,-3.555966422205767,8.896
train,pretrain,EU15c9hnftE,00016,0,pretrain,iP9QFSlBOyA,00036,-8.20982143526889,5.888
train,pretrain,ZBuT2wdYtpM,00006,0,pretrain,cK74vhqzeeQ,00028,-5.1837155541417985,4.736
train,pretrain,Q80MfH7xPPE,00024,0,pretrain,lASzdhSbQBo,00015,-7.203168848119557,10.048
train,pretrain,qm0isl11BfY,00031,0,pretrain,lXNE4MD2X2w,00015,4.610285011499737,5.696
train,pretrain,axRSF7ku0Zg,00009,0,pretrain,vhfcedpoCLo,00004,9.26843521173873,6.912
train,pretrain,SEiSloE1rSA,00004,0,trainval,SqCWAsd2GP8,50001,6.188729495211376,5.888
train,trainval,v22SdEMzxO4,50013,0,pretrain,S6cX2p5cBVg,00032,-1.1670251730128953,5.696
train,pretrain,HMYVHShBGWg,00022,0,pretrain,CPVjktgYKo4,00028,8.95448820968507,7.936
train,pretrain,EUYLa7MAlPc,00004,0,pretrain,C74amJRp730,00053,-4.207831417888941,4.48
train,pretrain,5nys6iebjHw,00018,0,pretrain,SryJK294Psw,00010,5.060925804142078,6.528
train,pretrain,tHYtv5FLC6I,00005,0,trainval,IDSSieLCmS4,50021,-9.257688267072995,4.48
train,pretrain,11Mq9ZuxZMc,00014,0,pretrain,jSdBXFkQ3S8,00001,4.651250334212943,4.736
train,pretrain,x5LshSZn5RA,00044,0,pretrain,ScFWnnQF7A8,00012,-6.183507226278517,6.08
train,pretrain,Aa2JfigaNcs,00010,0,pretrain,pX8zZdLw7cs,00032,-9.069650519450661,4.096
train,pretrain,HA7GwKXfJB0,00015,0,pretrain,UQzvNIIMayo,00022,-1.532319847438142,10.496
train,trainval,k9QTVIISlkg,50002,0,pretrain,mSjqjC5OcjM,00002,-5.362076417345469,3.136
train,pretrain,68c2M4r9oQg,00017,0,pretrain,LSdPxGLesE4,00028,3.121929442066726,3.52
train,pretrain,yVwAodrjZMY,00006,0,trainval,kiDfwUQySEs,50020,-7.252184161844804,2.688
train,pretrain,7KtAbgvGEvY,00002,0,pretrain,ooIxHVXgLbc,00017,6.437957338873801,4.288
train,pretrain,f5udS4pbXPk,00010,0,pretrain,EpFCykE9Lk0,00022,-5.382284599346154,35.52
train,pretrain,gLdBqrTOQxc,00014,0,pretrain,b5QCM1SgVGA,00006,-8.562592230189033,3.776
train,trainval,PFVP8L3SlfQ,50001,0,pretrain,oSv7E8WK2Iw,00002,7.278779578868832,3.456
train,pretrain,xpnFeyMGUs8,00036,0,pretrain,DWoAShyDSsY,00018,-7.19110571995601,6.656
train,pretrain,fSRWTyY2YSM,00008,0,pretrain,3ls2SgSAyvk,00006,-4.201202879941047,4.352
train,pretrain,cHSQGnhdSi4,00002,0,pretrain,OtUSnXV0i4E,00021,2.201151059609071,16.832
train,pretrain,AvtStbwMQqs,00006,0,trainval,jSS03JfgHEA,50016,-9.727671646572633,3.968
train,pretrain,jDy5j0c6TrU,00011,0,pretrain,ciStnd9Y2ak,00005,-7.247379137905607,6.848
train,pretrain,ol1b5mMeP7s,00028,0,pretrain,ErexJkoDhGI,00005,-3.682817314230582,3.52
train,pretrain,YraU52j3y8s,00061,0,pretrain,b6uOb1fm5bg,00010,2.0909248051429294,4.416
train,pretrain,dE1DuBesGYM,00024,0,trainval,zLNXIXingyU,50013,-0.19133533049131657,4.16
train,pretrain,uU6o2SUFSEY,00001,0,pretrain,SZbNyp1jeGo,00002,8.502450278643835,8.512
train,pretrain,ImmtTHYU5GQ,00024,0,pretrain,VekRvcbL4yk,00043,-2.7674861039886522,18.368
train,pretrain,Zx8uYIfUvh4,00019,0,pretrain,4ZB29iqSZd8,00009,9.256281451180804,5.888
train,pretrain,x5LshSZn5RA,00036,0,pretrain,FzApYQDIXlg,00031,0.451425304620269,5.312
train,pretrain,folTvNDL08A,00024,0,trainval,cj5LZBmiQu4,50017,-1.602325069297752,4.736
train,pretrain,4BZuWrdCS9Q,00027,0,pretrain,UiosQf4GqnQ,00007,-3.398808036286045,8.896
train,pretrain,9usocDBGnvA,00014,0,trainval,4rttG3xyHcw,50001,-9.002849142806511,5.888
train,pretrain,FVSc2FnPnDE,00005,0,pretrain,wsIrdxDJpSQ,00021,-8.675798245626922,4.736
train,pretrain,oLomVgNbNV8,00007,0,pretrain,o08ykAqLOxk,00026,-2.27821804536503,6.016
train,pretrain,oIGBBPspTKM,00076,0,pretrain,zjvsA0v7r0g,00007,9.773263724558237,5.76
train,pretrain,Ep2MAx95m20,00006,0,pretrain,ftWn4QOvTTo,00022,-8.616629939331004,7.168
train,trainval,IMTcuU0KLSw,50023,0,trainval,IjHlyKTSUug,50011,-2.3884434222317115,2.56
train,trainval,MtSE4rglxbY,50044,0,trainval,DjcZrtcBZi4,50032,-0.8697607317987064,3.264
train,pretrain,BQOz6OVz1zc,00044,0,pretrain,iyfdWsa1zns,00021,-5.928663491256707,7.552
train,pretrain,3W4pLOTXybI,00001,0,pretrain,GkRn9Lp16UI,00031,-7.059205669765176,10.688
train,pretrain,ltelQ3iKybU,00010,0,pretrain,Gv7Y0W0xmYQ,00009,8.657074562648809,7.36
train,pretrain,2zvjW9arAZ0,00014,0,pretrain,vw5HJhIlJp4,00018,-0.289508423749961,5.248
train,pretrain,6JM9JD2iYrk,00006,0,pretrain,qQIwTWJSd2I,00015,-6.766963479827959,4.864
train,trainval,rCplocVemjo,50002,0,pretrain,P2dlq8ZqjDM,00003,2.822310203871016,2.048
train,trainval,iU1bhHeCkoU,50021,0,pretrain,QPiaadMporw,00017,2.735827464903446,5.376
train,pretrain,hz2ONnzRANs,00016,0,pretrain,rokPqHc9iD0,00043,5.143528534049901,7.168
train,pretrain,bCjfy8Z7dv8,00029,0,pretrain,D5iFVKhLStU,00024,8.583571922713759,7.232
train,pretrain,1CN7PF10RKo,00006,0,pretrain,Wj7hmzfX5eQ,00007,7.608785445378505,3.84
train,pretrain,bf7BXwVeyWw,00050,0,pretrain,cF2dhWWUyQ4,00001,2.630105545951416,5.184
train,pretrain,qaue72D9pSI,00013,0,pretrain,bnvnBwP9sTo,00003,0.9816914483431916,3.328
train,pretrain,ynSrWmoq7Is,00045,0,trainval,vzKA1y3cdYI,50004,9.999193476344,2.304
train,pretrain,S6cX2p5cBVg,00042,0,pretrain,u9hauSrihYQ,00031,-7.832984908835923,5.888
train,pretrain,mZqL7MC8Eys,00017,0,pretrain,TcBrchkBSBE,00002,2.7256136253384753,4.16
train,pretrain,lXNE4MD2X2w,00037,0,trainval,kpfsQbFV5SU,50002,6.188004270065324,3.648
train,trainval,a6Qvzp516gY,50001,0,pretrain,eSBZigXlphY,00014,3.6528917185066963,2.88
train,pretrain,LhszKevcH30,00017,0,pretrain,34a7UEzZdsA,00042,-2.642428360222448,8.384
train,pretrain,LS3wMC2BpxU,00010,0,pretrain,Pl8OlkkwRpc,00031,1.4762358137998923,3.456
train,trainval,cRrgDS4SD8s,50016,0,pretrain,kjmsb9pDrF0,00014,6.217346931015545,4.032
train,pretrain,0C5UQbWzwg8,00040,0,pretrain,uo7w3g24DWo,00026,-1.2860311824863437,5.12
train,pretrain,3E46oWB4V0s,00008,0,pretrain,xbWcLYOniWU,00027,2.4924531824540246,11.584
train,pretrain,az5vU9CT4CY,00032,0,pretrain,79zra755WgA,00025,3.788420025482271,5.056
train,pretrain,pASKEZ1bSLg,00008,0,pretrain,UiCJhSuLdok,00028,-3.2599576021668693,4.608
train,pretrain,4B2qC7PIHxs,00010,0,trainval,8zj8HJntlP4,50009,8.388306648957894,2.752
train,pretrain,FjibavNwOUI,00006,0,pretrain,AHfiKav9fcQ,00017,9.902536761861512,5.12
train,pretrain,6E3zVSCSGYk,00006,0,pretrain,a7B39MLVeIc,00005,5.389682665105244,8.896
train,pretrain,BT2XlI8oeh0,00010,0,pretrain,ldhppc7GmZg,00017,-2.9617692092935943,17.28
train,pretrain,wQJC2MMB8nA,00009,0,pretrain,JqokS3P1D9o,00015,6.550036813385397,6.336
train,trainval,XO1MeSMYSQ0,50003,0,pretrain,6xy5pWOgeBY,00004,-7.999148898508142,5.952
train,pretrain,pNTylSnUOVo,00023,0,trainval,h8cF5QPPmWU,50004,-3.3670897336623824,3.2
train,pretrain,SGMVTJ9ZKVc,00023,0,pretrain,kWnsmzSSgdI,00001,-4.0013994087094895,3.008
train,pretrain,W9wwvA5BRZc,00008,0,trainval,LVFVaWCV1TE,50003,-4.052303137737496,6.016
train,pretrain,SSy6CJLMuiw,00018,0,pretrain,0sYguTPLpHE,00079,7.518948082565828,7.68
train,pretrain,VLe84OkwKOA,00007,0,pretrain,V1ItvwxBENg,00011,2.4838337007574474,6.208
train,pretrain,0C5UQbWzwg8,00008,0,pretrain,BsFxokC02sg,00027,-3.7110530511820965,3.328
train,pretrain,IDSSieLCmS4,00051,0,pretrain,iF5SaDJOr6U,00011,0.6528027529995377,9.92
train,pretrain,j06dz9eDgqY,00011,0,trainval,JVwLjC5etEQ,50007,-1.9830116838334533,3.2
train,pretrain,5J6jAC6XxAI,00001,0,trainval,OyahH2o9AAk,50007,0.0878997643914019,4.928
train,pretrain,npFSbX7DZ6k,00028,0,pretrain,P9B8PmUR64U,00015,0.569296706052624,4.416
train,pretrain,DzWjaWFLjgg,00005,0,pretrain,t5KNNlxLScc,00017,7.996100335980806,28.48
train,pretrain,vbHkhSfaQu8,00045,0,pretrain,8rZzHkpyPkc,00007,-9.418789371763088,5.696
train,pretrain,2BOTS9GAjc4,00043,0,pretrain,4qKAse8388k,00003,5.402569200768259,6.08
train,pretrain,aSLSiIskEFU,00048,0,pretrain,NwmGTM5Py8Y,00055,-7.034279842701707,8.256
train,pretrain,t1ZSoufuQg4,00010,0,pretrain,imhUmLtlZpw,00038,6.909725563128259,10.048
train,pretrain,hha0NsYXS5c,00009,0,pretrain,inxIM1aGvZY,00012,-0.7357668968962532,7.104
train,pretrain,80USSKwX0iU,00012,0,trainval,7jRND5IU3Qg,50002,4.779711031178781,6.144
train,pretrain,6ydYeyNSQVY,00006,0,pretrain,NZspSEdO2Xk,00024,-4.415937924651123,9.024
train,pretrain,j12BBcKSgEQ,00018,0,pretrain,F0ofeD8VKMA,00043,-8.4720781692957,9.728
train,pretrain,2BOTS9GAjc4,00041,0,pretrain,cOIJGGgaSIY,00003,9.130872866058269,13.056
train,trainval,GJWSZgjz7G0,50008,0,trainval,8FKYe2v0teI,50002,-0.7068738321846695,3.136
train,trainval,BnC6IABJXOI,50015,0,pretrain,2R3Njv0LjjM,00024,-3.9119658992669892,6.208
train,pretrain,eNC1h5H5cJA,00009,0,pretrain,fmxNuVDJZEY,00012,-5.205177401054497,8.832
train,pretrain,USmTQeKRaP4,00002,0,pretrain,TpC8wNkjSvs,00001,5.205305717023567,14.464
train,pretrain,gLgNjywpKsY,00012,0,pretrain,C8zY0oAdQrs,00018,-6.635215178490981,15.744
train,pretrain,N9HF8mMe2pU,00030,0,trainval,3phTundagzQ,50009,1.686952892720896,2.88
train,trainval,9h2dFSIsH0I,50002,0,pretrain,Y0GHWogx0eg,00042,-4.786190144646747,4.416
train,pretrain,i2a8pDbCabg,00001,0,pretrain,aTfwA1TaH3Q,00018,-8.87008177802308,9.152
train,trainval,V3CLRL32Mcw,50010,0,pretrain,khRkIVPa1Vc,00006,2.07797462288125,2.368
train,trainval,dO6AuQR9R7E,50002,0,pretrain,CWCWq155hyc,00011,9.754132286906543,6.144
train,trainval,5AN5fPFtV0U,50010,0,pretrain,k7djE1X16og,00033,-9.83994113091345,2.048
train,pretrain,PUh5msG0rG8,00018,0,pretrain,pzN4WGPC4kc,00038,8.222450509404393,7.04
train,pretrain,quJdL9ggETI,00007,0,pretrain,fBQnQTkhsq4,00018,-3.7829155030316963,5.376
train,pretrain,gw2Mn3Bh1t8,00007,0,pretrain,0N1oA9LUEc4,00009,1.62845332045862,3.968
train,pretrain,iSpwUpdQdyY,00004,0,pretrain,tRqVPRwKn2o,00012,5.6318730834011,4.608
train,pretrain,S3SnIMZ43EQ,00030,0,pretrain,2xs8qmk0OPc,00018,2.215229136671395,4.032
train,trainval,D9Ihs241zeg,50001,0,trainval,SwMTKRixZIE,50007,3.2938641765310486,2.048
train,pretrain,da1vvigy5tQ,00015,0,pretrain,UVDgemuZdho,00027,0.27347385051612605,4.352
train,pretrain,9KACXVScWS4,00052,0,pretrain,NP8xt8o4S5Q,00004,0.9280787293117996,6.592
train,trainval,qS7zAkwAOYg,50006,0,pretrain,Mr8nvXvlSy8,00041,2.0208353853962535,5.696
train,pretrain,gto6w0a13B0,00005,0,pretrain,0D9QIG36J9Q,00001,-4.919938211628601,15.424
train,trainval,Urk3xn7l3AM,50011,0,pretrain,qKlzdSH2X9w,00006,2.41074399576911,2.432
train,pretrain,AS3Pyc4Qr2Q,00015,0,pretrain,b81YwSOs8RM,00026,0.9060141378440285,6.208
train,pretrain,SfHRcaS6r3w,00019,0,pretrain,aR5N2Jl8k14,00016,-6.865171086150285,4.736
train,pretrain,5AN5fPFtV0U,00040,0,pretrain,ts5MKtXNpMQ,00004,-5.294093083519657,4.096
train,pretrain,j51HsRILGKI,00014,0,pretrain,XKc9MJDeqj0,00020,-0.2556501521522687,5.632
train,pretrain,85hbMtegrLc,00030,0,pretrain,jn0Ygp7pMbA,00015,9.331126453382893,5.76
train,pretrain,GP4sBGbeF8w,00006,0,pretrain,M9pPgIraoOM,00013,-7.8653278828249995,10.88
train,pretrain,gaY4m00wXpw,00006,0,pretrain,py1RrSdVt5A,00024,6.667729863490749,4.416
train,pretrain,1nZ9u2ZoIJo,00004,0,pretrain,erCApSBd0AQ,00019,-6.11565178419764,5.056
train,trainval,Rpsf1YJsbbI,50003,0,pretrain,WNTk29zXl4A,00026,-4.956139694006298,5.568
train,pretrain,EijI8QaExDg,00007,0,pretrain,lwcvhh4pLjE,00070,-7.269774404360618,12.608
train,pretrain,iclWthSVvBs,00004,0,pretrain,59SRn1SkWAA,00081,6.7356593218955965,6.72
train,pretrain,0UmUgaJwEr0,00020,0,pretrain,breDQqrkikM,00028,0.7397226649011035,6.848
train,pretrain,ROXUPr8Wqds,00015,0,pretrain,3nsPcBJAdxI,00020,9.95592962196341,5.376
train,pretrain,0qYTf9evWeY,00034,0,pretrain,ygRNoieAnzI,00012,7.1983188436297,5.632
train,pretrain,9y7YEmyzSDo,00007,0,pretrain,MS4x6G0zzeg,00031,-0.5275646043943922,8.832
train,pretrain,1BHOflzxPjI,00051,0,pretrain,eNDhBSR1DZ0,00003,-7.695987858542059,2.176
train,pretrain,7Oe11XnBvA8,00021,0,pretrain,0zbHnOcGbrw,00022,7.5050912966576355,8.576
train,pretrain,lXNE4MD2X2w,00023,0,pretrain,N37x4GgDVBM,00008,5.815351264623235,11.52
train,pretrain,TjaM0tdxtYA,00006,0,pretrain,Ep2MAx95m20,00016,-3.0734190769103993,7.296
train,pretrain,UGtFXtnWME4,00033,0,pretrain,Ftnb2fpJ664,00013,1.9084499093869152,5.44
train,pretrain,sIPvnWZ5O6Q,00011,0,pretrain,bJ8Kq1wucsk,00022,-1.6264668887261386,16.832
train,pretrain,gyPoqFcvt9w,00004,0,pretrain,chXsLtHqfdM,00026,4.9538761574269525,5.184
train,pretrain,fgfQLTIhi1U,00010,0,pretrain,I4PU2JlhO80,00018,-4.339682793482485,4.288
train,pretrain,mGbMwP8MDjg,00008,0,pretrain,7LcSdlVrg5M,00031,-1.6035019015032486,7.68
train,trainval,0GL5r3HVAZ0,50019,0,trainval,iE7YRHxwoDs,50001,1.0637445871786166,2.048
train,pretrain,ihoR9B7pS1Q,00010,0,trainval,Erm4vP1vTn8,50008,-3.782111912426032,2.88
train,pretrain,MNhCvM5pjfs,00014,0,pretrain,X6Zo53M0lcY,00011,-6.6324140814184425,8.256
train,pretrain,QBDShp6U7tU,00031,0,pretrain,qEZmFR1WS7g,00005,-5.019037436350711,7.36
train,trainval,3NzgEwye6Uk,50016,0,pretrain,jxKUDXrtDFI,00003,-4.61572186151916,2.56
train,pretrain,0nI65jgHG9o,00025,0,pretrain,uRxwQsrI560,00005,1.9063131867342697,3.456
train,pretrain,0Q1owhv3qAA,00011,0,pretrain,tBoBC3nBoFs,00006,0.011119645897036179,24.96
train,trainval,ac1mOswXxLs,50006,0,pretrain,GJWSZgjz7G0,00013,3.462136701514357,4.48
train,pretrain,ue2ZEmTJSXo,00008,0,pretrain,NMfXycr7SOU,00016,0.3895690490659298,7.808
train,trainval,pz1TDXKSTHc,50001,0,pretrain,MExS7F0lGzI,00015,1.3009601080993818,2.816
train,pretrain,sNbGUSI9HWw,00005,0,pretrain,CwpvSWtUP3o,00009,9.546748497144154,16.704
train,pretrain,cmlRinjYKfM,00006,0,pretrain,WSKPrVG3Evs,00022,7.045823366182173,13.312
train,pretrain,ema8O7xqjvk,00037,0,pretrain,osBbP6Om4Mg,00015,-8.204133586542453,2.88
train,pretrain,NPSelwWdPa0,00051,0,pretrain,xyIQFI865Sw,00023,-3.582442922013202,12.736
train,pretrain,nzj7Wg4DAbs,00029,0,pretrain,DUd8XAS5HEk,00006,0.5238595135022557,4.288
train,pretrain,XAvE61JqkQs,00040,0,trainval,XzDNfLnUOYY,50005,-5.442847543309803,2.56
train,pretrain,8qqLMFBGvWI,00020,0,pretrain,G0ZjSInJ4BQ,00016,-7.990287588546103,10.88
train,pretrain,9SqHrhrTktc,00009,0,pretrain,hPVLbEapUD0,00003,-0.5440148286141699,3.904
train,pretrain,LUO3jqMlWkE,00033,0,pretrain,i2t8pN5ecMo,00007,-4.495075192294404,4.48
train,pretrain,LKAhTELkOV8,00029,0,pretrain,6xtmm0MnaS0,00014,9.24741567101431,11.776
train,pretrain,5FjuSwOaV3Y,00014,0,pretrain,8pHzROP1DSw,00004,2.9894561583638684,5.76
train,pretrain,YmRKlZEXVQM,00026,0,pretrain,2L1R7OtJhWs,00017,5.30336805484847,4.288
train,pretrain,BJsrYqPtXFM,00017,0,pretrain,90AU6D8qEhc,00006,3.647441871072525,4.8
train,pretrain,HJouIL6uaoc,00010,0,trainval,k0T6rfpYoqA,50008,-9.31375549640176,2.688
train,pretrain,SoJnEQ6bJKE,00009,0,pretrain,J6tgYBMXR6s,00062,-4.739765817482519,2.752
train,pretrain,uM1Ygy0tSp0,00011,0,pretrain,AS3Pyc4Qr2Q,00008,-1.45396037460789,6.016
train,pretrain,wUKAVcj9NVA,00019,0,pretrain,F8bM8K7WSR8,00012,5.323229053188644,6.72
train,pretrain,PYSkd46RfVE,00005,0,pretrain,GROCkg810R0,00025,-1.3619848694457577,5.12
train,pretrain,USkXuQHZmWs,00004,0,pretrain,HH3m1OSiOT0,00006,4.255501373594058,4.16
train,trainval,AR6RiSHN7S0,50019,0,pretrain,ESNiCniw0JE,00011,1.5320981956355233,5.952
train,pretrain,jYperQKUkcs,00021,0,pretrain,UoruUSrndBA,00004,7.182210286639023,4.992
train,pretrain,AhSSmLEMgis,00022,0,pretrain,mUJdzaLDRIo,00038,7.020442894634613,11.776
train,pretrain,uhRhtFFhNzQ,00012,0,trainval,FjibavNwOUI,50006,7.3523696803291685,4.48
train,trainval,fYUaWgVF2XA,50001,0,pretrain,cswhOCKQZ7Q,00020,2.0052738857989265,2.048
train,pretrain,YbtrDM1aJF0,00012,0,pretrain,R21MsHQA8vM,00021,9.709703943037269,9.408
train,pretrain,wAIP6fI0NAI,00001,0,trainval,NZspSEdO2Xk,50012,-3.6790261358151337,2.432
train,pretrain,boSGZ3qSAys,00035,0,pretrain,tH5iEf9oxaI,00050,0.26318902463993865,3.136
train,pretrain,4EUAMe2ixCI,00029,0,pretrain,GOCUH7TxHRI,00018,-2.383068141578308,4.736
train,pretrain,l141Mauo74A,00005,0,pretrain,R2kOgSVF2Uk,00001,-5.590767345521524,3.776
train,pretrain,nLtUl2CP8ak,00042,0,pretrain,0P0mBj09vwk,00020,4.968229429422859,3.712
train,pretrain,xlggecnjOY0,00003,0,pretrain,4EUAMe2ixCI,00034,-1.7550905089204694,5.888
train,pretrain,n8eyF4UWG38,00009,0,pretrain,eH5qxw6Pd1c,00005,-5.6590149396381335,11.392
train,pretrain,QISHX5UKky0,00012,0,trainval,iU1bhHeCkoU,50017,-1.1459014498320848,2.048
train,pretrain,yqc9zX04DXs,00008,0,pretrain,luoKOkTxOtU,00011,-2.1695383985293004,3.136
train,pretrain,RxyQNEVOElU,00042,0,pretrain,sLiM2SizFl4,00056,-7.521228532941738,8.384
train,pretrain,19KkFCQz8WQ,00028,0,trainval,FJFxLQCo83U,50001,2.5363832652629874,4.416
train,pretrain,JD4O7ama3o8,00015,0,pretrain,AfnruW7yERA,00011,3.787968445676352,3.84
train,trainval,3f6xCzKx9CA,50013,0,pretrain,DW5YctpK7pM,00021,-4.288941037030876,6.208
train,pretrain,lECfUfqNVoo,00015,0,pretrain,A47JaOMDH4c,00016,1.8504862391793253,4.672
train,trainval,aIFFFGf1ZRE,50017,0,pretrain,5LrThfSBeq0,00021,5.0397318231751775,2.24
train,pretrain,UoruUSrndBA,00009,0,pretrain,o5ojwGhKr20,00003,-2.519879225921809,7.232
train,pretrain,k4vzhweOefs,00068,0,pretrain,CiJ6ybBSm10,00032,3.475004078742076,7.296
train,pretrain,ANFQPEkczYc,00003,0,pretrain,LgBjU8ovWh0,00022,-9.247689192628336,8.64
train,pretrain,yA1O5gmP4eg,00001,0,trainval,3B24RaqA33k,50001,9.498723420189595,5.568
train,trainval,1IxIDGyISzk,50014,0,pretrain,dY7iATJVCso,00016,6.733624134062268,5.376
train,pretrain,SXOZflB1BKo,00001,0,trainval,KI3WJXNhCJ8,50040,6.861134325638819,3.2
train,pretrain,V1gxziZwmkc,00008,0,pretrain,QUUFbS1hBtw,00007,-8.626816954142472,6.784
train,pretrain,kFh3Q2eOZ1U,00006,0,pretrain,DW5YctpK7pM,00014,-2.6891045179670474,3.648
train,pretrain,ok54sSWquT4,00030,0,pretrain,USmTQeKRaP4,00023,-8.293282575568796,5.056
train,trainval,zuAj2F54bdo,50012,0,pretrain,7Iv2nZnZOrM,00001,9.687089291717278,5.76
train,trainval,zsLz0mRmEG0,50002,0,pretrain,Fb3yp4uJhq0,00039,8.679222410690372,3.648
train,pretrain,yRUCU5FsvTY,00025,0,trainval,pPgd7Hj3ABQ,50006,-2.4967188377438543,2.816
train,pretrain,mQOOgDqUta0,00001,0,pretrain,EUYLa7MAlPc,00026,-0.054502108019542916,4.096
train,pretrain,nOHbn8Q1fBM,00012,0,pretrain,KyamsZXXF2w,00034,-9.561309015879333,3.328
train,pretrain,qGSYmIPFO68,00059,0,trainval,P9B8PmUR64U,50006,5.5459938350110285,4.288
train,pretrain,q9Ou0cj3fF8,00007,0,pretrain,8HplGZBS7FY,00007,5.931761990266949,4.416
train,pretrain,sWnAtLt8kSs,00004,0,pretrain,DW5YctpK7pM,00022,-7.69537700062862,4.608
train,pretrain,fbeFn1Xcqo4,00012,0,pretrain,v3SZTqj2Skw,00006,4.205680172162694,10.368
train,pretrain,B4a0NvLTebw,00036,0,pretrain,xpnFeyMGUs8,00031,-6.021888720432944,3.648
train,pretrain,5nrn5fC001Q,00006,0,pretrain,pbGLBjDhnSY,00019,4.614895079484624,8.448
train,pretrain,wmE8dQcZgB4,00036,0,pretrain,o08ykAqLOxk,00025,-3.8159219154504287,4.48
train,pretrain,NVPxmzSPvUw,00028,0,pretrain,8s3bdVxuFBs,00014,9.407148205093023,8.192
train,pretrain,sAMahX5hIgU,00025,0,pretrain,XoBSE2C1u0s,00015,-7.300789658662923,9.6
train,pretrain,CLSSiaFuLo4,00037,0,pretrain,SSogppqBahk,00001,5.128864534213534,11.776
train,trainval,c8re1U9rCo4,50009,0,pretrain,uCC3dS7FrkQ,00010,6.197393086383137,3.2
train,pretrain,NIjjaFCADSE,00012,0,trainval,bxkslfQc0EA,50015,-3.717336364234905,5.824
train,pretrain,0N1oA9LUEc4,00009,0,pretrain,5tUnSuoYKoE,00027,-3.5743531536955953,3.712
train,trainval,dY9f9bFctUE,50001,0,pretrain,3bFabjnryE0,00002,5.0383089633825975,5.12
train,pretrain,d38LKbYfWrs,00020,0,pretrain,rKtmsVa4Kvk,00029,-6.1069339134742755,6.528
train,pretrain,V48M5jS6zdE,00032,0,pretrain,3qXLZYXSJSI,00003,5.888264019513791,6.336
train,pretrain,qKlzdSH2X9w,00022,0,pretrain,8S66QUJk3w4,00006,9.345396642326811,5.056
train,pretrain,RG5QP2EVUVY,00009,0,trainval,43e6eAAeGCs,50005,-6.605011062643484,2.88
train,pretrain,1gAQ82IHyZ8,00006,0,pretrain,gBGt5OeAQFk,00007,-9.829511553110788,6.016
train,pretrain,3GBrJiSMFu0,00020,0,trainval,ggPh4X7UKwY,50008,3.4155474036620035,5.44
train,pretrain,LBvHI1awWaI,00035,0,pretrain,rfOMqehlSZA,00013,-9.71499929330826,6.272
train,trainval,HfMhU6qjVVM,50003,0,pretrain,xgsnrg8wfbQ,00003,-8.994275667388917,5.696
train,pretrain,mSvyBpWueu4,00022,0,trainval,GOCUH7TxHRI,50011,-1.0280374264359793,5.696
train,pretrain,EBebWBjpWIQ,00022,0,pretrain,P6w7Eq7YhL8,00006,0.9034103454441311,9.408
train,pretrain,GJWSZgjz7G0,00008,0,pretrain,R7beBKnH9u0,00014,-7.397397574216214,13.44
train,pretrain,LJhklPJz9U8,00017,0,pretrain,rKtmsVa4Kvk,00057,-7.554340476647439,5.952
train,pretrain,aUBawr1hUwo,00003,0,pretrain,fIqABIcKIvs,00003,0.10924319837578089,4.096
train,trainval,70VZ1SOzSnc,50017,0,pretrain,nv0dObM5XGk,00006,-3.7824138028257526,2.944
train,pretrain,rMeIzXvYaYI,00016,0,pretrain,gWD6g9CVSsc,00020,4.377988056177271,3.136
train,pretrain,SWjSKTraw7c,00005,0,pretrain,O4Og5tFNiaU,00005,-6.167125576677055,5.568
train,pretrain,NU82HhqhEHM,00008,0,pretrain,Chfoo9NBEow,00031,-3.3455862035160067,9.92
train,trainval,8rZzHkpyPkc,50001,0,pretrain,KnFZpoplGQo,00008,6.637333388945002,5.376
train,pretrain,Si644sBMaOY,00004,0,pretrain,0iTehgSOZ8A,00006,-4.6015282003584135,9.6
train,pretrain,apbSsILLh28,00058,0,pretrain,YYIXwJD7zeY,00002,-9.534832941960904,9.408
train,pretrain,SF242mxtZN8,00024,0,pretrain,rufeSSlZJg8,00007,7.415670417572947,3.456
train,pretrain,fm9SH6NucHk,00004,0,pretrain,H2vN2QXZGnc,00007,2.028393401880651,5.056
train,trainval,BCvzpm4d2gs,50007,0,pretrain,JCI9FBP0Abg,00032,-5.62096374528795,2.048
train,pretrain,8FKYe2v0teI,00009,0,trainval,8xHrpO6p7dE,50006,0.8655340132801683,2.176
train,pretrain,V84bSWIlNA0,00011,0,pretrain,J6tgYBMXR6s,00035,9.624329448223648,7.488
train,trainval,mkdSXHXhCcw,50004,0,trainval,fi8CYv9Dcr0,50002,-9.291250258270535,4.352
train,trainval,IHyR7p6Shn0,50055,0,pretrain,o0td5aw1KXA,00035,-1.195004110728462,5.76
train,pretrain,OIpgrZ8ySSQ,00017,0,trainval,bXnTAnsVfN8,50014,-6.730467524105093,4.224
train,pretrain,FrsiPG3Cs08,00009,0,pretrain,9KACXVScWS4,00005,0.24820104974917356,5.376
train,pretrain,80USSKwX0iU,00015,0,pretrain,ScFWnnQF7A8,00002,4.7668208648669275,6.72
train,pretrain,LMrzdkSYnYY,00046,0,pretrain,gZga0AmCGdE,00023,-6.144507419127738,8.384
train,pretrain,wgeh4xhSA2Q,00013,0,trainval,7vsO7SHLJMI,50017,1.52535316034359,2.56
train,trainval,ohGMgSLJCjs,50003,0,trainval,s2F41IQSPGE,50001,8.443077015767877,5.568
train,pretrain,bLGTrz1Zolk,00013,0,pretrain,gbDraZi7FS4,00011,2.1527195839912885,6.592
train,pretrain,d6KSsePuFAo,00008,0,pretrain,GSIpG4t4Z5k,00012,-8.20263889583166,4.736
train,pretrain,Syi9bqfFIdY,00009,0,trainval,mp0SQQQgv7s,50008,5.160606223694513,3.072
train,trainval,jqWHy6B0ADA,50005,0,pretrain,FPhZGDS6kVQ,00016,4.190201298689066,4.8
train,pretrain,IYDqtxvKDW4,00001,0,pretrain,SMi3rHuK0c4,00026,-3.1775493076464283,8.448
train,pretrain,QoRZNSVpt3Q,00005,0,pretrain,avuhY7D71sQ,00034,3.8173292101475713,3.904
train,trainval,wSepGxx36To,50015,0,pretrain,H03o2WCBoDU,00009,8.0562798977015,5.952
train,pretrain,2K6P014XXmQ,00007,0,pretrain,65e2qScVSK8,00022,2.9677236573065002,16.0
train,pretrain,NRXCxJGQ4KY,00024,0,pretrain,CGksAjzI0go,00007,-8.088423457454098,14.464
train,trainval,16cMSRFid9U,50003,0,pretrain,QpmsftF2We4,00026,1.2180038982248895,2.752
train,pretrain,cf3zxHuSM2Y,00050,0,pretrain,CVaSIZVzUoc,00007,-5.379901386551764,2.944
train,pretrain,km4GiwSIFCo,00005,0,pretrain,NiKtZgImdlY,00006,-3.893536993095794,4.8
train,pretrain,fkPISY2Vg5k,00015,0,pretrain,kmflTZnRuZI,00030,-5.634846774991377,8.704
train,pretrain,ea3HnhOLC9g,00016,0,pretrain,J6tgYBMXR6s,00005,3.079744333081308,4.288
train,pretrain,fwYS1jyEzmU,00009,0,pretrain,nXOSQeZNjJo,00003,-7.502529288261286,5.76
train,trainval,6XS8TA4RBog,50018,0,pretrain,iQsnObyii4Q,00023,-1.4121191235690151,3.008
train,pretrain,eUznJ3LtvGc,00004,0,pretrain,85hbMtegrLc,00003,-3.748393334095253,6.464
train,pretrain,xx310zM3tLs,00018,0,pretrain,T7ibjISKSdY,00024,2.5728854513709436,4.224
train,pretrain,fWInyaMWBY8,00016,0,pretrain,B12syeJflbQ,00009,-7.50568555488621,4.608
train,pretrain,vPn94XAUBoo,00023,0,pretrain,iSpwUpdQdyY,00049,4.218023563845437,5.44
train,pretrain,SPSq3cW672s,00015,0,trainval,lUaSg8ZNswU,50005,-9.724537279146716,5.184
train,pretrain,2OlhCITl1J4,00016,0,pretrain,lqSBVyou38s,00014,2.5118477789095195,10.112
train,pretrain,Y0UB6g8Rsyw,00006,0,pretrain,K926HAKRFvw,00005,2.1449207808386,3.776
train,pretrain,SqgSz1UmcBM,00012,0,trainval,3PQrElyu9HY,50008,-5.176144820791773,2.56
train,pretrain,SpQ1BCdSTTI,00008,0,trainval,WzDygsn0Djs,50007,-0.05186926955999027,3.456
train,pretrain,XPkV1bDZDl4,00019,0,pretrain,C74amJRp730,00022,-7.97484911074946,19.008
train,pretrain,qBfwUkCGJHQ,00005,0,pretrain,0akiEFwtkyA,00029,-5.308123201633579,8.832
train,pretrain,1mUDw0sRZV0,00026,0,pretrain,vkEeNkHilIg,00024,-9.206060815194457,10.368
train,pretrain,7SfRgg9botI,00006,0,pretrain,rYwTA5RA9eU,00024,-2.536667807313478,12.096
train,pretrain,zpNBwNgWejs,00003,0,pretrain,8oeiOeDqSNc,00001,3.237181336096164,5.44
train,pretrain,SQB9zNWw9MA,00028,0,trainval,buHSvs7LFzw,50007,-5.712548638946027,2.368
train,trainval,QhLLMBN57AU,50026,0,pretrain,sAQfzHBpRsc,00004,-2.469694286687531,5.888
train,pretrain,gSUvy6pvLA4,00022,0,pretrain,1SPazvfN9EU,00001,1.5537347203842256,16.96
train,pretrain,C8QCStOtqus,00011,0,pretrain,tF1oSdNwE8c,00002,8.626704980015496,10.816
train,trainval,b6rAgHcuYtE,50005,0,pretrain,nzUds0TIQMY,00004,3.1464085802173347,3.136
train,pretrain,fw01Sq0cxM8,00014,0,pretrain,F73O3Sim0Wo,00009,-1.8509010342991399,3.904
train,pretrain,nvSSeGObF4w,00003,0,pretrain,YsUAEFJsOdA,00006,4.008361325131888,23.296
train,trainval,CTEhgUmSrro,50003,0,pretrain,nPdUMWGWE28,00006,-3.4273239974380942,2.112
train,pretrain,DUd8XAS5HEk,00021,0,trainval,l92bqJNkIao,50009,7.297856195816607,3.584
train,trainval,9P73k8m3Ytw,50019,0,pretrain,EHTmxmuhZ10,00035,6.563018207621699,6.208
train,pretrain,34a7UEzZdsA,00021,0,trainval,stBSQ6CagVo,50014,-3.047144317163357,6.208
train,pretrain,6d6oq0zGGmw,00031,0,pretrain,VFaQtPw3Va4,00021,-1.7628135993134784,3.456
train,pretrain,VGpZ06RlVfI,00014,0,pretrain,P5Mpo4JQZhw,00019,3.289569883963564,5.568
train,pretrain,I8tg0Myjimg,00005,0,pretrain,P8GCjrDWWUM,00031,1.9789196297468692,8.128
train,pretrain,FM5SDGprLpc,00026,0,pretrain,aiIxdFBA0Sw,00028,6.614229015474137,5.76
train,pretrain,gevXeQwS1jg,00012,0,pretrain,rueQgStScw0,00003,-3.684206465043718,4.224
train,pretrain,YeXcNpVkezI,00011,0,pretrain,Wai4ub90stQ,00043,8.568119104322545,3.456
train,pretrain,NXfYNdapq3Q,00010,0,pretrain,AhSSmLEMgis,00003,-7.675682095688479,3.2
train,pretrain,GlpGBSBpxOE,00013,0,trainval,u9Lu85L111Y,50002,0.3850994382410775,2.752
train,pretrain,2L4BSVpvx1A,00017,0,pretrain,5s61n2MLGRQ,00003,-4.378527276496403,8.896
train,pretrain,DwYQHj7Hmik,00024,0,trainval,M1o3FS0awtk,50003,0.32918926083159405,5.568
train,pretrain,Y2y7BzjbSNo,00017,0,trainval,lQDxasFKQCA,50014,6.608900533813735,6.208
train,pretrain,GqGksNRYu8s,00031,0,pretrain,lU1ISu1LOv4,00010,5.491132428733238,5.44
train,pretrain,tqf607N19Is,00001,0,pretrain,yg8SBuTuoKk,00023,-1.7237917134383522,12.352
train,pretrain,PCupHgKGCcY,00025,0,pretrain,rSSSsisz2SM,00022,-3.132105707475823,4.48
train,pretrain,S0hxl03JoA0,00026,0,pretrain,6XNrzmh0EVs,00028,-8.243909877540496,26.368
train,pretrain,uaB6Bdgp3WU,00008,0,pretrain,JzLiCBCbAMY,00018,4.3158179723585715,4.544
train,pretrain,RBElFl1aLtI,00019,0,pretrain,mK2TDdEP58g,00018,3.8606562175005728,9.92
train,pretrain,stBSQ6CagVo,00009,0,pretrain,zbHe4RpgV80,00012,8.409914927400134,5.12
train,pretrain,6ePXxeGrfvQ,00002,0,pretrain,dcwuBo4PvE0,00014,-0.3397524172478317,18.496
train,pretrain,xAgawjzimjc,00013,0,pretrain,WNDWYW4yWEM,00007,-9.234032080141732,7.488
train,pretrain,mkdSXHXhCcw,00006,0,pretrain,PWhjzFwn9Js,00009,-2.383200906746257,6.976
train,pretrain,oGlsUYGMYks,00022,0,trainval,QBDShp6U7tU,50004,3.8432062138560887,4.416
train,pretrain,6Af5tJzSR2w,00011,0,pretrain,esugL07XANg,00012,-1.4792304149564082,8.64
train,pretrain,dUdCToPPK5A,00013,0,pretrain,FpHPVrsEkYY,00024,7.3022232481967855,13.44
train,pretrain,oIGBBPspTKM,00031,0,pretrain,cpsRAk5HpK4,00030,3.65452196483046,3.008
train,pretrain,6VnKV1sr5VQ,00015,0,pretrain,jPyR3UDhOm4,00044,-9.740817325781656,14.464
train,pretrain,n9ZSpccScW0,00018,0,pretrain,fHfhorJnAEI,00013,3.7981869727821618,8.896
train,pretrain,NVrpKRdtWwc,00002,0,trainval,RLh5CRUecfY,50004,2.0334212652293537,6.144
train,pretrain,4bsiMd1zQ3s,00010,0,pretrain,FETryXMpDl8,00003,3.9034122329987433,8.96
train,pretrain,ZmSF9gVz9pg,00014,0,pretrain,3m6dV7Xo3Vc,00006,-9.286797511048146,4.544
train,pretrain,hha0NsYXS5c,00006,0,pretrain,3UFGqjWcVU8,00017,-5.479329519541684,5.248
train,pretrain,IRVdiHu1VCc,00028,0,pretrain,apbSsILLh28,00062,7.227974439165127,2.88
train,pretrain,ZB50BfYlsDc,00006,0,pretrain,qYvXkSbqlBk,00010,5.3959452866153015,7.04
train,pretrain,xAXUqSQc8DI,00002,0,pretrain,5nys6iebjHw,00020,4.580575212550983,8.832
train,pretrain,urOCGSMlB9g,00008,0,pretrain,1VRgmKiE0Js,00002,8.679622317634234,22.208
train,trainval,2j00U6lUCSc,50005,0,trainval,ESNiCniw0JE,50003,2.0717132130811002,3.392
train,trainval,L2M15ZeTLxc,50004,0,pretrain,2ju61VPdTzw,00013,-8.056129509344652,5.568
train,pretrain,mQOOgDqUta0,00012,0,pretrain,7SfRgg9botI,00001,-7.731850113973042,4.544
train,pretrain,MLyguFQR5N4,00013,0,trainval,qS7zAkwAOYg,50006,-2.088104148899763,5.696
train,pretrain,WMAunz9LqZU,00006,0,pretrain,0snNB1yS3IE,00038,-7.736545487938202,5.696
train,pretrain,m0ZPM5I1tTg,00041,0,pretrain,hgui64Kr0Go,00010,7.113686891602317,14.72
train,pretrain,4VC0E1k77yI,00011,0,pretrain,wfW3aZCFfLA,00045,-9.07016028489686,8.448
train,trainval,l5d8GW6GdR0,50003,0,pretrain,tjkrKA1cVdU,00001,1.4819138891017118,2.496
train,pretrain,mAvSoNUgMno,00010,0,pretrain,kTqgiF4HmgQ,00008,-4.825862145066175,5.056
train,pretrain,eQdFkSSgHYo,00033,0,pretrain,BwHAYgOnZSU,00011,-9.091240926484458,9.216
train,pretrain,eAnHjuTQF3M,00008,0,pretrain,4jUdCy6Vghw,00026,7.740938788744614,4.288
train,pretrain,43e6eAAeGCs,00009,0,trainval,wD3S6JIUF7M,50008,-8.241499947357024,2.752
train,pretrain,0kPu6eKpja8,00006,0,pretrain,ZBDablzQ9ts,00029,0.9241839910559833,9.28
train,pretrain,0ITHlySbhJE,00023,0,pretrain,8m5Ebx6nuGE,00036,-0.9411838578192349,5.568
train,pretrain,S7SXH1CBzGw,00023,0,pretrain,TFbv757kup4,00001,0.41371183770158204,11.648
train,pretrain,VLe84OkwKOA,00009,0,pretrain,4YS3gGpnPe8,00018,-6.2133677765648265,12.288
train,pretrain,boSGZ3qSAys,00004,0,pretrain,HWsehvUkISc,00002,1.3153196430115806,7.616
train,pretrain,mArrNRWQEso,00038,0,pretrain,rAA8mMQi0is,00024,2.5268753193895677,7.808
train,pretrain,jSSqQDPGW2k,00033,0,pretrain,pi9SMFWTzXw,00007,-7.576141584382392,9.472
train,pretrain,o5SrKh9BNHg,00001,0,pretrain,WNTk29zXl4A,00036,-6.486350098922609,7.68
train,pretrain,E7sqRrUoL3U,00004,0,pretrain,BQOz6OVz1zc,00001,7.380535537797304,6.336
train,pretrain,uYaF8pSTNSU,00015,0,pretrain,xEtXItg9hEE,00026,-4.3068488392354976,8.448
train,pretrain,IfqdMoKVIR0,00009,0,pretrain,qAYqK9lAxic,00001,-8.766746605642481,7.936
train,pretrain,Kk7kzUt3SLc,00009,0,pretrain,jdpIKXLLYYM,00007,-0.8508304904833928,11.776
train,pretrain,v7UKkzIaSsQ,00020,0,pretrain,BsFxokC02sg,00010,-9.13300017113772,4.544
train,pretrain,xjuY3lUfkK8,00018,0,trainval,odIvobLv7C4,50001,3.101395970423537,6.08
train,pretrain,p0p45l9NMto,00006,0,trainval,JTX0diTlUFU,50001,-0.70609997475119,5.824
train,pretrain,j51HsRILGKI,00020,0,pretrain,ukS8T7p2WMQ,00009,-6.783658506629637,3.776
train,pretrain,MiOVX7qKQ24,00005,0,pretrain,1N39Z0ODeME,00019,4.639051679914228,8.512
train,pretrain,gWD6g9CVSsc,00004,0,trainval,YsUAEFJsOdA,50019,2.981522842292378,2.752
train,pretrain,2TDLN61HKKc,00016,0,pretrain,3aYWvujaT6M,00023,-0.0010826809080484168,4.736
train,pretrain,HoyNrlMNBvw,00011,0,pretrain,MOFdlEbu15g,00083,2.708655213127882,3.2
train,pretrain,N37x4GgDVBM,00031,0,pretrain,3E46oWB4V0s,00008,0.7655848704384098,7.808
train,trainval,EijI8QaExDg,50019,0,pretrain,93fJ33L9OKw,00009,7.085262634673153,3.072
train,pretrain,EiTrl0W1QrM,00068,0,pretrain,Melo1Bgporw,00020,-4.312010417597499,3.84
train,pretrain,WpldYJ3sSIo,00014,0,pretrain,mGbMwP8MDjg,00030,7.776908006220321,8.0
train,pretrain,AbqsMDfX9Ig,00020,0,trainval,bSiGZPtWXzE,50019,-2.770935564574202,5.376
train,pretrain,OISOhvOumT0,00021,0,pretrain,uSMqkSqSgN4,00017,-8.87638317660089,7.68
train,pretrain,aL00a3sfnYM,00016,0,pretrain,soqnBdPOwoo,00020,0.08321604992248588,4.48
train,trainval,6Af5tJzSR2w,50006,0,pretrain,0SFkPxScSM4,00008,2.371543072315667,6.144
train,pretrain,EvEj5zAJriw,00006,0,pretrain,HsSvPqfsO0Q,00021,4.733712751964145,4.608
train,trainval,6k8YBJ5sgko,50005,0,pretrain,jFd96USLjbM,00019,9.439110128732839,4.096
train,pretrain,h4mmeN8gv9o,00005,0,pretrain,6VWPHKABRQA,00011,-6.639577393026947,4.992
train,pretrain,ty5QtslaAHM,00003,0,pretrain,xRL2vVAa47I,00005,-9.286671744298458,9.728
train,pretrain,oZ2eT76Sb4I,00024,0,trainval,Ydj28CDrHV4,50002,-7.641781553671397,2.048
train,pretrain,AkUcaludrcI,00001,0,pretrain,u9Lu85L111Y,00050,6.303628728796319,8.896
train,pretrain,49aWAHqi200,00014,0,pretrain,bSiGZPtWXzE,00013,-2.6530343370096654,11.776
train,pretrain,FuahzV12mi0,00003,0,pretrain,JDDGhGiaAZU,00008,6.256391513148383,24.128
train,trainval,I9tB6Q5bmcQ,50007,0,pretrain,VYU25aJpg5o,00037,6.7368432244318655,2.368
train,pretrain,BnC6IABJXOI,00015,0,trainval,SxPeQda00Co,50007,-0.8537195080185391,2.24
train,pretrain,K0PJbPlZoNI,00003,0,pretrain,G9wIXAGzn1w,00002,-7.793118399309789,14.464
train,trainval,56WGgJNBRxQ,50011,0,pretrain,vNpmq6OkSQQ,00008,7.718285084463169,3.328
train,pretrain,jJXMvOqS5bM,00023,0,pretrain,bVV2Zk88beY,00020,1.7192492310500658,14.016
train,pretrain,zIwLWfaAgS8,00033,0,pretrain,FJFxLQCo83U,00048,-8.57978155879,7.36
train,pretrain,UG2zHhgfAW0,00005,0,pretrain,IfjI0tVUpbc,00011,-9.813063554055931,12.864
train,pretrain,LsESSyMnwmU,00018,0,pretrain,ng7sf2SpeFg,00007,4.99524901896358,5.376
train,trainval,bJ8Kq1wucsk,50003,0,trainval,nVEvzeIXbpk,50005,6.10568088149428,2.112
train,pretrain,iZRGUADAu2Q,00018,0,pretrain,5MgBikgcWnY,00031,5.64888405722729,12.416
train,pretrain,MacRhth2lMM,00008,0,pretrain,4oFGmxZ2nqE,00012,-9.804586050837065,6.08
train,pretrain,ofsncCF9OSU,00014,0,trainval,kTsqFn33RiQ,50002,-9.20236122696642,2.368
train,pretrain,HFqLoHyCTRc,00002,0,pretrain,ptIecdCZ3dg,00022,9.848196791574338,4.8
train,pretrain,KI3WJXNhCJ8,00011,0,pretrain,kmflTZnRuZI,00026,2.1286330013296677,9.216
train,trainval,bXnTAnsVfN8,50002,0,pretrain,2KSP7HvSZwg,00020,-2.1109136600125655,4.16
train,pretrain,hxJ8LELZCjo,00035,0,pretrain,U23gPSGhW1w,00014,1.0012044296819624,10.624
train,pretrain,oPDaWYUCn8Y,00012,0,pretrain,Diuv3XZQXyc,00013,8.136338044467127,6.144
train,pretrain,y3ZrjRlIcgI,00021,0,pretrain,CHxhjDPKfbY,00023,-3.314617201235621,11.776
train,pretrain,8QuAokSXiyg,00009,0,pretrain,8t987Lxt1t4,00006,0.5542662273418504,8.32
train,pretrain,Gk9T7ngEijs,00013,0,pretrain,m0ZPM5I1tTg,00022,1.7816212494339965,4.224
train,pretrain,Peu7eeGtmQ4,00025,0,pretrain,XvS83nXSf0k,00006,2.89804137140046,5.12
train,trainval,5LrThfSBeq0,50003,0,pretrain,T8VS0LUCgmk,00003,4.333551761857494,6.08
train,pretrain,IfjI0tVUpbc,00022,0,pretrain,rTJpJlVkRTA,00042,-1.9379881909500156,9.152
train,pretrain,buRLc2eWGPQ,00034,0,pretrain,Kc0Kthyo0hU,00034,7.1601643757139435,10.048
train,pretrain,mQOOgDqUta0,00018,0,pretrain,odIvobLv7C4,00016,6.664245968178342,8.96
train,pretrain,o2WyXD7IaN0,00016,0,trainval,46wWjKTn4Ac,50001,-9.432097169752257,6.016
train,pretrain,gMNlRovT5x4,00001,0,pretrain,hLltkCSG5dY,00005,-9.31961975436099,7.04
train,pretrain,uYyvbgINZkQ,00044,0,pretrain,aFBIPOSP7LM,00010,-7.200628451483409,20.032
train,pretrain,dO6AuQR9R7E,00027,0,trainval,eNDhBSR1DZ0,50004,-4.1304101549479855,4.096
train,pretrain,6Af5tJzSR2w,00013,0,trainval,tH5iEf9oxaI,50001,0.2276113438163101,6.08
train,pretrain,BFK2knjj4lQ,00011,0,trainval,HFqLoHyCTRc,50014,-8.763630594227545,2.56
train,pretrain,KZIGekgoaz4,00003,0,pretrain,S7rSSd1fiUc,00001,8.372474922120865,6.976
train,pretrain,EXo3qA9V3eI,00026,0,pretrain,xAgawjzimjc,00011,-3.3150170209686447,11.968
train,pretrain,jk0Y3Ss212w,00002,0,pretrain,wgPLGS1BvQo,00001,-7.821310420631773,6.336
train,trainval,tTvIEUGCigk,50003,0,pretrain,bfAzi6D5FpM,00042,6.350092768337781,4.672
train,pretrain,B1dkma6GRZo,00010,0,pretrain,iclWthSVvBs,00016,9.480374305231841,12.224
train,pretrain,SQe8cR4Jl10,00031,0,pretrain,AgMOJC5R4F8,00004,-0.2903687918196969,4.736
train,pretrain,BsFxokC02sg,00016,0,pretrain,mFnS7wG1qXw,00003,5.847912910664661,2.688
train,trainval,Mr8nvXvlSy8,50024,0,pretrain,00j9bKdiOjk,00002,-0.8288446591813887,3.52
train,trainval,ufUkAQOQaXU,50016,0,trainval,Possj5cXEnM,50013,4.039266786593153,2.368
train,pretrain,mGbMwP8MDjg,00026,0,pretrain,XzNLfw5lS4A,00002,-9.765511199587662,6.208
train,pretrain,abMQhaMdQu0,00002,0,pretrain,Se8kcnUSuZw,00006,-1.6663804399499238,3.968
train,pretrain,syjEN3peCJw,00039,0,pretrain,n4EhJ898rSk,00018,-2.296805628546707,4.16
train,pretrain,5Jqk1rkuUwU,00019,0,trainval,P65XdTlk4vA,50009,8.703936616540261,3.776
train,pretrain,0bop3D7SdDM,00030,0,pretrain,vR8msiSohZM,00011,8.089302892054711,6.336
train,trainval,5SOHiN8Ne58,50008,0,pretrain,6WeS1bXRBOk,00008,-4.092925156325511,2.176
train,pretrain,qGSYmIPFO68,00054,0,pretrain,aMkNASF9lwE,00001,-4.991717460363274,5.056
train,trainval,4GKTEDqbQIw,50018,0,pretrain,n9ZSpccScW0,00005,5.54562381852149,2.88
train,pretrain,tV2RLLtOgL4,00021,0,pretrain,h9SKyrHRhDo,00007,-0.32397774170982885,3.968
train,pretrain,uFIc7XEVyM0,00038,0,pretrain,abMQhaMdQu0,00032,-2.58855625735057,25.408
train,pretrain,zIXX3HPgEnI,00001,0,pretrain,SI3v6KS2Zgs,00004,-5.456505383691905,3.456
train,pretrain,aeiSXpmMQys,00017,0,pretrain,kSR8G8mfp84,00008,4.22572200396888,6.784
train,pretrain,NAkkckxE9i8,00025,0,pretrain,EZSf3Fc0ZRA,00006,3.7192012799867396,5.888
train,pretrain,GS1xL1qcBa4,00028,0,pretrain,5Dn08yo9aiM,00001,1.9025771692552507,8.704
train,trainval,DUd8XAS5HEk,50006,0,pretrain,F1Kml3zuTco,00013,-3.9973795426775265,2.56
train,pretrain,PFVP8L3SlfQ,00016,0,trainval,0iTehgSOZ8A,50028,4.013923850698278,3.52
train,pretrain,U1a72bvusS0,00020,0,pretrain,wSHYZv6HzAs,00007,-4.375889547915843,3.712
train,trainval,XbgdpsXDU2o,50001,0,pretrain,XLi6iYnnsGc,00029,-6.405515994516284,6.016
train,pretrain,KkyzYjPuxK8,00027,0,pretrain,OSGHRMKrVM8,00030,-6.532531576594954,6.144
train,pretrain,APPbSStpGHk,00026,0,pretrain,KPzccnstSXg,00016,8.144298024969455,8.0
train,pretrain,CjB6DQGalU0,00014,0,pretrain,zqLYcJ6Ib3c,00022,3.5444760667765323,8.704
train,pretrain,sucza6EOIf0,00031,0,pretrain,Fr26scqsIwk,00009,-3.366395122345711,8.256
train,pretrain,4wOxJOPnSUg,00038,0,pretrain,lqSBVyou38s,00020,-0.40652334134126455,6.976
train,trainval,uHRG3Vr9qyI,50025,0,pretrain,WvvuLDX7iIk,00004,-1.8539305489164537,2.112
train,pretrain,QHIocNOHd7A,00015,0,pretrain,FqSVvAxDBRY,00018,-5.430652851017519,10.88
train,pretrain,1PV7HyS8fhA,00017,0,pretrain,WxUf326kZ1I,00007,-9.621387083051506,4.416
train,pretrain,XS85KAYKOT4,00007,0,pretrain,SK095wuESeE,00028,4.952295101308319,6.784
train,trainval,NhYnouvrGS8,50004,0,trainval,M3mnUMmUAHQ,50007,4.6285222012003615,3.2
train,pretrain,dkLcwHmnPV4,00006,0,pretrain,H3YbZsStuSI,00012,9.532116296575836,6.976
train,pretrain,RxqyO5hafdk,00006,0,pretrain,lUO0xDSJQVI,00028,-6.527823520109381,18.24
train,pretrain,BFK2knjj4lQ,00002,0,pretrain,8XQ1onjXJK0,00009,1.0100708747530707,5.376
train,pretrain,OlLFK8oSNEM,00009,0,pretrain,Tu01sNfs5SQ,00013,-6.469875856011528,6.4
train,pretrain,9h2dFSIsH0I,00031,0,pretrain,MOFdlEbu15g,00019,-3.549502004044256,6.016
train,pretrain,sLo97Bu8Fo0,00010,0,pretrain,21jSOCNLuYg,00004,0.37638136739993655,6.912
train,pretrain,kbAac9DxM1I,00004,0,pretrain,ELET24AHnEg,00010,-9.92733638726316,11.776
train,pretrain,IXBalykzauE,00051,0,pretrain,DWoAShyDSsY,00007,-9.615782944109766,7.488
train,pretrain,koOpvazE9VQ,00004,0,pretrain,sHdYaMyR5S8,00020,-4.397822337934807,4.096
train,trainval,ZBg5QvcZQP8,50004,0,pretrain,BDOSUiEh0eY,00003,-5.869265789123217,2.752
train,pretrain,rB6WmWvvyxg,00033,0,pretrain,hHOX3dlhhZ0,00029,8.253534574673115,4.736
train,pretrain,9AgCr2tTvng,00016,0,pretrain,zA6SpcEz8Ls,00008,-1.0714114240759471,8.768
train,trainval,bZ3qQySIPgI,50001,0,trainval,drXnDLHKKPM,50011,6.628193633637849,2.688
train,pretrain,P3fIZuW9PSM,00004,0,pretrain,5tUnSuoYKoE,00012,-3.45972410811094,7.36
train,pretrain,uCC3dS7FrkQ,00007,0,pretrain,S9PEogIrHSk,00008,3.9455357604113495,16.96
train,pretrain,0zbHnOcGbrw,00014,0,pretrain,6VWPHKABRQA,00001,6.195347455260233,3.84
train,pretrain,4sg9TlsMRVA,00004,0,pretrain,OGhbCC9mNM8,00009,-2.9533890285638282,8.32
train,trainval,tVIaoQrnAxY,50003,0,trainval,HFqLoHyCTRc,50003,0.9943348705189976,5.248
train,pretrain,Ai7SOP5Zlc8,00004,0,trainval,co2enjjt3J0,50013,-7.564254776067017,4.8
train,pretrain,S1VpOweDio8,00019,0,pretrain,BQOz6OVz1zc,00050,-9.325321391361818,3.264
train,pretrain,GqGksNRYu8s,00052,0,pretrain,4GMtcj9bBek,00019,5.811564586095761,9.536
train,pretrain,RhgrbQmYOSY,00015,0,pretrain,eyBEIx7fCfY,00025,8.718504767453158,10.176
train,pretrain,X9FFzWUInyA,00018,0,pretrain,8JSMI8Xrwms,00020,7.778967970441677,4.288
train,pretrain,UCFg9bcW7Bk,00042,0,pretrain,LETgWDSSzSI,00019,4.491073820463033,21.952
train,pretrain,YyuScSjkGSs,00014,0,pretrain,y2yka9lyvMA,00011,8.837356283407079,5.76
train,pretrain,EpFCykE9Lk0,00014,0,trainval,YSmJDnSemqY,50005,-5.058256379392172,6.016
train,pretrain,5sS3Yjh9Lw4,00002,0,pretrain,O6cmKeRV3Z0,00010,4.917186699755781,5.76
train,pretrain,JaFSfq2Zn7I,00010,0,pretrain,3B24RaqA33k,00049,-8.844749607924927,5.376
train,pretrain,XOU2ubWkoPw,00019,0,pretrain,3qyVvDGDGQs,00018,1.2311657315911297,15.04
train,pretrain,M3fGS0tZDB4,00013,0,pretrain,iSRWMLMBkqk,00020,8.272954570856808,12.032
train,trainval,zaufonUBjoQ,50003,0,pretrain,SMBiP3G2Pzc,00002,-7.4173746978978965,3.072
train,trainval,hQ4XmSR9zw8,50012,0,pretrain,SY78HMlWo6k,00005,3.2721634413827054,6.208
train,pretrain,eLrBw8BKOWI,00004,0,pretrain,sYUjyH8Y0No,00025,2.7849294382830507,10.88
train,pretrain,J9SXc9wxByM,00029,0,pretrain,XZiNVGA78kA,00017,-6.464649397066056,10.304
train,pretrain,rGaj2VImQec,00044,0,pretrain,4wOxJOPnSUg,00005,6.6594886437475935,4.096
train,trainval,XKiQl5WZQ5I,50006,0,pretrain,Af5qUxl1ktI,00001,-0.9270905520937625,3.84
train,pretrain,xEtXItg9hEE,00004,0,trainval,phUUjkSbtiY,50007,5.818441710221396,2.176
train,pretrain,DZT6YpCsapg,00059,0,pretrain,CSLy17buxlI,00005,-2.102878017446539,4.8
train,pretrain,S9ry1M7JlyE,00025,0,pretrain,G8w4UQL6aI0,00011,-8.047163165091238,8.064
train,pretrain,O6jrLgvCUNs,00016,0,pretrain,LlQXs0yofMs,00010,-4.794975657718288,8.192
train,pretrain,DJMhz7JlPvA,00009,0,pretrain,EKSF037iji0,00008,-7.453614265479665,6.016
train,pretrain,AjF0rquH11U,00022,0,trainval,lw3YTbubyjI,50001,2.745448121747211,6.08
train,pretrain,vVsXO9brK7M,00015,0,pretrain,qdiF1fSGfyM,00030,5.257175260470156,12.992
train,pretrain,Df2JBnql8lc,00025,0,pretrain,SwMTKRixZIE,00014,-4.439613439982166,6.336
train,pretrain,uSDSzEToJQ4,00001,0,pretrain,4uAAegPkCKo,00028,4.960209116922416,6.272
train,pretrain,VekRvcbL4yk,00036,0,pretrain,RAooSSSeUIk,00009,-6.558069502945769,5.248
train,trainval,HSzqFSOft20,50003,0,pretrain,ZqeASpsKn2E,00005,9.680602905286374,2.688
train,pretrain,6EghiYSs2ts,00039,0,trainval,s2F41IQSPGE,50007,0.4385960226329786,4.8
train,pretrain,9bbX13SfsBw,00005,0,pretrain,EHTmxmuhZ10,00012,-1.4262716030044036,9.28
train,trainval,QbSD6PTcmfs,50002,0,pretrain,WvvuLDX7iIk,00044,-3.2299403983278996,5.12
train,pretrain,Pl8OlkkwRpc,00033,0,pretrain,Acsv55lctGY,00025,-5.318106321123244,3.904
train,pretrain,FDhlOovaGrI,00011,0,trainval,9o2CRjTRKIA,50021,-3.2569088970440907,2.688
train,pretrain,LJhklPJz9U8,00025,0,pretrain,rvkMauaHxBw,00005,-0.11058284401173779,10.944
train,pretrain,1joQ8ZhX2o4,00013,0,pretrain,OwRAFCrsDS8,00012,-5.456582857435011,4.416
train,trainval,VASXSkawBiY,50004,0,pretrain,55n9pHSA0O8,00027,-8.528171758951261,5.952
train,pretrain,gaY4m00wXpw,00012,0,trainval,NAcuH7nSdLc,50016,-2.6742979202402983,5.12
train,trainval,VSUWNySSpLI,50014,0,pretrain,fv8KpQY0m6o,00004,-5.225792007183676,6.016
train,pretrain,bX32UShfri4,00025,0,trainval,FD5ZKiSmoMU,50001,0.013611014437632463,2.752
train,pretrain,IfzrN2yMBaQ,00002,0,pretrain,d6PS4p3IXLQ,00034,0.49366286754002076,7.808
train,pretrain,haA6QtH0PIc,00016,0,pretrain,Z6T37m4r3yo,00024,-8.657705695371703,5.312
train,pretrain,qJ7A74Vx7YE,00026,0,trainval,XO1MeSMYSQ0,50007,-5.215366838504451,6.208
train,pretrain,IBoJcDlqmo0,00004,0,pretrain,G6dfUFgKmN4,00030,8.860349775676202,5.12
train,pretrain,aEa11FZwTRY,00011,0,pretrain,GqGksNRYu8s,00027,6.9982383742608825,6.656
train,trainval,yxC30tEjZk8,50002,0,pretrain,qL7UlSA6rRk,00017,6.3484215672373026,6.016
train,pretrain,kU7veyGGps4,00011,0,pretrain,rtsHUeKnkC8,00003,9.431989931098272,7.616
train,pretrain,cxGWGohIXiw,00028,0,trainval,LSdPxGLesE4,50004,-6.073820145852724,2.176
train,pretrain,r55a0FapF2M,00018,0,pretrain,FuahzV12mi0,00010,-9.187326127774773,9.472
train,pretrain,iKHTawgyKWQ,00005,0,trainval,LiyaSr5aeho,50007,4.8289633804416034,3.584
train,pretrain,wAIP6fI0NAI,00030,0,pretrain,GkRn9Lp16UI,00031,4.000883110629726,10.688
train,pretrain,5pXelS1clHs,00009,0,pretrain,ALTvG9MIR64,00005,0.2058858246846178,17.088
train,pretrain,jJMBwqhD9DE,00008,0,pretrain,Dk37LhxjPEY,00002,-3.072624733527995,7.104
train,pretrain,hFgPtuzgw4o,00038,0,trainval,WpldYJ3sSIo,50001,-8.50725861427704,3.456
train,pretrain,jqWHy6B0ADA,00023,0,trainval,o0VrZPBskpg,50011,7.305720465270095,4.48
train,trainval,MtSE4rglxbY,50028,0,pretrain,Ytw0I6ytRto,00009,-6.420866428992708,3.072
train,pretrain,uRdQS2sjF2s,00031,0,trainval,gWPFJgLAzu4,50005,-4.570693427040958,6.144
train,pretrain,DSbtkLA3GrY,00005,0,trainval,OkKhI6St40w,50001,-6.991940419193909,5.888
train,pretrain,fCt6PoTfPvg,00012,0,pretrain,GMc8aSoCE30,00003,2.0045132156125547,3.008
train,pretrain,wstksuaSMD4,00009,0,pretrain,2Shh4UkPVCc,00008,6.866355763833884,4.224
train,pretrain,3dqXHHCc5lA,00032,0,pretrain,Cd0JH1AreDw,00025,2.2408231829783265,3.072
train,pretrain,mArrNRWQEso,00079,0,pretrain,dOOtM7ZpAS8,00021,-9.476060523538752,7.232
train,pretrain,8OkzozrUEHY,00004,0,trainval,CHh6hWo1AFE,50012,1.8638941969428995,4.48
train,pretrain,EBebWBjpWIQ,00019,0,pretrain,txJGm6zhiBA,00005,8.996464092547388,5.696
train,pretrain,Ztgadh2C3So,00013,0,pretrain,JCI9FBP0Abg,00012,1.6379223033820196,3.2
train,pretrain,uDIyxxayNig,00014,0,pretrain,p9UC0chfXcg,00046,-9.096876151759542,8.576
train,pretrain,vhhgI4tSMwc,00004,0,pretrain,Bk9wQD6eYts,00005,9.644808436083142,11.84
train,pretrain,xyIQFI865Sw,00023,0,pretrain,EZwxKPv1CwA,00022,5.626755262449844,10.56
train,pretrain,imhUmLtlZpw,00025,0,pretrain,ooUqOwhS2LE,00001,1.8511006191090544,4.8
train,pretrain,SJWoKsfsSaA,00026,0,pretrain,FDhlOovaGrI,00018,-7.093800448484167,4.928
train,trainval,r9DDE7NV1Nw,50022,0,trainval,XS3m37czBfk,50019,5.4565939072891485,5.888
train,trainval,Nhx1SyXMwCg,50006,0,pretrain,4wOxJOPnSUg,00003,-4.061689435147948,3.392
train,pretrain,SK095wuESeE,00010,0,pretrain,kvpUiBqHoVM,00013,3.379408057557203,3.968
train,pretrain,B9DdIivSGts,00039,0,pretrain,iAZwvTV3CyQ,00003,7.364229159452666,4.416
train,pretrain,qBfwUkCGJHQ,00007,0,pretrain,Uq1idqpX9SA,00045,8.026265174072254,7.04
train,pretrain,y3jYVe1RGaU,00006,0,pretrain,tpH2fhwCzSM,00015,-6.512316006347076,4.736
train,trainval,uP3pg3alCRw,50002,0,trainval,cOIJGGgaSIY,50013,6.487833518655915,3.136
train,trainval,jqWHy6B0ADA,50006,0,pretrain,lw3YTbubyjI,00004,4.894358374558463,3.584
train,pretrain,hha0NsYXS5c,00002,0,pretrain,txJGm6zhiBA,00009,-7.479372672218498,5.824
train,pretrain,fCKNScHMBGE,00023,0,trainval,0MD4Ymjyc2I,50017,0.8488811957820612,5.76
train,pretrain,bYGLzDB4GJo,00005,0,pretrain,hPsUXhXgWmI,00036,-6.894871550819321,4.224
train,pretrain,kCOV51S7Xqg,00029,0,trainval,iwlSPe0FbSg,50010,-3.939771882662459,2.176
train,pretrain,bHLgTUV0XWI,00006,0,pretrain,ok54sSWquT4,00011,-9.11161306724653,5.696
train,pretrain,i1MRJrm9Gts,00015,0,pretrain,drv3BP0Fdi8,00002,4.003560367878279,10.688
train,pretrain,buHSvs7LFzw,00024,0,pretrain,Nhwq12TKkQQ,00025,4.4183821278652875,14.4
train,pretrain,nHU9aLPyxf0,00020,0,pretrain,jFG7jqJXbno,00006,-7.751308436324362,13.376
train,pretrain,2tBuvxXxlS4,00036,0,pretrain,55n9pHSA0O8,00029,0.6673273112581519,6.976
train,pretrain,73rUjrow5pI,00023,0,pretrain,vUP0ytS6ba4,00008,-0.016121642961898885,4.288
train,pretrain,k5hspA18IU0,00028,0,pretrain,rrkrvAUbU9Y,00038,4.128298808194792,5.696
train,pretrain,NVPxmzSPvUw,00006,0,pretrain,5J6jAC6XxAI,00015,7.744969428858511,7.168
train,pretrain,kDXJhxLzmBQ,00013,0,pretrain,cGrFSZYPAyk,00010,1.3226472320335247,7.36
train,trainval,H2vN2QXZGnc,50009,0,pretrain,STuCsRugKN0,00006,8.996531454908538,6.144
train,pretrain,KabSmpUSYVM,00014,0,pretrain,aOW7JZaqKGA,00039,4.412949767850542,4.864
train,trainval,S9PEogIrHSk,50013,0,pretrain,oDdcx5luv5s,00015,8.030621166020161,3.776
train,pretrain,paSYuxyRDuw,00019,0,pretrain,pYgvVDCHRZM,00004,-1.9092408883549012,3.776
train,pretrain,cQvDUTOOkiI,00045,0,pretrain,utV1sdjr4PY,00008,6.227046383418028,9.856
train,pretrain,KQEWc3LVfyc,00090,0,pretrain,FTUpFYo0rMI,00001,-3.0202776044892303,2.56
train,pretrain,U5kIdtMJGc8,00008,0,pretrain,Ssl0043HgQU,00013,8.377739406629484,5.76
train,pretrain,B12syeJflbQ,00042,0,pretrain,N1R84S5DYEA,00009,-1.8398724347022686,6.4
train,pretrain,xzT6iH2CX4k,00003,0,pretrain,7n9IOH0NvyY,00011,9.590120756077212,8.256
train,pretrain,tMQ4OxOxgrc,00017,0,pretrain,sAINrzTddA0,00007,9.301958911650512,10.816
train,trainval,SwMTKRixZIE,50001,0,pretrain,6Eu964BbJO4,00010,-2.514760806640961,5.184
train,pretrain,cRrgDS4SD8s,00005,0,pretrain,289ZxBZdKvY,00006,-8.726368978036147,22.4
train,pretrain,VwRlHLBweoI,00006,0,trainval,X41iulkRqZU,50003,-0.7921791334601362,2.496
train,trainval,mi9B40hZYAo,50008,0,trainval,uBgRo9tnvSI,50004,1.4133295614484354,2.688
train,pretrain,WDbxqM4Oy1Y,00004,0,pretrain,NZspSEdO2Xk,00025,-0.35217743562910897,4.736
train,pretrain,AhKevstJyrc,00020,0,pretrain,Mr8nvXvlSy8,00037,-8.924246097648643,7.936
train,pretrain,q9Ou0cj3fF8,00013,0,pretrain,2BOTS9GAjc4,00033,3.690361246619995,4.096
train,pretrain,gto6w0a13B0,00024,0,pretrain,lwz8KvS9NRA,00008,3.507132129714707,4.608
train,pretrain,MSX0uwAG2Jc,00011,0,pretrain,VObLitSe3K0,00007,3.651314155752532,4.928
train,pretrain,ZuCX92wuw2g,00024,0,pretrain,5w5BhwLzoqg,00034,6.398913127660883,4.48
train,pretrain,klUoJxGv9wg,00008,0,trainval,5LrThfSBeq0,50005,8.801243348748564,6.08
train,pretrain,OOhgwjEnfAA,00017,0,pretrain,7icexlbjQnE,00005,0.9395534720985648,11.968
train,pretrain,BXcFEhl7ynM,00022,0,pretrain,ibMjhQvAmcI,00010,1.2228827278224799,4.16
train,pretrain,Rpsf1YJsbbI,00019,0,trainval,BA8XOF6IpXA,50006,0.5508925919792329,3.648
train,pretrain,Pr57T0RaSjc,00012,0,pretrain,Tu01sNfs5SQ,00023,5.085868861494607,5.248
train,pretrain,qdiF1fSGfyM,00020,0,trainval,ulLFP8axZVQ,50011,6.974624969696471,4.48
train,pretrain,tNKdc6Lxcvo,00010,0,trainval,joyi6anTSFQ,50003,-1.2913435017033041,2.432
train,pretrain,WQ82Uukl6rg,00004,0,pretrain,vLEUSsEeiSU,00002,0.43334508121655624,8.704
train,pretrain,4Z75ASJMBx4,00022,0,pretrain,CSeFjLZqXt8,00009,6.603791327086697,6.016
train,pretrain,AkUcaludrcI,00011,0,pretrain,6kuCSIemiCs,00010,8.727276032721136,7.488
train,pretrain,TYFH0DSjyqc,00020,0,pretrain,AgMOJC5R4F8,00001,-2.646563452311071,15.232
train,pretrain,mkdSXHXhCcw,00084,0,pretrain,aTfwA1TaH3Q,00032,-0.27332358100026966,3.84
train,pretrain,A71OktxTPac,00012,0,pretrain,d38LKbYfWrs,00020,-5.612042267823711,10.048
train,trainval,GDnYDLERnRE,50037,0,pretrain,zpoGgUoqkkQ,00011,9.96205735996724,2.24
train,pretrain,USkXuQHZmWs,00007,0,pretrain,iWHq2mSHwhw,00014,-6.903714218049828,16.32
train,pretrain,F8pUtbSgrxc,00015,0,pretrain,l5d8GW6GdR0,00002,-3.490890202027625,3.968
train,pretrain,Sx1qkuvUxuI,00016,0,pretrain,4cJ08wOqloc,00012,-3.511847768987897,8.128
train,pretrain,9P73k8m3Ytw,00001,0,pretrain,rBt7LMrIkxg,00003,9.67540567079245,3.84
train,pretrain,SyjbDUP1o0g,00017,0,pretrain,SK095wuESeE,00001,1.203891723134202,4.928
train,pretrain,3OMgvtWNHp4,00030,0,pretrain,jDy5j0c6TrU,00004,-7.65182411366383,2.496
train,trainval,fTznEIZRkLg,50001,0,pretrain,DnbC2Tii0S8,00007,1.7337741283063686,2.624
train,pretrain,Fv5PEt7NcHA,00001,0,pretrain,UUqr4P7P3gM,00027,3.5882431007572286,5.44
train,pretrain,ZuCX92wuw2g,00029,0,pretrain,BKOqq21S4Nw,00002,-5.18295690987205,3.648
train,pretrain,VHZKiSGNxWw,00005,0,trainval,BQj2ZSGPsY8,50005,-8.499649741055022,6.016
train,pretrain,tFX1nQLZUVM,00001,0,pretrain,XiEQmcZi8cM,00028,-5.271013086496086,7.488
train,pretrain,rJ33ixP9QG0,00004,0,pretrain,UzuUljhS9uI,00025,-3.823260003380284,4.608
train,pretrain,JXXvIMKPHYg,00007,0,trainval,ZaSFy6RX3aE,50001,-8.82414954546923,2.688
train,pretrain,qBfwUkCGJHQ,00007,0,pretrain,BwC4WRKi5QY,00016,0.5744274023651172,7.04
train,pretrain,BISCnsKyOuk,00034,0,trainval,JvIbrDR1GSc,50007,3.158423084798521,2.496
train,trainval,waRCSCQnoeY,50004,0,pretrain,0ZhL7P7w3as,00018,6.8283166059123275,3.84
train,trainval,EBKSa94IFHY,50011,0,pretrain,sHdYaMyR5S8,00043,8.711575633876365,2.048
train,pretrain,STdSfeMDeI4,00022,0,pretrain,cSiNSQubRs0,00033,8.987095809274862,7.04
train,trainval,W8OiVZrAj4c,50010,0,pretrain,6e99DuPQ6j8,00005,-5.847307298216182,2.304
train,pretrain,AlsFSLXjVdw,00021,0,pretrain,FLbEKpLS5Z0,00028,2.404800130093534,7.936
train,pretrain,tAcQfn96yFk,00010,0,pretrain,N37x4GgDVBM,00005,1.0537550997270806,27.84
train,pretrain,bEdvQjTGYP8,00025,0,pretrain,WLj0uepcPFs,00010,5.7984216375720585,9.984
train,pretrain,xEtXItg9hEE,00032,0,pretrain,wxCtIdI3xL0,00011,6.538690547620284,5.248
train,pretrain,MSLHHgSXloM,00007,0,pretrain,bXRCVHVstEY,00015,-3.286258573781873,4.288
train,trainval,PnMsSqLwaes,50009,0,trainval,cWcVPpxezE0,50027,-3.925466031764911,3.328
train,pretrain,RtFFT4zjyTM,00017,0,pretrain,J8xfuCcXZu8,00007,8.566124266718194,10.368
train,pretrain,Xe2nlti47kA,00055,0,pretrain,iW4fCwfw1vg,00005,9.947385170771469,4.288
train,pretrain,u1SdYypojbE,00012,0,pretrain,j51HsRILGKI,00042,-5.4880989371737465,2.56
train,pretrain,Aetg4kJie0o,00001,0,pretrain,avuhY7D71sQ,00037,-7.293089447762215,26.88
train,pretrain,t4kyRyKyOpo,00021,0,pretrain,68c2M4r9oQg,00024,-0.7949795479439086,4.8
train,pretrain,pLCeQyxVWB8,00023,0,trainval,nU5gOr1cSxU,50002,-5.639549591125077,3.584
train,pretrain,bClWV3eeETA,00025,0,pretrain,rAZPIxYvBAE,00005,3.2240074428810637,4.864
train,pretrain,LVFVaWCV1TE,00018,0,pretrain,SRKgDP1YPUo,00007,4.305214991807144,13.184
train,pretrain,wfNX1cHkSfE,00004,0,pretrain,LrBKcTTMlCQ,00015,-4.725903879549009,10.688
train,pretrain,VM6HZqQKhok,00002,0,pretrain,acikxzM6GaY,00013,-9.626798294179055,6.592
train,trainval,d6wGSsAdP0U,50003,0,pretrain,iP9QFSlBOyA,00032,9.296772451302587,4.544
train,pretrain,sSXv06gUX3Y,00023,0,trainval,xY7kVVS2HVY,50040,-9.611761980871357,2.624
train,pretrain,S0hxl03JoA0,00013,0,trainval,3dy4SGkSD8M,50001,7.897089378299455,3.52
train,pretrain,PfWGiu0jGv0,00005,0,pretrain,STsOdmkH5fI,00030,3.3437738581258145,6.336
train,pretrain,MOFdlEbu15g,00056,0,pretrain,SFOCpMAww28,00005,6.305151445105917,4.48
train,pretrain,iUbfRzxNy20,00022,0,trainval,vhfcedpoCLo,50001,0.1965363864387104,5.376
train,pretrain,qMppKiqMpAk,00029,0,pretrain,u1SdYypojbE,00004,-4.948449208288146,6.016
train,trainval,BPMrcY9z0nM,50023,0,pretrain,nbYQ7kdt0U4,00007,2.700342443009342,5.952
train,pretrain,sgTjCpBOeCU,00010,0,trainval,4ZgwzSm7sRs,50028,-7.391545644059558,5.312
train,trainval,u0VHC1SDOS8,50001,0,trainval,9h2dFSIsH0I,50002,3.139371835459915,3.2
train,pretrain,ZCRC5S0kfiw,00027,0,pretrain,TYFH0DSjyqc,00003,-7.6384704229478135,7.04
train,pretrain,LiyaSr5aeho,00014,0,pretrain,VvpUZjRVoBI,00014,8.82792169132517,6.72
train,trainval,SJ0G1iCLzCA,50004,0,pretrain,B4xOFsygwr4,00033,6.652212619207006,4.224
train,pretrain,QPiaadMporw,00029,0,pretrain,MLvwTlbj1Y8,00007,-0.9979821718516586,3.904
train,pretrain,cknBAMirSiQ,00009,0,pretrain,31iuh9pfFwg,00003,5.848475766431653,5.12
train,pretrain,k7sKMj85hDw,00005,0,pretrain,xjxyEwjG2Es,00016,9.495680681089727,6.848
train,pretrain,S1JErHOwZCE,00002,0,pretrain,kSva30kSgHM,00003,-9.985600861530855,7.168
train,pretrain,YzhSmnGcSkE,00016,0,pretrain,zSWppsceZ1c,00018,6.547424655674064,5.568
train,pretrain,GOCUH7TxHRI,00025,0,pretrain,x3AwnkR92EA,00011,-3.6225289766934887,4.224
train,pretrain,YjHSx0xmXtU,00006,0,pretrain,HwxjoBQdn0s,00012,1.359865192897466,12.928
train,pretrain,OXQwtTOnLvg,00001,0,pretrain,SSZG5aPkZyM,00004,-3.782232931563094,3.776
train,pretrain,UQkIbUvcs7w,00002,0,pretrain,vrU6YJle6Q4,00030,-4.3786655243515415,6.976
train,pretrain,bUaU9kdt9I8,00002,0,pretrain,SJWoKsfsSaA,00032,5.348304742941423,9.088
train,pretrain,H3TFShI7zKc,00017,0,pretrain,ZVRbSuY3h9w,00022,-8.289362421833141,8.96
train,pretrain,X9NFPZGyDPg,00022,0,pretrain,wgPLGS1BvQo,00051,3.1149787255186254,8.576
train,pretrain,60OVlfAUPJg,00035,0,pretrain,oeL72c6scAs,00032,-2.149379223815558,5.504
train,trainval,DSPWxjBgvF4,50030,0,pretrain,vHhn7z6BA0w,00041,-6.012426364895759,6.144
train,pretrain,IDqMB6C1uys,00009,0,trainval,aIFFFGf1ZRE,50017,-8.363460661538383,2.24
train,pretrain,ZVS5I2RMTGM,00020,0,pretrain,i1MRJrm9Gts,00012,7.159450687985892,8.0
train,pretrain,breDQqrkikM,00021,0,trainval,Z1R1z9ipFnM,50001,1.5652625932416981,2.304
train,pretrain,YsASJTeHJ6A,00007,0,pretrain,KQEWc3LVfyc,00043,-8.39783707097827,5.568
train,pretrain,UyUXxrSS3qs,00025,0,pretrain,ihoR9B7pS1Q,00004,3.0877048292728553,2.816
train,trainval,SU1foLW8h54,50020,0,pretrain,zSXchYY3bnU,00017,-0.09636664980957121,3.136
train,pretrain,AbqsMDfX9Ig,00009,0,trainval,t9c7aheZxls,50005,8.844975529295475,6.016
train,pretrain,7Oe11XnBvA8,00031,0,pretrain,ut5STVLAFDc,00017,-7.581246321003407,17.6
train,trainval,2NENlXsW4pM,50006,0,trainval,kbAac9DxM1I,50003,-8.192558329078548,2.112
train,pretrain,dJEwC4wCM70,00022,0,pretrain,tAReayFqUEY,00006,1.6836572492278652,5.376
train,pretrain,0Amg53UuRqE,00003,0,pretrain,6kuCSIemiCs,00013,6.969029176523009,6.72
train,trainval,nHU9aLPyxf0,50002,0,pretrain,1Yz7Snu6pnI,00006,9.589914407535488,2.944
train,trainval,IfjI0tVUpbc,50002,0,pretrain,Erm4vP1vTn8,00004,8.630565266510509,2.752
train,pretrain,eNC1h5H5cJA,00006,0,pretrain,DgofaSv4MA4,00018,-6.70952086542534,5.44
train,pretrain,0bRocfcPhHU,00012,0,pretrain,zAFcV7zuUDA,00001,0.9015579930094617,6.528
train,pretrain,nFQU5a5SByg,00031,0,pretrain,B5MkpzMAOZM,00019,-5.786963992666254,7.616
train,pretrain,NAkkckxE9i8,00004,0,pretrain,ivfJJh9y1UI,00016,-4.702095700086398,6.016
train,pretrain,4EUAMe2ixCI,00010,0,pretrain,VRhjc3dJtOo,00004,-2.1758266553214867,4.288
train,pretrain,lXQ4HSMp1OA,00011,0,pretrain,ZCS0MZuVBwE,00030,-1.2019911901957236,11.2
train,pretrain,oX1C3Jn05OE,00013,0,pretrain,b28brIs1OmM,00028,-8.752953328827113,7.168
train,pretrain,IBoJcDlqmo0,00025,0,pretrain,POTosC2q6Hs,00007,-6.2816238394433555,5.696
train,pretrain,RsxlLsHtoBI,00002,0,pretrain,khRkIVPa1Vc,00001,-3.996504617674046,6.976
train,pretrain,3NdSVi38RM8,00015,0,pretrain,kFMZrEABdw4,00022,4.403115239227146,14.016
train,pretrain,LhszKevcH30,00028,0,pretrain,vR8msiSohZM,00013,6.226725296838865,9.28
train,pretrain,pn8p3rOaA5I,00005,0,pretrain,ySrroSgNk4o,00013,5.47577359520902,4.416
train,pretrain,nFEgRt2EH1g,00008,0,pretrain,jpRqbP9Nv9k,00011,-5.149798074528551,9.152
train,pretrain,Kn5JRgz3W0o,00020,0,pretrain,UMSWdzT6rV8,00012,-7.711150962605442,5.376
train,pretrain,8rZzHkpyPkc,00036,0,pretrain,V2DgJBx3cyA,00001,-8.106182447824127,3.968
train,pretrain,SKWIlMZSMZo,00009,0,trainval,tiWwrdMqvvM,50016,-0.5516384444608864,3.52
train,pretrain,IeblJdB2SVo,00018,0,pretrain,IKZCw4xdESQ,00015,-7.0600379009415075,6.72
train,pretrain,hupHAPF1fHY,00013,0,pretrain,zIwLWfaAgS8,00036,7.80250591171691,6.4
train,pretrain,GqGksNRYu8s,00049,0,pretrain,HQIi3nUXh0g,00017,0.6205743673067552,6.208
train,pretrain,u0VHC1SDOS8,00018,0,pretrain,lxYFURQ7Ehw,00023,-3.0281495003680226,7.936
train,trainval,u8bsCiq6hvM,50001,0,trainval,9P73k8m3Ytw,50002,4.193141320582345,2.56
train,pretrain,zOSaCQ6xHS8,00015,0,pretrain,oYpS4qQNmSs,00003,4.073486550045512,4.672
train,pretrain,gQShmD0C81U,00007,0,pretrain,bSZh8qdKaBc,00004,3.554823737759934,9.984
train,pretrain,fnS9f5x0f1Q,00036,0,pretrain,P86fZa4xKSw,00001,-7.636201658965862,3.392
train,pretrain,Tg35UfOJhe4,00030,0,pretrain,Va07q3HFEZQ,00012,7.03023443836528,5.184
train,pretrain,2VWSSFSUeQI,00005,0,pretrain,BwC4WRKi5QY,00020,-0.6619075059716995,4.608
train,trainval,u9Lu85L111Y,50002,0,pretrain,S6BLFdBfgfU,00024,4.627114479318632,6.016
train,pretrain,gPQItVxvfZs,00003,0,pretrain,AYzA2uyd9Ss,00013,-7.194183751160514,11.52
train,pretrain,BdxSZwxtg8Q,00001,0,pretrain,3GVOSMfIl1Q,00005,5.665554488597593,4.16
train,pretrain,0K5OO2ybueM,00020,0,pretrain,B12syeJflbQ,00019,8.23224174813593,9.664
train,pretrain,9SQYDFiWnSs,00028,0,pretrain,cQvDUTOOkiI,00013,-7.665224794944412,3.328
train,pretrain,9vKRj9yV8pI,00039,0,pretrain,VehHPwAVL9g,00014,-6.147175724032447,5.824
train,pretrain,7rVK0VYPWHk,00019,0,pretrain,1InHN8JPazA,00027,-2.174009774472186,8.128
train,pretrain,F10t7i8wHaM,00012,0,pretrain,YrtANPtnhyg,00020,-4.184473114350402,4.608
train,pretrain,y2yka9lyvMA,00061,0,pretrain,PiVB5niLrWg,00033,2.567718940880468,6.528
train,pretrain,0S3YDofSvGs,00021,0,pretrain,6V6p1tgHfm0,00013,-7.154239801674946,3.264
train,pretrain,5vXRgT6egSU,00006,0,pretrain,j4yCdGB2NG4,00018,-7.82624098854197,8.64
train,pretrain,esPRsTSlmw8,00035,0,pretrain,LH8MPbFoRjw,00034,-8.874607537258148,8.32
train,pretrain,rGaj2VImQec,00044,0,pretrain,UxXOi6Zwm7Q,00002,-6.3363830777687795,9.088
train,pretrain,ddek3gQVt9Y,00050,0,pretrain,SgsbNR2pIts,00014,-3.1237691922065274,5.76
train,pretrain,kzhJb5jcH58,00014,0,pretrain,HJqtUUDhaxA,00034,-3.5564711611194415,14.592
train,trainval,7TXEZ4tP06c,50009,0,pretrain,p2MEGk5q1WI,00064,8.378702440879856,2.752
train,pretrain,LuG2rf9enHE,00030,0,pretrain,gB23pKmyIHM,00014,-1.4322876441789418,6.336
train,pretrain,l1SdDWg7XBk,00007,0,pretrain,az5vU9CT4CY,00005,5.362261855554367,3.84
train,pretrain,mMDuakmEEV4,00039,0,pretrain,ohGMgSLJCjs,00004,3.9864094880712813,4.288
train,pretrain,xy7SMVCRFbQ,00016,0,pretrain,apbSsILLh28,00022,-2.59912079166281,5.12
train,pretrain,nLeeTVmVrtA,00004,0,trainval,p49rv25dx0g,50038,-0.8304213565338774,3.456
train,pretrain,YhG1Bgbsj2w,00043,0,pretrain,EU15c9hnftE,00004,0.5603017997746118,3.968
train,pretrain,TQMbvJNRpLE,00028,0,pretrain,AQa3kUJPEko,00025,1.0314904482805964,6.4
train,pretrain,yzm4gpAKrBk,00007,0,trainval,ElJxUVJ8blw,50022,-4.170628075021854,3.328
train,pretrain,ts5MKtXNpMQ,00008,0,pretrain,Un2yBgIAxYs,00009,-9.126898747535906,7.68
train,pretrain,sK4rgGgqzmY,00006,0,pretrain,uTbASmxo858,00021,-4.4217716335632655,9.152
train,trainval,38OUCtzkT4Q,50004,0,trainval,SYwvyjIDk80,50004,-5.62147107488517,3.136
train,pretrain,eg66CMRpKCw,00002,0,pretrain,csnxJFQw98k,00020,5.2952217391205245,7.808
train,pretrain,XvS83nXSf0k,00009,0,pretrain,9YGZkgkj3fM,00022,-6.656009412937203,7.936
train,pretrain,NgDGlcxYrhQ,00004,0,pretrain,t5dSmG8SI34,00023,9.984628424162587,5.056
train,pretrain,86xSuStz0MA,00049,0,pretrain,vYV4tAq3wVg,00017,-8.042848297872762,6.08
train,pretrain,ogeGJS0GEF4,00006,0,pretrain,az5vU9CT4CY,00003,-6.2801453705694765,10.816
train,pretrain,DGulIdIS3XE,00004,0,pretrain,NPSelwWdPa0,00018,2.7567277056323842,5.376
train,pretrain,Acsv55lctGY,00031,0,pretrain,fSRWTyY2YSM,00002,0.7695021900994821,3.648
train,pretrain,0g2WE1qXiKM,00017,0,pretrain,nubSKdtzLcE,00015,1.9852935539828298,13.056
train,pretrain,JCI9FBP0Abg,00020,0,pretrain,0Y8SIzP01lw,00008,3.676869059235024,18.88
train,pretrain,IzPcu0SETTU,00014,0,pretrain,hPsUXhXgWmI,00009,-9.780682529251546,5.248
train,trainval,SvZXgApsPCQ,50023,0,pretrain,4ZgwzSm7sRs,00043,5.3521875021201115,2.56
train,pretrain,Eewvsw027jg,00028,0,pretrain,XVXmYD0UPRQ,00003,-2.9732072865559473,6.656
train,pretrain,KiPcxhJtuPQ,00053,0,pretrain,eYLb7WUtYt8,00003,-0.43693600743436356,6.72
train,pretrain,3LmjSv8N8hE,00013,0,trainval,2dnSoGaEHxs,50002,0.702056456244005,6.08
train,trainval,HyZV8Ql1PI0,50015,0,pretrain,vw5HJhIlJp4,00016,-1.390559226963612,2.368
train,pretrain,IfjI0tVUpbc,00036,0,pretrain,OKNpguWW3Sk,00003,-9.682141379454475,4.032
train,pretrain,PYSkd46RfVE,00012,0,pretrain,ORBf73HiJns,00018,-1.6491040699154595,5.568
train,pretrain,gyPoqFcvt9w,00063,0,trainval,BoRUrWcdkQ4,50030,-8.38036198885825,4.288
train,pretrain,U1XJJxHIQwo,00002,0,pretrain,PY9DcIMGxMs,00039,-2.556136152651332,7.808
train,pretrain,acNGOQO7URc,00011,0,pretrain,GFivy8eFFBo,00009,-6.556418494860832,8.0
train,pretrain,04VbxnzUwes,00027,0,pretrain,5XD2kNopsUs,00038,-5.33098586043984,7.36
train,pretrain,PcQwHHbjZ0A,00020,0,pretrain,RjrS5EqZlUs,00032,-1.8674329169743604,5.952
train,trainval,K5PEJPSwt0k,50002,0,pretrain,OaGk5BSO0Pg,00009,-7.124727275489791,2.816
train,pretrain,sa0RUmGTCYY,00020,0,pretrain,05jJodDVJRQ,00005,0.3906446627984437,20.928
train,pretrain,Gp5CqfHS5h0,00007,0,pretrain,rrkrvAUbU9Y,00019,-3.5831898209941926,5.44
train,pretrain,dhDBxxOKGlg,00015,0,pretrain,evfgbVjb688,00014,6.009038651637692,5.76
train,pretrain,B0ESVNX1SYk,00016,0,pretrain,WAuDCOl9qrk,00007,-2.570530047750255,8.896
train,trainval,PJUIXSpLoVk,50003,0,pretrain,VbF2KPn3TrU,00017,7.414484021747015,6.016
train,pretrain,FzApYQDIXlg,00007,0,pretrain,pz1TDXKSTHc,00002,-3.382778957526864,8.96
train,pretrain,jSGzkjHtFiA,00009,0,pretrain,PS2h8hSFphs,00020,-1.223997408956503,12.416
train,trainval,tsFKSfItBoE,50005,0,pretrain,WvvuLDX7iIk,00011,-6.959616083896643,3.52
train,pretrain,Y2y7BzjbSNo,00011,0,pretrain,93hbqLBpSHI,00003,1.2446286040845749,4.736
train,pretrain,6qTfX4U6CS0,00040,0,pretrain,k4vzhweOefs,00079,5.144520873657278,5.376
train,trainval,7vsO7SHLJMI,50005,0,pretrain,vrU6YJle6Q4,00042,9.264949134886194,5.952
train,pretrain,cotBM0laSSo,00003,0,trainval,tqf607N19Is,50002,4.8391326659371146,6.144
train,pretrain,fBLErez9ljw,00016,0,trainval,VCRcGKpjWtU,50002,9.134909177114764,6.144
train,pretrain,7FecGsXFgcQ,00012,0,pretrain,gmSsyvrI2Xw,00009,-2.098512945954216,4.224
train,pretrain,jsjItmQfgUk,00001,0,pretrain,SYHG5y4tvLw,00012,-5.3565660699946545,7.68
train,pretrain,DnbC2Tii0S8,00003,0,pretrain,cK74vhqzeeQ,00005,7.67486895901833,14.016
train,pretrain,kyaiTGmwxnU,00016,0,pretrain,HxMGItCnINE,00002,-9.40057343448017,7.04
train,pretrain,qqNLSZ6SSSc,00021,0,pretrain,K2BES6FUAO4,00014,-2.4221606050017863,9.472
train,trainval,qegYP10m2lo,50001,0,pretrain,sHJZRPWXQ9s,00023,9.460606111473584,3.84
train,trainval,hPI0TM75lXA,50004,0,pretrain,1xgCI05l2GA,00011,0.6644023000790096,3.328
train,pretrain,uSTmKo75gJI,00017,0,pretrain,PyXZvuxDkC4,00020,0.6488917700427361,4.416
train,pretrain,csnxJFQw98k,00021,0,pretrain,nC06omDS0kA,00035,-5.865449068883768,3.264
train,pretrain,ouXGIw7gBmk,00044,0,pretrain,SC3DVeWT09w,00008,7.412237035073602,8.256
train,pretrain,GtXyGFMBWBs,00023,0,pretrain,yRUCU5FsvTY,00033,-9.159193782172315,2.752
train,pretrain,iSpwUpdQdyY,00010,0,pretrain,CHxhjDPKfbY,00031,9.489834678545947,6.848
train,pretrain,mzu3ira61k8,00004,0,pretrain,RjrS5EqZlUs,00032,-8.410684826369001,9.024
train,pretrain,Mo2Ai7ESNL8,00041,0,pretrain,pn8p3rOaA5I,00017,4.326630080284183,4.736
train,pretrain,kGZvNbfrNag,00003,0,pretrain,QhLLMBN57AU,00002,1.5979685218976147,8.384
train,pretrain,kbAac9DxM1I,00011,0,pretrain,IRhl1lr0nJg,00016,9.311197972868186,3.968
train,pretrain,UGtFXtnWME4,00037,0,pretrain,pSCefSAYqaA,00017,5.3944232105556935,3.904
train,pretrain,ir0B0pnfzY0,00007,0,pretrain,O1j2A6ndEio,00012,-4.467919382723888,10.624
train,pretrain,JQ0iMulicgg,00005,0,pretrain,iueVZJVEmEs,00007,-4.4752662091261985,5.76
train,pretrain,nrVC977gOPc,00014,0,pretrain,FRKg49ySnNw,00010,7.291601029586616,11.584
train,pretrain,gwPoM7lGYHw,00019,0,pretrain,9SqHrhrTktc,00006,-5.972404885170651,3.392
train,pretrain,2m9kC1yRnLQ,00011,0,pretrain,vY2l2xfDBcE,00027,-8.158912738394708,7.744
train,pretrain,apbSsILLh28,00069,0,pretrain,BsFxokC02sg,00025,4.598212682684213,3.456
train,pretrain,CGksAjzI0go,00064,0,pretrain,cbSts8fUhB8,00018,-8.379231139223553,4.096
train,pretrain,IRxgDMSp9Gs,00022,0,pretrain,tvos4nORfSY,00023,2.2396319950944665,6.208
train,pretrain,EKy19WzkPxE,00027,0,pretrain,HlnhCdujYco,00004,5.557698691813114,3.072
train,pretrain,Y6U728AZnV0,00001,0,pretrain,w96osGZaS74,00031,-9.427474438976471,7.04
train,pretrain,vSjlCJaEwZE,00010,0,pretrain,rTJpJlVkRTA,00037,-7.186924816546798,8.448
train,pretrain,qJ7A74Vx7YE,00017,0,pretrain,2L4BSVpvx1A,00001,7.751873874332272,3.968
train,pretrain,3XDdhbrg2kw,00030,0,pretrain,HS8y0WLm78U,00100,7.803065757916695,7.04
train,pretrain,IKZCw4xdESQ,00006,0,trainval,awtmTJW9ic8,50001,2.5349164710337657,2.688
train,trainval,1BfMMoLYMlg,50003,0,pretrain,Zp0pEmSkXiM,00001,3.1985239995253387,5.888
train,trainval,jhm5OaXJVMQ,50020,0,pretrain,Acsv55lctGY,00013,-2.9638053579281776,3.52
train,pretrain,PktUzdnBqWI,00001,0,pretrain,VT3XyORCFDA,00007,2.2857200243328606,7.424
train,pretrain,58eTdyeVwbA,00002,0,pretrain,1rTEOU67zCo,00006,-1.6721448702094914,19.136
train,trainval,sLiM2SizFl4,50009,0,pretrain,rmeGVhhbGrM,00030,3.227924720734306,4.352
train,pretrain,kNhyOYv2ejw,00001,0,pretrain,zSWppsceZ1c,00009,-7.453362182096619,5.76
train,pretrain,ISSupr6ayqw,00021,0,trainval,8zj8HJntlP4,50011,-2.2548683121749047,5.44
train,pretrain,LKAhTELkOV8,00006,0,pretrain,hFgPtuzgw4o,00052,1.9837972315572863,3.776
train,pretrain,HfuZJVpNWR4,00008,0,pretrain,oKtALHe3Y9Q,00040,6.128596096887357,5.824
train,pretrain,2JSZ66uMRwc,00038,0,pretrain,PXBjQ7bc6PY,00020,1.133376386800684,5.12
train,trainval,7Iv2nZnZOrM,50001,0,pretrain,6k8YBJ5sgko,00033,-9.883106244338125,3.52
train,pretrain,BQOz6OVz1zc,00004,0,pretrain,oSv7E8WK2Iw,00011,4.878804530452799,6.72
train,pretrain,qS7zAkwAOYg,00027,0,pretrain,GsqiJqMFcvM,00004,-0.9398565651552193,5.952
train,pretrain,o0TbaHimigw,00015,0,pretrain,9SqHrhrTktc,00008,6.340488736989101,23.936
train,pretrain,0K5OO2ybueM,00014,0,pretrain,Wh9O3SciOYs,00024,9.72941938156653,6.464
train,trainval,mjUsobGWhs8,50001,0,trainval,86xSuStz0MA,50002,-1.4525658608316405,2.688
train,pretrain,mDSuP2BsVy4,00002,0,pretrain,PXBjQ7bc6PY,00003,9.985340208936751,8.896
train,pretrain,YeJhVtJKJU8,00007,0,pretrain,RrFSO62p0jk,00027,1.3949503757317299,6.528
train,trainval,nXOSQeZNjJo,50001,0,pretrain,kFMZrEABdw4,00009,-3.1576220956718704,2.56
train,pretrain,CLWRclarri0,00013,0,pretrain,XoBSE2C1u0s,00013,-7.7306787104810955,7.296
train,pretrain,BQOz6OVz1zc,00001,0,pretrain,EeHSCk940DU,00004,1.0209851625852586,6.336
train,pretrain,RlToQQfSlLA,00015,0,pretrain,teVE3VGrBhM,00030,-1.6266313307430593,28.352
train,pretrain,V48M5jS6zdE,00017,0,pretrain,dUdCToPPK5A,00001,4.681844432663951,3.584
train,trainval,uKByBgqxOw4,50002,0,trainval,s2F41IQSPGE,50047,-5.366298831674534,3.136
train,pretrain,NZspSEdO2Xk,00058,0,pretrain,jobYTQTgeUE,00004,4.164777186041784,5.44
train,pretrain,gWD6g9CVSsc,00003,0,pretrain,SJWoKsfsSaA,00027,5.643837095422711,3.2
train,pretrain,lECfUfqNVoo,00004,0,pretrain,CdxVbUjaSpY,00022,-5.268038009467078,4.416
train,pretrain,V1xt7zgnuK0,00010,0,pretrain,HNMQSw7hXTA,00002,-3.450479345564485,6.144
train,pretrain,fwYS1jyEzmU,00001,0,pretrain,zawpbVpu5nY,00013,5.412869853998179,2.88
train,pretrain,PgCmT0qkfQM,00021,0,pretrain,In6iAXTnqEo,00009,-1.8478752343554188,3.712
train,pretrain,L2upTRjXeJM,00010,0,pretrain,S8bJ3YlgL1Q,00015,-9.939402012261237,13.312
train,pretrain,8HplGZBS7FY,00003,0,pretrain,u5GCetbP7Fg,00033,-8.0625983952444,4.224
train,trainval,Nhwq12TKkQQ,50022,0,pretrain,6rcvWcRMuzs,00027,-1.2254509313227864,2.176
train,pretrain,DnbC2Tii0S8,00001,0,pretrain,3Z6x5t5A9so,00009,6.3538369256174185,4.416
train,trainval,osBbP6Om4Mg,50004,0,trainval,Skl42b9B9yA,50001,-9.780040569504468,5.056
train,pretrain,F0ofeD8VKMA,00038,0,pretrain,t1ZSoufuQg4,00002,-3.2687684625739326,12.096
train,pretrain,sucza6EOIf0,00017,0,trainval,QekbuidfQKo,50014,2.9715156637733706,4.672
train,pretrain,stBSQ6CagVo,00009,0,pretrain,aMrCYPCsLUk,00016,-6.919315626823819,3.968
train,pretrain,ZB50BfYlsDc,00020,0,pretrain,edEs4sjlmJY,00006,7.612180042014426,9.92
train,pretrain,uPE0G00XFV0,00013,0,pretrain,P2SxoBj3daM,00006,1.028487016960554,7.808
train,pretrain,5c6AADI7Pb4,00007,0,pretrain,yuD6ozE9rtc,00004,1.6635211588066934,5.824
train,pretrain,BQOz6OVz1zc,00050,0,pretrain,0QbLI1U4cLE,00009,2.952433218753459,3.264
train,pretrain,7H0USvVSfhU,00023,0,pretrain,k8OgHJ4WXR0,00012,8.554090531923016,12.416
train,pretrain,EhM56Fk2aFk,00033,0,trainval,0snNB1yS3IE,50004,-2.697265295531775,3.904
train,pretrain,BGRy5VUSLfI,00019,0,pretrain,MwzqSswl4cI,00003,-7.537890578763933,5.056
train,pretrain,9KACXVScWS4,00033,0,pretrain,mK6IdD4GXPo,00003,-0.12088014163188276,6.4
train,pretrain,BJsrYqPtXFM,00033,0,pretrain,LpNkuaVnlPY,00021,-8.132291103958453,5.248
train,pretrain,ERSZb2wHFDw,00009,0,trainval,289ZxBZdKvY,50008,-7.5343060874285435,5.248
train,trainval,G8cjIBwP52o,50026,0,trainval,OEydHbngSz0,50006,9.415629625500141,2.368
train,pretrain,7ZW8SLQftnY,00025,0,pretrain,whjLZogf9e0,00006,-3.91756868066315,5.696
train,pretrain,sWnAtLt8kSs,00001,0,pretrain,ukgnU2aXM2c,00033,-4.5524983324078505,6.08
train,pretrain,IkJTwfHPv6A,00034,0,pretrain,0ZhL7P7w3as,00006,5.66551561477776,6.656
train,pretrain,th3nnEpITz0,00026,0,pretrain,o1abyP4zfGg,00011,-7.840071186323958,8.704
train,trainval,AHfiKav9fcQ,50006,0,pretrain,STsOdmkH5fI,00008,-7.543582474724628,3.328
train,pretrain,ROXUPr8Wqds,00007,0,pretrain,Hh09xlzxRmE,00031,-3.1591096653653654,3.968
train,pretrain,shqLZyONA0M,00018,0,pretrain,9SGSSQssNj4,00017,6.67145396050957,5.44
train,pretrain,L2M15ZeTLxc,00010,0,pretrain,gaY4m00wXpw,00010,3.837261797916815,15.68
train,pretrain,AfnruW7yERA,00030,0,pretrain,1QQ3gWmd20s,00003,-3.9371073349682018,5.888
train,pretrain,4c1lqFXHvqI,00056,0,pretrain,3z1cCT2NP4k,00005,7.972614549490608,4.096
train,pretrain,7JVTirBEfho,00036,0,pretrain,emeEpzkf044,00020,2.0857106515916897,10.304
train,pretrain,KiPcxhJtuPQ,00029,0,trainval,HjnclEhy960,50006,0.642234237675428,6.144
train,pretrain,j8T3bdqTdp4,00027,0,pretrain,6qTfX4U6CS0,00021,-6.634134734452937,6.784
train,pretrain,3mTbO2kC6mA,00001,0,pretrain,FolCetXtYG0,00010,-0.7439952515308246,2.368
train,pretrain,jNsgQiTS45s,00003,0,pretrain,bX32UShfri4,00025,2.8826363424410637,7.488
train,pretrain,LJhklPJz9U8,00001,0,pretrain,kTz52RWSbD0,00020,-0.08881596654951096,3.84
train,pretrain,IsHXnOzhRPg,00004,0,pretrain,KkYuhwr3esg,00016,-2.584019952799384,4.928
train,pretrain,UhC2U8VFgB4,00001,0,pretrain,IRVdiHu1VCc,00045,-6.90392422199984,12.288
train,pretrain,mGbMwP8MDjg,00024,0,pretrain,GIt6Z0k3PQo,00025,-9.671340037786134,8.0
train,trainval,tMSehhs1OSk,50004,0,pretrain,WLj0uepcPFs,00007,-8.667238650041945,2.688
train,pretrain,tpODOkfrwyQ,00019,0,pretrain,P9B8PmUR64U,00007,8.59748456377083,7.616
train,pretrain,osBbP6Om4Mg,00025,0,pretrain,hz2ONnzRANs,00027,2.913207713998485,8.128
train,pretrain,X77DUi9PD4Y,00028,0,pretrain,bbT8jSPS2LA,00004,5.384528528679514,15.168
train,pretrain,Qs9m8obl0AY,00025,0,pretrain,Yz1sNBv7oAo,00002,-3.120992112190331,6.656
train,pretrain,lDq9SQxvsNU,00022,0,pretrain,MLU7qcMYKO8,00003,8.577141913969449,6.08
train,pretrain,k0GQSJrpVhM,00024,0,pretrain,cyBeRNOxNBk,00016,8.528967110661586,7.36
train,pretrain,bKQA6I4BA7o,00017,0,trainval,IshrD4mjnNU,50011,-2.1939877719042356,6.016
train,pretrain,Phf66nAoMIk,00007,0,pretrain,FcoJt2KLC9k,00040,1.0749120871687428,17.152
train,pretrain,rufeSSlZJg8,00020,0,pretrain,Td2hfdXQ5x8,00009,-1.94273517655847,5.248
train,pretrain,TRE4Sll42lE,00022,0,pretrain,bcSXtB5bQgs,00026,7.4119462672051775,9.216
train,pretrain,VL5zqmpiJlQ,00010,0,pretrain,uKByBgqxOw4,00004,-5.395665946864576,9.216
train,pretrain,8FKYe2v0teI,00005,0,pretrain,bcSXtB5bQgs,00014,9.190884420545203,7.04
train,trainval,OyahH2o9AAk,50008,0,pretrain,ioMpOr7Yx98,00003,0.6692823278542566,6.016
train,pretrain,4c1lqFXHvqI,00008,0,pretrain,XMSQKG70a5s,00012,9.334658011940103,6.08
train,pretrain,PXMJobWlXks,00004,0,trainval,dOt4NkcmIUg,50011,-2.110322253583508,2.56
train,pretrain,cWCSzDdF74s,00023,0,pretrain,Mr8nvXvlSy8,00015,4.954276469277101,4.608
train,trainval,t9c7aheZxls,50003,0,pretrain,JD4O7ama3o8,00020,0.8856028188175191,5.056
train,pretrain,wBObnvIZGwE,00017,0,pretrain,AdHSwXl2nuQ,00002,-3.1503217623038937,3.2
train,trainval,YsUAEFJsOdA,50018,0,pretrain,aUBawr1hUwo,00048,9.650406733152941,6.144
train,pretrain,tAReayFqUEY,00006,0,trainval,CK5w3wh4GSM,50005,2.6470363802703574,5.376
train,pretrain,ZSbKuSsYHVY,00002,0,pretrain,2xs8qmk0OPc,00002,-4.122026745171528,6.592
train,pretrain,8m5Ebx6nuGE,00042,0,trainval,HH3m1OSiOT0,50002,-7.758899067612639,6.08
train,pretrain,jVBp2nDmg7E,00007,0,pretrain,WfjzkO6SDEI,00017,-2.4405678451975117,3.968
train,trainval,iOByGJskqks,50010,0,trainval,z4eSa6GXEsE,50005,9.17578383924014,3.456
train,pretrain,WoS7PGFjwDQ,00005,0,pretrain,DWZsOe1j2w0,00045,-6.366822816635793,11.84
train,pretrain,HBSQR6xovSw,00034,0,pretrain,QpmsftF2We4,00024,2.5547598489727807,7.616
train,pretrain,7jx0dTYUO5E,00002,0,pretrain,Wm0GKnd3JvA,00008,-2.5244153072673097,3.904
train,pretrain,rrkrvAUbU9Y,00025,0,pretrain,SFW0TEFKCxk,00020,8.808942759815096,6.528
train,pretrain,KTTtn0iSZyA,00004,0,trainval,2JSZ66uMRwc,50001,8.126945027785688,4.608
train,trainval,Yagdvqn2YMU,50003,0,pretrain,drv3BP0Fdi8,00021,-1.6876986943283576,6.144
train,pretrain,maCww8AXIvg,00011,0,pretrain,HuWMO3M1HVQ,00001,0.5789364611208914,4.096
train,pretrain,FsGu5YTM1NI,00013,0,pretrain,ISSupr6ayqw,00018,-4.701970694855662,3.84
train,pretrain,F17SKiAZOxg,00026,0,pretrain,hCop3IGZH2o,00008,3.6719035001021254,5.696
train,pretrain,KzeQSZ3bQ2g,00017,0,trainval,DjcZrtcBZi4,50012,2.766147651291064,2.24
train,pretrain,NDQ1Mi5I4rg,00002,0,pretrain,HtSRNn0kSSw,00004,7.048436846723828,6.208
train,pretrain,xx310zM3tLs,00017,0,pretrain,FJJe8PXEUhk,00003,7.709502862359045,3.008
train,pretrain,p49rv25dx0g,00008,0,pretrain,klLtDoVkZ98,00010,8.51793805311284,13.44
train,pretrain,QWN5xhV6v1U,00007,0,pretrain,DSPWxjBgvF4,00003,4.235229419466977,4.352
train,pretrain,h9SKyrHRhDo,00033,0,pretrain,wDxjss7kHRw,00008,-9.616374990845681,6.4
train,pretrain,vSONFixSe4k,00013,0,pretrain,acikxzM6GaY,00016,7.460716930065743,8.896
train,pretrain,MvMUMShuMaI,00004,0,pretrain,i2a8pDbCabg,00001,-0.9763035405835971,9.152
train,trainval,uHRG3Vr9qyI,50028,0,pretrain,3OMgvtWNHp4,00029,0.18943622215788736,2.496
train,trainval,K2BES6FUAO4,50001,0,pretrain,nC06omDS0kA,00019,9.460895147043718,2.56
train,pretrain,E3SSSS5SFHQ,00006,0,trainval,EszGIvRdgTE,50002,9.495721612589481,6.016
train,pretrain,CfqO1U6lfDs,00037,0,pretrain,f8nkcRMZKV4,00018,3.81367235203658,7.36
train,pretrain,uuwgtX2zU9Q,00004,0,pretrain,sucza6EOIf0,00024,-9.470198509810652,11.904
train,pretrain,pmKNXZmfIMU,00019,0,pretrain,0HEXx3SP8kk,00012,-1.6015392068886332,7.104
train,pretrain,MnT1xgZgkpk,00029,0,pretrain,sYUjyH8Y0No,00007,4.651368705041323,9.408
train,pretrain,l1fodZNF1GI,00025,0,trainval,G1RRbupCxi0,50003,9.890349044597116,2.112
train,pretrain,SryJK294Psw,00021,0,pretrain,Zq7QPnqLoUk,00056,9.547329493127059,4.416
train,pretrain,mWp4Sp8GTgI,00008,0,pretrain,uYaF8pSTNSU,00039,5.374458017172445,6.336
train,pretrain,nQcgD5DpVlQ,00005,0,trainval,5J6jAC6XxAI,50007,4.6075650090368505,2.176
train,pretrain,DhSoIwxWkkI,00027,0,pretrain,OISOhvOumT0,00036,-9.185503245908468,7.104
train,pretrain,G0ZjSInJ4BQ,00031,0,pretrain,6LmPq7DSds0,00029,1.9493793970536029,12.288
train,pretrain,BEsJI6Nxo4Q,00001,0,pretrain,VLe84OkwKOA,00022,0.34619851685891767,10.752
train,pretrain,xPK2Ch90xWo,00011,0,trainval,wznroZvpVHU,50004,3.9958198475506066,3.2
train,pretrain,jeOumyTMCI8,00011,0,trainval,jSOPQgPIdKg,50019,-0.6140043705454801,2.688
train,pretrain,SSy6CJLMuiw,00017,0,pretrain,XqsmITK1VO8,00016,8.795265108026836,12.992
train,trainval,6EghiYSs2ts,50009,0,pretrain,nzj7Wg4DAbs,00015,3.4709065229251976,5.248
train,pretrain,2SlbsnaSNNM,00010,0,pretrain,r55a0FapF2M,00010,6.2767712695685915,4.16
train,pretrain,3WCwBVprDuQ,00026,0,pretrain,BsFxokC02sg,00003,-6.453486825318047,3.008
train,pretrain,iSicXZ2tMRM,00024,0,pretrain,ivfJJh9y1UI,00030,7.293576878425299,5.696
train,pretrain,fCKNScHMBGE,00005,0,pretrain,druJDI6hiiY,00012,3.5456904641678104,7.808
train,trainval,QbxinUJcLGg,50010,0,pretrain,vCCdmGKtxPA,00005,5.0522201064715855,6.144
train,pretrain,HQzXqjT0w3k,00009,0,trainval,5pXelS1clHs,50007,7.509441080067877,2.048
train,trainval,jqWHy6B0ADA,50001,0,pretrain,MoSmgcxGYYE,00031,1.0153978750005024,3.008
train,pretrain,kbAac9DxM1I,00024,0,pretrain,D9Ihs241zeg,00011,-4.368186525323676,6.208
train,pretrain,aOW7JZaqKGA,00015,0,pretrain,KOtFDsC8JC0,00015,-7.163758443239416,8.704
train,pretrain,S6cX2p5cBVg,00043,0,pretrain,LWQfeSSfNbs,00009,0.20819890682137654,4.288
train,trainval,ysln0YyjUok,50008,0,pretrain,12OAr0lt4bk,00018,-8.88171150825123,3.456
train,trainval,m0ZPM5I1tTg,50007,0,pretrain,2ju61VPdTzw,00012,-1.920592000042621,6.016
train,pretrain,88SlA2EZxtY,00001,0,pretrain,MlLWTeApqIM,00013,-2.9624387314932292,14.016
train,pretrain,qy4uuAfRFnI,00004,0,pretrain,fCKNScHMBGE,00030,-6.1674033031870295,5.056
train,trainval,hbG89FYKzaY,50012,0,pretrain,5Dn08yo9aiM,00006,-7.3750543970631055,5.248
train,pretrain,2VWSSFSUeQI,00007,0,pretrain,DSSAz5nZBBM,00044,-6.14463163890361,6.592
train,pretrain,MqnbE5WRPEU,00026,0,pretrain,vrU6YJle6Q4,00005,-4.870759989877027,5.056
train,pretrain,HCJRXoYOoaI,00004,0,pretrain,T7ibjISKSdY,00015,-5.733891234825559,5.44
train,pretrain,r3afSFSG570,00016,0,pretrain,9IgOVOPLTYI,00023,4.2914653660268325,3.776
train,trainval,TYFH0DSjyqc,50004,0,pretrain,tlS3r8Gid90,00036,3.3463306859518642,4.8
train,trainval,cbSts8fUhB8,50003,0,pretrain,l2oywAEJ9hE,00002,9.089791436049055,6.208
train,pretrain,mk3KSVrveSE,00019,0,pretrain,jPyR3UDhOm4,00044,7.45171389333624,14.464
train,trainval,ZJXxySanins,50001,0,pretrain,0OkOQhXhsIE,00004,6.866266816173315,3.84
train,pretrain,VL5zqmpiJlQ,00018,0,pretrain,DajRM7VyeZ4,00007,-2.627898876521815,4.032
train,pretrain,1fZ4XOnnh1c,00013,0,pretrain,QPC5SP2SFu8,00019,1.6275223042321194,6.528
train,pretrain,weWl6PqAdHY,00006,0,pretrain,BQOz6OVz1zc,00012,3.0230329736701673,2.88
train,pretrain,dXqPaHQp4Xw,00025,0,trainval,Qa2HpQI1Ufg,50006,1.1094910197146728,5.888
train,pretrain,I4fJPKSKbrA,00020,0,trainval,nn5k4snG3rA,50033,-6.775414717216732,4.608
train,pretrain,dhMoQrLEJe0,00003,0,pretrain,34a7UEzZdsA,00005,6.432377541927153,6.784
train,pretrain,lGbuCmuTJHg,00004,0,trainval,ShswlNMaUSA,50001,-1.3330618463755002,3.84
train,pretrain,BGRy5VUSLfI,00015,0,trainval,yTR4sADS4qM,50003,1.5988493283967138,2.752
train,pretrain,maMU4XZYdtQ,00001,0,pretrain,lwL4hjhkid4,00006,3.2372629325256437,11.2
train,pretrain,KTTtn0iSZyA,00017,0,pretrain,FTUpFYo0rMI,00010,-3.3368054191990932,3.2
train,trainval,cPsP4F1qYCI,50001,0,pretrain,LSdPxGLesE4,00015,0.7386705642416551,3.136
train,pretrain,VlC93dig40E,00013,0,pretrain,teVE3VGrBhM,00010,-9.27887698919421,12.608
train,pretrain,1LSE7KCN9xg,00012,0,pretrain,rkKDvGA2UU0,00023,-3.2118464718197455,6.272
train,pretrain,SJyE40koQyA,00009,0,trainval,VSJpBJal3F8,50006,-1.0676902487495195,2.88
train,pretrain,ao3NtIZ0iBU,00023,0,pretrain,vC1uxXvPG0Q,00023,9.479306495005812,5.76
train,pretrain,eJnlgDUcxOQ,00006,0,pretrain,kvpUiBqHoVM,00005,4.024054930049205,5.44
train,pretrain,fW6AndSUByo,00028,0,trainval,drv3BP0Fdi8,50010,-6.0348214784151555,3.648
train,pretrain,KNXOVpN8Wgg,00010,0,pretrain,ljqra3BcqWM,00012,6.897022191440016,4.8
train,pretrain,w3q89BTJj3o,00002,0,pretrain,pGyOwnqpCKk,00019,-4.028179523955851,4.032
train,pretrain,2j00U6lUCSc,00021,0,trainval,VmP574ikRFs,50023,-0.8803475910866876,4.416
train,pretrain,u5GCetbP7Fg,00032,0,pretrain,qmnVdzzAuQk,00013,5.551815744034364,14.016
train,trainval,28hGxw5DBK8,50006,0,pretrain,8u9Wvz1edxI,00022,0.4958252513154129,2.176
train,pretrain,9h2dFSIsH0I,00056,0,pretrain,3dy4SGkSD8M,00024,5.370383722917273,11.84
train,pretrain,5CSDIcUsIJk,00014,0,pretrain,SltDJynTduY,00003,5.115568308296787,3.904
train,pretrain,rN7VcY1fS1Q,00040,0,pretrain,FzApYQDIXlg,00005,-4.5176355886501,9.728
train,pretrain,eRQdAOrqvGg,00022,0,pretrain,wgPLGS1BvQo,00021,7.127115099973796,4.288
train,pretrain,EijI8QaExDg,00033,0,pretrain,QPiaadMporw,00027,-5.689644136851277,11.584
train,pretrain,FRKg49ySnNw,00007,0,pretrain,5Yikqlc7yl8,00016,-0.4341247680164546,6.528
train,pretrain,SjsGSNgmleA,00013,0,pretrain,YhJPoyv8O3A,00022,9.172420854143787,7.36
train,pretrain,8S6S5vZGSSk,00010,0,trainval,bCGlWQnzDVE,50007,4.964731285461417,4.096
train,trainval,8meWY0W40OA,50006,0,pretrain,C0nM8l9qeGY,00003,0.8829508395689096,5.696
train,pretrain,90mj79GqWhc,00028,0,pretrain,E4ptaIDAIlY,00006,-9.86102127530646,9.536
train,pretrain,25onkAGt3Gs,00012,0,pretrain,xDe346z233Y,00018,6.78482490999961,16.704
train,pretrain,Rpsf1YJsbbI,00014,0,pretrain,57FMau29OSg,00037,5.709448830221927,8.768
train,pretrain,VvpUZjRVoBI,00018,0,pretrain,t5dSmG8SI34,00016,-3.0370158960927274,6.144
train,pretrain,BSiNIZ6zZqY,00030,0,trainval,t4kyRyKyOpo,50002,-7.5517594490858215,2.88
train,pretrain,apbSsILLh28,00013,0,pretrain,nshZ0SMsn9s,00014,-0.9793616096258368,3.008
train,pretrain,svNcoU59IQ0,00005,0,pretrain,BQj2ZSGPsY8,00023,-1.5902356355638236,10.176
train,pretrain,fbeFn1Xcqo4,00061,0,pretrain,yA9xQB547Yo,00011,-3.9239552333712275,2.24
train,pretrain,o08ykAqLOxk,00041,0,pretrain,iNOE0dZpHcY,00063,3.698222462739185,4.608
train,trainval,FzmXULKUNJU,50003,0,pretrain,JrqgyAoS6oI,00014,-3.535748535625574,5.824
train,pretrain,dBxvZwJZgdM,00002,0,pretrain,t9c7aheZxls,00010,-7.8557841553346,11.392
train,pretrain,gw2Mn3Bh1t8,00007,0,pretrain,EU15c9hnftE,00010,1.239561726816234,7.488
train,trainval,OGhbCC9mNM8,50002,0,pretrain,kSva30kSgHM,00005,-5.173093945111762,6.208
train,pretrain,5uVtphj4b6c,00002,0,trainval,j7c9b9A2AHc,50002,4.696403551253427,2.624
train,pretrain,QeAGu40vZzI,00010,0,pretrain,2NENlXsW4pM,00002,3.192573102631382,10.496
train,pretrain,WIebxoTx408,00020,0,pretrain,Zf0zAiS8CtY,00009,-4.066332329841751,5.952
train,trainval,bLGTrz1Zolk,50008,0,pretrain,mMasmrJOmEo,00007,3.2137662578826074,3.84
train,pretrain,g2m97gPI70I,00004,0,pretrain,UpkAqPEcMyE,00011,2.5797414987295237,4.096
train,pretrain,85hbMtegrLc,00027,0,pretrain,hscdmpKGqrQ,00004,1.463786044447188,5.44
train,pretrain,ScFWnnQF7A8,00008,0,pretrain,gbDraZi7FS4,00011,9.043920423749373,6.592
train,pretrain,vHhn7z6BA0w,00037,0,pretrain,cRrgDS4SD8s,00024,-7.455472275508419,11.84
train,pretrain,Sk0ywFgMpFk,00028,0,pretrain,AIfBSkVI6NQ,00021,9.646809277106364,8.768
train,pretrain,NJ9Iq7ReMDs,00017,0,pretrain,pcSlowAhvUk,00072,3.533112710543895,10.368
train,pretrain,LMrzdkSYnYY,00005,0,pretrain,7LcSdlVrg5M,00036,6.781986042296378,4.224
train,pretrain,FjibavNwOUI,00032,0,pretrain,qFOooWq2inA,00001,-4.508946983826718,4.288
train,pretrain,ERSZb2wHFDw,00009,0,pretrain,Oa82WNk0mis,00006,-9.056998229784375,5.248
train,pretrain,d4Dj0qdWLnk,00011,0,trainval,zORUUqJd81M,50021,-1.0873780234998591,2.304
train,pretrain,lwcvhh4pLjE,00024,0,pretrain,bNpx7gpSqbY,00012,-0.6323156650010091,4.8
train,pretrain,uEkgM9P2C5U,00002,0,trainval,u7SWcQaoaRQ,50007,4.221326064958914,2.56
train,pretrain,P65XdTlk4vA,00048,0,pretrain,BwC4WRKi5QY,00019,-9.595407113195911,4.8
train,pretrain,cyBeRNOxNBk,00011,0,trainval,jSOPQgPIdKg,50021,-6.357700152955497,6.08
train,pretrain,3OMgvtWNHp4,00029,0,pretrain,ynSrWmoq7Is,00015,-4.823336478246771,7.808
train,pretrain,0tVGSTxcsSU,00009,0,trainval,GB4s5b9NL3I,50011,-4.952300223050172,3.84
train,pretrain,jFd96USLjbM,00028,0,pretrain,L9Sc1j9VRwE,00016,3.018051433484871,3.52
train,pretrain,QUL0eSQtV8c,00003,0,pretrain,eyBEIx7fCfY,00009,-0.7285184223462977,5.76
train,pretrain,tlS3r8Gid90,00010,0,pretrain,JLLpWtHbMAo,00003,-3.461238805771954,12.48
train,pretrain,150cqgYh8sQ,00030,0,pretrain,Ydj28CDrHV4,00005,-3.9576601196886108,14.976
train,pretrain,kOPMqiKhoSc,00020,0,pretrain,ulYR5bpu68E,00015,7.127802468438112,3.52
train,pretrain,LbIXYEW9CSQ,00020,0,trainval,8GOFoquSdkI,50001,8.822826861879726,3.2
train,pretrain,6SdtkXAQq3k,00005,0,trainval,8pHzROP1DSw,50010,8.01425476850303,2.88
train,pretrain,mMasmrJOmEo,00001,0,pretrain,ao6WnXo8Fbo,00002,-8.03125844207794,3.84
train,pretrain,iSpwUpdQdyY,00052,0,pretrain,ovV7v2XYJAI,00004,-3.0680402060103074,8.448
train,trainval,mMDuakmEEV4,50025,0,pretrain,u4iOeHXObok,00024,-1.1943275985902382,4.416
train,pretrain,jvBaRf9LHDs,00019,0,trainval,Nhwq12TKkQQ,50014,-6.786076042443834,4.736
train,pretrain,dsT5eVSm7BA,00009,0,pretrain,Iv3Ud7Shv9g,00019,-5.440105319159889,8.64
train,pretrain,J6ZzmqDMhi0,00013,0,pretrain,DhSoIwxWkkI,00034,-9.607969969612842,6.016
train,pretrain,E27DY3AVA98,00003,0,pretrain,PS6vDLq64gE,00007,-3.432565167528203,6.336
train,pretrain,IU1i2IlkLbU,00011,0,pretrain,BFK9laBVa54,00003,0.6114295919901647,35.648
train,trainval,kcwBHSUevxo,50002,0,pretrain,sFNmulAb4wM,00045,-6.18312899257978,3.84
train,pretrain,eJ89At9Xxws,00018,0,pretrain,Nhx1SyXMwCg,00021,-4.7168343252495575,3.52
train,pretrain,F8pUtbSgrxc,00031,0,pretrain,MCeaijwHxS0,00014,1.1838106734002416,11.904
train,pretrain,QOSPNVunyFQ,00018,0,pretrain,a7cDt5r2pGY,00005,-7.5696663963965305,5.888
train,trainval,BGRy5VUSLfI,50001,0,trainval,mpqrO2agOTs,50008,-9.141804264918967,2.496
train,pretrain,fJ36gCwKVec,00015,0,pretrain,12OAr0lt4bk,00035,1.810798427204407,7.04
train,pretrain,S6cX2p5cBVg,00020,0,pretrain,zbHe4RpgV80,00006,1.5601571533138454,4.352
train,trainval,s2F41IQSPGE,50026,0,pretrain,u5GCetbP7Fg,00038,2.3657468385117646,3.968
train,pretrain,wVGjQSnLg4Y,00029,0,pretrain,ZIVSJYazE9s,00009,-0.18613130754854446,5.44
train,trainval,RBElFl1aLtI,50009,0,pretrain,11Mq9ZuxZMc,00017,0.7164147524210769,2.944
train,pretrain,FzApYQDIXlg,00028,0,pretrain,wZzHnZzmS58,00005,4.162823843627329,5.824
train,pretrain,uYyvbgINZkQ,00018,0,pretrain,2Num0P3H7lU,00006,-5.660662679256876,6.784
train,pretrain,60OVlfAUPJg,00042,0,pretrain,RgtoZ2ue05w,00007,-5.830174485897488,9.536
train,pretrain,9KaMufF0rAY,00003,0,pretrain,7s0CpRfyYp8,00012,9.816856585653525,3.84
train,pretrain,w2mJMS09Qjk,00013,0,pretrain,yDubrSRjlCE,00016,3.643529346023886,6.912
train,pretrain,aZWxtQ19JsE,00013,0,pretrain,UDXtFbSmBAg,00021,1.832636226390914,8.64
train,pretrain,wcSMzf3ztcs,00003,0,pretrain,M1yCvKASWdU,00016,-7.02358590112806,5.12
train,pretrain,2NHV4AzSEzY,00012,0,pretrain,5tUnSuoYKoE,00081,7.23991465946861,5.312
train,pretrain,LSGfqyhleUA,00044,0,trainval,qzR62JJCMBQ,50020,8.76211305490176,4.032
train,pretrain,7A66iZQXNh4,00003,0,pretrain,C8QCStOtqus,00012,7.129968548769561,3.008
train,pretrain,yxC30tEjZk8,00010,0,pretrain,mKe3QKctaS8,00012,-3.8500133828961918,15.36
train,pretrain,c6mhFgAjqwA,00022,0,pretrain,AbqsMDfX9Ig,00016,9.81669237051388,10.816
train,pretrain,APPbSStpGHk,00024,0,trainval,V7zMFJbBsD0,50001,0.9714021413814482,2.816
train,pretrain,gWD6g9CVSsc,00002,0,pretrain,rKtmsVa4Kvk,00046,3.224214646410079,6.144
train,trainval,BPMrcY9z0nM,50046,0,pretrain,W3SRjJtd6Eo,00020,-9.074589640224811,3.008
train,pretrain,b3H9V1jq0A8,00014,0,trainval,fa7SkR2fz3M,50010,-6.663453983885379,6.08
train,pretrain,xzT6iH2CX4k,00039,0,trainval,DJGreSgaOTc,50012,5.017934301356002,5.44
train,pretrain,ATISgVUKetI,00014,0,pretrain,y9Trdafp83U,00034,-0.24871004968212418,3.712
train,pretrain,qzR62JJCMBQ,00013,0,pretrain,YhCkjRXgnDw,00018,-4.301341650997892,11.712
train,pretrain,w8lH8tNlAXc,00001,0,pretrain,7H0USvVSfhU,00001,-8.609233237144524,5.248
train,pretrain,okQXrB7ySAw,00052,0,pretrain,bpi6us7wQfE,00040,9.889524663304066,6.784
train,pretrain,HCgvSHNoJrY,00009,0,trainval,bGBamfWasNQ,50028,-1.8079690686692036,2.048
train,pretrain,7SRGn75JcZ8,00015,0,pretrain,iUbfRzxNy20,00017,8.407492294796974,8.32
train,pretrain,wDxjss7kHRw,00001,0,pretrain,AIfBSkVI6NQ,00016,-2.8887802151147675,5.44
train,pretrain,cmlRinjYKfM,00006,0,pretrain,npFSbX7DZ6k,00036,5.1091325715999645,7.488
train,pretrain,6LpSNMaU0r8,00020,0,pretrain,PY9DcIMGxMs,00050,6.849043227656736,4.096
train,pretrain,yLjxoscCi0A,00038,0,trainval,GJWSZgjz7G0,50006,-1.4208703702597951,2.496
train,trainval,2NWpMqD8Qyk,50004,0,pretrain,vYV4tAq3wVg,00014,-0.2739083083051206,4.352
train,pretrain,NtOoDN0ojxo,00022,0,pretrain,MbBHVL4hT90,00005,-4.412361341471596,4.096
train,pretrain,jodhovumkHQ,00027,0,trainval,U8XD0CcNhPU,50002,-7.495165858257606,3.008
train,pretrain,pYgvVDCHRZM,00004,0,pretrain,qtOIh93Hvuw,00018,1.4299870619708788,6.848
train,pretrain,lDq9SQxvsNU,00036,0,pretrain,nFSdHdNOgSA,00024,-5.7230433641312235,6.144
train,pretrain,vCCdmGKtxPA,00008,0,pretrain,NtOoDN0ojxo,00023,1.2902035686903357,11.392
train,pretrain,R7beBKnH9u0,00019,0,pretrain,bSidnKdH5S4,00001,0.10639573591218188,5.568
train,pretrain,KSzkPSW4Hik,00001,0,pretrain,IOzdXNXzDqE,00010,4.239581409781492,6.656
train,pretrain,MNhCvM5pjfs,00013,0,pretrain,m4GQk4ufRKs,00007,-3.985253185992848,10.176
train,pretrain,vcfrsYWFR78,00012,0,trainval,wOiKRVH0nQ8,50006,-5.480011410898742,4.608
train,pretrain,SXJ20tt5nPQ,00008,0,pretrain,DcKdClnpz4k,00025,-5.241075685965885,6.336
train,trainval,O6cmKeRV3Z0,50015,0,pretrain,wAdwurHhvSI,00022,-1.02174327523878,2.688
train,pretrain,T7ibjISKSdY,00040,0,pretrain,KsSSMh1QhMc,00012,3.902536419576844,4.48
train,pretrain,0z03xkwFbw4,00001,0,pretrain,HB2SlA68YDU,00040,-5.280006279430185,3.456
train,pretrain,ZbYDSIe5jsI,00010,0,pretrain,AvtStbwMQqs,00024,-4.923258345432766,10.56
train,pretrain,IRVdiHu1VCc,00054,0,pretrain,H1fvr9rGgSg,00025,-6.470525908296791,6.848
train,pretrain,cC0KxNeLp1E,00026,0,trainval,YglyHzvBqpA,50006,0.09476826159295904,5.696
train,pretrain,OibJT7GSwyo,00004,0,pretrain,m0ZPM5I1tTg,00025,-5.68347069802641,9.728
train,pretrain,RtRufOPFug0,00008,0,trainval,mJxA8eIWQUc,50015,5.4414282732940915,2.368
train,pretrain,o5SrKh9BNHg,00004,0,pretrain,haA6QtH0PIc,00014,-3.983876964755389,9.92
train,pretrain,mKe3QKctaS8,00012,0,pretrain,fW6AndSUByo,00022,1.7111404957380838,7.808
train,pretrain,dOOtM7ZpAS8,00047,0,pretrain,50m48lpi4AU,00041,-7.299393427412975,6.464
train,trainval,0D9QIG36J9Q,50007,0,pretrain,BPMrcY9z0nM,00013,9.92592318352201,4.8
train,pretrain,uVAaZVz9pDs,00059,0,pretrain,gMNlRovT5x4,00015,3.866220516947795,5.312
train,pretrain,BJsrYqPtXFM,00020,0,pretrain,S8201wl4jjw,00020,-2.5156591980354186,6.016
train,pretrain,SwT0YLKbwoU,00002,0,pretrain,ufUkAQOQaXU,00002,-4.568459365560493,10.368
train,pretrain,2NcetHNXaxU,00006,0,pretrain,2URf46UY7SA,00007,0.0663657965264548,9.856
train,pretrain,jzfV2xVsUKc,00034,0,trainval,S6BLFdBfgfU,50006,7.224202146841982,2.496
train,pretrain,AJg9SXIcPiM,00008,0,pretrain,qYvXkSbqlBk,00010,3.2365233206929247,12.544
train,trainval,QlyorcJ28UA,50001,0,pretrain,Smhe7COLiR0,00009,9.122522868632402,3.968
train,pretrain,jKl0tb3VmfQ,00004,0,pretrain,OlLFK8oSNEM,00007,5.660229785422082,6.848
train,pretrain,zLNXIXingyU,00056,0,trainval,maCww8AXIvg,50002,8.471816511095575,2.048
train,pretrain,lkzoQuzlW4M,00003,0,pretrain,iKHTawgyKWQ,00005,4.245652479933481,4.032
train,trainval,6yR5OUVb2gY,50008,0,pretrain,5tUnSuoYKoE,00035,3.4195707097513264,2.176
train,pretrain,6E3zVSCSGYk,00031,0,trainval,MBZyRlxVdSE,50018,5.318607774925717,2.368
train,trainval,ziGD7vQOwl8,50010,0,pretrain,txJGm6zhiBA,00007,4.005831669036514,4.608
train,pretrain,VehHPwAVL9g,00009,0,pretrain,Fc1yN6uxZfQ,00023,-3.9410324670584345,10.496
train,pretrain,qtOIh93Hvuw,00011,0,trainval,o4Nno6POrwE,50004,-5.179929401759926,3.712
train,pretrain,wfNX1cHkSfE,00017,0,trainval,48oiapTn3K0,50005,5.0245148830135395,5.12
train,pretrain,RKmxL8VYy0M,00033,0,pretrain,eMSonXncSjA,00001,-6.476404679328183,4.736
train,pretrain,oEIYHTlbeLA,00018,0,pretrain,LWULB9Aoopc,00037,-3.206056199643097,4.16
train,trainval,sWN13pKVp9s,50024,0,pretrain,yP2niXStKVQ,00001,0.8118580834340978,2.112
train,pretrain,SK095wuESeE,00034,0,pretrain,OwRAFCrsDS8,00022,-5.71198689286343,2.56
train,pretrain,GzB0BDstCI0,00028,0,trainval,QhLLMBN57AU,50024,-2.1206502181933047,2.048
train,pretrain,UqyOedEHIrw,00033,0,trainval,aILSY9g7Tg0,50013,-1.0610845345055875,6.144
train,pretrain,K2mhMzVCfhI,00009,0,pretrain,LN820hIQ17Q,00004,4.359887332505883,4.032
train,pretrain,IfzrN2yMBaQ,00002,0,pretrain,av3SCLBU7sI,00008,5.080397353480725,5.376
train,pretrain,NDQ1Mi5I4rg,00039,0,pretrain,xnovQVRHj5c,00037,-1.233006675841164,6.656
train,pretrain,iNOE0dZpHcY,00015,0,pretrain,3UFGqjWcVU8,00019,-5.949557088510669,6.208
train,pretrain,6wk4dkYSrV0,00048,0,pretrain,M3mnUMmUAHQ,00016,0.00039708213399158865,9.664
train,pretrain,osBbP6Om4Mg,00002,0,pretrain,gLDQr9i7LkM,00025,2.2402582319364495,10.368
train,pretrain,Mgbf3cq7lms,00020,0,trainval,7SjWguOXVwE,50001,-9.69474431778325,4.736
train,pretrain,E5BOBs3Nmbw,00018,0,pretrain,SUkVcmKZyyQ,00012,4.062444247495431,5.824
train,pretrain,7c5t6FkvUG0,00007,0,trainval,eNC1h5H5cJA,50006,-7.366228564103448,4.096
train,pretrain,0x2SkWRB8SA,00030,0,pretrain,dJEwC4wCM70,00046,-1.508242296675519,3.84
train,pretrain,NEW8RKyMDV0,00004,0,pretrain,SKx2lfobPuU,00013,7.215889325501397,3.648
train,trainval,DqCsQqy9MyU,50006,0,pretrain,HSzqFSOft20,00017,4.444261046454081,3.584
train,trainval,JmZpFy1QUww,50009,0,pretrain,6LmPq7DSds0,00020,6.63079156156385,3.648
train,pretrain,FcecqQkyKoM,00001,0,pretrain,ALTvG9MIR64,00022,-3.9122476592405375,22.08
train,trainval,gjCwsdCssdk,50004,0,pretrain,2zvjW9arAZ0,00041,-4.431655063916724,5.696
train,pretrain,mJxA8eIWQUc,00052,0,pretrain,ZCRC5S0kfiw,00026,-2.141899682055765,4.992
train,pretrain,D1QoyTmeAYw,00014,0,pretrain,OAK1UIbSFio,00060,9.141171793750946,6.976
train,pretrain,lUHy84tSDrA,00016,0,trainval,7Iv2nZnZOrM,50013,-7.258564469624331,5.248
train,pretrain,NwmGTM5Py8Y,00012,0,pretrain,tTcl5I0Wbzk,00031,-0.7681066673716348,7.232
train,pretrain,19KkFCQz8WQ,00018,0,pretrain,uYaF8pSTNSU,00044,3.346689988354557,5.376
train,trainval,JN3mW2IzCrc,50003,0,pretrain,mA1vshSuyQU,00024,-1.9467381206114283,2.112
train,pretrain,PRsopS7yTG8,00002,0,pretrain,YrtANPtnhyg,00001,8.232741819933768,7.04
train,pretrain,Ai7SOP5Zlc8,00006,0,pretrain,AoAbPIbGLUo,00005,9.076765551045664,3.136
train,pretrain,GjYt5uQPu8o,00008,0,pretrain,8oeiOeDqSNc,00008,6.179577689792712,9.216
train,pretrain,8b2vNkEtfpc,00021,0,pretrain,6XS8TA4RBog,00028,-2.755337624316983,8.256
train,trainval,PY9DcIMGxMs,50015,0,pretrain,12OAr0lt4bk,00016,-0.23414670133921334,5.568
train,pretrain,b81YwSOs8RM,00005,0,pretrain,Ka70SHb1wFE,00013,6.073325638089241,4.736
train,pretrain,YhJPoyv8O3A,00024,0,pretrain,wKIHuxe2fi0,00023,5.732931987981205,4.288
train,trainval,DoRSyk7lA5Q,50004,0,pretrain,Qs9m8obl0AY,00025,5.128695078957943,6.08
train,trainval,8woKcr7uSYQ,50006,0,trainval,Mpge4XQqfac,50003,-1.1007416939288728,2.752
train,pretrain,bXmDaykZobc,00002,0,trainval,zsLz0mRmEG0,50001,-4.893775137672732,4.096
train,pretrain,a17Z5Sk2XJY,00037,0,pretrain,askcLEVCTko,00047,3.608204100613543,6.016
train,pretrain,4BZuWrdCS9Q,00024,0,pretrain,r9LelXa3USI,00011,7.8605510153659495,4.8
train,pretrain,rEgSZNB3qyI,00022,0,pretrain,Sv36Vt9GmH8,00015,-1.0778929169392892,16.384
train,pretrain,C8QCStOtqus,00017,0,pretrain,ynSrWmoq7Is,00040,-9.94510179207615,4.416
train,pretrain,PY9DcIMGxMs,00041,0,pretrain,ZBg5QvcZQP8,00023,-6.269248707226778,9.344
train,trainval,deT1mILtFEY,50020,0,pretrain,MKKGS38vCO8,00002,-4.970798297414025,6.08
train,pretrain,Tg35UfOJhe4,00023,0,trainval,7LE4MoJS2po,50007,0.07378803994897609,3.648
train,pretrain,z9sa2ZAqHl0,00030,0,pretrain,y9wzaxSPtIo,00020,0.4266319626442865,3.776
train,pretrain,qKlzdSH2X9w,00015,0,pretrain,ht1zFl7HyO8,00011,-4.826335818445333,3.648
train,pretrain,b28brIs1OmM,00005,0,pretrain,IsHXnOzhRPg,00006,8.059955330079461,9.856
train,pretrain,IDSSieLCmS4,00004,0,pretrain,GB4s5b9NL3I,00045,-3.1285139077568918,4.992
train,pretrain,Bwj3SVZZOHo,00012,0,pretrain,NWUFjb8w9Ps,00017,3.133851738880306,3.84
train,trainval,IeblJdB2SVo,50009,0,pretrain,jSOPQgPIdKg,00006,2.0452769849362014,5.824
train,pretrain,uWfLwKHSEko,00027,0,pretrain,UqyOedEHIrw,00013,6.207486781773582,4.608
train,pretrain,8xHrpO6p7dE,00030,0,pretrain,y7l5QHRYSAI,00007,6.576224682915836,10.304
train,pretrain,rKtmsVa4Kvk,00050,0,pretrain,Wh9O3SciOYs,00016,-9.51785242090156,4.096
train,pretrain,quJdL9ggETI,00016,0,trainval,QijH4UAqGD8,50002,-5.236867533280016,2.496
train,pretrain,ptIecdCZ3dg,00022,0,pretrain,C0nM8l9qeGY,00009,4.67432817245729,9.28
train,pretrain,mY2LIQbiGbo,00038,0,pretrain,14rYeATuCqQ,00020,2.2010695308628705,7.04
train,pretrain,Bp2FvktSTRM,00009,0,pretrain,8HplGZBS7FY,00003,5.788784881535564,4.288
train,pretrain,CSeFjLZqXt8,00028,0,pretrain,enW2OUGzqtQ,00005,-3.9718534228750073,5.248
train,trainval,HCG1petekXw,50014,0,trainval,bTE0MRRXNzs,50002,-7.708364068216394,2.24
train,pretrain,URSuWwvpn5c,00005,0,pretrain,Bwj3SVZZOHo,00020,5.599394245415487,4.48
train,pretrain,v9DHLMw2o70,00004,0,pretrain,B12syeJflbQ,00014,7.53004432144397,26.688
train,pretrain,ZvSJE9n0GfA,00037,0,trainval,50m48lpi4AU,50008,-4.469787193090225,5.248
train,pretrain,PuroSL7O4eY,00015,0,pretrain,SWjSKTraw7c,00010,-1.7093280728662776,2.816
train,pretrain,8COaMKbNrX0,00011,0,trainval,Mgbf3cq7lms,50066,3.058385611437938,3.008
train,pretrain,S1VpOweDio8,00030,0,pretrain,KIysMV9wbVY,00023,7.1142688070834765,4.48
train,pretrain,SGzenQjZSpU,00022,0,pretrain,lyu7v7nWzfo,00028,4.236293619981769,6.272
train,trainval,9VXOknUbzBM,50023,0,pretrain,MiPXuEFAdIc,00003,-5.470552709744878,5.248
train,trainval,YAV96XSdMQo,50001,0,pretrain,u70RZtCJSrI,00016,5.208474570446711,2.24
train,pretrain,8m5Ebx6nuGE,00020,0,pretrain,HzySGhX8SCc,00014,6.734555151502434,7.424
train,pretrain,Z1R1z9ipFnM,00004,0,pretrain,jiDQDLnEXdA,00023,-1.716527013524873,3.2
train,trainval,nFSdHdNOgSA,50009,0,pretrain,xyIQFI865Sw,00011,-7.452827968943419,2.88
train,pretrain,on3KttMgbZE,00013,0,pretrain,6qTfX4U6CS0,00045,7.620629662099681,17.6
train,pretrain,y7LXwGfvxwo,00005,0,pretrain,FVSc2FnPnDE,00018,9.914546085009132,6.72
train,pretrain,UdsUVjeJuPE,00007,0,pretrain,JaQNy0Ef4YY,00007,-9.266866549667514,4.416
train,trainval,iGHzqmnGH4A,50006,0,pretrain,0d6iSvF1UmA,00025,4.601507278594109,2.496
train,trainval,stAstsOxLPc,50008,0,trainval,BPMrcY9z0nM,50006,-7.650376717091891,2.56
train,pretrain,XVXmYD0UPRQ,00008,0,trainval,kiDfwUQySEs,50005,7.292511630524942,2.368
train,pretrain,G0jxiJzIiz4,00013,0,trainval,KoXdjyJyxbE,50009,7.050451209247576,6.08
train,pretrain,J6uL4vDAU3s,00002,0,pretrain,6VnKV1sr5VQ,00009,7.072130024948425,8.96
train,trainval,YeXcNpVkezI,50001,0,pretrain,2G0wQfUl9EU,00011,7.825777877135341,6.016
train,pretrain,FjibavNwOUI,00033,0,trainval,TT6qWghHkFI,50011,-5.528900540225134,4.288
train,pretrain,Qs9m8obl0AY,00013,0,pretrain,k8OgHJ4WXR0,00021,5.147434241808387,7.488
train,pretrain,j3YjeARuilI,00029,0,pretrain,HSzqFSOft20,00010,-0.8279936607530374,11.008
train,pretrain,vlj9aPKB9m0,00001,0,pretrain,cxGWGohIXiw,00040,-6.941915269500292,3.904
train,pretrain,bhHJ4DRZNZM,00013,0,pretrain,7tu9nJmr4Xs,00035,-9.159650290017398,8.576
train,pretrain,nzj7Wg4DAbs,00014,0,pretrain,hPI0TM75lXA,00012,3.5265880797281923,10.048
train,pretrain,zOSaCQ6xHS8,00001,0,pretrain,oXbhTHaMwTw,00024,1.5568942319699381,5.44
train,trainval,mqovAg11qSc,50001,0,pretrain,6ORDQFh0Byw,00045,1.2380225050156852,6.208
train,pretrain,qty0NjF3pdQ,00027,0,pretrain,5QGApheKRc0,00021,4.65642194680488,11.328
train,trainval,ElJxUVJ8blw,50050,0,pretrain,7hFy02TSH4U,00004,-4.961547445965381,3.008
train,trainval,4KhnSz9FPmU,50006,0,pretrain,PGsQwAu3PzU,00011,3.8388700492873618,5.056
train,pretrain,5Jqk1rkuUwU,00019,0,pretrain,IkJTwfHPv6A,00011,0.015039490590499582,9.728
train,pretrain,erCApSBd0AQ,00009,0,pretrain,py1RrSdVt5A,00017,-3.9036986986335442,4.864
train,pretrain,apbSsILLh28,00051,0,pretrain,xjuY3lUfkK8,00003,9.73423638601195,7.424
train,pretrain,jhOJ7DQo3ZU,00009,0,pretrain,qQIwTWJSd2I,00034,6.166244972257047,15.744
train,pretrain,z9CabT4Kcz8,00005,0,pretrain,A60UTjiEp4c,00013,-6.878123381500796,4.352
train,pretrain,xy7SMVCRFbQ,00012,0,pretrain,Qt1RPkbF4o4,00006,-9.100097213094632,9.408
train,pretrain,iOByGJskqks,00009,0,pretrain,5RAJvzV9jSo,00009,-4.4530312042838105,4.736
train,pretrain,l2oywAEJ9hE,00006,0,pretrain,hgui64Kr0Go,00028,-7.894373664237355,15.68
train,pretrain,0GL5r3HVAZ0,00032,0,pretrain,iXHil1TPxvA,00010,-9.729717530894833,8.896
train,pretrain,QBDShp6U7tU,00006,0,pretrain,VwRlHLBweoI,00002,2.198614087767938,11.84
train,pretrain,lcZyzcTS5GU,00004,0,pretrain,KChjQvXjk1g,00010,6.848594920746024,7.168
train,pretrain,askcLEVCTko,00021,0,trainval,ATISgVUKetI,50021,8.970724502117548,3.072
train,pretrain,8rZzHkpyPkc,00028,0,pretrain,KZIGekgoaz4,00022,-3.915212916136155,4.416
train,pretrain,SCEKKHyxgaw,00010,0,pretrain,S98m4Vod6S8,00033,8.537712959273346,5.376
train,pretrain,CXvUdCdKTJY,00029,0,pretrain,qrNDkRHAA4E,00020,-4.349675822262304,4.672
train,pretrain,CBSU7vJn0us,00025,0,trainval,MoSmgcxGYYE,50005,-3.4933417370807307,2.752
train,trainval,R1vskiVDwl4,50002,0,pretrain,v2jSfxnRPSE,00025,8.474038680551729,5.888
train,pretrain,8pHzROP1DSw,00004,0,pretrain,tWmJcRSxShc,00005,4.151456787488543,5.76
train,pretrain,6e99DuPQ6j8,00011,0,pretrain,apbSsILLh28,00071,3.0818290642453903,3.584
train,pretrain,ooIxHVXgLbc,00038,0,pretrain,oHDeULyOqmM,00010,-5.472286181728019,5.376
train,pretrain,YbtrDM1aJF0,00006,0,trainval,LuG2rf9enHE,50002,-2.8665856718477123,2.816
train,pretrain,YglyHzvBqpA,00001,0,trainval,J6oMG7u9HGE,50058,1.3658018473613787,2.048
train,pretrain,0zvrGiPkVcs,00008,0,pretrain,kmNxhFFZWpM,00026,7.27098270461218,5.44
train,pretrain,uS3UYncNwz4,00030,0,pretrain,XDBWEKBq0Sw,00021,6.055017031960389,6.528
train,pretrain,LnnyuVG0krs,00002,0,pretrain,ldhppc7GmZg,00025,-4.844792098934009,15.168
train,pretrain,B9DdIivSGts,00068,0,pretrain,1gdKrtwBGqY,00016,0.14423839937810712,8.96
train,pretrain,65e2qScVSK8,00018,0,pretrain,PY9DcIMGxMs,00001,1.4346121852572011,7.744
train,pretrain,vwTDeT4v7RM,00001,0,pretrain,BISCnsKyOuk,00033,-5.1172755533520276,12.8
train,pretrain,IHBGLHgIWJM,00023,0,pretrain,F5FYYV59Eew,00013,-4.331388612370263,3.776
train,pretrain,3F2jACWwKdU,00042,0,pretrain,o3oDpCb7VqI,00022,4.732642053600923,8.896
train,pretrain,Uwl012o8P7I,00018,0,pretrain,gjfYohXoiz0,00008,3.500385320213697,14.592
train,pretrain,3ELnyoso6vI,00010,0,trainval,y3jYVe1RGaU,50007,-1.713518018185841,6.208
train,pretrain,rN7VcY1fS1Q,00003,0,pretrain,2zvjW9arAZ0,00024,-5.504788363825501,9.088
train,trainval,7ZWTG0SeCEg,50011,0,pretrain,axRSF7ku0Zg,00025,5.437360235600213,4.032
train,pretrain,LJhklPJz9U8,00031,0,pretrain,2G8C36aKnpU,00022,5.514940197632773,4.48
train,pretrain,eG2X0WRrb88,00003,0,pretrain,Ai7SOP5Zlc8,00002,2.596633200613347,4.992
train,pretrain,2OlhCITl1J4,00011,0,trainval,uFIc7XEVyM0,50005,-6.102489913960314,4.608
train,trainval,fBQnQTkhsq4,50001,0,pretrain,MvMUMShuMaI,00010,8.546222785935164,4.608
train,pretrain,WNTk29zXl4A,00018,0,pretrain,huzhvbrcgeQ,00028,-1.334872354286789,5.248
train,pretrain,OAK1UIbSFio,00079,0,pretrain,fTsFVO6OhO8,00010,-5.9388262643106815,4.48
train,trainval,zuLOT6GsAxw,50027,0,pretrain,yLjxoscCi0A,00034,1.7732550542960102,2.88
train,pretrain,avuhY7D71sQ,00047,0,pretrain,jYperQKUkcs,00026,-4.4780854394073994,12.096
train,pretrain,MSLHHgSXloM,00028,0,pretrain,pYgvVDCHRZM,00007,4.908369044257096,5.376
train,pretrain,7LE4MoJS2po,00014,0,pretrain,Z6T37m4r3yo,00013,-0.9500382103030383,3.52
train,trainval,a7B39MLVeIc,50014,0,pretrain,l5ZJ6bK1EIc,00021,4.457191764043495,2.816
train,pretrain,8m5Ebx6nuGE,00007,0,pretrain,ANFQPEkczYc,00013,4.618102129509971,3.648
train,pretrain,IfG7WVSbN6Y,00025,0,pretrain,QUUFbS1hBtw,00043,-9.18749690289035,6.976
train,pretrain,FsGu5YTM1NI,00016,0,pretrain,tSN0n2yqIJI,00005,8.42227956578785,5.504
train,pretrain,HS8y0WLm78U,00082,0,pretrain,SSJu0Jy9oSQ,00022,6.74728113172074,7.68
train,pretrain,VnzBGZA2z3w,00014,0,pretrain,nko6uV5u9vg,00001,7.761118571464301,6.144
train,pretrain,K5wCfYujRdE,00017,0,pretrain,5pW2b1vwwf4,00053,-8.223526197701059,5.056
train,trainval,GeDSgi0A7A8,50021,0,trainval,dUdCToPPK5A,50004,-1.203289270092455,3.008
train,pretrain,pkGAMb5sYvg,00010,0,pretrain,xY7kVVS2HVY,00002,-1.1979434646380405,14.72
train,trainval,SypPoKpQi6w,50001,0,pretrain,ZdDjexbxVzM,00005,-6.425126629026565,3.968
train,pretrain,FXYFLK0KZio,00010,0,pretrain,7SjWguOXVwE,00014,-7.74997560981997,10.816
train,pretrain,1bXAkbCyjpo,00024,0,pretrain,MtSE4rglxbY,00038,-6.062259538109784,6.592
train,trainval,ShFk6FDrZBc,50001,0,pretrain,SResvScvMkE,00001,-2.113717193461664,3.008
train,pretrain,RbNqU2K0qzo,00020,0,pretrain,CEN4XNth61o,00018,-6.451832708158665,5.12
train,pretrain,XZiNVGA78kA,00010,0,trainval,a19lSbFPRqY,50001,-7.029125908072489,6.08
train,pretrain,BWWPZlaq35U,00007,0,pretrain,HSZ1ZvjlKDE,00011,-5.989700732734285,7.872
train,pretrain,mAvSoNUgMno,00006,0,pretrain,QOSPNVunyFQ,00038,5.549637050067474,4.16
train,pretrain,JSLUS3qLv0I,00019,0,pretrain,zIwLWfaAgS8,00113,5.341125123005144,7.616
train,pretrain,TBIL2sdfoVc,00017,0,trainval,FdHJw0veVNY,50015,-2.3262712300657444,2.24
train,pretrain,pSCefSAYqaA,00036,0,pretrain,cZ7LzE3u7Bw,00004,2.1067054034346793,8.768
train,pretrain,acNGOQO7URc,00009,0,pretrain,YlmZkY1uqXM,00048,5.7649262372180985,4.16
train,pretrain,kOPMqiKhoSc,00022,0,pretrain,nOHbn8Q1fBM,00018,6.585493013523202,4.416
train,pretrain,HYGvts8hre8,00012,0,pretrain,3HaBoNSlpHU,00023,-2.711967952449439,6.4
train,pretrain,xMS9HlSSLSA,00035,0,pretrain,QJ28IC63hlI,00004,1.8634672198658322,18.304
train,pretrain,3OMgvtWNHp4,00014,0,pretrain,zeSVMG4GkeQ,00020,-3.8370910283562853,8.064
train,pretrain,5ftklsHZ4cU,00005,0,pretrain,xSUw0NiseBM,00010,6.863296223017155,5.952
train,trainval,gZga0AmCGdE,50018,0,pretrain,py1RrSdVt5A,00016,9.692829326776714,6.208
train,pretrain,sUf1ajkIAhY,00010,0,pretrain,SU1foLW8h54,00026,0.8856486749442709,13.696
train,pretrain,kEejVSZ5mLY,00024,0,pretrain,RxmzCJug9HE,00006,2.5601710353872154,7.232
train,pretrain,2G0wQfUl9EU,00011,0,pretrain,JN3mW2IzCrc,00010,-6.3303369856466185,9.408
train,pretrain,Gp5CqfHS5h0,00010,0,pretrain,fIqABIcKIvs,00008,-6.96446174929503,4.16
train,pretrain,q06YIWCR2Js,00023,0,pretrain,d6eMdixkoRI,00006,4.288477688672373,9.088
train,pretrain,o08ykAqLOxk,00026,0,trainval,hQ4XmSR9zw8,50002,3.99834586425893,4.224
train,pretrain,gF9PSRLjGGw,00015,0,pretrain,lnigGtrwAfs,00012,-0.6242189628098931,11.328
train,pretrain,lYdk1NK9Sr0,00016,0,pretrain,488ZBeaGo6s,00025,-8.879359761054253,10.816
train,pretrain,H3YbZsStuSI,00017,0,pretrain,FSNEIwDiCSw,00052,9.297342950878836,10.56
train,pretrain,XgRlrBlS7Yg,00012,0,pretrain,CSeFjLZqXt8,00009,-6.350642106917324,8.448
train,pretrain,xx310zM3tLs,00004,0,pretrain,mWA2uL8zXPI,00004,2.631254523788421,4.16
train,pretrain,avuhY7D71sQ,00039,0,pretrain,eyq2Wo4eUDg,00024,-9.60637337593161,11.84
train,trainval,DwQMDyyS42Q,50011,0,pretrain,y8qc8Aa3weE,00016,3.6055597880363237,5.568
train,trainval,eqDgt12m26c,50016,0,pretrain,ziGD7vQOwl8,00001,-8.48015954628867,3.776
train,pretrain,OXQwtTOnLvg,00018,0,pretrain,iueVZJVEmEs,00027,-3.6043879251335316,26.112
train,trainval,AoAbPIbGLUo,50024,0,trainval,53P0aypkpXY,50004,0.3362026756902594,4.288
train,pretrain,voXOUWiJuLo,00041,0,pretrain,X6Zo53M0lcY,00001,0.9216045936643429,3.84
train,pretrain,VlC93dig40E,00018,0,trainval,vzKA1y3cdYI,50054,0.4930126959397274,4.992
train,pretrain,SSZG5aPkZyM,00004,0,pretrain,Qa2HpQI1Ufg,00004,-5.25419357662183,9.792
train,pretrain,4BwSMSCFdu0,00009,0,pretrain,oEIYHTlbeLA,00015,-2.552800736443457,4.928
train,pretrain,bGBamfWasNQ,00020,0,pretrain,mUJdzaLDRIo,00050,3.024853853469608,7.36
train,pretrain,9o2CRjTRKIA,00014,0,trainval,Kn5JRgz3W0o,50008,-8.43050124969913,4.608
train,trainval,zbHe4RpgV80,50014,0,pretrain,OmMv9tShW8k,00001,-3.306317112624491,2.24
train,pretrain,fvoWoMIwrSg,00022,0,pretrain,BA8XOF6IpXA,00019,-5.111419773601575,7.424
train,pretrain,TcBrchkBSBE,00008,0,pretrain,ISSupr6ayqw,00015,-6.354690081064489,7.04
train,trainval,kiDfwUQySEs,50001,0,pretrain,0nI65jgHG9o,00012,2.146047177817236,3.392
train,pretrain,NgVwPj54TEo,00002,0,pretrain,8sQ2p89P0Us,00003,2.8137824907022324,9.984
train,pretrain,bmmnEJ4rtCI,00007,0,pretrain,jHLm5Lne3D0,00002,-2.4628018137598007,3.328
train,pretrain,py1RrSdVt5A,00044,0,pretrain,SgsbNR2pIts,00010,2.866627658928982,3.648
train,trainval,qFOooWq2inA,50003,0,pretrain,ZQBSh9k74aY,00009,2.441249981504459,4.416
train,pretrain,bKQA6I4BA7o,00009,0,pretrain,zSWppsceZ1c,00017,5.764594377440195,15.808
train,pretrain,4c1lqFXHvqI,00007,0,pretrain,SwT0YLKbwoU,00002,3.8949678855668957,7.296
train,pretrain,kSxhDZaLyVQ,00013,0,trainval,eqDgt12m26c,50004,-6.417035048112969,3.072
train,pretrain,aR5N2Jl8k14,00014,0,pretrain,BFygtNQSJcU,00005,6.641978284706042,11.456
train,pretrain,snHSSUcGSSE,00018,0,pretrain,DgofaSv4MA4,00001,2.9014890058240397,7.488
train,pretrain,yoAqA6vgnCQ,00001,0,pretrain,6Af6bSwyiwI,00002,-1.1769231795295667,4.608
train,pretrain,OSGHRMKrVM8,00030,0,pretrain,RlQEoJaLQRA,00020,-4.910442823736611,6.144
train,pretrain,ygmlKMQ8kc4,00001,0,pretrain,e4PTvXtz4GM,00031,4.126285564575847,2.88
train,pretrain,fSf5wNwS2c0,00015,0,pretrain,5pIGDw18mIQ,00029,-6.772671119985012,3.968
train,pretrain,gZlzCc57qX4,00026,0,trainval,CRSLBcZgS84,50003,-4.863615801796428,5.888
train,pretrain,SJWoKsfsSaA,00005,0,pretrain,gyPoqFcvt9w,00067,6.481750894301406,5.824
train,pretrain,potB0voQzNg,00021,0,pretrain,sLo97Bu8Fo0,00024,6.759358049195075,3.904
train,pretrain,yA1O5gmP4eg,00001,0,pretrain,P5Mpo4JQZhw,00019,-1.0848297233420148,5.568
train,pretrain,iISw251TIgw,00014,0,pretrain,ISSupr6ayqw,00005,4.6782233593388245,10.688
train,pretrain,akOe5SUsQ2o,00033,0,pretrain,6liIKYeUzaY,00013,-4.183558002676757,4.928
train,pretrain,jn0Ygp7pMbA,00025,0,pretrain,sEOSCziWuP8,00009,9.150008617602968,4.8
train,trainval,ng7sf2SpeFg,50013,0,pretrain,J3pGKt7fESM,00009,0.4003761469782603,4.16
train,pretrain,hBOVuIIQUFc,00004,0,trainval,wgKmdbTmbDk,50001,6.02331804664459,2.24
train,pretrain,Mlt6kaNjoeI,00013,0,pretrain,QeAGu40vZzI,00015,5.069796330128025,6.656
train,trainval,TYFH0DSjyqc,50004,0,pretrain,IfzrN2yMBaQ,00005,5.085146426560366,6.208
train,trainval,LH8MPbFoRjw,50011,0,pretrain,Sttw2PxncIE,00011,-9.963574811851487,4.928
train,pretrain,Z2Z3P8E0tos,00002,0,pretrain,8LQhhYgjlJ0,00018,5.995354091066172,18.88
train,pretrain,okQXrB7ySAw,00052,0,pretrain,MSZS1wnjfhY,00038,-3.2224622649503587,6.784
train,pretrain,NS4bBu9Jyho,00002,0,pretrain,HSDr2Jap44w,00003,0.4083693947712934,7.04
train,pretrain,yioZhHe1i5M,00017,0,pretrain,zawpbVpu5nY,00007,-7.5484335057955025,10.24
train,pretrain,b81YwSOs8RM,00011,0,pretrain,AvtStbwMQqs,00014,-2.4690113800428737,7.552
train,pretrain,ErexJkoDhGI,00013,0,pretrain,SxMWqUe8FdU,00016,7.321399685484089,3.968
train,pretrain,2W1jvTEjc1s,00001,0,pretrain,0iTehgSOZ8A,00027,-2.6981290678388437,2.816
train,pretrain,6vLrreR6YOE,00019,0,pretrain,73rUjrow5pI,00025,1.855042901900326,7.36
train,trainval,PFVP8L3SlfQ,50001,0,pretrain,jSdBXFkQ3S8,00003,9.027751417636793,2.112
train,pretrain,2TDLN61HKKc,00045,0,pretrain,yDubrSRjlCE,00060,7.844793105270231,7.616
train,pretrain,e4PTvXtz4GM,00030,0,pretrain,csnxJFQw98k,00022,-7.998364535174252,3.52
train,pretrain,N2HgOWBXyc4,00006,0,pretrain,uQGYr9bnktw,00011,2.2087780330111038,9.28
train,pretrain,tAReayFqUEY,00005,0,trainval,GigYWy2UmOY,50005,8.036222857882084,2.88
train,pretrain,drv3BP0Fdi8,00009,0,pretrain,U9cGdRNMdQQ,00009,2.819530642199016,6.976
train,pretrain,N4wFyRGilp4,00028,0,pretrain,i5p3NC9OwB0,00009,8.224498124938016,4.8
train,pretrain,yioZhHe1i5M,00007,0,pretrain,nOHbn8Q1fBM,00046,3.181198290512066,3.904
train,pretrain,Soe7yjlFEJ8,00005,0,pretrain,GOZOhpxSAFI,00020,5.984032360193066,3.968
train,pretrain,ZdDjexbxVzM,00003,0,pretrain,pcSlowAhvUk,00065,-4.312395409481919,4.544
train,pretrain,AHcTWlxWzpE,00019,0,pretrain,eJ89At9Xxws,00013,-9.903664151419289,5.44
train,trainval,8COaMKbNrX0,50003,0,pretrain,Lrdn4lazVBc,00009,-5.567426528180606,5.568
train,pretrain,1sE96vd8W40,00005,0,pretrain,SmoW9jvvMr4,00016,-1.6548060322959106,7.296
train,pretrain,XKc9MJDeqj0,00030,0,pretrain,oX1C3Jn05OE,00018,-4.047345270463472,4.608
train,pretrain,h8cF5QPPmWU,00023,0,pretrain,SryJK294Psw,00019,-0.013427937100207288,5.312
train,pretrain,xnovQVRHj5c,00030,0,pretrain,fSOupkS4VVo,00012,-2.567115903129884,19.584
train,trainval,APPbSStpGHk,50008,0,trainval,mWp4Sp8GTgI,50004,0.8719692823796876,2.688
train,pretrain,lV3trdyDdHE,00042,0,pretrain,vXTFLMmOKV4,00004,9.5192241771333,8.32
train,pretrain,YKACzIrog24,00013,0,pretrain,AzcMEwAxSP8,00005,9.70569312667467,11.584
train,pretrain,Fc1yN6uxZfQ,00005,0,pretrain,5WI6ZqCUNk0,00014,6.296913285780374,3.456
train,pretrain,OmMv9tShW8k,00022,0,pretrain,C2SVEM19NHA,00036,-8.472490337127258,4.928
train,pretrain,gObgox0tfgw,00001,0,pretrain,lnigGtrwAfs,00013,1.430798083449405,4.16
train,pretrain,QW8muMXpkRg,00010,0,trainval,Df2JBnql8lc,50011,9.400784341883373,3.456
train,pretrain,sQNtu4kpd64,00014,0,pretrain,I4fJPKSKbrA,00002,6.418782706039707,3.264
train,pretrain,exjlR7izakg,00010,0,pretrain,xTBYcSL3MrI,00011,2.279250143310998,10.688
train,pretrain,wZ2TF8SPGQ4,00017,0,pretrain,UyQIKwSPZGM,00010,-8.942686549678257,3.648
train,trainval,6MBaFL7sCb8,50044,0,trainval,HALd9FY5SVQ,50014,3.116749958679332,2.944
train,trainval,jpuDyGgIeh0,50007,0,pretrain,2zvjW9arAZ0,00058,5.344557383840563,2.368
train,pretrain,YkzwHuf6C2U,00019,0,pretrain,OKNpguWW3Sk,00001,-3.8073947403335158,25.28
train,pretrain,jdpIKXLLYYM,00009,0,trainval,KIMWfSe7ZJI,50006,7.468919137612559,4.416
train,pretrain,LZXUR4z2P9w,00009,0,pretrain,cSsxBTNF2U8,00059,7.516830386194531,3.2
train,trainval,d0yGdNEWdn0,50006,0,pretrain,FwLeiY5f7sI,00021,-7.217097409284234,6.08
train,pretrain,UWKvpFZJwcE,00029,0,pretrain,A7ktYbVwr90,00017,4.93783471333658,4.928
train,pretrain,lfBpsV1Hwqs,00021,0,trainval,V1qHNrQQHZI,50005,-5.260890149308237,5.056
train,pretrain,X55qpYxwoO4,00021,0,pretrain,vNpmq6OkSQQ,00029,1.747653186411684,7.808
train,pretrain,RmXiItk49Gw,00016,0,pretrain,tRjqFPwcJgY,00004,-1.1142760169830126,5.312
train,trainval,dooLZNsHVDY,50010,0,pretrain,3GBrJiSMFu0,00001,6.267609465654786,2.112
train,pretrain,mvC3Qafe5Ms,00004,0,pretrain,tTcl5I0Wbzk,00024,-9.658907347871153,7.36
train,pretrain,oW91ATcgXVc,00009,0,pretrain,6EghiYSs2ts,00042,-9.933045624069557,15.488
train,pretrain,F6Qo8IDsVNg,00003,0,pretrain,iONu2ndDmHM,00004,2.3166122241912053,4.608
train,pretrain,Qao76IPXWSE,00003,0,pretrain,6V6p1tgHfm0,00002,-3.6390219375746664,5.952
train,pretrain,gj3ZnKlHqxI,00019,0,pretrain,drv3BP0Fdi8,00060,9.94313598309445,3.328
train,trainval,3UaOl8SYHes,50012,0,pretrain,BXlnrFpCu0c,00004,4.928054834652011,5.76
train,pretrain,FzmXULKUNJU,00011,0,pretrain,aIcwIH1vZ9w,00014,-6.4092413139958655,8.32
train,pretrain,buHSvs7LFzw,00009,0,pretrain,u8bsCiq6hvM,00018,1.8124960994590662,9.408
train,pretrain,KIysMV9wbVY,00016,0,pretrain,KZIGekgoaz4,00044,-5.853132463408242,8.128
train,pretrain,7LPJrzZaoZg,00014,0,pretrain,WkNpElapS9s,00015,-1.194545001261929,5.44
train,pretrain,6ul2TSvUDog,00015,0,pretrain,ByuWS1bBwpc,00018,-1.9425633190011098,6.848
train,trainval,kiDfwUQySEs,50016,0,pretrain,buHSvs7LFzw,00054,1.2053640826607133,2.432
train,pretrain,syjEN3peCJw,00046,0,pretrain,3UFGqjWcVU8,00036,1.993791293754228,4.864
train,pretrain,piCQ3StcRUQ,00009,0,trainval,StqRJhHNUGA,50009,2.576981256055756,3.264
train,pretrain,E0M1beV91js,00022,0,pretrain,u9hauSrihYQ,00011,-6.9707572227346954,4.8
train,pretrain,zCvSZBy6SyU,00015,0,pretrain,pbSSrJGgVIo,00030,5.224590338340324,10.816
train,pretrain,60OVlfAUPJg,00020,0,pretrain,oD06XPtmLZY,00018,-6.055868315293306,4.224
train,pretrain,ZJPdJuhI03U,00006,0,pretrain,IGadg8xHVPI,00033,-7.937537577912317,8.64
train,pretrain,yJJtRWFLSgw,00028,0,pretrain,IwidCkCmWg4,00007,8.566843144050775,12.736
train,pretrain,8etnSTnX92g,00011,0,pretrain,xTMZJvfzxGY,00002,9.633749958449364,20.48
train,pretrain,ZChEFOGSn8Q,00004,0,pretrain,Ydj28CDrHV4,00016,5.057753612137466,9.856
train,pretrain,evfgbVjb688,00028,0,pretrain,syjEN3peCJw,00057,7.086051058686174,5.824
train,pretrain,FN0fjOsJIxk,00019,0,pretrain,NAcuH7nSdLc,00034,-9.017649596177309,4.8
train,pretrain,MoSmgcxGYYE,00013,0,pretrain,UOn3zOp8JPE,00006,6.2000879469258265,6.144
train,pretrain,y9KeyKVuLHU,00017,0,pretrain,B8Z2G7d2kzs,00009,-2.5912819359517254,5.376
train,trainval,nO69NjadSec,50007,0,pretrain,2Oe6HUgrRlQ,00018,2.203618197117862,2.688
train,pretrain,x5LshSZn5RA,00003,0,trainval,maCww8AXIvg,50002,0.35617775691865816,2.048
train,pretrain,MSZS1wnjfhY,00010,0,trainval,Mr8nvXvlSy8,50009,-7.346341370943348,3.136
train,pretrain,7s0CpRfyYp8,00001,0,pretrain,lASzdhSbQBo,00024,-7.810949963790854,4.288
train,pretrain,6qTfX4U6CS0,00013,0,pretrain,OF5VVrsnpzo,00024,-6.715451157664949,7.104
train,pretrain,b2LbuqoNGGI,00033,0,pretrain,MEDgtjpycYg,00036,0.3582700291146601,6.336
train,pretrain,VPxEde3Q1F0,00006,0,pretrain,MSE5Vryrd0I,00002,-1.1492475161438893,16.832
train,pretrain,7p4zw4SqgUw,00020,0,pretrain,eRQdAOrqvGg,00013,-2.7701024305630684,4.224
train,pretrain,Ftnb2fpJ664,00016,0,pretrain,p9UC0chfXcg,00040,-1.5441189406440863,5.376
train,pretrain,njVJz0wZUfI,00011,0,pretrain,sK4rgGgqzmY,00008,0.9161833076282626,6.08
train,pretrain,KnFZpoplGQo,00003,0,pretrain,FXYFLK0KZio,00009,1.8749888957996035,14.784
train,trainval,jSS03JfgHEA,50013,0,pretrain,7NJhq163t78,00002,8.609910843626729,6.208
train,trainval,W4I68CGUV3w,50005,0,pretrain,piCQ3StcRUQ,00003,-8.1335064449014,2.816
train,trainval,m0ZPM5I1tTg,50003,0,pretrain,1VRgmKiE0Js,00004,-4.263049000938679,2.88
train,pretrain,iq5lXSj6Prg,00004,0,pretrain,VC0taBVUF2o,00017,-7.5487514798649835,5.632
train,pretrain,fLJsdqxnZb0,00002,0,pretrain,PDefVd8DRxM,00001,-8.524966417734117,23.744
train,pretrain,cSKnaYZJg48,00001,0,pretrain,E3SSSS5SFHQ,00040,-3.1927970143039452,7.232
train,pretrain,FIrgjCNcDBI,00011,0,pretrain,bTE0MRRXNzs,00003,-1.206391552397946,5.312
train,pretrain,6xy5pWOgeBY,00006,0,pretrain,CiZMZ7d7O0k,00007,6.162366019864162,10.432
train,pretrain,QOSPNVunyFQ,00036,0,pretrain,5tUnSuoYKoE,00004,2.4625063081816645,6.976
train,pretrain,WNDWYW4yWEM,00030,0,pretrain,tBoBC3nBoFs,00016,6.221053030903818,5.952
train,trainval,5UH7uTpTa44,50004,0,pretrain,FVSc2FnPnDE,00013,1.5949279854553922,6.08
train,pretrain,C74amJRp730,00019,0,pretrain,hBtXiTumdY0,00004,-1.8427358219518517,5.312
train,pretrain,Ftow7dSpaiY,00003,0,pretrain,2AZwSkHTkCU,00011,-9.642513499199122,7.808
train,pretrain,olPn5xr0L08,00008,0,pretrain,9YGZkgkj3fM,00019,-2.084376045365895,6.272
train,pretrain,8COaMKbNrX0,00038,0,pretrain,Ssl0043HgQU,00025,-5.3776613240170885,9.152
train,pretrain,UrqRudIUPWs,00003,0,trainval,tbicAmaXYtM,50022,-6.994315177173302,3.072
train,trainval,2JSZ66uMRwc,50011,0,trainval,LPrS7Skx9Y0,50007,-8.196824726897663,2.56
train,pretrain,lV3trdyDdHE,00012,0,pretrain,lXQ4HSMp1OA,00003,3.7478302715086578,4.096
train,pretrain,erPzuw7OXsk,00003,0,pretrain,USnf5kbsMlg,00003,9.292548854408455,12.48
train,pretrain,sa0RUmGTCYY,00016,0,trainval,urOCGSMlB9g,50011,-9.405735091355673,3.776
train,pretrain,ZoDYTYSeuN8,00018,0,pretrain,59SRn1SkWAA,00027,-8.903173556120588,7.296
train,pretrain,RSl1ramE35s,00042,0,pretrain,AzcMEwAxSP8,00001,9.185530290120433,11.904
train,pretrain,gh5VhaicC6g,00020,0,pretrain,Ssl0043HgQU,00001,4.1899609712750205,14.464
train,pretrain,YO0lbdhF30g,00005,0,pretrain,OLHh9E5ilZ4,00033,-1.440489703103701,7.872
train,pretrain,yJJtRWFLSgw,00048,0,pretrain,CVaSIZVzUoc,00011,9.279106149105168,6.336
train,pretrain,iZRGUADAu2Q,00018,0,pretrain,9o5jAaZn2p0,00024,-5.282876631411457,5.568
train,pretrain,CWU13rx44j8,00026,0,pretrain,b2MSSeKey4o,00033,-3.3946535630243506,16.832
train,pretrain,qpfq3xCdAu4,00012,0,pretrain,3F2jACWwKdU,00014,-8.278626149936471,4.48
train,pretrain,no809a9j25w,00006,0,pretrain,fnS9f5x0f1Q,00007,6.275905411507139,3.456
train,pretrain,uEkgM9P2C5U,00015,0,pretrain,NRXCxJGQ4KY,00002,2.98089419979695,6.912
train,pretrain,gkKymhU7yi0,00016,0,pretrain,gto6w0a13B0,00035,3.2843187615055243,5.568
train,pretrain,fWInyaMWBY8,00016,0,pretrain,1G8dQQrlbbA,00003,6.199135407269587,10.944
train,pretrain,kTqgiF4HmgQ,00028,0,trainval,zG21nyJNBSA,50002,8.899209674735555,5.312
train,pretrain,8Ug1MnU6LKw,00014,0,pretrain,EUYLa7MAlPc,00016,-3.369255901225367,5.248
train,pretrain,gto6w0a13B0,00025,0,pretrain,lfrG2bidW5g,00002,0.29361314621914936,3.392
train,pretrain,IfG7WVSbN6Y,00012,0,trainval,KaiwGb0csas,50003,-5.775944490277778,6.016
train,pretrain,tJ54irRmdC0,00019,0,pretrain,mCZCokSu37w,00027,6.057981746410327,6.144
train,trainval,zbHe4RpgV80,50003,0,pretrain,JVwLjC5etEQ,00006,4.882514981763462,5.568
train,pretrain,0wpCZxiAQzw,00032,0,pretrain,LdjNw8SZc5U,00010,-3.727330232339945,6.4
train,pretrain,uVAaZVz9pDs,00012,0,pretrain,CBSU7vJn0us,00008,-2.6459839911146172,4.544
train,pretrain,HonUUtuCSwM,00031,0,pretrain,4AUSqB0RVNY,00013,5.1994993006155,8.256
train,trainval,zORUUqJd81M,50029,0,pretrain,esugL07XANg,00028,0.288351352828915,5.696
train,pretrain,XAcARiiK5uY,00016,0,pretrain,CiLnSGrcuEs,00017,4.631827663120529,17.152
train,pretrain,5sS3Yjh9Lw4,00029,0,pretrain,lwcvhh4pLjE,00058,-9.990768970916022,4.928
train,pretrain,rni41c9iq54,00001,0,pretrain,9P73k8m3Ytw,00004,-2.2634923509832605,3.84
train,pretrain,gqpErbFnbiY,00011,0,pretrain,vY2l2xfDBcE,00024,2.0247456432000313,4.352
train,pretrain,bXnTAnsVfN8,00018,0,trainval,wX78iKhInsc,50001,2.3350261902425746,2.24
train,pretrain,YhG1Bgbsj2w,00049,0,pretrain,Cv8ttNerBEg,00003,-4.435934944405695,3.968
train,trainval,66Smr600NjU,50001,0,pretrain,DqbM1ZrpTQg,00005,-9.856152990129956,6.144
train,pretrain,mMasmrJOmEo,00012,0,pretrain,NRcPXtqdKjE,00034,-3.2396085844071143,3.136
train,pretrain,sNbGUSI9HWw,00012,0,pretrain,W8OiVZrAj4c,00035,5.73023568741111,9.856
train,pretrain,Mo2Ai7ESNL8,00035,0,pretrain,2VLje8QRrwg,00001,-2.0737741088987915,19.328
train,pretrain,CFADnhYKDHg,00005,0,pretrain,YXSOxBfsvbk,00009,6.143918338904776,4.096
train,trainval,iSicXZ2tMRM,50004,0,pretrain,CijsvAGU6Sc,00012,-6.199708021264834,3.072
train,pretrain,pVQdpofMhwU,00006,0,pretrain,gzthxdm7XNs,00024,2.2714265145980868,7.68
train,pretrain,xMS9HlSSLSA,00024,0,pretrain,QC3EbSexmDw,00017,-6.204809339807085,4.288
train,pretrain,QUUFbS1hBtw,00041,0,pretrain,93fJ33L9OKw,00001,7.948364499419167,5.12
train,pretrain,Qd7PiXg5fKE,00005,0,trainval,SeBUcBfkVCo,50013,2.3595601164901563,4.608
train,pretrain,niASMK9RoAI,00002,0,pretrain,GSmaUPREKlU,00021,-8.435816242650315,5.248
train,pretrain,z4eSa6GXEsE,00002,0,pretrain,3XDdhbrg2kw,00024,6.351677445188823,21.888
train,pretrain,tBoBC3nBoFs,00025,0,pretrain,NFIOuy3JSIQ,00031,-7.536711273843865,7.936
train,trainval,Qt1RPkbF4o4,50018,0,pretrain,7zT7iKmfrCU,00001,-4.4189674896549285,5.44
train,pretrain,SLyoVkOl24E,00007,0,pretrain,cnxEP6bzg7o,00013,-9.688408395697357,5.248
train,trainval,Kw5vyJ30djM,50003,0,pretrain,9SGSSQssNj4,00031,-3.412224685119387,5.312
train,pretrain,kySSXxxiWHg,00009,0,trainval,VfKWd7iXMSo,50015,5.303768712719288,6.016
train,pretrain,NhYnouvrGS8,00008,0,pretrain,lACQknq4sFI,00001,9.538999528987183,5.056
train,pretrain,nLecuOcB3dA,00012,0,pretrain,n3qA8DNc2Ss,00024,9.032585466855156,4.928
train,pretrain,pcSlowAhvUk,00064,0,pretrain,NPSelwWdPa0,00041,1.1414651809035181,5.568
train,pretrain,ljqra3BcqWM,00010,0,pretrain,mmhedbY8wjU,00016,7.6968029460037,6.016
train,pretrain,qtOIh93Hvuw,00014,0,pretrain,iONu2ndDmHM,00010,0.48243047018739205,9.152
train,trainval,M3mnUMmUAHQ,50019,0,trainval,855Now8h5Rs,50026,3.1552820792098117,2.112
train,trainval,q06YIWCR2Js,50014,0,trainval,uHRG3Vr9qyI,50029,-4.489167910662619,2.048
train,pretrain,8sQ2p89P0Us,00028,0,pretrain,aQ8T4sySLxw,00001,-4.114509744533034,6.208
train,pretrain,SsnWLZvRNZc,00004,0,pretrain,TDCYJ3Sgx2w,00027,8.293235501091655,6.4
train,pretrain,iARReKKgETs,00028,0,pretrain,NdKEy6vcCMw,00020,-4.626069151193482,4.288
train,pretrain,S2OzLREwHtI,00016,0,trainval,ouXGIw7gBmk,50005,-0.0027473176513055364,2.112
train,pretrain,NXvITqGAiX8,00016,0,pretrain,cWCSzDdF74s,00042,-8.375024951988943,5.248
train,pretrain,Kn5JRgz3W0o,00006,0,pretrain,ZLS6MeYBeUs,00001,0.7799135538327633,4.096
train,pretrain,RgqtrlixYR4,00001,0,pretrain,65e2qScVSK8,00022,6.609628912749734,6.4
train,trainval,S47ZRF02Cyo,50008,0,pretrain,57FMau29OSg,00019,-8.291511842087175,4.224
train,pretrain,Ep2MAx95m20,00003,0,pretrain,Gv7Y0W0xmYQ,00014,-2.505734672539994,3.968
train,pretrain,5MgBikgcWnY,00021,0,pretrain,t1owaS144N4,00004,5.139309917900793,4.48
train,pretrain,mJxA8eIWQUc,00046,0,pretrain,mSjqjC5OcjM,00002,-1.4044299990719296,7.36
train,pretrain,Znc6TJAAXFU,00001,0,pretrain,ktOeFgmdIAo,00018,-1.763054409615732,8.896
train,pretrain,vvlozhvQPJw,00028,0,pretrain,pASKEZ1bSLg,00006,3.5755237323917015,10.368
train,pretrain,fIXnJycnkaQ,00015,0,trainval,HSpqhMO3ZSY,50001,9.29699636838464,5.824
train,pretrain,Qm172DbaSbc,00026,0,pretrain,nzj7Wg4DAbs,00035,1.5527624068042751,5.888
train,pretrain,23vKtqo2t4k,00028,0,pretrain,tsFKSfItBoE,00007,-5.377376641622165,14.272
train,pretrain,YodRXxzhb7s,00017,0,pretrain,1G8dQQrlbbA,00019,-1.236728384691947,2.816
train,pretrain,5FjuSwOaV3Y,00004,0,pretrain,ruh6rN5UrME,00011,-7.5891574364049035,13.056
train,pretrain,TBIL2sdfoVc,00026,0,pretrain,QVSqg1CRvl0,00015,5.739585052362489,6.016
train,trainval,xNiBDGBw4Zs,50001,0,pretrain,ZIVSJYazE9s,00024,6.806189374946424,3.456
train,pretrain,sY0PfSpfqCI,00020,0,pretrain,emeEpzkf044,00027,-3.145355718579901,5.504
train,pretrain,A60UTjiEp4c,00023,0,pretrain,5tUnSuoYKoE,00009,1.0943438839239317,3.904
train,pretrain,LgntY0dOfSc,00017,0,pretrain,trxGZMm4nBQ,00022,-0.1461494926669875,7.872
train,pretrain,6ORDQFh0Byw,00023,0,pretrain,U7y4GlmwPLQ,00010,5.29042804676874,6.336
train,pretrain,eOU3Tv0vN24,00012,0,pretrain,okQXrB7ySAw,00037,1.9939379808819684,10.304
train,pretrain,qywLsqI5YeY,00004,0,pretrain,hxJ8LELZCjo,00035,-3.7846248335252604,5.888
train,pretrain,OwfyH5S6bpA,00018,0,pretrain,ilMwoEdqMTs,00023,-4.883117197743935,4.8
train,pretrain,xAXUqSQc8DI,00015,0,pretrain,IwidCkCmWg4,00008,8.8105204223879,12.928
train,pretrain,DZT6YpCsapg,00053,0,trainval,Mgbf3cq7lms,50056,1.7091614843075593,3.904
train,pretrain,p9UC0chfXcg,00003,0,pretrain,UuXeY3S2emA,00002,-5.728020387393602,6.016
train,pretrain,cmlRinjYKfM,00003,0,pretrain,08ZWROqoTZo,00018,9.999068436347745,7.936
train,pretrain,y3jYVe1RGaU,00046,0,pretrain,nDIdnlJHJCQ,00013,-0.5801656619907938,4.288
train,pretrain,UVqoIgh7bcw,00011,0,pretrain,8OkzozrUEHY,00030,-7.67830477343026,5.056
train,pretrain,UQniNhS6LOY,00015,0,pretrain,CLWRclarri0,00015,-8.871145293621845,5.184
train,trainval,h0C2LPXaEW4,50011,0,pretrain,e4PTvXtz4GM,00006,5.662161000499488,4.416
train,pretrain,6XNrzmh0EVs,00025,0,trainval,8XQ1onjXJK0,50003,9.165033555489998,6.208
train,pretrain,43e6eAAeGCs,00057,0,pretrain,r55a0FapF2M,00003,-7.709015938088088,9.28
train,pretrain,7Z9xCX4ifJo,00030,0,pretrain,w32u2NwCve0,00009,-0.45855013793946675,8.448
train,pretrain,6iFCm5ZokBI,00023,0,pretrain,vwhSTukb07U,00005,-5.310666943705165,9.28
train,pretrain,Rz8m1yDE0ms,00013,0,pretrain,vGzBcBZrOSw,00012,-6.50898839369253,17.6
train,pretrain,g985z9Wq5gk,00001,0,pretrain,0FOlwct8k9M,00021,-5.087749146428607,15.552
train,trainval,pY6ulSP70HY,50021,0,pretrain,D9Ihs241zeg,00003,2.5905697181302934,2.24
train,pretrain,KaiwGb0csas,00026,0,pretrain,CPVjktgYKo4,00025,2.624885513062786,12.032
train,pretrain,iST7tCMUDXU,00007,0,pretrain,0g2WE1qXiKM,00002,-8.157407596226108,9.92
train,pretrain,tsgvhP07BC8,00034,0,pretrain,PdxPCeWw75k,00003,1.4539186912658977,7.296
train,trainval,qFza3W87eDg,50005,0,pretrain,pY6ulSP70HY,00014,4.44157567300536,2.304
train,pretrain,KCL8NjN7FMQ,00012,0,pretrain,FzAyOddR5u4,00017,6.267363164573169,4.16
train,trainval,hJnEQCMA5Sg,50001,0,pretrain,ZzugJPASNB8,00027,-7.227780019090753,6.016
train,trainval,jyYjI7zQlaA,50003,0,pretrain,OPASrQyKeLY,00008,-5.028490740778519,4.096
train,trainval,jobYTQTgeUE,50026,0,pretrain,EBebWBjpWIQ,00005,6.733238220100276,6.208
train,pretrain,GzPpH9WexDc,00008,0,pretrain,YraU52j3y8s,00072,-2.3895124365862097,3.328
train,trainval,D9S6G8J6VJg,50017,0,pretrain,3GBrJiSMFu0,00031,-3.679159930571201,4.416
train,pretrain,o4Nno6POrwE,00031,0,pretrain,w2mJMS09Qjk,00025,9.565946736776183,4.544
train,trainval,OT9poHSD2Iw,50005,0,pretrain,dcySuzHPCWM,00034,-6.928078507530322,3.52
train,pretrain,rYwTA5RA9eU,00015,0,pretrain,AHfiKav9fcQ,00022,3.1544839435704315,6.528
train,pretrain,a7B39MLVeIc,00015,0,pretrain,Ftow7dSpaiY,00026,3.874052741670738,6.528
train,pretrain,2wseM6wWd74,00008,0,pretrain,CzgS9C7gw0o,00030,-6.76019561190512,10.048
train,pretrain,Skl42b9B9yA,00006,0,pretrain,ynSrWmoq7Is,00005,8.33773279906164,5.888
train,pretrain,AOEQ9GteWbg,00038,0,trainval,Yagdvqn2YMU,50006,2.9812058676038298,4.544
train,trainval,9P73k8m3Ytw,50002,0,trainval,LM3ISST2eg8,50011,9.209204978413489,5.824
train,trainval,E27DY3AVA98,50007,0,pretrain,lQDxasFKQCA,00021,4.345844789234157,2.624
train,pretrain,fBLErez9ljw,00025,0,pretrain,HrG8UZjL5E8,00004,9.363157109697323,8.064
train,pretrain,bGBamfWasNQ,00018,0,pretrain,NAcuH7nSdLc,00010,-9.66476313177331,13.376
train,trainval,6zVS8HIPUng,50007,0,pretrain,Mu00S1dAMl4,00007,4.000566899516805,3.52
train,trainval,l5d8GW6GdR0,50018,0,pretrain,yq3TQoMjXTw,00020,-4.145825101947931,3.392
train,pretrain,zLNXIXingyU,00027,0,pretrain,uSMqkSqSgN4,00006,4.5382047888031245,9.216
train,trainval,HALd9FY5SVQ,50020,0,pretrain,3rbVQNTzCh8,00031,0.25895421223274795,3.136
train,trainval,CfqO1U6lfDs,50010,0,pretrain,EZwxKPv1CwA,00010,-3.027752565188953,3.456
train,pretrain,H50eCfpquBI,00016,0,pretrain,k3zZVQPaKKQ,00028,4.6677577700558786,3.328
train,pretrain,HSzqFSOft20,00023,0,pretrain,bjNSaXg4S6Y,00003,6.040410874681427,4.608
train,pretrain,f6CILJA110Y,00034,0,pretrain,vbHkhSfaQu8,00050,2.6486732356617537,8.704
train,pretrain,NMBNZspmn7I,00029,0,pretrain,3sWTLAS0m9U,00002,6.145482541636994,13.504
train,pretrain,C4pHPSpgwlI,00014,0,trainval,T33vGEPLSwg,50004,-6.960727093121546,4.352
train,pretrain,AAkEYcmCCCk,00011,0,pretrain,uM1Ygy0tSp0,00011,-2.051675268354476,3.968
train,pretrain,POTosC2q6Hs,00007,0,pretrain,04SEzifEsGg,00046,9.158629907643498,6.592
train,trainval,IDqMB6C1uys,50010,0,pretrain,b9jb9UjCpik,00011,9.683089088330096,6.208
train,pretrain,3qXLZYXSJSI,00005,0,pretrain,KkYuhwr3esg,00008,7.843498694641362,9.472
train,pretrain,c8WMMSPUOj0,00012,0,pretrain,2tBuvxXxlS4,00027,7.549546896898814,12.096
train,trainval,pbSSrJGgVIo,50001,0,trainval,pASKEZ1bSLg,50002,4.719135215665727,2.368
train,trainval,ZhDgwrKSBWQ,50028,0,pretrain,PiVB5niLrWg,00007,3.952804181396555,4.288
train,pretrain,SgYvy71CSSA,00006,0,pretrain,Rs5CDLgjSsI,00015,7.151017432266794,7.488
train,pretrain,bCjfy8Z7dv8,00017,0,pretrain,HgRJNsTb08Q,00018,-8.952154064047766,6.016
train,trainval,fa7SkR2fz3M,50010,0,pretrain,bCGlWQnzDVE,00008,-7.174243216503728,6.08
train,pretrain,TXaXvrd3jS4,00021,0,trainval,tV2RLLtOgL4,50008,9.070714271565787,2.432
train,pretrain,1U2qMRGihGg,00004,0,pretrain,Y4QZzZgYUKg,00014,-3.6710192635799395,9.536
train,pretrain,X98Fbe0Ccis,00016,0,pretrain,khRkIVPa1Vc,00015,1.7876016603001066,4.608
train,pretrain,NdKEy6vcCMw,00009,0,trainval,FzAyOddR5u4,50005,8.28674032501635,5.632
train,pretrain,qmnVdzzAuQk,00010,0,pretrain,QOSPNVunyFQ,00005,-3.1010571209544002,4.48
train,pretrain,weCFbknwZa8,00022,0,pretrain,XDBWEKBq0Sw,00004,6.295168763105281,3.776
train,pretrain,YsASJTeHJ6A,00014,0,trainval,nU5gOr1cSxU,50010,0.6608647217668064,4.672
train,pretrain,0K5OO2ybueM,00012,0,pretrain,wmE8dQcZgB4,00038,-7.723971976025168,5.824
train,pretrain,twG4mr6Jov0,00021,0,pretrain,hiM48jSNZOU,00028,3.386563439753143,12.48
train,pretrain,DGvPfD1Dd1U,00021,0,trainval,Uq1idqpX9SA,50005,-2.173048106190702,2.304
train,pretrain,KQEWc3LVfyc,00100,0,pretrain,t1owaS144N4,00001,9.4332936006783,3.776
train,pretrain,4YooZCkyUsY,00003,0,pretrain,kOPMqiKhoSc,00030,-4.945617555736071,8.128
train,pretrain,SYpHNImNsx8,00014,0,pretrain,QnJIjEAE41w,00007,8.405033505931165,7.616
train,pretrain,ErexJkoDhGI,00056,0,pretrain,iWHq2mSHwhw,00005,-0.7988373177604622,10.112
train,pretrain,T9vLHFza8Uc,00028,0,pretrain,qxDMaS1w8rQ,00002,7.566737431011621,4.096
train,pretrain,vbHkhSfaQu8,00025,0,pretrain,8COaMKbNrX0,00009,-0.36469484888014847,6.848
train,trainval,u1SdYypojbE,50006,0,pretrain,0snNB1yS3IE,00042,-6.919792231542019,3.008
train,trainval,d6wGSsAdP0U,50004,0,pretrain,aR6jLD1USW0,00031,-9.910386221972608,4.288
train,pretrain,Qzmt2wQMhYo,00010,0,trainval,9o2CRjTRKIA,50004,2.0886386129648287,5.824
train,pretrain,1O2l1dcSohA,00023,0,pretrain,6AvXhgXlGpE,00037,2.563743533974055,7.616
train,pretrain,j3YjeARuilI,00015,0,pretrain,Qzmt2wQMhYo,00005,6.698586266884501,9.408
train,pretrain,AS3Pyc4Qr2Q,00031,0,trainval,GS1xL1qcBa4,50001,-8.539255805721613,4.16
train,trainval,SltDJynTduY,50007,0,pretrain,XgRlrBlS7Yg,00012,-3.491700787579452,6.208
train,pretrain,WjBwhwe5Scc,00007,0,pretrain,vYV4tAq3wVg,00037,-0.5853540511057318,5.184
train,pretrain,NgbqXsA62Qs,00009,0,pretrain,IW8mHxAkOtA,00015,4.066534582890412,8.96
train,pretrain,8Ug1MnU6LKw,00002,0,pretrain,kmNxhFFZWpM,00020,9.616062295974874,14.976
train,pretrain,STsOdmkH5fI,00001,0,pretrain,xRdZXhyrO6c,00005,9.285030614857309,19.776
train,pretrain,tTcl5I0Wbzk,00020,0,pretrain,jMBdQW2LLxw,00012,8.731123436015636,3.456
train,trainval,p0aTfcXpOEs,50002,0,pretrain,wCf62ksaplI,00011,-8.31851079453825,4.544
train,pretrain,CiJ6ybBSm10,00021,0,pretrain,KxDwieKpawg,00031,-7.388695113067724,12.16
train,trainval,NZspSEdO2Xk,50011,0,pretrain,EYgoqiX15Rw,00003,-8.197569289486719,6.016
train,trainval,jSOPQgPIdKg,50023,0,pretrain,63XsokRPVSY,00010,-2.5867751161108714,6.208
train,pretrain,vYV4tAq3wVg,00032,0,pretrain,D9Ihs241zeg,00018,6.641727469778562,12.864
train,pretrain,bCjfy8Z7dv8,00009,0,pretrain,4RSgUhgg70Q,00002,2.0100323569843717,4.928
train,pretrain,jJXMvOqS5bM,00023,0,pretrain,zESeeaFDVSw,00022,-1.0407460668090245,6.976
train,trainval,CXSKrxq5eUI,50005,0,trainval,rYwTA5RA9eU,50018,-4.786921814570624,2.816
train,trainval,415VX3QX4cU,50005,0,pretrain,HS8y0WLm78U,00008,1.971717247883781,5.312
train,pretrain,UbVZ7rmDYrc,00017,0,pretrain,VUT6GQveD0E,00007,-8.466772749355549,5.12
train,pretrain,mY2LIQbiGbo,00037,0,pretrain,wz0mlDELSo0,00005,8.380020474219535,9.216
train,pretrain,WSSaFAZS0Dw,00014,0,pretrain,yBdyFKqwKy0,00007,8.50232615433739,6.208
train,pretrain,SpSGKCr8rq8,00009,0,pretrain,VHECIP6Tz0M,00002,8.305445204575697,9.152
train,pretrain,HFFBkbsSFY0,00003,0,pretrain,MF2Q6CcGN7E,00010,8.056443619836276,4.544
train,pretrain,WtLMST8TyeY,00028,0,pretrain,2ZviHInGBJQ,00005,1.6351097910523507,5.312
train,trainval,bvAEJ8G9l9U,50004,0,pretrain,iNOE0dZpHcY,00026,-9.209421091124474,3.968
train,pretrain,WXOd4qh3JKk,00004,0,pretrain,LoXAAEy6YQU,00043,-3.2898833487102808,5.184
train,pretrain,XPa1RE59wpg,00001,0,pretrain,mzy84VbSGxk,00019,4.4130725035403735,5.76
train,pretrain,DGvPfD1Dd1U,00026,0,pretrain,V84bSWIlNA0,00012,5.230959418897383,12.352
train,pretrain,o1abyP4zfGg,00022,0,pretrain,zBSaSy6aKTY,00008,3.5598701595614646,12.864
train,pretrain,6Eu964BbJO4,00036,0,trainval,CWU13rx44j8,50014,-5.6444699467943105,3.136
train,pretrain,hTAXEq6zLo8,00006,0,pretrain,1COwySxiwSg,00013,-2.2859666324084538,9.792
train,pretrain,FXYFLK0KZio,00002,0,pretrain,c2tDEZjPJYY,00004,-7.612044785025855,12.352
train,pretrain,QoRZNSVpt3Q,00008,0,pretrain,5EORxJsoUJQ,00008,9.082264584686392,12.096
train,pretrain,pWrgvI4nyyg,00008,0,pretrain,MoSmgcxGYYE,00064,-8.032322924223372,3.904
train,trainval,da1vvigy5tQ,50017,0,pretrain,KPzccnstSXg,00018,7.30116813465521,3.328
train,pretrain,SjsGSNgmleA,00015,0,pretrain,T7ibjISKSdY,00002,-2.7904160351204315,12.672
train,pretrain,R21MsHQA8vM,00015,0,pretrain,UROCz70tlMY,00027,2.1663906547638483,8.448
train,pretrain,oTHSfmQo3Ok,00010,0,pretrain,cWCSzDdF74s,00040,2.3492565981857787,5.056
train,trainval,5nrn5fC001Q,50007,0,trainval,X98Fbe0Ccis,50004,-5.756277506074781,6.08
train,pretrain,Zq7QPnqLoUk,00043,0,trainval,fnS9f5x0f1Q,50003,-3.909533399750151,2.432
train,pretrain,GIt6Z0k3PQo,00010,0,trainval,t0pwKzTRG5E,50006,-6.7025294344875235,5.824
train,pretrain,50m48lpi4AU,00011,0,pretrain,oDdcx5luv5s,00002,-0.552764340667558,6.4
train,pretrain,USkXuQHZmWs,00006,0,trainval,501FEzbB1JI,50012,5.921481299789894,6.208
train,pretrain,PnMsSqLwaes,00001,0,pretrain,3VwxWDVKs8k,00010,-4.445167472932221,4.736
train,pretrain,UqyOedEHIrw,00011,0,pretrain,rGgoCm1hofM,00019,8.99224602909306,7.04
train,trainval,RmXiItk49Gw,50024,0,pretrain,vZWokpaQ3NE,00018,-1.0535501962775395,3.392
train,pretrain,zpT5kBrZFVw,00017,0,pretrain,sNbGUSI9HWw,00039,1.3354413934293348,4.48
train,pretrain,CdxVbUjaSpY,00015,0,pretrain,ye8sVvVJdg4,00003,-8.31553486174718,8.576
train,pretrain,KIMWfSe7ZJI,00003,0,pretrain,GB4s5b9NL3I,00008,1.281654831344273,9.856
train,trainval,vg8WAv0YT9c,50026,0,trainval,8SAWKDRHZuw,50006,-4.328688530275137,2.496
train,pretrain,4KhnSz9FPmU,00013,0,pretrain,78nsxRxbf4w,00008,0.8415111251667788,32.128
train,pretrain,7Mqse6SLOds,00005,0,pretrain,KQEWc3LVfyc,00036,-9.666673181840096,4.16
train,pretrain,aUYSDEYdmzw,00028,0,pretrain,QAnNM3WJCYA,00020,3.330552150292922,3.776
train,pretrain,HyZV8Ql1PI0,00013,0,trainval,yr6khSQOk0s,50002,6.122763221187487,5.952
train,trainval,fIXnJycnkaQ,50001,0,pretrain,I9tB6Q5bmcQ,00015,8.458664515774935,5.824
train,pretrain,63tVsJI31Tk,00006,0,pretrain,4Rtfi4MSafA,00006,-4.207722392610249,3.648
train,trainval,9EglK8Mk18o,50024,0,pretrain,lPtPG2lAmm4,00017,2.087759173799542,3.456
train,pretrain,RKK7wGAYP6k,00005,0,pretrain,YlmZkY1uqXM,00022,-7.6332775980231915,11.52
train,pretrain,7wJTgUCxnKA,00007,0,pretrain,tH5iEf9oxaI,00004,6.733975759920618,5.44
train,pretrain,BcTOSxcv2So,00004,0,pretrain,OAK1UIbSFio,00081,-1.9208774206475638,13.248
train,pretrain,druJDI6hiiY,00004,0,pretrain,fmS0sTNcDIo,00014,-7.7891160319094155,5.696
train,pretrain,iEySxTbcr2A,00012,0,pretrain,SdBPkbi4SR8,00010,-6.785116470621297,11.328
train,pretrain,MqnbE5WRPEU,00010,0,pretrain,C8QCStOtqus,00028,7.987082745818608,6.528
train,pretrain,ZWfCi9WxK1E,00016,0,pretrain,nFQU5a5SByg,00031,5.9595377564284195,21.76
train,pretrain,N2HgOWBXyc4,00004,0,pretrain,eUznJ3LtvGc,00042,3.96081268707694,3.84
train,pretrain,odyakQwtWwo,00010,0,pretrain,uaB6Bdgp3WU,00007,-7.033949538770843,5.12
train,pretrain,z4vmzTZ7qLA,00007,0,trainval,bzj1BTdfoeI,50002,-1.7376817650381522,3.712
train,trainval,9KaMufF0rAY,50017,0,pretrain,bDbN8R6Gb6Q,00013,-5.460909572968788,6.144
train,pretrain,56WGgJNBRxQ,00012,0,pretrain,Syi9bqfFIdY,00039,-7.778859697370195,7.488
train,pretrain,1BXYSGepx7Q,00030,0,pretrain,pn8p3rOaA5I,00039,-4.8204584077030255,7.552
train,pretrain,21jSOCNLuYg,00011,0,pretrain,0iTehgSOZ8A,00009,-9.579382678005654,6.4
train,trainval,m0ZPM5I1tTg,50008,0,pretrain,t9c7aheZxls,00011,-6.396765387601986,4.096
train,pretrain,kWnsmzSSgdI,00004,0,pretrain,uS3UYncNwz4,00013,-4.186116795943333,5.376
train,pretrain,sAMahX5hIgU,00025,0,pretrain,nU5gOr1cSxU,00014,2.9767123053405147,9.92
train,pretrain,q06YIWCR2Js,00016,0,trainval,v3SZTqj2Skw,50023,7.890446696775747,6.208
train,pretrain,4BwSMSCFdu0,00016,0,pretrain,wDkH7Qpu6V4,00010,6.691132674454504,4.608
train,pretrain,E27DY3AVA98,00017,0,pretrain,EUYLa7MAlPc,00019,6.538419245674977,7.936
train,pretrain,xyIQFI865Sw,00001,0,pretrain,dE1DuBesGYM,00047,5.823064194541965,3.2
train,pretrain,IMTcuU0KLSw,00010,0,pretrain,jSGzkjHtFiA,00017,-0.6770890686492237,14.4
train,pretrain,2BOTS9GAjc4,00037,0,pretrain,5ODzO7LzSpw,00010,6.543214546755838,9.664
train,pretrain,SjsGSNgmleA,00018,0,pretrain,ORBf73HiJns,00021,-1.287267867854693,2.176
train,pretrain,kYZqyjzuaOw,00006,0,pretrain,JbuSeMcEF3s,00017,-8.22797868234275,16.96
train,pretrain,ZBDablzQ9ts,00022,0,pretrain,3WMuzhQXJoY,00001,-8.423210347419426,5.76
train,pretrain,MBZyRlxVdSE,00030,0,pretrain,gYKyaDOyUO4,00011,-0.20597361740524534,3.584
train,pretrain,qgv8VoyJ3wA,00016,0,pretrain,2YPHJdq5QWM,00002,9.755205815043336,4.032
train,pretrain,v3SZTqj2Skw,00001,0,trainval,p49rv25dx0g,50012,2.2334411650358774,4.224
train,pretrain,tS2aISc3Q8A,00009,0,pretrain,hVsnkRoYfX0,00008,-6.69278826306461,18.496
train,pretrain,MlLWTeApqIM,00003,0,pretrain,uSUOduS5MPc,00003,2.9494773335005338,8.64
train,pretrain,S6cX2p5cBVg,00004,0,trainval,rcdwNSDSTl4,50001,9.629758088188332,6.208
train,pretrain,pPgd7Hj3ABQ,00032,0,trainval,NtOoDN0ojxo,50009,-4.454696708401881,6.08
train,pretrain,0ygtX2nyexo,00011,0,trainval,yDubrSRjlCE,50005,4.9544526339362545,6.016
train,pretrain,f6CILJA110Y,00027,0,trainval,byHcqsGvcj8,50001,3.26087165601062,5.952
train,pretrain,xnovQVRHj5c,00035,0,pretrain,Bqx8abrSIYo,00009,0.8469972339096863,4.416
train,pretrain,1CN7PF10RKo,00024,0,pretrain,dskNubEgzCk,00029,-4.603512697483357,4.224
train,pretrain,VS5CCbyap5Q,00017,0,trainval,LgBjU8ovWh0,50002,-2.010149484820703,4.928
train,trainval,CLSSiaFuLo4,50011,0,pretrain,mCZCokSu37w,00028,4.763208562825547,2.432
train,pretrain,y1GqNN2Xe7g,00012,0,pretrain,5ErKrSyUpEo,00008,-9.935133579130934,5.376
train,pretrain,esugL07XANg,00035,0,trainval,3f6xCzKx9CA,50007,-7.075353417477928,6.016
train,pretrain,CfqO1U6lfDs,00048,0,pretrain,jnS66SszwEs,00022,-6.119450348999673,5.696
train,pretrain,DSPWxjBgvF4,00012,0,pretrain,apbSsILLh28,00076,-9.826006304204197,15.296
train,pretrain,VUT6GQveD0E,00024,0,pretrain,dsT5eVSm7BA,00010,-3.757954869265319,4.736
train,pretrain,tV2RLLtOgL4,00013,0,pretrain,fLJsdqxnZb0,00013,-2.042158368570764,7.04
train,pretrain,bVV2Zk88beY,00008,0,pretrain,5w5BhwLzoqg,00028,6.829235648271496,5.248
train,trainval,jZxLsDkvkVQ,50001,0,pretrain,hxJ8LELZCjo,00014,-0.9032445244431919,2.432
train,pretrain,YraU52j3y8s,00030,0,pretrain,cRrgDS4SD8s,00018,-2.3432196479615435,3.776
train,trainval,GDnYDLERnRE,50054,0,pretrain,aiDSQyFdd68,00012,8.41095812026525,4.544
train,pretrain,Qd5rAVHT6Vw,00018,0,pretrain,FETryXMpDl8,00039,-5.069878684582328,7.488
train,pretrain,7H0USvVSfhU,00026,0,pretrain,xAXUqSQc8DI,00013,1.6625180281745795,10.624
train,pretrain,p0p45l9NMto,00010,0,pretrain,iZRGUADAu2Q,00019,9.943301286799631,7.872
train,pretrain,8oHvknJfklE,00006,0,pretrain,dnMeyvtJpsk,00005,4.6679319283422505,10.368
train,pretrain,NtOoDN0ojxo,00001,0,pretrain,a17Z5Sk2XJY,00039,0.5692988923666125,12.736
train,pretrain,J9SXc9wxByM,00032,0,pretrain,Possj5cXEnM,00017,-7.707330674249713,17.92
train,trainval,YL1XwfyaS00,50004,0,pretrain,vNpmq6OkSQQ,00006,-9.803018955645605,4.224
train,pretrain,5tal0NkWW1E,00013,0,pretrain,o8NPllzkFhE,00016,-1.0547375114382884,7.488
train,pretrain,UWKvpFZJwcE,00006,0,pretrain,avuhY7D71sQ,00022,1.994588448039183,6.4
train,trainval,2K6P014XXmQ,50010,0,trainval,Kw5vyJ30djM,50003,-6.043965399130307,3.84
train,pretrain,l2S0V1DeDa4,00002,0,pretrain,PS6vDLq64gE,00021,5.991423394518929,6.528
train,trainval,70VZ1SOzSnc,50009,0,pretrain,LgntY0dOfSc,00007,-2.5076647506694005,4.224
train,pretrain,ww4kNxYE0c4,00021,0,pretrain,NgVwPj54TEo,00014,6.492100111809979,8.96
train,pretrain,488ZBeaGo6s,00037,0,pretrain,Ogce5D2XMZ0,00011,-1.466845406503733,7.36
train,pretrain,seARHjX8Ssg,00023,0,pretrain,Wm0GKnd3JvA,00006,3.9725711943368616,5.76
train,trainval,iEySxTbcr2A,50018,0,pretrain,uPZw3ebk8oI,00015,-4.079149318388122,2.048
train,pretrain,7Xnty9zSCrA,00005,0,trainval,6k8YBJ5sgko,50004,8.297607396599815,5.696
train,pretrain,rFAdlU2ETjU,00016,0,pretrain,6EghiYSs2ts,00054,-9.47460893283842,3.648
train,pretrain,unSnvLgyf3o,00012,0,pretrain,Sf8j5LFv3nI,00008,2.2643133965136713,4.352
train,trainval,59SRn1SkWAA,50002,0,pretrain,TWPahtyJDsI,00049,-0.16249589325800784,3.008
train,trainval,36m1oStM05g,50002,0,pretrain,ruh6rN5UrME,00011,9.061824166543246,6.08
train,pretrain,bRuU02haIK8,00003,0,pretrain,eIho2S0ZahI,00019,-3.903554826274074,3.904
train,pretrain,Uq1idqpX9SA,00038,0,pretrain,nFEgRt2EH1g,00018,8.088418808023924,3.84
train,pretrain,N0vRIqeoefs,00050,0,pretrain,2G8C36aKnpU,00014,1.1803057466213716,3.84
train,pretrain,8m5Ebx6nuGE,00040,0,pretrain,4sg9TlsMRVA,00009,1.7779794825134445,3.84
train,pretrain,vrU6YJle6Q4,00038,0,pretrain,Sf8j5LFv3nI,00002,-1.0442167850321145,7.36
train,pretrain,5aLiFw8CSEA,00028,0,pretrain,vR8msiSohZM,00001,-3.1452893637814654,3.776
train,pretrain,ATISgVUKetI,00012,0,pretrain,pF72px2R3Hg,00038,-2.3092846703616976,4.608
train,pretrain,pPgd7Hj3ABQ,00011,0,pretrain,3bFabjnryE0,00018,-8.565476733273641,12.544
train,pretrain,SpSGKCr8rq8,00016,0,pretrain,FDhlOovaGrI,00024,9.83738472407763,11.008
train,pretrain,X0VDy8s8FN4,00001,0,pretrain,lcZyzcTS5GU,00004,-6.772541922885241,6.656
train,pretrain,tlB1pFwGhA4,00019,0,pretrain,4RSgUhgg70Q,00006,8.479313548920974,20.032
train,pretrain,0ygtX2nyexo,00030,0,pretrain,FqSVvAxDBRY,00010,-5.074653122284829,23.808
train,pretrain,Svo01ldlTQc,00027,0,pretrain,ZCS0MZuVBwE,00026,1.6303947919782154,5.248
train,pretrain,c8WMMSPUOj0,00011,0,pretrain,HQNfpElOiZY,00010,8.619117108631656,6.912
train,pretrain,3GFG6Cvy9HQ,00005,0,trainval,VN357QrUdEc,50012,-5.975867643221244,6.016
train,pretrain,B5MkpzMAOZM,00051,0,pretrain,QpmsftF2We4,00025,5.981259491304755,26.112
train,pretrain,vEli4dfAXrM,00022,0,pretrain,btF6nKHo2i0,00001,-2.2953408811917875,14.848
train,pretrain,LWULB9Aoopc,00017,0,pretrain,cplaWsiu7Yg,00047,-7.720667203993696,3.84
train,pretrain,MBZyRlxVdSE,00004,0,pretrain,sLiM2SizFl4,00033,7.738122686615558,11.52
train,pretrain,SSZG5aPkZyM,00001,0,pretrain,KZIGekgoaz4,00033,-3.2368178847503914,2.24
train,trainval,WKlIytaSlu4,50004,0,pretrain,AJYRJ92g4GI,00010,4.802813148618995,6.016
train,pretrain,lQflBowgVB4,00020,0,pretrain,4u636RVZTIY,00007,9.157530036772641,3.968
train,pretrain,sLFqwXqe4Yk,00026,0,pretrain,YodRXxzhb7s,00023,-4.888868501946487,4.48
train,trainval,mw2z9lV3W1g,50004,0,pretrain,3nsoNSLS8RQ,00017,-0.3298652816366605,2.368
train,pretrain,DZfOvYiQtow,00030,0,pretrain,34a7UEzZdsA,00040,-4.471917770815459,9.088
train,trainval,DSPWxjBgvF4,50019,0,trainval,LgntY0dOfSc,50004,-9.950320331023917,4.928
train,pretrain,QcnuWDZuYy0,00012,0,trainval,URSuWwvpn5c,50002,-5.188477266219376,2.176
train,pretrain,9YR8jNtV4BE,00059,0,pretrain,b2qM1ISJCEQ,00051,5.839296539433743,14.4
train,pretrain,y66YKWzSsf0,00010,0,trainval,o9DNWK6WfQw,50002,-4.133495219114536,2.496
train,pretrain,jEHZSIAuYUY,00007,0,pretrain,DwQMDyyS42Q,00009,0.3202230198535112,7.04
train,pretrain,pNttjJUtkA4,00030,0,pretrain,QijH4UAqGD8,00027,-1.841661456540475,2.688
train,pretrain,Sf994ANuGIY,00021,0,pretrain,TdBAHexVYzc,00035,7.267172139209347,5.568
train,pretrain,zZo3S5j1Pf8,00011,0,pretrain,BwOd20Mv0hM,00002,5.667318819220206,8.448
train,pretrain,W4zepOS7dgk,00004,0,pretrain,SrqmuYvk3iQ,00036,-8.474378582453568,8.512
train,pretrain,lkVYV2P8dQE,00027,0,pretrain,NtOoDN0ojxo,00005,8.234585004729048,5.696
train,pretrain,1mUDw0sRZV0,00002,0,pretrain,8iQnrM3DkVI,00010,2.4998803795161635,7.616
train,pretrain,D9xJl4S6NsM,00008,0,pretrain,c2tOp7OxyQ8,00061,3.3356914706977108,5.056
train,trainval,MLKj1puoWCg,50005,0,pretrain,qp0HIF3SfI4,00029,6.045978176736529,2.88
train,pretrain,mGbMwP8MDjg,00031,0,pretrain,B9DdIivSGts,00061,-5.605805459199404,5.76
train,pretrain,a2MR5XbJtXU,00004,0,pretrain,6oLsJUH1cfU,00009,-3.260661150282438,11.648
train,pretrain,28sa2zGgmwE,00008,0,pretrain,kvpUiBqHoVM,00002,3.262395067774893,16.32
train,trainval,lcZyzcTS5GU,50003,0,pretrain,7ZoOyNTyjQE,00006,3.682824563545781,5.952
train,pretrain,lVQ3KUTHDe0,00023,0,pretrain,g2J6YOiLNr4,00030,-3.8923061807558295,9.856
train,pretrain,8rZzHkpyPkc,00011,0,pretrain,gJv1WdMUz0w,00017,2.5865862913737168,7.168
train,pretrain,btF6nKHo2i0,00040,0,pretrain,iRSjlgWE9GQ,00031,-0.7519715331709254,4.736
train,pretrain,SgsbNR2pIts,00004,0,pretrain,wfNX1cHkSfE,00014,3.8064302489225135,18.432
train,pretrain,cn9Q4c3dXGU,00009,0,pretrain,RS5O4n0TqlU,00013,9.054919976880097,5.504
train,pretrain,ux1GxExRUUY,00016,0,pretrain,W3SRjJtd6Eo,00026,-1.63325755304977,15.04
train,pretrain,DGIuSNks3DA,00003,0,pretrain,7n9IOH0NvyY,00051,9.1705917425918,4.48
train,trainval,VNGFep6rncY,50002,0,pretrain,kDXJhxLzmBQ,00027,-8.461421860883496,5.888
train,pretrain,iFTWM7HV2UI,00041,0,pretrain,cAGFKYNrQgY,00002,7.197205943294595,16.256
train,pretrain,fmxNuVDJZEY,00013,0,trainval,T4SvurUIYI8,50015,-8.613920349773972,6.016
train,pretrain,b2LbuqoNGGI,00002,0,pretrain,AkUcaludrcI,00001,-3.4901955808062457,5.44
train,trainval,SwiaaqKdtjw,50008,0,trainval,0P0mBj09vwk,50003,1.6670246779190467,2.88
train,trainval,tlB1pFwGhA4,50011,0,pretrain,57FMau29OSg,00016,-5.4974230256175405,6.208
train,pretrain,GCOc31fQi7A,00002,0,pretrain,YodRXxzhb7s,00004,2.876653244058696,4.992
train,pretrain,p8KSCPXuYwI,00012,0,pretrain,kjmsb9pDrF0,00023,6.772163768454494,4.16
train,trainval,qQIwTWJSd2I,50012,0,pretrain,OXQwtTOnLvg,00003,7.799236218618244,6.208
train,pretrain,zbHe4RpgV80,00009,0,pretrain,3vJ4SUH38dQ,00006,-3.6529719007928314,3.712
train,trainval,AwS1mOwx5gM,50001,0,pretrain,DZT6YpCsapg,00011,-5.781188489300919,5.568
train,pretrain,vcfrsYWFR78,00023,0,pretrain,pbotabqHUys,00009,7.0952057498261105,3.136
train,trainval,VLe84OkwKOA,50009,0,pretrain,WfjzkO6SDEI,00030,-7.0423168537292895,5.184
train,trainval,aqhzFd4NUPI,50065,0,pretrain,XSHE4HfaSOY,00002,-8.027057739606851,4.352
train,pretrain,PgCmT0qkfQM,00035,0,pretrain,2j00U6lUCSc,00045,-4.716118213400824,6.4
train,pretrain,UN8S8qSKmdE,00014,0,pretrain,Rf8qS8gbfrw,00013,-7.163445412395493,18.56
train,pretrain,3ELnyoso6vI,00029,0,pretrain,LiyaSr5aeho,00024,-5.844059005059947,3.968
train,pretrain,gyPoqFcvt9w,00068,0,pretrain,2OlhCITl1J4,00006,-4.343632937310911,6.4
train,pretrain,6XS8TA4RBog,00042,0,pretrain,eG2X0WRrb88,00003,-0.9163927821767963,7.168
train,pretrain,FEeTLopLkEo,00003,0,pretrain,vcxwcWuq7KQ,00008,2.0311827394991475,6.976
train,trainval,tsgvhP07BC8,50010,0,trainval,O6jrLgvCUNs,50019,-3.5755262514328816,3.968
train,pretrain,59SRn1SkWAA,00028,0,pretrain,ZBDablzQ9ts,00012,2.6189373982263007,5.952
train,pretrain,CFADnhYKDHg,00034,0,pretrain,yjtCDgjxRAw,00010,-1.4477976750616879,4.224
train,pretrain,48NRknBcz6k,00008,0,pretrain,VUT6GQveD0E,00008,4.106326931624331,5.952
train,pretrain,N7wF2AdVy2Q,00045,0,pretrain,lDq9SQxvsNU,00002,7.539570660479868,7.68
train,pretrain,VOXikTyZxPA,00014,0,trainval,0snNB1yS3IE,50023,7.25977082917737,3.776
train,trainval,YO0lbdhF30g,50013,0,pretrain,l1fodZNF1GI,00020,-9.16989831254602,5.056
train,pretrain,NAcuH7nSdLc,00001,0,pretrain,2g9GedPylM8,00015,-4.241764584989875,3.456
train,trainval,Mlt6kaNjoeI,50004,0,pretrain,HNOnvp5t7Do,00010,-5.063670934657605,3.968
train,pretrain,xYemnKEKx0c,00001,0,pretrain,UVDgemuZdho,00023,-9.849622035557687,4.8
train,pretrain,ezVk1ahRF78,00005,0,pretrain,7KtAbgvGEvY,00012,-0.3362181046795243,4.8
train,pretrain,sbbzZYJSoJ4,00003,0,pretrain,12OAr0lt4bk,00045,-1.0800230909514497,9.664
train,pretrain,q16f8km11Ms,00002,0,pretrain,GhpFTQfiqCs,00007,6.985025077059305,13.056
train,pretrain,MO0LSLY2hRA,00001,0,trainval,W4I68CGUV3w,50012,-3.960857357175991,2.432
train,pretrain,aiIxdFBA0Sw,00013,0,pretrain,R2kOgSVF2Uk,00002,6.208652349242826,5.44
train,pretrain,150cqgYh8sQ,00004,0,pretrain,UQniNhS6LOY,00038,4.374722592750601,5.888
train,pretrain,bcSXtB5bQgs,00005,0,pretrain,SmqSHqRnngc,00008,0.08151460037555402,8.064
train,pretrain,5ldhLuX4vSM,00035,0,pretrain,1COwySxiwSg,00012,5.5486348901836315,5.824
train,trainval,BwC4WRKi5QY,50002,0,pretrain,nFQU5a5SByg,00029,-9.737024692293598,6.08
train,pretrain,8jkri0AeZWQ,00004,0,pretrain,EXo3qA9V3eI,00020,-5.931021214813576,2.56
train,trainval,Q80MfH7xPPE,50008,0,pretrain,8oeiOeDqSNc,00003,5.515420940722661,5.888
train,pretrain,cSiNSQubRs0,00037,0,pretrain,kpyc84kamhw,00043,-4.910003803222123,4.352
train,pretrain,1TYPldG99dk,00031,0,pretrain,vGzBcBZrOSw,00001,1.3155300075615184,4.352
train,pretrain,pSZaIvgWUlk,00004,0,pretrain,5sg4zxZMDN4,00006,0.3077918239974142,4.416
train,pretrain,5aLiFw8CSEA,00011,0,pretrain,S7SXH1CBzGw,00004,-1.7973695213306922,11.776
train,pretrain,TPA0qoemShQ,00003,0,pretrain,Sj2XrT0QN5A,00006,7.977707048430343,4.416
train,pretrain,DUd8XAS5HEk,00002,0,pretrain,MSE5Vryrd0I,00009,2.635147275862808,3.84
train,pretrain,NIjjaFCADSE,00030,0,pretrain,UDXtFbSmBAg,00018,4.241911997901674,9.408
train,pretrain,CGksAjzI0go,00025,0,pretrain,PY9DcIMGxMs,00007,-4.788563677274431,5.824
train,pretrain,TdBAHexVYzc,00014,0,pretrain,rRxdxIbSQbY,00009,-3.618056413028919,4.672
train,pretrain,aiIxdFBA0Sw,00031,0,pretrain,16p9YRF0lSg,00008,-5.9349288076540745,5.888
train,trainval,XPAG3I8P34k,50020,0,pretrain,risdUQ3dvrk,00004,-8.901137319754165,5.376
train,trainval,8Ug1MnU6LKw,50013,0,trainval,mkdSXHXhCcw,50019,-9.138895197286017,4.032
train,pretrain,jKM0jlPW8x0,00006,0,pretrain,C74amJRp730,00049,0.11482237845406829,5.504
train,pretrain,SC3DVeWT09w,00004,0,trainval,8GOFoquSdkI,50003,6.6966303004393914,6.08
train,pretrain,V1ItvwxBENg,00015,0,pretrain,6yR5OUVb2gY,00011,0.12290876802207507,5.824
train,pretrain,Z2hFbbG7t70,00013,0,trainval,4ZgwzSm7sRs,50043,-5.7309714266359,5.312
train,pretrain,9KaMufF0rAY,00006,0,pretrain,vSjlCJaEwZE,00015,7.559512045007409,7.744
train,trainval,aI8KiPiVLyY,50005,0,pretrain,deT1mILtFEY,00029,6.514084604558963,2.112
train,pretrain,dTwXeZ4GkzI,00011,0,pretrain,eyBEIx7fCfY,00019,-0.24018792533023792,9.28
train,pretrain,U7y4GlmwPLQ,00031,0,pretrain,pcSlowAhvUk,00039,8.312907869915744,3.84
train,pretrain,iRSjlgWE9GQ,00008,0,pretrain,wvCMZBA7RiA,00015,1.8673376357116496,10.88
train,pretrain,2W1jvTEjc1s,00031,0,pretrain,V2PP3p4S4R8,00006,7.846325304626163,6.656
train,pretrain,tbRM4Q6OI8A,00004,0,pretrain,OyahH2o9AAk,00001,0.8725588877152823,4.544
train,pretrain,0ueGFLVFi80,00022,0,pretrain,MtSE4rglxbY,00030,-9.932174567362935,8.832
train,pretrain,yq3TQoMjXTw,00005,0,pretrain,haTsrKptgIU,00019,-0.8664167065777573,8.128
train,trainval,k7CX2JYxfE8,50003,0,pretrain,SjaWs87t5UM,00006,-5.446713442501531,2.88
train,pretrain,Fb3yp4uJhq0,00004,0,trainval,s2F41IQSPGE,50041,-3.31687064109905,5.824
train,trainval,YwSGTipx3As,50002,0,pretrain,jpeSLKnS4gM,00057,5.804127460714405,3.584
train,pretrain,eJnlgDUcxOQ,00024,0,pretrain,uCC3dS7FrkQ,00001,6.941822934092649,15.68
train,pretrain,uM1Ygy0tSp0,00008,0,pretrain,SSy6CJLMuiw,00010,-9.055712422896399,13.056
train,pretrain,KsSSMh1QhMc,00003,0,pretrain,7s0CpRfyYp8,00017,3.78408247248913,5.056
train,pretrain,nC06omDS0kA,00033,0,pretrain,60OVlfAUPJg,00030,0.3476346321523529,7.68
train,pretrain,4f7ppXm1mK8,00009,0,pretrain,bfAzi6D5FpM,00037,7.658456526127708,3.264
train,trainval,RKmxL8VYy0M,50011,0,trainval,oHDq1PcYkT4,50002,-2.81816864874894,2.24
train,pretrain,6iFCm5ZokBI,00023,0,pretrain,KIKqRFZ3r1I,00001,-1.2022877937040821,3.008
train,pretrain,cj5LZBmiQu4,00035,0,pretrain,XII0TdSvloM,00007,-2.6740939502518017,9.664
train,trainval,deT1mILtFEY,50014,0,pretrain,7JVTirBEfho,00046,4.954307817050223,4.416
train,pretrain,Tu01sNfs5SQ,00028,0,pretrain,YGoI3B86iX4,00019,6.399364440792311,4.288
train,pretrain,lUO0xDSJQVI,00017,0,pretrain,CHh6hWo1AFE,00001,0.6642934048351705,13.056
train,pretrain,Uq1idqpX9SA,00037,0,pretrain,Peu7eeGtmQ4,00037,6.407998632176842,4.672
train,pretrain,aMrCYPCsLUk,00001,0,trainval,t1sYh9itUvs,50005,1.2585970386822396,6.016
train,pretrain,SjaWs87t5UM,00024,0,pretrain,lzSkIDxbzGA,00015,-9.06896413661771,5.312
train,pretrain,1SnQ27ZxS8A,00003,0,pretrain,F73O3Sim0Wo,00002,-3.751015296117453,4.416
train,pretrain,NVPxmzSPvUw,00052,0,pretrain,3KmaFiKvGSM,00012,-4.641952251810877,5.056
train,pretrain,Wm0GKnd3JvA,00014,0,pretrain,v50PTSaOOGI,00019,3.510212155460472,8.96
train,pretrain,iNPsDky1z94,00010,0,pretrain,2K6P014XXmQ,00001,-8.43478633440617,5.376
train,pretrain,2L1R7OtJhWs,00024,0,pretrain,vpTHi7O66pI,00001,7.600723714351709,3.2
train,trainval,W9YBCwgrwQA,50007,0,trainval,UUqr4P7P3gM,50013,-6.809222618966899,2.112
train,pretrain,iCXfJVCg1LA,00004,0,pretrain,v3SZTqj2Skw,00009,5.020190577591537,6.4
train,pretrain,WWloIAQpMcQ,00001,0,pretrain,2jTdZSPBRRE,00002,6.157737537232862,12.48
train,pretrain,2dRlssVF7fc,00011,0,pretrain,dm4fvbrMLPw,00013,5.053092821676021,4.736
train,pretrain,w3q89BTJj3o,00009,0,pretrain,bwMUQEMOP6w,00004,-8.96580070407273,4.928
train,pretrain,jvBaRf9LHDs,00006,0,pretrain,cf3zxHuSM2Y,00039,-1.8180812930984214,5.824
train,pretrain,R9g3QSqvtss,00009,0,pretrain,ae38tl7uR28,00011,-8.65828204521317,3.264
train,pretrain,xfDUGqGPSfo,00019,0,pretrain,7DCofMA9eQA,00017,6.790061283504198,6.08
train,pretrain,sHdYaMyR5S8,00042,0,pretrain,mGBHC1R3e7s,00004,7.075037619839563,7.36
train,pretrain,bNpx7gpSqbY,00007,0,pretrain,qgv8VoyJ3wA,00022,0.9729671655657022,5.312
train,pretrain,erCApSBd0AQ,00043,0,pretrain,lnigGtrwAfs,00010,3.220370259666666,5.056
train,pretrain,Wai4ub90stQ,00013,0,pretrain,dE1DuBesGYM,00017,6.148091449537908,4.544
train,trainval,qaue72D9pSI,50004,0,pretrain,nAMrtHC2Ev0,00005,-4.4742419158468465,5.568
train,pretrain,iGHzqmnGH4A,00007,0,pretrain,uWfLwKHSEko,00023,-2.236658075289908,3.392
train,pretrain,4yyPSZSGLOI,00013,0,pretrain,NyQ1wLFj0f8,00009,1.942241991599369,4.416
train,pretrain,pLCeQyxVWB8,00019,0,trainval,RuVdkNdeVAc,50002,7.640963218982769,6.016
train,pretrain,7Xmr87nsl74,00023,0,pretrain,oPDaWYUCn8Y,00007,-6.1267078657556,6.08
train,pretrain,7wJTgUCxnKA,00021,0,pretrain,ZuCX92wuw2g,00025,-1.56603801968628,3.648
train,pretrain,UUqr4P7P3gM,00007,0,pretrain,gwWrkgV47F0,00001,-5.499401067586868,8.384
train,pretrain,lw3YTbubyjI,00021,0,pretrain,qtOIh93Hvuw,00022,-9.46033045573461,7.04
train,trainval,Qt1RPkbF4o4,50007,0,pretrain,ovV7v2XYJAI,00018,-7.481524050972621,2.432
train,pretrain,mAAxykQH0Wo,00011,0,pretrain,LSdPxGLesE4,00006,-8.39069340459367,9.088
train,pretrain,jPyR3UDhOm4,00001,0,pretrain,YuEm03Ko0J8,00007,4.024090016031163,6.848
train,pretrain,FwLeiY5f7sI,00007,0,pretrain,Sb2qXygFm8U,00024,-0.8067025636448211,27.456
train,pretrain,MS4x6G0zzeg,00021,0,pretrain,KIysMV9wbVY,00014,-5.272563682583171,8.896
train,pretrain,0FkuRwU8HFc,00023,0,pretrain,1yzoCFqKEhI,00017,-5.98879919468573,4.288
train,pretrain,hWnZKAXSv3s,00018,0,pretrain,bUaU9kdt9I8,00004,2.827740889160049,11.136
train,pretrain,KSzkPSW4Hik,00020,0,pretrain,xTBYcSL3MrI,00018,3.0612530783320313,6.72
train,pretrain,Z6T37m4r3yo,00008,0,pretrain,NMBNZspmn7I,00024,-8.497904088997718,13.504
train,trainval,2R1lZSN4SSo,50007,0,trainval,cSrWtqConY8,50001,3.969257888465309,3.2
train,pretrain,LLmhQmicusM,00008,0,pretrain,u4m65sbqbhY,00007,-4.411349278348451,21.76
train,pretrain,ZuCtZJGcEMU,00019,0,pretrain,SB1JmOerYmY,00004,4.807859619058615,11.712
train,pretrain,qxmEpmCtM3o,00015,0,pretrain,DKISYPEF0Ls,00019,-6.895351089837092,10.24
train,pretrain,VbeovM4RCh4,00024,0,pretrain,QHIocNOHd7A,00020,0.21580574676091047,10.816
train,pretrain,qywLsqI5YeY,00009,0,pretrain,FrxDrpi1XNU,00003,-7.298820020824421,12.352
train,pretrain,RJ0ldeMS9SM,00013,0,trainval,orumugzJpt0,50004,-9.833132760481103,2.56
train,pretrain,rrkrvAUbU9Y,00013,0,pretrain,RsxlLsHtoBI,00002,3.4758191292403584,4.416
train,pretrain,qesLGw23SzQ,00013,0,pretrain,ue4L8kmaKXQ,00004,3.387900761081088,8.896
train,pretrain,1Dd2yCf3PyA,00002,0,pretrain,U4Lx5rcii38,00035,9.517636878676903,3.776
train,pretrain,X77DUi9PD4Y,00035,0,pretrain,7s2CoqypMLg,00001,-0.4673672787543648,10.56
train,pretrain,wSHYZv6HzAs,00028,0,pretrain,eIho2S0ZahI,00028,-2.7289831131614957,3.648
train,pretrain,SfHRcaS6r3w,00001,0,pretrain,I4PU2JlhO80,00004,5.069003404550319,6.144
train,pretrain,yTR4sADS4qM,00021,0,pretrain,py1RrSdVt5A,00016,-7.7471501754561185,6.336
train,pretrain,mkdSXHXhCcw,00047,0,pretrain,97MWOERYSdE,00045,8.006912260573607,6.848
train,pretrain,66Smr600NjU,00012,0,pretrain,E5BOBs3Nmbw,00019,-2.8951385476524187,7.616
train,pretrain,PDKKOSJX6yQ,00018,0,trainval,oPBC15XYl3Q,50006,1.7242726263088208,6.08
train,pretrain,X41iulkRqZU,00019,0,pretrain,mK6IdD4GXPo,00005,-6.699538707740569,2.496
train,pretrain,utmiqwS2XBQ,00007,0,pretrain,zLNXIXingyU,00053,9.650694279736744,8.0
train,pretrain,ElJxUVJ8blw,00025,0,pretrain,S9ry1M7JlyE,00031,-5.1344829631675974,5.056
train,pretrain,vhhgI4tSMwc,00047,0,pretrain,y7A4dZIyI0g,00011,8.964373205082087,7.936
train,pretrain,b3H9V1jq0A8,00006,0,pretrain,kiDfwUQySEs,00017,-9.994519344420532,6.72
train,pretrain,DcKdClnpz4k,00012,0,pretrain,lJGtXuCmZBM,00014,-2.8799792372708977,4.928
train,pretrain,11Mq9ZuxZMc,00003,0,pretrain,awtmTJW9ic8,00013,-0.669023826183043,7.488
train,pretrain,mSvyBpWueu4,00033,0,pretrain,AFRmGkdXkxA,00003,4.692925896762993,10.88
train,pretrain,dOOtM7ZpAS8,00006,0,trainval,4yyPSZSGLOI,50019,-6.385950275667447,3.84
train,pretrain,b4kSKPELNcc,00001,0,trainval,vdDFLzyk94k,50003,0.73748436889076,3.776
train,pretrain,VC3H1lMEeS4,00029,0,pretrain,3vJ4SUH38dQ,00003,6.379824272977427,5.568
train,pretrain,u9Lu85L111Y,00030,0,pretrain,fW6AndSUByo,00043,0.7878304213752934,6.464
train,pretrain,UQzvNIIMayo,00013,0,pretrain,zeSVMG4GkeQ,00016,-0.9121909894942348,2.368
train,trainval,v3SZTqj2Skw,50017,0,pretrain,t5dSmG8SI34,00007,7.515402165065058,3.52
train,pretrain,oZ2eT76Sb4I,00002,0,pretrain,ofjRnIpXBF0,00025,9.029963614013251,11.264
train,pretrain,DwQMDyyS42Q,00026,0,pretrain,DUd8XAS5HEk,00023,-7.15560589589453,7.744
train,pretrain,J3Zsj4LfsSo,00013,0,pretrain,YO0lbdhF30g,00036,-2.6202528917995664,5.76
train,pretrain,8MpXRkmeDhk,00003,0,pretrain,HTf7Ziklcms,00014,-5.17604997246454,3.584
train,trainval,lwVYaY39YbQ,50002,0,pretrain,Cu3ILSqFJJQ,00002,-8.06319223392526,3.008
train,pretrain,pNttjJUtkA4,00044,0,pretrain,eUznJ3LtvGc,00009,6.00924104558834,5.952
train,pretrain,SZbNyp1jeGo,00011,0,trainval,BT2XlI8oeh0,50024,5.776049642600487,5.44
train,pretrain,aOW7JZaqKGA,00028,0,pretrain,c2tOp7OxyQ8,00067,-5.740834709792804,6.08
train,pretrain,sWN13pKVp9s,00008,0,pretrain,gj3ZnKlHqxI,00018,9.825087763003662,7.488
train,pretrain,WWloIAQpMcQ,00026,0,pretrain,W8OiVZrAj4c,00003,-0.7346856156086261,7.36
train,trainval,gjq2BoAF0JA,50002,0,trainval,LETgWDSSzSI,50015,-7.043307335701481,3.136
train,trainval,1BXYSGepx7Q,50001,0,pretrain,NlzanAw0RP4,00014,5.691854048270313,2.368
train,pretrain,uPE0G00XFV0,00023,0,pretrain,SMBiP3G2Pzc,00017,-3.752717515785358,28.416
train,pretrain,7PwvGfs6Pok,00021,0,pretrain,xeFl0RE31x0,00016,7.419903862778288,6.656
train,pretrain,9SqHrhrTktc,00009,0,pretrain,i2a8pDbCabg,00009,-6.317341634359337,5.696
train,pretrain,acikxzM6GaY,00018,0,pretrain,xMS9HlSSLSA,00027,0.6602003385248558,8.128
train,pretrain,EZSf3Fc0ZRA,00044,0,pretrain,cZ7LzE3u7Bw,00003,1.6360322862023597,6.976
train,pretrain,gyPoqFcvt9w,00048,0,pretrain,2Brajdazp1o,00006,6.580046495338944,7.488
train,pretrain,cQl6jUjFjp4,00031,0,pretrain,BwOd20Mv0hM,00005,-7.984755558423324,4.096
train,pretrain,xMjSPS6H69g,00017,0,pretrain,7Oe11XnBvA8,00029,-8.594308382455605,4.416
train,pretrain,yioZhHe1i5M,00020,0,pretrain,dcwuBo4PvE0,00035,6.587333860597081,9.152
train,pretrain,zIwLWfaAgS8,00064,0,pretrain,AzW2iKdSITM,00008,-2.835015759247577,6.464
train,pretrain,2wu28tI9VkM,00002,0,pretrain,vHhn7z6BA0w,00018,4.236841018386139,10.304
train,pretrain,IaWeJ8V3pg4,00010,0,pretrain,Un2yBgIAxYs,00024,-1.0114853451341883,3.456
train,pretrain,iP9QFSlBOyA,00042,0,pretrain,EZSf3Fc0ZRA,00015,-6.253417864391881,5.76
train,pretrain,lbBDoFp2HIQ,00015,0,pretrain,20DZsCdCuOg,00005,8.416357037050744,7.552
train,pretrain,TDCYJ3Sgx2w,00002,0,pretrain,rGgoCm1hofM,00019,8.846051559456786,3.776
train,pretrain,1ZQmwVYNgPc,00003,0,pretrain,SQB9zNWw9MA,00018,1.4288803930531397,8.064
train,trainval,9SQYDFiWnSs,50014,0,pretrain,i7Ssa6UEpUQ,00020,3.4856383223278264,2.112
train,pretrain,2SlbsnaSNNM,00021,0,pretrain,lQflBowgVB4,00018,3.6228868876068283,6.656
train,pretrain,potB0voQzNg,00053,0,pretrain,Svo01ldlTQc,00026,3.2503509248634366,7.552
train,pretrain,anmktfGYw8k,00022,0,pretrain,y9ALB39wRKo,00041,-5.042033636024268,8.256
train,pretrain,3yfFwDq4R5M,00014,0,pretrain,yG7v4ySxwzQ,00019,-0.07324471694523815,4.48
train,pretrain,g9M3HIjHuq0,00018,0,pretrain,DZT6YpCsapg,00029,-4.591169938610983,5.696
train,pretrain,Svm5Czaf82k,00010,0,pretrain,cPsP4F1qYCI,00003,-8.44876683455442,8.064
train,pretrain,EEjyPqyFeSs,00006,0,pretrain,SbphPa7Wp4c,00025,3.040341775320144,7.488
train,pretrain,apbSsILLh28,00044,0,pretrain,MOQcSzkKfbs,00017,5.43780301813079,6.848
train,pretrain,bEdvQjTGYP8,00024,0,pretrain,HHwXlcHcTHc,00002,-3.668771565422224,4.992
train,pretrain,3M29BY86bP4,00025,0,pretrain,EKy19WzkPxE,00004,2.0294804232349293,7.04
train,pretrain,zWU9D2duSgs,00002,0,pretrain,Rr5Py1r9xjw,00022,-5.775666230618867,6.208
train,pretrain,9fyjlxizLFI,00023,0,pretrain,AHfiKav9fcQ,00013,1.1989078813479654,13.44
train,pretrain,9EglK8Mk18o,00036,0,pretrain,XAvE61JqkQs,00005,-2.2806648293973204,6.464
train,pretrain,ziGD7vQOwl8,00017,0,pretrain,RvpXNXXP5Vc,00014,-2.0936093058528176,8.512
train,trainval,vw5HJhIlJp4,50015,0,pretrain,VC0taBVUF2o,00011,2.1414816344508925,6.144
train,pretrain,HSmKRshF1SA,00025,0,pretrain,Chfoo9NBEow,00012,-1.9621125288386168,9.856
train,pretrain,415VX3QX4cU,00034,0,pretrain,0nI65jgHG9o,00018,-8.71846920699777,5.248
train,pretrain,u0VHC1SDOS8,00031,0,pretrain,xzT6iH2CX4k,00005,-5.86481581444618,6.016
train,pretrain,IaWeJ8V3pg4,00020,0,pretrain,90AU6D8qEhc,00002,-1.4368461395760548,5.888
train,pretrain,eHzLV1LM4Rs,00005,0,pretrain,BURbLmQL1BE,00016,-8.940453719381729,6.528
train,pretrain,YbtrDM1aJF0,00003,0,trainval,qzwCujeSSSc,50007,-1.5346738072121227,2.24
train,trainval,uSUOduS5MPc,50001,0,trainval,YSQUrUZ6ZTE,50001,-7.046410007676521,2.24
train,pretrain,pNttjJUtkA4,00014,0,trainval,DwQMDyyS42Q,50005,-6.0640160787671,4.16
train,pretrain,85bqT904VWA,00012,0,pretrain,pDsAqCEo5CY,00009,-1.184721083405302,5.248
train,pretrain,2ZviHInGBJQ,00029,0,pretrain,RG5QP2EVUVY,00012,4.08146844209967,4.992
train,pretrain,4KhnSz9FPmU,00001,0,pretrain,Z41BTeAU7DI,00023,-6.650954646072094,9.344
train,pretrain,lrYx7HaUlMY,00039,0,trainval,mwzBJF5Q7Vw,50007,9.34378362130234,5.952
train,pretrain,nXOSQeZNjJo,00002,0,trainval,kLIfeGflNp8,50004,5.173589728408389,6.08
train,pretrain,VFaQtPw3Va4,00025,0,trainval,gh5VhaicC6g,50023,-1.2139016918485552,6.016
train,pretrain,ZmSF9gVz9pg,00009,0,pretrain,y9Trdafp83U,00044,7.483328113184541,6.208
train,trainval,uNQujCwCu88,50005,0,pretrain,1LSE7KCN9xg,00015,-5.233156548863704,5.696
train,pretrain,CrsdoIOGCRw,00016,0,pretrain,SwT0YLKbwoU,00007,-6.080877406865916,5.184
train,pretrain,rTMqGbTNkNg,00020,0,pretrain,T2jwSUhu7ok,00018,0.1505232360341502,53.376
train,pretrain,aiIxdFBA0Sw,00029,0,trainval,gh5VhaicC6g,50005,-9.05331636944548,2.048
train,pretrain,D4cV8yfgNyI,00004,0,pretrain,7oDtWA9fFBU,00005,7.035932281844403,4.608
train,pretrain,vIme03wdEFU,00003,0,pretrain,ywgdCrcx6oM,00012,3.6343312986665666,4.16
train,pretrain,7hFy02TSH4U,00010,0,trainval,d0yGdNEWdn0,50006,9.595876036215763,5.568
train,pretrain,mSQmfZOVNPw,00020,0,trainval,wfNX1cHkSfE,50005,-9.65791951658456,3.2
train,trainval,JD4O7ama3o8,50014,0,pretrain,cWCSzDdF74s,00014,7.63362263608132,5.248
train,pretrain,nx3GuO41Jyg,00029,0,pretrain,bwMUQEMOP6w,00003,-9.304192546214548,3.84
train,trainval,SC3DVeWT09w,50020,0,pretrain,4SSn83lCbTg,00006,6.706983464082171,4.8
train,pretrain,sa0RUmGTCYY,00040,0,trainval,FVSc2FnPnDE,50003,-0.6594098924904372,4.16
train,pretrain,iunmpgOnpqM,00009,0,trainval,u9Lu85L111Y,50004,-4.748024329760867,3.84
train,pretrain,U9BzgnX3z6Q,00001,0,pretrain,N4wFyRGilp4,00034,-7.699608546675492,3.648
train,pretrain,lecXKKOFPuQ,00002,0,pretrain,VehHPwAVL9g,00002,6.1111431336153,6.976
train,trainval,SMTRxRO5SRA,50008,0,pretrain,bvAEJ8G9l9U,00027,9.340845086450383,2.048
train,pretrain,PYjWLqEScfE,00014,0,pretrain,bkeBjPS9ZR4,00017,-9.6003581306382,3.456
train,pretrain,CSeFjLZqXt8,00023,0,pretrain,gmjSazFbpkA,00002,6.260420270740447,6.592
train,pretrain,LNohxpJntZo,00006,0,pretrain,7sxpKhIbr0E,00029,8.073765464691839,4.736
train,pretrain,QPC5SP2SFu8,00030,0,trainval,hTAXEq6zLo8,50003,4.225072910447995,5.888
train,pretrain,yvSQiSvuLLM,00011,0,pretrain,vhfcedpoCLo,00010,-8.361095146746834,9.92
train,trainval,1SPazvfN9EU,50018,0,pretrain,AAxJL17gZhk,00012,-6.954345994283752,2.112
train,pretrain,mpqrO2agOTs,00007,0,pretrain,sWN13pKVp9s,00002,-7.783935843284173,8.32
train,pretrain,xbagFzcyNiM,00013,0,trainval,v3oSF94S4FI,50014,-0.19908135663400017,3.136
train,pretrain,jn0Ygp7pMbA,00011,0,pretrain,M3fGS0tZDB4,00005,-2.8616502512418034,6.592
train,pretrain,UzuUljhS9uI,00003,0,pretrain,0JGarsZE1rk,00008,6.951669149831627,9.216
train,pretrain,RjrS5EqZlUs,00015,0,pretrain,GUSLEJB9SLU,00002,7.523705584939581,7.488
train,pretrain,1JxxCB9GiGU,00012,0,pretrain,wstksuaSMD4,00001,-9.144502329219787,5.696
train,pretrain,dwU8eavPInw,00049,0,trainval,VeXCU8cjIlw,50001,-3.447865835978508,3.136
train,pretrain,LsESSyMnwmU,00011,0,pretrain,VoCOzuWOgSY,00026,7.005404080525018,4.416
train,pretrain,ANFQPEkczYc,00032,0,pretrain,SF242mxtZN8,00027,-0.9835815156362671,8.896
train,pretrain,cpsRAk5HpK4,00008,0,pretrain,STsOdmkH5fI,00008,6.637282225230599,11.008
train,pretrain,Oa82WNk0mis,00015,0,pretrain,AU66C6HePfg,00006,4.19096696507815,9.024
train,pretrain,hTAXEq6zLo8,00038,0,pretrain,2g9GedPylM8,00029,4.769025182674886,6.016
train,pretrain,DqCsQqy9MyU,00015,0,pretrain,lzSkIDxbzGA,00026,8.234674708739998,6.08
train,trainval,6vLrreR6YOE,50004,0,pretrain,WKlIytaSlu4,00039,-4.084769994967523,6.08
train,pretrain,90mj79GqWhc,00028,0,pretrain,fSf5wNwS2c0,00015,4.211050171208475,3.968
train,pretrain,A3yBxsDv8lM,00006,0,pretrain,PcQwHHbjZ0A,00019,4.755424561261901,4.48
train,pretrain,3NzgEwye6Uk,00004,0,pretrain,gCWeVYCcKXw,00027,-0.042933557736880346,13.952
train,pretrain,Er9bh94f1w0,00027,0,pretrain,Possj5cXEnM,00017,1.8618647952805194,38.528
train,pretrain,Jz064FJMmKw,00004,0,pretrain,3YcZ3Zqk0a8,00001,-5.51257224608511,4.16
train,pretrain,WkNpElapS9s,00020,0,pretrain,0NV1KdWRHck,00015,-3.238194150576101,6.976
train,pretrain,0OkOQhXhsIE,00011,0,pretrain,oeL72c6scAs,00029,8.038808075285967,6.848
train,pretrain,KiPcxhJtuPQ,00034,0,trainval,X1LtIS8VGkk,50004,9.557200858780433,2.752
train,pretrain,tsgvhP07BC8,00037,0,pretrain,VcMyX5R4dzs,00004,0.5618196226267855,4.928
train,trainval,6VWPHKABRQA,50009,0,pretrain,fBQnQTkhsq4,00021,-3.2338821863614946,5.12
train,pretrain,S0hxl03JoA0,00015,0,pretrain,yA9xQB547Yo,00003,-9.401501197491534,14.208
train,pretrain,JSswZaKN2Ic,00016,0,pretrain,tS2aISc3Q8A,00001,-7.942479998222507,4.096
train,pretrain,h0dSQDgl3gI,00012,0,trainval,a5xR4QB1ADw,50012,7.109174878203248,6.08
train,pretrain,0GL5r3HVAZ0,00027,0,pretrain,BzDEFAGvShc,00009,1.6657224131310535,5.376
train,pretrain,arj7oStGLkU,00034,0,pretrain,488ZBeaGo6s,00004,-3.9001246049062654,4.032
train,pretrain,rMeIzXvYaYI,00014,0,pretrain,RKmxL8VYy0M,00034,7.631125303154338,4.864
train,pretrain,mkdSXHXhCcw,00061,0,pretrain,JDDGhGiaAZU,00017,8.517489800253742,10.048
train,pretrain,9RMaD0Sk7hc,00003,0,pretrain,nccPghNJjBQ,00013,1.0084959011647179,22.656
train,trainval,YwSGTipx3As,50004,0,pretrain,hsSYuHv0vUk,00023,6.626204468984067,3.52
train,pretrain,iGHzqmnGH4A,00010,0,pretrain,DnbC2Tii0S8,00012,-7.606177923511699,5.696
train,trainval,qx6KKSeT4qw,50008,0,pretrain,6weGCM3sWKc,00013,0.9756513845491277,6.08
train,pretrain,HYzrdn7YLCM,00020,0,pretrain,NJ9Iq7ReMDs,00007,-5.6913032154370065,9.472
train,pretrain,5HL1BEC024g,00005,0,pretrain,HjnclEhy960,00014,3.146051509327119,5.824
train,pretrain,DSbtkLA3GrY,00016,0,pretrain,RLh5CRUecfY,00001,2.0066162954172526,4.224
train,pretrain,7SfQLQ7eyA8,00016,0,pretrain,BQj2ZSGPsY8,00001,-0.3181010487482272,4.16
train,pretrain,FD5ZKiSmoMU,00034,0,pretrain,SS3qnZrVy9o,00027,6.447303492501096,3.968
train,pretrain,0FOlwct8k9M,00021,0,pretrain,AP8i435ztwE,00031,3.1729452876844135,6.848
train,pretrain,ScFWnnQF7A8,00012,0,pretrain,W4zepOS7dgk,00002,-7.2257366425989815,5.952
train,trainval,Xl6wxnnSStI,50012,0,pretrain,VMwjscSCcf0,00043,-7.048899871804231,3.456
train,pretrain,R9g3QSqvtss,00009,0,pretrain,1hxwsYYz5fI,00010,-8.060784876543716,5.376
train,pretrain,JhcCHjqSiBo,00011,0,pretrain,ZmSF9gVz9pg,00025,-9.411192566505989,5.696
train,trainval,4uAAegPkCKo,50002,0,pretrain,SZSc5UCSZS0,00006,0.44965560316780895,6.08
train,pretrain,TPA0qoemShQ,00007,0,pretrain,2XiDdnDCD34,00028,7.595554747179008,5.696
train,trainval,56WGgJNBRxQ,50012,0,pretrain,MVDXD3oyMJg,00002,5.466045584417412,6.08
train,pretrain,VohNDqzWP9E,00005,0,pretrain,Fr26scqsIwk,00029,7.427370049109896,13.248
train,pretrain,cpsRAk5HpK4,00033,0,pretrain,lQflBowgVB4,00005,-0.25952257896877384,10.176
train,trainval,GFXHYtY9ag8,50006,0,trainval,r3afSFSG570,50005,6.8896395768705325,2.752
train,pretrain,yVwAodrjZMY,00033,0,pretrain,gevXeQwS1jg,00055,-7.66272549541058,3.712
train,pretrain,huzhvbrcgeQ,00011,0,pretrain,9IRv3TOjE1I,00020,0.3286840645643423,4.8
train,pretrain,bKQA6I4BA7o,00004,0,pretrain,AfljJGTVcKE,00008,1.0810707896591474,7.488
train,pretrain,vwhSTukb07U,00003,0,pretrain,EEjyPqyFeSs,00024,1.2842379805759627,7.424
train,pretrain,xY7kVVS2HVY,00026,0,pretrain,SMi3rHuK0c4,00024,4.35266418960876,7.488
train,pretrain,tTcl5I0Wbzk,00004,0,trainval,7SjWguOXVwE,50003,3.5682022883602453,6.016
train,pretrain,pPgd7Hj3ABQ,00027,0,pretrain,u9Lu85L111Y,00057,-7.631613063056964,5.632
train,pretrain,EDLWWP8N6MU,00025,0,pretrain,xDe346z233Y,00035,-0.731709687623038,10.496
train,trainval,GS1xL1qcBa4,50007,0,pretrain,l5Bbg96VODk,00015,-9.225703560998088,5.696
train,pretrain,q16f8km11Ms,00008,0,pretrain,B4a0NvLTebw,00017,-6.823586740779353,6.464
train,pretrain,LizFrxTK5Qo,00003,0,pretrain,7tu9nJmr4Xs,00025,-8.351069800425922,8.896
train,pretrain,KCL8NjN7FMQ,00064,0,pretrain,cfR6tiSWSAM,00013,-6.015189022972873,6.976
train,pretrain,SrqmuYvk3iQ,00001,0,pretrain,O90nfczjNHA,00005,-9.614174955950855,15.296
train,pretrain,y9ALB39wRKo,00027,0,pretrain,Yx2rjq1gSWA,00022,8.01535289178696,16.0
train,pretrain,6Eu964BbJO4,00039,0,pretrain,ppr6UyfBMlA,00007,5.037530317953443,3.648
train,pretrain,CVaSIZVzUoc,00022,0,pretrain,PUh5msG0rG8,00016,-5.169537105061015,6.656
train,pretrain,9YGZkgkj3fM,00024,0,pretrain,nq0SzGzSc8g,00020,-9.18662428045659,3.456
train,pretrain,SMi3rHuK0c4,00035,0,pretrain,wSepGxx36To,00005,-3.8027743918996055,15.936
train,pretrain,FdHJw0veVNY,00014,0,pretrain,2dRlssVF7fc,00019,7.785669347009261,6.336
train,pretrain,dwU8eavPInw,00072,0,pretrain,OWq7ToR2U8Q,00005,2.8005879849090007,6.144
train,pretrain,80GqbW1MmQM,00023,0,pretrain,dJEwC4wCM70,00003,-8.498131182732836,11.136
train,pretrain,cC0KxNeLp1E,00027,0,pretrain,FrgzvykPILc,00025,3.9511236395492944,5.248
train,pretrain,SJ0G1iCLzCA,00010,0,pretrain,KCr8s57hdzY,00002,-7.552336834614137,8.64
train,pretrain,xTMZJvfzxGY,00011,0,pretrain,mMasmrJOmEo,00014,-9.814868627662756,3.84
train,trainval,DSPWxjBgvF4,50041,0,pretrain,4cJ08wOqloc,00016,1.5839933203260586,5.696
train,pretrain,O6GimGZz6a8,00007,0,pretrain,9SqHrhrTktc,00019,-5.977187803807064,4.544
train,pretrain,LCuAu67OCDk,00001,0,pretrain,HaHeAdJNa70,00006,-5.9498240768340604,3.904
train,pretrain,IRVdiHu1VCc,00026,0,pretrain,3F2jACWwKdU,00010,-4.453712093686121,11.712
train,pretrain,PCupHgKGCcY,00026,0,pretrain,Svm5Czaf82k,00008,8.664659808099294,4.992
train,trainval,BltRufe5kkI,50002,0,pretrain,vR8msiSohZM,00013,2.431309684041132,2.112
train,pretrain,KxDwieKpawg,00010,0,pretrain,KQEWc3LVfyc,00010,-2.8858074318711697,4.992
train,pretrain,J10EaonNV2A,00009,0,pretrain,WIebxoTx408,00023,8.143905121196294,5.184
train,pretrain,odyakQwtWwo,00006,0,pretrain,jFd96USLjbM,00015,1.9786985745752048,8.768
train,pretrain,vbHkhSfaQu8,00021,0,pretrain,ERSZb2wHFDw,00014,-7.2501824742741565,6.016
train,pretrain,esPRsTSlmw8,00026,0,pretrain,uQGYr9bnktw,00004,2.1662762370203765,6.336
train,pretrain,sG2K1S4M8U8,00019,0,pretrain,Aoa20kFNYmY,00001,6.772003965819927,16.32
train,pretrain,40ieXxoJwZw,00046,0,pretrain,xzT6iH2CX4k,00018,5.155201174065443,8.96
train,pretrain,gWPFJgLAzu4,00042,0,pretrain,XP8K4oS5TGE,00015,-7.7858262682075186,5.76
train,pretrain,SMi3rHuK0c4,00027,0,pretrain,P9B8PmUR64U,00003,3.885358305131806,4.288
train,pretrain,qBfwUkCGJHQ,00001,0,pretrain,CijsvAGU6Sc,00020,-3.977685967208366,5.056
train,pretrain,2FASIuDTMjE,00024,0,pretrain,YhG1Bgbsj2w,00036,9.18489645978294,6.4
train,trainval,58eTdyeVwbA,50010,0,pretrain,jdMv5x8SBuM,00034,5.3332386300934775,6.016
train,trainval,85bqT904VWA,50003,0,trainval,UPRxyy2UB3c,50001,-9.19027867221491,5.696
train,pretrain,jE1j5Om7g0U,00011,0,pretrain,N4wFyRGilp4,00026,7.918863309979599,5.12
train,pretrain,SbgwDk7A4as,00011,0,trainval,7DLzXAjscXk,50008,-0.17881821741272397,6.08
train,trainval,dkLcwHmnPV4,50004,0,pretrain,a7cDt5r2pGY,00005,8.484968646534973,3.712
train,pretrain,SF242mxtZN8,00041,0,pretrain,JaFSfq2Zn7I,00050,2.5106185977762436,11.008
train,pretrain,NMfXycr7SOU,00024,0,pretrain,p0SwjVS9iSc,00005,-5.180776309468169,33.408
train,pretrain,Mlt6kaNjoeI,00002,0,pretrain,ramueKMLXZY,00007,-8.137925412051645,7.488
train,pretrain,lV3trdyDdHE,00053,0,pretrain,fJ36gCwKVec,00010,7.717430233833223,9.28
train,pretrain,SS6ZojCzNGY,00034,0,pretrain,gxuQp1X4mx8,00003,-9.072593234731665,4.8
train,pretrain,TcBrchkBSBE,00005,0,trainval,utV1sdjr4PY,50007,-7.218017290426648,6.144
train,pretrain,2L1R7OtJhWs,00045,0,pretrain,TRE4Sll42lE,00017,-3.6619826153607686,3.712
train,pretrain,LM3ISST2eg8,00004,0,trainval,f6CILJA110Y,50042,7.694633511819113,3.584
train,pretrain,7Z9xCX4ifJo,00002,0,pretrain,fBLErez9ljw,00006,0.49549474090446743,6.08
train,pretrain,HEFSHP2XE7E,00036,0,pretrain,3OMgvtWNHp4,00031,1.3175895631141188,3.52
train,pretrain,oHDq1PcYkT4,00006,0,trainval,ZSRaJIMYSMs,50024,-6.62775628212448,4.032
train,pretrain,YhG1Bgbsj2w,00037,0,pretrain,9KACXVScWS4,00051,-2.0914213092638656,10.048
train,pretrain,B5MkpzMAOZM,00015,0,pretrain,1InHN8JPazA,00018,-6.598969649354977,6.72
train,pretrain,xWVWhSvNLtU,00002,0,pretrain,8sheoGMsy3Q,00006,1.178778830543429,6.016
train,pretrain,H1fvr9rGgSg,00018,0,pretrain,W4zepOS7dgk,00008,-5.928667751505805,8.384
train,pretrain,iueVZJVEmEs,00005,0,pretrain,50m48lpi4AU,00031,4.687080687402656,4.288
train,pretrain,RsiLLNziScM,00025,0,pretrain,Qao76IPXWSE,00015,-7.274474323021289,9.088
train,pretrain,H1fvr9rGgSg,00020,0,trainval,sYUjyH8Y0No,50019,-5.868081489092763,2.816
train,pretrain,sUf1ajkIAhY,00010,0,trainval,gh5VhaicC6g,50062,0.14131940158081768,3.648
train,trainval,1fZ4XOnnh1c,50007,0,pretrain,YzhSmnGcSkE,00024,-4.541016546395243,3.776
train,trainval,LM3ISST2eg8,50008,0,trainval,3vJ4SUH38dQ,50002,5.535967172032732,3.904
train,pretrain,LS6TWtYWaPA,00018,0,pretrain,NAcuH7nSdLc,00040,-0.6812033392587544,12.928
train,pretrain,xSLkNjQyHww,00018,0,pretrain,RtRufOPFug0,00007,7.977212067639453,6.528
train,pretrain,nncPtxLCPrE,00037,0,pretrain,FfwFUjVEIl4,00001,1.1428551010475339,12.8
train,pretrain,yqc9zX04DXs,00015,0,pretrain,sQNtu4kpd64,00023,-5.095500677516663,4.48
train,pretrain,nVEvzeIXbpk,00017,0,pretrain,Z7CtKDNf2RI,00003,-6.2450387746265275,4.096
train,trainval,JLLpWtHbMAo,50010,0,pretrain,xcR1SWhjZys,00012,-3.5362033487106714,3.328
train,pretrain,TDCYJ3Sgx2w,00033,0,pretrain,UDXtFbSmBAg,00011,4.818041228011396,7.168
train,pretrain,zIwLWfaAgS8,00073,0,pretrain,NhmybGS7FLA,00008,-7.567996116047362,12.736
train,pretrain,3QZp6smeSQA,00011,0,pretrain,UIAm1gSVgn0,00005,-3.6810495995598753,14.336
train,pretrain,2dRlssVF7fc,00018,0,pretrain,FuahzV12mi0,00006,-5.07379783006323,4.8
train,trainval,FLbEKpLS5Z0,50028,0,trainval,LWQfeSSfNbs,50013,4.874154033587834,3.84
train,pretrain,mSvyBpWueu4,00023,0,pretrain,DGIuSNks3DA,00006,-4.256426358943235,5.184
train,pretrain,mPCDOij0bB0,00015,0,pretrain,S9u71TB0VkA,00003,5.7012324363945925,6.528
train,pretrain,xnovQVRHj5c,00027,0,pretrain,q7rz3v588bQ,00001,2.8488632397222453,4.416
train,pretrain,40Aziot4aao,00009,0,pretrain,O4g60zB4Un4,00004,4.849930811701713,4.096
train,pretrain,5CSDIcUsIJk,00033,0,pretrain,iWHq2mSHwhw,00014,-6.963090368951567,8.128
train,trainval,mozxTk3Brqw,50010,0,pretrain,nn5k4snG3rA,00022,-5.093425811281842,2.88
train,pretrain,zORUUqJd81M,00020,0,pretrain,LUO3jqMlWkE,00018,2.82424671653175,3.968
train,pretrain,AAxJL17gZhk,00009,0,pretrain,SXYwKxdxfF8,00003,9.37738604533832,8.384
train,pretrain,bUaU9kdt9I8,00018,0,pretrain,YSQUrUZ6ZTE,00003,1.1750608560325269,5.696
train,pretrain,V84bSWIlNA0,00016,0,pretrain,w8lH8tNlAXc,00010,-9.718792701064228,3.328
train,pretrain,XP8K4oS5TGE,00018,0,pretrain,akOe5SUsQ2o,00036,-3.3596460168291387,4.16
train,pretrain,5qdZybHSLnI,00006,0,pretrain,FqSVvAxDBRY,00002,1.072278895018595,17.024
train,pretrain,F0ofeD8VKMA,00016,0,pretrain,3VwxWDVKs8k,00012,-7.450060145618991,4.352
train,pretrain,xcR1SWhjZys,00015,0,pretrain,imhUmLtlZpw,00028,-5.494325159636997,8.896
train,pretrain,oXbhTHaMwTw,00008,0,pretrain,vJ66jv8ICjc,00003,9.087852396083193,10.176
train,pretrain,uYyvbgINZkQ,00017,0,trainval,YsASJTeHJ6A,50020,-8.619038385041316,4.672
train,pretrain,dvuh1Np35Pk,00019,0,pretrain,BURbLmQL1BE,00039,-7.570393689037516,10.24
train,pretrain,lxovD2LQVUQ,00001,0,pretrain,ac1mOswXxLs,00026,5.592446094159822,8.0
train,pretrain,ScFWnnQF7A8,00025,0,trainval,zWxFhFZJDks,50008,-4.213110179128936,2.24
train,pretrain,pX8zZdLw7cs,00008,0,pretrain,bHLgTUV0XWI,00006,-2.474556699075814,16.384
train,pretrain,mbbMLOZjUYI,00020,0,pretrain,8Dv2Hdf5TRg,00014,-2.8300634579375554,8.448
train,trainval,vzi4AopBEBg,50011,0,pretrain,Erm4vP1vTn8,00013,-5.198006852486417,3.328
train,pretrain,OAK1UIbSFio,00078,0,trainval,SJWoKsfsSaA,50004,-3.222566690132611,3.328
train,pretrain,rRxdxIbSQbY,00030,0,trainval,1CN7PF10RKo,50002,-9.103236336896837,3.904
train,pretrain,mGInCowjJ48,00002,0,pretrain,Svo01ldlTQc,00007,7.301365072238578,3.2
train,trainval,4sg9TlsMRVA,50005,0,pretrain,YhW9I8SUkFU,00005,3.8776786868894,2.56
train,pretrain,tV2RLLtOgL4,00012,0,pretrain,2TDLN61HKKc,00016,3.5400637722760138,3.84
train,pretrain,OAEodzGMavY,00019,0,pretrain,DSSAz5nZBBM,00007,-7.1784844286449045,5.44
train,trainval,r9DDE7NV1Nw,50012,0,trainval,LPwWYFOFTGU,50037,-0.5525967309080926,2.24
train,pretrain,2NENlXsW4pM,00011,0,pretrain,Ligs82S0qN8,00010,-2.1801654183299357,13.12
train,trainval,CjB6DQGalU0,50001,0,trainval,SUkVcmKZyyQ,50008,-2.8896668668341636,2.24
train,trainval,XRWTyUVh0BQ,50011,0,pretrain,ptIecdCZ3dg,00046,-6.00617818529124,5.696
train,pretrain,luoKOkTxOtU,00023,0,pretrain,KiPcxhJtuPQ,00024,5.337726504747524,11.2
train,trainval,2wu28tI9VkM,50004,0,pretrain,PS2h8hSFphs,00019,4.681879616471456,5.76
train,trainval,wOiKRVH0nQ8,50008,0,pretrain,ZK3S2rCHmPA,00004,-1.5763419039340079,5.888
train,pretrain,G0jxiJzIiz4,00014,0,pretrain,wgKmdbTmbDk,00012,4.955741575795422,5.312
train,pretrain,sHdYaMyR5S8,00017,0,pretrain,KiPcxhJtuPQ,00063,-3.537168234025831,4.288
train,pretrain,kLIfeGflNp8,00011,0,pretrain,hgui64Kr0Go,00042,9.911041879157551,10.944
train,pretrain,FgSJcKSHUtQ,00001,0,pretrain,WkNpElapS9s,00020,8.14653953439916,3.52
train,pretrain,A60UTjiEp4c,00031,0,pretrain,5w5BhwLzoqg,00034,-0.9549074131415161,3.328
train,pretrain,t9c7aheZxls,00009,0,pretrain,fLJsdqxnZb0,00031,-5.568298960853138,13.76
train,pretrain,Sk0ywFgMpFk,00005,0,trainval,HNOnvp5t7Do,50016,-5.938848463541772,3.712
train,pretrain,NgDGlcxYrhQ,00024,0,trainval,V4Xw76SsHOM,50002,-8.532168383833643,2.816
train,pretrain,deT1mILtFEY,00024,0,pretrain,Mr8nvXvlSy8,00043,-0.2776406406972427,9.472
train,pretrain,7Z9xCX4ifJo,00045,0,pretrain,b28brIs1OmM,00011,1.4541033637006961,11.392
train,pretrain,F1Kml3zuTco,00024,0,pretrain,EijI8QaExDg,00014,-1.7961826029362484,16.64
train,pretrain,1Yz7Snu6pnI,00001,0,trainval,dOt4NkcmIUg,50014,-1.2378955881528242,6.08
train,pretrain,Zq7QPnqLoUk,00064,0,pretrain,QxkxcsrveLw,00029,2.0526878783321543,9.344
train,trainval,7sqeoYOQ4qg,50009,0,pretrain,Sf8j5LFv3nI,00026,3.1295627348051074,3.52
train,pretrain,F8pUtbSgrxc,00043,0,pretrain,apbSsILLh28,00013,7.019071998539182,4.928
train,trainval,CsqSDpmgsQg,50009,0,pretrain,whjLZogf9e0,00022,4.548995530822456,6.208
train,pretrain,VnzBGZA2z3w,00020,0,trainval,3PQrElyu9HY,50014,-5.49235762550738,2.56
train,pretrain,uBgRo9tnvSI,00001,0,pretrain,4KhnSz9FPmU,00015,-2.8661746111214033,2.88
train,pretrain,N0vRIqeoefs,00013,0,pretrain,fSOupkS4VVo,00017,4.020658083593036,9.536
train,pretrain,Pmbkx71iedM,00004,0,pretrain,LWULB9Aoopc,00004,-9.888083214101718,3.84
train,pretrain,ORzTct2yITk,00002,0,pretrain,0af00UcTOSc,00033,5.991830881800517,6.72
train,trainval,qP2W2k3L1Ow,50016,0,pretrain,vGDZmSnSkfo,00009,4.851404993796001,2.432
train,trainval,SPSq3cW672s,50004,0,pretrain,GJWSZgjz7G0,00009,-3.0793008440327423,4.544
train,pretrain,DjcZrtcBZi4,00022,0,pretrain,ea3HnhOLC9g,00017,-7.041286419918055,9.856
train,pretrain,0kPu6eKpja8,00004,0,trainval,xDe346z233Y,50008,-3.3745827304751863,6.08
train,pretrain,cxGWGohIXiw,00010,0,pretrain,WWloIAQpMcQ,00019,1.2094932179030558,5.44
train,pretrain,Pl8OlkkwRpc,00012,0,pretrain,Y350oOiunf4,00035,-2.7818977483742735,6.784
train,pretrain,sG2K1S4M8U8,00011,0,pretrain,SmoW9jvvMr4,00009,-8.365490774496177,5.056
train,trainval,BQOz6OVz1zc,50005,0,pretrain,kDXJhxLzmBQ,00030,4.752234606044093,2.368
train,trainval,o2BJsFkzSYU,50006,0,pretrain,dY9f9bFctUE,00008,0.3686246449253936,5.76
train,pretrain,sNbGUSI9HWw,00009,0,pretrain,pcSlowAhvUk,00006,9.08998763666714,8.0
train,pretrain,wAdwurHhvSI,00020,0,pretrain,qEZmFR1WS7g,00002,0.9474557752917825,5.888
train,pretrain,S8fxEWsQy9s,00012,0,pretrain,5HL1BEC024g,00021,5.112625433054852,9.472
train,pretrain,ayVm441iZfo,00015,0,pretrain,CbS6PPBJJB8,00019,7.938630151850646,7.296
train,pretrain,y7LXwGfvxwo,00038,0,pretrain,n1ARQsdNvmI,00012,-2.306214301413778,7.232
train,pretrain,j3YjeARuilI,00026,0,pretrain,1pq5jnM1CSA,00022,5.395438644090175,3.52
train,pretrain,IMjn62naclM,00002,0,trainval,Rf8qS8gbfrw,50006,2.0282654595705054,2.368
train,pretrain,SQwRsVyk7us,00013,0,pretrain,hFcQpNrSKA4,00004,3.2224229540649656,7.68
train,pretrain,ASQpKiUSNHo,00020,0,pretrain,5tUnSuoYKoE,00021,5.826573598203417,5.568
train,pretrain,mWm2qtEeBjE,00027,0,trainval,b64qvG2Jgro,50003,4.831032568080886,4.16
train,trainval,7SfRgg9botI,50008,0,pretrain,wyhF7q3Sbpk,00007,8.770127896407043,3.2
train,pretrain,tYclUdcsdeo,00014,0,pretrain,d25l1aPz2kc,00006,3.9439335541081775,5.696
train,pretrain,SQwRsVyk7us,00006,0,pretrain,JmZpFy1QUww,00020,1.9831164355701407,19.84
train,pretrain,GMc8aSoCE30,00006,0,pretrain,r9LelXa3USI,00009,5.329560715651171,7.296
train,pretrain,SDjLpMj3BDU,00040,0,pretrain,BDOSUiEh0eY,00021,7.994638428384629,4.48
train,trainval,6qTfX4U6CS0,50012,0,trainval,eqDgt12m26c,50027,-5.311011546394924,5.376
train,pretrain,Diuv3XZQXyc,00013,0,pretrain,nCwwVjPNloY,00002,2.7440071959287238,6.848
train,pretrain,2W1jvTEjc1s,00005,0,pretrain,FwFqvOFefqg,00012,0.5359577689855239,8.576
train,trainval,0ygtX2nyexo,50016,0,trainval,vo2cse4CoGM,50012,4.6132443963651575,2.112
train,pretrain,fw30yjccnD4,00012,0,pretrain,j81saupKVpo,00014,9.260194501903378,3.072
train,pretrain,bzj1BTdfoeI,00034,0,pretrain,7ZoOyNTyjQE,00027,8.062970237945855,6.016
train,pretrain,rpOwTspdwkI,00001,0,pretrain,HcTtoGhn0Dc,00005,-0.9255219846217333,6.528
train,pretrain,btItLAjT5zg,00001,0,pretrain,R84vqXjXWJc,00008,9.157552329325583,7.68
train,pretrain,5Jqk1rkuUwU,00019,0,pretrain,R21MsHQA8vM,00030,1.4149634109980056,13.568
train,trainval,jdpIKXLLYYM,50003,0,pretrain,4jBB5iibKy0,00008,7.658048469326609,6.08
train,pretrain,4B2qC7PIHxs,00008,0,trainval,H3TFShI7zKc,50003,-1.8557962654592757,3.264
train,pretrain,ivvKSx4Q6L4,00025,0,pretrain,VbeekjZPSCI,00002,-9.003036037364918,6.592
train,pretrain,fIw07IX6rG8,00006,0,pretrain,4GKTEDqbQIw,00009,2.297504774771486,7.936
train,pretrain,D4cV8yfgNyI,00003,0,pretrain,g1bOpgoOI3g,00001,-7.184306983612741,13.888
train,pretrain,rSqYQXRVP0k,00015,0,pretrain,qtAZbSZESOU,00011,-9.128418785013048,7.168
train,pretrain,Zf0zAiS8CtY,00014,0,pretrain,v7UKkzIaSsQ,00036,1.2700091120928967,7.36
train,pretrain,vhhgI4tSMwc,00017,0,pretrain,6vLrreR6YOE,00005,-9.993296387853189,7.04
train,pretrain,OwRAFCrsDS8,00036,0,pretrain,wNokfBHccVI,00042,-1.9273430493804717,6.784
train,pretrain,TpC8wNkjSvs,00008,0,pretrain,yRUCU5FsvTY,00013,-0.0957243600212685,6.208
train,pretrain,USmTQeKRaP4,00028,0,pretrain,lv2SjZ6tIGg,00003,2.415868550261724,5.952
train,pretrain,ivvKSx4Q6L4,00004,0,pretrain,2Yt6rajSS1M,00013,-6.83896147127709,14.208
train,pretrain,PnMsSqLwaes,00003,0,pretrain,KCr8s57hdzY,00032,0.35373259071552354,10.88
train,pretrain,SsU5CJRaKP8,00008,0,pretrain,UVqoIgh7bcw,00025,-9.412181933064188,12.352
train,trainval,ISSupr6ayqw,50003,0,pretrain,Pl8OlkkwRpc,00057,-7.80913250256318,5.824
train,pretrain,55n9pHSA0O8,00042,0,pretrain,48NRknBcz6k,00007,-2.167362983325982,6.784
train,pretrain,SMTRxRO5SRA,00003,0,pretrain,PuroSL7O4eY,00010,6.796734112715125,3.84
train,pretrain,WtLMST8TyeY,00026,0,trainval,iZRGUADAu2Q,50002,-8.704549251134178,3.2
train,pretrain,tMSU6k5SWXg,00018,0,pretrain,xnLoToJVQH4,00004,2.3523388207710916,5.888
train,pretrain,ema8O7xqjvk,00004,0,pretrain,USmTQeKRaP4,00029,-0.15957407161621795,4.8
train,pretrain,B9DdIivSGts,00045,0,pretrain,QHIocNOHd7A,00015,7.557145532253944,4.224
train,pretrain,y9Trdafp83U,00023,0,pretrain,ce31WjiVcY0,00032,7.516642890590205,7.296
train,pretrain,o2WyXD7IaN0,00012,0,pretrain,eLrBw8BKOWI,00017,1.4180301570027218,5.696
train,pretrain,LMrzdkSYnYY,00005,0,trainval,vMwPTI54rqQ,50021,-9.67403611907379,4.224
train,pretrain,9jRkACywckE,00001,0,pretrain,EL9TBKSdHXU,00012,-5.500615519491772,4.096
train,trainval,RKK7wGAYP6k,50002,0,pretrain,3ls2SgSAyvk,00006,-8.855785505790317,4.864
train,pretrain,vrU6YJle6Q4,00043,0,pretrain,k5tCYg9s0HU,00048,7.6503766900432595,8.32
train,pretrain,MS4x6G0zzeg,00011,0,trainval,Erm4vP1vTn8,50003,-6.928176039247971,3.712
train,pretrain,sLFqwXqe4Yk,00001,0,pretrain,AAkEYcmCCCk,00037,-5.121144432096454,3.392
train,pretrain,6xy5pWOgeBY,00024,0,pretrain,rB6WmWvvyxg,00029,4.956333020804999,3.264
train,trainval,r92jUj7gNRw,50010,0,pretrain,EluxCgnQVzg,00003,8.580710650716771,5.76
train,pretrain,M1yCvKASWdU,00020,0,pretrain,gQShmD0C81U,00009,0.3305817355273817,6.72
train,pretrain,4cJ08wOqloc,00015,0,pretrain,7DCofMA9eQA,00029,4.870240658974222,4.544
train,trainval,OF5VVrsnpzo,50018,0,pretrain,d6PS4p3IXLQ,00008,4.276360332256852,2.176
train,pretrain,1IxIDGyISzk,00026,0,pretrain,Nhwq12TKkQQ,00009,-1.474948376608335,4.032
train,trainval,dcwuBo4PvE0,50018,0,pretrain,9yPlMBPNf2M,00013,-5.06541545519565,2.56
train,pretrain,ce31WjiVcY0,00022,0,trainval,SGG97dDfZ7E,50002,3.4100920860711454,6.208
train,pretrain,u5GCetbP7Fg,00047,0,pretrain,NtOoDN0ojxo,00002,6.733930939091259,7.616
train,pretrain,ioMpOr7Yx98,00027,0,pretrain,dUdCToPPK5A,00012,-8.47172937197264,4.224
train,pretrain,dXMAS2tIknw,00009,0,pretrain,wYCSHKl4RPU,00006,-0.21645475277223625,3.52
train,pretrain,9KaMufF0rAY,00007,0,pretrain,zuLOT6GsAxw,00018,2.5267681193037745,11.648
train,pretrain,oDdcx5luv5s,00034,0,pretrain,3LzX36sShcs,00003,5.192419559726449,2.816
train,trainval,xTMZJvfzxGY,50001,0,trainval,GzPpH9WexDc,50003,2.838452665645626,2.688
train,trainval,6Eu964BbJO4,50004,0,pretrain,n1ARQsdNvmI,00013,9.51734567847755,6.208
train,trainval,9YR8jNtV4BE,50013,0,pretrain,MywGrRvNkWQ,00023,9.321898307941645,5.504
train,pretrain,I7wxkBnnnrQ,00005,0,pretrain,rxeLnx5UEEk,00008,7.660110664256834,2.752
train,pretrain,hHOX3dlhhZ0,00022,0,pretrain,TOyygXMkWGQ,00005,-7.931366860648876,9.536
train,pretrain,Gj2pWl1vjCY,00011,0,pretrain,bhHJ4DRZNZM,00024,-0.6246566529857311,3.52
train,pretrain,eAnHjuTQF3M,00003,0,pretrain,CtvIX4s1bTU,00001,2.72086702904663,6.912
train,pretrain,IeblJdB2SVo,00008,0,pretrain,RjyxIsE3V2g,00003,3.3722408645733957,4.224
train,pretrain,a3im2S5mQCM,00002,0,pretrain,OSz2v42F0E0,00003,0.8642302782958886,4.288
train,pretrain,VnzBGZA2z3w,00019,0,pretrain,855Now8h5Rs,00025,8.429133884235306,8.512
train,pretrain,J6oMG7u9HGE,00008,0,pretrain,YhG1Bgbsj2w,00025,-7.133886005110604,4.16
train,trainval,1sgb2cUqFiY,50013,0,pretrain,5QTjSH1KGlY,00013,-6.358206971475271,2.432
train,pretrain,LSGfqyhleUA,00029,0,pretrain,x5LshSZn5RA,00028,2.3781566225987145,3.648
train,pretrain,drXnDLHKKPM,00013,0,pretrain,ZVS5I2RMTGM,00015,-3.3824965609590922,9.216
train,pretrain,MoSmgcxGYYE,00057,0,pretrain,05jJodDVJRQ,00021,6.350727456481884,4.8
train,trainval,avuhY7D71sQ,50020,0,pretrain,9usocDBGnvA,00022,8.67650463750564,2.048
train,pretrain,G2Y6Am46eVU,00018,0,pretrain,9VF7kffCgJU,00009,-4.263714417490223,5.184
train,pretrain,VM7HQSzbdIw,00014,0,pretrain,bVV2Zk88beY,00001,7.805147782839811,3.456
train,trainval,IaWeJ8V3pg4,50002,0,pretrain,kQa11RMCeSI,00015,-9.979312024484457,4.288
train,pretrain,bEdvQjTGYP8,00025,0,pretrain,VMwjscSCcf0,00033,1.716940631398332,4.608
train,pretrain,qm0isl11BfY,00004,0,pretrain,6XS8TA4RBog,00032,5.447512402640783,6.08
train,pretrain,wDxjss7kHRw,00032,0,pretrain,zCvSZBy6SyU,00009,8.145027625301779,3.52
train,pretrain,qFOooWq2inA,00009,0,pretrain,PYSkd46RfVE,00060,3.032245962524531,9.728
train,pretrain,9kxL9Cf46VM,00003,0,pretrain,6ORDQFh0Byw,00051,3.750392811276278,5.44
train,pretrain,iueVZJVEmEs,00034,0,pretrain,aS1UEAGCo30,00011,6.510358181669467,6.336
train,pretrain,ZVS5I2RMTGM,00018,0,pretrain,jJMBwqhD9DE,00027,-6.7574288419079735,7.808
train,trainval,fHfhorJnAEI,50002,0,pretrain,sNbGUSI9HWw,00024,4.546897147412139,4.928
train,pretrain,VCRcGKpjWtU,00007,0,pretrain,fi8CYv9Dcr0,00003,-2.687677412876055,14.016
train,trainval,S47ZRF02Cyo,50007,0,pretrain,NjpXs8Ymr14,00012,-5.020880737126081,2.432
train,pretrain,YsASJTeHJ6A,00017,0,pretrain,olPn5xr0L08,00007,-6.673348147942182,8.576
train,pretrain,CsqSDpmgsQg,00024,0,pretrain,KExLCJAuTXA,00020,-8.421489411957106,5.248
train,pretrain,KDBcoRLkut8,00018,0,pretrain,EijI8QaExDg,00032,6.617322250867435,10.624
train,pretrain,gXvblfSgwg4,00025,0,pretrain,ultonpeO0ZA,00022,-4.180616883849568,9.472
train,pretrain,kCOV51S7Xqg,00014,0,pretrain,SEDvD1IICfE,00018,-9.431514871630002,4.736
train,pretrain,ilMwoEdqMTs,00041,0,pretrain,sLo97Bu8Fo0,00006,4.361947877368973,7.36
train,trainval,vzKA1y3cdYI,50048,0,pretrain,SvSSb7cJn2A,00001,1.8957500854552674,3.008
train,pretrain,OISOhvOumT0,00017,0,trainval,oeL72c6scAs,50002,-1.2356190471027606,5.696
train,pretrain,tMSehhs1OSk,00012,0,pretrain,fOk6HQaNpdE,00007,1.5901355196083689,3.84
train,pretrain,FdHJw0veVNY,00030,0,pretrain,VnzBGZA2z3w,00003,-5.13154753301031,20.16
train,pretrain,JmZpFy1QUww,00006,0,trainval,ZIhFcjcc568,50030,1.8531534262639369,5.312
train,pretrain,fw01Sq0cxM8,00016,0,trainval,TT6qWghHkFI,50019,7.497239479846993,3.648
train,pretrain,6JcKbNSGjCE,00008,0,pretrain,nwZkoAeOzuo,00021,-3.855509349398048,3.584
train,pretrain,QPC5SP2SFu8,00020,0,pretrain,7n9IOH0NvyY,00040,-7.50662331233541,4.16
train,pretrain,IkJTwfHPv6A,00007,0,pretrain,FI8c14giiWQ,00011,8.05844201809559,6.208
train,pretrain,SGzenQjZSpU,00033,0,pretrain,tZsQP9gl6RQ,00002,-2.9604539881239607,4.928
train,pretrain,WWRXOqYwRkM,00017,0,pretrain,6gSwRHScq6M,00008,-1.2658715786481736,5.056
train,pretrain,6qqqVwM6bMM,00003,0,pretrain,o3oDpCb7VqI,00028,6.418792424459713,5.632
train,pretrain,BFK2knjj4lQ,00024,0,pretrain,JiwZQNYlGQI,00034,0.6012403337491818,5.376
train,pretrain,PnMsSqLwaes,00012,0,pretrain,km4GiwSIFCo,00001,-5.095859897842043,3.904
train,trainval,gWmRkYsLzB4,50006,0,pretrain,267BlUBordQ,00016,-9.949190912467017,4.032
train,pretrain,MwzqSswl4cI,00024,0,pretrain,VGpZ06RlVfI,00006,-2.8811848763125774,8.576
train,pretrain,KiPcxhJtuPQ,00005,0,pretrain,4Lb5LSVEm34,00035,-9.426328844309227,4.48
train,trainval,gyM6rx69iqg,50015,0,pretrain,SC3DVeWT09w,00009,-6.8569049672295534,5.568
train,pretrain,3icoSeGqQtY,00016,0,pretrain,73cTNHEQhkQ,00009,6.401640999775378,4.096
train,pretrain,1G8dQQrlbbA,00001,0,pretrain,UoruUSrndBA,00013,0.7294086919606695,9.536
train,pretrain,GYzLcpN8dso,00008,0,trainval,R1vskiVDwl4,50007,-3.9976102620917953,2.88
train,pretrain,0sYguTPLpHE,00055,0,pretrain,xPK2Ch90xWo,00011,-8.683975390053424,4.416
train,trainval,zyet9fPS24k,50007,0,pretrain,syqScVtnKuU,00047,0.26773806994172844,4.096
train,pretrain,CFADnhYKDHg,00025,0,pretrain,Syi9bqfFIdY,00029,-6.0811523607818785,8.32
train,trainval,cI9vSC1eQ18,50005,0,pretrain,ztGkmruGPqM,00011,-5.790858214006658,6.208
train,trainval,sDfhSIKFGz0,50001,0,trainval,IHBGLHgIWJM,50001,9.796299549948067,3.968
train,pretrain,XBaRdmEVy8s,00024,0,pretrain,r92jUj7gNRw,00044,5.069940748852167,5.44
train,pretrain,MOptnpjKJOM,00023,0,pretrain,nItwVO9stX8,00006,3.1331488544363157,5.056
train,pretrain,2MYsx6WArKY,00008,0,pretrain,2cYDyMnL4M8,00041,1.4884646653267275,6.336
train,pretrain,8jkri0AeZWQ,00023,0,trainval,PlQ3VdvvTvE,50009,-8.637446994109517,6.08
train,trainval,Qi8MoU6g8Sc,50005,0,pretrain,xossR6eHv3I,00006,4.349581611218909,4.288
train,pretrain,HS8y0WLm78U,00068,0,pretrain,2tcEgqTWbxQ,00023,2.3812127642799403,5.76
train,pretrain,jpeSLKnS4gM,00005,0,pretrain,g9M3HIjHuq0,00008,-3.6247001262645266,3.776
train,pretrain,pbSSrJGgVIo,00043,0,pretrain,36m1oStM05g,00005,6.665125062191027,9.28
train,pretrain,4rttG3xyHcw,00014,0,pretrain,LsESSyMnwmU,00009,3.2482070387317137,4.096
train,trainval,DEmjzXi2lfI,50022,0,trainval,BT2XlI8oeh0,50013,9.370651890724677,4.544
train,pretrain,hgui64Kr0Go,00027,0,pretrain,UzuUljhS9uI,00040,1.0437601586404028,6.08
train,pretrain,hupHAPF1fHY,00034,0,pretrain,wAIP6fI0NAI,00051,7.287659343445341,4.736
train,trainval,uSTmKo75gJI,50005,0,pretrain,rAA8mMQi0is,00004,8.803107550708166,5.888
train,pretrain,OSGHRMKrVM8,00037,0,pretrain,YodRXxzhb7s,00004,-9.237361362993619,3.648
train,pretrain,jTfGAHroSSI,00009,0,pretrain,AS3Pyc4Qr2Q,00033,0.7017753249798879,6.4
train,pretrain,vvlozhvQPJw,00008,0,trainval,Zctk6MZaxMk,50013,-8.94393500504044,2.56
train,pretrain,RjgBko1p5wY,00005,0,pretrain,6k8YBJ5sgko,00022,-7.891134629888816,4.544
train,pretrain,tF1oSdNwE8c,00025,0,pretrain,hZ6uYagzwVE,00010,-6.758287977139423,8.064
train,pretrain,HoyNrlMNBvw,00004,0,pretrain,VohNDqzWP9E,00001,4.675242548744061,7.488
train,pretrain,Q0lARjgVnIU,00005,0,pretrain,mY2LIQbiGbo,00005,7.583151679614755,25.856
train,pretrain,tiwVMrTLUWg,00007,0,pretrain,IDSSieLCmS4,00046,-1.8342341267765416,3.712
train,pretrain,DUd8XAS5HEk,00043,0,pretrain,ol1b5mMeP7s,00013,-7.266289216677975,4.096
train,pretrain,jFd96USLjbM,00010,0,pretrain,bVJSSyLT3xo,00006,-3.304481193063646,7.36
train,pretrain,LoXAAEy6YQU,00040,0,pretrain,G2Y6Am46eVU,00040,-4.846956734529213,4.736
train,pretrain,HzySGhX8SCc,00002,0,pretrain,cgxZ4H3gJ8c,00029,2.6781475209103345,6.272
train,pretrain,bjNSaXg4S6Y,00018,0,pretrain,jxMvDpIeu9U,00002,3.0303512537252626,3.328
train,trainval,2tcEgqTWbxQ,50033,0,pretrain,HsSvPqfsO0Q,00008,4.07159360047447,3.008
train,pretrain,h4MhbkWJzKk,00007,0,pretrain,8m5Ebx6nuGE,00028,-0.13987074860519577,6.912
train,pretrain,mMasmrJOmEo,00022,0,pretrain,kU0ei9ApmsY,00012,0.8417344865660787,3.968
train,pretrain,TT6qWghHkFI,00005,0,pretrain,eh3cdTlh7VM,00021,1.181526929663228,5.696
train,pretrain,IxjwJ0Y1bxE,00008,0,pretrain,Oe1cDSPfbh8,00003,4.006897242298148,15.296
train,pretrain,YO0lbdhF30g,00018,0,pretrain,jpeSLKnS4gM,00035,-9.011810734176237,8.32
train,pretrain,CRSLBcZgS84,00007,0,pretrain,8n5O9tz30So,00021,5.0059889789082455,6.016
train,trainval,NdKEy6vcCMw,50004,0,pretrain,gXvblfSgwg4,00029,-9.240393100668554,3.84
train,pretrain,o8NPllzkFhE,00033,0,pretrain,ErexJkoDhGI,00039,-9.479364568817015,5.376
train,pretrain,mS8tQSTYLgk,00012,0,pretrain,2EeqUSQMjbw,00017,5.2324641619272665,6.528
train,pretrain,vdDFLzyk94k,00022,0,pretrain,kSva30kSgHM,00006,-0.9736918576523763,9.856
train,pretrain,1krVk4CMy98,00004,0,pretrain,klUoJxGv9wg,00012,1.0662042499929907,5.504
train,pretrain,SCEKKHyxgaw,00040,0,pretrain,deT1mILtFEY,00020,8.888237775137394,6.656
train,pretrain,eHlu6ViSwxo,00002,0,pretrain,JiwZQNYlGQI,00037,-0.05049960671403042,9.728
train,pretrain,GIt6Z0k3PQo,00005,0,pretrain,DM1SDVSFhc4,00010,4.4520443047944465,5.568
train,trainval,ZBrbHy7l3tg,50007,0,pretrain,FD5ZKiSmoMU,00069,8.057182510332964,4.288
train,pretrain,6qTfX4U6CS0,00044,0,pretrain,5l4cA8zSreQ,00019,0.5312714455691996,8.768
train,pretrain,E5BOBs3Nmbw,00011,0,pretrain,y9KeyKVuLHU,00022,5.423025835486882,3.456
train,pretrain,vYV4tAq3wVg,00043,0,pretrain,zvwQXwJyaj0,00020,-2.4531880245456827,5.056
train,pretrain,rGaj2VImQec,00012,0,pretrain,kfAxGhOS3S8,00006,-5.2849325853190665,7.168
train,pretrain,D9S6G8J6VJg,00016,0,pretrain,ppr6UyfBMlA,00003,-1.9219961257610159,7.168
train,trainval,HQIi3nUXh0g,50017,0,pretrain,SJ5bDhMP9lQ,00018,-6.549794951309997,5.44
train,pretrain,zGEDHMF4rLI,00045,0,pretrain,mWA2uL8zXPI,00012,-0.9496492478345679,4.416
train,pretrain,iW4fCwfw1vg,00009,0,pretrain,Un2yBgIAxYs,00042,-3.7364588654741944,7.104
train,pretrain,sS9ys09BkGE,00005,0,pretrain,k5tCYg9s0HU,00015,-2.8434402683382087,12.608
train,pretrain,DEmjzXi2lfI,00005,0,pretrain,p9UC0chfXcg,00023,-0.14344847818895445,3.968
train,pretrain,WDbxqM4Oy1Y,00020,0,trainval,h0dSQDgl3gI,50013,-8.279654399186038,3.52
train,pretrain,NDQ1Mi5I4rg,00006,0,pretrain,rufeSSlZJg8,00028,-8.12866587802294,8.384
train,trainval,z9sa2ZAqHl0,50002,0,pretrain,xeFl0RE31x0,00018,1.9908730972736919,2.176
train,trainval,XLi6iYnnsGc,50012,0,pretrain,19Hj93IgbeQ,00011,8.021032275351804,6.08
train,pretrain,b6uOb1fm5bg,00004,0,pretrain,cSiNSQubRs0,00019,0.3069935360375915,5.76
train,pretrain,U1a72bvusS0,00014,0,pretrain,acNGOQO7URc,00015,7.103203662389856,5.696
train,pretrain,MtSE4rglxbY,00026,0,pretrain,WoSHlZ54b6Y,00010,-3.6614752106004183,6.016
train,trainval,3DsHHfu4Sco,50002,0,pretrain,lV3trdyDdHE,00009,-1.293164938443569,3.008
train,trainval,H2rG4Dg6xyI,50060,0,pretrain,gDS1Eh6rqf8,00029,1.871542896463552,4.928
train,pretrain,y9Trdafp83U,00004,0,pretrain,h4mmeN8gv9o,00007,6.735812368817157,11.2
train,pretrain,QbxinUJcLGg,00030,0,trainval,f6CILJA110Y,50055,2.4364248876982497,6.08
train,pretrain,3WMuzhQXJoY,00003,0,pretrain,vY2l2xfDBcE,00010,-3.3247082245515003,4.16
train,pretrain,Qa2HpQI1Ufg,00006,0,trainval,0OkOQhXhsIE,50017,5.8318720240737925,5.696
train,pretrain,iq5lXSj6Prg,00034,0,trainval,6k8YBJ5sgko,50009,-6.202529267514754,5.568
train,pretrain,o0td5aw1KXA,00052,0,pretrain,OT9poHSD2Iw,00005,3.002376240323869,5.952
train,pretrain,sFNmulAb4wM,00029,0,trainval,y8qc8Aa3weE,50005,9.683700148806892,2.24
train,trainval,53P0aypkpXY,50018,0,pretrain,EBKSa94IFHY,00025,0.6592465706480048,5.248
train,pretrain,bS7A7S8AZSQ,00005,0,pretrain,r9LelXa3USI,00027,-0.852468539986674,8.256
train,pretrain,t9c7aheZxls,00005,0,pretrain,N7wF2AdVy2Q,00008,6.421171937523013,8.192
train,pretrain,LMrzdkSYnYY,00011,0,pretrain,URSuWwvpn5c,00014,0.3107968983957843,8.64
train,pretrain,0MMSpsvqiG8,00011,0,pretrain,jzfV2xVsUKc,00030,1.4434434345658183,10.56
train,pretrain,lkzoQuzlW4M,00011,0,pretrain,gbDraZi7FS4,00012,1.265399711857924,11.392
train,pretrain,vcfrsYWFR78,00011,0,pretrain,JLLpWtHbMAo,00037,1.4452317487098814,3.776
train,pretrain,IU1i2IlkLbU,00001,0,pretrain,raCIUeGUr3s,00039,1.7827378940424694,7.68
train,pretrain,AhUhpfKeLus,00004,0,pretrain,tlB1pFwGhA4,00021,-9.081172305929371,7.488
train,pretrain,AhKevstJyrc,00005,0,trainval,Zx8uYIfUvh4,50005,8.795294992391355,2.688
train,trainval,zwjLQgNd7XM,50004,0,pretrain,njESlZa2b10,00025,-8.526963423712328,3.776
train,trainval,DSPWxjBgvF4,50020,0,trainval,qItCBNzqdn8,50007,2.759966027341614,4.608
train,pretrain,jAGgKE82034,00016,0,pretrain,doVRMBPUOhA,00010,4.2998461387581255,4.736
train,pretrain,ZmSF9gVz9pg,00012,0,pretrain,3OMgvtWNHp4,00004,4.956348436249314,6.976
train,pretrain,GJWSZgjz7G0,00017,0,pretrain,DZT6YpCsapg,00025,7.51232597323196,7.296
train,trainval,DWZsOe1j2w0,50008,0,pretrain,HfuZJVpNWR4,00029,7.622270616647388,2.112
train,pretrain,1BHOflzxPjI,00024,0,pretrain,PS2h8hSFphs,00037,4.242688787344417,5.568
train,pretrain,rTJpJlVkRTA,00009,0,pretrain,2L1R7OtJhWs,00003,2.5308786861591166,8.448
train,pretrain,TpC8wNkjSvs,00004,0,pretrain,j3qs0q4RBHY,00009,-8.059714612486955,4.608
train,trainval,jSOPQgPIdKg,50019,0,pretrain,QfODW06Qi8E,00009,-6.107046434030763,2.688
train,pretrain,cRrgDS4SD8s,00001,0,trainval,gUWWt30oZ3w,50007,-6.858376402207147,2.432
train,pretrain,3GFG6Cvy9HQ,00016,0,trainval,30e60EOO5mo,50001,-3.3344858144231164,5.76
train,pretrain,9ebJlcZMx3c,00038,0,pretrain,mzy84VbSGxk,00010,-7.828390764560467,7.168
train,pretrain,qp0HIF3SfI4,00047,0,pretrain,luoKOkTxOtU,00002,-5.935802065913361,4.288
train,trainval,fBQnQTkhsq4,50001,0,pretrain,H3ddtbeduoo,00017,-1.4081751185617453,5.568
train,pretrain,MOQcSzkKfbs,00016,0,pretrain,YodRXxzhb7s,00015,-1.0236055886349078,3.968
train,trainval,cQvDUTOOkiI,50005,0,trainval,zuAj2F54bdo,50017,-0.7841780259034277,2.048
train,trainval,S6BLFdBfgfU,50005,0,trainval,ZBDablzQ9ts,50008,-9.54552530369746,3.52
train,pretrain,N7wF2AdVy2Q,00039,0,trainval,a4ZBzM3L6ws,50001,1.3691774020263576,4.48
train,trainval,qFza3W87eDg,50011,0,pretrain,ac0E6deG4AU,00004,-6.852316685218797,5.696
train,trainval,Ftow7dSpaiY,50002,0,trainval,Nhwq12TKkQQ,50004,-5.590623838857374,4.16
train,trainval,vMwPTI54rqQ,50010,0,pretrain,btF6nKHo2i0,00019,-2.1831644239194414,6.08
train,pretrain,u7SWcQaoaRQ,00020,0,pretrain,rCplocVemjo,00011,8.435896717751405,5.952
train,pretrain,93hbqLBpSHI,00011,0,pretrain,SgOTaXhbqPQ,00016,-0.09811078611378043,3.456
train,pretrain,NP8xt8o4S5Q,00006,0,pretrain,mMasmrJOmEo,00006,-3.2969850316313813,4.48
train,pretrain,py1RrSdVt5A,00010,0,pretrain,VYU25aJpg5o,00033,7.2723962824358495,9.28
train,pretrain,0wpCZxiAQzw,00024,0,pretrain,t1sYh9itUvs,00031,-1.5186369385663951,4.736
train,pretrain,mguvTfAw4wk,00007,0,pretrain,BQOz6OVz1zc,00039,8.823128556862432,7.04
train,pretrain,8HplGZBS7FY,00002,0,pretrain,KkYuhwr3esg,00006,-1.3022729221052636,13.696
train,trainval,BA8XOF6IpXA,50006,0,pretrain,TDCYJ3Sgx2w,00023,-9.126824838167728,5.504
train,pretrain,4oFGmxZ2nqE,00002,0,trainval,x8QxdldkPNM,50005,5.2272504949469845,2.304
train,pretrain,zwjLQgNd7XM,00013,0,pretrain,QoTSdOkjEVs,00021,0.4483692494548741,20.288
train,pretrain,SpUtz75lNaw,00007,0,trainval,DSPWxjBgvF4,50007,-0.8242427665504248,6.016
train,trainval,TUtxSwC5mqA,50004,0,pretrain,CiJ6ybBSm10,00029,-7.396698342466199,3.072
train,pretrain,SwiaaqKdtjw,00009,0,pretrain,v7UKkzIaSsQ,00015,5.0795156611312375,6.208
train,trainval,hVsnkRoYfX0,50014,0,pretrain,VNGFep6rncY,00005,1.643037339534274,2.688
train,pretrain,hj7wkh6nONE,00017,0,pretrain,9usocDBGnvA,00003,9.683729284843853,8.704
train,pretrain,xkq8drS5ofs,00011,0,pretrain,8woKcr7uSYQ,00034,-3.067422848549657,6.336
train,pretrain,1O2l1dcSohA,00014,0,pretrain,lGbuCmuTJHg,00038,-2.894457281943872,2.688
train,pretrain,GlUS6KE67Vs,00024,0,pretrain,rEgSZNB3qyI,00005,-6.655223845976206,3.968
train,pretrain,WWRXOqYwRkM,00009,0,pretrain,B5MkpzMAOZM,00026,0.6921904413518583,7.296
train,trainval,mgBsSW5CFnw,50001,0,pretrain,nC06omDS0kA,00013,-4.756990995017347,5.76
train,pretrain,o5ojwGhKr20,00007,0,trainval,1mUDw0sRZV0,50001,-5.515378874922523,2.432
train,pretrain,3uFbJG6tBpI,00027,0,pretrain,ARGkp6am3S8,00008,-7.074160072993141,4.16
train,pretrain,vFPkEIGUofc,00029,0,pretrain,USnf5kbsMlg,00006,6.6124782583975446,14.016
train,pretrain,FXYFLK0KZio,00002,0,pretrain,twG4mr6Jov0,00022,5.9102931920237705,8.256
train,pretrain,bpi6us7wQfE,00034,0,pretrain,lVwBFWmgIDI,00003,-3.0154791485814165,4.992
train,pretrain,SwaBFUgSoT8,00009,0,pretrain,ANFQPEkczYc,00018,-9.739113795623748,12.16
train,pretrain,QS0p8ZpBq04,00016,0,pretrain,gevXeQwS1jg,00013,-3.3685538080703754,8.64
train,trainval,lWnrS99DNeE,50001,0,pretrain,N9HF8mMe2pU,00015,-5.894621227564194,5.952
train,pretrain,8jkri0AeZWQ,00005,0,trainval,2SIk5ofBKco,50002,-6.216181170611592,6.016
train,pretrain,wxCtIdI3xL0,00006,0,pretrain,XBcPFhg0BC8,00010,-6.956730836858047,8.832
train,pretrain,mw2z9lV3W1g,00015,0,pretrain,dcySuzHPCWM,00028,-8.964108583200936,2.24
train,pretrain,NRcPXtqdKjE,00039,0,pretrain,Cv8ttNerBEg,00003,-6.112935218006577,3.2
train,pretrain,XiSPD5aZT7Q,00002,0,pretrain,UxXOi6Zwm7Q,00007,3.970774685672323,7.36
train,trainval,CyElHdaqkjo,50004,0,pretrain,9YR8jNtV4BE,00050,-7.909443518614228,3.2
train,trainval,hVsnkRoYfX0,50029,0,pretrain,3LmjSv8N8hE,00002,7.4682921551007695,4.544
train,pretrain,VGpZ06RlVfI,00008,0,pretrain,UMSWdzT6rV8,00006,-3.8401901730301446,10.304
train,pretrain,9SuptXUPZxQ,00003,0,pretrain,iKEtQSzz4GA,00009,3.505754866265301,6.336
train,pretrain,Kaq7FhvOtE0,00007,0,trainval,vYV4tAq3wVg,50001,6.753114652879582,3.84
train,pretrain,pkZtRzc9rFQ,00005,0,trainval,pF72px2R3Hg,50001,0.2196746416121549,2.88
train,pretrain,SZSc5UCSZS0,00008,0,pretrain,9EVEmZ2cSes,00018,-9.944876502307942,4.16
train,trainval,qykSnLkPM7E,50004,0,pretrain,vvlozhvQPJw,00022,-4.399744073599628,2.432
train,pretrain,Eewvsw027jg,00017,0,trainval,7POkIJfbMyU,50026,-9.997289968549428,5.76
train,pretrain,JNSgdmKysxA,00028,0,pretrain,Qs9m8obl0AY,00006,-1.2121155647385962,6.336
train,pretrain,97rrxS1yBU0,00014,0,pretrain,S4XXhSwYASk,00006,7.349500497618898,13.12
train,pretrain,gLDQr9i7LkM,00038,0,pretrain,5pGWV4KBDUs,00008,5.725097638068606,5.76
train,pretrain,NMBNZspmn7I,00028,0,pretrain,0HEXx3SP8kk,00007,1.672943534041412,3.84
train,pretrain,bCjfy8Z7dv8,00003,0,pretrain,rB6WmWvvyxg,00004,6.237573412814427,8.192
train,trainval,Re53vgaVFvI,50002,0,trainval,ESNiCniw0JE,50002,7.181585079900671,2.112
train,pretrain,pWrgvI4nyyg,00012,0,pretrain,GUSLEJB9SLU,00010,1.769919459552547,3.776
train,pretrain,sGXeX7PPrCI,00012,0,pretrain,iUbfRzxNy20,00014,0.4172817358885119,14.4
train,pretrain,1isiSaTSXb8,00020,0,trainval,qAYqK9lAxic,50011,-8.052649194961836,4.608
train,trainval,mwrLVvORugw,50005,0,pretrain,jSdBXFkQ3S8,00020,8.356329284109439,5.248
train,pretrain,MSE5Vryrd0I,00001,0,pretrain,1O2l1dcSohA,00018,-8.510458523622958,11.648
train,pretrain,x3AwnkR92EA,00008,0,pretrain,sAMahX5hIgU,00012,-6.7946012581701005,6.784
train,pretrain,KSzkPSW4Hik,00026,0,trainval,F2hc2FLOdhI,50006,9.379105356612989,6.016
train,pretrain,iq5lXSj6Prg,00031,0,pretrain,qYfEYvo96Hg,00001,0.7391628757587743,5.248
train,pretrain,QJ28IC63hlI,00024,0,trainval,DkyMCCnNI3Q,50020,7.1748405773384825,2.944
train,pretrain,4xnVNvd8lBg,00001,0,pretrain,DWoAShyDSsY,00009,1.5794904211285576,3.52
train,pretrain,fCKNScHMBGE,00005,0,pretrain,3WMuzhQXJoY,00016,5.1177626910339935,13.184
train,trainval,YsUAEFJsOdA,50004,0,pretrain,QxkxcsrveLw,00003,7.5571769078875235,4.096
train,pretrain,J6tgYBMXR6s,00032,0,pretrain,nLecuOcB3dA,00009,0.7816992855270257,2.88
train,pretrain,L7CqpVQDL0E,00002,0,pretrain,R5PHGMRoZMA,00003,-7.657629282496858,3.584
train,pretrain,aL00a3sfnYM,00004,0,pretrain,BGRy5VUSLfI,00030,3.2488377603638483,4.864
train,pretrain,iKHTawgyKWQ,00023,0,trainval,z4kwU6z6ORg,50008,7.33965270023317,4.16
train,pretrain,MJKSdMlATmM,00017,0,pretrain,PgCmT0qkfQM,00001,-6.134740424382194,3.264
train,pretrain,1gAQ82IHyZ8,00014,0,pretrain,SbphPa7Wp4c,00025,4.310832334231904,7.488
train,pretrain,4EUAMe2ixCI,00055,0,pretrain,fDzj9vRw5yM,00018,-4.147591370818013,4.8
train,pretrain,HV4loecFZh8,00003,0,pretrain,78nsxRxbf4w,00009,6.239093061930024,3.776
train,pretrain,dnMeyvtJpsk,00006,0,pretrain,KOtFDsC8JC0,00013,-2.6859808105622403,13.504
train,pretrain,h1Yg1rURKR0,00022,0,pretrain,5HL1BEC024g,00013,5.9458127684434565,4.224
train,pretrain,Uq1idqpX9SA,00038,0,pretrain,aT6vIq6S1OE,00001,1.2889441979239695,3.84
train,trainval,BwC4WRKi5QY,50001,0,pretrain,goiyLgCzgSI,00011,-2.3578606771038757,3.328
train,trainval,RsiLLNziScM,50001,0,pretrain,1BHOflzxPjI,00010,7.353123143282016,3.008
train,pretrain,58eTdyeVwbA,00026,0,pretrain,CSUmoS40pqA,00034,-3.9159888054644583,8.192
train,trainval,SFOCpMAww28,50002,0,pretrain,9SGSSQssNj4,00006,-0.7453597167784753,6.08
train,pretrain,b2qM1ISJCEQ,00011,0,pretrain,P1sbSJK1LiI,00007,-6.1477095222570055,4.736
train,pretrain,DJMhz7JlPvA,00010,0,trainval,ZHOyfyGwpes,50001,-9.232852737284276,6.016
train,pretrain,pY6ulSP70HY,00024,0,trainval,mA1vshSuyQU,50008,3.6702139629451587,6.144
train,pretrain,SSy6CJLMuiw,00008,0,trainval,tiwVMrTLUWg,50004,-3.8453824020904577,3.2
train,pretrain,4mJ1aHFPS1M,00006,0,pretrain,OkTERUQUvpA,00002,-0.444663081771262,3.776
train,trainval,rtcrqLWZrS0,50005,0,pretrain,lXNE4MD2X2w,00001,2.2847782341184946,5.376
train,trainval,OPtxa35JU6Y,50001,0,pretrain,MKlx1DLa9EA,00003,8.369649624306497,4.608
train,trainval,Mb8x6vLcggc,50011,0,pretrain,dk60sYrU2RU,00020,2.8608841861102654,2.688
train,trainval,xTMZJvfzxGY,50015,0,pretrain,XiEQmcZi8cM,00008,-1.6015454560682016,2.048
train,pretrain,vFPkEIGUofc,00012,0,pretrain,ttRhMPgpoOQ,00034,-4.755312986522919,4.928
train,pretrain,pwdPxj3gHQ0,00005,0,trainval,Erm4vP1vTn8,50010,-2.4851673873442177,4.416
train,pretrain,ZBrbHy7l3tg,00034,0,pretrain,lVQ3KUTHDe0,00037,9.333467736261547,4.416
train,pretrain,SK095wuESeE,00033,0,pretrain,AgMOJC5R4F8,00008,-6.433780652806512,5.632
train,pretrain,DOvbl3ZPPV4,00006,0,pretrain,9YGZkgkj3fM,00003,0.7287092511202697,4.608
train,pretrain,zwjLQgNd7XM,00001,0,pretrain,maMU4XZYdtQ,00001,-3.805175015284636,6.016
train,trainval,gEH4gSeSt3g,50007,0,pretrain,VvpUZjRVoBI,00005,-4.257303962116343,4.096
train,pretrain,rptMkkcM9Sk,00006,0,pretrain,GqGksNRYu8s,00027,9.923703744724481,11.136
train,pretrain,KE3SK9M3JjY,00004,0,pretrain,7PwvGfs6Pok,00008,-0.35875463159700693,4.8
train,pretrain,NRcPXtqdKjE,00040,0,pretrain,ay8OMOsf6AQ,00026,-7.492372816926207,4.608
train,pretrain,dk60sYrU2RU,00011,0,pretrain,kZt3DNCcEtA,00002,1.6880198714269294,2.304
train,trainval,0N6cjPWqpSk,50001,0,pretrain,0C5UQbWzwg8,00031,-4.5487733452975565,3.392
train,pretrain,j51HsRILGKI,00002,0,trainval,NjpXs8Ymr14,50006,0.47978278910794003,4.544
train,pretrain,buRLc2eWGPQ,00037,0,pretrain,0tqq66zwa7g,00013,0.3177720986602033,4.48
train,pretrain,KyamsZXXF2w,00004,0,pretrain,x5mionzBMlA,00005,6.423645851766327,3.648
train,pretrain,mt4oSR9wzrs,00014,0,pretrain,7pVPmmwSeJQ,00003,-1.1132751916806995,5.44
train,pretrain,7hWUhEA6hxk,00019,0,trainval,asgdGSGQBgY,50004,7.534588119462523,4.736
train,pretrain,o9NUy12lgs4,00015,0,pretrain,atKSMfx4E3I,00026,3.987509352667713,5.056
train,pretrain,nw6u3fk88pY,00013,0,pretrain,1VRgmKiE0Js,00022,5.391917881494324,11.072
train,pretrain,OSz2v42F0E0,00019,0,pretrain,mSQmfZOVNPw,00012,-2.5591513897454687,3.328
train,trainval,7DLzXAjscXk,50074,0,pretrain,IDSSieLCmS4,00042,-2.601611162028272,2.944
train,pretrain,zIwLWfaAgS8,00042,0,pretrain,lwcvhh4pLjE,00037,-4.724427459014731,9.536
train,pretrain,YMyofREc5Jk,00001,0,pretrain,5pGWV4KBDUs,00003,7.6070668586350045,9.856
train,pretrain,WCj82W7XkjI,00011,0,pretrain,hha0NsYXS5c,00015,7.385589240451296,8.96
train,trainval,DUd8XAS5HEk,50004,0,pretrain,0YeVt2kpSSo,00025,-0.7419546410198148,3.136
train,pretrain,1X8b7mXImVM,00012,0,pretrain,MQtWJARMoLw,00020,9.610102316667938,4.608
train,trainval,YAV96XSdMQo,50022,0,pretrain,CBJMFvcR8PQ,00002,-7.341142271802312,3.264
train,pretrain,dskNubEgzCk,00031,0,pretrain,0P0mBj09vwk,00010,-6.922466504495402,7.296
train,pretrain,JD4O7ama3o8,00039,0,pretrain,SS6ZojCzNGY,00023,-7.2433318255064965,4.16
train,pretrain,GqGksNRYu8s,00005,0,pretrain,4O2JKS94g3Y,00009,9.842087239958172,9.28
train,pretrain,8rZzHkpyPkc,00012,0,pretrain,sGXeX7PPrCI,00017,-4.570492249236057,5.76
train,pretrain,bmmnEJ4rtCI,00015,0,trainval,BYeYVuqD8kU,50007,-5.435345650325751,4.288
train,pretrain,arj7oStGLkU,00014,0,pretrain,iFTWM7HV2UI,00037,-5.3555241183623,4.288
train,pretrain,zORUUqJd81M,00034,0,pretrain,qH66lTtW4Hg,00013,-9.596204943795673,8.704
train,pretrain,zuAj2F54bdo,00006,0,pretrain,JiwZQNYlGQI,00001,7.9608256883490505,8.704
train,pretrain,LN820hIQ17Q,00001,0,pretrain,7HD3lrb6VtM,00009,3.4416800671652545,4.16
train,pretrain,eQdFkSSgHYo,00021,0,pretrain,PcQwHHbjZ0A,00039,-8.441275148962342,11.136
train,pretrain,moS9iMlmsP0,00032,0,pretrain,BsFxokC02sg,00027,4.920487349061272,3.328
train,pretrain,Pro06WQG77M,00010,0,pretrain,w96osGZaS74,00006,4.803280487300965,4.288
train,trainval,5Yikqlc7yl8,50001,0,pretrain,CXvUdCdKTJY,00015,-0.7681401640190231,2.368
train,pretrain,saXfavo1OQo,00027,0,pretrain,7n9IOH0NvyY,00011,-2.6079255131723826,6.912
train,pretrain,XGq3MXQlRJs,00034,0,pretrain,60P7717SXOQ,00020,-5.350014283127383,7.68
train,trainval,bSiGZPtWXzE,50019,0,pretrain,LZXUR4z2P9w,00028,-9.944858131302958,5.376
train,pretrain,CGksAjzI0go,00047,0,pretrain,uYaF8pSTNSU,00064,-5.8916444377416655,3.904
train,pretrain,ljqra3BcqWM,00009,0,trainval,DsSrzoyyfF0,50022,6.738262253979332,4.352
train,pretrain,9yEl0SbCA9M,00001,0,pretrain,WQ82Uukl6rg,00005,2.549256504987911,8.32
train,pretrain,mA1vshSuyQU,00009,0,pretrain,gBkIyJ7kfSI,00069,-2.590745074027751,9.792
train,pretrain,3uFbJG6tBpI,00020,0,pretrain,vMiSf7LpFQE,00001,7.497467264209757,12.48
train,pretrain,HQzXqjT0w3k,00021,0,pretrain,mUJdzaLDRIo,00040,-9.890058509876445,8.0
train,pretrain,aFDKHFsVRnY,00001,0,pretrain,wN3ovSzal3g,00009,0.12837895686126544,6.08
train,pretrain,cAGFKYNrQgY,00004,0,trainval,ALTvG9MIR64,50009,9.472050626612347,4.608
train,pretrain,arj7oStGLkU,00009,0,pretrain,o3oDpCb7VqI,00002,7.894113423931344,6.336
train,pretrain,kvpUiBqHoVM,00008,0,trainval,DUd8XAS5HEk,50017,-0.7411004379141328,2.432
train,pretrain,jJXMvOqS5bM,00016,0,pretrain,GpKrM8GQwOg,00015,-5.720858659439491,13.952
train,pretrain,S9gAgInOV8w,00004,0,pretrain,aeiSXpmMQys,00002,-0.8910532020473898,7.36
train,pretrain,CFrrgfEuMwc,00018,0,pretrain,ljqra3BcqWM,00032,-4.0199569727336115,7.04
train,trainval,acJscdoP2a4,50020,0,pretrain,4YS3gGpnPe8,00006,-8.286734182610822,2.048
train,trainval,U7fFCaHZvVk,50001,0,pretrain,1z3Fgtj8fqk,00039,-8.931534083608657,4.608
train,pretrain,3GVOSMfIl1Q,00012,0,pretrain,3nsoNSLS8RQ,00009,-4.336779582712696,2.88
train,pretrain,5pW2b1vwwf4,00052,0,trainval,mMasmrJOmEo,50002,-4.806896296114315,2.752
train,pretrain,GROCkg810R0,00035,0,pretrain,N7wF2AdVy2Q,00041,-8.353767780501581,6.4
train,trainval,MKKGS38vCO8,50006,0,pretrain,FPhZGDS6kVQ,00023,7.798311275912617,6.016
train,pretrain,l5d8GW6GdR0,00020,0,pretrain,uS3UYncNwz4,00023,-4.724739206865422,15.808
train,pretrain,wD3S6JIUF7M,00010,0,pretrain,ZIhFcjcc568,00006,4.902467325860247,13.376
train,trainval,B4xOFsygwr4,50016,0,pretrain,RhgrbQmYOSY,00011,-0.02437838027705297,3.968
train,pretrain,5aH2Ppjpcho,00026,0,trainval,hbG89FYKzaY,50011,-8.002330928647742,5.632
train,trainval,B4xOFsygwr4,50020,0,pretrain,tn9SnXzSc4g,00003,2.7321936620068694,4.224
train,pretrain,rN7VcY1fS1Q,00015,0,pretrain,SYHG5y4tvLw,00010,2.9273364151788996,3.84
train,pretrain,nSOSNWblMNE,00001,0,pretrain,Wgt8QUHQjw8,00031,8.033950980055135,3.264
train,pretrain,LmPBNaO1c58,00004,0,pretrain,iAZwvTV3CyQ,00016,2.749175044078381,59.136
train,pretrain,NP8xt8o4S5Q,00025,0,pretrain,UvbFr0eSsg8,00023,-3.4653482771487916,3.776
train,pretrain,Acsv55lctGY,00007,0,pretrain,NMBNZspmn7I,00044,-4.329202731449266,4.032
train,pretrain,dvuh1Np35Pk,00026,0,trainval,uSTmKo75gJI,50002,5.7797991576595145,6.144
train,pretrain,oPpE0AGqFuk,00006,0,pretrain,1TYPldG99dk,00004,0.7881954260796853,8.256
train,pretrain,o1abyP4zfGg,00013,0,pretrain,3VwxWDVKs8k,00019,8.80575988895568,3.84
train,pretrain,7SfQLQ7eyA8,00028,0,pretrain,VynSxLrtZaY,00021,8.847427007516927,14.208
train,pretrain,tNKdc6Lxcvo,00001,0,pretrain,HjnclEhy960,00001,-0.24078366711032118,9.728
train,pretrain,pX8zZdLw7cs,00007,0,pretrain,dE1DuBesGYM,00020,7.081243806368583,6.976
train,pretrain,ZLgGoHXp8s4,00003,0,pretrain,sYOS4qOHxdg,00018,6.589271924239316,6.336
train,pretrain,r4KQfepEqWQ,00011,0,pretrain,XFOkSdlPafQ,00020,-0.3895141504064483,16.64
train,trainval,BoRUrWcdkQ4,50008,0,pretrain,3UFGqjWcVU8,00007,-2.1989545349075073,3.008
train,pretrain,eMSonXncSjA,00009,0,pretrain,LI8ix9IghkY,00008,-7.232188910671917,13.696
train,pretrain,DwYQHj7Hmik,00006,0,pretrain,Mr8nvXvlSy8,00014,9.242248717280379,8.128
train,pretrain,p0p45l9NMto,00012,0,pretrain,cPL2FE7ZPTg,00009,-9.531040060342521,2.56
train,pretrain,vPhM8lxibSU,00009,0,pretrain,5tUnSuoYKoE,00029,5.261293824927293,5.376
train,pretrain,jVBp2nDmg7E,00011,0,trainval,cpsRAk5HpK4,50015,0.012469509174996674,2.944
train,pretrain,UQkIbUvcs7w,00020,0,pretrain,exjlR7izakg,00015,1.0731472013100287,13.888
train,pretrain,UyUXxrSS3qs,00002,0,pretrain,SGzenQjZSpU,00008,-5.8375479648435284,6.336
train,pretrain,mZqL7MC8Eys,00026,0,pretrain,VMwjscSCcf0,00003,-7.448708059354743,8.896
train,pretrain,xNiBDGBw4Zs,00026,0,pretrain,q49LtMyXK7Q,00006,-8.056745022975182,12.864
train,pretrain,X98Fbe0Ccis,00011,0,trainval,kCOV51S7Xqg,50002,-5.139674830572025,5.12
train,pretrain,QUUFbS1hBtw,00008,0,pretrain,H2rG4Dg6xyI,00045,5.547426935935409,2.752
train,pretrain,g2J6YOiLNr4,00013,0,trainval,stBSQ6CagVo,50005,-5.1339742237853,6.08
train,pretrain,bczm0RsIZUM,00014,0,pretrain,aiIxdFBA0Sw,00017,6.0350038197867875,4.928
train,pretrain,gSHbRSAcN6Q,00004,0,pretrain,TpC8wNkjSvs,00014,4.532305397898611,22.528
train,trainval,aSLSiIskEFU,50024,0,pretrain,ht1zFl7HyO8,00011,9.866318164101358,3.648
train,pretrain,JiwZQNYlGQI,00028,0,pretrain,cXbXNV9SZAg,00019,-0.6717611276709707,4.928
train,pretrain,FcoJt2KLC9k,00038,0,pretrain,D1QoyTmeAYw,00020,6.473342797728808,3.904
train,pretrain,8m1X26Auw6Q,00006,0,pretrain,Bqx8abrSIYo,00014,5.932641270189006,9.024
train,pretrain,CVdPhUPO5YU,00001,0,pretrain,VfKWd7iXMSo,00026,5.0601471305438785,5.44
train,trainval,sUf1ajkIAhY,50001,0,trainval,QxkxcsrveLw,50001,8.288500093539145,3.712
train,pretrain,eMVWSUeeg8A,00010,0,pretrain,0zbHnOcGbrw,00027,-3.5203817102991746,4.928
train,pretrain,rufeSSlZJg8,00012,0,pretrain,wDxjss7kHRw,00003,-5.794824878708917,4.608
train,pretrain,ofjRnIpXBF0,00005,0,pretrain,Eeas8QU5TzA,00008,0.1474868177748725,5.76
train,pretrain,D9xJl4S6NsM,00003,0,pretrain,4BZuWrdCS9Q,00003,1.1012974240192275,4.608
train,pretrain,KIysMV9wbVY,00013,0,pretrain,jSS03JfgHEA,00004,8.85018743139803,5.888
train,pretrain,3LmjSv8N8hE,00006,0,pretrain,6VnKV1sr5VQ,00009,9.103929951863318,5.504
train,pretrain,lnigGtrwAfs,00011,0,pretrain,VbeovM4RCh4,00014,-0.4290133233495208,32.0
train,pretrain,qP2W2k3L1Ow,00015,0,pretrain,vHhn7z6BA0w,00002,-7.725145145066012,4.544
train,trainval,RuVdkNdeVAc,50001,0,pretrain,1S9RVl1dSl4,00010,-7.463893320203145,4.288
train,pretrain,SmoW9jvvMr4,00002,0,pretrain,6qTfX4U6CS0,00027,-8.456513508471797,11.2
train,pretrain,sjPRN2XGSts,00008,0,pretrain,9usocDBGnvA,00019,-0.24355108527282887,8.576
train,pretrain,asgdGSGQBgY,00003,0,pretrain,zIwLWfaAgS8,00117,3.970338736098757,8.96
train,trainval,K5wCfYujRdE,50002,0,pretrain,VYU25aJpg5o,00023,7.173631099394903,2.112
train,pretrain,6lFvXTxgokY,00005,0,pretrain,cbSts8fUhB8,00002,9.933558965863647,11.264
train,pretrain,xNiBDGBw4Zs,00029,0,pretrain,Z2hFbbG7t70,00012,-7.894119398582831,3.392
train,pretrain,m7SuKQGPMSw,00020,0,pretrain,YhJPoyv8O3A,00002,2.8126861141360955,6.208
train,pretrain,HirySSCYiwI,00012,0,pretrain,es4w3WUcrN0,00007,6.277295984018984,16.64
train,pretrain,R84vqXjXWJc,00015,0,pretrain,c2tOp7OxyQ8,00068,-5.356152221832908,5.12
train,pretrain,IXBalykzauE,00002,0,pretrain,esugL07XANg,00054,-0.9906377878652233,5.312
train,pretrain,SSudEBkC4O0,00007,0,pretrain,3nsoNSLS8RQ,00044,-5.591054298060789,5.76
train,pretrain,F73O3Sim0Wo,00009,0,trainval,7Iv2nZnZOrM,50028,-0.05211158474972599,6.208
train,pretrain,Xw4K07eVuQE,00003,0,pretrain,QeAGu40vZzI,00005,-2.279959164304806,7.744
train,pretrain,iQsnObyii4Q,00002,0,trainval,SyjbDUP1o0g,50003,-6.952653814340469,5.632
train,pretrain,9FBxfd7DL3E,00014,0,pretrain,o8NPllzkFhE,00008,-4.704984531783641,4.8
train,pretrain,SYHG5y4tvLw,00027,0,trainval,5ErKrSyUpEo,50006,2.571212630054019,3.328
train,pretrain,VMwjscSCcf0,00043,0,pretrain,8aSUUhW7SHU,00010,3.0299689270308683,12.096
train,pretrain,uNQujCwCu88,00004,0,pretrain,NjpXs8Ymr14,00010,-5.265975015780498,3.264
train,pretrain,tTvIEUGCigk,00027,0,pretrain,KQEWc3LVfyc,00059,-3.1076188365970747,12.032
train,pretrain,11Mq9ZuxZMc,00040,0,pretrain,K5wCfYujRdE,00007,-6.371806671972724,6.464
train,pretrain,SgjGcBTyScY,00005,0,pretrain,VqtEppZmjfw,00028,5.587294041165244,7.552
train,trainval,sUf1ajkIAhY,50001,0,pretrain,fHhIkynELNQ,00011,5.552132857997414,4.096
train,trainval,rN7VcY1fS1Q,50001,0,pretrain,jSOPQgPIdKg,00030,4.342651263689719,5.376
train,pretrain,YraU52j3y8s,00013,0,pretrain,XS3m37czBfk,00020,4.7730892055744345,4.608
train,pretrain,6Af5tJzSR2w,00008,0,pretrain,ynSrWmoq7Is,00015,2.000190710537561,7.808
train,pretrain,KExLCJAuTXA,00011,0,trainval,L6N06hTuESE,50006,9.473098610569203,5.568
train,pretrain,i1OAMgrsUUw,00012,0,pretrain,dO6AuQR9R7E,00021,8.893596953120824,4.032
train,pretrain,W0StyxgMk1o,00030,0,pretrain,lrZZoCmSnME,00009,5.504649383423089,4.032
train,pretrain,tAReayFqUEY,00009,0,trainval,0YeVt2kpSSo,50009,8.71781191646193,2.432
train,pretrain,fgfQLTIhi1U,00001,0,pretrain,U8XD0CcNhPU,00021,3.016510153220235,10.048
train,pretrain,Z7CtKDNf2RI,00002,0,pretrain,zwjLQgNd7XM,00012,-0.5299979814629392,8.64
train,pretrain,9SQYDFiWnSs,00034,0,pretrain,ab0PKt50RGs,00025,7.2403688942927324,7.68
train,pretrain,WNDWYW4yWEM,00001,0,pretrain,zLNXIXingyU,00035,8.062497030155107,5.312
train,pretrain,CS01Hmjv1pQ,00007,0,pretrain,dsMCVMVTdn0,00014,-1.5770022887856534,3.52
train,pretrain,O9Hfqc3trhw,00006,0,pretrain,Ctz4E2ARkCg,00027,-4.145486845814017,11.008
train,pretrain,Sj2XrT0QN5A,00018,0,pretrain,lnigGtrwAfs,00017,-5.488272807414843,4.48
train,pretrain,Mjl1i13JKNM,00019,0,pretrain,2draXqXZmdM,00001,7.810577249347457,7.936
train,pretrain,SGMVTJ9ZKVc,00024,0,pretrain,gK2AkxzFeDM,00003,8.833307770260678,6.656
train,pretrain,VwRlHLBweoI,00007,0,pretrain,pVQdpofMhwU,00013,4.566091456242612,6.528
train,pretrain,JLLpWtHbMAo,00010,0,trainval,td5Ld3nURAI,50003,-0.5609053800054866,2.752
train,pretrain,dOOtM7ZpAS8,00011,0,pretrain,NwmGTM5Py8Y,00028,6.057172795821884,4.16
train,trainval,04VbxnzUwes,50001,0,pretrain,xnovQVRHj5c,00036,-4.499578626238616,5.696
train,pretrain,AWEpeW7Ojzs,00001,0,pretrain,1U2qMRGihGg,00007,4.506666281971237,4.928
train,pretrain,OEydHbngSz0,00017,0,pretrain,267BlUBordQ,00002,-7.209531875418833,3.328
train,pretrain,bkeBjPS9ZR4,00003,0,pretrain,kOPMqiKhoSc,00020,-4.905029648815498,3.52
train,pretrain,ZBWsmoy5Re4,00039,0,pretrain,piCQ3StcRUQ,00004,3.9933798369460423,3.84
train,pretrain,lzSkIDxbzGA,00005,0,pretrain,apiScBmE6rA,00019,8.869937962896866,4.608
train,pretrain,co2enjjt3J0,00012,0,pretrain,7FecGsXFgcQ,00010,-0.1968580039458807,6.976
train,pretrain,rufeSSlZJg8,00015,0,pretrain,7Oe11XnBvA8,00028,1.3384753176755204,4.416
train,pretrain,SEDvD1IICfE,00023,0,pretrain,WQ82Uukl6rg,00007,3.679057801516425,3.392
train,trainval,TDCYJ3Sgx2w,50001,0,pretrain,Fr26scqsIwk,00019,0.2946804442140749,3.008
train,pretrain,UdsUVjeJuPE,00020,0,pretrain,QC3EbSexmDw,00007,7.75727567874344,3.84
train,pretrain,ZmSF9gVz9pg,00002,0,pretrain,XOU2ubWkoPw,00017,7.864680788157024,3.264
train,trainval,vCCdmGKtxPA,50012,0,pretrain,0bRocfcPhHU,00014,-4.9522983199058395,3.392
train,trainval,lYdk1NK9Sr0,50009,0,trainval,ooUqOwhS2LE,50003,-9.638614372915518,2.048
train,pretrain,u9hauSrihYQ,00039,0,pretrain,UQkIbUvcs7w,00025,4.208066325307511,4.992
train,pretrain,Kp13yOhLEbU,00043,0,pretrain,Y2y7BzjbSNo,00009,5.398712167607895,6.72
train,pretrain,Possj5cXEnM,00011,0,pretrain,WOxSQHtJWlo,00006,-7.395971244001744,6.272
train,pretrain,NIjjaFCADSE,00021,0,pretrain,CyKmpyYy14k,00001,2.6706603442145056,17.6
train,pretrain,nVEvzeIXbpk,00020,0,pretrain,UeKZYCq3s0E,00013,-4.106131734970102,7.36
train,pretrain,UtA860ss1eU,00018,0,pretrain,ShFk6FDrZBc,00020,6.427785621799515,7.168
train,trainval,VehHPwAVL9g,50019,0,pretrain,xSUw0NiseBM,00002,-9.631679296991155,5.12
train,pretrain,wSHYZv6HzAs,00001,0,pretrain,PgCmT0qkfQM,00012,-6.488109595532634,6.848
train,pretrain,HsSvPqfsO0Q,00021,0,pretrain,VeXCU8cjIlw,00002,-0.9497673210915298,4.608
train,pretrain,w3q89BTJj3o,00031,0,trainval,qAYqK9lAxic,50013,6.173256580230397,5.696
train,pretrain,A3yBxsDv8lM,00019,0,pretrain,a2MR5XbJtXU,00015,3.974963175504522,6.656
train,pretrain,Erm4vP1vTn8,00004,0,trainval,h27g5iT0tck,50003,2.782367521581495,6.016
train,pretrain,hz2ONnzRANs,00014,0,pretrain,zaufonUBjoQ,00010,4.414862842676042,13.184
train,pretrain,Maw4XgS6RAw,00014,0,pretrain,lnvkNGc6YYM,00006,-3.67343098682632,13.44
train,pretrain,vzi4AopBEBg,00015,0,pretrain,wZ2TF8SPGQ4,00010,3.0046275632773263,11.008
train,pretrain,IhoRGJlSs8M,00008,0,pretrain,05jJodDVJRQ,00014,6.818117756921854,13.824
train,pretrain,g985z9Wq5gk,00001,0,pretrain,eOU3Tv0vN24,00006,-0.5002009846321815,6.528
train,pretrain,gVLu99Ja2mA,00013,0,pretrain,X55qpYxwoO4,00026,1.6532336033767088,6.272
train,pretrain,n3qA8DNc2Ss,00010,0,pretrain,sG2K1S4M8U8,00004,7.348491316670547,16.32
train,pretrain,pzN4WGPC4kc,00013,0,pretrain,8iZSsHd0IlU,00017,-1.781457484391531,5.056
train,pretrain,0wpCZxiAQzw,00002,0,pretrain,EZSf3Fc0ZRA,00014,-1.6588029388085683,3.392
train,trainval,NDQ1Mi5I4rg,50003,0,pretrain,uSD6RlqHwOk,00009,5.971232245390272,5.696
train,pretrain,WLj0uepcPFs,00013,0,pretrain,F8R7S4AoGhs,00006,8.666709028934338,6.528
train,pretrain,N1R84S5DYEA,00002,0,trainval,yDpnTrF9N6w,50002,2.8341023866105637,3.392
train,pretrain,o08ykAqLOxk,00032,0,pretrain,UQniNhS6LOY,00011,-8.661111128538142,8.448
train,pretrain,NcmxEPOQQzg,00013,0,trainval,CFtsHf1lVI4,50003,-6.95179679374097,4.992
train,pretrain,12OAr0lt4bk,00037,0,pretrain,4KhnSz9FPmU,00012,7.6928771754267515,3.52
train,pretrain,ovV7v2XYJAI,00015,0,pretrain,fvoWoMIwrSg,00006,0.7931944300732745,5.12
train,pretrain,mCZCokSu37w,00021,0,pretrain,fSRWTyY2YSM,00014,-4.445147251493047,5.76
train,pretrain,S7rSSd1fiUc,00008,0,pretrain,MOptnpjKJOM,00010,2.1053843953530382,3.008
train,pretrain,C74amJRp730,00031,0,pretrain,nx3GuO41Jyg,00014,6.10148270185331,5.248
train,pretrain,VJRBx0JjMSM,00016,0,trainval,Ctz4E2ARkCg,50002,-6.086364043737886,6.016
train,trainval,mkdSXHXhCcw,50033,0,trainval,OT9poHSD2Iw,50004,-8.786419276284676,4.608
train,pretrain,8XQ1onjXJK0,00019,0,pretrain,CfqO1U6lfDs,00024,-8.071736002831857,6.592
train,pretrain,CsqSDpmgsQg,00022,0,pretrain,P82edb1SCNs,00005,6.4106386092044865,6.08
train,pretrain,esugL07XANg,00079,0,pretrain,xyIQFI865Sw,00012,-5.221788820579385,9.024
train,pretrain,xqPJKtFI42U,00004,0,pretrain,Cqj0sgrNL10,00007,4.7406774905619535,4.288
train,trainval,ZChEFOGSn8Q,50001,0,pretrain,KQEWc3LVfyc,00016,-8.372912984753718,4.8
train,pretrain,vbHkhSfaQu8,00050,0,pretrain,uVAaZVz9pDs,00054,-3.271799859087774,6.912
train,pretrain,bHLgTUV0XWI,00012,0,pretrain,AjF0rquH11U,00012,7.141833263499844,12.352
train,pretrain,3DsHHfu4Sco,00005,0,pretrain,HuWMO3M1HVQ,00007,-9.532607540982006,3.904
train,pretrain,NtOoDN0ojxo,00016,0,trainval,H6n3iNh4XLI,50021,2.484023465395069,3.84
train,pretrain,dvuh1Np35Pk,00013,0,trainval,nU5gOr1cSxU,50007,-1.196653596322676,3.072
train,pretrain,PuroSL7O4eY,00032,0,pretrain,cGrFSZYPAyk,00006,-1.5281802115189222,14.72
train,pretrain,Hul8htHa9AY,00014,0,pretrain,IL2lb9fmIV8,00014,5.131284380673174,8.384
train,pretrain,7rMYfiRNT7g,00003,0,pretrain,kKSUjBmHqQw,00005,2.995158849596649,2.048
train,pretrain,wyhF7q3Sbpk,00013,0,pretrain,TuD3IerTOms,00030,7.694031199644332,8.576
train,trainval,e8JK3qVGuUg,50006,0,pretrain,7CIq4mtiamY,00002,0.7245853112545557,6.208
train,pretrain,xuAAPsiD768,00027,0,pretrain,ZBuT2wdYtpM,00015,-2.611015682718274,4.736
train,pretrain,3UFGqjWcVU8,00035,0,pretrain,bl8S81JF3b8,00011,0.4008954267476561,7.936
train,pretrain,2BOTS9GAjc4,00031,0,pretrain,KPzccnstSXg,00034,4.248216629126997,6.016
train,pretrain,tlS3r8Gid90,00015,0,pretrain,mkdSXHXhCcw,00093,3.583896648589409,12.416
train,trainval,oXSyMUeAEec,50014,0,pretrain,F0ofeD8VKMA,00021,1.1149316396524362,5.888
train,pretrain,7ZWTG0SeCEg,00015,0,pretrain,fSRWTyY2YSM,00025,4.3870318544371685,9.728
train,trainval,dskNubEgzCk,50005,0,pretrain,8jkri0AeZWQ,00007,-4.0241418156352715,6.208
train,pretrain,iRSjlgWE9GQ,00034,0,pretrain,HH3m1OSiOT0,00027,-7.999703474642439,4.928
train,trainval,ce31WjiVcY0,50001,0,pretrain,esugL07XANg,00016,-3.371876251440151,3.456
train,pretrain,OAK1UIbSFio,00071,0,pretrain,C8OqQ2lmsEo,00014,-1.774763119973418,3.776
train,trainval,XPAG3I8P34k,50009,0,pretrain,xossR6eHv3I,00005,5.416667197868275,6.144
train,pretrain,2xKXLPuju8U,00012,0,pretrain,bB5zR2xYhm4,00007,-7.7611928349970665,6.656
train,pretrain,sNV4yIyXXX0,00011,0,pretrain,1nZ9u2ZoIJo,00011,-3.4536144348401336,16.96
train,trainval,1SPazvfN9EU,50018,0,pretrain,jodhovumkHQ,00005,-7.226283314801332,2.112
train,pretrain,eNC1h5H5cJA,00011,0,pretrain,CQ5dRyyHwfM,00008,5.9781152023241155,8.448
train,pretrain,CiLnSGrcuEs,00026,0,pretrain,2j00U6lUCSc,00008,-0.8216313993002249,6.912
train,pretrain,hi4QzyuSi6o,00009,0,pretrain,0GL5r3HVAZ0,00013,5.719492110121564,4.16
train,pretrain,6XNrzmh0EVs,00029,0,pretrain,dBxvZwJZgdM,00009,0.056722115897045455,2.624
train,pretrain,oVE5rRJa0D8,00003,0,trainval,IBoJcDlqmo0,50002,-8.119495203051226,3.392
train,pretrain,dJEwC4wCM70,00006,0,pretrain,a7cDt5r2pGY,00017,-7.276099938200666,7.168
train,pretrain,PYjWLqEScfE,00006,0,pretrain,emeEpzkf044,00035,-3.4168753741518305,7.296
train,pretrain,vdDFLzyk94k,00030,0,pretrain,xS8jLsYoSic,00006,-4.392872972947892,5.568
train,pretrain,py1RrSdVt5A,00041,0,trainval,sgTjCpBOeCU,50022,8.985111465778441,4.096
train,pretrain,NFIOuy3JSIQ,00004,0,trainval,Mr8nvXvlSy8,50044,-9.635043956917544,5.888
train,pretrain,u7SWcQaoaRQ,00014,0,pretrain,N7wF2AdVy2Q,00014,-6.962497358713248,9.152
train,pretrain,mJxA8eIWQUc,00030,0,pretrain,KkYuhwr3esg,00007,-1.253306215743633,5.376
train,pretrain,8m5Ebx6nuGE,00042,0,pretrain,YMyofREc5Jk,00004,-6.55585641185845,6.336
train,pretrain,1sE96vd8W40,00031,0,pretrain,n3qA8DNc2Ss,00021,7.699849561979303,8.768
train,trainval,om6SewSRwtU,50049,0,pretrain,znO7UHpxgTI,00017,7.509877773327695,6.208
train,pretrain,VSUWNySSpLI,00006,0,pretrain,nmVDcD2olOA,00012,6.305210463990608,7.872
train,pretrain,RSl1ramE35s,00014,0,pretrain,tvos4nORfSY,00023,-2.077120389317299,5.696
train,pretrain,mQOOgDqUta0,00012,0,trainval,gWD6g9CVSsc,50002,7.479184412709074,3.52
train,pretrain,6wk4dkYSrV0,00029,0,pretrain,Sb2qXygFm8U,00013,-5.274198217691186,6.976
train,pretrain,zXCiv4sc5eY,00033,0,pretrain,NiMgOklgeos,00010,-6.72872189425539,8.0
train,pretrain,gDMOcSWCTW0,00011,0,pretrain,O4Og5tFNiaU,00017,3.991336501417555,4.096
train,pretrain,7Mqse6SLOds,00023,0,pretrain,d4Dj0qdWLnk,00017,-4.556171726222296,5.248
train,pretrain,yVwAodrjZMY,00023,0,pretrain,o4Nno6POrwE,00017,-3.31127598070017,3.968
train,trainval,SF242mxtZN8,50002,0,pretrain,vC1uxXvPG0Q,00010,0.020441412478714227,6.016
train,trainval,nxRRqLpWi6Q,50016,0,pretrain,ZvSJE9n0GfA,00028,3.2471735367451178,2.368
train,pretrain,VT3XyORCFDA,00013,0,pretrain,cI9vSC1eQ18,00002,-5.3099540654993405,5.44
train,pretrain,3E46oWB4V0s,00009,0,pretrain,dLmK4gZ0oz8,00018,-4.266812574721637,8.448
train,pretrain,PVXQUItNEDQ,00019,0,trainval,HQIi3nUXh0g,50021,1.7418617861087533,5.888
train,pretrain,PyXZvuxDkC4,00015,0,pretrain,IzPcu0SETTU,00005,-2.0251178138360926,8.768
train,trainval,4GKTEDqbQIw,50028,0,pretrain,iunmpgOnpqM,00011,-0.8315459894052779,6.208
train,pretrain,KIKqRFZ3r1I,00011,0,pretrain,lD69n6Ur2P8,00009,3.59578960353517,11.968
train,trainval,WaGq9XwSVys,50001,0,pretrain,8sQ2p89P0Us,00025,2.890015085615934,6.208
train,pretrain,IMTcuU0KLSw,00020,0,pretrain,C8QCStOtqus,00026,-0.5830178530216479,4.864
train,pretrain,0ueGFLVFi80,00009,0,pretrain,23FRUuLcQ6A,00018,7.908281723967782,12.224
train,pretrain,ramueKMLXZY,00012,0,pretrain,F8pUtbSgrxc,00001,3.7327092468393914,4.096
train,pretrain,OAK1UIbSFio,00047,0,pretrain,vqPAdUeU6mQ,00014,9.959198603631595,11.712
train,pretrain,KDBcoRLkut8,00026,0,pretrain,9vKRj9yV8pI,00009,-3.6271856227171817,8.96
train,pretrain,YyuScSjkGSs,00033,0,pretrain,8rZzHkpyPkc,00032,-7.2569845943097855,7.808
train,pretrain,UyUXxrSS3qs,00016,0,pretrain,mAEqvn7B2Qg,00005,-3.898883355454233,10.816
train,pretrain,gWD6g9CVSsc,00016,0,trainval,S9PEogIrHSk,50017,-5.764523570687103,6.208
train,trainval,2NHV4AzSEzY,50004,0,pretrain,COwSbfCgXBw,00021,3.995767266564336,5.824
train,pretrain,K8Dj0oSf1SA,00013,0,pretrain,iAZwvTV3CyQ,00012,9.217812266587202,32.32
train,pretrain,HCgvSHNoJrY,00014,0,pretrain,w6vVXmwYvgs,00008,1.4475999976477976,7.36
train,pretrain,AHfiKav9fcQ,00016,0,trainval,xcR1SWhjZys,50002,-1.2180772795649712,6.208
train,pretrain,tiWwrdMqvvM,00013,0,trainval,cK74vhqzeeQ,50004,4.444565120450424,3.072
train,pretrain,tRqVPRwKn2o,00010,0,pretrain,ScGSlv9dCeY,00002,3.857257338535634,6.016
train,pretrain,bGBamfWasNQ,00003,0,pretrain,LBvHI1awWaI,00018,-8.858276104936028,4.16
train,pretrain,KQEWc3LVfyc,00062,0,pretrain,o08ykAqLOxk,00012,-6.278120784562072,7.296
train,pretrain,LyOgVtNtEb4,00012,0,pretrain,G8cjIBwP52o,00046,5.1550278289478975,7.936
train,pretrain,bmFhWr693is,00023,0,pretrain,npFSbX7DZ6k,00025,-5.713250859165486,9.728
train,pretrain,I2xDZlpInik,00014,0,pretrain,pbSSrJGgVIo,00026,8.600705251493505,7.616
train,pretrain,mjUsobGWhs8,00013,0,pretrain,1l4B16s5i78,00006,-8.745578266601106,4.8
train,pretrain,Fc1yN6uxZfQ,00041,0,pretrain,XVXmYD0UPRQ,00007,-5.694710355192694,9.152
train,pretrain,yhyzTTaMN7E,00003,0,pretrain,NwmGTM5Py8Y,00084,-9.29400149253907,2.816
train,pretrain,267BlUBordQ,00017,0,pretrain,OAK1UIbSFio,00062,-4.158268569462389,8.576
train,pretrain,2ZviHInGBJQ,00028,0,pretrain,JRWC1UlMjZQ,00007,1.188728077923109,8.448
train,pretrain,St7SxHszKws,00010,0,trainval,AGivotqSrd0,50026,1.9852615563636213,2.368
train,pretrain,UxLRv0FEndM,00005,0,pretrain,CLSSiaFuLo4,00021,-8.473952795388266,7.168
train,pretrain,o3VwYIazybI,00001,0,pretrain,oy25A7vnigg,00017,6.54218939016366,12.096
train,pretrain,VPxEde3Q1F0,00011,0,pretrain,tbvUCrS5S5I,00019,-6.043155496286678,22.272
train,pretrain,DzNNS4rcIjs,00003,0,pretrain,7JVTirBEfho,00011,5.433746706076256,11.52
train,pretrain,dsfROmgVN5U,00033,0,pretrain,xlGG1OSpbKk,00011,9.509392581310014,4.352
train,pretrain,PFVP8L3SlfQ,00008,0,pretrain,qqNLSZ6SSSc,00001,5.649837554718722,6.72
train,trainval,rB6WmWvvyxg,50001,0,pretrain,d6wGSsAdP0U,00032,8.608082778323698,5.12
train,trainval,F5yvoSu2OV0,50003,0,pretrain,aqhzFd4NUPI,00015,8.429567949140832,3.84
train,pretrain,SDjLpMj3BDU,00047,0,pretrain,c2tDEZjPJYY,00004,7.135825682374282,5.44
train,trainval,MgUTzbGakRw,50005,0,pretrain,SXJ20tt5nPQ,00008,-3.0268924771545542,6.08
train,trainval,J6tgYBMXR6s,50014,0,trainval,mgSx0q6AjdI,50003,8.373971513289721,3.2
train,pretrain,jn0Ygp7pMbA,00012,0,pretrain,4YS3gGpnPe8,00003,9.077020375571347,4.288
train,pretrain,PuroSL7O4eY,00022,0,pretrain,tSK6bn9sc50,00021,-1.2981850184427213,13.888
train,pretrain,2m9kC1yRnLQ,00007,0,pretrain,zfSmvhtkASE,00001,1.0560591538226571,6.08
train,trainval,Fc1yN6uxZfQ,50005,0,pretrain,LhszKevcH30,00027,9.34627635415255,5.312
train,pretrain,zStF2WEZMSs,00013,0,pretrain,8vSGrrQs8ow,00027,-9.622250207019057,7.68
train,pretrain,FPhZGDS6kVQ,00028,0,pretrain,2cYDyMnL4M8,00015,4.815032727424162,5.504
train,pretrain,iNPsDky1z94,00016,0,trainval,tTb3d5cjSFI,50006,-9.679029731457407,2.368
train,trainval,6xtmm0MnaS0,50004,0,pretrain,WfjzkO6SDEI,00020,9.228171623908288,3.072
train,pretrain,rThUrXYaneo,00004,0,trainval,KI3WJXNhCJ8,50032,-5.7093821021549225,2.24
train,pretrain,hz2ONnzRANs,00024,0,pretrain,JvIbrDR1GSc,00011,-4.143641384620511,7.808
train,pretrain,vMwPTI54rqQ,00007,0,pretrain,K2BES6FUAO4,00013,7.356664786675871,8.448
train,pretrain,XPkV1bDZDl4,00025,0,pretrain,wJttdkKo4nM,00007,4.687309123431886,5.824
train,pretrain,1N39Z0ODeME,00009,0,pretrain,nUdsTizSxSI,00009,-3.716683668305228,7.104
train,pretrain,4a6ZRstYlgw,00012,0,pretrain,n8Y8FK8gonc,00002,4.331813067351337,4.544
train,pretrain,iAZwvTV3CyQ,00011,0,pretrain,bk65ivyQZy8,00005,-3.453590917207501,6.336
train,pretrain,2cYDyMnL4M8,00003,0,pretrain,0LxPAY9yis8,00032,7.697293112726701,6.208
train,pretrain,BdxSZwxtg8Q,00001,0,pretrain,tMQ4OxOxgrc,00003,-5.491312474309529,4.16
train,pretrain,A7ktYbVwr90,00005,0,pretrain,jMVAgCPYYHY,00002,-9.941345934229066,3.52
train,pretrain,xpnFeyMGUs8,00001,0,trainval,XGq3MXQlRJs,50013,-9.068767338428643,3.456
train,pretrain,mKe3QKctaS8,00007,0,pretrain,hvJ4KlVlqV8,00044,3.8387853996611714,4.8
train,pretrain,WbuIl6phdco,00046,0,pretrain,I2xDZlpInik,00029,-7.101775144531497,8.256
train,trainval,jpuDyGgIeh0,50008,0,pretrain,SUkVcmKZyyQ,00031,-9.358420783865043,5.568
train,pretrain,AQ8cpjEdpmI,00036,0,pretrain,S1VpOweDio8,00003,4.025200416881884,3.456
train,pretrain,XAvE61JqkQs,00012,0,pretrain,rHbjwH2Blfg,00001,-2.0445402374702155,4.48
train,pretrain,jPyR3UDhOm4,00031,0,pretrain,ZBrbHy7l3tg,00004,-1.5117167184693177,4.8
train,pretrain,vHhn7z6BA0w,00001,0,pretrain,EZwxKPv1CwA,00017,4.222299313680795,8.384
train,pretrain,qvEU36woPB8,00008,0,pretrain,MSE5Vryrd0I,00017,-6.576051369287931,5.952
train,pretrain,saXfavo1OQo,00008,0,pretrain,J3pGKt7fESM,00003,1.8823692133334173,9.6
train,pretrain,wxCtIdI3xL0,00020,0,pretrain,BEcyzAcFFwU,00014,-8.107825733683246,10.176
train,pretrain,GIt6Z0k3PQo,00032,0,pretrain,w96osGZaS74,00017,0.9849132831098082,4.608
train,pretrain,hTAXEq6zLo8,00017,0,pretrain,IaWeJ8V3pg4,00014,8.570279928101868,6.208
train,pretrain,piCQ3StcRUQ,00004,0,pretrain,SrqmuYvk3iQ,00001,2.4496571789102397,3.84
train,pretrain,VcMyX5R4dzs,00017,0,pretrain,0wpCZxiAQzw,00017,-5.066267430341755,7.36
train,trainval,saXfavo1OQo,50001,0,trainval,7s2CoqypMLg,50004,1.8921451973439147,2.048
train,pretrain,7s0CpRfyYp8,00030,0,pretrain,dLHWVTa5xZs,00012,-0.13161266325804633,4.928
train,pretrain,GkRn9Lp16UI,00004,0,trainval,luoKOkTxOtU,50006,-4.145218281712628,2.88
train,pretrain,uXlSmKZ7aSc,00011,0,pretrain,8rzlrItooG4,00003,-2.2477406234448782,11.072
train,trainval,nO69NjadSec,50004,0,pretrain,4KhnSz9FPmU,00003,9.02107224717405,2.688
train,trainval,6EghiYSs2ts,50012,0,pretrain,OtUSnXV0i4E,00006,5.0717907638084725,3.584
train,pretrain,vGDZmSnSkfo,00008,0,pretrain,Ftow7dSpaiY,00025,-4.5880489053848805,4.864
train,pretrain,56WGgJNBRxQ,00034,0,trainval,W4I68CGUV3w,50040,3.0830353874662304,2.176
train,pretrain,LVSRvzXGH2Y,00005,0,trainval,IGadg8xHVPI,50008,3.447063107037236,3.136
train,pretrain,PcDftBVDSlc,00009,0,pretrain,H682jmofwZs,00001,-0.018373507047723336,6.4
train,trainval,tiWwrdMqvvM,50011,0,trainval,CRSLBcZgS84,50002,-7.009057266150562,2.432
train,pretrain,Y8wol2nGSpY,00007,0,pretrain,sJKFyDbWVqA,00001,9.563974600256856,5.248
train,trainval,raCIUeGUr3s,50007,0,pretrain,kTsqFn33RiQ,00028,-1.408185597388334,3.84
train,pretrain,N0vRIqeoefs,00030,0,trainval,G1RRbupCxi0,50021,-9.920537553343504,5.888
train,pretrain,MbdxeFcQtaU,00009,0,pretrain,CS01Hmjv1pQ,00010,1.2078921312444564,5.696
train,pretrain,YeJhVtJKJU8,00006,0,pretrain,5RAJvzV9jSo,00025,-8.667782739876216,3.776
train,pretrain,l1SdDWg7XBk,00007,0,pretrain,zESeeaFDVSw,00020,2.9202296999350565,4.032
train,pretrain,VbF2KPn3TrU,00010,0,pretrain,pcNxS2i7SvQ,00009,-4.7943850710007485,2.688
train,pretrain,JhcCHjqSiBo,00002,0,pretrain,7JVTirBEfho,00041,-9.903730832931503,4.224
train,pretrain,WKXmw7uZc5U,00014,0,pretrain,Qs9m8obl0AY,00019,3.101466362373035,7.616
train,pretrain,LUO3jqMlWkE,00020,0,pretrain,IKZCw4xdESQ,00001,-1.8155890506274304,10.496
train,pretrain,FQdQhV1yjfc,00001,0,pretrain,SLyoVkOl24E,00002,1.4939281943732112,5.504
train,trainval,ppRtQCAbzPk,50003,0,pretrain,3qXLZYXSJSI,00004,3.371842954477417,5.952
train,trainval,deT1mILtFEY,50005,0,pretrain,FzAyOddR5u4,00007,-1.234105749247572,3.712
train,pretrain,mkdSXHXhCcw,00110,0,pretrain,asSNPOU5U3c,00043,9.914656954622739,5.12
train,pretrain,Yx2rjq1gSWA,00011,0,pretrain,fa6ERdxyYdo,00016,-4.791818691043295,4.8
train,pretrain,KVhWqwnZ1eM,00008,0,pretrain,aR6jLD1USW0,00052,-3.8318169393928914,5.376
train,pretrain,NAkkckxE9i8,00024,0,trainval,UrqRudIUPWs,50002,4.784585518972692,4.48
train,pretrain,sYUjyH8Y0No,00022,0,pretrain,AIfBSkVI6NQ,00024,-6.989483796127796,3.776
train,pretrain,97MWOERYSdE,00048,0,trainval,XZiNVGA78kA,50002,-7.971943005616096,4.16
train,pretrain,xYemnKEKx0c,00056,0,pretrain,yjtCDgjxRAw,00002,7.655293135520637,6.08
train,pretrain,ynSrWmoq7Is,00041,0,pretrain,9yEl0SbCA9M,00010,4.537793645916965,15.68
train,trainval,xqPJKtFI42U,50005,0,pretrain,DkyMCCnNI3Q,00004,6.141722097558173,4.096
train,trainval,WpldYJ3sSIo,50009,0,pretrain,wYCSHKl4RPU,00015,2.865595743779144,3.84
train,trainval,HMYVHShBGWg,50006,0,trainval,nPdUMWGWE28,50008,-9.34166638069266,2.368
train,pretrain,uWfLwKHSEko,00045,0,trainval,3qyVvDGDGQs,50004,8.9989780783548,5.952
train,pretrain,HlnhCdujYco,00030,0,pretrain,I9cmQFj13rc,00003,2.4445743246376743,28.352
train,pretrain,C3DyhrDsNUA,00024,0,trainval,o2BJsFkzSYU,50006,1.924147551284726,5.76
train,pretrain,wN3ovSzal3g,00011,0,pretrain,mK2TDdEP58g,00005,7.041431681544946,4.736
train,pretrain,4a6ZRstYlgw,00037,0,pretrain,kiDfwUQySEs,00028,0.814148706026181,5.888
train,pretrain,kTsqFn33RiQ,00021,0,pretrain,ayVm441iZfo,00021,-9.609777793428577,14.72
train,pretrain,S6pLPVfKFoQ,00012,0,trainval,sLiM2SizFl4,50009,-8.560160444660848,4.352
train,pretrain,6d6oq0zGGmw,00018,0,pretrain,G8w4UQL6aI0,00017,-8.440140973096588,11.136
train,pretrain,9IgOVOPLTYI,00002,0,pretrain,bcSXtB5bQgs,00014,-3.9699892721236125,5.056
train,pretrain,7npLVcymHGc,00033,0,pretrain,g2J6YOiLNr4,00049,-0.4310071192030325,4.992
train,trainval,a7B39MLVeIc,50006,0,trainval,GS1xL1qcBa4,50009,-8.577395267116783,2.112
train,pretrain,mkdSXHXhCcw,00111,0,pretrain,E5BOBs3Nmbw,00036,8.824170072539367,5.888
train,pretrain,Qm172DbaSbc,00005,0,pretrain,5pW2b1vwwf4,00028,2.102779835423995,5.76
train,pretrain,3B24RaqA33k,00009,0,pretrain,tHSTfiMtSDE,00009,-7.2040370353002565,8.576
train,pretrain,cnDEVgxD6QQ,00002,0,pretrain,ESfBSsSTC5k,00001,7.401261193051486,6.464
train,trainval,C0byYFXjRJM,50002,0,trainval,ZBrbHy7l3tg,50006,-0.3301614448536334,2.432
train,trainval,yJJtRWFLSgw,50010,0,pretrain,XiEQmcZi8cM,00047,-9.14544243606304,4.288
train,pretrain,b9jb9UjCpik,00020,0,pretrain,7s0CpRfyYp8,00053,-2.636284115788701,4.16
train,trainval,wgPLGS1BvQo,50016,0,pretrain,jobYTQTgeUE,00006,-3.697350837747928,2.496
train,pretrain,tPgQsv2KPwc,00004,0,trainval,mKkF6mAlX4k,50001,-3.593886812685348,4.416
train,pretrain,5HeZaYtfDf8,00007,0,pretrain,gZpcTVqpaPw,00037,9.457862782274884,7.104
